0 0.835413 0.279052 0.021762 0.037738 0.002473
0 0.836765 0.277522 0.020741 0.034739 0.001501
0 0.598068 0.302131 0.009829 0.031351 0.004070
0 0.597888 0.309646 0.010212 0.047985 0.010987
1 0.236499 0.321126 0.033091 0.054613 0.001501
1 0.236217 0.320163 0.033943 0.053918 0.001501
1 0.447057 0.312492 0.044132 0.057591 0.880797
1 0.447100 0.312477 0.044215 0.054970 0.880797
1 0.447101 0.312493 0.044223 0.057566 0.880797
1 0.447363 0.311841 0.044684 0.056333 0.622459
1 0.539750 0.308447 0.014781 0.017765 0.002473
1 0.617202 0.296326 0.019471 0.019153 0.006693
1 0.627628 0.295888 0.040593 0.024068 0.002473
1 0.234726 0.321163 0.039397 0.056144 0.002473
1 0.234506 0.319460 0.034663 0.056043 0.002473
1 0.235093 0.319930 0.033631 0.052523 0.001501
1 0.446362 0.312467 0.045806 0.055003 0.880797
1 0.447102 0.312482 0.044212 0.054964 0.924142
1 0.447128 0.313157 0.044269 0.056255 0.880797
1 0.447349 0.314028 0.044702 0.054582 0.377541
1 0.570072 0.314332 0.016158 0.020413 0.001501
1 0.821186 0.304318 0.048848 0.054720 0.001501
1 0.234931 0.319320 0.036607 0.056588 0.001501
3 0.322043 0.329543 0.076770 0.070223 0.002473
3 0.325354 0.332167 0.068177 0.065279 0.004070
3 0.326578 0.331260 0.068177 0.067039 0.002473
4 0.236499 0.321126 0.033091 0.054613 0.004070
4 0.234726 0.321163 0.039397 0.056144 0.004070
4 0.234506 0.319460 0.034663 0.056043 0.006693
4 0.235093 0.319930 0.033631 0.052523 0.002473
4 0.233338 0.320184 0.036216 0.058398 0.002473
4 0.234931 0.319320 0.036607 0.056588 0.004070
4 0.234873 0.320774 0.036887 0.053652 0.006693
5 0.236499 0.321126 0.033091 0.054613 0.002473
5 0.236217 0.320163 0.033943 0.053918 0.006693
5 0.234726 0.321163 0.039397 0.056144 0.002473
5 0.234506 0.319460 0.034663 0.056043 0.010987
5 0.235093 0.319930 0.033631 0.052523 0.004070
5 0.233338 0.320184 0.036216 0.058398 0.001501
5 0.234931 0.319320 0.036607 0.056588 0.006693
5 0.234873 0.320774 0.036887 0.053652 0.004070
