1 0.106270 0.351836 0.090628 0.065459 0.924142
1 0.107025 0.351838 0.089058 0.065457 0.924142
1 0.106264 0.351952 0.090600 0.065694 0.880797
1 0.312139 0.326917 0.038698 0.028917 0.500000
1 0.312204 0.325622 0.038099 0.031388 0.924142
1 0.311855 0.327341 0.038800 0.029717 0.880797
1 0.312424 0.326954 0.039558 0.029041 0.268941
1 0.366205 0.321649 0.021155 0.018540 0.029312
1 0.367741 0.321637 0.020479 0.018333 0.622459
1 0.391639 0.320330 0.022799 0.021155 0.029312
1 0.392810 0.318090 0.020327 0.020911 0.731059
1 0.411762 0.316545 0.014021 0.017766 0.377541
1 0.419302 0.316065 0.014571 0.016908 0.119203
1 0.438537 0.313363 0.017295 0.019953 0.001501
1 0.452197 0.315475 0.012683 0.015793 0.004070
1 0.485097 0.315411 0.010687 0.015520 0.006693
1 0.108261 0.351540 0.091564 0.064869 0.377541
1 0.106257 0.351800 0.090587 0.065361 0.880797
1 0.106251 0.351520 0.090588 0.064804 0.880797
1 0.107017 0.351522 0.089052 0.064800 0.880797
1 0.107802 0.351673 0.087476 0.065145 0.010987
1 0.312008 0.328885 0.038433 0.033211 0.006693
1 0.107029 0.351830 0.089069 0.065399 0.880797
1 0.107026 0.352043 0.089057 0.065826 0.924142
1 0.107015 0.351863 0.089058 0.065448 0.880797
2 0.436962 0.311290 0.015998 0.020417 0.182426
2 0.438143 0.311259 0.018178 0.020368 0.075858
2 0.451733 0.311247 0.013727 0.021725 0.002473
2 0.496766 0.309360 0.015663 0.019796 0.002473
2 0.510169 0.310042 0.014964 0.021023 0.017986
2 0.514487 0.309342 0.013199 0.022425 0.004070
2 0.435829 0.313373 0.015978 0.019919 0.029312
2 0.438537 0.313363 0.017295 0.019953 0.010987
2 0.452197 0.315475 0.012683 0.015793 0.002473
3 0.436962 0.311290 0.015998 0.020417 0.001501
3 0.392810 0.318090 0.020327 0.020911 0.002473
3 0.411762 0.316545 0.014021 0.017766 0.001501
