0 0.939101 0.272912 0.022817 0.099127 0.001501
1 0.124198 0.353104 0.073539 0.065387 0.622459
1 0.124232 0.353510 0.073489 0.066226 0.622459
1 0.299423 0.331766 0.043080 0.028929 0.817575
1 0.299999 0.330630 0.044187 0.031191 0.817575
1 0.298762 0.330645 0.044462 0.031218 0.880797
1 0.300017 0.330622 0.044199 0.031219 0.817575
1 0.325971 0.327565 0.015336 0.017025 0.004070
1 0.373757 0.325336 0.019520 0.016090 0.731059
1 0.373801 0.324201 0.019491 0.018357 0.622459
1 0.399930 0.320355 0.014280 0.020908 0.182426
1 0.403343 0.319218 0.019306 0.018634 0.075858
1 0.413801 0.319225 0.012896 0.018608 0.377541
1 0.431223 0.319611 0.015676 0.014249 0.182426
1 0.444557 0.318075 0.011553 0.011702 0.004070
1 0.459775 0.317850 0.011796 0.011460 0.004070
1 0.480485 0.316923 0.010998 0.013980 0.268941
1 0.511322 0.316701 0.012052 0.013675 0.047426
1 0.512673 0.315357 0.013347 0.015898 0.004070
1 0.662394 0.317085 0.030185 0.019399 0.001501
1 0.662087 0.317131 0.026779 0.022866 0.001501
1 0.739718 0.324069 0.042495 0.013908 0.001501
1 0.124882 0.352501 0.074958 0.066322 0.119203
1 0.124226 0.353664 0.073474 0.063982 0.880797
1 0.124972 0.353220 0.071991 0.065163 0.880797
1 0.124221 0.353289 0.073495 0.065501 0.880797
1 0.124209 0.352420 0.073499 0.066058 0.880797
1 0.299962 0.331291 0.044166 0.032533 0.817575
1 0.299988 0.331769 0.044200 0.028937 0.817575
1 0.298769 0.330638 0.044476 0.031202 0.817575
1 0.299474 0.330635 0.043120 0.031224 0.817575
1 0.124924 0.353347 0.075062 0.064714 0.006693
1 0.124990 0.353836 0.071969 0.064740 0.924142
1 0.123451 0.353382 0.075030 0.065641 0.880797
1 0.125020 0.353621 0.071912 0.064413 0.880797
1 0.124232 0.353243 0.073459 0.065216 0.924142
2 0.448869 0.310216 0.020025 0.024581 0.001501
2 0.455916 0.308906 0.022002 0.025450 0.001501
2 0.498953 0.310491 0.015136 0.020275 0.001501
2 0.510986 0.311244 0.014112 0.023395 0.182426
2 0.512496 0.310410 0.014427 0.024775 0.047426
2 0.399930 0.320355 0.014280 0.020908 0.001501
2 0.403343 0.319218 0.019306 0.018634 0.002473
2 0.444557 0.318075 0.011553 0.011702 0.001501
2 0.511322 0.316701 0.012052 0.013675 0.047426
2 0.512673 0.315357 0.013347 0.015898 0.006693
2 0.662394 0.317085 0.030185 0.019399 0.002473
2 0.662087 0.317131 0.026779 0.022866 0.002473
3 0.399930 0.320355 0.014280 0.020908 0.002473
3 0.403343 0.319218 0.019306 0.018634 0.001501
3 0.413801 0.319225 0.012896 0.018608 0.004070
3 0.480485 0.316923 0.010998 0.013980 0.029312
3 0.511322 0.316701 0.012052 0.013675 0.006693
