0 0.617967 0.336697 0.014105 0.048476 0.017986
0 0.617965 0.337956 0.014092 0.045810 0.029312
1 0.317298 0.332426 0.034625 0.030263 0.880797
1 0.317295 0.331758 0.034602 0.028958 0.817575
1 0.317289 0.332417 0.034657 0.030285 0.731059
1 0.347785 0.326626 0.017737 0.018651 0.182426
1 0.348831 0.324192 0.016795 0.018365 0.047426
1 0.372297 0.325295 0.017109 0.016142 0.004070
1 0.382112 0.321751 0.021995 0.013590 0.006693
1 0.391389 0.321633 0.011583 0.018313 0.017986
1 0.411278 0.322015 0.030613 0.032313 0.817575
1 0.411940 0.322006 0.031962 0.032333 0.880797
1 0.431294 0.321637 0.012792 0.018334 0.047426
1 0.448205 0.319211 0.015656 0.023168 0.268941
1 0.449383 0.317149 0.015634 0.022757 0.047426
1 0.171516 0.354160 0.060115 0.041703 0.817575
1 0.170250 0.354161 0.059534 0.041695 0.880797
1 0.170774 0.355439 0.058493 0.044256 0.817575
1 0.170793 0.355438 0.058424 0.039166 0.817575
1 0.170799 0.355440 0.058415 0.044247 0.880797
1 0.318066 0.332421 0.033088 0.030279 0.817575
1 0.318057 0.332431 0.033068 0.030264 0.817575
1 0.318055 0.331769 0.033118 0.028953 0.817575
1 0.170214 0.355428 0.059678 0.039193 0.731059
1 0.170791 0.356711 0.058433 0.041706 0.880797
1 0.170280 0.357848 0.059464 0.043950 0.817575
1 0.171560 0.356716 0.059957 0.041708 0.817575
1 0.171564 0.355431 0.059949 0.044284 0.817575
1 0.004765 0.377223 0.010090 0.027857 0.001501
2 0.448510 0.314774 0.016293 0.027548 0.017986
2 0.451495 0.313326 0.014099 0.030426 0.002473
2 0.472228 0.308801 0.027509 0.043980 0.731059
2 0.472213 0.308797 0.027531 0.043994 0.817575
2 0.347785 0.326626 0.017737 0.018651 0.001501
2 0.431294 0.321637 0.012792 0.018334 0.001501
2 0.448205 0.319211 0.015656 0.023168 0.268941
2 0.449383 0.317149 0.015634 0.022757 0.047426
2 0.471825 0.309124 0.028291 0.048438 0.817575
2 0.472198 0.310059 0.027572 0.046577 0.731059
2 0.494485 0.315709 0.008293 0.016565 0.002473
3 0.347785 0.326626 0.017737 0.018651 0.006693
3 0.348831 0.324192 0.016795 0.018365 0.001501
3 0.448205 0.319211 0.015656 0.023168 0.075858
3 0.449383 0.317149 0.015634 0.022757 0.001501
4 0.617967 0.336697 0.014105 0.048476 0.010987
4 0.617965 0.337956 0.014092 0.045810 0.006693
4 0.636787 0.336219 0.021213 0.036316 0.001501
5 0.617023 0.328745 0.013214 0.062004 0.002473
5 0.614929 0.336681 0.020513 0.049344 0.017986
5 0.617967 0.336697 0.014105 0.048476 0.622459
5 0.623970 0.335888 0.026768 0.047320 0.002473
5 0.614905 0.337180 0.020377 0.050243 0.017986
5 0.617965 0.337956 0.014092 0.045810 0.377541
5 0.625458 0.337178 0.026092 0.044614 0.004070
