0 0.519293 0.315186 0.005704 0.031310 0.017986
0 0.798159 0.333434 0.016326 0.077586 0.001501
0 0.519291 0.318021 0.005650 0.025575 0.075858
0 0.529894 0.317875 0.007328 0.026277 0.001501
0 0.798493 0.345674 0.016260 0.053513 0.119203
0 0.802098 0.344571 0.012875 0.050936 0.182426
0 0.632061 0.331351 0.017491 0.032885 0.004070
0 0.798665 0.347585 0.016583 0.049793 0.119203
0 0.802368 0.345824 0.012345 0.053259 0.268941
0 0.799367 0.347785 0.017986 0.049426 0.047426
0 0.799774 0.346309 0.015952 0.052399 0.182426
1 0.407025 0.317660 0.011343 0.015683 0.001501
1 0.417982 0.318499 0.011002 0.012019 0.268941
1 0.429723 0.318266 0.013206 0.017010 0.010987
1 0.449221 0.324047 0.026580 0.028289 0.817575
1 0.449220 0.324050 0.026575 0.028279 0.817575
1 0.500013 0.316785 0.022322 0.013724 0.010987
1 0.503365 0.317221 0.022097 0.014632 0.010987
1 0.563291 0.321628 0.023543 0.018392 0.182426
1 0.563331 0.321618 0.023579 0.018372 0.182426
1 0.628953 0.325556 0.025041 0.021201 0.017986
1 0.630593 0.326643 0.022559 0.023264 0.047426
1 0.632042 0.325424 0.026813 0.026093 0.004070
1 0.843594 0.344840 0.034674 0.028437 0.010987
1 0.845357 0.345777 0.028494 0.030081 0.010987
1 0.846423 0.345773 0.029241 0.030143 0.017986
1 0.165608 0.380466 0.278009 0.280452 0.924142
1 0.165567 0.380498 0.277921 0.280468 0.939913
1 0.167676 0.380487 0.276254 0.280514 0.939913
1 0.165639 0.380334 0.275135 0.280235 0.924142
1 0.165569 0.380384 0.277993 0.280168 0.924142
1 0.166291 0.381428 0.276422 0.277899 0.924142
1 0.168311 0.381694 0.274964 0.278507 0.924142
1 0.165566 0.380402 0.277984 0.280232 0.939913
1 0.166306 0.380442 0.276426 0.280266 0.924142
1 0.167027 0.381481 0.275001 0.278094 0.939913
2 0.405119 0.308889 0.015410 0.021501 0.001501
2 0.429723 0.318266 0.013206 0.017010 0.001501
3 0.417982 0.318499 0.011002 0.012019 0.004070
3 0.563331 0.321618 0.023579 0.018372 0.001501
3 0.630593 0.326643 0.022559 0.023264 0.001501
4 0.798493 0.345674 0.016260 0.053513 0.001501
4 0.992102 0.347657 0.012781 0.067240 0.004070
4 0.771666 0.353805 0.012603 0.032675 0.006693
4 0.779426 0.350410 0.025117 0.039364 0.001501
4 0.798665 0.347585 0.016583 0.049793 0.047426
4 0.811016 0.345414 0.029692 0.034657 0.001501
4 0.888182 0.354947 0.027147 0.030361 0.002473
4 0.886820 0.354120 0.026628 0.032120 0.001501
4 0.988875 0.355277 0.022216 0.054555 0.004070
4 0.992876 0.354627 0.014268 0.051326 0.075858
4 0.771088 0.353967 0.014168 0.032475 0.004070
4 0.777454 0.350796 0.023372 0.039092 0.006693
4 0.799367 0.347785 0.017986 0.049426 0.119203
4 0.799774 0.346309 0.015952 0.052399 0.010987
4 0.808892 0.351528 0.036753 0.049324 0.004070
4 0.887580 0.355324 0.025430 0.030059 0.017986
4 0.888382 0.357099 0.026424 0.030842 0.006693
4 0.989494 0.358930 0.021206 0.043426 0.017986
4 0.992880 0.362359 0.014276 0.039828 0.182426
4 0.988103 0.363092 0.024856 0.051395 0.001501
4 0.994366 0.365950 0.014613 0.045056 0.017986
5 0.630593 0.326643 0.022559 0.023264 0.001501
5 0.798493 0.345674 0.016260 0.053513 0.001501
5 0.798665 0.347585 0.016583 0.049793 0.010987
5 0.799367 0.347785 0.017986 0.049426 0.002473
5 0.023433 0.375833 0.012397 0.056820 0.002473
