1 0.197916 0.337884 0.110241 0.079296 0.377541
1 0.198900 0.335695 0.108222 0.078595 0.731059
1 0.376950 0.322286 0.045981 0.045434 0.119203
1 0.377049 0.321389 0.045937 0.046248 0.817575
1 0.375707 0.322051 0.045525 0.044937 0.817575
1 0.377038 0.321984 0.045953 0.044788 0.731059
1 0.197705 0.336691 0.110579 0.076688 0.817575
1 0.198752 0.336693 0.108363 0.076657 0.817575
1 0.200333 0.336691 0.107444 0.076760 0.817575
1 0.376975 0.322384 0.046024 0.045518 0.817575
1 0.377006 0.322126 0.046007 0.044992 0.817575
1 0.375696 0.322136 0.045552 0.044999 0.880797
1 0.377003 0.321899 0.046009 0.044573 0.880797
1 0.437911 0.325636 0.016341 0.026379 0.006693
1 0.439275 0.324105 0.016089 0.028441 0.006693
1 0.445636 0.324192 0.031654 0.029147 0.001501
1 0.466762 0.321772 0.008569 0.013532 0.010987
1 0.490353 0.322923 0.019413 0.030594 0.377541
1 0.491204 0.322019 0.020667 0.032323 0.880797
1 0.196989 0.337423 0.111923 0.075289 0.119203
1 0.197489 0.337348 0.111031 0.075364 0.731059
1 0.198353 0.334514 0.109228 0.075964 0.880797
1 0.199390 0.336697 0.107095 0.076741 0.817575
1 0.376251 0.322663 0.044448 0.044163 0.500000
1 0.376457 0.322534 0.047091 0.045606 0.500000
1 0.376491 0.322241 0.047029 0.045033 0.500000
1 0.197614 0.335426 0.112940 0.074208 0.731059
1 0.198914 0.336732 0.110276 0.076810 0.817575
4 0.437911 0.325636 0.016341 0.026379 0.001501
4 0.439275 0.324105 0.016089 0.028441 0.001501
