0 0.995183 0.295955 0.009693 0.118800 0.001501
1 0.993715 0.290079 0.012605 0.114857 0.004070
1 0.994507 0.291791 0.011014 0.114522 0.017986
1 0.009780 0.308362 0.019606 0.099434 0.001501
1 0.995183 0.295955 0.009693 0.118800 0.006693
1 0.009933 0.327164 0.019895 0.079748 0.029312
1 0.013850 0.322562 0.027735 0.071683 0.006693
1 0.188246 0.311745 0.057188 0.035506 0.002473
1 0.191372 0.315872 0.049821 0.035267 0.006693
1 0.196761 0.317821 0.042597 0.036536 0.006693
1 0.203198 0.328713 0.048916 0.061395 0.004070
1 0.278904 0.339098 0.098038 0.085272 0.880797
1 0.802091 0.321550 0.039896 0.044245 0.001501
1 0.807015 0.320840 0.049317 0.045231 0.006693
1 0.815553 0.322392 0.064516 0.048548 0.002473
1 0.995193 0.296626 0.009713 0.123153 0.004070
1 0.012165 0.338184 0.024418 0.094297 0.047426
1 0.016211 0.340259 0.029412 0.097022 0.075858
1 0.045348 0.344406 0.025868 0.051027 0.006693
1 0.047251 0.348631 0.028361 0.060234 0.002473
1 0.134609 0.362950 0.172773 0.163436 0.924142
1 0.197276 0.316659 0.044992 0.043862 0.001501
1 0.199455 0.320059 0.042395 0.035044 0.010987
1 0.200573 0.323101 0.043190 0.042471 0.010987
1 0.205264 0.332208 0.047336 0.057712 0.006693
1 0.278852 0.339988 0.098097 0.083416 0.924142
1 0.278872 0.339991 0.098062 0.083411 0.924142
1 0.278474 0.339166 0.098917 0.085345 0.880797
1 0.352767 0.333331 0.052553 0.046797 0.880797
1 0.352227 0.334456 0.051472 0.049070 0.880797
1 0.352239 0.333330 0.051453 0.046824 0.817575
1 0.351448 0.333326 0.052912 0.046826 0.880797
1 0.386389 0.328753 0.035324 0.037628 0.817575
1 0.386365 0.328751 0.035276 0.037647 0.880797
1 0.422849 0.325468 0.020766 0.020880 0.377541
1 0.427544 0.325462 0.020069 0.020906 0.119203
1 0.438598 0.322899 0.012205 0.020910 0.047426
1 0.452794 0.320488 0.011478 0.016089 0.029312
1 0.515855 0.320361 0.012529 0.020865 0.377541
1 0.533507 0.321634 0.014254 0.018348 0.047426
1 0.537611 0.321637 0.013477 0.018321 0.119203
1 0.775692 0.329937 0.040112 0.035111 0.010987
1 0.776485 0.330017 0.038697 0.035094 0.817575
1 0.776278 0.330011 0.037538 0.035119 0.817575
1 0.776335 0.329984 0.039433 0.035158 0.731059
1 0.811911 0.322841 0.062012 0.048718 0.002473
1 0.871720 0.329521 0.043806 0.044069 0.002473
1 0.874372 0.329515 0.049628 0.044074 0.001501
1 0.898243 0.326290 0.050558 0.043965 0.001501
1 0.903822 0.326266 0.040294 0.043989 0.001501
1 0.018431 0.346285 0.037044 0.117046 0.075858
1 0.020388 0.348778 0.040866 0.115766 0.119203
1 0.026336 0.352320 0.048915 0.098818 0.004070
1 0.045053 0.348869 0.026252 0.054193 0.006693
1 0.046263 0.351485 0.027606 0.063724 0.004070
1 0.052654 0.354694 0.043967 0.090084 0.001501
1 0.135880 0.362595 0.174861 0.163474 0.880797
1 0.135211 0.363246 0.173594 0.164815 0.952574
1 0.135180 0.363868 0.173725 0.164316 0.880797
1 0.207393 0.333901 0.048772 0.053032 0.002473
1 0.207359 0.332867 0.051040 0.059419 0.002473
1 0.278860 0.340637 0.098108 0.084695 0.924142
1 0.278857 0.339978 0.098095 0.083377 0.924142
1 0.279404 0.340637 0.099192 0.084701 0.924142
1 0.352739 0.334456 0.052552 0.049069 0.880797
1 0.352235 0.333329 0.051455 0.046798 0.880797
1 0.352767 0.333337 0.052501 0.046807 0.817575
1 0.352006 0.333319 0.053960 0.046870 0.817575
1 0.386525 0.328717 0.036738 0.037690 0.817575
1 0.386373 0.328516 0.035301 0.041704 0.817575
1 0.775794 0.329961 0.039837 0.035227 0.010987
1 0.776479 0.331278 0.038675 0.032563 0.817575
1 0.776402 0.329357 0.038859 0.033765 0.817575
1 0.776507 0.329349 0.039050 0.033776 0.622459
1 0.798798 0.324194 0.045186 0.044216 0.002473
1 0.811577 0.324056 0.065356 0.047121 0.004070
1 0.872254 0.331923 0.045469 0.045201 0.002473
1 0.871526 0.330766 0.043720 0.042147 0.006693
1 0.871019 0.330736 0.046332 0.042318 0.002473
1 0.887302 0.329693 0.069162 0.044762 0.002473
1 0.898029 0.329871 0.055650 0.049202 0.002473
1 0.023431 0.349901 0.047178 0.118542 0.182426
1 0.024835 0.350195 0.046713 0.115667 0.119203
1 0.025074 0.356171 0.050478 0.105146 0.047426
1 0.045929 0.356098 0.027450 0.072702 0.010987
1 0.048364 0.357583 0.032648 0.076145 0.002473
1 0.135239 0.362721 0.173541 0.162947 0.924142
1 0.135442 0.363407 0.171049 0.164320 0.924142
1 0.135908 0.362979 0.172279 0.162995 0.880797
1 0.278849 0.339740 0.098125 0.086521 0.880797
1 0.278862 0.340210 0.098106 0.087460 0.924142
1 0.279415 0.338636 0.099143 0.088826 0.880797
1 0.024031 0.350110 0.048377 0.116342 0.047426
1 0.025026 0.350777 0.050176 0.114091 0.047426
1 0.025843 0.357730 0.052071 0.100179 0.010987
1 0.044198 0.361828 0.025303 0.078731 0.002473
1 0.135987 0.362725 0.172049 0.162945 0.924142
1 0.134719 0.362726 0.172546 0.162943 0.924142
1 0.135175 0.362800 0.173745 0.163073 0.924142
1 0.024630 0.354985 0.049547 0.118231 0.006693
1 0.025186 0.358661 0.050489 0.107541 0.001501
2 0.993715 0.290079 0.012605 0.114857 0.006693
2 0.011187 0.305853 0.022457 0.116947 0.001501
2 0.994507 0.291791 0.011014 0.114522 0.029312
2 0.009780 0.308362 0.019606 0.099434 0.004070
2 0.995183 0.295955 0.009693 0.118800 0.029312
2 0.459514 0.313062 0.016111 0.027063 0.006693
2 0.462929 0.312410 0.013566 0.032153 0.001501
2 0.995193 0.296626 0.009713 0.123153 0.010987
2 0.452794 0.320488 0.011478 0.016089 0.004070
2 0.515855 0.320361 0.012529 0.020865 0.075858
2 0.533507 0.321634 0.014254 0.018348 0.017986
2 0.537611 0.321637 0.013477 0.018321 0.002473
2 0.889787 0.327004 0.062650 0.042571 0.004070
2 0.898243 0.326290 0.050558 0.043965 0.004070
2 0.903822 0.326266 0.040294 0.043989 0.001501
2 0.994516 0.297378 0.011153 0.127512 0.002473
2 0.887302 0.329693 0.069162 0.044762 0.002473
3 0.993715 0.290079 0.012605 0.114857 0.006693
3 0.994507 0.291791 0.011014 0.114522 0.017986
3 0.009780 0.308362 0.019606 0.099434 0.006693
3 0.016742 0.304490 0.033499 0.102811 0.002473
3 0.987185 0.297591 0.026387 0.120634 0.001501
3 0.995183 0.295955 0.009693 0.118800 0.029312
3 0.009933 0.327164 0.019895 0.079748 0.029312
3 0.013850 0.322562 0.027735 0.071683 0.017986
3 0.459514 0.313062 0.016111 0.027063 0.004070
3 0.807015 0.320840 0.049317 0.045231 0.004070
3 0.995193 0.296626 0.009713 0.123153 0.017986
3 0.012165 0.338184 0.024418 0.094297 0.017986
3 0.016211 0.340259 0.029412 0.097022 0.017986
3 0.422849 0.325468 0.020766 0.020880 0.001501
3 0.452794 0.320488 0.011478 0.016089 0.017986
3 0.515855 0.320361 0.012529 0.020865 0.182426
3 0.533507 0.321634 0.014254 0.018348 0.010987
3 0.537611 0.321637 0.013477 0.018321 0.017986
3 0.994516 0.297378 0.011153 0.127512 0.004070
3 0.018431 0.346285 0.037044 0.117046 0.029312
3 0.020388 0.348778 0.040866 0.115766 0.010987
3 0.023431 0.349901 0.047178 0.118542 0.029312
3 0.024835 0.350195 0.046713 0.115667 0.006693
4 0.667103 0.333460 0.041456 0.037103 0.002473
4 0.667669 0.333536 0.039872 0.042176 0.004070
4 0.670026 0.336031 0.038230 0.042023 0.004070
