0 0.702130 0.291867 0.019155 0.150331 0.001501
0 0.739486 0.280583 0.028058 0.131573 0.006693
0 0.742464 0.278150 0.021156 0.130123 0.075858
0 0.703648 0.294418 0.023984 0.150343 0.017986
0 0.721076 0.291903 0.057932 0.150030 0.001501
0 0.739426 0.284197 0.024987 0.142186 0.047426
0 0.741786 0.282688 0.022377 0.139092 0.182426
0 0.610204 0.279806 0.014709 0.050128 0.001501
0 0.611992 0.280440 0.018197 0.052041 0.001501
0 0.704903 0.299910 0.026590 0.161147 0.182426
0 0.739385 0.286270 0.025196 0.146031 0.075858
0 0.741090 0.284500 0.020992 0.139053 0.268941
0 0.610161 0.284516 0.014656 0.051520 0.001501
0 0.612133 0.286466 0.017892 0.052626 0.001501
0 0.705364 0.303538 0.030038 0.166575 0.075858
0 0.705142 0.303979 0.029390 0.167644 0.500000
0 0.707378 0.304524 0.031775 0.167539 0.006693
0 0.739580 0.287936 0.024723 0.148949 0.029312
0 0.740343 0.279976 0.019408 0.138102 0.268941
0 0.705589 0.304298 0.030445 0.167889 0.119203
0 0.706150 0.304562 0.029187 0.168624 0.622459
0 0.706332 0.304728 0.029526 0.171525 0.268941
0 0.738246 0.289793 0.023674 0.150138 0.047426
0 0.741109 0.282536 0.020883 0.138720 0.268941
0 0.706105 0.304697 0.031473 0.168337 0.268941
0 0.706211 0.304651 0.029273 0.168699 0.622459
0 0.706379 0.305106 0.027769 0.171427 0.500000
0 0.738234 0.305217 0.023700 0.183680 0.075858
0 0.740423 0.297928 0.022282 0.179092 0.268941
0 0.706154 0.305947 0.029415 0.166196 0.268941
0 0.706497 0.306694 0.027380 0.168308 0.622459
0 0.707061 0.306360 0.027979 0.165529 0.268941
0 0.737388 0.306089 0.025612 0.198341 0.119203
0 0.738311 0.305758 0.023792 0.195867 0.119203
0 0.705112 0.310605 0.029544 0.156978 0.004070
0 0.707339 0.310622 0.027260 0.157185 0.500000
0 0.708018 0.312361 0.026048 0.153624 0.377541
0 0.735710 0.308235 0.025967 0.196156 0.029312
0 0.736027 0.309343 0.025858 0.190894 0.075858
0 0.708160 0.321770 0.025532 0.134958 0.075858
0 0.708034 0.326472 0.026044 0.129160 0.004070
0 0.734393 0.329539 0.023149 0.156950 0.006693
0 0.735529 0.333637 0.025330 0.144329 0.029312
1 0.286712 0.333332 0.048500 0.051330 0.880797
1 0.286726 0.333321 0.048489 0.051332 0.880797
1 0.285960 0.333323 0.050009 0.046821 0.817575
1 0.285970 0.332202 0.050011 0.049116 0.880797
1 0.286713 0.333315 0.048497 0.051368 0.880797
1 0.285957 0.334463 0.050021 0.049069 0.880797
1 0.285964 0.334468 0.050011 0.049079 0.880797
1 0.285970 0.333323 0.050009 0.046867 0.880797
3 0.716230 0.300311 0.054291 0.157355 0.001501
3 0.707378 0.304524 0.031775 0.167539 0.004070
3 0.706332 0.304728 0.029526 0.171525 0.002473
4 0.738234 0.305217 0.023700 0.183680 0.001501
5 0.706154 0.305947 0.029415 0.166196 0.002473
5 0.707339 0.310622 0.027260 0.157185 0.002473
5 0.708018 0.312361 0.026048 0.153624 0.004070
5 0.735710 0.308235 0.025967 0.196156 0.002473
5 0.708160 0.321770 0.025532 0.134958 0.006693
5 0.708034 0.326472 0.026044 0.129160 0.004070
5 0.734393 0.329539 0.023149 0.156950 0.017986
5 0.733637 0.355322 0.021193 0.109600 0.006693
