1 0.336525 0.312798 0.036646 0.029179 0.001501
1 0.364350 0.313889 0.043169 0.028900 0.002473
1 0.371103 0.313474 0.032769 0.025987 0.006693
1 0.370706 0.313483 0.034079 0.026022 0.002473
1 0.466791 0.313552 0.016599 0.023729 0.004070
1 0.487484 0.308465 0.022023 0.033778 0.010987
1 0.528486 0.312495 0.026234 0.046798 0.002473
1 0.609236 0.307452 0.028554 0.015773 0.001501
1 0.325421 0.320814 0.050070 0.036172 0.002473
1 0.335010 0.318698 0.033619 0.029552 0.006693
1 0.353824 0.319349 0.043508 0.028306 0.004070
1 0.362247 0.318215 0.045417 0.030442 0.010987
1 0.366255 0.315786 0.039215 0.025554 0.010987
1 0.369797 0.315775 0.035679 0.025541 0.006693
1 0.392839 0.317054 0.038501 0.023264 0.001501
1 0.465306 0.315444 0.019377 0.020050 0.001501
1 0.467292 0.314936 0.015428 0.020942 0.622459
1 0.487367 0.309281 0.021749 0.034935 0.029312
1 0.486873 0.309872 0.023254 0.031113 0.047426
1 0.528459 0.312468 0.026181 0.046854 0.004070
1 0.529011 0.312486 0.025094 0.046812 0.001501
2 0.486763 0.307206 0.020580 0.036337 0.268941
2 0.487484 0.308465 0.022023 0.033778 0.119203
2 0.505435 0.308675 0.011172 0.020855 0.002473
2 0.362247 0.318215 0.045417 0.030442 0.001501
2 0.369797 0.315775 0.035679 0.025541 0.001501
2 0.430053 0.315603 0.026219 0.019663 0.001501
2 0.467292 0.314936 0.015428 0.020942 0.002473
2 0.487367 0.309281 0.021749 0.034935 0.047426
2 0.486873 0.309872 0.023254 0.031113 0.047426
2 0.528459 0.312468 0.026181 0.046854 0.004070
2 0.529011 0.312486 0.025094 0.046812 0.001501
3 0.364350 0.313889 0.043169 0.028900 0.001501
3 0.371103 0.313474 0.032769 0.025987 0.001501
3 0.466791 0.313552 0.016599 0.023729 0.004070
3 0.486763 0.307206 0.020580 0.036337 0.182426
3 0.487484 0.308465 0.022023 0.033778 0.268941
3 0.528486 0.312495 0.026234 0.046798 0.817575
3 0.529409 0.311216 0.025876 0.044256 0.880797
3 0.533757 0.311122 0.023026 0.038991 0.001501
3 0.362247 0.318215 0.045417 0.030442 0.001501
3 0.366255 0.315786 0.039215 0.025554 0.001501
3 0.467292 0.314936 0.015428 0.020942 0.075858
3 0.487367 0.309281 0.021749 0.034935 0.119203
3 0.486873 0.309872 0.023254 0.031113 0.182426
3 0.528459 0.312468 0.026181 0.046854 0.817575
3 0.529011 0.312486 0.025094 0.046812 0.817575
