0 0.965266 0.036552 0.070293 0.073607 0.002473
0 0.969064 0.039203 0.062094 0.078678 0.004070
0 0.980693 0.038482 0.038807 0.077231 0.004070
0 0.964643 0.034447 0.070972 0.069273 0.001501
0 0.966622 0.037776 0.067158 0.075756 0.004070
0 0.968682 0.037722 0.062835 0.075548 0.006693
0 0.975834 0.037731 0.048437 0.075726 0.004070
0 0.965192 0.039764 0.070014 0.079721 0.001501
0 0.967506 0.038691 0.065096 0.077503 0.002473
0 0.974593 0.040231 0.050865 0.081026 0.002473
1 0.338960 0.320913 0.047136 0.042886 0.002473
1 0.341443 0.320495 0.042185 0.040212 0.001501
1 0.342865 0.320448 0.039843 0.040110 0.001501
1 0.448626 0.311977 0.014368 0.023019 0.001501
1 0.331186 0.325297 0.040754 0.039367 0.006693
1 0.339769 0.324489 0.045521 0.037748 0.047426
1 0.342976 0.323867 0.039084 0.036321 0.029312
1 0.342590 0.323739 0.039899 0.036138 0.119203
1 0.450193 0.319639 0.014793 0.028004 0.047426
1 0.451946 0.320528 0.015396 0.026026 0.017986
1 0.469482 0.319232 0.011102 0.018611 0.017986
1 0.487495 0.322923 0.021952 0.030559 0.817575
1 0.487510 0.324934 0.021936 0.030100 0.817575
1 0.329261 0.327298 0.039919 0.044882 0.004070
1 0.337864 0.326674 0.046139 0.042390 0.010987
1 0.338574 0.325940 0.047961 0.040900 0.017986
1 0.340860 0.325985 0.043512 0.040713 0.010987
4 0.965266 0.036552 0.070293 0.073607 0.001501
4 0.969064 0.039203 0.062094 0.078678 0.001501
4 0.968682 0.037722 0.062835 0.075548 0.002473
4 0.967506 0.038691 0.065096 0.077503 0.001501
