0 0.305714 0.325342 0.005678 0.025870 0.001501
0 0.768792 0.340913 0.025260 0.062744 0.004070
0 0.928264 0.342572 0.043528 0.278782 0.268941
0 0.927538 0.344119 0.041724 0.275577 0.182426
0 0.926906 0.345774 0.040404 0.277410 0.377541
0 0.926338 0.348197 0.041468 0.272127 0.268941
0 0.926416 0.346844 0.041469 0.275803 0.182426
0 0.995202 0.402280 0.009728 0.179720 0.001501
0 0.926614 0.350515 0.040821 0.267324 0.268941
0 0.925765 0.350516 0.040375 0.270909 0.182426
0 0.926710 0.350015 0.040903 0.268933 0.182426
0 0.994483 0.404224 0.011083 0.211086 0.001501
0 0.926014 0.351163 0.039655 0.266712 0.182426
0 0.926204 0.349440 0.041275 0.270138 0.182426
1 0.430813 0.316908 0.044413 0.032882 0.047426
1 0.431527 0.318186 0.045033 0.035426 0.075858
1 0.431009 0.318187 0.046108 0.035432 0.119203
1 0.705581 0.311429 0.019929 0.085541 0.004070
1 0.104737 0.325342 0.027021 0.025829 0.006693
1 0.106566 0.324187 0.021864 0.023452 0.075858
1 0.107873 0.326590 0.023692 0.023266 0.010987
1 0.158791 0.329347 0.032444 0.033799 0.006693
1 0.207054 0.334921 0.035927 0.025301 0.001501
1 0.207108 0.334028 0.036051 0.024419 0.006693
1 0.385545 0.325305 0.011722 0.016122 0.002473
1 0.389371 0.324044 0.011753 0.013481 0.377541
1 0.401624 0.319488 0.013963 0.027712 0.017986
1 0.432421 0.318771 0.043378 0.034265 0.500000
1 0.431117 0.318657 0.043696 0.034487 0.377541
1 0.431098 0.318632 0.045855 0.034538 0.377541
1 0.699945 0.323074 0.031280 0.075894 0.001501
1 0.706249 0.333579 0.018592 0.046403 0.075858
1 0.729561 0.329636 0.031130 0.039447 0.731059
1 0.730267 0.330770 0.029818 0.041737 0.622459
1 0.729999 0.330768 0.032121 0.041723 0.500000
1 0.769117 0.330774 0.030329 0.041691 0.500000
1 0.770488 0.332049 0.031349 0.039159 0.622459
1 0.771869 0.332058 0.035504 0.039176 0.500000
1 0.775326 0.333277 0.044086 0.041992 0.010987
1 0.157864 0.332174 0.031271 0.034417 0.002473
1 0.158290 0.331282 0.030358 0.032556 0.006693
1 0.158144 0.330663 0.030689 0.031161 0.017986
1 0.207690 0.335995 0.034642 0.023122 0.880797
1 0.207698 0.335322 0.034592 0.021836 0.880797
1 0.207692 0.335335 0.034639 0.021809 0.880797
1 0.690534 0.337586 0.047696 0.049507 0.004070
1 0.697298 0.337046 0.036412 0.044593 0.006693
1 0.705597 0.336756 0.017342 0.044641 0.119203
1 0.729549 0.330764 0.031153 0.041786 0.622459
1 0.729556 0.332040 0.031143 0.044287 0.622459
1 0.729624 0.330771 0.031263 0.041745 0.500000
1 0.769891 0.332043 0.031863 0.039215 0.377541
1 0.769351 0.332055 0.030551 0.039149 0.500000
1 0.772240 0.333330 0.034794 0.041705 0.500000
1 0.777787 0.333403 0.045208 0.041789 0.006693
2 0.607185 0.277525 0.183118 0.180619 0.377541
2 0.607831 0.277795 0.184615 0.180753 0.880797
2 0.606964 0.275855 0.182684 0.182173 0.880797
2 0.606946 0.275620 0.179141 0.182464 0.029312
2 0.692124 0.296926 0.047142 0.124996 0.004070
2 0.700403 0.302298 0.030213 0.114256 0.047426
2 0.702888 0.303049 0.022398 0.107825 0.075858
2 0.608326 0.277180 0.183387 0.179359 0.622459
2 0.607656 0.277187 0.181922 0.179510 0.880797
2 0.606469 0.275568 0.176601 0.182570 0.622459
2 0.693980 0.300221 0.046215 0.120309 0.004070
2 0.701272 0.304042 0.028658 0.110778 0.119203
2 0.704290 0.303288 0.022539 0.102001 0.119203
2 0.404802 0.315921 0.017997 0.029761 0.010987
2 0.430813 0.316908 0.044413 0.032882 0.075858
2 0.431527 0.318186 0.045033 0.035426 0.119203
2 0.431009 0.318187 0.046108 0.035432 0.075858
2 0.496898 0.312486 0.038155 0.041782 0.017986
2 0.496803 0.309943 0.037592 0.041728 0.029312
2 0.497215 0.311204 0.038623 0.039260 0.017986
2 0.606853 0.275272 0.179852 0.185791 0.500000
2 0.606050 0.275058 0.176272 0.186392 0.006693
2 0.694152 0.306490 0.043661 0.110412 0.002473
2 0.701801 0.307578 0.029777 0.107077 0.029312
2 0.705581 0.311429 0.019929 0.085541 0.047426
2 0.158791 0.329347 0.032444 0.033799 0.002473
2 0.401624 0.319488 0.013963 0.027712 0.268941
2 0.432421 0.318771 0.043378 0.034265 0.268941
2 0.431117 0.318657 0.043696 0.034487 0.268941
2 0.431098 0.318632 0.045855 0.034538 0.377541
2 0.496162 0.312500 0.039451 0.041870 0.017986
2 0.496983 0.311211 0.037457 0.039287 0.017986
2 0.496348 0.312530 0.038382 0.041792 0.010987
2 0.692977 0.318670 0.046697 0.085039 0.001501
2 0.699945 0.323074 0.031280 0.075894 0.002473
2 0.706249 0.333579 0.018592 0.046403 0.004070
2 0.770488 0.332049 0.031349 0.039159 0.004070
2 0.771869 0.332058 0.035504 0.039176 0.006693
2 0.775326 0.333277 0.044086 0.041992 0.004070
2 0.157864 0.332174 0.031271 0.034417 0.001501
2 0.158290 0.331282 0.030358 0.032556 0.001501
2 0.158144 0.330663 0.030689 0.031161 0.001501
2 0.705597 0.336756 0.017342 0.044641 0.006693
2 0.772240 0.333330 0.034794 0.041705 0.001501
2 0.607550 0.276500 0.181389 0.181962 0.017986
2 0.608962 0.276526 0.182296 0.181929 0.377541
2 0.608052 0.276152 0.180238 0.178319 0.817575
2 0.608991 0.275993 0.182068 0.178610 0.880797
2 0.607672 0.275883 0.181442 0.178840 0.075858
2 0.608197 0.275749 0.180771 0.179450 0.001927
3 0.701272 0.304042 0.028658 0.110778 0.004070
3 0.704290 0.303288 0.022539 0.102001 0.004070
3 0.404802 0.315921 0.017997 0.029761 0.002473
3 0.430813 0.316908 0.044413 0.032882 0.001501
3 0.431527 0.318186 0.045033 0.035426 0.002473
3 0.431009 0.318187 0.046108 0.035432 0.004070
3 0.701801 0.307578 0.029777 0.107077 0.004070
3 0.705581 0.311429 0.019929 0.085541 0.010987
3 0.104737 0.325342 0.027021 0.025829 0.001501
3 0.106566 0.324187 0.021864 0.023452 0.010987
3 0.107873 0.326590 0.023692 0.023266 0.002473
3 0.157847 0.329987 0.031220 0.035103 0.377541
3 0.159069 0.330010 0.031882 0.035123 0.731059
3 0.158791 0.329347 0.032444 0.033799 0.731059
3 0.389371 0.324044 0.011753 0.013481 0.002473
3 0.401624 0.319488 0.013963 0.027712 0.075858
3 0.432421 0.318771 0.043378 0.034265 0.001501
3 0.431117 0.318657 0.043696 0.034487 0.001501
3 0.431098 0.318632 0.045855 0.034538 0.002473
3 0.699945 0.323074 0.031280 0.075894 0.004070
3 0.706249 0.333579 0.018592 0.046403 0.017986
3 0.730267 0.330770 0.029818 0.041737 0.002473
3 0.770488 0.332049 0.031349 0.039159 0.010987
3 0.771869 0.332058 0.035504 0.039176 0.010987
3 0.775326 0.333277 0.044086 0.041992 0.001501
3 0.157864 0.332174 0.031271 0.034417 0.377541
3 0.158290 0.331282 0.030358 0.032556 0.731059
3 0.158144 0.330663 0.030689 0.031161 0.622459
3 0.690534 0.337586 0.047696 0.049507 0.004070
3 0.697298 0.337046 0.036412 0.044593 0.006693
3 0.705597 0.336756 0.017342 0.044641 0.029312
3 0.729556 0.332040 0.031143 0.044287 0.001501
3 0.769351 0.332055 0.030551 0.039149 0.006693
3 0.772240 0.333330 0.034794 0.041705 0.006693
4 0.995202 0.402280 0.009728 0.179720 0.001501
4 0.926710 0.350015 0.040903 0.268933 0.002473
4 0.994483 0.404224 0.011083 0.211086 0.002473
5 0.106566 0.324187 0.021864 0.023452 0.002473
5 0.705597 0.336756 0.017342 0.044641 0.001501
5 0.769351 0.332055 0.030551 0.039149 0.001501
5 0.768792 0.340913 0.025260 0.062744 0.001501
5 0.995204 0.389333 0.009729 0.148093 0.001501
5 0.926416 0.346844 0.041469 0.275803 0.002473
5 0.995202 0.402280 0.009728 0.179720 0.001501
5 0.926614 0.350515 0.040821 0.267324 0.001501
5 0.925765 0.350516 0.040375 0.270909 0.010987
5 0.926710 0.350015 0.040903 0.268933 0.006693
5 0.963646 0.391813 0.074299 0.199676 0.001501
5 0.994483 0.404224 0.011083 0.211086 0.001501
5 0.926014 0.351163 0.039655 0.266712 0.002473
5 0.926204 0.349440 0.041275 0.270138 0.004070
5 0.961812 0.383146 0.077209 0.228574 0.002473
