1 0.459198 0.317564 0.022400 0.022259 0.001501
1 0.509663 0.319869 0.008804 0.017326 0.029312
1 0.569970 0.324499 0.032015 0.033675 0.880797
1 0.569974 0.324040 0.032017 0.036363 0.924142
1 0.569445 0.323606 0.033079 0.035484 0.880797
2 0.491212 0.302079 0.029384 0.062539 0.731059
2 0.491223 0.300790 0.029385 0.060000 0.731059
2 0.492533 0.298367 0.032074 0.060257 0.182426
2 0.490438 0.300781 0.030940 0.065134 0.731059
2 0.491282 0.302067 0.029504 0.062550 0.817575
2 0.492622 0.299543 0.031907 0.062529 0.029312
2 0.491087 0.303344 0.029165 0.065104 0.622459
2 0.490969 0.300784 0.028957 0.065116 0.731059
2 0.509663 0.319869 0.008804 0.017326 0.010987
3 0.491212 0.302079 0.029384 0.062539 0.075858
3 0.491223 0.300790 0.029385 0.060000 0.029312
3 0.492533 0.298367 0.032074 0.060257 0.006693
3 0.356544 0.306323 0.038345 0.029608 0.001501
3 0.359399 0.306460 0.047374 0.035382 0.001501
3 0.358630 0.306546 0.048838 0.036411 0.004070
3 0.490438 0.300781 0.030940 0.065134 0.029312
3 0.491282 0.302067 0.029504 0.062550 0.047426
3 0.492622 0.299543 0.031907 0.062529 0.006693
3 0.491087 0.303344 0.029165 0.065104 0.047426
3 0.490969 0.300784 0.028957 0.065116 0.047426
3 0.509663 0.319869 0.008804 0.017326 0.006693
