0 0.321569 0.320042 0.010211 0.040923 0.010987
0 0.420261 0.313531 0.015551 0.026136 0.001501
0 0.322920 0.328324 0.013730 0.046244 0.002473
0 0.443751 0.324165 0.012740 0.023512 0.001501
1 0.420261 0.313531 0.015551 0.026136 0.002473
1 0.361881 0.327440 0.032590 0.030416 0.004070
1 0.361622 0.326949 0.033313 0.029299 0.004070
1 0.389915 0.325631 0.027796 0.021477 0.002473
1 0.392235 0.325571 0.028568 0.021276 0.002473
1 0.399799 0.320936 0.029176 0.012032 0.001501
1 0.420667 0.316492 0.016382 0.024398 0.029312
1 0.434712 0.323979 0.017178 0.028665 0.047426
1 0.443751 0.324165 0.012740 0.023512 0.029312
1 0.457790 0.322903 0.012646 0.015809 0.047426
1 0.463070 0.319228 0.012550 0.018912 0.010987
1 0.545188 0.321644 0.015443 0.023431 0.731059
1 0.556189 0.320406 0.009812 0.016372 0.001501
1 0.589870 0.317499 0.024184 0.026831 0.004070
1 0.591723 0.317549 0.024608 0.026537 0.002473
1 0.304948 0.339302 0.050473 0.034954 0.001501
1 0.321825 0.334597 0.044565 0.034372 0.001501
1 0.839078 0.378413 0.328470 0.751914 0.001170
1 0.845799 0.378161 0.305591 0.745956 0.002473
1 0.848964 0.375805 0.302397 0.746243 0.008577
1 0.846936 0.375361 0.309746 0.767143 0.001170
1 0.846491 0.371285 0.307211 0.758075 0.001927
1 0.847384 0.371405 0.305458 0.758587 0.006693
1 0.848214 0.369174 0.310126 0.752972 0.002473
1 0.848396 0.372563 0.303372 0.744667 0.005220
1 0.849033 0.372974 0.305191 0.743621 0.003173
2 0.496676 0.289245 0.062481 0.120187 0.880797
2 0.495999 0.289235 0.061103 0.120170 0.817575
2 0.649985 0.290764 0.089694 0.201582 0.075858
2 0.651131 0.289724 0.092316 0.200128 0.029312
2 0.657043 0.289983 0.105484 0.199373 0.006693
2 0.496689 0.289222 0.062443 0.120123 0.880797
2 0.495994 0.289234 0.061154 0.120147 0.880797
2 0.495992 0.289235 0.061128 0.120146 0.817575
2 0.650524 0.291123 0.091259 0.197402 0.075858
2 0.651340 0.290239 0.092902 0.196205 0.017986
2 0.656347 0.290428 0.104516 0.196492 0.029312
2 0.497246 0.289233 0.061356 0.120194 0.817575
2 0.495979 0.290371 0.061145 0.122444 0.817575
2 0.495205 0.289240 0.059615 0.120182 0.817575
2 0.651291 0.291353 0.094214 0.190908 0.047426
2 0.653700 0.288994 0.099214 0.195946 0.017986
2 0.666387 0.288426 0.124613 0.195988 0.029312
2 0.420667 0.316492 0.016382 0.024398 0.006693
2 0.496544 0.289281 0.060054 0.120136 0.817575
2 0.495236 0.289265 0.059605 0.120189 0.880797
2 0.655850 0.292220 0.101934 0.189561 0.010987
2 0.698652 0.262686 0.188415 0.253176 0.001501
2 0.766685 0.200814 0.324260 0.375228 0.001927
2 0.681245 0.289749 0.153388 0.195144 0.037327
2 0.695959 0.289861 0.182870 0.194492 0.060087
2 0.725067 0.285703 0.238580 0.198994 0.006693
2 0.764780 0.241731 0.320434 0.289684 0.002473
2 0.684294 0.289496 0.162360 0.197060 0.017986
2 0.702382 0.290967 0.193198 0.192893 0.148047
2 0.727562 0.291353 0.246201 0.193615 0.017986
2 0.819309 0.370884 0.355358 0.747618 0.001927
2 0.839078 0.378413 0.328470 0.751914 0.148047
2 0.845799 0.378161 0.305591 0.745956 0.047426
2 0.848964 0.375805 0.302397 0.746243 0.029312
2 0.841762 0.373581 0.310522 0.764061 0.268941
2 0.846936 0.375361 0.309746 0.767143 0.320821
2 0.846491 0.371285 0.307211 0.758075 0.095349
2 0.847384 0.371405 0.305458 0.758587 0.075858
2 0.844714 0.372470 0.307509 0.755782 0.001170
2 0.848214 0.369174 0.310126 0.752972 0.500000
2 0.848396 0.372563 0.303372 0.744667 0.222700
2 0.849033 0.372974 0.305191 0.743621 0.047426
3 0.420261 0.313531 0.015551 0.026136 0.004070
3 0.361881 0.327440 0.032590 0.030416 0.002473
3 0.420667 0.316492 0.016382 0.024398 0.017986
3 0.839078 0.378413 0.328470 0.751914 0.075858
3 0.845799 0.378161 0.305591 0.745956 0.268941
3 0.848964 0.375805 0.302397 0.746243 0.437824
3 0.841762 0.373581 0.310522 0.764061 0.029312
3 0.846936 0.375361 0.309746 0.767143 0.047426
3 0.846491 0.371285 0.307211 0.758075 0.148047
3 0.847384 0.371405 0.305458 0.758587 0.320821
3 0.844714 0.372470 0.307509 0.755782 0.047426
3 0.848214 0.369174 0.310126 0.752972 0.047426
3 0.848396 0.372563 0.303372 0.744667 0.095349
3 0.849033 0.372974 0.305191 0.743621 0.119203
5 0.420667 0.316492 0.016382 0.024398 0.001501
5 0.434712 0.323979 0.017178 0.028665 0.006693
5 0.443751 0.324165 0.012740 0.023512 0.010987
