0 0.181570 0.342155 0.024678 0.054256 0.006693
0 0.183730 0.342377 0.027514 0.050181 0.001501
0 0.118798 0.356293 0.012747 0.068542 0.001501
0 0.151692 0.345612 0.013839 0.060003 0.002473
0 0.181555 0.342878 0.025793 0.050922 0.006693
0 0.183803 0.343767 0.025357 0.048978 0.001501
0 0.118796 0.360970 0.012677 0.056450 0.001501
0 0.182830 0.343894 0.019432 0.052705 0.010987
0 0.184427 0.344082 0.023672 0.052488 0.002473
1 0.588780 0.314089 0.080645 0.096455 0.924142
1 0.443769 0.318212 0.040640 0.043515 0.880797
1 0.443751 0.318205 0.040608 0.043535 0.817575
1 0.443731 0.316184 0.040622 0.043968 0.880797
1 0.467200 0.309512 0.012565 0.026105 0.500000
1 0.539766 0.309376 0.012533 0.019563 0.622459
1 0.589132 0.313400 0.081354 0.094923 0.924142
1 0.589916 0.312539 0.079850 0.093136 0.924142
1 0.588735 0.313481 0.080563 0.095062 0.880797
1 0.653410 0.320109 0.056858 0.047284 0.817575
1 0.654072 0.319992 0.055102 0.047045 0.924142
1 0.654071 0.320114 0.055098 0.047281 0.880797
1 0.653131 0.319804 0.056249 0.046676 0.817575
1 0.654818 0.318433 0.054832 0.048562 0.029312
1 0.759085 0.337012 0.109973 0.085626 0.880797
1 0.222984 0.337587 0.068713 0.034345 0.002473
1 0.231680 0.333507 0.053004 0.024368 0.001501
1 0.236692 0.330277 0.051685 0.019726 0.004070
1 0.245223 0.329578 0.034594 0.020956 0.006693
1 0.288872 0.321646 0.027937 0.023522 0.001501
1 0.295229 0.319220 0.033962 0.023208 0.002473
1 0.298329 0.320334 0.042075 0.020983 0.002473
1 0.443079 0.318202 0.041967 0.043529 0.731059
1 0.443752 0.318875 0.040595 0.044807 0.817575
1 0.443740 0.318858 0.040607 0.044850 0.731059
1 0.467150 0.310524 0.012685 0.027979 0.119203
1 0.588753 0.313405 0.080595 0.094862 0.880797
1 0.589500 0.313390 0.079037 0.094889 0.880797
1 0.588742 0.313357 0.080555 0.094931 0.880797
1 0.654177 0.319738 0.055327 0.046540 0.622459
1 0.653888 0.320008 0.054731 0.047066 0.817575
1 0.654077 0.321026 0.055088 0.045493 0.880797
1 0.654008 0.320909 0.054950 0.045281 0.817575
1 0.654421 0.321734 0.055572 0.044198 0.268941
1 0.759714 0.337029 0.111466 0.081113 0.880797
1 0.757725 0.337026 0.109581 0.081093 0.924142
1 0.757704 0.335759 0.109606 0.078560 0.817575
1 0.920344 0.360568 0.140721 0.117495 0.924142
1 0.995780 0.341604 0.011596 0.060512 0.001501
1 0.008596 0.362118 0.017246 0.048994 0.017986
1 0.018030 0.365870 0.032713 0.049286 0.047426
1 0.019750 0.364277 0.032808 0.048866 0.047426
1 0.083515 0.360304 0.020669 0.035142 0.004070
1 0.085285 0.356860 0.021785 0.031669 0.002473
1 0.211244 0.342889 0.075912 0.043850 0.001501
1 0.231875 0.335865 0.057651 0.033421 0.002473
1 0.589127 0.314063 0.081366 0.096175 0.924142
1 0.589899 0.313135 0.079822 0.097992 0.924142
1 0.588735 0.314044 0.080561 0.096274 0.880797
1 0.654048 0.321835 0.055154 0.047054 0.006693
1 0.653192 0.320622 0.056404 0.048247 0.075858
1 0.759021 0.337035 0.110056 0.081069 0.880797
1 0.759020 0.337027 0.110046 0.081082 0.924142
1 0.758245 0.335751 0.108520 0.078540 0.880797
1 0.920362 0.361490 0.140727 0.120071 0.880797
1 0.920249 0.361407 0.140521 0.120178 0.880797
1 0.920272 0.359974 0.140610 0.118504 0.880797
1 0.005597 0.365370 0.011241 0.041913 0.047426
1 0.019411 0.366074 0.030325 0.046147 0.075858
1 0.020259 0.365364 0.028860 0.044805 0.075858
1 0.039041 0.373870 0.012467 0.054977 0.004070
1 0.080435 0.364876 0.028443 0.035749 0.010987
1 0.083682 0.360170 0.020904 0.030481 0.075858
1 0.084021 0.360165 0.022501 0.031131 0.029312
1 0.759040 0.334626 0.110074 0.080823 0.924142
1 0.758505 0.337027 0.111091 0.081107 0.924142
1 0.759023 0.335918 0.110026 0.083386 0.880797
1 0.920316 0.359030 0.140556 0.115454 0.817575
1 0.920220 0.360255 0.140482 0.118062 0.880797
1 0.920015 0.359939 0.143145 0.118633 0.880797
1 0.005501 0.367471 0.011053 0.045478 0.010987
1 0.020218 0.366444 0.026403 0.045611 0.047426
1 0.020229 0.366501 0.028861 0.045480 0.047426
1 0.039602 0.379274 0.012959 0.055542 0.002473
1 0.082546 0.371470 0.023811 0.050150 0.006693
1 0.087870 0.371049 0.023725 0.056104 0.001501
1 0.920320 0.360383 0.140545 0.117837 0.880797
1 0.920789 0.359015 0.141608 0.115388 0.924142
1 0.920050 0.359030 0.143259 0.115417 0.880797
1 0.039671 0.382090 0.012800 0.051621 0.001501
1 0.920358 0.359762 0.140383 0.119056 0.002473
1 0.004990 0.389298 0.007303 0.099606 0.001501
2 0.496262 0.283267 0.051692 0.113614 0.731059
2 0.495559 0.283286 0.052936 0.113558 0.731059
2 0.496211 0.279948 0.051762 0.106937 0.817575
2 0.496939 0.281262 0.053042 0.109449 0.880797
2 0.495855 0.282380 0.052467 0.111678 0.731059
2 0.568337 0.286337 0.039902 0.059584 0.047426
2 0.567887 0.276273 0.039082 0.039491 0.010987
2 0.572640 0.276773 0.048998 0.040548 0.010987
2 0.497643 0.281227 0.051556 0.109527 0.817575
2 0.496452 0.282302 0.051314 0.111760 0.817575
2 0.496075 0.280076 0.051997 0.111749 0.731059
2 0.566854 0.291562 0.039683 0.063401 0.047426
2 0.467200 0.309512 0.012565 0.026105 0.017986
2 0.497182 0.281239 0.047659 0.109361 0.622459
2 0.496445 0.280300 0.049049 0.115745 0.817575
2 0.467150 0.310524 0.012685 0.027979 0.001501
2 0.008596 0.362118 0.017246 0.048994 0.002473
2 0.018030 0.365870 0.032713 0.049286 0.002473
2 0.211244 0.342889 0.075912 0.043850 0.001501
2 0.005597 0.365370 0.011241 0.041913 0.001501
2 0.019411 0.366074 0.030325 0.046147 0.004070
2 0.020259 0.365364 0.028860 0.044805 0.001501
2 0.020218 0.366444 0.026403 0.045611 0.002473
2 0.020229 0.366501 0.028861 0.045480 0.002473
3 0.496262 0.283267 0.051692 0.113614 0.010987
3 0.495559 0.283286 0.052936 0.113558 0.029312
3 0.496211 0.279948 0.051762 0.106937 0.001501
3 0.495855 0.282380 0.052467 0.111678 0.001501
3 0.568337 0.286337 0.039902 0.059584 0.002473
3 0.567887 0.276273 0.039082 0.039491 0.001501
3 0.572640 0.276773 0.048998 0.040548 0.002473
3 0.415053 0.302025 0.030128 0.052807 0.731059
3 0.414301 0.300849 0.031708 0.054973 0.817575
3 0.421678 0.304340 0.033863 0.063084 0.004070
3 0.497643 0.281227 0.051556 0.109527 0.006693
3 0.496452 0.282302 0.051314 0.111760 0.002473
3 0.496075 0.280076 0.051997 0.111749 0.001501
3 0.414653 0.300920 0.029375 0.055264 0.731059
3 0.414329 0.301151 0.031726 0.051135 0.731059
3 0.467200 0.309512 0.012565 0.026105 0.010987
3 0.496445 0.280300 0.049049 0.115745 0.001501
3 0.539766 0.309376 0.012533 0.019563 0.001501
3 0.415048 0.302095 0.030160 0.052906 0.731059
3 0.414674 0.302160 0.029284 0.052739 0.622459
3 0.467150 0.310524 0.012685 0.027979 0.002473
3 0.020229 0.366501 0.028861 0.045480 0.001501
4 0.005597 0.365370 0.011241 0.041913 0.001501
5 0.181721 0.342387 0.029233 0.050299 0.001501
5 0.181570 0.342155 0.024678 0.054256 0.001501
5 0.181660 0.344018 0.028861 0.048319 0.001501
5 0.181555 0.342878 0.025793 0.050922 0.004070
5 0.179940 0.344925 0.025449 0.047079 0.001501
5 0.182830 0.343894 0.019432 0.052705 0.002473
5 0.184427 0.344082 0.023672 0.052488 0.001501
5 0.039602 0.379274 0.012959 0.055542 0.001501
