0 0.004883 0.304550 0.009861 0.078861 0.010987
0 0.011883 0.306337 0.024106 0.071960 0.001501
0 0.005589 0.308123 0.008129 0.073636 0.017986
0 0.012902 0.307441 0.018731 0.066993 0.006693
0 0.757607 0.296652 0.012276 0.032186 0.002473
0 0.004815 0.312357 0.009640 0.069595 0.010987
0 0.012689 0.322365 0.014031 0.043158 0.004070
0 0.004887 0.318595 0.009826 0.063517 0.006693
0 0.456296 0.326530 0.015683 0.043670 0.001501
1 0.004883 0.304550 0.009861 0.078861 0.004070
1 0.005589 0.308123 0.008129 0.073636 0.001501
1 0.375599 0.316547 0.045618 0.040334 0.010987
1 0.378632 0.314124 0.042778 0.039874 0.017986
1 0.378013 0.311110 0.040977 0.033839 0.017986
1 0.378101 0.309915 0.040825 0.036551 0.029312
1 0.440233 0.316157 0.037106 0.039761 0.006693
1 0.447365 0.313476 0.030168 0.034135 0.017986
1 0.447453 0.313520 0.030588 0.034666 0.004070
1 0.479067 0.307236 0.025226 0.052294 0.002473
1 0.479420 0.307432 0.022107 0.051831 0.006693
1 0.608184 0.324094 0.102719 0.111683 0.880797
1 0.607751 0.325623 0.101536 0.114719 0.924142
1 0.607392 0.325623 0.102265 0.114719 0.880797
1 0.375665 0.317521 0.048534 0.042249 0.006693
1 0.377657 0.316766 0.044751 0.045198 0.006693
1 0.376850 0.316753 0.043343 0.045107 0.010987
1 0.377472 0.316575 0.042610 0.044801 0.010987
1 0.411081 0.323049 0.019862 0.034863 0.006693
1 0.413457 0.323728 0.024329 0.033049 0.002473
1 0.436158 0.324460 0.025717 0.031258 0.017986
1 0.444742 0.319586 0.031206 0.032873 0.017986
1 0.452647 0.319995 0.022879 0.027038 0.029312
1 0.478919 0.309908 0.023339 0.052022 0.029312
1 0.479462 0.311297 0.021918 0.049209 0.119203
1 0.496918 0.319236 0.009321 0.018609 0.075858
1 0.509700 0.320511 0.013657 0.016079 0.075858
1 0.608278 0.324976 0.102619 0.113438 0.924142
1 0.608116 0.324079 0.102981 0.111626 0.924142
1 0.607504 0.324058 0.102048 0.111610 0.952574
1 0.219770 0.347791 0.050324 0.044838 0.001501
1 0.373622 0.325821 0.048222 0.057733 0.001501
1 0.377607 0.321981 0.044918 0.055326 0.004070
1 0.376818 0.323089 0.046505 0.053226 0.004070
1 0.382547 0.322860 0.037149 0.049859 0.004070
1 0.406097 0.328090 0.023916 0.036671 0.004070
1 0.413460 0.331830 0.025091 0.027509 0.002473
1 0.608137 0.323831 0.102870 0.115679 0.880797
1 0.608158 0.322909 0.102897 0.113874 0.952574
1 0.607461 0.324934 0.102130 0.113391 0.880797
1 0.040288 0.363667 0.084336 0.085244 0.001501
1 0.201294 0.349826 0.070010 0.045444 0.001501
1 0.219104 0.353849 0.049195 0.032725 0.001501
1 0.607752 0.324967 0.101543 0.113389 0.924142
1 0.004813 0.394571 0.009689 0.035072 0.001501
2 0.480053 0.305986 0.025615 0.054903 0.047426
2 0.479653 0.306469 0.024104 0.053803 0.075858
2 0.545294 0.306681 0.037540 0.058499 0.731059
2 0.545298 0.305769 0.037479 0.060290 0.731059
2 0.545277 0.305789 0.037531 0.060313 0.731059
2 0.375599 0.316547 0.045618 0.040334 0.010987
2 0.378632 0.314124 0.042778 0.039874 0.182426
2 0.378013 0.311110 0.040977 0.033839 0.119203
2 0.378101 0.309915 0.040825 0.036551 0.119203
2 0.440233 0.316157 0.037106 0.039761 0.001501
2 0.447365 0.313476 0.030168 0.034135 0.004070
2 0.479067 0.307236 0.025226 0.052294 0.075858
2 0.479420 0.307432 0.022107 0.051831 0.182426
2 0.544528 0.306650 0.036011 0.058507 0.817575
2 0.545978 0.306667 0.036151 0.058462 0.817575
2 0.545283 0.305767 0.037535 0.060259 0.817575
2 0.375665 0.317521 0.048534 0.042249 0.006693
2 0.377657 0.316766 0.044751 0.045198 0.047426
2 0.376850 0.316753 0.043343 0.045107 0.047426
2 0.377472 0.316575 0.042610 0.044801 0.075858
2 0.411081 0.323049 0.019862 0.034863 0.004070
2 0.413457 0.323728 0.024329 0.033049 0.001501
2 0.444742 0.319586 0.031206 0.032873 0.002473
2 0.478919 0.309908 0.023339 0.052022 0.029312
2 0.479462 0.311297 0.021918 0.049209 0.010987
2 0.544535 0.306710 0.036026 0.058399 0.817575
2 0.544531 0.306703 0.035968 0.058399 0.817575
2 0.543765 0.306685 0.037534 0.058434 0.817575
2 0.373622 0.325821 0.048222 0.057733 0.001501
2 0.377607 0.321981 0.044918 0.055326 0.017986
2 0.376818 0.323089 0.046505 0.053226 0.010987
2 0.382547 0.322860 0.037149 0.049859 0.004070
3 0.480053 0.305986 0.025615 0.054903 0.047426
3 0.479653 0.306469 0.024104 0.053803 0.075858
3 0.375599 0.316547 0.045618 0.040334 0.004070
3 0.378632 0.314124 0.042778 0.039874 0.004070
3 0.378013 0.311110 0.040977 0.033839 0.002473
3 0.378101 0.309915 0.040825 0.036551 0.002473
3 0.440233 0.316157 0.037106 0.039761 0.002473
3 0.447365 0.313476 0.030168 0.034135 0.002473
3 0.447453 0.313520 0.030588 0.034666 0.001501
3 0.479067 0.307236 0.025226 0.052294 0.182426
3 0.479420 0.307432 0.022107 0.051831 0.500000
3 0.375665 0.317521 0.048534 0.042249 0.002473
3 0.377657 0.316766 0.044751 0.045198 0.002473
3 0.376850 0.316753 0.043343 0.045107 0.002473
3 0.411081 0.323049 0.019862 0.034863 0.002473
3 0.444742 0.319586 0.031206 0.032873 0.002473
3 0.452647 0.319995 0.022879 0.027038 0.001501
3 0.478919 0.309908 0.023339 0.052022 0.119203
3 0.479462 0.311297 0.021918 0.049209 0.182426
3 0.040288 0.363667 0.084336 0.085244 0.006693
3 0.041447 0.361761 0.086031 0.084796 0.010987
3 0.040919 0.365787 0.085057 0.076160 0.001501
3 0.041933 0.372189 0.084060 0.072344 0.001501
3 0.040364 0.370011 0.084176 0.074700 0.004070
3 0.040913 0.369320 0.084898 0.071599 0.002473
3 0.041682 0.371943 0.083337 0.064050 0.001501
4 0.456296 0.326530 0.015683 0.043670 0.001501
5 0.452647 0.319995 0.022879 0.027038 0.004070
5 0.456296 0.326530 0.015683 0.043670 0.010987
