0 0.804672 0.346190 0.012683 0.057742 0.004070
0 0.805482 0.347357 0.014197 0.055397 0.002473
1 0.428011 0.315931 0.029718 0.029834 0.002473
1 0.442491 0.315919 0.018236 0.029700 0.119203
1 0.453022 0.312245 0.009513 0.025454 0.006693
1 0.547310 0.318253 0.019634 0.043557 0.731059
1 0.547623 0.318904 0.020259 0.044890 0.731059
1 0.690299 0.328656 0.030723 0.060775 0.268941
1 0.689449 0.328649 0.032189 0.060788 0.182426
1 0.690274 0.327757 0.034038 0.062651 0.010987
1 0.137414 0.354703 0.078300 0.068580 0.817575
1 0.137483 0.353964 0.080921 0.067124 0.119203
1 0.382763 0.325065 0.034939 0.030851 0.017986
1 0.388034 0.321784 0.027082 0.028332 0.377541
1 0.388935 0.321793 0.025236 0.028316 0.268941
1 0.417089 0.318302 0.025451 0.025235 0.006693
1 0.419300 0.318942 0.023232 0.028821 0.622459
1 0.420587 0.318888 0.026155 0.028980 0.119203
1 0.442521 0.316720 0.018171 0.028142 0.268941
1 0.451589 0.314411 0.012333 0.024902 0.006693
1 0.548359 0.318885 0.018684 0.044812 0.731059
1 0.548777 0.318892 0.019518 0.044844 0.622459
1 0.689557 0.328648 0.032238 0.060711 0.182426
1 0.689656 0.327746 0.032471 0.062517 0.377541
1 0.690101 0.327743 0.033617 0.062534 0.010987
1 0.736226 0.330330 0.033846 0.031605 0.001501
1 0.747514 0.328350 0.033644 0.032995 0.001501
1 0.070675 0.359965 0.071365 0.066692 0.001501
1 0.136777 0.354110 0.079596 0.067317 0.817575
1 0.136257 0.354118 0.080623 0.067298 0.880797
1 0.136788 0.353665 0.079551 0.066404 0.817575
1 0.136921 0.353591 0.081999 0.066175 0.002473
1 0.689561 0.328663 0.032218 0.060699 0.377541
1 0.690209 0.328659 0.030475 0.060684 0.377541
1 0.689456 0.327794 0.034967 0.062540 0.006693
1 0.738305 0.332461 0.029557 0.030292 0.002473
1 0.741609 0.332648 0.025825 0.025390 0.002473
1 0.746986 0.333311 0.033119 0.026003 0.002473
1 0.070311 0.361342 0.069937 0.063930 0.001501
1 0.136234 0.354627 0.080681 0.066429 0.880797
1 0.137484 0.354165 0.080889 0.067373 0.880797
1 0.136813 0.354149 0.079560 0.067345 0.880797
1 0.136242 0.354211 0.080677 0.067422 0.377541
1 0.136802 0.354232 0.079684 0.067375 0.001501
2 0.499337 0.271560 0.092836 0.184818 0.817575
2 0.498685 0.271564 0.094209 0.184806 0.817575
2 0.499823 0.271241 0.093787 0.184738 0.817575
2 0.498853 0.270787 0.091648 0.182898 0.924142
2 0.498822 0.270263 0.091805 0.183946 0.880797
2 0.498663 0.270755 0.091436 0.183125 0.817575
2 0.499142 0.270884 0.089994 0.182885 0.817575
2 0.498625 0.270881 0.091425 0.182880 0.817575
2 0.497996 0.270840 0.090098 0.183225 0.731059
2 0.442491 0.315919 0.018236 0.029700 0.010987
2 0.453022 0.312245 0.009513 0.025454 0.006693
2 0.498113 0.269106 0.090285 0.184073 0.731059
2 0.547310 0.318253 0.019634 0.043557 0.075858
2 0.547623 0.318904 0.020259 0.044890 0.075858
2 0.388034 0.321784 0.027082 0.028332 0.002473
2 0.419300 0.318942 0.023232 0.028821 0.001501
2 0.442521 0.316720 0.018171 0.028142 0.010987
2 0.451589 0.314411 0.012333 0.024902 0.001501
2 0.548359 0.318885 0.018684 0.044812 0.182426
2 0.548777 0.318892 0.019518 0.044844 0.182426
3 0.442491 0.315919 0.018236 0.029700 0.006693
3 0.547310 0.318253 0.019634 0.043557 0.010987
3 0.547623 0.318904 0.020259 0.044890 0.010987
3 0.690299 0.328656 0.030723 0.060775 0.622459
3 0.689449 0.328649 0.032189 0.060788 0.500000
3 0.690274 0.327757 0.034038 0.062651 0.047426
3 0.442521 0.316720 0.018171 0.028142 0.006693
3 0.548359 0.318885 0.018684 0.044812 0.006693
3 0.548777 0.318892 0.019518 0.044844 0.010987
3 0.689557 0.328648 0.032238 0.060711 0.500000
3 0.689656 0.327746 0.032471 0.062517 0.500000
3 0.690101 0.327743 0.033617 0.062534 0.029312
3 0.689561 0.328663 0.032218 0.060699 0.377541
3 0.690209 0.328659 0.030475 0.060684 0.377541
3 0.689456 0.327794 0.034967 0.062540 0.017986
5 0.442521 0.316720 0.018171 0.028142 0.002473
5 0.689557 0.328648 0.032238 0.060711 0.002473
5 0.689656 0.327746 0.032471 0.062517 0.002473
5 0.689561 0.328663 0.032218 0.060699 0.004070
5 0.690209 0.328659 0.030475 0.060684 0.006693
