0 0.303620 0.344273 0.026652 0.048010 0.119203
0 0.303102 0.341817 0.022697 0.045476 0.075858
0 0.303740 0.362794 0.024615 0.079984 0.268941
0 0.303778 0.352221 0.024559 0.061791 0.182426
0 0.309068 0.344612 0.036998 0.041614 0.001501
0 0.303751 0.369464 0.024640 0.093299 0.119203
0 0.304707 0.369245 0.024858 0.091578 0.182426
0 0.309538 0.362072 0.036079 0.077681 0.010987
0 0.303047 0.369649 0.023249 0.093942 0.268941
0 0.303979 0.368452 0.024949 0.091389 0.268941
0 0.309168 0.368340 0.035314 0.092131 0.017986
0 0.303034 0.369915 0.023199 0.093681 0.047426
0 0.303685 0.370279 0.022774 0.092932 0.075858
0 0.309207 0.370748 0.035206 0.092703 0.002473
1 0.643254 0.307927 0.017766 0.019321 0.001501
1 0.452147 0.320159 0.012796 0.026846 0.010987
1 0.517994 0.324188 0.010994 0.023422 0.622459
1 0.537460 0.322933 0.015515 0.015872 0.047426
1 0.538919 0.321645 0.012649 0.018326 0.500000
1 0.602808 0.327747 0.027576 0.020910 0.817575
1 0.602768 0.326611 0.027510 0.023187 0.817575
1 0.603354 0.326657 0.032034 0.023479 0.002473
1 0.683568 0.324001 0.036338 0.029611 0.001501
1 0.309068 0.344612 0.036998 0.041614 0.006693
1 0.329658 0.341733 0.074275 0.037109 0.002473
1 0.378313 0.336234 0.058423 0.037644 0.001501
1 0.603487 0.332015 0.026153 0.029540 0.001501
1 0.782489 0.363504 0.170835 0.175718 0.924142
1 0.782339 0.361781 0.167847 0.176792 0.924142
1 0.782214 0.361695 0.167778 0.176689 0.817575
1 0.782644 0.362990 0.171106 0.174558 0.952574
1 0.782168 0.362990 0.167520 0.174559 0.924142
1 0.781964 0.363001 0.167324 0.174372 0.924142
1 0.921185 0.385406 0.157690 0.151060 0.880797
1 0.919665 0.384281 0.157627 0.153279 0.880797
1 0.921440 0.386677 0.157151 0.148534 0.880797
1 0.992635 0.378237 0.014793 0.057952 0.002473
1 0.782918 0.362974 0.168975 0.174579 0.880797
1 0.782145 0.362546 0.167553 0.173630 0.924142
1 0.782000 0.362544 0.167374 0.177913 0.924142
1 0.920623 0.385389 0.158790 0.151027 0.880797
1 0.920193 0.385403 0.156556 0.150997 0.924142
1 0.920245 0.385378 0.156469 0.155547 0.924142
1 0.994035 0.385052 0.012084 0.072867 0.001501
1 0.781909 0.363189 0.169776 0.174171 0.880797
1 0.921160 0.385429 0.157710 0.150985 0.817575
1 0.920907 0.386696 0.158187 0.148422 0.924142
1 0.921015 0.385390 0.158003 0.151061 0.880797
1 0.921139 0.385303 0.157722 0.151208 0.924142
2 0.484733 0.289251 0.063637 0.129860 0.924142
2 0.484073 0.289243 0.064893 0.129845 0.880797
2 0.484046 0.287954 0.064895 0.127303 0.029312
2 0.485206 0.290334 0.064376 0.127575 0.731059
2 0.484041 0.289234 0.064957 0.129815 0.880797
2 0.484741 0.289223 0.063525 0.129802 0.880797
2 0.484186 0.287864 0.062488 0.127197 0.817575
2 0.746319 0.297314 0.082492 0.043492 0.001501
2 0.747891 0.298933 0.090975 0.046649 0.002473
2 0.748578 0.299620 0.094556 0.048021 0.004070
2 0.750777 0.308400 0.099423 0.065626 0.001501
2 0.485760 0.287939 0.063263 0.127312 0.017986
2 0.484755 0.289225 0.061421 0.129838 0.817575
2 0.485286 0.287950 0.062524 0.127290 0.817575
2 0.483549 0.285868 0.063865 0.126882 0.182426
2 0.751127 0.300664 0.102978 0.050035 0.002473
2 0.752750 0.310713 0.109221 0.070032 0.002473
2 0.484879 0.287956 0.061281 0.127333 0.268941
2 0.484814 0.287932 0.061396 0.127427 0.817575
2 0.538919 0.321645 0.012649 0.018326 0.002473
3 0.425636 0.307696 0.045612 0.073909 0.075858
3 0.424980 0.307744 0.046945 0.073963 0.817575
3 0.424990 0.307735 0.046968 0.074001 0.731059
3 0.425756 0.306898 0.045691 0.077525 0.817575
3 0.424954 0.308002 0.046964 0.074634 0.817575
3 0.424981 0.307742 0.046947 0.073973 0.817575
3 0.424236 0.308033 0.048528 0.074530 0.731059
3 0.425799 0.307573 0.048512 0.073684 0.731059
3 0.424915 0.307757 0.046923 0.074152 0.001501
3 0.424991 0.307881 0.047004 0.074305 0.622459
3 0.424200 0.306985 0.048486 0.077580 0.622459
3 0.425103 0.307696 0.050222 0.074352 0.268941
3 0.517994 0.324188 0.010994 0.023422 0.010987
3 0.538919 0.321645 0.012649 0.018326 0.010987
3 0.239086 0.357424 0.182667 0.371079 0.001501
5 0.303034 0.369915 0.023199 0.093681 0.001501
