1 0.631236 0.330522 0.106692 0.109781 0.924142
1 0.631245 0.330532 0.106668 0.109785 0.924142
1 0.630578 0.329396 0.108032 0.112043 0.880797
1 0.532369 0.321882 0.026058 0.028898 0.004070
1 0.631244 0.329105 0.109410 0.111422 0.924142
1 0.630038 0.329104 0.106975 0.111432 0.924142
1 0.630033 0.330235 0.106993 0.109184 0.924142
1 0.631925 0.327829 0.108070 0.114008 0.880797
1 0.631255 0.327826 0.106708 0.114007 0.924142
1 0.630709 0.327832 0.105635 0.114022 0.924142
1 0.630580 0.330579 0.108046 0.109835 0.924142
2 0.446549 0.313961 0.018531 0.028742 0.002473
3 0.446549 0.313961 0.018531 0.028742 0.001501
3 0.447540 0.315745 0.017600 0.030297 0.001501
