1 0.576484 0.318294 0.047098 0.058435 0.880797
1 0.576457 0.319573 0.047099 0.055898 0.817575
1 0.576497 0.319583 0.047023 0.055895 0.817575
1 0.544497 0.325858 0.017132 0.028543 0.017986
1 0.576429 0.320467 0.047116 0.057744 0.731059
1 0.577007 0.319587 0.046024 0.055903 0.817575
1 0.577219 0.319606 0.048629 0.055917 0.817575
1 0.577252 0.320482 0.048569 0.057773 0.817575
1 0.577235 0.320514 0.048604 0.057704 0.731059
1 0.577215 0.320509 0.048648 0.057713 0.817575
1 0.576476 0.319604 0.047060 0.055944 0.817575
