0 0.193751 0.292917 0.012659 0.076768 0.001501
0 0.010237 0.338608 0.020524 0.147736 0.006693
0 0.012656 0.339170 0.022260 0.144240 0.002473
0 0.195315 0.300301 0.012597 0.077060 0.002473
0 0.570744 0.319495 0.054089 0.084778 0.004070
0 0.568359 0.318803 0.045250 0.091466 0.119203
0 0.570636 0.318060 0.055488 0.085683 0.001501
0 0.012461 0.343252 0.021928 0.158157 0.006693
0 0.013334 0.341669 0.023610 0.152858 0.002473
0 0.481381 0.317064 0.013414 0.046890 0.001501
0 0.495407 0.319308 0.012964 0.042364 0.004070
0 0.010938 0.347152 0.021929 0.165076 0.004070
0 0.012554 0.341625 0.021989 0.152597 0.001501
0 0.482007 0.324977 0.011133 0.030853 0.006693
0 0.494434 0.323871 0.008186 0.033228 0.029312
0 0.570895 0.325537 0.049900 0.088636 0.004070
0 0.009515 0.346109 0.019063 0.165839 0.002473
0 0.172682 0.343298 0.017740 0.110976 0.001501
0 0.492245 0.325855 0.009757 0.041382 0.004070
0 0.571411 0.327927 0.028962 0.099567 0.268941
0 0.569901 0.325601 0.042832 0.092130 0.029312
0 0.007332 0.344509 0.014703 0.173984 0.004070
0 0.064548 0.341540 0.020982 0.145288 0.002473
0 0.173319 0.346458 0.016047 0.103948 0.001501
0 0.560375 0.325955 0.028975 0.085017 0.010987
0 0.571343 0.329779 0.021000 0.100309 0.622459
0 0.571829 0.328387 0.025725 0.099333 0.182426
0 0.006340 0.340221 0.012720 0.188642 0.010987
0 0.015339 0.331538 0.019836 0.150082 0.002473
0 0.006270 0.343496 0.012574 0.191538 0.029312
0 0.005578 0.336627 0.011194 0.219007 0.047426
0 0.019927 0.349189 0.039658 0.232938 0.001501
0 0.008275 0.350072 0.016665 0.269802 0.006693
0 0.018337 0.350990 0.036858 0.288937 0.004070
1 0.010237 0.338608 0.020524 0.147736 0.119203
1 0.012656 0.339170 0.022260 0.144240 0.075858
1 0.570636 0.318060 0.055488 0.085683 0.004070
1 0.571322 0.314837 0.054651 0.079491 0.001501
1 0.012461 0.343252 0.021928 0.158157 0.182426
1 0.013334 0.341669 0.023610 0.152858 0.182426
1 0.540866 0.318480 0.012694 0.040534 0.047426
1 0.570984 0.323199 0.054951 0.076834 0.731059
1 0.570729 0.324653 0.054677 0.084562 0.268941
1 0.570705 0.323214 0.055391 0.077749 0.622459
1 0.570842 0.321835 0.055320 0.070873 0.731059
1 0.577940 0.317862 0.066679 0.060032 0.002473
1 0.010938 0.347152 0.021929 0.165076 0.182426
1 0.012554 0.341625 0.021989 0.152597 0.182426
1 0.494434 0.323871 0.008186 0.033228 0.002473
1 0.507737 0.320362 0.012628 0.020880 0.119203
1 0.519541 0.317607 0.011378 0.015860 0.001501
1 0.536854 0.319744 0.013113 0.032491 0.006693
1 0.539357 0.319299 0.011770 0.038547 0.119203
1 0.570427 0.323514 0.053371 0.078161 0.731059
1 0.570895 0.325537 0.049900 0.088636 0.119203
1 0.570732 0.323375 0.055161 0.078605 0.622459
1 0.570930 0.321808 0.055142 0.070927 0.622459
1 0.009515 0.346109 0.019063 0.165839 0.182426
1 0.014042 0.339102 0.022112 0.148094 0.075858
1 0.031933 0.336068 0.052344 0.146630 0.001501
1 0.561240 0.326610 0.036884 0.060575 0.047426
1 0.568601 0.322988 0.049726 0.079049 0.119203
1 0.569901 0.325601 0.042832 0.092130 0.029312
1 0.570676 0.322933 0.055817 0.075570 0.268941
1 0.007332 0.344509 0.014703 0.173984 0.182426
1 0.014712 0.332136 0.020836 0.137626 0.075858
1 0.560375 0.325955 0.028975 0.085017 0.001501
1 0.006340 0.340221 0.012720 0.188642 0.119203
1 0.015339 0.331538 0.019836 0.150082 0.010987
1 0.006270 0.343496 0.012574 0.191538 0.119203
1 0.005578 0.336627 0.011194 0.219007 0.029312
1 0.290076 0.308211 0.194333 0.272983 0.182426
1 0.291173 0.308158 0.191795 0.272949 0.268941
1 0.290577 0.309547 0.192821 0.270714 0.022977
1 0.290600 0.308375 0.192895 0.273143 0.014064
1 0.290528 0.308350 0.192754 0.273117 0.029312
1 0.290157 0.308803 0.194362 0.269304 0.022977
1 0.290785 0.308402 0.193299 0.273062 0.017986
1 0.290148 0.307690 0.194315 0.271710 0.010987
1 0.290650 0.307123 0.193029 0.275603 0.017986
1 0.290732 0.306392 0.193259 0.274134 0.014064
2 0.010237 0.338608 0.020524 0.147736 0.001501
2 0.290076 0.308211 0.194333 0.272983 0.001927
2 0.291173 0.308158 0.191795 0.272949 0.001170
2 0.290577 0.309547 0.192821 0.270714 0.001170
2 0.290785 0.308402 0.193299 0.273062 0.001170
2 0.290148 0.307690 0.194315 0.271710 0.001501
2 0.290650 0.307123 0.193029 0.275603 0.001170
2 0.290732 0.306392 0.193259 0.274134 0.001927
3 0.010237 0.338608 0.020524 0.147736 0.010987
3 0.012656 0.339170 0.022260 0.144240 0.002473
3 0.012461 0.343252 0.021928 0.158157 0.010987
3 0.013334 0.341669 0.023610 0.152858 0.002473
3 0.540866 0.318480 0.012694 0.040534 0.006693
3 0.570842 0.321835 0.055320 0.070873 0.001501
3 0.010938 0.347152 0.021929 0.165076 0.017986
3 0.012554 0.341625 0.021989 0.152597 0.006693
3 0.507737 0.320362 0.012628 0.020880 0.002473
3 0.539357 0.319299 0.011770 0.038547 0.006693
3 0.009515 0.346109 0.019063 0.165839 0.017986
3 0.014042 0.339102 0.022112 0.148094 0.004070
3 0.570676 0.322933 0.055817 0.075570 0.001501
3 0.007332 0.344509 0.014703 0.173984 0.017986
3 0.014712 0.332136 0.020836 0.137626 0.002473
3 0.006340 0.340221 0.012720 0.188642 0.017986
3 0.006270 0.343496 0.012574 0.191538 0.010987
3 0.005578 0.336627 0.011194 0.219007 0.002473
3 0.290518 0.309216 0.192968 0.270571 0.010987
3 0.290076 0.308211 0.194333 0.272983 0.437824
3 0.291173 0.308158 0.191795 0.272949 0.377541
3 0.290577 0.309547 0.192821 0.270714 0.777300
3 0.290600 0.308375 0.192895 0.273143 0.851953
3 0.290528 0.308350 0.192754 0.273117 0.777300
3 0.290157 0.308803 0.194362 0.269304 0.731059
3 0.290785 0.308402 0.193299 0.273062 0.851953
3 0.290148 0.307690 0.194315 0.271710 0.880797
3 0.290650 0.307123 0.193029 0.275603 0.817575
3 0.290732 0.306392 0.193259 0.274134 0.731059
4 0.571829 0.328387 0.025725 0.099333 0.001501
4 0.574705 0.328230 0.048157 0.084773 0.001501
4 0.005578 0.336627 0.011194 0.219007 0.001501
5 0.010938 0.347152 0.021929 0.165076 0.001501
5 0.012554 0.341625 0.021989 0.152597 0.001501
5 0.472000 0.322780 0.016014 0.031092 0.002473
5 0.482007 0.324977 0.011133 0.030853 0.006693
5 0.494434 0.323871 0.008186 0.033228 0.006693
5 0.009515 0.346109 0.019063 0.165839 0.006693
5 0.014042 0.339102 0.022112 0.148094 0.002473
5 0.569901 0.325601 0.042832 0.092130 0.004070
5 0.570676 0.322933 0.055817 0.075570 0.002473
5 0.007332 0.344509 0.014703 0.173984 0.010987
5 0.014712 0.332136 0.020836 0.137626 0.004070
5 0.032532 0.337844 0.041000 0.142028 0.001501
5 0.042903 0.347351 0.056579 0.160970 0.001501
5 0.571343 0.329779 0.021000 0.100309 0.002473
5 0.571829 0.328387 0.025725 0.099333 0.006693
5 0.574705 0.328230 0.048157 0.084773 0.004070
5 0.006340 0.340221 0.012720 0.188642 0.029312
5 0.015339 0.331538 0.019836 0.150082 0.004070
5 0.044668 0.353559 0.048434 0.171759 0.001501
5 0.006270 0.343496 0.012574 0.191538 0.017986
5 0.015436 0.339652 0.023399 0.184291 0.001501
5 0.005578 0.336627 0.011194 0.219007 0.010987
5 0.019927 0.349189 0.039658 0.232938 0.001501
