0 0.357161 0.313431 0.077868 0.076187 0.002473
0 0.449235 0.319473 0.017885 0.038077 0.002473
0 0.452219 0.317727 0.018223 0.036533 0.001501
0 0.501893 0.306677 0.018278 0.043635 0.002473
0 0.532782 0.316484 0.015679 0.033836 0.001501
0 0.538242 0.319574 0.012938 0.042722 0.029312
0 0.570878 0.323421 0.021217 0.050582 0.001501
0 0.449454 0.321957 0.015979 0.032641 0.006693
0 0.451327 0.321967 0.016642 0.032759 0.006693
0 0.502625 0.306644 0.019741 0.043990 0.002473
0 0.502357 0.307615 0.017354 0.041836 0.001501
0 0.532017 0.315916 0.014193 0.029843 0.004070
0 0.538521 0.321549 0.013477 0.043450 0.029312
0 0.571556 0.330754 0.021366 0.041734 0.017986
0 0.574220 0.330736 0.023817 0.041790 0.006693
0 0.535599 0.322995 0.015503 0.049979 0.010987
0 0.538810 0.323316 0.012897 0.048565 0.017986
0 0.571557 0.330696 0.021351 0.041869 0.017986
0 0.575060 0.332053 0.025258 0.039220 0.004070
0 0.354438 0.325872 0.017643 0.095886 0.001501
1 0.347044 0.313999 0.094105 0.073715 0.004070
1 0.357161 0.313431 0.077868 0.076187 0.010987
1 0.371157 0.316087 0.051749 0.081182 0.119203
1 0.379686 0.317095 0.032651 0.079322 0.500000
1 0.380370 0.317076 0.033398 0.079315 0.622459
1 0.380030 0.314697 0.032138 0.078263 0.268941
1 0.315192 0.325219 0.164896 0.087003 0.006693
1 0.346320 0.319666 0.102081 0.077611 0.017986
1 0.348281 0.316846 0.097073 0.074806 0.075858
1 0.349197 0.315995 0.093176 0.076615 0.047426
1 0.370315 0.317194 0.051341 0.079199 0.182426
1 0.379540 0.317124 0.035130 0.079338 0.377541
1 0.379728 0.317152 0.034750 0.079371 0.500000
1 0.379798 0.317121 0.034676 0.079441 0.500000
1 0.452219 0.317727 0.018223 0.036533 0.001501
1 0.474982 0.314052 0.019211 0.028939 0.500000
1 0.475703 0.315180 0.020585 0.031221 0.377541
1 0.501893 0.306677 0.018278 0.043635 0.004070
1 0.503118 0.307660 0.018821 0.041753 0.001501
1 0.532782 0.316484 0.015679 0.033836 0.119203
1 0.538242 0.319574 0.012938 0.042722 0.006693
1 0.046023 0.324908 0.092089 0.304144 0.817575
1 0.315049 0.325733 0.171610 0.087876 0.004070
1 0.344758 0.321714 0.104614 0.079704 0.006693
1 0.346826 0.319300 0.094402 0.076406 0.047426
1 0.355656 0.317855 0.082520 0.078271 0.029312
1 0.371611 0.317548 0.053581 0.078715 0.268941
1 0.379992 0.317161 0.034239 0.079273 0.500000
1 0.380505 0.316324 0.033203 0.081016 0.500000
1 0.381229 0.317156 0.034543 0.079368 0.500000
1 0.449454 0.321957 0.015979 0.032641 0.004070
1 0.451327 0.321967 0.016642 0.032759 0.002473
1 0.475661 0.315731 0.020559 0.030117 0.622459
1 0.475714 0.314636 0.020529 0.027784 0.622459
1 0.502625 0.306644 0.019741 0.043990 0.004070
1 0.502357 0.307615 0.017354 0.041836 0.006693
1 0.519580 0.317796 0.013601 0.026094 0.004070
1 0.532017 0.315916 0.014193 0.029843 0.268941
1 0.538521 0.321549 0.013477 0.043450 0.006693
1 0.561890 0.327554 0.036077 0.037509 0.001501
1 0.571556 0.330754 0.021366 0.041734 0.001501
1 0.574220 0.330736 0.023817 0.041790 0.002473
1 0.685919 0.357890 0.193798 0.169024 0.880797
1 0.684639 0.357871 0.194354 0.168995 0.924142
1 0.685382 0.357878 0.192517 0.169001 0.924142
1 0.046001 0.327066 0.092055 0.304248 0.817575
1 0.045839 0.324741 0.091706 0.303342 0.817575
1 0.045863 0.325270 0.091679 0.303057 0.817575
1 0.305975 0.329761 0.150306 0.093379 0.002473
1 0.335339 0.324470 0.084842 0.084632 0.002473
1 0.337630 0.320044 0.076866 0.080610 0.006693
1 0.365473 0.318538 0.056829 0.077320 0.002473
1 0.370497 0.317710 0.051420 0.082935 0.119203
1 0.378142 0.317479 0.035739 0.083273 0.500000
1 0.379812 0.317485 0.032393 0.083154 0.377541
1 0.380588 0.319207 0.033153 0.079814 0.377541
1 0.685732 0.355464 0.193475 0.169285 0.924142
1 0.684360 0.356761 0.193805 0.166790 0.880797
1 0.685006 0.355523 0.191807 0.169424 0.924142
1 0.045827 0.326724 0.091690 0.305307 0.817575
1 0.046603 0.328053 0.090166 0.303024 0.880797
1 0.045809 0.327908 0.091605 0.302819 0.880797
1 0.684864 0.357837 0.194760 0.168910 0.924142
1 0.683855 0.357855 0.195909 0.168931 0.924142
1 0.684650 0.356734 0.193943 0.166685 0.880797
1 0.045813 0.325405 0.091699 0.302005 0.817575
1 0.045247 0.323943 0.090535 0.300890 0.880797
1 0.045854 0.325182 0.091685 0.301376 0.817575
1 0.684604 0.354204 0.194427 0.166712 0.924142
1 0.045784 0.326340 0.091637 0.300301 0.075858
2 0.315192 0.325219 0.164896 0.087003 0.002473
2 0.346320 0.319666 0.102081 0.077611 0.002473
2 0.315049 0.325733 0.171610 0.087876 0.004070
2 0.344758 0.321714 0.104614 0.079704 0.004070
3 0.455781 0.300800 0.023068 0.051357 0.001501
3 0.169927 0.310034 0.082389 0.107085 0.001501
3 0.188587 0.316442 0.045046 0.093181 0.001501
3 0.192056 0.317081 0.037358 0.093603 0.004070
3 0.194070 0.315495 0.038623 0.097208 0.002473
3 0.370315 0.317194 0.051341 0.079199 0.004070
3 0.379728 0.317152 0.034750 0.079371 0.002473
3 0.379798 0.317121 0.034676 0.079441 0.002473
3 0.474982 0.314052 0.019211 0.028939 0.002473
3 0.501893 0.306677 0.018278 0.043635 0.182426
3 0.503118 0.307660 0.018821 0.041753 0.731059
3 0.532782 0.316484 0.015679 0.033836 0.006693
3 0.173761 0.313893 0.077553 0.099606 0.001501
3 0.191549 0.317481 0.042086 0.091300 0.001501
3 0.193040 0.318833 0.035768 0.088593 0.001501
3 0.371611 0.317548 0.053581 0.078715 0.004070
3 0.379992 0.317161 0.034239 0.079273 0.001501
3 0.380505 0.316324 0.033203 0.081016 0.001501
3 0.502625 0.306644 0.019741 0.043990 0.119203
3 0.502357 0.307615 0.017354 0.041836 0.731059
3 0.532017 0.315916 0.014193 0.029843 0.006693
3 0.045863 0.325270 0.091679 0.303057 0.006693
3 0.370497 0.317710 0.051420 0.082935 0.001501
3 0.378142 0.317479 0.035739 0.083273 0.004070
3 0.379812 0.317485 0.032393 0.083154 0.001501
3 0.380588 0.319207 0.033153 0.079814 0.001501
3 0.045827 0.326724 0.091690 0.305307 0.001501
3 0.046603 0.328053 0.090166 0.303024 0.002473
3 0.045809 0.327908 0.091605 0.302819 0.017986
3 0.045813 0.325405 0.091699 0.302005 0.002473
3 0.045247 0.323943 0.090535 0.300890 0.004070
3 0.045854 0.325182 0.091685 0.301376 0.010987
4 0.571556 0.330754 0.021366 0.041734 0.006693
4 0.574220 0.330736 0.023817 0.041790 0.017986
4 0.591449 0.330841 0.020352 0.031849 0.001501
4 0.564950 0.330091 0.032803 0.043430 0.002473
4 0.571557 0.330696 0.021351 0.041869 0.029312
4 0.575060 0.332053 0.025258 0.039220 0.029312
4 0.584467 0.333519 0.028155 0.031786 0.002473
5 0.449235 0.319473 0.017885 0.038077 0.029312
5 0.452219 0.317727 0.018223 0.036533 0.029312
5 0.538242 0.319574 0.012938 0.042722 0.006693
5 0.570878 0.323421 0.021217 0.050582 0.004070
5 0.046023 0.324908 0.092089 0.304144 0.001501
5 0.449454 0.321957 0.015979 0.032641 0.500000
5 0.451327 0.321967 0.016642 0.032759 0.377541
5 0.532017 0.315916 0.014193 0.029843 0.002473
5 0.538521 0.321549 0.013477 0.043450 0.017986
5 0.561890 0.327554 0.036077 0.037509 0.004070
5 0.571556 0.330754 0.021366 0.041734 0.119203
5 0.574220 0.330736 0.023817 0.041790 0.047426
5 0.591449 0.330841 0.020352 0.031849 0.001501
5 0.451224 0.326322 0.016816 0.038802 0.001501
5 0.535599 0.322995 0.015503 0.049979 0.004070
5 0.538810 0.323316 0.012897 0.048565 0.004070
5 0.564950 0.330091 0.032803 0.043430 0.006693
5 0.571557 0.330696 0.021351 0.041869 0.119203
5 0.575060 0.332053 0.025258 0.039220 0.047426
