0 0.410358 0.307977 0.025264 0.070899 0.004070
0 0.418280 0.307750 0.016688 0.064721 0.002473
0 0.672327 0.316493 0.016742 0.096519 0.119203
0 0.673107 0.318384 0.018207 0.100338 0.029312
0 0.411428 0.322935 0.030585 0.053259 0.010987
0 0.418580 0.317084 0.018739 0.045893 0.047426
0 0.459651 0.315985 0.016558 0.045405 0.002473
0 0.472875 0.316414 0.015292 0.033976 0.002473
0 0.482474 0.319439 0.007075 0.037997 0.029312
0 0.490288 0.320078 0.008858 0.041048 0.010987
0 0.672260 0.321360 0.016551 0.101210 0.119203
0 0.672920 0.321363 0.017855 0.106182 0.017986
0 0.412370 0.327893 0.025348 0.057767 0.010987
0 0.417227 0.322072 0.018673 0.050582 0.047426
0 0.423657 0.315016 0.018228 0.032010 0.001501
0 0.457169 0.322557 0.011364 0.032157 0.006693
0 0.472833 0.320506 0.012767 0.025721 0.017986
0 0.481791 0.321193 0.005647 0.034070 0.182426
0 0.490906 0.322762 0.006877 0.035041 0.047426
0 0.672339 0.324235 0.016688 0.106841 0.075858
0 0.672954 0.321623 0.017806 0.106536 0.017986
0 0.412391 0.329926 0.022220 0.058468 0.002473
0 0.413937 0.328278 0.022147 0.061659 0.006693
0 0.482472 0.323774 0.007025 0.042294 0.002473
0 0.534999 0.327932 0.012246 0.036982 0.002473
0 0.672178 0.324246 0.016392 0.106978 0.075858
0 0.673418 0.324416 0.018749 0.101454 0.006693
0 0.671589 0.323131 0.018355 0.104251 0.029312
1 0.075189 0.171963 0.153377 0.219273 0.002473
1 0.075371 0.174298 0.156002 0.222868 0.004070
1 0.074460 0.190404 0.159763 0.258582 0.001501
1 0.275042 0.324897 0.175093 0.128507 0.924142
1 0.274243 0.324894 0.173537 0.128492 0.924142
1 0.274990 0.325157 0.175039 0.127976 0.924142
1 0.345621 0.303342 0.027969 0.037421 0.001501
1 0.347192 0.304379 0.027593 0.040027 0.002473
1 0.386364 0.308190 0.060763 0.040297 0.001501
1 0.389268 0.315808 0.071411 0.056962 0.002473
1 0.408596 0.320765 0.036806 0.048923 0.029312
1 0.411428 0.322935 0.030585 0.053259 0.017986
1 0.418580 0.317084 0.018739 0.045893 0.010987
1 0.472875 0.316414 0.015292 0.033976 0.002473
1 0.583589 0.337900 0.076973 0.079272 0.880797
1 0.275028 0.324868 0.175042 0.128435 0.924142
1 0.274998 0.324892 0.171986 0.128493 0.880797
1 0.274974 0.325077 0.175071 0.128124 0.924142
1 0.381479 0.321017 0.079225 0.059714 0.002473
1 0.392952 0.323556 0.067788 0.053643 0.010987
1 0.408214 0.325316 0.033795 0.057072 0.075858
1 0.412370 0.327893 0.025348 0.057767 0.017986
1 0.417227 0.322072 0.018673 0.050582 0.006693
1 0.472833 0.320506 0.012767 0.025721 0.119203
1 0.502358 0.314948 0.010782 0.020991 0.029312
1 0.523866 0.320365 0.014808 0.020865 0.622459
1 0.525481 0.321653 0.016144 0.023506 0.075858
1 0.542692 0.329188 0.018151 0.028526 0.006693
1 0.583083 0.336665 0.075857 0.076757 0.924142
1 0.584026 0.337307 0.076158 0.075400 0.924142
1 0.583636 0.337318 0.076942 0.075398 0.880797
1 0.275009 0.324897 0.175004 0.128489 0.817575
1 0.274992 0.324310 0.171974 0.127023 0.924142
1 0.275737 0.324328 0.176581 0.127060 0.880797
1 0.407523 0.329307 0.034412 0.059716 0.004070
1 0.534999 0.327932 0.012246 0.036982 0.001501
1 0.540305 0.330483 0.016692 0.031602 0.004070
1 0.583994 0.338604 0.076198 0.077919 0.924142
1 0.583644 0.338593 0.076912 0.077930 0.924142
1 0.583634 0.337319 0.076933 0.075383 0.880797
1 0.583635 0.336670 0.076933 0.076696 0.001501
1 0.274981 0.324997 0.172042 0.128394 0.924142
1 0.583450 0.337363 0.075099 0.075402 0.924142
1 0.583624 0.338599 0.076940 0.077948 0.880797
1 0.584003 0.338605 0.076191 0.077939 0.880797
1 0.077159 0.322678 0.154366 0.543175 0.777300
1 0.077962 0.322352 0.155849 0.543666 0.851953
1 0.078051 0.322630 0.153075 0.543210 0.851953
1 0.076569 0.323958 0.156133 0.540159 0.880797
1 0.077850 0.321184 0.155564 0.546170 0.777300
1 0.077297 0.321736 0.154520 0.542524 0.851953
1 0.077260 0.322582 0.154572 0.544287 0.851953
1 0.076548 0.318049 0.156057 0.543475 0.880797
1 0.077950 0.317920 0.155806 0.549369 0.851953
1 0.077930 0.316779 0.155866 0.547338 0.851953
3 0.502358 0.314948 0.010782 0.020991 0.010987
3 0.523866 0.320365 0.014808 0.020865 0.002473
3 0.077159 0.322678 0.154366 0.543175 0.001927
3 0.077962 0.322352 0.155849 0.543666 0.001170
3 0.077850 0.321184 0.155564 0.546170 0.001501
4 0.408214 0.325316 0.033795 0.057072 0.001501
4 0.412370 0.327893 0.025348 0.057767 0.006693
4 0.417227 0.322072 0.018673 0.050582 0.001501
4 0.407523 0.329307 0.034412 0.059716 0.010987
4 0.412391 0.329926 0.022220 0.058468 0.047426
4 0.413937 0.328278 0.022147 0.061659 0.047426
4 0.635700 0.346242 0.025607 0.048102 0.001501
5 0.408596 0.320765 0.036806 0.048923 0.002473
5 0.411428 0.322935 0.030585 0.053259 0.047426
5 0.418580 0.317084 0.018739 0.045893 0.017986
5 0.408214 0.325316 0.033795 0.057072 0.004070
5 0.412370 0.327893 0.025348 0.057767 0.119203
5 0.417227 0.322072 0.018673 0.050582 0.075858
5 0.472833 0.320506 0.012767 0.025721 0.006693
5 0.525481 0.321653 0.016144 0.023506 0.004070
5 0.542692 0.329188 0.018151 0.028526 0.017986
5 0.407523 0.329307 0.034412 0.059716 0.006693
5 0.412391 0.329926 0.022220 0.058468 0.075858
5 0.413937 0.328278 0.022147 0.061659 0.075858
5 0.534999 0.327932 0.012246 0.036982 0.010987
5 0.540305 0.330483 0.016692 0.031602 0.002473
