0 0.332864 0.323731 0.033443 0.097563 0.002473
0 0.345947 0.330632 0.062344 0.083519 0.004070
0 0.416761 0.316600 0.008559 0.050149 0.029312
0 0.516685 0.310528 0.005330 0.028197 0.029312
0 0.345975 0.329445 0.059196 0.086235 0.004070
0 0.418069 0.318290 0.008108 0.047394 0.029312
0 0.458457 0.322457 0.014170 0.035415 0.001501
0 0.515917 0.311131 0.006855 0.028691 0.029312
0 0.557085 0.317372 0.015164 0.038148 0.001501
0 0.329981 0.330826 0.027095 0.088868 0.010987
0 0.417993 0.322142 0.011102 0.048548 0.001501
0 0.560594 0.322580 0.013290 0.050616 0.004070
0 0.322596 0.335533 0.014439 0.093522 0.017986
0 0.320341 0.349545 0.012686 0.111835 0.017986
1 0.030449 0.286076 0.061266 0.094480 0.001501
1 0.031198 0.286351 0.059733 0.095325 0.001501
1 0.030630 0.294492 0.061948 0.113690 0.001501
1 0.032587 0.320513 0.061895 0.165201 0.001501
1 0.314652 0.330590 0.101551 0.073052 0.004070
1 0.345947 0.330632 0.062344 0.083519 0.001501
1 0.351075 0.327523 0.069726 0.081455 0.377541
1 0.352301 0.326648 0.067322 0.083313 0.622459
1 0.354115 0.325972 0.063714 0.084559 0.731059
1 0.359588 0.320015 0.050129 0.070318 0.029312
1 0.490667 0.314037 0.021834 0.029007 0.500000
1 0.490711 0.315186 0.021678 0.031229 0.731059
1 0.504397 0.310261 0.010506 0.027792 0.002473
1 0.532036 0.309405 0.011086 0.019640 0.182426
1 0.548977 0.314059 0.015039 0.028936 0.622459
1 0.549708 0.314516 0.016141 0.032521 0.182426
1 0.561572 0.317294 0.023989 0.038209 0.002473
1 0.186915 0.335825 0.032389 0.083431 0.001501
1 0.186295 0.335682 0.031076 0.083556 0.001501
1 0.300569 0.333731 0.122909 0.079350 0.001501
1 0.316838 0.331545 0.103331 0.075146 0.006693
1 0.345975 0.329445 0.059196 0.086235 0.002473
1 0.351092 0.328416 0.067050 0.083397 0.500000
1 0.353121 0.327554 0.062983 0.081574 0.622459
1 0.355716 0.326656 0.060512 0.083315 0.622459
1 0.356712 0.327547 0.055792 0.085119 0.622459
1 0.359461 0.324383 0.053132 0.075444 0.010987
1 0.490256 0.315256 0.022592 0.031076 0.731059
1 0.489917 0.315717 0.020188 0.030170 0.731059
1 0.548732 0.315186 0.016699 0.031210 0.622459
1 0.557085 0.317372 0.015164 0.038148 0.047426
1 0.563826 0.322281 0.019496 0.037618 0.010987
1 0.032729 0.349126 0.065546 0.229165 0.268941
1 0.032688 0.349692 0.065451 0.229804 0.880797
1 0.033245 0.351747 0.066613 0.230917 0.817575
1 0.298359 0.337428 0.099327 0.082979 0.002473
1 0.308595 0.333571 0.082420 0.078197 0.010987
1 0.351584 0.328412 0.068821 0.083554 0.622459
1 0.352555 0.328448 0.064101 0.083479 0.731059
1 0.355662 0.327551 0.060625 0.085282 0.622459
1 0.356334 0.327427 0.056543 0.085596 0.002473
1 0.560594 0.322580 0.013290 0.050616 0.010987
1 0.032733 0.350050 0.065529 0.234075 0.731059
1 0.032707 0.348215 0.065455 0.232484 0.817575
1 0.033240 0.348664 0.066558 0.233378 0.817575
1 0.031960 0.348322 0.067017 0.232712 0.182426
1 0.352456 0.327529 0.064140 0.085342 0.119203
1 0.031953 0.348782 0.067041 0.226615 0.268941
1 0.032706 0.347115 0.065456 0.223832 0.817575
1 0.034002 0.347021 0.065038 0.228599 0.817575
1 0.033247 0.349270 0.066545 0.229612 0.047426
1 0.032724 0.346583 0.065473 0.230558 0.817575
1 0.033225 0.345693 0.066589 0.227081 0.817575
1 0.668780 0.352889 0.209233 0.216257 0.924142
1 0.668794 0.351755 0.209280 0.218510 0.904651
1 0.669770 0.351755 0.210482 0.218559 0.924142
1 0.670778 0.352919 0.211609 0.216267 0.924142
1 0.668786 0.350444 0.209232 0.215915 0.904651
1 0.669362 0.351728 0.211225 0.218421 0.924142
1 0.669754 0.350436 0.210493 0.215873 0.924142
1 0.670472 0.351759 0.212221 0.218531 0.924142
1 0.669401 0.351883 0.211028 0.218669 0.924142
1 0.669707 0.350852 0.210688 0.220764 0.904651
2 0.532036 0.309405 0.011086 0.019640 0.001501
3 0.532036 0.309405 0.011086 0.019640 0.004070
3 0.548977 0.314059 0.015039 0.028936 0.002473
3 0.549708 0.314516 0.016141 0.032521 0.001501
3 0.548732 0.315186 0.016699 0.031210 0.006693
4 0.560594 0.322580 0.013290 0.050616 0.001501
5 0.561572 0.317294 0.023989 0.038209 0.002473
5 0.458457 0.322457 0.014170 0.035415 0.004070
5 0.557085 0.317372 0.015164 0.038148 0.004070
5 0.563826 0.322281 0.019496 0.037618 0.017986
5 0.560594 0.322580 0.013290 0.050616 0.006693
5 0.320341 0.349545 0.012686 0.111835 0.004070
5 0.327428 0.345772 0.025891 0.114708 0.002473
