0 0.152210 0.261683 0.030401 0.089114 0.047426
0 0.152251 0.258467 0.030679 0.082736 0.047426
0 0.137743 0.268841 0.017680 0.085821 0.004070
0 0.152571 0.263503 0.027427 0.091539 0.377541
0 0.152430 0.263972 0.027121 0.091280 0.500000
0 0.156559 0.257614 0.034005 0.076327 0.001501
0 0.136884 0.269171 0.018104 0.086065 0.004070
0 0.153020 0.263658 0.028067 0.092247 0.377541
0 0.152953 0.262534 0.027806 0.089533 0.377541
0 0.157195 0.258767 0.032732 0.079838 0.001501
0 0.636652 0.288169 0.012818 0.058734 0.006693
0 0.638110 0.288540 0.013200 0.059516 0.001501
0 0.147388 0.270977 0.036974 0.089436 0.004070
0 0.152259 0.266619 0.029587 0.097773 0.500000
0 0.153347 0.266706 0.028606 0.096728 0.500000
0 0.156417 0.263172 0.034478 0.085185 0.002473
0 0.423482 0.301564 0.016350 0.048430 0.001501
0 0.636835 0.290861 0.013115 0.058492 0.029312
0 0.637779 0.291219 0.013844 0.059734 0.006693
0 0.065967 0.259703 0.037129 0.251443 0.002473
0 0.152990 0.268420 0.028140 0.100515 0.119203
0 0.153044 0.268435 0.028106 0.099384 0.182426
0 0.398433 0.308133 0.012358 0.041198 0.002473
0 0.403824 0.306237 0.015300 0.036528 0.001501
0 0.423875 0.306927 0.014827 0.036348 0.004070
0 0.636601 0.292015 0.013877 0.061172 0.047426
0 0.637748 0.291235 0.013908 0.059622 0.004070
0 0.065937 0.259775 0.037108 0.251597 0.004070
0 0.152674 0.275281 0.030805 0.114836 0.004070
0 0.153620 0.275143 0.029517 0.114525 0.006693
0 0.424091 0.307811 0.013680 0.037861 0.004070
0 0.633513 0.300947 0.021299 0.075098 0.002473
1 0.531610 0.284328 0.070142 0.092810 0.010987
1 0.531060 0.277344 0.066583 0.077848 0.010987
1 0.532208 0.282874 0.068662 0.089186 0.029312
1 0.532414 0.285764 0.068513 0.094540 0.119203
1 0.531152 0.286001 0.070907 0.094438 0.047426
1 0.531383 0.283658 0.070500 0.090958 0.029312
1 0.007866 0.329976 0.016004 0.137499 0.004070
1 0.423482 0.301564 0.016350 0.048430 0.001501
1 0.531646 0.284697 0.067864 0.091564 0.029312
1 0.532115 0.284781 0.069150 0.091215 0.075858
1 0.530899 0.284544 0.069688 0.091938 0.075858
1 0.531241 0.284354 0.070821 0.092687 0.029312
1 0.009675 0.343698 0.019506 0.146437 0.017986
1 0.011122 0.333066 0.022603 0.140238 0.004070
1 0.423875 0.306927 0.014827 0.036348 0.010987
1 0.426497 0.307619 0.016286 0.032679 0.029312
1 0.471469 0.322864 0.078995 0.113963 0.924142
1 0.471362 0.322002 0.079212 0.115671 0.924142
1 0.471519 0.320884 0.078903 0.113439 0.880797
1 0.533275 0.287822 0.057352 0.085830 0.006693
1 0.531853 0.284743 0.064964 0.092195 0.017986
1 0.530508 0.284891 0.070417 0.091931 0.029312
1 0.009679 0.355815 0.019514 0.160731 0.010987
1 0.010619 0.345993 0.021315 0.144614 0.004070
1 0.424091 0.307811 0.013680 0.037861 0.004070
1 0.425838 0.309655 0.015411 0.031514 0.017986
1 0.471516 0.320876 0.078910 0.113478 0.880797
1 0.471541 0.320863 0.078858 0.113453 0.924142
1 0.471519 0.320200 0.078905 0.114774 0.880797
1 0.009962 0.357959 0.020028 0.178665 0.017986
1 0.010665 0.353784 0.021343 0.173927 0.006693
1 0.471472 0.321734 0.078999 0.111672 0.817575
1 0.471540 0.319582 0.078856 0.110889 0.924142
1 0.471519 0.319557 0.078906 0.110946 0.924142
1 0.009503 0.357500 0.019065 0.190606 0.017986
1 0.010786 0.354769 0.021582 0.192035 0.004070
1 0.471530 0.320849 0.078839 0.113504 0.924142
1 0.009500 0.355782 0.019060 0.190733 0.017986
1 0.010227 0.351866 0.020497 0.206903 0.002473
1 0.009954 0.358029 0.020007 0.191468 0.006693
1 0.010621 0.352175 0.021370 0.209744 0.001501
1 0.009633 0.350740 0.019580 0.212402 0.002473
2 0.531610 0.284328 0.070142 0.092810 0.010987
2 0.531637 0.282724 0.070084 0.089689 0.001501
2 0.531060 0.277344 0.066583 0.077848 0.010987
2 0.532208 0.282874 0.068662 0.089186 0.017986
2 0.532414 0.285764 0.068513 0.094540 0.047426
2 0.531152 0.286001 0.070907 0.094438 0.017986
2 0.531383 0.283658 0.070500 0.090958 0.017986
2 0.531646 0.284697 0.067864 0.091564 0.006693
2 0.532115 0.284781 0.069150 0.091215 0.029312
2 0.530899 0.284544 0.069688 0.091938 0.017986
2 0.531241 0.284354 0.070821 0.092687 0.006693
2 0.530508 0.284891 0.070417 0.091931 0.002473
3 0.471510 0.248142 0.040286 0.038310 0.001501
3 0.470321 0.248246 0.042637 0.038650 0.004070
3 0.531060 0.277344 0.066583 0.077848 0.002473
3 0.531383 0.283658 0.070500 0.090958 0.001501
4 0.398636 0.326892 0.014352 0.039347 0.001501
4 0.398922 0.328496 0.014999 0.047616 0.001501
5 0.401908 0.327215 0.018345 0.044601 0.001501
