0 0.007121 0.245878 0.014288 0.192596 0.002473
0 0.007040 0.249042 0.014108 0.156768 0.004070
0 0.006287 0.254174 0.012606 0.158871 0.004070
0 0.007061 0.246813 0.014154 0.142345 0.002473
0 0.005525 0.251113 0.014132 0.148301 0.001501
0 0.005493 0.257332 0.011016 0.153115 0.002473
0 0.540982 0.316379 0.010212 0.028858 0.006693
0 0.447618 0.339060 0.023482 0.047362 0.001501
1 0.486132 0.316374 0.016554 0.044424 0.004070
1 0.487901 0.313962 0.016335 0.045320 0.004070
1 0.544724 0.316895 0.014897 0.032890 0.006693
1 0.551113 0.316501 0.015025 0.033959 0.002473
1 0.484422 0.317557 0.019164 0.045834 0.002473
1 0.504799 0.319215 0.015459 0.023198 0.731059
1 0.518019 0.319609 0.008294 0.014396 0.001501
1 0.528038 0.317629 0.009454 0.015582 0.006693
1 0.540982 0.316379 0.010212 0.028858 0.010987
3 0.486132 0.316374 0.016554 0.044424 0.010987
3 0.487901 0.313962 0.016335 0.045320 0.004070
3 0.544724 0.316895 0.014897 0.032890 0.001501
3 0.484422 0.317557 0.019164 0.045834 0.004070
3 0.504799 0.319215 0.015459 0.023198 0.029312
3 0.540982 0.316379 0.010212 0.028858 0.002473
4 0.446801 0.336906 0.021799 0.048993 0.002473
4 0.448673 0.336336 0.021988 0.048478 0.002473
4 0.447618 0.339060 0.023482 0.047362 0.010987
4 0.449363 0.340689 0.020537 0.045499 0.010987
4 0.447534 0.343148 0.023443 0.055727 0.001501
4 0.449260 0.343198 0.023506 0.055457 0.001501
