0 0.611909 0.330082 0.015911 0.063787 0.002473
0 0.615119 0.330920 0.020504 0.065370 0.002473
0 0.716050 0.314484 0.042364 0.119578 0.001501
0 0.613860 0.332739 0.019810 0.065823 0.002473
1 0.533133 0.313178 0.028030 0.068990 0.001501
1 0.506958 0.323987 0.083044 0.088632 0.880797
1 0.507484 0.323564 0.081960 0.089581 0.924142
1 0.507492 0.322905 0.081950 0.090861 0.880797
1 0.538574 0.314958 0.017529 0.068808 0.002473
1 0.565503 0.312413 0.025413 0.032563 0.017986
1 0.568120 0.312499 0.019647 0.032082 0.377541
1 0.594247 0.311462 0.014854 0.023864 0.004070
1 0.611909 0.330082 0.015911 0.063787 0.047426
1 0.615119 0.330920 0.020504 0.065370 0.119203
1 0.622157 0.330657 0.034156 0.072514 0.010987
1 0.637916 0.332416 0.061909 0.092973 0.001501
1 0.506808 0.323565 0.080606 0.089543 0.924142
1 0.506800 0.323362 0.080622 0.087350 0.880797
1 0.506942 0.322910 0.083059 0.088254 0.924142
1 0.542240 0.314504 0.013825 0.068270 0.002473
1 0.564602 0.314605 0.023506 0.032600 0.006693
1 0.568149 0.313451 0.019520 0.030153 0.500000
1 0.595965 0.315525 0.011199 0.020118 0.006693
1 0.613869 0.332039 0.019830 0.064329 0.119203
1 0.616828 0.331271 0.025321 0.065408 0.268941
1 0.620267 0.331736 0.029578 0.064687 0.029312
1 0.506939 0.323603 0.083069 0.089531 0.924142
1 0.507473 0.322920 0.081990 0.088257 0.924142
1 0.506273 0.321827 0.084401 0.088673 0.924142
1 0.613938 0.331522 0.019956 0.065471 0.119203
1 0.618437 0.332096 0.026027 0.063833 0.268941
1 0.621111 0.332602 0.030910 0.065619 0.010987
1 0.506926 0.324069 0.083027 0.088641 0.924142
1 0.613860 0.332739 0.019810 0.065823 0.010987
1 0.617791 0.332395 0.025680 0.066390 0.029312
1 0.140552 0.387167 0.281172 0.617980 0.880797
1 0.141051 0.387948 0.282104 0.616613 0.904651
1 0.140988 0.388365 0.281997 0.611175 0.924142
1 0.141209 0.393604 0.279233 0.604722 0.904651
1 0.139738 0.387048 0.282633 0.618358 0.904651
1 0.139672 0.387192 0.282468 0.618262 0.880797
1 0.140981 0.388680 0.281998 0.614831 0.904651
1 0.141007 0.392221 0.281945 0.604473 0.880797
1 0.140440 0.390653 0.280875 0.605109 0.904651
1 0.140998 0.394544 0.282029 0.599802 0.924142
3 0.568120 0.312499 0.019647 0.032082 0.002473
3 0.611909 0.330082 0.015911 0.063787 0.002473
3 0.615119 0.330920 0.020504 0.065370 0.006693
3 0.613869 0.332039 0.019830 0.064329 0.002473
3 0.616828 0.331271 0.025321 0.065408 0.010987
3 0.613938 0.331522 0.019956 0.065471 0.002473
3 0.618437 0.332096 0.026027 0.063833 0.006693
3 0.617791 0.332395 0.025680 0.066390 0.002473
5 0.611909 0.330082 0.015911 0.063787 0.002473
5 0.615119 0.330920 0.020504 0.065370 0.001501
5 0.613869 0.332039 0.019830 0.064329 0.001501
