0 0.377953 0.293743 0.023097 0.074441 0.004070
0 0.379999 0.295756 0.021534 0.078355 0.010987
0 0.386293 0.293772 0.019543 0.074388 0.002473
0 0.378579 0.294968 0.026487 0.075056 0.004070
0 0.380950 0.296309 0.023407 0.079100 0.006693
0 0.385827 0.296090 0.026149 0.072675 0.002473
0 0.401743 0.294631 0.024855 0.062972 0.001501
0 0.378146 0.299871 0.025675 0.084331 0.001501
0 0.380802 0.299946 0.024274 0.086034 0.002473
0 0.386048 0.297332 0.027121 0.076687 0.001501
0 0.598027 0.326706 0.015315 0.070191 0.001501
0 0.598316 0.328109 0.015937 0.073182 0.001501
0 0.380700 0.320520 0.024487 0.120971 0.002473
0 0.387651 0.321195 0.031307 0.115294 0.001501
0 0.821222 0.384834 0.267816 0.788063 0.003173
0 0.832994 0.384016 0.242233 0.792639 0.010987
0 0.846882 0.385473 0.223009 0.789062 0.008577
0 0.822882 0.380236 0.269038 0.788409 0.001170
0 0.841172 0.376818 0.242735 0.792711 0.003173
0 0.836541 0.384880 0.264914 0.778100 0.001501
1 0.007825 0.253524 0.015697 0.065686 0.004070
1 0.029510 0.251089 0.059285 0.071117 0.002473
1 0.036328 0.248460 0.070207 0.075230 0.001501
1 0.010540 0.256531 0.018084 0.057200 0.002473
1 0.019788 0.255811 0.039588 0.058542 0.002473
1 0.027922 0.257507 0.048143 0.058670 0.001501
1 0.044150 0.251091 0.069715 0.083290 0.001501
1 0.067181 0.263327 0.112399 0.105209 0.002473
1 0.064454 0.265570 0.115851 0.109240 0.002473
1 0.009914 0.256197 0.019885 0.058187 0.004070
1 0.063385 0.267023 0.120038 0.115250 0.002473
1 0.446560 0.290396 0.065820 0.067259 0.004070
1 0.446669 0.292641 0.065371 0.071554 0.001501
1 0.447110 0.297796 0.067148 0.081520 0.004070
1 0.446639 0.297217 0.065262 0.080253 0.002473
1 0.446602 0.298725 0.065164 0.083617 0.001501
1 0.598027 0.326706 0.015315 0.070191 0.017986
1 0.599456 0.328279 0.015530 0.073643 0.010987
1 0.628640 0.341527 0.045761 0.098113 0.002473
1 0.446309 0.307362 0.067686 0.104440 0.001501
1 0.598316 0.328109 0.015937 0.073182 0.010987
1 0.601687 0.330900 0.016050 0.067506 0.010987
1 0.625303 0.341224 0.033520 0.070962 0.004070
1 0.629456 0.349483 0.038162 0.093143 0.002473
1 0.598206 0.328589 0.015701 0.073260 0.004070
1 0.601266 0.333696 0.016859 0.062283 0.006693
1 0.625054 0.349841 0.031408 0.076665 0.004070
1 0.629635 0.352200 0.034632 0.093053 0.004070
1 0.631849 0.350729 0.039430 0.096449 0.002473
1 0.628509 0.354010 0.035360 0.087673 0.006693
1 0.629718 0.355312 0.034566 0.092217 0.004070
1 0.632617 0.353905 0.041602 0.095450 0.002473
1 0.629617 0.355295 0.031391 0.091634 0.006693
1 0.629457 0.355362 0.034046 0.095139 0.004070
1 0.507798 0.348294 0.187507 0.196675 0.924142
1 0.509110 0.346210 0.190806 0.197586 0.924142
1 0.508581 0.347469 0.189041 0.195025 0.924142
1 0.508495 0.347409 0.189460 0.194963 0.924142
1 0.507745 0.348348 0.187611 0.196635 0.924142
1 0.508943 0.347503 0.191103 0.194986 0.924142
1 0.509131 0.347515 0.190788 0.195009 0.924142
1 0.508608 0.347482 0.189414 0.194993 0.952574
1 0.507710 0.348553 0.187906 0.196797 0.924142
1 0.509102 0.348573 0.190998 0.196898 0.924142
1 0.071342 0.492722 0.142741 0.513685 0.851953
1 0.070998 0.492665 0.141921 0.514488 0.880797
1 0.070530 0.495737 0.141175 0.508290 0.880797
1 0.069752 0.498672 0.142379 0.506988 0.904651
1 0.071345 0.499653 0.142703 0.500875 0.880797
1 0.070969 0.499620 0.141904 0.500802 0.904651
1 0.070546 0.504465 0.141166 0.496367 0.880797
1 0.069739 0.503467 0.142391 0.493117 0.880797
1 0.070938 0.504674 0.141805 0.485563 0.904651
1 0.072203 0.506755 0.141387 0.481399 0.851953
2 0.067181 0.263327 0.112399 0.105209 0.001501
2 0.063385 0.267023 0.120038 0.115250 0.001501
4 0.959697 0.406398 0.081585 0.264367 0.002473
4 0.973045 0.417952 0.054198 0.295020 0.002473
4 0.988858 0.418950 0.022393 0.300056 0.001501
4 0.958235 0.426205 0.085781 0.283860 0.004070
4 0.960266 0.436707 0.079913 0.291920 0.004070
4 0.988831 0.442122 0.022417 0.281641 0.006693
4 0.957864 0.408818 0.090702 0.304326 0.002473
4 0.957244 0.434919 0.090185 0.265574 0.006693
4 0.956157 0.467382 0.088083 0.212970 0.004070
4 0.988399 0.478778 0.023284 0.203515 0.004070
4 0.957665 0.407269 0.090377 0.317693 0.001501
4 0.955901 0.435923 0.090263 0.270374 0.006693
4 0.955722 0.473103 0.092068 0.201012 0.002473
4 0.955866 0.435975 0.090277 0.268278 0.004070
4 0.955009 0.467882 0.090643 0.211254 0.002473
5 0.959697 0.406398 0.081585 0.264367 0.001501
5 0.956565 0.402387 0.084844 0.310368 0.002473
5 0.958235 0.426205 0.085781 0.283860 0.001501
5 0.957864 0.408818 0.090702 0.304326 0.006693
5 0.957244 0.434919 0.090185 0.265574 0.002473
5 0.957665 0.407269 0.090377 0.317693 0.004070
5 0.955901 0.435923 0.090263 0.270374 0.001501
5 0.956926 0.420121 0.091862 0.294934 0.001501
