0 0.721455 0.284156 0.021718 0.067804 0.001501
0 0.604784 0.329435 0.015530 0.066584 0.002473
0 0.720931 0.287779 0.020759 0.058882 0.002473
0 0.605727 0.330022 0.017390 0.066145 0.001501
0 0.631145 0.356309 0.037795 0.088691 0.002473
0 0.592735 0.341665 0.011882 0.106043 0.006693
1 0.576319 0.327770 0.036044 0.077365 0.731059
1 0.576214 0.328553 0.035851 0.078976 0.817575
1 0.576779 0.329129 0.036998 0.080223 0.047426
1 0.604784 0.329435 0.015530 0.066584 0.029312
1 0.628498 0.324113 0.054098 0.103411 0.001501
1 0.631779 0.328576 0.056045 0.131220 0.001501
1 0.632289 0.337134 0.058644 0.124898 0.001501
1 0.574999 0.328290 0.039453 0.078877 0.047426
1 0.576247 0.328616 0.036203 0.079158 0.817575
1 0.576090 0.328640 0.037198 0.079107 0.817575
1 0.576205 0.329869 0.038158 0.076557 0.268941
1 0.605727 0.330022 0.017390 0.066145 0.047426
1 0.630774 0.347520 0.041413 0.072559 0.010987
1 0.631145 0.356309 0.037795 0.088691 0.119203
1 0.634633 0.355950 0.044810 0.089735 0.047426
1 0.637652 0.351106 0.053535 0.091302 0.002473
1 0.574720 0.329465 0.040040 0.080977 0.006693
1 0.576394 0.329528 0.036194 0.080934 0.817575
1 0.576007 0.329572 0.037796 0.081075 0.817575
1 0.575945 0.330634 0.038641 0.083500 0.377541
1 0.605821 0.333002 0.017630 0.061474 0.075858
1 0.631065 0.355567 0.034374 0.077780 0.029312
1 0.632632 0.356714 0.034444 0.088704 0.075858
1 0.634617 0.356494 0.044341 0.089373 0.075858
1 0.638557 0.353752 0.051481 0.091361 0.010987
1 0.576398 0.329640 0.036556 0.085717 0.622459
1 0.576697 0.327576 0.035318 0.085275 0.622459
1 0.605860 0.338258 0.017631 0.056070 0.010987
1 0.631175 0.359761 0.034366 0.085678 0.047426
1 0.633308 0.358807 0.035798 0.087695 0.047426
1 0.636240 0.356415 0.041792 0.089127 0.047426
1 0.639496 0.357508 0.049912 0.091007 0.006693
1 0.628522 0.358759 0.032143 0.088101 0.047426
1 0.631299 0.357371 0.034456 0.090412 0.029312
1 0.636051 0.357462 0.043844 0.090565 0.010987
1 0.456130 0.350776 0.234482 0.308441 0.014064
1 0.456302 0.351796 0.234256 0.306562 0.939913
1 0.456551 0.350799 0.236875 0.308453 0.924142
1 0.456020 0.351876 0.234802 0.306529 0.939913
1 0.456037 0.351903 0.234773 0.306479 0.939913
1 0.456718 0.351901 0.236541 0.306492 0.939913
1 0.456947 0.351889 0.236184 0.306555 0.924142
1 0.455973 0.350935 0.234910 0.308503 0.952574
1 0.456767 0.351907 0.236445 0.306547 0.939913
1 0.456781 0.351909 0.236422 0.306514 0.924142
1 0.457128 0.350080 0.235791 0.310235 0.851953
1 0.455910 0.351877 0.234997 0.306605 0.006693
1 0.456084 0.351877 0.234746 0.306668 0.001170
3 0.629586 0.288231 0.064063 0.177181 0.001501
3 0.629258 0.300359 0.065795 0.163676 0.006693
3 0.630098 0.295895 0.068040 0.179634 0.004070
3 0.633338 0.297380 0.076909 0.186620 0.002473
3 0.630010 0.302022 0.063953 0.152389 0.006693
3 0.630421 0.303680 0.065480 0.172703 0.004070
3 0.630312 0.309816 0.069566 0.177901 0.004070
3 0.576214 0.328553 0.035851 0.078976 0.001501
3 0.576779 0.329129 0.036998 0.080223 0.002473
3 0.604784 0.329435 0.015530 0.066584 0.006693
3 0.628498 0.324113 0.054098 0.103411 0.002473
3 0.576205 0.329869 0.038158 0.076557 0.001501
3 0.605727 0.330022 0.017390 0.066145 0.017986
3 0.630774 0.347520 0.041413 0.072559 0.001501
3 0.576007 0.329572 0.037796 0.081075 0.001501
3 0.605821 0.333002 0.017630 0.061474 0.029312
5 0.631145 0.356309 0.037795 0.088691 0.001501
5 0.634633 0.355950 0.044810 0.089735 0.001501
5 0.634617 0.356494 0.044341 0.089373 0.001501
5 0.951746 0.404655 0.086093 0.319267 0.004070
5 0.953814 0.397228 0.091628 0.344922 0.004070
