0 0.006618 0.257864 0.013380 0.230168 0.002473
0 0.007324 0.273959 0.014916 0.254396 0.006693
0 0.007266 0.287598 0.014696 0.281018 0.010987
0 0.722358 0.283504 0.019697 0.073106 0.001501
0 0.007369 0.304223 0.014891 0.311965 0.017986
0 0.720981 0.284422 0.020708 0.062647 0.004070
0 0.721727 0.282414 0.022173 0.070568 0.001501
0 0.007135 0.322711 0.017449 0.369063 0.029312
0 0.592608 0.326882 0.011799 0.065837 0.001501
0 0.720894 0.287100 0.020049 0.056961 0.004070
0 0.009077 0.337256 0.018318 0.382331 0.029312
0 0.023778 0.305814 0.047562 0.287852 0.001501
0 0.581198 0.329399 0.020828 0.070466 0.001501
0 0.592974 0.333809 0.008366 0.064077 0.010987
0 0.632820 0.357691 0.037919 0.081385 0.002473
0 0.011272 0.327154 0.022715 0.418234 0.017986
0 0.013929 0.327634 0.027923 0.368480 0.006693
0 0.582802 0.329447 0.019098 0.075378 0.006693
0 0.586897 0.334915 0.016739 0.075194 0.004070
0 0.012566 0.341758 0.025305 0.445319 0.017986
0 0.013590 0.336490 0.030286 0.421284 0.006693
0 0.581751 0.332502 0.019731 0.080660 0.029312
0 0.586708 0.336524 0.017117 0.078792 0.006693
0 0.014205 0.341503 0.028618 0.474201 0.029312
0 0.014558 0.338727 0.029328 0.447076 0.010987
0 0.581759 0.342494 0.015261 0.111623 0.004070
0 0.013414 0.355905 0.030139 0.432259 0.017986
0 0.014542 0.358232 0.029204 0.420982 0.017986
0 0.014345 0.382368 0.028896 0.375081 0.010987
0 0.014831 0.384971 0.029921 0.364922 0.006693
0 0.014189 0.394832 0.028732 0.351045 0.010987
0 0.014805 0.397548 0.029883 0.342442 0.006693
0 0.014891 0.397200 0.030375 0.342930 0.010987
0 0.016100 0.402703 0.029622 0.327772 0.004070
0 0.015297 0.403646 0.031198 0.332418 0.006693
0 0.015215 0.409211 0.031025 0.321446 0.002473
1 0.007135 0.322711 0.017449 0.369063 0.001501
1 0.030387 0.283075 0.057334 0.221767 0.001501
1 0.385973 0.340974 0.022224 0.082815 0.622459
1 0.385943 0.340810 0.025124 0.082513 0.500000
1 0.578678 0.328762 0.021084 0.074446 0.010987
1 0.580309 0.327452 0.020441 0.071683 0.377541
1 0.592608 0.326882 0.011799 0.065837 0.006693
1 0.606460 0.330069 0.016152 0.068786 0.010987
1 0.624023 0.326956 0.050810 0.096775 0.001501
1 0.632288 0.332198 0.058823 0.128365 0.001501
1 0.009077 0.337256 0.018318 0.382331 0.006693
1 0.023778 0.305814 0.047562 0.287852 0.002473
1 0.380469 0.341304 0.030466 0.089499 0.001501
1 0.385939 0.341682 0.025065 0.086239 0.731059
1 0.385957 0.342746 0.025047 0.084143 0.622459
1 0.579733 0.329771 0.023951 0.076513 0.017986
1 0.581198 0.329399 0.020828 0.070466 0.377541
1 0.592974 0.333809 0.008366 0.064077 0.010987
1 0.606811 0.332404 0.019608 0.064364 0.047426
1 0.628350 0.343685 0.042427 0.068130 0.010987
1 0.632820 0.357691 0.037919 0.081385 0.182426
1 0.635320 0.357547 0.046206 0.086408 0.119203
1 0.638367 0.352581 0.052102 0.088336 0.002473
1 0.011272 0.327154 0.022715 0.418234 0.006693
1 0.013929 0.327634 0.027923 0.368480 0.006693
1 0.382349 0.343002 0.032034 0.088091 0.006693
1 0.385925 0.342271 0.025048 0.085096 0.731059
1 0.385959 0.341863 0.025076 0.084095 0.622459
1 0.579264 0.330319 0.022997 0.077252 0.029312
1 0.582802 0.329447 0.019098 0.075378 0.500000
1 0.586897 0.334915 0.016739 0.075194 0.017986
1 0.607009 0.336484 0.020013 0.055122 0.075858
1 0.629830 0.356868 0.032099 0.075176 0.047426
1 0.633192 0.358104 0.035564 0.085687 0.182426
1 0.634622 0.357932 0.041200 0.086086 0.268941
1 0.639449 0.357801 0.049931 0.086972 0.010987
1 0.012566 0.341758 0.025305 0.445319 0.006693
1 0.013590 0.336490 0.030286 0.421284 0.010987
1 0.382158 0.342617 0.031931 0.087183 0.006693
1 0.384574 0.342699 0.025058 0.085588 0.731059
1 0.385929 0.342153 0.025171 0.084731 0.622459
1 0.581751 0.332502 0.019731 0.080660 0.075858
1 0.586708 0.336524 0.017117 0.078792 0.002473
1 0.607409 0.341068 0.018216 0.049263 0.017986
1 0.632110 0.360152 0.036207 0.081316 0.119203
1 0.631745 0.360085 0.035374 0.081358 0.182426
1 0.634681 0.359211 0.041341 0.083530 0.119203
1 0.639487 0.358220 0.052639 0.086003 0.029312
1 0.014205 0.341503 0.028618 0.474201 0.017986
1 0.014558 0.338727 0.029328 0.447076 0.017986
1 0.384397 0.344534 0.022375 0.086793 0.047426
1 0.386431 0.344187 0.026193 0.090452 0.017986
1 0.629772 0.359549 0.034601 0.082875 0.075858
1 0.632197 0.358840 0.033480 0.087473 0.075858
1 0.635495 0.359953 0.042730 0.085353 0.047426
1 0.641662 0.358017 0.048734 0.086828 0.001501
1 0.013414 0.355905 0.030139 0.432259 0.029312
1 0.014542 0.358232 0.029204 0.420982 0.047426
1 0.014345 0.382368 0.028896 0.375081 0.029312
1 0.014831 0.384971 0.029921 0.364922 0.029312
1 0.014189 0.394832 0.028732 0.351045 0.017986
1 0.014805 0.397548 0.029883 0.342442 0.017986
1 0.014891 0.397200 0.030375 0.342930 0.017986
1 0.016100 0.402703 0.029622 0.327772 0.006693
1 0.015297 0.403646 0.031198 0.332418 0.006693
1 0.015215 0.409211 0.031025 0.321446 0.004070
1 0.484405 0.343954 0.190216 0.248185 0.924142
1 0.485390 0.343032 0.193206 0.250066 0.939913
1 0.484791 0.343011 0.192190 0.250132 0.939913
1 0.484320 0.343771 0.190405 0.244312 0.924142
1 0.485293 0.342916 0.193343 0.246031 0.924142
1 0.485521 0.341937 0.192934 0.247938 0.924142
1 0.485477 0.344018 0.193151 0.248151 0.939913
1 0.484673 0.342050 0.192267 0.247801 0.924142
1 0.484729 0.343098 0.192212 0.249930 0.924142
1 0.485485 0.339784 0.193040 0.252313 0.939913
2 0.009077 0.337256 0.018318 0.382331 0.006693
2 0.023778 0.305814 0.047562 0.287852 0.001501
2 0.011272 0.327154 0.022715 0.418234 0.010987
2 0.013929 0.327634 0.027923 0.368480 0.001501
2 0.012566 0.341758 0.025305 0.445319 0.017986
2 0.013590 0.336490 0.030286 0.421284 0.004070
2 0.014205 0.341503 0.028618 0.474201 0.017986
2 0.014558 0.338727 0.029328 0.447076 0.006693
2 0.013414 0.355905 0.030139 0.432259 0.006693
2 0.014542 0.358232 0.029204 0.420982 0.006693
2 0.014345 0.382368 0.028896 0.375081 0.004070
2 0.014831 0.384971 0.029921 0.364922 0.002473
2 0.014189 0.394832 0.028732 0.351045 0.004070
2 0.014805 0.397548 0.029883 0.342442 0.001501
2 0.014891 0.397200 0.030375 0.342930 0.002473
2 0.016100 0.402703 0.029622 0.327772 0.001501
2 0.015297 0.403646 0.031198 0.332418 0.001501
3 0.037004 0.285646 0.063256 0.165929 0.001501
3 0.031802 0.284622 0.059925 0.192703 0.004070
3 0.034744 0.290234 0.062444 0.170142 0.010987
3 0.035769 0.289804 0.061594 0.170707 0.002473
3 0.041044 0.288007 0.068676 0.172546 0.001501
3 0.629079 0.303783 0.067678 0.162836 0.006693
3 0.631694 0.300778 0.071389 0.181977 0.004070
3 0.633167 0.301224 0.077772 0.188944 0.002473
3 0.007369 0.304223 0.014891 0.311965 0.001501
3 0.032035 0.278190 0.060212 0.191954 0.004070
3 0.034898 0.285214 0.063141 0.167868 0.010987
3 0.035706 0.286086 0.059381 0.166225 0.001501
3 0.037523 0.287582 0.059761 0.163919 0.002473
3 0.606444 0.316211 0.018980 0.109976 0.001501
3 0.629592 0.304368 0.065676 0.150272 0.006693
3 0.631625 0.307302 0.068195 0.173632 0.002473
3 0.630993 0.312814 0.073164 0.176002 0.002473
3 0.007135 0.322711 0.017449 0.369063 0.006693
3 0.030387 0.283075 0.057334 0.221767 0.006693
3 0.035110 0.286054 0.062484 0.164058 0.010987
3 0.035726 0.288316 0.059574 0.161529 0.002473
3 0.037682 0.287565 0.058727 0.161857 0.002473
3 0.580309 0.327452 0.020441 0.071683 0.047426
3 0.592608 0.326882 0.011799 0.065837 0.001501
3 0.606460 0.330069 0.016152 0.068786 0.004070
3 0.624023 0.326956 0.050810 0.096775 0.002473
3 0.009077 0.337256 0.018318 0.382331 0.017986
3 0.023778 0.305814 0.047562 0.287852 0.004070
3 0.581198 0.329399 0.020828 0.070466 0.029312
3 0.606811 0.332404 0.019608 0.064364 0.010987
3 0.011272 0.327154 0.022715 0.418234 0.010987
3 0.013929 0.327634 0.027923 0.368480 0.004070
3 0.579264 0.330319 0.022997 0.077252 0.001501
3 0.582802 0.329447 0.019098 0.075378 0.017986
3 0.607009 0.336484 0.020013 0.055122 0.010987
3 0.012566 0.341758 0.025305 0.445319 0.029312
3 0.013590 0.336490 0.030286 0.421284 0.017986
3 0.607409 0.341068 0.018216 0.049263 0.001501
3 0.014205 0.341503 0.028618 0.474201 0.047426
3 0.014558 0.338727 0.029328 0.447076 0.017986
3 0.013414 0.355905 0.030139 0.432259 0.029312
3 0.014542 0.358232 0.029204 0.420982 0.047426
3 0.014345 0.382368 0.028896 0.375081 0.029312
3 0.014831 0.384971 0.029921 0.364922 0.029312
3 0.014189 0.394832 0.028732 0.351045 0.017986
3 0.014805 0.397548 0.029883 0.342442 0.010987
3 0.014891 0.397200 0.030375 0.342930 0.002473
3 0.016100 0.402703 0.029622 0.327772 0.001501
4 0.954802 0.413274 0.091447 0.307651 0.001501
4 0.956323 0.444133 0.091214 0.255850 0.001501
4 0.014891 0.397200 0.030375 0.342930 0.001501
4 0.016100 0.402703 0.029622 0.327772 0.001501
4 0.955197 0.414225 0.093989 0.316222 0.002473
4 0.954392 0.456597 0.092208 0.231221 0.002473
4 0.015297 0.403646 0.031198 0.332418 0.006693
4 0.015215 0.409211 0.031025 0.321446 0.004070
4 0.955071 0.424370 0.093503 0.298449 0.004070
4 0.955476 0.457605 0.093482 0.231803 0.004070
4 0.955325 0.442424 0.094010 0.266368 0.001501
4 0.954823 0.464896 0.091474 0.219574 0.001501
5 0.007135 0.322711 0.017449 0.369063 0.001501
5 0.009077 0.337256 0.018318 0.382331 0.004070
5 0.581198 0.329399 0.020828 0.070466 0.002473
5 0.632820 0.357691 0.037919 0.081385 0.001501
5 0.635320 0.357547 0.046206 0.086408 0.002473
5 0.011272 0.327154 0.022715 0.418234 0.001501
5 0.582802 0.329447 0.019098 0.075378 0.002473
5 0.012566 0.341758 0.025305 0.445319 0.001501
5 0.014205 0.341503 0.028618 0.474201 0.006693
5 0.014558 0.338727 0.029328 0.447076 0.002473
5 0.013414 0.355905 0.030139 0.432259 0.029312
5 0.014542 0.358232 0.029204 0.420982 0.017986
5 0.014345 0.382368 0.028896 0.375081 0.017986
5 0.014831 0.384971 0.029921 0.364922 0.017986
5 0.955303 0.411166 0.090575 0.318265 0.002473
5 0.014189 0.394832 0.028732 0.351045 0.010987
5 0.014805 0.397548 0.029883 0.342442 0.010987
5 0.953791 0.393512 0.088705 0.338621 0.010987
5 0.954802 0.413274 0.091447 0.307651 0.017986
5 0.014891 0.397200 0.030375 0.342930 0.004070
5 0.016100 0.402703 0.029622 0.327772 0.001501
5 0.955381 0.390654 0.093830 0.357197 0.017986
5 0.955197 0.414225 0.093989 0.316222 0.017986
5 0.954392 0.456597 0.092208 0.231221 0.001501
5 0.015297 0.403646 0.031198 0.332418 0.001501
5 0.955262 0.410623 0.091526 0.322099 0.004070
5 0.955071 0.424370 0.093503 0.298449 0.017986
5 0.955476 0.457605 0.093482 0.231803 0.004070
5 0.955325 0.442424 0.094010 0.266368 0.002473
