0 0.721549 0.285304 0.018296 0.070780 0.010987
0 0.723917 0.285841 0.016586 0.071896 0.006693
0 0.721547 0.285400 0.018289 0.065873 0.017986
0 0.722309 0.282453 0.019871 0.070274 0.010987
0 0.604384 0.329642 0.016884 0.066841 0.002473
0 0.720738 0.284197 0.019606 0.067769 0.017986
0 0.721768 0.283774 0.022072 0.068178 0.004070
0 0.593003 0.330250 0.011266 0.041964 0.001501
0 0.628893 0.351715 0.034908 0.074635 0.001501
0 0.720364 0.292776 0.019267 0.078843 0.004070
0 0.600013 0.332511 0.017179 0.058995 0.002473
0 0.629693 0.356294 0.031520 0.078107 0.002473
0 0.606776 0.336402 0.019645 0.059663 0.001501
1 0.554793 0.330269 0.065416 0.102937 0.731059
1 0.556249 0.329339 0.065593 0.101095 0.817575
1 0.555493 0.330247 0.064076 0.102896 0.731059
1 0.596413 0.324231 0.015012 0.052886 0.001501
1 0.604384 0.329642 0.016884 0.066841 0.047426
1 0.611015 0.329695 0.030675 0.077007 0.004070
1 0.624549 0.332312 0.048469 0.095932 0.002473
1 0.555482 0.329803 0.064055 0.100175 0.817575
1 0.555578 0.329337 0.066947 0.101047 0.817575
1 0.555486 0.329570 0.064070 0.104191 0.817575
1 0.593003 0.330250 0.011266 0.041964 0.004070
1 0.605306 0.331316 0.018668 0.064613 0.075858
1 0.611428 0.335204 0.028651 0.059329 0.029312
1 0.628893 0.351715 0.034908 0.074635 0.017986
1 0.632031 0.352809 0.044124 0.077681 0.010987
1 0.554801 0.329591 0.065406 0.104150 0.817575
1 0.555569 0.329577 0.066949 0.104183 0.817575
1 0.554804 0.329560 0.065429 0.104155 0.817575
1 0.600013 0.332511 0.017179 0.058995 0.001501
1 0.605967 0.333596 0.020170 0.060898 0.119203
1 0.618556 0.341102 0.024935 0.058414 0.029312
1 0.629693 0.356294 0.031520 0.078107 0.047426
1 0.632454 0.356603 0.039773 0.084112 0.017986
1 0.639812 0.352953 0.048953 0.077271 0.002473
1 0.554796 0.330245 0.065447 0.102801 0.880797
1 0.606776 0.336402 0.019645 0.059663 0.029312
1 0.629350 0.358624 0.030940 0.083671 0.047426
1 0.630325 0.359074 0.032672 0.083317 0.047426
1 0.632585 0.359241 0.034490 0.083805 0.010987
1 0.640847 0.356128 0.050479 0.087537 0.001501
1 0.627948 0.357865 0.027952 0.086240 0.029312
1 0.629696 0.357609 0.031173 0.086634 0.017986
1 0.633755 0.358207 0.035680 0.086332 0.004070
1 0.021802 0.585325 0.046687 0.521476 0.001501
1 0.023223 0.592580 0.046481 0.494682 0.001501
1 0.023937 0.628905 0.047912 0.409526 0.001501
1 0.250979 0.445749 0.510005 0.877174 0.002473
1 0.244281 0.442421 0.499120 0.854599 0.001501
1 0.250117 0.450605 0.508227 0.872004 0.001927
1 0.251722 0.458758 0.535212 0.874247 0.001170
1 0.251662 0.457657 0.508671 0.865657 0.001501
2 0.250979 0.445749 0.510005 0.877174 0.001927
2 0.255726 0.451102 0.545212 0.868522 0.001170
2 0.244281 0.442421 0.499120 0.854599 0.001501
2 0.250117 0.450605 0.508227 0.872004 0.002473
2 0.251722 0.458758 0.535212 0.874247 0.001501
2 0.251662 0.457657 0.508671 0.865657 0.001927
2 0.250606 0.455298 0.527152 0.870312 0.001501
3 0.620613 0.311561 0.055760 0.130485 0.002473
3 0.625225 0.309310 0.064301 0.141013 0.001501
3 0.546971 0.320241 0.047286 0.085789 0.001501
3 0.605685 0.316083 0.019807 0.101329 0.006693
3 0.619194 0.313400 0.048600 0.111964 0.004070
3 0.624490 0.318688 0.059960 0.130910 0.002473
3 0.554793 0.330269 0.065416 0.102937 0.047426
3 0.556249 0.329339 0.065593 0.101095 0.017986
3 0.555493 0.330247 0.064076 0.102896 0.010987
3 0.604384 0.329642 0.016884 0.066841 0.010987
3 0.611015 0.329695 0.030675 0.077007 0.004070
3 0.624549 0.332312 0.048469 0.095932 0.002473
3 0.555482 0.329803 0.064055 0.100175 0.029312
3 0.555578 0.329337 0.066947 0.101047 0.029312
3 0.555486 0.329570 0.064070 0.104191 0.029312
3 0.605306 0.331316 0.018668 0.064613 0.010987
3 0.611428 0.335204 0.028651 0.059329 0.002473
3 0.554801 0.329591 0.065406 0.104150 0.006693
3 0.555569 0.329577 0.066949 0.104183 0.010987
3 0.554804 0.329560 0.065429 0.104155 0.010987
3 0.605967 0.333596 0.020170 0.060898 0.017986
3 0.618556 0.341102 0.024935 0.058414 0.002473
3 0.554796 0.330245 0.065447 0.102801 0.010987
3 0.606776 0.336402 0.019645 0.059663 0.001501
3 0.270344 0.317823 0.517768 0.635714 0.006693
3 0.266200 0.342695 0.541322 0.695951 0.001170
3 0.268525 0.343710 0.513876 0.687505 0.075858
3 0.270568 0.339662 0.490708 0.668797 0.001927
3 0.263863 0.395025 0.545576 0.801843 0.008577
3 0.265100 0.394048 0.509819 0.794464 0.060087
3 0.255789 0.430951 0.512930 0.858764 0.222700
3 0.260213 0.424880 0.547841 0.854151 0.182426
3 0.262622 0.422869 0.505622 0.844113 0.037327
3 0.245805 0.442839 0.498979 0.872949 0.060087
3 0.250979 0.445749 0.510005 0.877174 0.731059
3 0.255726 0.451102 0.545212 0.868522 0.622459
3 0.258515 0.450925 0.511976 0.855113 0.437824
3 0.233762 0.437638 0.464537 0.836804 0.003173
3 0.244281 0.442421 0.499120 0.854599 0.500000
3 0.250117 0.450605 0.508227 0.872004 0.731059
3 0.251722 0.458758 0.535212 0.874247 0.622459
3 0.256062 0.453752 0.518621 0.857286 0.377541
3 0.245074 0.454239 0.497740 0.837350 0.075858
3 0.251662 0.457657 0.508671 0.865657 0.437824
3 0.250606 0.455298 0.527152 0.870312 0.320821
3 0.254781 0.456385 0.524915 0.834740 0.001927
4 0.630325 0.359074 0.032672 0.083317 0.001501
4 0.627948 0.357865 0.027952 0.086240 0.002473
4 0.629696 0.357609 0.031173 0.086634 0.002473
4 0.955379 0.400526 0.093935 0.344759 0.004070
4 0.961756 0.392386 0.076949 0.377662 0.002473
4 0.988850 0.397486 0.022460 0.362827 0.002473
4 0.954997 0.405927 0.094689 0.322002 0.004070
4 0.954002 0.428767 0.092587 0.285313 0.010987
4 0.987544 0.451234 0.025067 0.253273 0.002473
4 0.954522 0.412433 0.093114 0.319451 0.004070
4 0.953652 0.455102 0.093170 0.237385 0.010987
4 0.980394 0.481181 0.039365 0.193351 0.001501
4 0.955103 0.427187 0.094261 0.292372 0.002473
4 0.954056 0.465120 0.092887 0.216673 0.006693
5 0.604384 0.329642 0.016884 0.066841 0.010987
5 0.611015 0.329695 0.030675 0.077007 0.001501
5 0.605306 0.331316 0.018668 0.064613 0.029312
5 0.611428 0.335204 0.028651 0.059329 0.004070
5 0.628893 0.351715 0.034908 0.074635 0.004070
5 0.632031 0.352809 0.044124 0.077681 0.002473
5 0.605967 0.333596 0.020170 0.060898 0.006693
5 0.618556 0.341102 0.024935 0.058414 0.004070
5 0.629693 0.356294 0.031520 0.078107 0.006693
5 0.632454 0.356603 0.039773 0.084112 0.004070
5 0.606776 0.336402 0.019645 0.059663 0.004070
5 0.629350 0.358624 0.030940 0.083671 0.004070
5 0.630325 0.359074 0.032672 0.083317 0.006693
5 0.632585 0.359241 0.034490 0.083805 0.002473
5 0.627948 0.357865 0.027952 0.086240 0.006693
5 0.629696 0.357609 0.031173 0.086634 0.006693
5 0.633755 0.358207 0.035680 0.086332 0.001501
5 0.955379 0.400526 0.093935 0.344759 0.006693
5 0.955774 0.396277 0.092843 0.332898 0.006693
5 0.954997 0.405927 0.094689 0.322002 0.017986
5 0.954002 0.428767 0.092587 0.285313 0.001501
5 0.955931 0.390160 0.095035 0.354354 0.004070
5 0.954522 0.412433 0.093114 0.319451 0.006693
