0 0.457702 0.271306 0.009698 0.026818 0.001501
0 0.652800 0.326708 0.022686 0.121459 0.002473
0 0.653218 0.328050 0.021687 0.124182 0.622459
0 0.751379 0.300772 0.016462 0.065192 0.029312
0 0.751794 0.299427 0.015640 0.062414 0.182426
0 0.943172 0.303212 0.020657 0.065298 0.002473
0 0.010737 0.323709 0.018551 0.080547 0.001501
0 0.014485 0.320692 0.013110 0.068207 0.006693
0 0.574989 0.319956 0.039379 0.219273 0.377541
0 0.574535 0.322957 0.038561 0.217985 0.182426
0 0.595243 0.318751 0.009764 0.054345 0.006693
0 0.610907 0.317540 0.012416 0.042358 0.006693
0 0.653856 0.329438 0.023220 0.127105 0.622459
0 0.652813 0.329587 0.022459 0.127243 0.731059
0 0.751183 0.302090 0.016783 0.067977 0.047426
0 0.752359 0.300796 0.017229 0.065192 0.119203
0 0.942595 0.311315 0.021812 0.081167 0.001501
0 0.015622 0.321254 0.016125 0.073228 0.004070
0 0.575279 0.316090 0.038816 0.229228 0.817575
0 0.575370 0.318671 0.040332 0.227555 0.817575
0 0.596072 0.321021 0.011445 0.052363 0.004070
0 0.610536 0.318144 0.010501 0.040960 0.006693
0 0.652785 0.330885 0.022637 0.129895 0.622459
0 0.653184 0.329582 0.021709 0.127276 0.731059
0 0.750679 0.301037 0.015779 0.065698 0.029312
0 0.751681 0.299794 0.015891 0.067630 0.075858
0 0.575228 0.317616 0.039816 0.229781 0.817575
0 0.575266 0.318899 0.040557 0.227267 0.731059
0 0.652770 0.330869 0.022607 0.129938 0.500000
0 0.652049 0.329607 0.020936 0.127345 0.731059
0 0.751818 0.310024 0.018704 0.088244 0.006693
0 0.575418 0.317963 0.040210 0.225428 0.731059
0 0.575056 0.320546 0.041386 0.223880 0.817575
0 0.652765 0.329972 0.022615 0.131760 0.622459
0 0.653459 0.330879 0.023900 0.129964 0.731059
0 0.338884 0.360643 0.078459 0.458021 0.029312
0 0.339316 0.358281 0.079183 0.458677 0.006693
0 0.575424 0.317854 0.040663 0.225834 0.817575
0 0.574863 0.319547 0.041316 0.222453 0.731059
0 0.652798 0.329771 0.022695 0.132221 0.010987
0 0.653484 0.330682 0.023914 0.130363 0.731059
0 0.340488 0.354273 0.078172 0.446168 0.622459
0 0.339157 0.353029 0.078595 0.449587 0.731059
0 0.337745 0.352442 0.078379 0.449824 0.029312
0 0.574601 0.317703 0.040748 0.226331 0.017986
0 0.575507 0.318527 0.042244 0.224759 0.010987
0 0.338913 0.354569 0.078367 0.441667 0.817575
0 0.338309 0.354093 0.076810 0.443632 0.731059
0 0.336710 0.353329 0.077000 0.444184 0.377541
0 0.337313 0.358648 0.078556 0.438327 0.001501
0 0.337465 0.358831 0.075221 0.438955 0.500000
0 0.339733 0.355685 0.076711 0.455462 0.268941
0 0.338295 0.356531 0.076537 0.443425 0.817575
0 0.340204 0.355641 0.079634 0.450547 0.622459
0 0.339170 0.356951 0.074645 0.447617 0.777300
0 0.341109 0.355803 0.075069 0.444955 0.095349
0 0.338670 0.353592 0.076465 0.449465 0.003173
1 0.010737 0.323709 0.018551 0.080547 0.002473
1 0.051105 0.321826 0.033742 0.085391 0.001501
1 0.052284 0.318634 0.037989 0.091658 0.001501
1 0.492352 0.333234 0.148659 0.150550 0.880797
1 0.491832 0.332782 0.147354 0.149643 0.880797
1 0.491149 0.333160 0.145994 0.150411 0.880797
1 0.633517 0.320199 0.020199 0.039709 0.010987
1 0.009135 0.324856 0.015325 0.079273 0.001501
1 0.050282 0.339771 0.033601 0.049647 0.075858
1 0.050290 0.339929 0.033701 0.050101 0.119203
1 0.053413 0.340911 0.038416 0.048647 0.010987
1 0.491879 0.332115 0.147427 0.150987 0.924142
1 0.491916 0.332113 0.147077 0.150987 0.880797
1 0.491299 0.332498 0.145842 0.151751 0.817575
1 0.621060 0.319196 0.011367 0.023219 0.119203
1 0.633641 0.322852 0.017305 0.034267 0.731059
1 0.034992 0.341091 0.043252 0.040898 0.001501
1 0.050282 0.339946 0.033600 0.049812 0.047426
1 0.050673 0.339998 0.032391 0.049746 0.075858
1 0.052828 0.340440 0.039086 0.050911 0.010987
1 0.491873 0.332834 0.147697 0.149540 0.880797
1 0.491834 0.332736 0.147349 0.149446 0.952574
1 0.491186 0.332735 0.146056 0.149452 0.880797
1 0.632919 0.324758 0.018980 0.040648 0.002473
1 0.051191 0.341796 0.033326 0.047577 0.029312
1 0.051070 0.341614 0.033667 0.047932 0.029312
1 0.053278 0.341292 0.038662 0.051734 0.004070
1 0.491932 0.331921 0.147555 0.150184 0.880797
3 0.050282 0.339771 0.033601 0.049647 0.001501
3 0.050290 0.339929 0.033701 0.050101 0.002473
