0 0.601221 0.328507 0.019558 0.102710 0.006693
0 0.602438 0.327457 0.020184 0.100634 0.006693
0 0.601623 0.330813 0.018738 0.088413 0.500000
0 0.601326 0.330881 0.019298 0.088267 0.622459
0 0.649115 0.326660 0.011468 0.060485 0.047426
0 0.650829 0.326541 0.012750 0.060249 0.010987
0 0.751211 0.301117 0.019538 0.065754 0.001501
0 0.601225 0.330806 0.019531 0.088454 0.500000
0 0.601678 0.331978 0.018591 0.086096 0.731059
0 0.648577 0.325509 0.010855 0.057385 0.047426
0 0.652082 0.327302 0.010246 0.053734 0.017986
0 0.992781 0.371107 0.014518 0.208252 0.001501
0 0.601215 0.330832 0.019509 0.088366 0.622459
0 0.602482 0.330753 0.020045 0.088528 0.622459
0 0.648988 0.326756 0.011664 0.060286 0.075858
0 0.652205 0.325881 0.012682 0.052123 0.017986
0 0.992720 0.378668 0.014693 0.224839 0.001501
0 0.601218 0.330789 0.019525 0.088478 0.622459
0 0.601715 0.330783 0.018525 0.088466 0.817575
1 0.012796 0.269871 0.025680 0.163163 0.006693
1 0.014962 0.268114 0.026934 0.165234 0.002473
1 0.013533 0.276335 0.027160 0.184184 0.004070
1 0.013776 0.277980 0.027574 0.184306 0.006693
1 0.012670 0.283417 0.025435 0.196979 0.004070
1 0.013986 0.283699 0.027932 0.194571 0.010987
1 0.043659 0.297397 0.029634 0.114353 0.029312
1 0.043774 0.290697 0.027817 0.098738 0.017986
1 0.045176 0.286666 0.030221 0.091655 0.006693
1 0.012728 0.285286 0.025552 0.198268 0.002473
1 0.015113 0.285829 0.027172 0.193949 0.006693
1 0.043135 0.303264 0.030651 0.123318 0.017986
1 0.042780 0.301300 0.029803 0.118970 0.047426
1 0.044021 0.298784 0.032136 0.113939 0.029312
1 0.051354 0.281631 0.043870 0.081543 0.001501
1 0.012661 0.283999 0.025410 0.197326 0.001501
1 0.015302 0.284625 0.030636 0.195857 0.004070
1 0.043161 0.303322 0.030599 0.121906 0.047426
1 0.043722 0.305782 0.029495 0.118969 0.029312
1 0.042888 0.304435 0.029989 0.125683 0.029312
1 0.015206 0.278587 0.027383 0.186635 0.001501
1 0.043169 0.323967 0.030584 0.083302 0.029312
1 0.043723 0.334911 0.029494 0.061323 0.029312
1 0.043237 0.334309 0.030728 0.062555 0.029312
1 0.620227 0.320478 0.015493 0.025765 0.377541
1 0.630738 0.318221 0.013938 0.025230 0.010987
1 0.043168 0.338809 0.030595 0.053680 0.010987
1 0.042806 0.340218 0.029764 0.051263 0.004070
1 0.042843 0.340283 0.029897 0.051189 0.017986
1 0.043107 0.342618 0.030644 0.049010 0.017986
1 0.043152 0.341321 0.030560 0.051518 0.029312
1 0.043229 0.340740 0.030699 0.050908 0.017986
1 0.357752 0.372009 0.335088 0.354316 0.924142
1 0.359353 0.374112 0.338273 0.358324 0.924142
1 0.358105 0.374966 0.336996 0.352784 0.924142
1 0.356721 0.375008 0.336612 0.352893 0.939913
1 0.357749 0.372442 0.334965 0.358065 0.924142
1 0.360383 0.371387 0.341320 0.355740 0.924142
1 0.358266 0.372091 0.336619 0.354236 0.924142
1 0.357963 0.373179 0.337219 0.356438 0.924142
1 0.360002 0.373094 0.339565 0.356792 0.924142
1 0.358578 0.372030 0.336040 0.354508 0.924142
2 0.012796 0.269871 0.025680 0.163163 0.006693
2 0.014962 0.268114 0.026934 0.165234 0.004070
2 0.013533 0.276335 0.027160 0.184184 0.001501
2 0.013776 0.277980 0.027574 0.184306 0.002473
2 0.012670 0.283417 0.025435 0.196979 0.001501
2 0.013986 0.283699 0.027932 0.194571 0.002473
2 0.043774 0.290697 0.027817 0.098738 0.002473
2 0.045176 0.286666 0.030221 0.091655 0.001501
2 0.042780 0.301300 0.029803 0.118970 0.001501
2 0.620227 0.320478 0.015493 0.025765 0.004070
2 0.630738 0.318221 0.013938 0.025230 0.001501
3 0.012796 0.269871 0.025680 0.163163 0.006693
3 0.014962 0.268114 0.026934 0.165234 0.004070
3 0.013533 0.276335 0.027160 0.184184 0.006693
3 0.013776 0.277980 0.027574 0.184306 0.004070
3 0.012670 0.283417 0.025435 0.196979 0.010987
3 0.013986 0.283699 0.027932 0.194571 0.017986
3 0.043659 0.297397 0.029634 0.114353 0.017986
3 0.043774 0.290697 0.027817 0.098738 0.006693
3 0.045176 0.286666 0.030221 0.091655 0.004070
3 0.012728 0.285286 0.025552 0.198268 0.006693
3 0.015113 0.285829 0.027172 0.193949 0.017986
3 0.043135 0.303264 0.030651 0.123318 0.017986
3 0.042780 0.301300 0.029803 0.118970 0.017986
3 0.044021 0.298784 0.032136 0.113939 0.010987
3 0.051354 0.281631 0.043870 0.081543 0.001501
3 0.012661 0.283999 0.025410 0.197326 0.002473
3 0.015302 0.284625 0.030636 0.195857 0.006693
3 0.043161 0.303322 0.030599 0.121906 0.010987
3 0.043722 0.305782 0.029495 0.118969 0.010987
3 0.042888 0.304435 0.029989 0.125683 0.006693
3 0.620456 0.316468 0.019117 0.033800 0.001501
3 0.010803 0.286694 0.021694 0.211524 0.001501
3 0.015206 0.278587 0.027383 0.186635 0.002473
3 0.043169 0.323967 0.030584 0.083302 0.002473
3 0.043723 0.334911 0.029494 0.061323 0.002473
3 0.043237 0.334309 0.030728 0.062555 0.001501
3 0.620227 0.320478 0.015493 0.025765 0.047426
3 0.630738 0.318221 0.013938 0.025230 0.004070
3 0.679804 0.338564 0.026160 0.067776 0.001501
4 0.555157 0.333312 0.018431 0.046911 0.029312
4 0.553844 0.335592 0.022222 0.047419 0.001501
4 0.557340 0.334603 0.020628 0.044448 0.075858
4 0.566305 0.336357 0.011784 0.040815 0.002473
5 0.555157 0.333312 0.018431 0.046911 0.002473
5 0.557340 0.334603 0.020628 0.044448 0.004070
