0 0.007977 0.269397 0.016042 0.197055 0.001501
0 0.018400 0.269907 0.036869 0.197991 0.001501
0 0.011073 0.274604 0.022235 0.213778 0.001501
0 0.601621 0.310802 0.028251 0.144580 0.006693
0 0.612987 0.307175 0.018285 0.116114 0.002473
0 0.785269 0.279893 0.021594 0.061310 0.002473
0 0.408363 0.322627 0.025166 0.103664 0.017986
0 0.409419 0.321621 0.025427 0.101774 0.010987
0 0.499979 0.307904 0.019510 0.060984 0.002473
0 0.504848 0.314333 0.015949 0.069353 0.047426
0 0.512627 0.316262 0.025861 0.078140 0.006693
0 0.611327 0.309275 0.017846 0.098840 0.001501
0 0.408861 0.326622 0.024272 0.111676 0.075858
0 0.409412 0.326621 0.025440 0.111651 0.047426
0 0.500599 0.314257 0.018349 0.070430 0.006693
0 0.504876 0.315565 0.015637 0.069477 0.029312
0 0.513303 0.316568 0.026741 0.072980 0.029312
0 0.599998 0.335992 0.035722 0.194874 0.002473
0 0.612799 0.315486 0.014929 0.076889 0.001501
0 0.628289 0.322452 0.012742 0.048485 0.006693
0 0.646747 0.329436 0.012775 0.072204 0.004070
0 0.652454 0.325585 0.017445 0.092683 0.002473
0 0.783234 0.285375 0.020117 0.070838 0.002473
0 0.785146 0.284241 0.021802 0.062855 0.001501
0 0.406753 0.329451 0.030849 0.122623 0.002473
0 0.408322 0.328727 0.025413 0.120939 0.047426
0 0.408947 0.329256 0.026358 0.116977 0.017986
0 0.502433 0.317666 0.022140 0.078681 0.006693
0 0.505827 0.318756 0.017613 0.076233 0.029312
0 0.513537 0.318330 0.027155 0.074150 0.017986
0 0.613785 0.325310 0.011838 0.058751 0.006693
0 0.628863 0.326403 0.007760 0.041842 0.047426
0 0.646219 0.331862 0.014569 0.071425 0.004070
0 0.409407 0.328933 0.025394 0.121489 0.075858
0 0.409977 0.329215 0.027024 0.122050 0.047426
0 0.510105 0.319694 0.020374 0.075162 0.029312
0 0.514310 0.319978 0.025647 0.077533 0.017986
0 0.551186 0.330621 0.085812 0.350027 0.182426
0 0.596813 0.339330 0.040542 0.206531 0.817575
0 0.595999 0.338225 0.042169 0.203846 0.622459
0 0.614991 0.323029 0.012145 0.060551 0.002473
0 0.627775 0.325741 0.011528 0.043793 0.017986
0 0.648804 0.331815 0.016990 0.076507 0.002473
0 0.409529 0.329295 0.027794 0.122162 0.075858
0 0.410868 0.331788 0.028331 0.122050 0.047426
0 0.511950 0.327594 0.024372 0.095658 0.002473
0 0.518290 0.354560 0.032940 0.154621 0.004070
0 0.550831 0.327777 0.084225 0.345316 0.817575
0 0.550793 0.327039 0.083999 0.346723 0.731059
0 0.551663 0.326741 0.081745 0.348204 0.500000
0 0.595959 0.337849 0.042219 0.205402 0.622459
0 0.596692 0.338570 0.040335 0.203888 0.731059
0 0.595859 0.340073 0.042003 0.204843 0.622459
0 0.650834 0.333609 0.017199 0.073441 0.002473
0 0.409872 0.330700 0.026933 0.125467 0.017986
0 0.410045 0.329416 0.027220 0.128154 0.002473
0 0.550396 0.330565 0.083018 0.348813 0.817575
0 0.549673 0.330604 0.083246 0.348922 0.731059
0 0.550776 0.331006 0.079975 0.348536 0.622459
0 0.596038 0.338328 0.042150 0.206197 0.622459
0 0.596795 0.338371 0.040536 0.204141 0.731059
0 0.595420 0.337514 0.041177 0.205972 0.622459
0 0.550330 0.332870 0.083049 0.339702 0.817575
0 0.550300 0.332914 0.081844 0.339818 0.817575
0 0.550092 0.333945 0.081312 0.342665 0.622459
0 0.596197 0.338427 0.042506 0.211608 0.047426
0 0.596802 0.338550 0.040532 0.208335 0.622459
0 0.596004 0.338474 0.042201 0.208494 0.622459
0 0.550196 0.336352 0.082183 0.337146 0.029312
1 0.018400 0.269907 0.036869 0.197991 0.001501
1 0.011073 0.274604 0.022235 0.213778 0.001501
1 0.018179 0.274355 0.036428 0.203619 0.001501
1 0.653046 0.329077 0.019370 0.081017 0.001501
1 0.648804 0.331815 0.016990 0.076507 0.004070
1 0.653167 0.331557 0.019378 0.076986 0.006693
1 0.650834 0.333609 0.017199 0.073441 0.002473
1 0.653081 0.335246 0.019941 0.069983 0.006693
3 0.674520 0.300445 0.065391 0.190210 0.002473
3 0.675372 0.295210 0.068770 0.202183 0.001501
3 0.653167 0.331557 0.019378 0.076986 0.004070
3 0.653081 0.335246 0.019941 0.069983 0.001501
4 0.030767 0.473735 0.021590 0.039333 0.001501
