1 0.447211 0.320895 0.036503 0.040871 0.377541
1 0.447220 0.320884 0.036422 0.040806 0.500000
1 0.446663 0.320885 0.037516 0.040804 0.377541
1 0.492228 0.316192 0.023893 0.039622 0.029312
1 0.493693 0.316188 0.022200 0.039442 0.377541
1 0.494821 0.316164 0.024784 0.039616 0.004070
1 0.445977 0.321358 0.036194 0.039876 0.817575
1 0.446531 0.321291 0.035081 0.040007 0.880797
1 0.446508 0.320626 0.035083 0.038713 0.880797
1 0.467963 0.320317 0.011274 0.026080 0.010987
1 0.491696 0.317333 0.022812 0.037182 0.075858
1 0.492994 0.318456 0.022059 0.039407 0.731059
1 0.494863 0.318467 0.023990 0.039543 0.010987
2 0.492228 0.316192 0.023893 0.039622 0.004070
2 0.493693 0.316188 0.022200 0.039442 0.017986
3 0.493693 0.316188 0.022200 0.039442 0.002473
