0 0.005569 0.254052 0.011146 0.088549 0.017986
0 0.023575 0.242023 0.043974 0.076155 0.010987
0 0.032456 0.230501 0.019588 0.039629 0.002473
0 0.007667 0.255555 0.015366 0.095549 0.010987
0 0.023337 0.257641 0.043524 0.092114 0.006693
0 0.026734 0.236485 0.032349 0.046441 0.002473
0 0.011206 0.257611 0.022443 0.099641 0.006693
0 0.022188 0.261668 0.044332 0.100874 0.006693
0 0.021421 0.259782 0.043020 0.098194 0.004070
0 0.033810 0.260953 0.043233 0.100367 0.004070
0 0.022949 0.264090 0.042813 0.105992 0.002473
0 0.139832 0.327587 0.020803 0.148367 0.001501
0 0.686206 0.289038 0.012901 0.041799 0.001501
0 0.139560 0.335443 0.020982 0.150832 0.001501
0 0.158444 0.313596 0.044182 0.233046 0.004070
0 0.161471 0.316911 0.038891 0.244509 0.001501
0 0.161282 0.329203 0.040936 0.264634 0.001501
0 0.140102 0.362278 0.024638 0.220340 0.029312
0 0.141468 0.366485 0.025038 0.219794 0.017986
0 0.160611 0.340305 0.047712 0.287573 0.001501
0 0.162747 0.338879 0.047219 0.289205 0.017986
0 0.140140 0.371719 0.027488 0.219772 0.017986
0 0.142193 0.368027 0.028650 0.229712 0.029312
0 0.164018 0.340515 0.054547 0.289571 0.119203
0 0.164547 0.339574 0.050675 0.290473 0.119203
0 0.166765 0.339218 0.053584 0.282605 0.075858
0 0.139826 0.372711 0.029738 0.208041 0.017986
0 0.142386 0.367228 0.028889 0.219771 0.047426
0 0.163789 0.340365 0.056143 0.291897 0.075858
0 0.165667 0.341132 0.051355 0.293121 0.075858
0 0.166622 0.342107 0.054128 0.288344 0.075858
0 0.141665 0.374279 0.030425 0.226768 0.006693
0 0.142919 0.360331 0.032661 0.244652 0.010987
0 0.163281 0.342351 0.059333 0.290623 0.047426
0 0.166489 0.341157 0.051981 0.292825 0.029312
0 0.167192 0.340126 0.053732 0.287429 0.010987
0 0.151045 0.357023 0.048654 0.264207 0.002473
0 0.163126 0.340238 0.060229 0.296859 0.017986
0 0.166063 0.337458 0.053656 0.297052 0.047426
1 0.034258 0.207404 0.066611 0.078099 0.001501
1 0.034699 0.203829 0.066922 0.074592 0.002473
1 0.035534 0.203404 0.068801 0.068589 0.004070
1 0.034020 0.202746 0.070388 0.067249 0.002473
1 0.044622 0.200587 0.094857 0.062994 0.010987
1 0.032904 0.230210 0.062927 0.122824 0.001501
1 0.032141 0.210615 0.064532 0.082904 0.004070
1 0.036644 0.205739 0.075586 0.063191 0.001501
1 0.023575 0.242023 0.043974 0.076155 0.001501
1 0.023337 0.257641 0.043524 0.092114 0.001501
1 0.081385 0.225220 0.126212 0.038085 0.001501
1 0.405911 0.286151 0.105673 0.177947 0.004070
1 0.021421 0.259782 0.043020 0.098194 0.001501
1 0.406313 0.295017 0.106752 0.196728 0.002473
1 0.406487 0.296796 0.107095 0.198042 0.006693
1 0.407107 0.298157 0.111043 0.200631 0.001501
1 0.407479 0.298277 0.109107 0.200803 0.002473
1 0.625873 0.292338 0.023294 0.029951 0.002473
1 0.078192 0.287033 0.144967 0.138901 0.001501
1 0.403886 0.295707 0.101874 0.200501 0.010987
1 0.405856 0.296217 0.105654 0.199742 0.004070
1 0.407425 0.298731 0.111462 0.204735 0.004070
1 0.454388 0.309921 0.019548 0.036623 0.002473
1 0.662859 0.341690 0.042895 0.059424 0.002473
1 0.663967 0.343223 0.044720 0.062255 0.002473
1 0.664068 0.338080 0.046601 0.061818 0.002473
1 0.542350 0.367408 0.211920 0.250058 0.924142
1 0.541616 0.368653 0.210602 0.247575 0.924142
1 0.542297 0.368674 0.212249 0.247652 0.904651
1 0.541337 0.369830 0.211227 0.250021 0.939913
1 0.542364 0.367474 0.212108 0.250022 0.924142
1 0.542296 0.368691 0.212250 0.247608 0.924142
1 0.543147 0.368689 0.213678 0.247614 0.924142
1 0.542326 0.368842 0.212261 0.242988 0.924142
1 0.055799 0.492101 0.111874 0.508848 0.001501
1 0.542125 0.366423 0.212576 0.247732 0.939913
1 0.542383 0.367502 0.212110 0.249912 0.924142
1 0.055339 0.511118 0.111007 0.547267 0.222700
1 0.055344 0.510608 0.110703 0.550341 0.817575
1 0.055454 0.512327 0.110967 0.546971 0.817575
1 0.054923 0.511655 0.112844 0.544237 0.817575
1 0.055710 0.509259 0.111376 0.552919 0.817575
1 0.055319 0.515600 0.110429 0.540321 0.817575
1 0.055759 0.514722 0.111393 0.542827 0.851953
1 0.055463 0.512528 0.110915 0.546723 0.817575
1 0.055777 0.519160 0.111053 0.539091 0.817575
1 0.055941 0.515126 0.111659 0.542267 0.817575
1 0.056616 0.515977 0.109818 0.545895 0.222700
3 0.405911 0.286151 0.105673 0.177947 0.622459
3 0.406313 0.295017 0.106752 0.196728 0.731059
3 0.406524 0.296618 0.109710 0.199029 0.622459
3 0.407889 0.297895 0.109700 0.201599 0.500000
3 0.406487 0.296796 0.107095 0.198042 0.731059
3 0.407107 0.298157 0.111043 0.200631 0.500000
3 0.407479 0.298277 0.109107 0.200803 0.500000
3 0.403886 0.295707 0.101874 0.200501 0.622459
3 0.405856 0.296217 0.105654 0.199742 0.622459
3 0.407425 0.298731 0.111462 0.204735 0.377541
