0 0.505279 0.314505 0.011631 0.032712 0.002473
0 0.470054 0.316438 0.007213 0.029248 0.002473
0 0.505577 0.320211 0.008110 0.026381 0.010987
0 0.453891 0.315764 0.011554 0.067328 0.001501
1 0.294735 0.284639 0.123492 0.118309 0.002473
1 0.295429 0.285170 0.131806 0.106537 0.001501
1 0.273181 0.297677 0.089776 0.085850 0.017986
1 0.289510 0.298219 0.118735 0.087117 0.075858
1 0.295637 0.296325 0.128630 0.088003 0.268941
1 0.296299 0.293856 0.130547 0.083013 0.182426
1 0.292496 0.288548 0.132663 0.077455 0.268941
1 0.296030 0.285797 0.123417 0.077274 0.119203
1 0.303367 0.283386 0.106396 0.077361 0.029312
1 0.322220 0.280688 0.073791 0.072454 0.002473
1 0.260665 0.298732 0.066050 0.084229 0.004070
1 0.274924 0.297627 0.087996 0.085706 0.029312
1 0.293145 0.296519 0.123990 0.087983 0.047426
1 0.297348 0.297808 0.130395 0.086114 0.182426
1 0.297968 0.295983 0.129229 0.086897 0.377541
1 0.295203 0.292094 0.128051 0.078030 0.268941
1 0.296162 0.285580 0.123437 0.075491 0.182426
1 0.306338 0.285472 0.100347 0.070562 0.075858
1 0.321987 0.285637 0.068663 0.066244 0.006693
1 0.451361 0.312068 0.014417 0.077742 0.010987
1 0.260098 0.298998 0.061064 0.085431 0.002473
1 0.266015 0.297715 0.068611 0.084986 0.029312
1 0.285120 0.297601 0.105240 0.085175 0.047426
1 0.291503 0.297796 0.118243 0.085061 0.119203
1 0.298334 0.305075 0.093045 0.073228 0.047426
1 0.309283 0.304473 0.080277 0.075220 0.017986
1 0.312092 0.293064 0.089630 0.074021 0.010987
1 0.318816 0.288492 0.075093 0.070040 0.001501
1 0.410137 0.327000 0.087931 0.117595 0.817575
1 0.410270 0.326830 0.089426 0.117179 0.880797
1 0.410125 0.326839 0.088390 0.117159 0.817575
1 0.453898 0.315433 0.014299 0.071813 0.075858
1 0.493468 0.311205 0.015764 0.026055 0.004070
1 0.505279 0.314505 0.011631 0.032712 0.001501
1 0.569130 0.318566 0.056524 0.041525 0.004070
1 0.574193 0.319333 0.051649 0.045757 0.731059
1 0.572741 0.320068 0.051345 0.043602 0.817575
1 0.573450 0.319353 0.052951 0.045786 0.731059
1 0.572758 0.320249 0.051652 0.043968 0.622459
1 0.258008 0.302656 0.056613 0.078345 0.006693
1 0.259699 0.299200 0.057305 0.082122 0.029312
1 0.263327 0.299841 0.059926 0.083207 0.029312
1 0.279039 0.300461 0.085569 0.082503 0.029312
1 0.304427 0.310880 0.052698 0.070127 0.002473
1 0.410358 0.326830 0.088972 0.117175 0.880797
1 0.409516 0.325893 0.090652 0.119806 0.880797
1 0.409956 0.326828 0.088468 0.117182 0.924142
1 0.454607 0.316637 0.012977 0.065440 0.047426
1 0.493740 0.313965 0.012920 0.021138 0.004070
1 0.525398 0.324124 0.018614 0.023804 0.001501
1 0.569231 0.319494 0.056183 0.046196 0.004070
1 0.573438 0.320416 0.050020 0.044335 0.731059
1 0.574112 0.319987 0.051417 0.043428 0.731059
1 0.572183 0.320443 0.052477 0.044340 0.731059
1 0.572733 0.320144 0.051607 0.043747 0.500000
1 0.409845 0.325804 0.088406 0.119704 0.880797
1 0.409140 0.325697 0.089924 0.119445 0.924142
1 0.410497 0.325582 0.087391 0.119212 0.880797
1 0.453891 0.315764 0.011554 0.067328 0.075858
1 0.573229 0.322301 0.049828 0.047933 0.119203
1 0.572662 0.322101 0.051504 0.051089 0.075858
1 0.409807 0.325688 0.088592 0.119546 0.924142
1 0.945282 0.444637 0.106935 0.464987 0.006693
1 0.945816 0.456024 0.108437 0.450498 0.004070
1 0.945294 0.452593 0.106931 0.435062 0.006693
1 0.946042 0.458621 0.107991 0.438202 0.006693
1 0.945654 0.398186 0.108750 0.557696 0.005220
1 0.946262 0.402572 0.107517 0.545370 0.008577
1 0.126482 0.403158 0.256104 0.659099 0.904651
1 0.128694 0.404818 0.254250 0.656675 0.904651
1 0.128687 0.404806 0.254241 0.657285 0.904651
1 0.946487 0.406531 0.107010 0.552202 0.008577
1 0.946857 0.406683 0.109240 0.548337 0.008577
1 0.949836 0.404157 0.116295 0.557164 0.001501
1 0.128010 0.406046 0.256118 0.662595 0.002473
1 0.126495 0.406232 0.256101 0.662468 0.904651
1 0.128684 0.406333 0.254251 0.661699 0.904651
1 0.127265 0.407360 0.254524 0.658919 0.924142
1 0.128773 0.407935 0.254110 0.649292 0.904651
1 0.947322 0.408407 0.108312 0.545742 0.006693
1 0.946583 0.411678 0.106695 0.540633 0.006693
1 0.126492 0.409982 0.256164 0.655056 0.939913
1 0.128686 0.411499 0.254268 0.651731 0.904651
1 0.127281 0.410706 0.254592 0.650426 0.904651
3 0.297968 0.295983 0.129229 0.086897 0.001501
3 0.445419 0.315761 0.025714 0.090217 0.001501
3 0.451361 0.312068 0.014417 0.077742 0.029312
3 0.453898 0.315433 0.014299 0.071813 0.029312
3 0.493468 0.311205 0.015764 0.026055 0.001501
3 0.454607 0.316637 0.012977 0.065440 0.010987
3 0.453891 0.315764 0.011554 0.067328 0.004070
4 0.298334 0.305075 0.093045 0.073228 0.001501
4 0.331472 0.356450 0.106817 0.187193 0.001501
4 0.332799 0.359865 0.107016 0.186738 0.001501
4 0.330806 0.361019 0.105844 0.181061 0.001501
5 0.297968 0.295983 0.129229 0.086897 0.002473
5 0.295203 0.292094 0.128051 0.078030 0.001501
5 0.298334 0.305075 0.093045 0.073228 0.004070
5 0.309283 0.304473 0.080277 0.075220 0.004070
5 0.505279 0.314505 0.011631 0.032712 0.001501
5 0.304427 0.310880 0.052698 0.070127 0.001501
5 0.454607 0.316637 0.012977 0.065440 0.001501
5 0.505577 0.320211 0.008110 0.026381 0.010987
5 0.517862 0.322579 0.018571 0.026833 0.001501
5 0.331472 0.356450 0.106817 0.187193 0.731059
5 0.332620 0.354424 0.111877 0.191230 0.731059
5 0.334617 0.354882 0.112810 0.191769 0.731059
5 0.573229 0.322301 0.049828 0.047933 0.001501
5 0.332799 0.359865 0.107016 0.186738 0.817575
5 0.331823 0.357751 0.110502 0.187720 0.731059
5 0.333815 0.356966 0.111483 0.189110 0.622459
5 0.332764 0.357853 0.107349 0.190706 0.731059
5 0.331917 0.357541 0.107927 0.191317 0.817575
5 0.332009 0.356733 0.108071 0.192928 0.731059
5 0.330806 0.361019 0.105844 0.181061 0.731059
