0 0.611821 0.324964 0.028654 0.116833 0.001501
0 0.616417 0.329803 0.029795 0.125065 0.002473
0 0.346117 0.302443 0.029210 0.063490 0.001501
0 0.490709 0.310824 0.010689 0.029018 0.001501
0 0.614989 0.335458 0.036162 0.129688 0.001501
0 0.492210 0.315160 0.009826 0.020833 0.004070
0 0.468290 0.324173 0.020919 0.050431 0.006693
0 0.658665 0.342093 0.048771 0.279638 0.817575
0 0.658796 0.340967 0.049164 0.281586 0.817575
0 0.659032 0.341303 0.050203 0.281054 0.731059
0 0.658785 0.341541 0.049165 0.280533 0.817575
0 0.659359 0.342145 0.050239 0.283903 0.817575
0 0.658127 0.340568 0.050493 0.282591 0.731059
0 0.659122 0.340519 0.053263 0.282496 0.731059
0 0.658709 0.339834 0.051621 0.283877 0.817575
0 0.658610 0.339842 0.051483 0.283851 0.817575
0 0.658198 0.338691 0.052553 0.286194 0.731059
1 0.125415 0.304358 0.068206 0.081331 0.047426
1 0.140812 0.299852 0.044203 0.054802 0.017986
1 0.145691 0.301326 0.051291 0.057617 0.004070
1 0.179367 0.305551 0.059828 0.060023 0.002473
1 0.180567 0.306157 0.060732 0.057815 0.001501
1 0.369838 0.303329 0.052878 0.061752 0.001501
1 0.395583 0.299408 0.038501 0.043979 0.047426
1 0.396094 0.298535 0.036443 0.042211 0.119203
1 0.395369 0.297831 0.038170 0.040832 0.075858
1 0.459052 0.314207 0.030411 0.073895 0.006693
1 0.466058 0.312973 0.033879 0.066698 0.004070
1 0.036913 0.322649 0.032772 0.063236 0.001501
1 0.057210 0.317862 0.026531 0.043122 0.004070
1 0.060697 0.315318 0.033082 0.049935 0.004070
1 0.077311 0.318427 0.014886 0.046419 0.006693
1 0.120801 0.294771 0.081729 0.108815 0.001501
1 0.120320 0.295094 0.081002 0.108404 0.010987
1 0.124514 0.306924 0.072899 0.079644 0.002473
1 0.139993 0.305400 0.043783 0.058314 0.075858
1 0.179629 0.313523 0.059352 0.049194 0.817575
1 0.179765 0.313608 0.059590 0.049172 0.817575
1 0.179750 0.312485 0.059555 0.051403 0.731059
1 0.179244 0.313593 0.058494 0.049154 0.817575
1 0.214336 0.312511 0.040316 0.046828 0.622459
1 0.214321 0.311187 0.040345 0.044412 0.731059
1 0.214841 0.311350 0.042326 0.049118 0.622459
1 0.374847 0.307041 0.064380 0.062492 0.004070
1 0.396296 0.300034 0.037013 0.042317 0.047426
1 0.395429 0.299191 0.037718 0.043361 0.182426
1 0.396367 0.299824 0.037625 0.041653 0.075858
1 0.429843 0.326619 0.068372 0.083441 0.817575
1 0.429602 0.327522 0.068899 0.085245 0.924142
1 0.429985 0.328590 0.068134 0.087586 0.924142
1 0.473478 0.320003 0.028187 0.051823 0.182426
1 0.478398 0.319502 0.021330 0.046107 0.182426
1 0.490709 0.310824 0.010689 0.029018 0.004070
1 0.521466 0.309539 0.015207 0.022642 0.010987
1 0.537332 0.311010 0.021952 0.039663 0.001501
1 0.538955 0.308515 0.019171 0.039847 0.001501
1 0.008617 0.329047 0.017497 0.078606 0.001501
1 0.036940 0.330810 0.032770 0.057392 0.001501
1 0.060777 0.320558 0.030538 0.042510 0.006693
1 0.073287 0.324419 0.018839 0.038946 0.010987
1 0.076593 0.324994 0.013905 0.036044 0.075858
1 0.119107 0.299033 0.073314 0.100653 0.017986
1 0.122543 0.307662 0.076988 0.079784 0.029312
1 0.132145 0.312157 0.064321 0.070465 0.017986
1 0.179733 0.312456 0.059553 0.046932 0.731059
1 0.179765 0.314501 0.059592 0.050932 0.817575
1 0.178983 0.315805 0.061055 0.048346 0.817575
1 0.179759 0.313613 0.059547 0.049115 0.731059
1 0.214702 0.311168 0.039778 0.044377 0.622459
1 0.214388 0.312481 0.040320 0.046852 0.731059
1 0.214407 0.312467 0.040459 0.046905 0.622459
1 0.230017 0.313983 0.043941 0.045405 0.001501
1 0.393208 0.303467 0.034049 0.047054 0.004070
1 0.395759 0.302783 0.033378 0.048047 0.006693
1 0.429594 0.327537 0.068880 0.085253 0.924142
1 0.429626 0.327573 0.068838 0.085210 0.880797
1 0.430006 0.327573 0.068093 0.085222 0.880797
1 0.472706 0.324283 0.027596 0.046560 0.268941
1 0.477363 0.321723 0.023361 0.042644 0.500000
1 0.492210 0.315160 0.009826 0.020833 0.006693
1 0.521728 0.312960 0.012839 0.023238 0.001501
1 0.537314 0.312092 0.016734 0.032973 0.002473
1 0.540068 0.314275 0.020130 0.033220 0.001501
1 0.009093 0.341790 0.018475 0.084698 0.001501
1 0.074226 0.325604 0.014254 0.040457 0.004070
1 0.077148 0.325778 0.015109 0.037971 0.010987
1 0.102633 0.326068 0.036801 0.046637 0.004070
1 0.121014 0.314189 0.075461 0.070380 0.002473
1 0.429994 0.326679 0.068092 0.083414 0.880797
1 0.428865 0.327578 0.067312 0.085224 0.880797
1 0.430004 0.326648 0.068091 0.083487 0.880797
1 0.468290 0.324173 0.020919 0.050431 0.182426
1 0.477455 0.321680 0.023260 0.045503 0.047426
1 0.008262 0.363283 0.016609 0.081570 0.001501
1 0.428856 0.326926 0.067325 0.086544 0.924142
3 0.100322 0.293857 0.048456 0.106265 0.268941
3 0.103670 0.294762 0.054124 0.108587 0.268941
3 0.110257 0.294578 0.067317 0.107783 0.268941
3 0.119251 0.293612 0.076495 0.102922 0.010987
3 0.098031 0.292676 0.057897 0.100323 0.017986
3 0.101624 0.294227 0.054312 0.105555 0.268941
3 0.115668 0.294585 0.077167 0.108870 0.268941
3 0.118251 0.296076 0.081734 0.110081 0.268941
3 0.125415 0.304358 0.068206 0.081331 0.010987
3 0.459052 0.314207 0.030411 0.073895 0.004070
3 0.466058 0.312973 0.033879 0.066698 0.001501
3 0.057210 0.317862 0.026531 0.043122 0.001501
3 0.060697 0.315318 0.033082 0.049935 0.001501
3 0.077311 0.318427 0.014886 0.046419 0.002473
3 0.103142 0.294766 0.056014 0.108585 0.377541
3 0.120801 0.294771 0.081729 0.108815 0.377541
3 0.120320 0.295094 0.081002 0.108404 0.182426
3 0.124514 0.306924 0.072899 0.079644 0.001501
3 0.395429 0.299191 0.037718 0.043361 0.001501
3 0.478398 0.319502 0.021330 0.046107 0.001501
3 0.521466 0.309539 0.015207 0.022642 0.001501
3 0.537332 0.311010 0.021952 0.039663 0.001501
3 0.538955 0.308515 0.019171 0.039847 0.002473
3 0.119107 0.299033 0.073314 0.100653 0.047426
4 0.611026 0.344947 0.038921 0.123706 0.001501
4 0.614434 0.343508 0.036700 0.133434 0.002473
4 0.468290 0.324173 0.020919 0.050431 0.004070
4 0.614335 0.347939 0.036914 0.142476 0.001501
5 0.077311 0.318427 0.014886 0.046419 0.001501
5 0.473478 0.320003 0.028187 0.051823 0.010987
5 0.478398 0.319502 0.021330 0.046107 0.017986
5 0.076593 0.324994 0.013905 0.036044 0.001501
5 0.472706 0.324283 0.027596 0.046560 0.006693
5 0.477363 0.321723 0.023361 0.042644 0.002473
5 0.468290 0.324173 0.020919 0.050431 0.047426
5 0.477455 0.321680 0.023260 0.045503 0.001501
