0 0.995757 0.284822 0.008627 0.282219 0.002473
0 0.995733 0.301357 0.008673 0.223724 0.001501
0 0.536622 0.312370 0.021050 0.047381 0.002473
0 0.542950 0.318825 0.020180 0.054620 0.017986
0 0.975656 0.339858 0.018837 0.104181 0.004070
0 0.977248 0.339593 0.014846 0.101182 0.010987
0 0.995044 0.328794 0.010043 0.145116 0.001501
0 0.006318 0.350043 0.013036 0.182996 0.001501
0 0.478183 0.322735 0.012922 0.026466 0.004070
0 0.522221 0.314506 0.008853 0.028232 0.004070
0 0.539107 0.316333 0.018756 0.049677 0.006693
0 0.542440 0.320369 0.018629 0.057736 0.047426
0 0.975315 0.342192 0.016255 0.107146 0.006693
0 0.976584 0.342358 0.013913 0.101438 0.010987
0 0.995037 0.338831 0.010155 0.115138 0.001501
0 0.005506 0.359688 0.011197 0.163140 0.002473
0 0.539969 0.319559 0.020446 0.056482 0.010987
0 0.542485 0.321594 0.018191 0.060094 0.075858
0 0.975373 0.342416 0.016342 0.106854 0.006693
0 0.976969 0.342402 0.015314 0.101498 0.010987
0 0.995793 0.342676 0.009091 0.109661 0.002473
0 0.004815 0.361799 0.009692 0.159854 0.001501
0 0.975887 0.343709 0.017343 0.104250 0.010987
0 0.976854 0.345025 0.015581 0.101683 0.047426
0 0.995303 0.346861 0.010060 0.099527 0.002473
0 0.975940 0.345023 0.017512 0.101778 0.004070
0 0.976693 0.343675 0.016004 0.104429 0.010987
0 0.004846 0.363195 0.009724 0.166849 0.001501
0 0.003882 0.369026 0.007794 0.168453 0.002473
1 0.472450 0.315852 0.024215 0.044982 0.010987
1 0.474417 0.313302 0.020839 0.040303 0.006693
1 0.489963 0.314027 0.017098 0.029000 0.075858
1 0.523784 0.310256 0.013086 0.027629 0.017986
1 0.536622 0.312370 0.021050 0.047381 0.029312
1 0.542950 0.318825 0.020180 0.054620 0.029312
1 0.543486 0.313778 0.027543 0.050324 0.001501
1 0.468672 0.320283 0.029481 0.031603 0.006693
1 0.472475 0.319390 0.024167 0.033490 0.047426
1 0.478183 0.322735 0.012922 0.026466 0.010987
1 0.491221 0.315672 0.014549 0.025747 0.047426
1 0.539107 0.316333 0.018756 0.049677 0.006693
1 0.542440 0.320369 0.018629 0.057736 0.010987
1 0.544891 0.319188 0.027927 0.047460 0.002473
3 0.489963 0.314027 0.017098 0.029000 0.010987
3 0.523784 0.310256 0.013086 0.027629 0.002473
3 0.536622 0.312370 0.021050 0.047381 0.001501
3 0.542950 0.318825 0.020180 0.054620 0.002473
3 0.491221 0.315672 0.014549 0.025747 0.006693
4 0.542440 0.320369 0.018629 0.057736 0.001501
4 0.005506 0.359688 0.011197 0.163140 0.004070
4 0.026926 0.349342 0.051990 0.166630 0.001501
4 0.542485 0.321594 0.018191 0.060094 0.001501
4 0.004815 0.361799 0.009692 0.159854 0.004070
4 0.027652 0.354215 0.055725 0.168217 0.002473
4 0.004846 0.362368 0.009724 0.165048 0.002473
4 0.028446 0.353944 0.054192 0.185418 0.001501
4 0.004846 0.363195 0.009724 0.166849 0.002473
5 0.536622 0.312370 0.021050 0.047381 0.004070
5 0.542950 0.318825 0.020180 0.054620 0.047426
5 0.006318 0.350043 0.013036 0.182996 0.002473
5 0.478183 0.322735 0.012922 0.026466 0.010987
5 0.491221 0.315672 0.014549 0.025747 0.002473
5 0.539107 0.316333 0.018756 0.049677 0.010987
5 0.542440 0.320369 0.018629 0.057736 0.075858
5 0.544891 0.319188 0.027927 0.047460 0.001501
5 0.005506 0.359688 0.011197 0.163140 0.002473
5 0.539969 0.319559 0.020446 0.056482 0.006693
5 0.542485 0.321594 0.018191 0.060094 0.017986
