0 0.434203 0.285241 0.012869 0.061702 0.002473
0 0.424778 0.304818 0.021592 0.055338 0.004070
0 0.428365 0.306745 0.024520 0.063573 0.001501
0 0.465626 0.298433 0.021886 0.055613 0.010987
0 0.524285 0.307911 0.012975 0.061365 0.047426
0 0.527169 0.306992 0.012743 0.062960 0.119203
0 0.587507 0.325596 0.025175 0.128986 0.500000
0 0.588271 0.325736 0.023479 0.125943 0.268941
0 0.361511 0.313864 0.048961 0.236371 0.075858
0 0.361622 0.315805 0.048538 0.232981 0.075858
0 0.427968 0.315351 0.028148 0.067292 0.004070
0 0.428594 0.317626 0.028618 0.066780 0.002473
0 0.463296 0.299681 0.023770 0.050168 0.002473
0 0.466530 0.300855 0.017123 0.049233 0.017986
0 0.509434 0.305828 0.009369 0.018771 0.002473
0 0.521999 0.308480 0.009492 0.054958 0.075858
0 0.527170 0.309677 0.012741 0.057109 0.182426
0 0.587487 0.322234 0.025069 0.128311 0.622459
0 0.588263 0.323132 0.023499 0.126509 0.622459
0 0.362314 0.315077 0.050467 0.234929 0.119203
0 0.361492 0.315223 0.048889 0.239235 0.119203
0 0.427397 0.317412 0.030153 0.068296 0.004070
0 0.428199 0.319086 0.027848 0.070226 0.002473
0 0.468696 0.303804 0.012630 0.045945 0.047426
0 0.522688 0.309229 0.010862 0.057926 0.075858
0 0.526375 0.309244 0.012745 0.058065 0.182426
0 0.587471 0.324549 0.025103 0.124154 0.500000
0 0.587494 0.323204 0.022002 0.126371 0.622459
0 0.101362 0.351516 0.060833 0.287759 0.004070
0 0.103921 0.351841 0.063215 0.289524 0.001501
0 0.360326 0.321834 0.050849 0.220680 0.006693
0 0.363130 0.316243 0.048907 0.232753 0.075858
0 0.360733 0.316568 0.050360 0.231938 0.182426
0 0.361082 0.316607 0.050003 0.231526 0.075858
0 0.426626 0.318086 0.028688 0.067352 0.002473
0 0.427495 0.318056 0.029902 0.067244 0.001501
0 0.586707 0.323838 0.026671 0.125131 0.622459
0 0.587474 0.323307 0.025167 0.126211 0.622459
0 0.102112 0.351723 0.062302 0.287258 0.001501
0 0.362385 0.318448 0.050411 0.228118 0.119203
0 0.360779 0.320762 0.050278 0.228068 0.268941
0 0.585861 0.324024 0.025226 0.125359 0.731059
0 0.587481 0.324237 0.025185 0.124973 0.500000
0 0.362435 0.316089 0.047156 0.232913 0.119203
0 0.362489 0.315017 0.047006 0.234931 0.119203
1 0.463265 0.299112 0.023817 0.052532 0.010987
1 0.465626 0.298433 0.021886 0.055613 0.010987
1 0.463296 0.299681 0.023770 0.050168 0.017986
1 0.466530 0.300855 0.017123 0.049233 0.010987
1 0.482770 0.303350 0.012706 0.023500 0.268941
1 0.489199 0.305750 0.012147 0.018770 0.002473
1 0.509434 0.305828 0.009369 0.018771 0.010987
1 0.527170 0.309677 0.012741 0.057109 0.002473
3 0.463265 0.299112 0.023817 0.052532 0.004070
3 0.465626 0.298433 0.021886 0.055613 0.004070
3 0.463296 0.299681 0.023770 0.050168 0.006693
3 0.466530 0.300855 0.017123 0.049233 0.004070
3 0.482770 0.303350 0.012706 0.023500 0.017986
4 0.428594 0.317626 0.028618 0.066780 0.001501
4 0.427397 0.317412 0.030153 0.068296 0.002473
4 0.428199 0.319086 0.027848 0.070226 0.002473
4 0.435280 0.318131 0.023711 0.055171 0.001501
4 0.426626 0.318086 0.028688 0.067352 0.002473
4 0.427495 0.318056 0.029902 0.067244 0.004070
4 0.432819 0.318929 0.028696 0.071205 0.001501
5 0.428365 0.306745 0.024520 0.063573 0.001501
5 0.463265 0.299112 0.023817 0.052532 0.001501
5 0.465626 0.298433 0.021886 0.055613 0.001501
5 0.427968 0.315351 0.028148 0.067292 0.002473
5 0.428594 0.317626 0.028618 0.066780 0.006693
5 0.436949 0.314316 0.018316 0.051941 0.001501
5 0.463296 0.299681 0.023770 0.050168 0.002473
5 0.466530 0.300855 0.017123 0.049233 0.017986
5 0.527170 0.309677 0.012741 0.057109 0.004070
5 0.427397 0.317412 0.030153 0.068296 0.004070
5 0.428199 0.319086 0.027848 0.070226 0.006693
5 0.435280 0.318131 0.023711 0.055171 0.002473
5 0.461528 0.302309 0.020147 0.049581 0.002473
5 0.468696 0.303804 0.012630 0.045945 0.006693
5 0.526375 0.309244 0.012745 0.058065 0.001501
5 0.426626 0.318086 0.028688 0.067352 0.006693
5 0.427495 0.318056 0.029902 0.067244 0.010987
5 0.432819 0.318929 0.028696 0.071205 0.001501
