1 0.173235 0.336482 0.078430 0.072369 0.001501
1 0.404055 0.316619 0.036818 0.045145 0.002473
1 0.495325 0.317737 0.028821 0.036443 0.002473
1 0.499569 0.317703 0.027662 0.036490 0.001501
1 0.681622 0.316199 0.052610 0.064581 0.001501
1 0.681743 0.317600 0.051777 0.067117 0.004070
1 0.688674 0.324407 0.061055 0.061517 0.001501
1 0.034346 0.361078 0.068735 0.087618 0.880797
1 0.099022 0.355436 0.064490 0.086014 0.731059
1 0.098675 0.356533 0.064096 0.088252 0.731059
1 0.168060 0.330508 0.067509 0.049767 0.017986
1 0.171647 0.337555 0.074790 0.068106 0.182426
1 0.172486 0.342403 0.076942 0.076240 0.268941
1 0.173287 0.340539 0.078225 0.070232 0.377541
1 0.172272 0.336526 0.076890 0.064491 0.268941
1 0.176032 0.331623 0.073346 0.052409 0.017986
1 0.248837 0.340426 0.060641 0.069156 0.817575
1 0.248404 0.341701 0.059323 0.071713 0.817575
1 0.248396 0.339133 0.059733 0.066673 0.817575
1 0.307792 0.339086 0.037561 0.048111 0.880797
1 0.307793 0.339079 0.037523 0.048139 0.817575
1 0.308447 0.338683 0.038892 0.047303 0.817575
1 0.359431 0.331276 0.034359 0.050900 0.500000
1 0.359459 0.330570 0.034269 0.052314 0.622459
1 0.359453 0.331259 0.034322 0.050944 0.731059
1 0.366088 0.328391 0.038980 0.045932 0.002473
1 0.397215 0.331292 0.027509 0.032526 0.731059
1 0.397769 0.329966 0.026458 0.035177 0.731059
1 0.424969 0.327537 0.028199 0.035266 0.731059
1 0.426417 0.327280 0.027992 0.034756 0.731059
1 0.456911 0.322952 0.035926 0.036976 0.377541
1 0.458650 0.322908 0.036060 0.036879 0.377541
1 0.459679 0.322929 0.034442 0.034307 0.182426
1 0.482344 0.326216 0.019041 0.027539 0.047426
1 0.495106 0.321905 0.026283 0.032597 0.029312
1 0.506945 0.322843 0.023958 0.026162 0.017986
1 0.513312 0.324178 0.015505 0.023491 0.017986
1 0.526401 0.320330 0.014379 0.020998 0.004070
1 0.558756 0.320495 0.021295 0.025827 0.002473
1 0.563166 0.322873 0.015807 0.021061 0.002473
1 0.653308 0.325146 0.016976 0.033642 0.002473
1 0.669975 0.328789 0.021194 0.045601 0.075858
1 0.682168 0.327261 0.043193 0.059822 0.029312
1 0.707778 0.339522 0.071989 0.076131 0.880797
1 0.707083 0.338427 0.072614 0.073183 0.817575
1 0.707794 0.339713 0.071981 0.075776 0.880797
1 0.797374 0.361950 0.136410 0.145811 0.377541
1 0.034632 0.361235 0.069299 0.088089 0.880797
1 0.034369 0.361404 0.068764 0.088173 0.880797
1 0.034478 0.361485 0.069007 0.088305 0.817575
1 0.098522 0.355450 0.065484 0.085948 0.880797
1 0.098563 0.356578 0.064705 0.088246 0.817575
1 0.098586 0.355455 0.064740 0.086032 0.817575
1 0.163190 0.348904 0.057774 0.067627 0.004070
1 0.172034 0.345458 0.077424 0.076730 0.182426
1 0.172035 0.344638 0.078114 0.080934 0.377541
1 0.171978 0.342577 0.077879 0.073866 0.377541
1 0.171805 0.338357 0.078254 0.065400 0.377541
1 0.175128 0.333422 0.071985 0.055753 0.029312
1 0.248580 0.340403 0.059693 0.069211 0.817575
1 0.248841 0.341703 0.060646 0.071702 0.880797
1 0.247732 0.342606 0.057969 0.069905 0.817575
1 0.248278 0.340422 0.059503 0.069177 0.731059
1 0.308457 0.338077 0.038917 0.051233 0.817575
1 0.308467 0.339070 0.038872 0.048072 0.880797
1 0.308454 0.339358 0.038885 0.048709 0.817575
1 0.359411 0.330581 0.034316 0.052311 0.622459
1 0.359431 0.330580 0.034263 0.052309 0.731059
1 0.359440 0.330580 0.034293 0.052321 0.622459
1 0.364807 0.329908 0.044671 0.048882 0.002473
1 0.397214 0.332165 0.027449 0.034394 0.622459
1 0.398419 0.332181 0.025133 0.034375 0.622459
1 0.424976 0.328705 0.028214 0.037757 0.622459
1 0.425743 0.328737 0.026641 0.037696 0.622459
1 0.453165 0.325915 0.031638 0.037128 0.017986
1 0.457400 0.324984 0.034033 0.038987 0.017986
1 0.461374 0.325517 0.034336 0.039787 0.002473
1 0.656703 0.327471 0.020202 0.037791 0.001501
1 0.670436 0.328917 0.019214 0.045461 0.119203
1 0.682372 0.329590 0.036223 0.059792 0.017986
1 0.706762 0.338256 0.072183 0.073602 0.880797
1 0.707598 0.339630 0.071641 0.075865 0.880797
1 0.707140 0.339704 0.072527 0.075719 0.880797
1 0.707315 0.338354 0.072978 0.073322 0.880797
1 0.797673 0.362062 0.135565 0.145992 0.880797
1 0.796563 0.361987 0.135048 0.145798 0.880797
1 0.796570 0.363181 0.134974 0.143116 0.817575
1 0.034545 0.360287 0.069113 0.090426 0.880797
1 0.034484 0.361419 0.068994 0.088147 0.880797
1 0.034480 0.361112 0.069001 0.087581 0.880797
1 0.034372 0.361079 0.068767 0.087484 0.001501
1 0.099187 0.355456 0.064622 0.085924 0.817575
1 0.099122 0.355442 0.063597 0.085953 0.817575
1 0.099114 0.354135 0.064371 0.083447 0.817575
1 0.158819 0.362678 0.051510 0.050616 0.010987
1 0.168290 0.359225 0.070758 0.062523 0.029312
1 0.171591 0.347119 0.078332 0.082021 0.182426
1 0.172125 0.345942 0.080660 0.081513 0.268941
1 0.171681 0.344354 0.075493 0.078315 0.182426
1 0.248301 0.341682 0.059576 0.071762 0.817575
1 0.248346 0.340407 0.059484 0.069216 0.817575
1 0.248397 0.341607 0.059283 0.071938 0.817575
1 0.308462 0.339080 0.038930 0.053159 0.075858
1 0.307795 0.340141 0.037534 0.050175 0.029312
1 0.307778 0.340324 0.037549 0.050577 0.017986
1 0.707058 0.339705 0.072741 0.075732 0.817575
1 0.706734 0.339512 0.073348 0.076101 0.880797
1 0.707332 0.339703 0.072949 0.075734 0.880797
1 0.797945 0.360862 0.135024 0.148117 0.731059
1 0.796025 0.361925 0.136137 0.145711 0.817575
1 0.796622 0.359562 0.134906 0.145478 0.880797
1 0.034569 0.361430 0.069176 0.088254 0.817575
1 0.034486 0.360374 0.068993 0.090632 0.880797
1 0.034481 0.360077 0.069004 0.090039 0.817575
1 0.098853 0.355454 0.065589 0.085974 0.817575
1 0.099070 0.355443 0.064387 0.085943 0.817575
1 0.158464 0.365099 0.052490 0.052090 0.002473
1 0.164416 0.360941 0.066744 0.060355 0.004070
1 0.169280 0.351726 0.075840 0.075269 0.010987
1 0.170267 0.349292 0.076299 0.083839 0.017986
1 0.797670 0.362231 0.135563 0.141179 0.817575
1 0.796563 0.362102 0.135048 0.140902 0.880797
1 0.797018 0.361892 0.134115 0.145636 0.880797
1 0.796741 0.361964 0.135158 0.146103 0.047426
1 0.927872 0.343120 0.144210 0.384980 0.437824
1 0.927946 0.343837 0.144193 0.384415 0.562177
1 0.928042 0.343249 0.144048 0.384540 0.148047
1 0.927122 0.342898 0.148341 0.391252 0.377541
1 0.927919 0.342158 0.144107 0.383920 0.679179
1 0.927913 0.342594 0.144209 0.387810 0.679179
1 0.926605 0.341960 0.146811 0.389003 0.679179
1 0.926841 0.343661 0.145643 0.385883 0.437824
1 0.927259 0.343142 0.145426 0.386877 0.777300
1 0.926482 0.341977 0.143943 0.384490 0.777300
1 0.926596 0.342571 0.146830 0.383180 0.777300
1 0.927239 0.345834 0.145471 0.376773 0.148047
1 0.927273 0.346368 0.145534 0.375647 0.060087
1 0.926605 0.349846 0.146766 0.368795 0.029312
2 0.931347 0.297255 0.141404 0.290332 0.001501
2 0.677552 0.307792 0.058456 0.058350 0.006693
2 0.683357 0.312329 0.062195 0.067202 0.029312
2 0.685298 0.311667 0.066348 0.072671 0.017986
2 0.687921 0.307950 0.069853 0.065908 0.004070
2 0.929102 0.263723 0.139351 0.232242 0.004070
2 0.930476 0.266280 0.139163 0.234277 0.001501
2 0.359624 0.328517 0.034384 0.056084 0.004070
2 0.360458 0.326852 0.036030 0.054571 0.001501
2 0.374847 0.319788 0.035974 0.040548 0.006693
2 0.398319 0.320733 0.030389 0.048755 0.010987
2 0.404055 0.316619 0.036818 0.045145 0.075858
2 0.415553 0.320708 0.042692 0.046234 0.010987
2 0.671631 0.312927 0.049326 0.053012 0.075858
2 0.681622 0.316199 0.052610 0.064581 0.075858
2 0.681743 0.317600 0.051777 0.067117 0.047426
2 0.688674 0.324407 0.061055 0.061517 0.002473
2 0.095429 0.347012 0.067569 0.069229 0.004070
2 0.099022 0.355436 0.064490 0.086014 0.017986
2 0.098675 0.356533 0.064096 0.088252 0.004070
2 0.168060 0.330508 0.067509 0.049767 0.002473
2 0.171647 0.337555 0.074790 0.068106 0.002473
2 0.172486 0.342403 0.076942 0.076240 0.001501
2 0.173287 0.340539 0.078225 0.070232 0.001501
2 0.248837 0.340426 0.060641 0.069156 0.006693
2 0.248404 0.341701 0.059323 0.071713 0.010987
2 0.248396 0.339133 0.059733 0.066673 0.004070
2 0.359431 0.331276 0.034359 0.050900 0.010987
2 0.359459 0.330570 0.034269 0.052314 0.017986
2 0.359453 0.331259 0.034322 0.050944 0.017986
2 0.366088 0.328391 0.038980 0.045932 0.004070
2 0.458650 0.322908 0.036060 0.036879 0.002473
2 0.653308 0.325146 0.016976 0.033642 0.001501
2 0.669975 0.328789 0.021194 0.045601 0.001501
2 0.682168 0.327261 0.043193 0.059822 0.002473
2 0.098522 0.355450 0.065484 0.085948 0.006693
2 0.098563 0.356578 0.064705 0.088246 0.002473
2 0.098586 0.355455 0.064740 0.086032 0.001501
2 0.172034 0.345458 0.077424 0.076730 0.001501
2 0.171978 0.342577 0.077879 0.073866 0.001501
2 0.248580 0.340403 0.059693 0.069211 0.010987
2 0.248841 0.341703 0.060646 0.071702 0.001501
2 0.247732 0.342606 0.057969 0.069905 0.002473
2 0.248278 0.340422 0.059503 0.069177 0.001501
2 0.359411 0.330581 0.034316 0.052311 0.010987
2 0.359431 0.330580 0.034263 0.052309 0.017986
2 0.359440 0.330580 0.034293 0.052321 0.017986
2 0.099187 0.355456 0.064622 0.085924 0.001501
2 0.099122 0.355442 0.063597 0.085953 0.001501
2 0.248301 0.341682 0.059576 0.071762 0.001501
2 0.248346 0.340407 0.059484 0.069216 0.004070
2 0.248397 0.341607 0.059283 0.071938 0.001501
2 0.897803 0.280588 0.205125 0.301689 0.001501
2 0.925008 0.282600 0.150741 0.315282 0.004070
2 0.929266 0.283513 0.142241 0.338870 0.001927
2 0.927872 0.343120 0.144210 0.384980 0.022977
2 0.927946 0.343837 0.144193 0.384415 0.095349
2 0.928042 0.343249 0.144048 0.384540 0.037327
2 0.927122 0.342898 0.148341 0.391252 0.001927
2 0.927919 0.342158 0.144107 0.383920 0.003173
2 0.927913 0.342594 0.144209 0.387810 0.014064
2 0.926605 0.341960 0.146811 0.389003 0.017986
2 0.926596 0.342571 0.146830 0.383180 0.001170
3 0.715013 0.308475 0.108916 0.093156 0.001501
3 0.359490 0.328085 0.034731 0.057063 0.001501
3 0.359624 0.328517 0.034384 0.056084 0.006693
3 0.360458 0.326852 0.036030 0.054571 0.004070
3 0.374847 0.319788 0.035974 0.040548 0.001501
3 0.398319 0.320733 0.030389 0.048755 0.002473
3 0.404055 0.316619 0.036818 0.045145 0.002473
3 0.495325 0.317737 0.028821 0.036443 0.001501
3 0.681743 0.317600 0.051777 0.067117 0.001501
3 0.099022 0.355436 0.064490 0.086014 0.001501
3 0.098675 0.356533 0.064096 0.088252 0.002473
3 0.171647 0.337555 0.074790 0.068106 0.001501
3 0.172486 0.342403 0.076942 0.076240 0.001501
3 0.173287 0.340539 0.078225 0.070232 0.001501
3 0.172272 0.336526 0.076890 0.064491 0.002473
3 0.248837 0.340426 0.060641 0.069156 0.006693
3 0.248404 0.341701 0.059323 0.071713 0.004070
3 0.248396 0.339133 0.059733 0.066673 0.006693
3 0.359431 0.331276 0.034359 0.050900 0.029312
3 0.359459 0.330570 0.034269 0.052314 0.119203
3 0.359453 0.331259 0.034322 0.050944 0.182426
3 0.366088 0.328391 0.038980 0.045932 0.004070
3 0.397215 0.331292 0.027509 0.032526 0.010987
3 0.424969 0.327537 0.028199 0.035266 0.006693
3 0.426417 0.327280 0.027992 0.034756 0.006693
3 0.458650 0.322908 0.036060 0.036879 0.002473
3 0.459679 0.322929 0.034442 0.034307 0.001501
3 0.669975 0.328789 0.021194 0.045601 0.002473
3 0.682168 0.327261 0.043193 0.059822 0.010987
3 0.098563 0.356578 0.064705 0.088246 0.001501
3 0.098586 0.355455 0.064740 0.086032 0.002473
3 0.172034 0.345458 0.077424 0.076730 0.006693
3 0.172035 0.344638 0.078114 0.080934 0.004070
3 0.171978 0.342577 0.077879 0.073866 0.004070
3 0.171805 0.338357 0.078254 0.065400 0.004070
3 0.175128 0.333422 0.071985 0.055753 0.002473
3 0.248580 0.340403 0.059693 0.069211 0.006693
3 0.248841 0.341703 0.060646 0.071702 0.004070
3 0.247732 0.342606 0.057969 0.069905 0.004070
3 0.248278 0.340422 0.059503 0.069177 0.004070
3 0.359411 0.330581 0.034316 0.052311 0.029312
3 0.359431 0.330580 0.034263 0.052309 0.119203
3 0.359440 0.330580 0.034293 0.052321 0.182426
3 0.364807 0.329908 0.044671 0.048882 0.001501
3 0.397214 0.332165 0.027449 0.034394 0.006693
3 0.398419 0.332181 0.025133 0.034375 0.002473
3 0.424976 0.328705 0.028214 0.037757 0.004070
3 0.425743 0.328737 0.026641 0.037696 0.004070
3 0.670436 0.328917 0.019214 0.045461 0.004070
3 0.682372 0.329590 0.036223 0.059792 0.006693
3 0.099187 0.355456 0.064622 0.085924 0.001501
3 0.099122 0.355442 0.063597 0.085953 0.004070
3 0.171591 0.347119 0.078332 0.082021 0.006693
3 0.172125 0.345942 0.080660 0.081513 0.004070
3 0.171681 0.344354 0.075493 0.078315 0.006693
3 0.248301 0.341682 0.059576 0.071762 0.001501
3 0.248346 0.340407 0.059484 0.069216 0.006693
3 0.248397 0.341607 0.059283 0.071938 0.006693
3 0.927872 0.343120 0.144210 0.384980 0.005220
3 0.927946 0.343837 0.144193 0.384415 0.008577
3 0.928042 0.343249 0.144048 0.384540 0.004070
3 0.927913 0.342594 0.144209 0.387810 0.003173
3 0.926605 0.341960 0.146811 0.389003 0.004070
5 0.482344 0.326216 0.019041 0.027539 0.004070
5 0.669975 0.328789 0.021194 0.045601 0.002473
5 0.457400 0.324984 0.034033 0.038987 0.002473
5 0.461374 0.325517 0.034336 0.039787 0.001501
5 0.670436 0.328917 0.019214 0.045461 0.006693
5 0.170267 0.349292 0.076299 0.083839 0.001501
