0 0.004270 0.327109 0.008625 0.160017 0.001501
0 0.291117 0.335609 0.021105 0.027383 0.001501
0 0.004268 0.335936 0.008645 0.143620 0.001501
0 0.266699 0.338906 0.014766 0.025749 0.004070
0 0.740947 0.325112 0.035013 0.042334 0.002473
0 0.742085 0.324767 0.034328 0.042979 0.004070
1 0.556824 0.319303 0.044558 0.037746 0.010987
1 0.556814 0.318492 0.044461 0.034834 0.010987
1 0.556776 0.318470 0.044576 0.034887 0.002473
1 0.742951 0.322702 0.036020 0.043292 0.002473
1 0.742159 0.322418 0.037410 0.042689 0.004070
1 0.742204 0.322402 0.037982 0.043889 0.001501
1 0.802838 0.331288 0.094335 0.092563 0.880797
1 0.258786 0.332281 0.025620 0.023954 0.001501
1 0.270702 0.332256 0.033939 0.026513 0.004070
1 0.289360 0.335556 0.024869 0.027300 0.029312
1 0.291117 0.335609 0.021105 0.027383 0.075858
1 0.297959 0.332372 0.030929 0.022239 0.001501
1 0.323004 0.332547 0.029014 0.020510 0.500000
1 0.322243 0.332547 0.027572 0.020507 0.500000
1 0.449923 0.327438 0.019228 0.016936 0.004070
1 0.452442 0.328134 0.020285 0.015537 0.004070
1 0.555764 0.320181 0.044488 0.031434 0.731059
1 0.556245 0.320814 0.043372 0.030176 0.880797
1 0.556237 0.320837 0.043409 0.030158 0.880797
1 0.581433 0.321530 0.018519 0.023757 0.004070
1 0.694597 0.326912 0.036185 0.028888 0.377541
1 0.694829 0.326253 0.036567 0.027592 0.377541
1 0.695935 0.326933 0.042026 0.028947 0.377541
1 0.699049 0.326912 0.046325 0.029057 0.119203
1 0.742711 0.323553 0.035531 0.041276 0.182426
1 0.742176 0.323725 0.034418 0.040640 0.268941
1 0.742211 0.323590 0.037873 0.041291 0.119203
1 0.802946 0.330003 0.094150 0.090086 0.924142
1 0.802845 0.332195 0.094335 0.090751 0.880797
1 0.802726 0.330927 0.094575 0.088222 0.880797
1 0.877103 0.326771 0.058623 0.064742 0.002473
1 0.958030 0.326895 0.064774 0.054655 0.002473
1 0.966369 0.331174 0.067737 0.051527 0.002473
1 0.967220 0.331747 0.065449 0.045895 0.004070
1 0.222025 0.341012 0.033758 0.021259 0.002473
1 0.236456 0.339129 0.021329 0.016879 0.004070
1 0.239754 0.338500 0.015400 0.015481 0.006693
1 0.252941 0.337970 0.030650 0.019430 0.017986
1 0.266699 0.338906 0.014766 0.025749 0.004070
1 0.288970 0.337298 0.025495 0.028835 0.119203
1 0.291936 0.337388 0.022189 0.028506 0.182426
1 0.295700 0.338051 0.026383 0.028559 0.004070
1 0.322990 0.333586 0.029001 0.020924 0.006693
1 0.322982 0.333570 0.029069 0.020915 0.017986
1 0.693939 0.329039 0.034882 0.033239 0.001501
1 0.695472 0.329450 0.034661 0.034021 0.001501
1 0.697141 0.329577 0.039773 0.034252 0.002473
1 0.740947 0.325112 0.035013 0.042334 0.075858
1 0.742085 0.324767 0.034328 0.042979 0.075858
1 0.742197 0.324175 0.038175 0.044223 0.047426
1 0.802951 0.330018 0.094154 0.090052 0.880797
1 0.802844 0.330922 0.094346 0.088246 0.924142
1 0.802729 0.333305 0.094580 0.088548 0.880797
1 0.870855 0.327410 0.048148 0.063511 0.002473
1 0.875708 0.328755 0.059150 0.060711 0.001501
1 0.876667 0.330501 0.060311 0.061019 0.002473
1 0.936773 0.324559 0.043887 0.059372 0.001501
1 0.936966 0.328838 0.042632 0.045676 0.001501
1 0.957505 0.328984 0.058878 0.045704 0.002473
1 0.964758 0.334938 0.067363 0.057934 0.004070
1 0.802847 0.330025 0.094375 0.090115 0.924142
1 0.803599 0.331279 0.095867 0.092618 0.924142
1 0.802784 0.331292 0.094498 0.092638 0.924142
2 0.850082 0.315345 0.044970 0.080299 0.006693
2 0.851681 0.315178 0.042458 0.075978 0.006693
2 0.869525 0.318057 0.066628 0.082272 0.002473
2 0.875946 0.315171 0.070214 0.088756 0.001501
2 0.895440 0.309969 0.101855 0.093758 0.001501
2 0.556824 0.319303 0.044558 0.037746 0.001501
2 0.556814 0.318492 0.044461 0.034834 0.002473
2 0.855538 0.317895 0.038854 0.076087 0.010987
2 0.859031 0.317981 0.043352 0.077073 0.006693
2 0.871819 0.317686 0.064312 0.078274 0.002473
2 0.875414 0.318595 0.064527 0.081711 0.002473
2 0.556237 0.320837 0.043409 0.030158 0.001501
2 0.694829 0.326253 0.036567 0.027592 0.002473
2 0.699049 0.326912 0.046325 0.029057 0.001501
2 0.742711 0.323553 0.035531 0.041276 0.029312
2 0.742176 0.323725 0.034418 0.040640 0.010987
2 0.742211 0.323590 0.037873 0.041291 0.010987
2 0.857449 0.320052 0.038646 0.070894 0.001501
2 0.870056 0.320408 0.054423 0.077780 0.002473
2 0.288970 0.337298 0.025495 0.028835 0.001501
2 0.740947 0.325112 0.035013 0.042334 0.002473
2 0.742085 0.324767 0.034328 0.042979 0.002473
2 0.742197 0.324175 0.038175 0.044223 0.002473
3 0.904122 0.297703 0.122467 0.120717 0.004070
3 0.902367 0.301706 0.122826 0.104876 0.004070
3 0.923319 0.302669 0.075765 0.094350 0.002473
3 0.834862 0.304698 0.064572 0.065570 0.002473
3 0.850082 0.315345 0.044970 0.080299 0.004070
3 0.851681 0.315178 0.042458 0.075978 0.004070
3 0.869525 0.318057 0.066628 0.082272 0.010987
3 0.875946 0.315171 0.070214 0.088756 0.017986
3 0.895440 0.309969 0.101855 0.093758 0.017986
3 0.915993 0.305700 0.096370 0.090653 0.029312
3 0.924725 0.307421 0.073084 0.093018 0.010987
3 0.929265 0.306021 0.060466 0.090157 0.010987
3 0.930801 0.305422 0.054227 0.087395 0.010987
3 0.938371 0.298867 0.045986 0.067301 0.002473
3 0.742951 0.322702 0.036020 0.043292 0.010987
3 0.742159 0.322418 0.037410 0.042689 0.017986
3 0.742204 0.322402 0.037982 0.043889 0.017986
3 0.855538 0.317895 0.038854 0.076087 0.006693
3 0.859031 0.317981 0.043352 0.077073 0.010987
3 0.871819 0.317686 0.064312 0.078274 0.029312
3 0.875414 0.318595 0.064527 0.081711 0.029312
3 0.876504 0.316358 0.064419 0.081258 0.017986
3 0.921132 0.307209 0.083801 0.087866 0.017986
3 0.927144 0.307558 0.071155 0.093068 0.017986
3 0.931975 0.306379 0.058316 0.090429 0.010987
3 0.932293 0.307468 0.054620 0.093126 0.010987
3 0.289360 0.335556 0.024869 0.027300 0.002473
3 0.291117 0.335609 0.021105 0.027383 0.004070
3 0.699049 0.326912 0.046325 0.029057 0.002473
3 0.742711 0.323553 0.035531 0.041276 0.377541
3 0.742176 0.323725 0.034418 0.040640 0.268941
3 0.742211 0.323590 0.037873 0.041291 0.119203
3 0.857449 0.320052 0.038646 0.070894 0.004070
3 0.870056 0.320408 0.054423 0.077780 0.017986
3 0.875611 0.320590 0.060769 0.077212 0.006693
3 0.876947 0.323020 0.059770 0.072448 0.006693
3 0.877103 0.326771 0.058623 0.064742 0.006693
3 0.910002 0.321034 0.068697 0.066532 0.001501
3 0.932005 0.309358 0.055366 0.089613 0.006693
3 0.935340 0.312207 0.051240 0.083985 0.002473
3 0.934240 0.317756 0.052540 0.067776 0.001501
3 0.967220 0.331747 0.065449 0.045895 0.004070
3 0.986455 0.329901 0.027127 0.049243 0.001501
3 0.288970 0.337298 0.025495 0.028835 0.002473
3 0.291936 0.337388 0.022189 0.028506 0.002473
3 0.740947 0.325112 0.035013 0.042334 0.075858
3 0.742085 0.324767 0.034328 0.042979 0.119203
3 0.742197 0.324175 0.038175 0.044223 0.075858
3 0.870855 0.327410 0.048148 0.063511 0.017986
3 0.875708 0.328755 0.059150 0.060711 0.010987
3 0.876667 0.330501 0.060311 0.061019 0.004070
3 0.964758 0.334938 0.067363 0.057934 0.004070
4 0.291936 0.337388 0.022189 0.028506 0.002473
4 0.695472 0.329450 0.034661 0.034021 0.006693
4 0.697141 0.329577 0.039773 0.034252 0.004070
4 0.707076 0.331615 0.030326 0.033466 0.001501
4 0.740947 0.325112 0.035013 0.042334 0.001501
4 0.960551 0.370627 0.075420 0.151377 0.004070
4 0.962550 0.371814 0.075212 0.147191 0.006693
4 0.963586 0.373157 0.072869 0.144325 0.004070
4 0.960513 0.371433 0.075756 0.148665 0.029312
4 0.960779 0.370499 0.075521 0.146975 0.029312
4 0.962435 0.371058 0.075036 0.146127 0.010987
4 0.959979 0.367425 0.076801 0.152120 0.047426
4 0.960091 0.367867 0.076729 0.149830 0.017986
4 0.961056 0.371319 0.072086 0.142930 0.010987
4 0.959709 0.369603 0.076980 0.148513 0.006693
4 0.959968 0.370326 0.074014 0.148798 0.017986
5 0.742711 0.323553 0.035531 0.041276 0.002473
5 0.742176 0.323725 0.034418 0.040640 0.004070
5 0.742211 0.323590 0.037873 0.041291 0.002473
5 0.291936 0.337388 0.022189 0.028506 0.010987
5 0.607492 0.346300 0.018416 0.055576 0.001501
5 0.695472 0.329450 0.034661 0.034021 0.002473
5 0.740947 0.325112 0.035013 0.042334 0.017986
5 0.742085 0.324767 0.034328 0.042979 0.017986
5 0.742197 0.324175 0.038175 0.044223 0.001501
5 0.252158 0.351673 0.019595 0.048757 0.001501
5 0.609936 0.348886 0.016886 0.057911 0.002473
5 0.960551 0.370627 0.075420 0.151377 0.010987
5 0.962550 0.371814 0.075212 0.147191 0.010987
5 0.963586 0.373157 0.072869 0.144325 0.010987
5 0.960513 0.371433 0.075756 0.148665 0.001501
5 0.960779 0.370499 0.075521 0.146975 0.002473
5 0.962435 0.371058 0.075036 0.146127 0.002473
