0 0.946131 0.295363 0.014378 0.123161 0.004070
0 0.946759 0.308942 0.015701 0.154348 0.004070
0 0.945444 0.321536 0.016210 0.175272 0.004070
0 0.518166 0.314942 0.008419 0.042126 0.006693
0 0.944015 0.324469 0.017057 0.181618 0.002473
0 0.519482 0.320404 0.008347 0.031330 0.006693
0 0.943772 0.324935 0.020800 0.181979 0.001501
0 0.119157 0.339324 0.011825 0.085525 0.002473
0 0.120191 0.339925 0.012813 0.085695 0.004070
0 0.686419 0.330263 0.037438 0.076985 0.001501
1 0.009260 0.329282 0.018680 0.066724 0.002473
1 0.299794 0.332168 0.066516 0.075952 0.880797
1 0.299965 0.330891 0.065361 0.078502 0.924142
1 0.299242 0.332009 0.065291 0.080741 0.880797
1 0.470729 0.324443 0.033537 0.045995 0.075858
1 0.470999 0.324472 0.036104 0.046015 0.119203
1 0.470211 0.324280 0.034618 0.046410 0.075858
1 0.592208 0.317761 0.048841 0.047251 0.182426
1 0.593152 0.316925 0.048381 0.050555 0.880797
1 0.592644 0.317761 0.047813 0.047123 0.880797
1 0.593019 0.317750 0.048553 0.047106 0.880797
1 0.594038 0.316553 0.050712 0.050132 0.004070
1 0.717912 0.328327 0.123247 0.083576 0.731059
1 0.716381 0.328474 0.122111 0.079670 0.731059
1 0.717712 0.329261 0.125769 0.081457 0.817575
1 0.792160 0.331759 0.044363 0.064341 0.731059
1 0.791888 0.331410 0.044851 0.066307 0.622459
1 0.792506 0.331714 0.046085 0.066896 0.622459
1 0.850099 0.345430 0.091665 0.131817 0.500000
1 0.007108 0.337280 0.014384 0.072848 0.002473
1 0.217509 0.336594 0.032189 0.035133 0.029312
1 0.218947 0.336622 0.031626 0.035068 0.047426
1 0.223046 0.334048 0.032520 0.029907 0.047426
1 0.237281 0.327155 0.059364 0.040466 0.004070
1 0.244100 0.325799 0.049404 0.043224 0.002473
1 0.299860 0.332191 0.066753 0.075977 0.880797
1 0.299339 0.332193 0.065712 0.075962 0.880797
1 0.298845 0.332195 0.066765 0.075973 0.817575
1 0.470743 0.325189 0.033555 0.044730 0.880797
1 0.470748 0.325115 0.033524 0.044869 0.880797
1 0.471504 0.325047 0.035062 0.045022 0.880797
1 0.533648 0.322833 0.033576 0.021066 0.006693
1 0.539866 0.319718 0.045011 0.022203 0.004070
1 0.592227 0.318904 0.048875 0.044942 0.182426
1 0.592640 0.317753 0.047821 0.047108 0.880797
1 0.593137 0.317771 0.048344 0.047127 0.924142
1 0.592627 0.318205 0.047753 0.048032 0.880797
1 0.594493 0.318232 0.050486 0.048301 0.002473
1 0.718161 0.328108 0.121955 0.083807 0.622459
1 0.717908 0.326561 0.123297 0.083515 0.817575
1 0.716047 0.327400 0.123087 0.081907 0.817575
1 0.717653 0.329498 0.124005 0.081292 0.817575
1 0.788954 0.330636 0.047321 0.067457 0.006693
1 0.792778 0.331724 0.045586 0.066910 0.731059
1 0.792450 0.332564 0.046288 0.065891 0.622459
1 0.792543 0.332194 0.046460 0.067847 0.622459
1 0.795526 0.331634 0.051473 0.066026 0.017986
1 0.850074 0.345506 0.091592 0.131825 0.817575
1 0.849612 0.345660 0.091137 0.132074 0.880797
1 0.849455 0.346745 0.093064 0.134360 0.817575
1 0.974205 0.336047 0.053676 0.123611 0.001501
1 0.206230 0.340483 0.050720 0.039443 0.004070
1 0.217718 0.338662 0.032929 0.036204 0.047426
1 0.217770 0.338009 0.033068 0.037464 0.075858
1 0.227006 0.336661 0.042829 0.035101 0.075858
1 0.237528 0.336634 0.038522 0.035321 0.017986
1 0.254146 0.334940 0.028109 0.033435 0.010987
1 0.299763 0.332433 0.066571 0.071904 0.880797
1 0.299335 0.331301 0.065717 0.074173 0.880797
1 0.299774 0.332202 0.066515 0.075981 0.731059
1 0.471504 0.325124 0.035073 0.044864 0.817575
1 0.470749 0.326025 0.033516 0.046664 0.880797
1 0.470740 0.325008 0.033530 0.045098 0.880797
1 0.672612 0.337035 0.030539 0.050524 0.017986
1 0.673789 0.336882 0.031762 0.051009 0.004070
1 0.718516 0.327485 0.121682 0.081761 0.817575
1 0.716802 0.327500 0.124662 0.081789 0.817575
1 0.716420 0.328384 0.121613 0.083612 0.622459
1 0.788034 0.331403 0.044050 0.067844 0.004070
1 0.791818 0.332389 0.045015 0.065240 0.731059
1 0.792037 0.333094 0.044379 0.066871 0.731059
1 0.792561 0.332155 0.046476 0.067646 0.622459
1 0.849964 0.344891 0.091767 0.133449 0.817575
1 0.849945 0.346541 0.091797 0.134591 0.817575
1 0.849456 0.346437 0.093056 0.134413 0.817575
1 0.300480 0.330924 0.067990 0.078541 0.817575
1 0.716765 0.328279 0.123019 0.083883 0.268941
1 0.773684 0.334179 0.041495 0.072374 0.002473
1 0.791852 0.332698 0.045316 0.071434 0.268941
1 0.849927 0.345720 0.090257 0.132112 0.817575
1 0.849402 0.345256 0.092895 0.129276 0.880797
1 0.849574 0.344803 0.091125 0.130272 0.731059
1 0.849400 0.345724 0.090606 0.128643 0.006693
2 0.236155 0.316750 0.062799 0.040986 0.004070
2 0.237239 0.314341 0.065009 0.045811 0.010987
2 0.237841 0.314528 0.063699 0.036305 0.029312
2 0.237615 0.319896 0.063063 0.043291 0.029312
2 0.223046 0.334048 0.032520 0.029907 0.001501
2 0.237281 0.327155 0.059364 0.040466 0.075858
2 0.244100 0.325799 0.049404 0.043224 0.047426
2 0.471504 0.325124 0.035073 0.044864 0.002473
2 0.470749 0.326025 0.033516 0.046664 0.001501
2 0.470740 0.325008 0.033530 0.045098 0.002473
3 0.372007 0.319198 0.090780 0.106448 0.880797
3 0.371581 0.320313 0.090043 0.104228 0.880797
3 0.371523 0.320338 0.090056 0.104174 0.880797
3 0.370793 0.319190 0.091524 0.106388 0.817575
3 0.538108 0.311172 0.052759 0.044423 0.002473
3 0.538995 0.311293 0.047194 0.039100 0.002473
3 0.370779 0.320338 0.091543 0.104205 0.924142
3 0.370754 0.319205 0.091531 0.101935 0.880797
3 0.370757 0.319207 0.091532 0.101944 0.880797
3 0.539866 0.319718 0.045011 0.022203 0.002473
3 0.542774 0.319966 0.039763 0.021672 0.001501
3 0.254146 0.334940 0.028109 0.033435 0.001501
3 0.371545 0.318070 0.090006 0.104261 0.880797
3 0.370764 0.319215 0.091575 0.101952 0.880797
3 0.370761 0.319204 0.091579 0.101987 0.817575
4 0.007108 0.337280 0.014384 0.072848 0.001501
4 0.791852 0.332698 0.045316 0.071434 0.001501
5 0.507961 0.324139 0.013054 0.023588 0.001501
5 0.671347 0.335793 0.027775 0.053005 0.002473
5 0.673428 0.334679 0.030590 0.052939 0.001501
5 0.672612 0.337035 0.030539 0.050524 0.006693
5 0.673789 0.336882 0.031762 0.051009 0.002473
5 0.791852 0.332698 0.045316 0.071434 0.002473
