0 0.892999 0.287613 0.014273 0.111987 0.017986
0 0.893731 0.288074 0.015707 0.112748 0.006693
0 0.893662 0.289847 0.012788 0.115903 0.006693
0 0.892037 0.290408 0.012954 0.110529 0.001501
0 0.275649 0.332092 0.018822 0.045094 0.001501
0 0.278496 0.335650 0.010080 0.051672 0.075858
0 0.603341 0.329192 0.012629 0.033483 0.004070
0 0.279041 0.335188 0.011208 0.055139 0.075858
0 0.602800 0.328717 0.011479 0.037739 0.010987
0 0.993738 0.367140 0.012604 0.190264 0.001501
0 0.278486 0.337242 0.010167 0.059754 0.010987
0 0.661235 0.337771 0.024334 0.058782 0.002473
0 0.994502 0.375988 0.011044 0.160393 0.006693
0 0.995192 0.382555 0.009643 0.145656 0.017986
0 0.995197 0.384866 0.009654 0.142306 0.029312
0 0.994523 0.391503 0.011030 0.129068 0.017986
0 0.994515 0.397659 0.011050 0.117443 0.010987
1 0.657083 0.329540 0.033641 0.060136 0.004070
1 0.685463 0.328169 0.067490 0.069679 0.004070
1 0.685833 0.328228 0.065017 0.069648 0.001501
1 0.153718 0.335557 0.101361 0.174513 0.002473
1 0.162358 0.347608 0.084470 0.154209 0.001501
1 0.298324 0.327450 0.050895 0.040470 0.002473
1 0.301019 0.326969 0.048714 0.034674 0.001501
1 0.302259 0.329542 0.046374 0.029537 0.001501
1 0.362492 0.339808 0.050002 0.049559 0.880797
1 0.362500 0.339802 0.050014 0.049568 0.924142
1 0.361728 0.338528 0.048482 0.052123 0.880797
1 0.360974 0.338414 0.049999 0.051898 0.924142
1 0.452811 0.329525 0.013626 0.020891 0.119203
1 0.478604 0.331756 0.020907 0.028934 0.182426
1 0.478890 0.330640 0.020292 0.031195 0.817575
1 0.541715 0.324210 0.030696 0.023528 0.075858
1 0.549179 0.325306 0.044061 0.025749 0.075858
1 0.565179 0.326063 0.033613 0.032272 0.731059
1 0.564919 0.326060 0.033133 0.032278 0.817575
1 0.565200 0.325617 0.034020 0.031445 0.500000
1 0.598497 0.328424 0.019963 0.032321 0.006693
1 0.603341 0.329192 0.012629 0.033483 0.029312
1 0.634356 0.329880 0.072403 0.048552 0.268941
1 0.634908 0.329262 0.073837 0.049912 0.377541
1 0.642722 0.330650 0.058609 0.052353 0.268941
1 0.653646 0.329378 0.039472 0.049743 0.268941
1 0.658367 0.334202 0.028047 0.056952 0.075858
1 0.686311 0.334574 0.061330 0.058823 0.047426
1 0.685066 0.333309 0.059927 0.058832 0.029312
1 0.685272 0.333818 0.060358 0.057773 0.010987
1 0.718746 0.330121 0.041104 0.054017 0.002473
1 0.742506 0.331737 0.046811 0.044723 0.001501
1 0.743417 0.333339 0.048168 0.037191 0.002473
1 0.744454 0.333425 0.046454 0.042164 0.001501
1 0.747278 0.334431 0.051384 0.040281 0.001501
1 0.146613 0.332322 0.114842 0.175030 0.004070
1 0.157591 0.353716 0.093036 0.136189 0.017986
1 0.167291 0.367230 0.073800 0.112356 0.029312
1 0.171706 0.370956 0.062445 0.105056 0.010987
1 0.362487 0.338606 0.050028 0.052301 0.817575
1 0.361731 0.338738 0.048488 0.052501 0.880797
1 0.362494 0.338672 0.050006 0.052373 0.880797
1 0.361736 0.339776 0.048474 0.049683 0.880797
1 0.397512 0.341097 0.014382 0.016805 0.004070
1 0.478603 0.331745 0.020894 0.028992 0.182426
1 0.478775 0.330638 0.020520 0.031199 0.817575
1 0.565259 0.328222 0.033683 0.031660 0.002473
1 0.565799 0.326965 0.032098 0.034122 0.001501
1 0.565283 0.327069 0.033841 0.034376 0.002473
1 0.602800 0.328717 0.011479 0.037739 0.004070
1 0.634428 0.329287 0.072244 0.050193 0.182426
1 0.636001 0.331226 0.071686 0.051140 0.377541
1 0.641866 0.330624 0.062982 0.052400 0.377541
1 0.654155 0.332652 0.038591 0.054010 0.182426
1 0.664567 0.336747 0.021019 0.054506 0.182426
1 0.683869 0.334436 0.056468 0.059244 0.119203
1 0.684479 0.333466 0.058220 0.058709 0.075858
1 0.684545 0.332698 0.059194 0.057028 0.029312
1 0.722299 0.329380 0.035415 0.051638 0.002473
1 0.743709 0.334667 0.048719 0.039818 0.002473
1 0.744334 0.335982 0.049452 0.042181 0.004070
1 0.747722 0.333865 0.050397 0.043981 0.002473
1 0.149514 0.349468 0.108069 0.144140 0.006693
1 0.165322 0.367606 0.077461 0.103601 0.029312
1 0.170251 0.371634 0.067602 0.099951 0.047426
1 0.173224 0.374861 0.059488 0.093505 0.017986
1 0.362494 0.340123 0.050024 0.050158 0.182426
1 0.362485 0.338849 0.050007 0.052709 0.268941
1 0.661235 0.337771 0.024334 0.058782 0.010987
1 0.665830 0.338816 0.021520 0.052775 0.047426
1 0.674901 0.334016 0.033539 0.064403 0.004070
1 0.683847 0.334612 0.054153 0.067717 0.002473
1 0.169161 0.373326 0.067682 0.096501 0.075858
1 0.171879 0.375031 0.064347 0.093070 0.075858
1 0.174846 0.376389 0.056240 0.093903 0.047426
1 0.179664 0.375940 0.046646 0.091370 0.004070
1 0.172602 0.375291 0.060820 0.096162 0.119203
1 0.177504 0.377310 0.053080 0.092121 0.047426
1 0.181906 0.379291 0.042463 0.088273 0.010987
1 0.995197 0.384866 0.009654 0.142306 0.001501
1 0.994515 0.397659 0.011050 0.117443 0.001501
1 0.094976 0.395551 0.190024 0.497346 0.777300
1 0.094665 0.395368 0.189461 0.496793 0.904651
1 0.094420 0.395971 0.188884 0.496264 0.924142
1 0.094341 0.394233 0.188652 0.498344 0.880797
1 0.092978 0.393677 0.189116 0.496757 0.904651
1 0.093621 0.394767 0.187236 0.494570 0.904651
1 0.093552 0.394816 0.187010 0.492590 0.904651
1 0.093337 0.397311 0.186623 0.492269 0.904651
1 0.093257 0.395652 0.186540 0.489897 0.904651
1 0.092157 0.395444 0.187418 0.490275 0.904651
1 0.093078 0.396523 0.185993 0.488164 0.222700
2 0.452811 0.329525 0.013626 0.020891 0.017986
3 0.452811 0.329525 0.013626 0.020891 0.119203
3 0.541715 0.324210 0.030696 0.023528 0.002473
3 0.549179 0.325306 0.044061 0.025749 0.004070
3 0.653646 0.329378 0.039472 0.049743 0.001501
3 0.658367 0.334202 0.028047 0.056952 0.002473
3 0.654155 0.332652 0.038591 0.054010 0.002473
3 0.664567 0.336747 0.021019 0.054506 0.001501
4 0.685833 0.328228 0.065017 0.069648 0.002473
4 0.691691 0.326288 0.062657 0.070538 0.001501
4 0.603341 0.329192 0.012629 0.033483 0.001501
4 0.686311 0.334574 0.061330 0.058823 0.001501
4 0.685066 0.333309 0.059927 0.058832 0.004070
4 0.685272 0.333818 0.060358 0.057773 0.006693
4 0.718746 0.330121 0.041104 0.054017 0.002473
4 0.599533 0.330014 0.016183 0.035895 0.002473
4 0.602800 0.328717 0.011479 0.037739 0.004070
4 0.683869 0.334436 0.056468 0.059244 0.006693
4 0.684479 0.333466 0.058220 0.058709 0.002473
4 0.684545 0.332698 0.059194 0.057028 0.010987
4 0.722299 0.329380 0.035415 0.051638 0.002473
4 0.665830 0.338816 0.021520 0.052775 0.001501
4 0.674901 0.334016 0.033539 0.064403 0.002473
4 0.683847 0.334612 0.054153 0.067717 0.002473
4 0.698974 0.335544 0.046126 0.070271 0.002473
4 0.995192 0.382555 0.009643 0.145656 0.004070
4 0.995197 0.384866 0.009654 0.142306 0.010987
4 0.994523 0.391503 0.011030 0.129068 0.010987
4 0.994515 0.397659 0.011050 0.117443 0.010987
5 0.685833 0.328228 0.065017 0.069648 0.002473
5 0.691691 0.326288 0.062657 0.070538 0.001501
5 0.717529 0.324069 0.044335 0.066728 0.001501
5 0.171761 0.351725 0.059451 0.133836 0.001501
5 0.598497 0.328424 0.019963 0.032321 0.004070
5 0.603341 0.329192 0.012629 0.033483 0.010987
5 0.653646 0.329378 0.039472 0.049743 0.001501
5 0.658367 0.334202 0.028047 0.056952 0.006693
5 0.685272 0.333818 0.060358 0.057773 0.001501
5 0.171706 0.370956 0.062445 0.105056 0.001501
5 0.565259 0.328222 0.033683 0.031660 0.001501
5 0.599533 0.330014 0.016183 0.035895 0.002473
5 0.602800 0.328717 0.011479 0.037739 0.010987
5 0.654155 0.332652 0.038591 0.054010 0.002473
5 0.664567 0.336747 0.021019 0.054506 0.010987
5 0.683869 0.334436 0.056468 0.059244 0.002473
5 0.619652 0.345780 0.019549 0.082359 0.001501
5 0.661235 0.337771 0.024334 0.058782 0.006693
5 0.665830 0.338816 0.021520 0.052775 0.006693
5 0.674901 0.334016 0.033539 0.064403 0.002473
5 0.994502 0.375988 0.011044 0.160393 0.004070
5 0.171879 0.375031 0.064347 0.093070 0.001501
5 0.620186 0.359534 0.019228 0.086901 0.004070
5 0.995192 0.382555 0.009643 0.145656 0.004070
5 0.995197 0.384866 0.009654 0.142306 0.002473
5 0.994523 0.391503 0.011030 0.129068 0.001501
5 0.994515 0.397659 0.011050 0.117443 0.001501
