1 0.496524 0.316186 0.026168 0.039437 0.119203
1 0.496791 0.316187 0.028379 0.039465 0.268941
1 0.473030 0.316277 0.015292 0.020912 0.817575
1 0.473662 0.315593 0.016364 0.019638 0.182426
1 0.496124 0.317313 0.026953 0.041685 0.075858
1 0.496111 0.316215 0.027018 0.039372 0.268941
2 0.496524 0.316186 0.026168 0.039437 0.622459
2 0.496791 0.316187 0.028379 0.039465 0.377541
2 0.496124 0.317313 0.026953 0.041685 0.500000
2 0.496111 0.316215 0.027018 0.039372 0.500000
3 0.496524 0.316186 0.026168 0.039437 0.017986
3 0.496791 0.316187 0.028379 0.039465 0.047426
3 0.473662 0.315593 0.016364 0.019638 0.002473
3 0.496124 0.317313 0.026953 0.041685 0.006693
3 0.496111 0.316215 0.027018 0.039372 0.029312
