0 0.738270 0.305177 0.015616 0.027209 0.001501
0 0.547279 0.325311 0.011679 0.025736 0.002473
1 0.453622 0.317437 0.026581 0.031978 0.047426
1 0.453664 0.317221 0.026374 0.032275 0.047426
1 0.457283 0.318196 0.027626 0.035683 0.001501
1 0.642231 0.328895 0.096529 0.134088 0.075858
1 0.642222 0.330163 0.096481 0.136621 0.047426
1 0.642020 0.330158 0.096988 0.136617 0.029312
1 0.005542 0.320215 0.011278 0.021612 0.001501
1 0.057914 0.324254 0.019356 0.028764 0.002473
1 0.396690 0.332849 0.035749 0.042708 0.001501
1 0.410292 0.327382 0.018055 0.020271 0.002473
1 0.412798 0.325517 0.019690 0.021708 0.004070
1 0.428446 0.326382 0.018867 0.019169 0.002473
1 0.452472 0.317968 0.026933 0.030870 0.500000
1 0.452946 0.318089 0.027806 0.030549 0.500000
1 0.460178 0.319539 0.023977 0.027838 0.017986
1 0.476763 0.319216 0.011984 0.018665 0.004070
1 0.531814 0.322910 0.019493 0.026012 0.622459
1 0.547279 0.325311 0.011679 0.025736 0.047426
1 0.557051 0.328627 0.014247 0.027226 0.182426
1 0.570895 0.329313 0.020285 0.033682 0.622459
1 0.586178 0.330925 0.019340 0.046527 0.731059
1 0.586283 0.333313 0.019507 0.046842 0.731059
1 0.642513 0.331717 0.098000 0.137938 0.047426
1 0.642209 0.331215 0.096450 0.138913 0.047426
1 0.642651 0.331141 0.097796 0.139079 0.047426
1 0.992120 0.328761 0.015824 0.036278 0.001501
1 0.397344 0.340126 0.030733 0.033459 0.006693
1 0.398097 0.334635 0.032620 0.029852 0.010987
1 0.409047 0.332745 0.027246 0.031472 0.002473
1 0.557260 0.330826 0.011547 0.027200 0.010987
1 0.570684 0.329320 0.022315 0.033859 0.500000
1 0.585828 0.333295 0.018637 0.046929 0.731059
1 0.586847 0.333324 0.020555 0.046823 0.731059
1 0.642089 0.330153 0.096689 0.136597 0.047426
1 0.641526 0.331274 0.095092 0.138835 0.075858
1 0.642093 0.330561 0.096683 0.135792 0.047426
1 0.991457 0.333526 0.017167 0.030028 0.002473
1 0.642092 0.331155 0.096679 0.139050 0.047426
1 0.814658 0.386512 0.204418 0.179936 0.006693
1 0.815306 0.385391 0.208879 0.177774 0.880797
1 0.816229 0.386325 0.207324 0.176020 0.004070
1 0.816298 0.386525 0.207465 0.179989 0.268941
1 0.816827 0.383255 0.209957 0.178155 0.924142
1 0.816165 0.383854 0.208542 0.179165 0.924142
1 0.816189 0.383841 0.208590 0.179212 0.924142
1 0.815283 0.383876 0.207804 0.179439 0.924142
1 0.816066 0.382579 0.207098 0.177770 0.022977
1 0.816890 0.385339 0.209810 0.176900 0.952574
1 0.816024 0.385760 0.208783 0.177752 0.924142
1 0.816169 0.385140 0.208590 0.176457 0.904651
1 0.815926 0.384623 0.209120 0.175432 0.904651
1 0.816957 0.384778 0.208307 0.176353 0.003173
2 0.374905 0.306940 0.051181 0.040558 0.002473
2 0.376877 0.313685 0.054594 0.049688 0.001501
2 0.377013 0.313260 0.054469 0.048682 0.004070
2 0.376987 0.308773 0.057266 0.044210 0.006693
2 0.433989 0.309683 0.029321 0.047275 0.002473
2 0.453622 0.317437 0.026581 0.031978 0.001501
2 0.642231 0.328895 0.096529 0.134088 0.075858
2 0.642222 0.330163 0.096481 0.136621 0.017986
2 0.642020 0.330158 0.096988 0.136617 0.006693
2 0.376194 0.322203 0.064519 0.075501 0.001501
2 0.378788 0.322805 0.060627 0.068224 0.002473
2 0.452946 0.318089 0.027806 0.030549 0.001501
2 0.531814 0.322910 0.019493 0.026012 0.002473
2 0.642513 0.331717 0.098000 0.137938 0.010987
2 0.642209 0.331215 0.096450 0.138913 0.006693
2 0.642651 0.331141 0.097796 0.139079 0.002473
2 0.642089 0.330153 0.096689 0.136597 0.002473
2 0.641526 0.331274 0.095092 0.138835 0.004070
3 0.376987 0.308773 0.057266 0.044210 0.002473
3 0.433989 0.309683 0.029321 0.047275 0.002473
3 0.453622 0.317437 0.026581 0.031978 0.006693
3 0.453664 0.317221 0.026374 0.032275 0.002473
3 0.642231 0.328895 0.096529 0.134088 0.377541
3 0.642222 0.330163 0.096481 0.136621 0.731059
3 0.642020 0.330158 0.096988 0.136617 0.731059
3 0.378788 0.322805 0.060627 0.068224 0.001501
3 0.452472 0.317968 0.026933 0.030870 0.002473
3 0.452946 0.318089 0.027806 0.030549 0.004070
3 0.531814 0.322910 0.019493 0.026012 0.017986
3 0.570895 0.329313 0.020285 0.033682 0.001501
3 0.642513 0.331717 0.098000 0.137938 0.622459
3 0.642209 0.331215 0.096450 0.138913 0.731059
3 0.642651 0.331141 0.097796 0.139079 0.731059
3 0.570684 0.329320 0.022315 0.033859 0.001501
3 0.642089 0.330153 0.096689 0.136597 0.731059
3 0.641526 0.331274 0.095092 0.138835 0.731059
3 0.642093 0.330561 0.096683 0.135792 0.731059
3 0.642092 0.331155 0.096679 0.139050 0.731059
5 0.136830 0.333449 0.023792 0.051783 0.001501
