1 0.420370 0.322903 0.056186 0.057410 0.924142
1 0.421147 0.320500 0.057725 0.057705 0.924142
1 0.420749 0.322901 0.058467 0.057439 0.880797
1 0.496708 0.316468 0.021679 0.033805 0.010987
1 0.496800 0.316915 0.021896 0.032903 0.017986
1 0.420645 0.322908 0.055645 0.057418 0.817575
1 0.419984 0.321783 0.056983 0.055149 0.880797
1 0.420746 0.321777 0.058504 0.055170 0.880797
1 0.421249 0.321779 0.057513 0.055267 0.880797
1 0.472789 0.318327 0.012645 0.016799 0.622459
1 0.476014 0.318312 0.013486 0.016850 0.075858
1 0.496105 0.318957 0.023061 0.033892 0.500000
1 0.496850 0.319448 0.021790 0.032907 0.500000
1 0.421148 0.324053 0.057707 0.055145 0.880797
1 0.421142 0.320514 0.057736 0.057685 0.880797
1 0.421138 0.322923 0.057706 0.057412 0.880797
2 0.472085 0.311691 0.016275 0.027461 0.017986
2 0.488154 0.312172 0.027875 0.028665 0.047426
2 0.496708 0.316468 0.021679 0.033805 0.268941
2 0.496800 0.316915 0.021896 0.032903 0.075858
2 0.472789 0.318327 0.012645 0.016799 0.006693
2 0.476014 0.318312 0.013486 0.016850 0.004070
2 0.496105 0.318957 0.023061 0.033892 0.029312
2 0.496850 0.319448 0.021790 0.032907 0.029312
3 0.496708 0.316468 0.021679 0.033805 0.047426
3 0.496800 0.316915 0.021896 0.032903 0.029312
3 0.472789 0.318327 0.012645 0.016799 0.002473
3 0.496105 0.318957 0.023061 0.033892 0.075858
3 0.496850 0.319448 0.021790 0.032907 0.047426
