0 0.932032 0.305430 0.011106 0.110957 0.010987
0 0.372889 0.300835 0.012933 0.044301 0.001501
0 0.721332 0.331420 0.026454 0.112493 0.001501
0 0.932782 0.315588 0.012610 0.131208 0.017986
0 0.222293 0.324699 0.011672 0.053020 0.004070
0 0.225658 0.324048 0.014185 0.051762 0.002473
0 0.372244 0.304216 0.011593 0.038833 0.006693
0 0.375275 0.304744 0.013161 0.039893 0.001501
0 0.720495 0.338119 0.028638 0.094230 0.001501
0 0.932038 0.315631 0.011196 0.136486 0.010987
0 0.222361 0.324282 0.011876 0.054425 0.004070
0 0.372830 0.305919 0.012799 0.039584 0.006693
0 0.375167 0.306716 0.014128 0.040668 0.002473
0 0.740584 0.333959 0.013086 0.059606 0.001501
0 0.930518 0.318644 0.011116 0.141910 0.004070
0 0.222144 0.325291 0.013558 0.052999 0.004070
0 0.931273 0.320047 0.012616 0.136585 0.006693
0 0.753358 0.339201 0.026216 0.078215 0.001501
0 0.930497 0.340752 0.011022 0.095608 0.004070
0 0.719134 0.343042 0.026974 0.095984 0.002473
0 0.759074 0.346346 0.028485 0.095298 0.002473
1 0.720495 0.338119 0.028638 0.094230 0.002473
1 0.740363 0.327507 0.013917 0.055979 0.010987
1 0.758446 0.336578 0.033443 0.076626 0.622459
1 0.758693 0.336758 0.033515 0.080600 0.500000
1 0.783023 0.338440 0.080139 0.084037 0.004070
1 0.103223 0.339532 0.031488 0.034478 0.075858
1 0.102854 0.339632 0.030667 0.034196 0.075858
1 0.129533 0.337004 0.026254 0.029434 0.047426
1 0.129974 0.336961 0.025052 0.029336 0.010987
1 0.149649 0.334393 0.014822 0.026181 0.047426
1 0.168460 0.336662 0.026325 0.035117 0.731059
1 0.167692 0.335366 0.027412 0.032526 0.817575
1 0.167934 0.334465 0.027829 0.034350 0.268941
1 0.242939 0.324206 0.014521 0.018392 0.002473
1 0.740584 0.333959 0.013086 0.059606 0.182426
1 0.757074 0.336643 0.033084 0.076723 0.622459
1 0.758678 0.335797 0.033496 0.078572 0.377541
1 0.075763 0.342168 0.029622 0.033654 0.880797
1 0.076478 0.342173 0.027995 0.033627 0.880797
1 0.102937 0.339892 0.030914 0.033685 0.817575
1 0.103703 0.341182 0.029370 0.035610 0.880797
1 0.129139 0.337695 0.025345 0.027873 0.500000
1 0.129818 0.339289 0.024988 0.029773 0.817575
1 0.149012 0.335630 0.015099 0.021227 0.500000
1 0.168233 0.335354 0.026951 0.032540 0.731059
1 0.168068 0.336644 0.026546 0.035065 0.817575
1 0.168329 0.335362 0.027033 0.032547 0.268941
1 0.742936 0.334662 0.012450 0.068257 0.047426
1 0.757731 0.338029 0.034569 0.079366 0.731059
1 0.758955 0.338108 0.032480 0.079505 0.500000
1 0.800638 0.369955 0.104855 0.146640 0.377541
1 0.801493 0.370788 0.103025 0.148530 0.880797
1 0.800723 0.371683 0.104566 0.146757 0.880797
1 0.753358 0.339201 0.026216 0.078215 0.075858
1 0.756200 0.338331 0.031274 0.079778 0.377541
1 0.761942 0.339929 0.036797 0.083056 0.029312
1 0.801248 0.370539 0.105652 0.147888 0.622459
1 0.801444 0.373117 0.102969 0.149635 0.880797
1 0.800707 0.372661 0.104511 0.152371 0.880797
1 0.801489 0.373005 0.102944 0.152836 0.268941
1 0.801259 0.372022 0.105753 0.147152 0.500000
1 0.801469 0.373606 0.102983 0.150440 0.880797
1 0.800008 0.373645 0.103128 0.150383 0.817575
1 0.801492 0.372284 0.102952 0.151341 0.010987
1 0.800774 0.372042 0.104618 0.154907 0.880797
1 0.799982 0.373172 0.103177 0.152611 0.017986
2 0.758693 0.336758 0.033515 0.080600 0.001501
3 0.758446 0.336578 0.033443 0.076626 0.006693
3 0.758693 0.336758 0.033515 0.080600 0.004070
3 0.007132 0.341121 0.014434 0.053763 0.001501
3 0.149649 0.334393 0.014822 0.026181 0.002473
3 0.740584 0.333959 0.013086 0.059606 0.006693
3 0.757074 0.336643 0.033084 0.076723 0.002473
3 0.149012 0.335630 0.015099 0.021227 0.004070
3 0.757731 0.338029 0.034569 0.079366 0.001501
3 0.756200 0.338331 0.031274 0.079778 0.001501
4 0.720087 0.340943 0.026545 0.094486 0.002473
4 0.720495 0.338119 0.028638 0.094230 0.001501
4 0.719853 0.343891 0.027245 0.087289 0.001501
4 0.719509 0.344460 0.026590 0.085717 0.004070
4 0.753358 0.339201 0.026216 0.078215 0.001501
5 0.721332 0.331420 0.026454 0.112493 0.006693
5 0.937385 0.317521 0.020016 0.135433 0.001501
5 0.719794 0.337789 0.029024 0.094353 0.002473
5 0.720087 0.340943 0.026545 0.094486 0.622459
5 0.720495 0.338119 0.028638 0.094230 0.075858
5 0.936973 0.314850 0.021576 0.135334 0.004070
5 0.719582 0.343397 0.027861 0.091262 0.268941
5 0.719853 0.343891 0.027245 0.087289 0.817575
5 0.719509 0.344460 0.026590 0.085717 0.500000
5 0.740584 0.333959 0.013086 0.059606 0.002473
5 0.937729 0.317647 0.022219 0.140479 0.002473
5 0.954652 0.323778 0.044714 0.156765 0.001501
5 0.222144 0.325291 0.013558 0.052999 0.002473
5 0.719395 0.343084 0.028195 0.092072 0.268941
5 0.719672 0.344696 0.027595 0.088659 0.817575
5 0.719701 0.343784 0.027738 0.090537 0.622459
5 0.742936 0.334662 0.012450 0.068257 0.001501
5 0.931273 0.320047 0.012616 0.136585 0.001501
5 0.959179 0.347533 0.025718 0.163786 0.004070
5 0.719395 0.341727 0.028195 0.094428 0.377541
5 0.719161 0.343131 0.027018 0.091915 0.817575
5 0.719525 0.343948 0.028062 0.094048 0.622459
5 0.753358 0.339201 0.026216 0.078215 0.004070
5 0.930497 0.340752 0.011022 0.095608 0.001501
5 0.959338 0.387048 0.022702 0.100563 0.006693
5 0.718643 0.343273 0.027785 0.095565 0.002473
5 0.719134 0.343042 0.026974 0.095984 0.622459
5 0.719697 0.343325 0.027699 0.091895 0.119203
5 0.750667 0.346391 0.021662 0.095798 0.002473
