0 0.791614 0.231729 0.015685 0.039421 0.001501
0 0.899118 0.219792 0.015764 0.044050 0.001501
0 0.903698 0.221943 0.014646 0.047007 0.002473
0 0.793511 0.236072 0.010285 0.044804 0.001501
0 0.009098 0.331042 0.018281 0.158690 0.002473
0 0.007764 0.348934 0.015557 0.120245 0.010987
0 0.007084 0.349486 0.014198 0.105259 0.002473
0 0.007079 0.356632 0.014215 0.130936 0.001501
1 0.009098 0.331042 0.018281 0.158690 0.001501
1 0.007764 0.348934 0.015557 0.120245 0.047426
1 0.219719 0.335755 0.100807 0.083540 0.500000
1 0.324754 0.326220 0.060281 0.055897 0.924142
1 0.324326 0.326218 0.059427 0.055901 0.880797
1 0.365838 0.318991 0.044252 0.038840 0.002473
1 0.007084 0.349486 0.014198 0.105259 0.182426
1 0.010156 0.351497 0.020313 0.103383 0.004070
1 0.073406 0.358183 0.115672 0.091434 0.924142
1 0.220226 0.336928 0.103535 0.085864 0.817575
1 0.223003 0.335875 0.095978 0.083382 0.817575
1 0.223830 0.335892 0.094357 0.083366 0.817575
1 0.271581 0.333480 0.034875 0.046671 0.010987
1 0.278359 0.335887 0.035246 0.041703 0.731059
1 0.278223 0.335880 0.037681 0.041726 0.880797
1 0.278177 0.335876 0.037952 0.041784 0.817575
1 0.324787 0.326217 0.060385 0.055932 0.880797
1 0.324683 0.326886 0.060250 0.054572 0.880797
1 0.324727 0.326226 0.060166 0.055904 0.880797
1 0.324697 0.324949 0.060151 0.053362 0.817575
1 0.361672 0.321652 0.033638 0.036794 0.119203
1 0.381266 0.324575 0.040617 0.037430 0.880797
1 0.380469 0.324559 0.039080 0.037477 0.880797
1 0.381235 0.324570 0.040618 0.037489 0.880797
1 0.408506 0.328150 0.011320 0.015505 0.047426
1 0.425652 0.326599 0.015720 0.018631 0.268941
1 0.426025 0.326599 0.015027 0.018593 0.500000
1 0.441254 0.324926 0.011774 0.011746 0.017986
1 0.454711 0.326598 0.012594 0.018608 0.500000
1 0.470750 0.326215 0.008662 0.014270 0.010987
1 0.493744 0.326224 0.018315 0.027506 0.622459
1 0.533338 0.323147 0.020217 0.026438 0.002473
1 0.006304 0.350566 0.012697 0.105154 0.182426
1 0.011449 0.352005 0.019673 0.101095 0.006693
1 0.073329 0.357526 0.115838 0.090111 0.880797
1 0.073377 0.357883 0.115741 0.085684 0.924142
1 0.073339 0.356633 0.115833 0.088292 0.817575
1 0.180094 0.319929 0.125356 0.110239 0.002473
1 0.224942 0.335890 0.096842 0.083362 0.731059
1 0.223788 0.335891 0.094439 0.083339 0.880797
1 0.223015 0.335747 0.096010 0.078532 0.880797
1 0.266047 0.336993 0.032431 0.050208 0.001501
1 0.278912 0.337008 0.036327 0.043976 0.817575
1 0.278749 0.337021 0.036678 0.043982 0.817575
1 0.278167 0.335837 0.037936 0.041894 0.817575
1 0.324412 0.328201 0.059543 0.057112 0.817575
1 0.324304 0.327530 0.059489 0.058417 0.880797
1 0.324711 0.327512 0.060198 0.058441 0.880797
1 0.324904 0.326899 0.059753 0.054577 0.880797
1 0.382020 0.325080 0.039077 0.038675 0.047426
1 0.381250 0.325877 0.037524 0.036546 0.047426
1 0.381233 0.325831 0.040611 0.036404 0.029312
1 0.007044 0.350598 0.014187 0.102570 0.268941
1 0.010725 0.351685 0.021289 0.097016 0.017986
1 0.073820 0.357486 0.114576 0.089997 0.880797
1 0.073354 0.358765 0.115787 0.087435 0.924142
1 0.073873 0.358771 0.114766 0.087468 0.880797
1 0.224280 0.335906 0.095454 0.083418 0.817575
1 0.223548 0.334618 0.097064 0.085920 0.817575
1 0.224332 0.335894 0.095524 0.083382 0.880797
1 0.007052 0.350214 0.014141 0.101237 0.268941
1 0.010775 0.351411 0.021498 0.098793 0.010987
1 0.073877 0.357499 0.114742 0.090041 0.924142
1 0.073880 0.357491 0.114739 0.090010 0.880797
1 0.073904 0.356248 0.114716 0.092644 0.880797
1 0.007079 0.356632 0.014215 0.130936 0.047426
1 0.007186 0.356411 0.011524 0.175817 0.002473
2 0.011571 0.327027 0.023329 0.152060 0.010987
2 0.012757 0.324857 0.029335 0.148633 0.002473
2 0.842314 0.296182 0.206407 0.103439 0.001501
2 0.009098 0.331042 0.018281 0.158690 0.017986
2 0.011134 0.327977 0.025553 0.160653 0.004070
2 0.188805 0.317325 0.146749 0.110258 0.731059
2 0.193150 0.317423 0.155418 0.110054 0.731059
2 0.193188 0.316748 0.151166 0.106613 0.622459
2 0.193616 0.315565 0.150915 0.106789 0.500000
2 0.196325 0.305857 0.146749 0.076578 0.182426
2 0.200402 0.296461 0.139061 0.057788 0.075858
2 0.216229 0.296289 0.105141 0.046077 0.268941
2 0.218029 0.296307 0.099356 0.041437 0.182426
2 0.782021 0.306875 0.128437 0.110088 0.002473
2 0.789987 0.305443 0.118468 0.107862 0.002473
2 0.799135 0.307714 0.122130 0.107691 0.004070
2 0.837761 0.302828 0.199682 0.107213 0.006693
2 0.845711 0.302331 0.217614 0.108337 0.004070
2 0.864991 0.296158 0.245950 0.116193 0.001501
2 0.865960 0.288910 0.248891 0.132544 0.002473
2 0.907362 0.275456 0.208031 0.135468 0.002473
2 0.900710 0.283941 0.178804 0.097123 0.002473
2 0.007764 0.348934 0.015557 0.120245 0.004070
2 0.011304 0.340576 0.022032 0.129951 0.001501
2 0.188714 0.318092 0.146609 0.108533 0.731059
2 0.192168 0.318677 0.153492 0.112381 0.731059
2 0.193470 0.319255 0.151286 0.111062 0.622459
2 0.225971 0.298642 0.084506 0.050382 0.075858
2 0.365838 0.318991 0.044252 0.038840 0.047426
2 0.375740 0.321139 0.043586 0.041353 0.010987
2 0.379654 0.321800 0.040758 0.041497 0.002473
2 0.586425 0.307635 0.030011 0.032074 0.001501
2 0.587934 0.309570 0.033790 0.031008 0.001501
2 0.794816 0.308457 0.108857 0.112160 0.001501
2 0.810705 0.309420 0.138164 0.110202 0.002473
2 0.833154 0.308083 0.190662 0.112900 0.004070
2 0.843173 0.304487 0.209610 0.113563 0.001501
2 0.007084 0.349486 0.014198 0.105259 0.002473
2 0.184806 0.318194 0.138559 0.108437 0.622459
2 0.190161 0.318864 0.147020 0.107152 0.622459
2 0.193849 0.320319 0.150112 0.109555 0.268941
2 0.361672 0.321652 0.033638 0.036794 0.268941
2 0.381266 0.324575 0.040617 0.037430 0.001501
2 0.006304 0.350566 0.012697 0.105154 0.001501
2 0.180094 0.319929 0.125356 0.110239 0.377541
2 0.007044 0.350598 0.014187 0.102570 0.002473
2 0.007052 0.350214 0.014141 0.101237 0.001501
2 0.845444 0.289631 0.225681 0.160044 0.001927
2 0.851160 0.289776 0.223779 0.164776 0.003173
2 0.859803 0.290905 0.236562 0.178632 0.001501
2 0.840463 0.293174 0.241804 0.154867 0.001501
2 0.850425 0.293841 0.236213 0.158274 0.003173
3 0.011571 0.327027 0.023329 0.152060 0.001501
3 0.009098 0.331042 0.018281 0.158690 0.004070
3 0.007764 0.348934 0.015557 0.120245 0.047426
3 0.011304 0.340576 0.022032 0.129951 0.002473
3 0.365838 0.318991 0.044252 0.038840 0.002473
3 0.493697 0.319328 0.018625 0.037846 0.004070
3 0.007084 0.349486 0.014198 0.105259 0.182426
3 0.010156 0.351497 0.020313 0.103383 0.004070
3 0.361672 0.321652 0.033638 0.036794 0.010987
3 0.425652 0.326599 0.015720 0.018631 0.001501
3 0.426025 0.326599 0.015027 0.018593 0.002473
3 0.454711 0.326598 0.012594 0.018608 0.004070
3 0.493744 0.326224 0.018315 0.027506 0.182426
3 0.006304 0.350566 0.012697 0.105154 0.182426
3 0.011449 0.352005 0.019673 0.101095 0.004070
3 0.180094 0.319929 0.125356 0.110239 0.001501
3 0.007044 0.350598 0.014187 0.102570 0.182426
3 0.010725 0.351685 0.021289 0.097016 0.006693
3 0.007052 0.350214 0.014141 0.101237 0.075858
3 0.010775 0.351411 0.021498 0.098793 0.002473
3 0.007079 0.356632 0.014215 0.130936 0.002473
5 0.007764 0.348934 0.015557 0.120245 0.004070
5 0.007084 0.349486 0.014198 0.105259 0.004070
5 0.006304 0.350566 0.012697 0.105154 0.001501
5 0.007044 0.350598 0.014187 0.102570 0.001501
5 0.007079 0.356632 0.014215 0.130936 0.001501
