1 0.278591 0.280057 0.047144 0.018517 0.002473
1 0.279417 0.281256 0.040997 0.015815 0.001501
1 0.281003 0.282412 0.038270 0.013634 0.001501
1 0.458247 0.322909 0.008600 0.011251 0.029312
1 0.486251 0.319233 0.014578 0.018592 0.622459
1 0.486931 0.318097 0.015548 0.020884 0.182426
2 0.642390 0.298721 0.038209 0.033851 0.004070
2 0.642246 0.297547 0.034309 0.030284 0.004070
2 0.642969 0.297374 0.033799 0.031241 0.004070
2 0.486251 0.319233 0.014578 0.018592 0.029312
2 0.486931 0.318097 0.015548 0.020884 0.029312
3 0.486251 0.319233 0.014578 0.018592 0.017986
3 0.486931 0.318097 0.015548 0.020884 0.010987
