0 0.393718 0.318328 0.009576 0.048448 0.047426
0 0.408148 0.319310 0.016676 0.045709 0.029312
0 0.394505 0.318742 0.011079 0.047718 0.075858
0 0.405529 0.320282 0.014393 0.047140 0.047426
0 0.748779 0.325077 0.017126 0.134225 0.002473
0 0.766212 0.315575 0.042621 0.245255 0.017986
0 0.395203 0.322044 0.009744 0.046739 0.010987
0 0.406788 0.320943 0.013740 0.053302 0.006693
0 0.767027 0.317459 0.041050 0.254213 0.731059
0 0.767128 0.317734 0.040851 0.250048 0.731059
0 0.767138 0.315283 0.040844 0.244234 0.731059
0 0.767246 0.318723 0.040557 0.251510 0.731059
0 0.767822 0.318825 0.039402 0.251707 0.731059
0 0.767202 0.318884 0.040657 0.251503 0.731059
0 0.767952 0.317781 0.039145 0.253096 0.622459
0 0.767894 0.317437 0.039258 0.253791 0.731059
0 0.767850 0.317468 0.039363 0.253763 0.622459
0 0.767925 0.321119 0.036177 0.246237 0.010987
0 0.767906 0.319329 0.036192 0.246516 0.377541
1 0.545202 0.317586 0.065462 0.098700 0.924142
1 0.270346 0.309778 0.099381 0.056694 0.001501
1 0.275277 0.310522 0.090472 0.043182 0.017986
1 0.276605 0.312284 0.093214 0.046470 0.119203
1 0.277014 0.315322 0.096438 0.052543 0.182426
1 0.276716 0.311334 0.097116 0.049052 0.119203
1 0.274250 0.307848 0.090986 0.042081 0.182426
1 0.275767 0.306375 0.081088 0.034713 0.075858
1 0.350674 0.330215 0.079460 0.067506 0.880797
1 0.350773 0.330216 0.076562 0.067504 0.880797
1 0.350677 0.328783 0.079498 0.069181 0.880797
1 0.408148 0.319310 0.016676 0.045709 0.010987
1 0.437486 0.322898 0.055844 0.052868 0.924142
1 0.436804 0.322905 0.054456 0.052894 0.924142
1 0.436776 0.322887 0.054525 0.052910 0.880797
1 0.504815 0.317224 0.015476 0.032351 0.004070
1 0.544490 0.319555 0.064106 0.097499 0.924142
1 0.545197 0.319589 0.065415 0.097530 0.924142
1 0.544522 0.319209 0.064052 0.101863 0.880797
1 0.275229 0.315799 0.093803 0.054599 0.017986
1 0.277113 0.319725 0.092630 0.056497 0.119203
1 0.277735 0.325406 0.094590 0.072677 0.075858
1 0.275757 0.323071 0.095426 0.062882 0.075858
1 0.276149 0.315759 0.094449 0.053365 0.182426
1 0.279500 0.312958 0.093040 0.047745 0.075858
1 0.350680 0.330521 0.079504 0.068123 0.880797
1 0.350673 0.330149 0.079463 0.067353 0.880797
1 0.349981 0.329927 0.078127 0.066903 0.880797
1 0.349990 0.329858 0.080823 0.066761 0.880797
1 0.405529 0.320282 0.014393 0.047140 0.001501
1 0.436818 0.322904 0.054459 0.052902 0.817575
1 0.436813 0.322913 0.054460 0.052886 0.924142
1 0.436273 0.322011 0.055530 0.051093 0.880797
1 0.436264 0.321969 0.055544 0.051208 0.817575
1 0.470277 0.319223 0.012544 0.018621 0.377541
1 0.504259 0.318883 0.016503 0.028965 0.817575
1 0.545188 0.319586 0.065418 0.097541 0.924142
1 0.544431 0.319583 0.066934 0.097506 0.880797
1 0.544512 0.318932 0.064052 0.096213 0.880797
1 0.276734 0.335140 0.096498 0.093264 0.004070
1 0.277026 0.335090 0.095970 0.092421 0.017986
1 0.276460 0.335671 0.097112 0.093369 0.017986
1 0.276656 0.330693 0.100276 0.083620 0.047426
1 0.281204 0.327901 0.104977 0.078700 0.010987
1 0.350763 0.330553 0.076586 0.068137 0.880797
1 0.350683 0.330355 0.079465 0.067742 0.880797
1 0.349306 0.330168 0.079496 0.067368 0.880797
1 0.436277 0.324077 0.055539 0.055125 0.010987
1 0.436806 0.324963 0.054478 0.053317 0.880797
1 0.436276 0.322929 0.055534 0.052869 0.880797
1 0.436794 0.322944 0.054484 0.052874 0.880797
1 0.545270 0.318323 0.062529 0.100117 0.880797
1 0.544517 0.318324 0.064057 0.100111 0.924142
1 0.544511 0.317663 0.064047 0.098808 0.817575
1 0.162614 0.402177 0.325268 0.377407 0.939913
1 0.163360 0.403262 0.329848 0.379591 0.924142
1 0.161715 0.403316 0.326600 0.379553 0.939913
1 0.161694 0.403341 0.323482 0.379676 0.924142
1 0.161004 0.404493 0.325148 0.377167 0.939913
1 0.164045 0.404472 0.331218 0.372913 0.924142
1 0.163266 0.402211 0.323513 0.372653 0.924142
1 0.161692 0.403451 0.323484 0.375054 0.924142
1 0.163395 0.404672 0.326834 0.372637 0.924142
1 0.161722 0.404664 0.323534 0.372557 0.924142
2 0.544490 0.319555 0.064106 0.097499 0.001501
2 0.545197 0.319589 0.065415 0.097530 0.002473
2 0.544522 0.319209 0.064052 0.101863 0.001501
2 0.545188 0.319586 0.065418 0.097541 0.006693
2 0.544431 0.319583 0.066934 0.097506 0.006693
2 0.544512 0.318932 0.064052 0.096213 0.004070
2 0.545270 0.318323 0.062529 0.100117 0.006693
2 0.544517 0.318324 0.064057 0.100111 0.010987
2 0.544511 0.317663 0.064047 0.098808 0.010987
3 0.408148 0.319310 0.016676 0.045709 0.001501
3 0.470277 0.319223 0.012544 0.018621 0.001501
4 0.394505 0.318742 0.011079 0.047718 0.001501
4 0.405529 0.320282 0.014393 0.047140 0.001501
5 0.408148 0.319310 0.016676 0.045709 0.002473
5 0.394505 0.318742 0.011079 0.047718 0.004070
5 0.405529 0.320282 0.014393 0.047140 0.004070
