0 0.395811 0.328274 0.016817 0.057433 0.004070
0 0.230565 0.325594 0.008096 0.026353 0.017986
0 0.395467 0.334405 0.019062 0.049435 0.017986
0 0.397351 0.335714 0.019753 0.047343 0.006693
0 0.710243 0.322324 0.015382 0.078365 0.002473
0 0.715500 0.325596 0.009501 0.068345 0.002473
0 0.968753 0.340189 0.009457 0.039561 0.006693
0 0.993717 0.337515 0.012611 0.047891 0.001501
0 0.230557 0.348840 0.008127 0.078307 0.006693
0 0.396189 0.335868 0.017443 0.046415 0.010987
0 0.400156 0.334938 0.015552 0.038982 0.002473
0 0.710791 0.326707 0.013756 0.073206 0.006693
0 0.713496 0.328572 0.013503 0.066820 0.004070
0 0.967305 0.340362 0.009616 0.039696 0.017986
0 0.994495 0.338375 0.011032 0.047879 0.002473
0 0.228167 0.349178 0.012966 0.079987 0.006693
0 0.709838 0.330964 0.014062 0.079638 0.004070
0 0.712355 0.331539 0.015875 0.074499 0.001501
0 0.967994 0.347520 0.011068 0.056324 0.006693
0 0.227302 0.348761 0.014686 0.078306 0.001501
1 0.397351 0.335714 0.019753 0.047343 0.004070
1 0.418528 0.334722 0.022954 0.025698 0.047426
1 0.428944 0.332067 0.009502 0.021641 0.002473
1 0.580072 0.326218 0.030123 0.027829 0.004070
1 0.583057 0.327428 0.024040 0.029958 0.006693
1 0.590748 0.327742 0.015804 0.030564 0.002473
1 0.993717 0.337515 0.012611 0.047891 0.002473
1 0.396189 0.335868 0.017443 0.046415 0.001501
1 0.400156 0.334938 0.015552 0.038982 0.002473
1 0.418048 0.335898 0.023712 0.023327 0.731059
1 0.422466 0.335711 0.018760 0.021150 0.047426
1 0.582951 0.330102 0.026092 0.035442 0.002473
1 0.994495 0.338375 0.011032 0.047879 0.002473
2 0.985804 0.325171 0.025125 0.062760 0.004070
2 0.990423 0.328708 0.019264 0.075071 0.002473
2 0.985431 0.326821 0.028890 0.065855 0.001501
3 0.397351 0.335714 0.019753 0.047343 0.001501
3 0.418528 0.334722 0.022954 0.025698 0.002473
3 0.443758 0.327436 0.012931 0.016944 0.002473
3 0.418048 0.335898 0.023712 0.023327 0.004070
4 0.286019 0.339888 0.027166 0.050716 0.002473
4 0.286152 0.340278 0.029170 0.046967 0.001501
4 0.282015 0.344134 0.040423 0.043054 0.004070
4 0.286601 0.347213 0.026785 0.038813 0.029312
4 0.286415 0.346711 0.027217 0.038042 0.029312
4 0.306917 0.344435 0.026256 0.033349 0.001501
4 0.282132 0.347069 0.034563 0.046303 0.004070
4 0.286607 0.346357 0.026761 0.041464 0.029312
4 0.286460 0.346951 0.027107 0.040302 0.029312
5 0.395811 0.328274 0.016817 0.057433 0.017986
5 0.392245 0.335656 0.025279 0.042213 0.002473
5 0.395467 0.334405 0.019062 0.049435 0.622459
5 0.397351 0.335714 0.019753 0.047343 0.010987
5 0.314159 0.341403 0.013794 0.035309 0.002473
5 0.392714 0.334951 0.026017 0.038685 0.004070
5 0.396189 0.335868 0.017443 0.046415 0.731059
5 0.400156 0.334938 0.015552 0.038982 0.017986
5 0.223685 0.351317 0.019947 0.075588 0.002473
5 0.286607 0.346357 0.026761 0.041464 0.001501
5 0.222751 0.352291 0.023482 0.073914 0.001501
