0 0.812807 0.148920 0.084468 0.290757 0.002473
0 0.592420 0.332430 0.019011 0.030270 0.002473
1 0.785809 0.294783 0.090252 0.030376 0.001501
1 0.789552 0.295964 0.097794 0.034611 0.001501
1 0.668595 0.316526 0.048774 0.032133 0.006693
1 0.670153 0.310650 0.052932 0.020344 0.004070
1 0.671800 0.311447 0.056077 0.021945 0.004070
1 0.780967 0.295394 0.092931 0.030932 0.002473
1 0.786366 0.297558 0.093728 0.035200 0.010987
1 0.789640 0.300447 0.101405 0.041353 0.006693
1 0.791337 0.303751 0.101348 0.048133 0.002473
1 0.792646 0.307061 0.103802 0.056723 0.006693
1 0.797976 0.308807 0.112544 0.068915 0.004070
1 0.529759 0.324180 0.009767 0.018339 0.002473
1 0.548874 0.326595 0.014824 0.023136 0.377541
1 0.551449 0.325333 0.014359 0.025715 0.119203
1 0.569324 0.328272 0.025056 0.031572 0.817575
1 0.569468 0.328248 0.026566 0.031551 0.377541
1 0.592427 0.332380 0.019047 0.030186 0.268941
1 0.621458 0.339711 0.048772 0.054487 0.880797
1 0.622073 0.339728 0.049975 0.054521 0.880797
1 0.620989 0.339136 0.049964 0.058420 0.880797
1 0.621561 0.337976 0.051132 0.056118 0.182426
1 0.670675 0.336624 0.056877 0.069981 0.010987
1 0.674527 0.339516 0.063462 0.076172 0.047426
1 0.677631 0.340192 0.070068 0.078715 0.029312
1 0.682323 0.340297 0.077866 0.078979 0.002473
1 0.779293 0.310029 0.128497 0.061706 0.002473
1 0.791024 0.310944 0.113096 0.063048 0.002473
1 0.800143 0.312751 0.121036 0.065726 0.002473
1 0.568233 0.328598 0.026978 0.032527 0.006693
1 0.569473 0.328607 0.025040 0.032297 0.377541
1 0.570043 0.328618 0.027021 0.032298 0.182426
1 0.592420 0.332430 0.019011 0.030270 0.119203
1 0.621506 0.339123 0.048823 0.058449 0.880797
1 0.622081 0.339762 0.049996 0.054559 0.880797
1 0.620967 0.339161 0.049900 0.058446 0.817575
1 0.622105 0.339743 0.050030 0.054589 0.817575
1 0.667026 0.338526 0.049630 0.073012 0.017986
1 0.672904 0.339826 0.060226 0.075597 0.075858
1 0.676504 0.339002 0.065999 0.077698 0.047426
1 0.684871 0.340837 0.082245 0.081628 0.002473
1 0.621507 0.340448 0.048820 0.056018 0.500000
1 0.621538 0.340442 0.048907 0.055906 0.817575
1 0.620982 0.339778 0.049974 0.054598 0.731059
1 0.659386 0.341215 0.035620 0.072932 0.017986
1 0.669500 0.338647 0.053840 0.073212 0.047426
1 0.674313 0.339745 0.061597 0.076730 0.029312
1 0.822698 0.347184 0.354963 0.634479 0.001170
1 0.823518 0.352889 0.356225 0.612027 0.001501
2 0.402277 0.306533 0.036649 0.035057 0.004070
2 0.408268 0.308466 0.033124 0.039080 0.004070
2 0.674527 0.339516 0.063462 0.076172 0.001501
3 0.668595 0.316526 0.048774 0.032133 0.001501
3 0.548874 0.326595 0.014824 0.023136 0.002473
3 0.674527 0.339516 0.063462 0.076172 0.002473
3 0.672904 0.339826 0.060226 0.075597 0.004070
3 0.823647 0.338362 0.350653 0.653635 0.880797
3 0.827474 0.342627 0.355033 0.643624 0.880797
3 0.822698 0.347184 0.354963 0.634479 0.880797
3 0.822796 0.336794 0.348845 0.649433 0.851953
3 0.827400 0.345129 0.351789 0.626909 0.851953
3 0.822718 0.351503 0.354758 0.615398 0.880797
3 0.823518 0.352889 0.356225 0.612027 0.817575
3 0.823463 0.345151 0.347237 0.643147 0.880797
3 0.826666 0.350141 0.353427 0.638537 0.880797
3 0.824146 0.353043 0.351845 0.632730 0.880797
4 0.592427 0.332380 0.019047 0.030186 0.001501
4 0.592420 0.332430 0.019011 0.030270 0.010987
5 0.262857 0.314325 0.029032 0.083202 0.001501
5 0.262666 0.320410 0.025560 0.073104 0.029312
5 0.262375 0.319968 0.030393 0.078673 0.010987
5 0.263534 0.323938 0.027151 0.070282 0.047426
5 0.264055 0.323732 0.030924 0.066331 0.006693
5 0.592427 0.332380 0.019047 0.030186 0.017986
5 0.260195 0.329457 0.023534 0.059310 0.017986
5 0.263296 0.327168 0.026469 0.063936 0.004070
5 0.268042 0.333279 0.040800 0.047969 0.002473
5 0.592420 0.332430 0.019011 0.030270 0.029312
5 0.046974 0.359623 0.031233 0.099123 0.002473
5 0.051828 0.361401 0.018484 0.100295 0.001501
5 0.068798 0.353923 0.050126 0.110439 0.006693
5 0.045720 0.360288 0.033919 0.099180 0.006693
5 0.052038 0.362065 0.021142 0.099498 0.001501
5 0.068759 0.357475 0.042597 0.107992 0.004070
5 0.047320 0.364474 0.030616 0.091302 0.002473
