0 0.558460 0.322122 0.011171 0.045136 0.017986
0 0.664641 0.318741 0.010130 0.054326 0.010987
0 0.056035 0.368251 0.023085 0.102780 0.002473
0 0.254255 0.342119 0.008566 0.049649 0.004070
0 0.558630 0.323532 0.007753 0.047170 0.075858
0 0.664633 0.320880 0.010163 0.052878 0.010987
0 0.254885 0.343077 0.009915 0.047477 0.002473
0 0.558634 0.325058 0.007755 0.048661 0.029312
0 0.664620 0.322393 0.010225 0.054021 0.006693
0 0.700330 0.325242 0.021348 0.042168 0.001501
0 0.062549 0.378294 0.049949 0.090371 0.001501
1 0.482777 0.325606 0.012547 0.010383 0.017986
2 0.303557 0.334159 0.040023 0.030160 0.004070
2 0.303513 0.334193 0.039870 0.030254 0.001501
2 0.302680 0.332348 0.039181 0.030390 0.001501
3 0.711087 0.318577 0.045161 0.054147 0.001501
3 0.710484 0.321145 0.044807 0.047362 0.001501
3 0.714922 0.323824 0.045474 0.047373 0.002473
4 0.598764 0.332945 0.025481 0.036220 0.001501
4 0.607075 0.334540 0.014817 0.039122 0.010987
4 0.061667 0.378238 0.048638 0.090482 0.010987
4 0.273249 0.348894 0.016984 0.032355 0.004070
4 0.278053 0.348336 0.019371 0.025330 0.006693
4 0.599322 0.334702 0.018526 0.034636 0.002473
4 0.608403 0.334651 0.017049 0.039168 0.010987
4 0.611286 0.334870 0.019855 0.034119 0.001501
4 0.063239 0.378747 0.051569 0.085711 0.017986
4 0.061660 0.378389 0.048531 0.090085 0.047426
4 0.062601 0.377631 0.049910 0.083897 0.075858
4 0.096833 0.370229 0.016024 0.051638 0.002473
4 0.271505 0.352613 0.013002 0.027176 0.002473
4 0.277538 0.352833 0.019989 0.025655 0.002473
4 0.062474 0.378744 0.050089 0.085710 0.017986
4 0.062479 0.378724 0.050056 0.085676 0.010987
4 0.063215 0.378689 0.048545 0.085771 0.047426
4 0.062541 0.377401 0.049983 0.088336 0.047426
4 0.098238 0.370584 0.015976 0.050872 0.001501
4 0.063281 0.379668 0.048590 0.087483 0.029312
4 0.062448 0.378758 0.050092 0.085818 0.029312
4 0.062549 0.378294 0.049949 0.090371 0.119203
5 0.558630 0.323532 0.007753 0.047170 0.001501
5 0.607075 0.334540 0.014817 0.039122 0.001501
5 0.061667 0.378238 0.048638 0.090482 0.182426
5 0.278053 0.348336 0.019371 0.025330 0.002473
5 0.599322 0.334702 0.018526 0.034636 0.001501
5 0.608403 0.334651 0.017049 0.039168 0.001501
5 0.063217 0.378678 0.048600 0.085844 0.017986
5 0.063239 0.378747 0.051569 0.085711 0.731059
5 0.061660 0.378389 0.048531 0.090085 0.500000
5 0.062601 0.377631 0.049910 0.083897 0.622459
5 0.096833 0.370229 0.016024 0.051638 0.001501
5 0.062474 0.378744 0.050089 0.085710 0.622459
5 0.062479 0.378724 0.050056 0.085676 0.731059
5 0.063215 0.378689 0.048545 0.085771 0.731059
5 0.062541 0.377401 0.049983 0.088336 0.500000
5 0.063203 0.379681 0.051606 0.087459 0.004070
5 0.063281 0.379668 0.048590 0.087483 0.622459
5 0.062448 0.378758 0.050092 0.085818 0.622459
5 0.062549 0.378294 0.049949 0.090371 0.182426
