0 0.158384 0.338975 0.023355 0.102167 0.001501
0 0.160705 0.334604 0.020682 0.107895 0.004070
0 0.159190 0.353074 0.021705 0.071875 0.047426
0 0.159714 0.352244 0.022650 0.077154 0.029312
0 0.159235 0.353225 0.021630 0.071605 0.075858
0 0.159348 0.351298 0.021794 0.073080 0.047426
0 0.158961 0.353335 0.021084 0.071694 0.047426
0 0.159748 0.352039 0.022580 0.074334 0.075858
0 0.159535 0.353746 0.019208 0.068365 0.029312
0 0.160138 0.352771 0.020218 0.070277 0.075858
1 0.327235 0.307822 0.033227 0.019139 0.002473
1 0.374308 0.319172 0.054478 0.049930 0.924142
1 0.373779 0.319170 0.055551 0.049929 0.880797
1 0.373759 0.319359 0.055561 0.050320 0.924142
1 0.373774 0.320232 0.055538 0.047539 0.880797
1 0.407816 0.314790 0.019337 0.027468 0.004070
1 0.412043 0.313078 0.021253 0.027146 0.002473
1 0.430522 0.312466 0.017581 0.025861 0.010987
1 0.446284 0.318679 0.029341 0.034432 0.500000
1 0.445619 0.318682 0.028018 0.034427 0.500000
1 0.463747 0.317162 0.011963 0.032155 0.010987
1 0.486748 0.320349 0.036290 0.047747 0.880797
1 0.486709 0.319174 0.036208 0.049926 0.880797
1 0.510985 0.314486 0.014206 0.028039 0.004070
1 0.570731 0.325346 0.058589 0.067403 0.924142
1 0.570971 0.326602 0.061145 0.064813 0.924142
1 0.570743 0.326223 0.058521 0.069180 0.880797
1 0.159190 0.353074 0.021705 0.071875 0.004070
1 0.373769 0.319249 0.055543 0.050086 0.880797
1 0.374304 0.320356 0.054481 0.047760 0.880797
1 0.374309 0.320359 0.054458 0.047772 0.880797
1 0.374993 0.319193 0.055801 0.050128 0.817575
1 0.408899 0.315069 0.017956 0.023325 0.377541
1 0.410607 0.316174 0.021032 0.021117 0.029312
1 0.428475 0.317175 0.014995 0.019088 0.622459
1 0.446178 0.318866 0.029582 0.034057 0.880797
1 0.445429 0.318912 0.028371 0.033969 0.880797
1 0.464339 0.317931 0.010754 0.030988 0.182426
1 0.486679 0.320348 0.036327 0.047768 0.880797
1 0.486925 0.320235 0.036817 0.047527 0.880797
1 0.511114 0.317170 0.014299 0.022746 0.622459
1 0.530602 0.321344 0.025610 0.033628 0.731059
1 0.530208 0.320216 0.024566 0.031370 0.880797
1 0.571498 0.327493 0.060072 0.066592 0.880797
1 0.570739 0.326600 0.058536 0.064776 0.924142
1 0.571507 0.327499 0.060061 0.066580 0.924142
1 0.570984 0.326594 0.061103 0.064798 0.880797
1 0.159235 0.353225 0.021630 0.071605 0.002473
1 0.374440 0.319490 0.056912 0.050506 0.500000
1 0.373767 0.319484 0.055537 0.050517 0.622459
1 0.485692 0.321037 0.036891 0.048716 0.119203
1 0.486631 0.319479 0.036522 0.050533 0.622459
1 0.486785 0.319293 0.037097 0.050144 0.622459
1 0.571504 0.327509 0.060061 0.066569 0.880797
1 0.570204 0.327506 0.059617 0.066568 0.880797
1 0.571504 0.326603 0.060054 0.064778 0.880797
1 0.078651 0.311263 0.157218 0.622154 0.002473
1 0.079025 0.309764 0.157907 0.613964 0.622459
1 0.079867 0.309011 0.156548 0.607529 0.679179
1 0.079322 0.308957 0.155601 0.607525 0.679179
1 0.078313 0.310029 0.159681 0.609555 0.562177
1 0.079477 0.309738 0.158812 0.624485 0.562177
1 0.079864 0.309802 0.156571 0.625162 0.679179
1 0.079023 0.311248 0.158135 0.622393 0.679179
1 0.079072 0.311320 0.158077 0.622026 0.622459
1 0.079845 0.311126 0.156522 0.622523 0.268941
1 0.079030 0.312648 0.158121 0.619659 0.182426
2 0.326383 0.308788 0.034866 0.021072 0.002473
2 0.327235 0.307822 0.033227 0.019139 0.002473
2 0.407816 0.314790 0.019337 0.027468 0.006693
2 0.412043 0.313078 0.021253 0.027146 0.029312
2 0.430522 0.312466 0.017581 0.025861 0.010987
2 0.463747 0.317162 0.011963 0.032155 0.001501
2 0.510985 0.314486 0.014206 0.028039 0.004070
2 0.326110 0.314840 0.037583 0.030487 0.001501
2 0.408899 0.315069 0.017956 0.023325 0.006693
2 0.410607 0.316174 0.021032 0.021117 0.002473
2 0.511114 0.317170 0.014299 0.022746 0.010987
2 0.078651 0.311263 0.157218 0.622154 0.006693
2 0.078587 0.311281 0.157338 0.622461 0.002473
2 0.079025 0.309764 0.157907 0.613964 0.075858
2 0.079867 0.309011 0.156548 0.607529 0.148047
2 0.079322 0.308957 0.155601 0.607525 0.148047
2 0.078313 0.310029 0.159681 0.609555 0.182426
2 0.079477 0.309738 0.158812 0.624485 0.060087
2 0.079864 0.309802 0.156571 0.625162 0.095349
2 0.079023 0.311248 0.158135 0.622393 0.148047
2 0.079072 0.311320 0.158077 0.622026 0.119203
2 0.079845 0.311126 0.156522 0.622523 0.006693
2 0.079030 0.312648 0.158121 0.619659 0.005220
3 0.407816 0.314790 0.019337 0.027468 0.001501
3 0.412043 0.313078 0.021253 0.027146 0.002473
3 0.430522 0.312466 0.017581 0.025861 0.004070
3 0.510985 0.314486 0.014206 0.028039 0.002473
3 0.408899 0.315069 0.017956 0.023325 0.017986
3 0.410607 0.316174 0.021032 0.021117 0.002473
3 0.428475 0.317175 0.014995 0.019088 0.002473
3 0.511114 0.317170 0.014299 0.022746 0.017986
3 0.079025 0.309764 0.157907 0.613964 0.010987
3 0.079867 0.309011 0.156548 0.607529 0.010987
3 0.079322 0.308957 0.155601 0.607525 0.006693
3 0.078313 0.310029 0.159681 0.609555 0.006693
3 0.079477 0.309738 0.158812 0.624485 0.008577
3 0.079864 0.309802 0.156571 0.625162 0.008577
3 0.079023 0.311248 0.158135 0.622393 0.005220
3 0.079072 0.311320 0.158077 0.622026 0.004070
3 0.079845 0.311126 0.156522 0.622523 0.001927
4 0.152714 0.349428 0.025339 0.080764 0.002473
4 0.159190 0.353074 0.021705 0.071875 0.075858
4 0.159714 0.352244 0.022650 0.077154 0.017986
4 0.154383 0.352789 0.026042 0.071945 0.004070
4 0.159235 0.353225 0.021630 0.071605 0.119203
4 0.159348 0.351298 0.021794 0.073080 0.010987
4 0.158961 0.353335 0.021084 0.071694 0.119203
4 0.159748 0.352039 0.022580 0.074334 0.017986
4 0.159535 0.353746 0.019208 0.068365 0.029312
4 0.160138 0.352771 0.020218 0.070277 0.010987
5 0.160705 0.334604 0.020682 0.107895 0.002473
5 0.159190 0.353074 0.021705 0.071875 0.010987
5 0.159714 0.352244 0.022650 0.077154 0.010987
5 0.159235 0.353225 0.021630 0.071605 0.029312
5 0.159348 0.351298 0.021794 0.073080 0.006693
5 0.158961 0.353335 0.021084 0.071694 0.010987
5 0.159748 0.352039 0.022580 0.074334 0.001501
5 0.159535 0.353746 0.019208 0.068365 0.001501
