1 0.153759 0.301804 0.094014 0.111893 0.001501
1 0.154326 0.304306 0.097317 0.099760 0.004070
1 0.153581 0.301667 0.093547 0.110166 0.075858
1 0.155874 0.301408 0.088496 0.111428 0.029312
1 0.159426 0.302166 0.085289 0.115023 0.004070
1 0.026981 0.321792 0.054034 0.070022 0.880797
1 0.026987 0.322003 0.054018 0.074026 0.880797
1 0.026974 0.320903 0.054042 0.071925 0.817575
1 0.118002 0.322890 0.026588 0.062589 0.622459
1 0.117656 0.322881 0.027303 0.062632 0.731059
1 0.118765 0.322662 0.029252 0.063054 0.182426
1 0.152795 0.302244 0.094812 0.109323 0.047426
1 0.156989 0.302999 0.086922 0.108045 0.119203
1 0.162648 0.301727 0.078633 0.107460 0.017986
1 0.392968 0.309947 0.035958 0.041724 0.817575
1 0.392976 0.308797 0.035972 0.039486 0.880797
1 0.392979 0.311221 0.036016 0.039192 0.880797
1 0.437717 0.308453 0.014848 0.017780 0.029312
1 0.442756 0.306885 0.016593 0.020911 0.047426
1 0.453197 0.308920 0.018619 0.024893 0.817575
1 0.464427 0.307813 0.011628 0.019080 0.047426
1 0.482790 0.310458 0.023566 0.032501 0.817575
1 0.482856 0.309796 0.023698 0.031228 0.622459
1 0.512214 0.310063 0.013832 0.020940 0.500000
1 0.512744 0.308714 0.013910 0.020873 0.268941
1 0.536261 0.313773 0.033304 0.039143 0.880797
1 0.536227 0.313777 0.033339 0.039150 0.924142
1 0.026434 0.320484 0.052943 0.067431 0.880797
1 0.026444 0.321784 0.052921 0.069926 0.880797
1 0.026435 0.321799 0.052939 0.069970 0.880797
1 0.026436 0.321942 0.052976 0.070592 0.500000
1 0.117995 0.322909 0.026572 0.062601 0.500000
1 0.118236 0.322905 0.026853 0.062538 0.622459
1 0.118547 0.321587 0.028956 0.065178 0.182426
1 0.151940 0.307538 0.094839 0.098438 0.029312
1 0.157679 0.303794 0.086891 0.106258 0.182426
1 0.161966 0.303875 0.077293 0.103111 0.001501
1 0.392299 0.311204 0.034621 0.039212 0.880797
1 0.392298 0.312490 0.034608 0.041718 0.880797
1 0.392296 0.311216 0.034651 0.039205 0.817575
1 0.452298 0.311111 0.020100 0.024742 0.004070
1 0.453195 0.309809 0.018621 0.026635 0.001501
1 0.482819 0.309790 0.023604 0.031233 0.880797
1 0.484339 0.311611 0.021804 0.030241 0.622459
1 0.516813 0.312590 0.008852 0.023879 0.004070
1 0.536078 0.313762 0.033644 0.039155 0.817575
1 0.536078 0.313759 0.033636 0.039177 0.880797
1 0.026984 0.321788 0.054032 0.070042 0.880797
1 0.027749 0.324049 0.052475 0.070011 0.880797
1 0.026979 0.322889 0.054038 0.072367 0.817575
1 0.118003 0.322927 0.026522 0.062547 0.500000
1 0.117892 0.322891 0.026055 0.062576 0.731059
1 0.119588 0.322755 0.028444 0.067949 0.119203
1 0.141862 0.312425 0.074731 0.088736 0.006693
1 0.248400 0.321851 0.250042 0.278245 0.851953
1 0.246911 0.321191 0.249965 0.279607 0.851953
1 0.249218 0.322398 0.251532 0.282286 0.851953
1 0.249123 0.320727 0.245217 0.280699 0.777300
1 0.248435 0.320644 0.249992 0.280755 0.904651
1 0.248422 0.320600 0.249976 0.280843 0.904651
1 0.248452 0.321368 0.249985 0.279314 0.904651
1 0.248513 0.321506 0.253014 0.279073 0.010987
1 0.248414 0.321497 0.249971 0.279120 0.904651
1 0.249987 0.323250 0.249949 0.280486 0.880797
1 0.248458 0.322069 0.249970 0.277912 0.924142
1 0.840666 0.404267 0.325191 0.618771 0.777300
1 0.839096 0.408208 0.321986 0.622680 0.851953
1 0.837517 0.409326 0.325066 0.622627 0.880797
1 0.836844 0.407237 0.317593 0.614676 0.851953
1 0.840676 0.406279 0.325183 0.621594 0.851953
1 0.839775 0.406697 0.320530 0.621933 0.880797
1 0.838257 0.407931 0.326624 0.620445 0.904651
1 0.841390 0.410902 0.323748 0.628767 0.880797
1 0.840554 0.410303 0.322098 0.630154 0.904651
1 0.839042 0.408167 0.325042 0.629433 0.924142
2 0.818915 0.186089 0.236852 0.194845 0.002473
2 0.422239 0.305710 0.017016 0.023454 0.002473
2 0.437717 0.308453 0.014848 0.017780 0.004070
2 0.442756 0.306885 0.016593 0.020911 0.001501
2 0.464427 0.307813 0.011628 0.019080 0.004070
2 0.512744 0.308714 0.013910 0.020873 0.002473
2 0.248400 0.321851 0.250042 0.278245 0.005220
2 0.246911 0.321191 0.249965 0.279607 0.010987
2 0.249218 0.322398 0.251532 0.282286 0.006693
2 0.249123 0.320727 0.245217 0.280699 0.003173
2 0.248435 0.320644 0.249992 0.280755 0.001170
2 0.248422 0.320600 0.249976 0.280843 0.001501
2 0.248452 0.321368 0.249985 0.279314 0.001170
2 0.248414 0.321497 0.249971 0.279120 0.003173
2 0.249987 0.323250 0.249949 0.280486 0.002473
2 0.248458 0.322069 0.249970 0.277912 0.001927
3 0.118002 0.322890 0.026588 0.062589 0.004070
3 0.117656 0.322881 0.027303 0.062632 0.006693
3 0.118765 0.322662 0.029252 0.063054 0.001501
3 0.437717 0.308453 0.014848 0.017780 0.001501
3 0.464427 0.307813 0.011628 0.019080 0.002473
3 0.512214 0.310063 0.013832 0.020940 0.006693
3 0.512744 0.308714 0.013910 0.020873 0.010987
3 0.117995 0.322909 0.026572 0.062601 0.004070
3 0.118236 0.322905 0.026853 0.062538 0.006693
3 0.118003 0.322927 0.026522 0.062547 0.010987
3 0.117892 0.322891 0.026055 0.062576 0.004070
