0 0.618529 0.318457 0.013077 0.037995 0.004070
0 0.637640 0.324623 0.038996 0.048407 0.001501
0 0.714145 0.319050 0.016648 0.018991 0.001501
0 0.416052 0.333909 0.021034 0.079026 0.002473
1 0.209098 0.268828 0.053504 0.056225 0.001501
1 0.439500 0.322878 0.021076 0.046568 0.622459
1 0.438971 0.322852 0.022120 0.049169 0.622459
1 0.456305 0.319639 0.018943 0.037154 0.001501
1 0.618529 0.318457 0.013077 0.037995 0.001501
1 0.637640 0.324623 0.038996 0.048407 0.006693
1 0.638167 0.325423 0.038839 0.050004 0.017986
1 0.652730 0.315792 0.028607 0.032798 0.017986
1 0.683815 0.307196 0.049133 0.036197 0.001501
1 0.684164 0.307230 0.047029 0.036284 0.002473
1 0.683760 0.307212 0.048647 0.036352 0.004070
1 0.686527 0.306009 0.056874 0.038635 0.002473
1 0.257059 0.345024 0.052849 0.065086 0.880797
1 0.256993 0.342470 0.052975 0.065120 0.880797
1 0.256654 0.343727 0.053557 0.067691 0.817575
1 0.438950 0.322913 0.022186 0.049237 0.731059
1 0.439733 0.323584 0.023662 0.047967 0.731059
1 0.456301 0.321989 0.020613 0.032404 0.731059
1 0.469513 0.320342 0.011005 0.020897 0.075858
1 0.520969 0.315613 0.011226 0.015935 0.001501
1 0.636924 0.328269 0.039388 0.042164 0.377541
1 0.637606 0.328441 0.038924 0.041841 0.817575
1 0.637532 0.328472 0.039077 0.041799 0.817575
1 0.637709 0.327552 0.040077 0.043627 0.622459
1 0.683575 0.311683 0.047118 0.030151 0.075858
1 0.684662 0.310523 0.044894 0.032428 0.119203
1 0.684290 0.311048 0.046864 0.028726 0.119203
1 0.690964 0.311656 0.040922 0.027709 0.075858
1 0.714145 0.319050 0.016648 0.018991 0.119203
1 0.739543 0.320369 0.023505 0.020913 0.268941
1 0.742756 0.321614 0.029726 0.018398 0.268941
1 0.745382 0.321617 0.031261 0.018373 0.119203
1 0.256543 0.343667 0.053684 0.067854 0.500000
1 0.256785 0.343737 0.053433 0.062538 0.817575
1 0.257325 0.345024 0.054471 0.065083 0.880797
1 0.257245 0.343731 0.054554 0.062575 0.817575
1 0.257492 0.343716 0.054322 0.062721 0.047426
1 0.439712 0.322983 0.023706 0.046520 0.731059
1 0.438941 0.323010 0.022156 0.049104 0.731059
1 0.637322 0.328581 0.040147 0.046202 0.500000
1 0.637539 0.329591 0.039054 0.044081 0.817575
1 0.637262 0.329614 0.039617 0.044026 0.817575
1 0.637698 0.328403 0.039004 0.041942 0.622459
1 0.257530 0.343726 0.054076 0.062581 0.817575
1 0.256727 0.343743 0.053545 0.062549 0.817575
1 0.256763 0.343746 0.053334 0.067659 0.817575
1 0.349768 0.263667 0.153455 0.238323 0.001501
1 0.121437 0.310303 0.242852 0.448709 0.562177
1 0.120169 0.312420 0.243392 0.445995 0.437824
1 0.350582 0.263765 0.151776 0.237841 0.001170
1 0.121430 0.308989 0.242900 0.445030 0.880797
1 0.120203 0.307756 0.243511 0.448358 0.880797
1 0.119761 0.308203 0.242602 0.449079 0.880797
1 0.120969 0.311952 0.241924 0.445939 0.851953
1 0.121439 0.310229 0.242885 0.441261 0.880797
1 0.120212 0.308357 0.243538 0.438777 0.851953
1 0.119416 0.310083 0.241918 0.441281 0.817575
1 0.120560 0.313506 0.241136 0.436060 0.817575
1 0.120536 0.309169 0.241097 0.436933 0.060087
1 0.119387 0.311860 0.241833 0.432301 0.029312
2 0.638167 0.325423 0.038839 0.050004 0.002473
2 0.652730 0.315792 0.028607 0.032798 0.004070
2 0.683815 0.307196 0.049133 0.036197 0.377541
2 0.684164 0.307230 0.047029 0.036284 0.377541
2 0.683760 0.307212 0.048647 0.036352 0.268941
2 0.686527 0.306009 0.056874 0.038635 0.119203
2 0.719082 0.306694 0.037962 0.035785 0.047426
2 0.728920 0.310242 0.047617 0.032770 0.029312
2 0.737921 0.310225 0.044648 0.032886 0.010987
2 0.739055 0.312108 0.048060 0.032850 0.001501
2 0.683575 0.311683 0.047118 0.030151 0.029312
2 0.684662 0.310523 0.044894 0.032428 0.029312
2 0.684290 0.311048 0.046864 0.028726 0.029312
2 0.690964 0.311656 0.040922 0.027709 0.010987
2 0.714145 0.319050 0.016648 0.018991 0.001501
2 0.742756 0.321614 0.029726 0.018398 0.002473
2 0.745382 0.321617 0.031261 0.018373 0.010987
3 0.209330 0.266319 0.053915 0.057277 0.001501
3 0.210421 0.267646 0.055048 0.058262 0.001501
3 0.209506 0.268825 0.052868 0.056247 0.029312
3 0.209098 0.268828 0.053504 0.056225 0.029312
3 0.210107 0.268204 0.055482 0.053704 0.010987
3 0.211689 0.268478 0.057472 0.053778 0.010987
3 0.210172 0.269549 0.053627 0.058880 0.017986
3 0.209124 0.269024 0.053525 0.057018 0.017986
3 0.210591 0.268790 0.056559 0.057688 0.010987
3 0.219927 0.271791 0.073739 0.060520 0.006693
3 0.618529 0.318457 0.013077 0.037995 0.001501
3 0.637640 0.324623 0.038996 0.048407 0.001501
3 0.638167 0.325423 0.038839 0.050004 0.002473
3 0.652730 0.315792 0.028607 0.032798 0.002473
3 0.683815 0.307196 0.049133 0.036197 0.001501
3 0.684164 0.307230 0.047029 0.036284 0.004070
3 0.683760 0.307212 0.048647 0.036352 0.004070
3 0.686527 0.306009 0.056874 0.038635 0.006693
3 0.719082 0.306694 0.037962 0.035785 0.010987
3 0.728920 0.310242 0.047617 0.032770 0.010987
3 0.737921 0.310225 0.044648 0.032886 0.004070
3 0.739055 0.312108 0.048060 0.032850 0.001501
3 0.636924 0.328269 0.039388 0.042164 0.001501
3 0.683575 0.311683 0.047118 0.030151 0.010987
3 0.684662 0.310523 0.044894 0.032428 0.017986
3 0.684290 0.311048 0.046864 0.028726 0.047426
3 0.690964 0.311656 0.040922 0.027709 0.029312
3 0.714145 0.319050 0.016648 0.018991 0.010987
3 0.739543 0.320369 0.023505 0.020913 0.010987
3 0.742756 0.321614 0.029726 0.018398 0.010987
3 0.745382 0.321617 0.031261 0.018373 0.002473
3 0.351428 0.262986 0.153380 0.239340 0.017986
3 0.349160 0.263835 0.155073 0.242116 0.008577
3 0.349768 0.263667 0.153455 0.238323 0.880797
3 0.351529 0.263235 0.153086 0.238716 0.880797
3 0.350777 0.263214 0.151685 0.238761 0.904651
3 0.350788 0.263289 0.154690 0.238793 0.880797
3 0.350582 0.263765 0.151776 0.237841 0.904651
3 0.349997 0.263416 0.153148 0.238313 0.904651
3 0.350741 0.262669 0.154737 0.239787 0.880797
3 0.350821 0.262865 0.154702 0.239639 0.904651
3 0.349984 0.263308 0.153242 0.239008 0.851953
3 0.351510 0.263150 0.153193 0.239287 0.777300
5 0.636924 0.328269 0.039388 0.042164 0.002473
5 0.714145 0.319050 0.016648 0.018991 0.004070
