0 0.542507 0.318986 0.007079 0.034033 0.001501
0 0.706310 0.331660 0.023612 0.050191 0.001501
0 0.708308 0.332957 0.024110 0.047704 0.001501
0 0.007018 0.360912 0.011044 0.056095 0.004070
0 0.007799 0.363422 0.012586 0.055219 0.004070
1 0.301477 0.342426 0.122044 0.123122 0.924142
1 0.300693 0.342123 0.120566 0.123450 0.924142
1 0.300004 0.342190 0.121940 0.123411 0.880797
1 0.382047 0.327511 0.014133 0.016817 0.268941
1 0.389222 0.326129 0.016700 0.014505 0.002473
1 0.407098 0.324000 0.015368 0.013606 0.010987
1 0.435479 0.321994 0.020965 0.032336 0.817575
1 0.434753 0.321981 0.022572 0.032361 0.817575
1 0.459684 0.322928 0.011452 0.015781 0.182426
1 0.165371 0.354053 0.075054 0.051600 0.017986
1 0.165302 0.352117 0.072582 0.050915 0.817575
1 0.164741 0.352122 0.073622 0.050925 0.880797
1 0.164808 0.352119 0.073472 0.050932 0.817575
1 0.164773 0.353037 0.073542 0.049178 0.817575
1 0.164834 0.353254 0.073425 0.053357 0.817575
1 0.301231 0.341236 0.119470 0.122695 0.924142
1 0.301450 0.341463 0.122112 0.122138 0.924142
1 0.300004 0.341192 0.121938 0.122789 0.924142
1 0.733206 0.343720 0.067163 0.026103 0.001501
1 0.164707 0.352877 0.073669 0.049439 0.047426
1 0.164761 0.352104 0.073662 0.050945 0.880797
1 0.165277 0.353262 0.072529 0.053197 0.880797
1 0.165324 0.354164 0.072465 0.051357 0.880797
1 0.164776 0.353275 0.073556 0.053230 0.880797
1 0.164813 0.352173 0.073461 0.051149 0.817575
1 0.301453 0.341700 0.122082 0.121666 0.880797
1 0.300684 0.341685 0.120588 0.121636 0.952574
1 0.300683 0.341686 0.120574 0.121638 0.880797
1 0.300702 0.341333 0.120581 0.122576 0.924142
2 0.413976 0.304060 0.074232 0.053630 0.004070
2 0.414600 0.303985 0.076049 0.053660 0.004070
2 0.411788 0.305192 0.068090 0.056417 0.006693
2 0.411685 0.306170 0.067275 0.044689 0.006693
2 0.414547 0.306940 0.072105 0.047711 0.004070
2 0.412401 0.307171 0.066454 0.047293 0.006693
2 0.411848 0.323962 0.021490 0.013683 0.004070
2 0.435479 0.321994 0.020965 0.032336 0.001501
2 0.434753 0.321981 0.022572 0.032361 0.004070
3 0.382047 0.327511 0.014133 0.016817 0.004070
3 0.435479 0.321994 0.020965 0.032336 0.006693
3 0.434753 0.321981 0.022572 0.032361 0.006693
5 0.007018 0.360912 0.011044 0.056095 0.001501
5 0.007799 0.363422 0.012586 0.055219 0.002473
5 0.007812 0.364701 0.012647 0.049132 0.001501
