1 0.290822 0.335883 0.112535 0.083374 0.924142
1 0.291523 0.335873 0.111146 0.083368 0.880797
1 0.441495 0.322006 0.029953 0.040625 0.006693
1 0.441405 0.321553 0.029714 0.039706 0.006693
1 0.441674 0.321463 0.030373 0.040078 0.001501
1 0.493412 0.321391 0.027307 0.039853 0.377541
1 0.493462 0.320530 0.027315 0.038876 0.500000
1 0.493497 0.320544 0.027411 0.038907 0.268941
1 0.290812 0.335889 0.112460 0.083395 0.924142
1 0.291515 0.334610 0.111155 0.080803 0.924142
1 0.290969 0.334613 0.110110 0.085910 0.880797
1 0.441390 0.322626 0.029728 0.039297 0.924142
1 0.442069 0.322607 0.028368 0.039252 0.924142
1 0.440897 0.322627 0.031898 0.039322 0.268941
1 0.493438 0.321435 0.027361 0.039683 0.880797
1 0.493451 0.321483 0.027334 0.039588 0.924142
1 0.493498 0.321482 0.027405 0.039602 0.731059
1 0.292181 0.333342 0.112462 0.083348 0.880797
1 0.290846 0.335886 0.112515 0.083340 0.924142
1 0.290989 0.334613 0.110071 0.080800 0.924142
1 0.441499 0.323442 0.029947 0.041509 0.004070
1 0.441398 0.323504 0.029715 0.041327 0.002473
1 0.441559 0.323864 0.030120 0.040854 0.001501
1 0.291499 0.335891 0.111098 0.083400 0.002473
1 0.291507 0.335893 0.111183 0.083383 0.924142
1 0.290286 0.335899 0.111447 0.083376 0.880797
1 0.194662 0.766035 0.390026 0.458672 0.001501
