0 0.810471 0.317751 0.018430 0.085271 0.004070
0 0.769573 0.320083 0.033449 0.057691 0.001501
0 0.795835 0.325429 0.011890 0.063106 0.001501
0 0.810559 0.321214 0.015779 0.080599 0.001501
0 0.814462 0.320857 0.013142 0.077699 0.001501
0 0.795261 0.329373 0.012641 0.055243 0.004070
0 0.810242 0.327466 0.015385 0.092600 0.002473
0 0.813172 0.325985 0.014152 0.091327 0.002473
0 0.764904 0.330203 0.021883 0.038508 0.002473
0 0.770051 0.328389 0.028825 0.038442 0.002473
0 0.795311 0.329944 0.012725 0.055669 0.002473
0 0.813047 0.331422 0.014445 0.097807 0.001501
1 0.260226 0.334202 0.092095 0.071883 0.880797
1 0.260163 0.333281 0.095046 0.073656 0.268941
1 0.286284 0.324866 0.056009 0.053333 0.004070
1 0.360388 0.320878 0.012939 0.049130 0.001501
1 0.611019 0.322910 0.072082 0.067668 0.924142
1 0.611728 0.321639 0.073477 0.065095 0.924142
1 0.611729 0.321785 0.073472 0.069904 0.880797
1 0.770313 0.321602 0.034160 0.051360 0.001501
1 0.200706 0.341742 0.041983 0.040862 0.075858
1 0.202028 0.342214 0.042814 0.039833 0.075858
1 0.202014 0.342333 0.042758 0.039599 0.029312
1 0.201821 0.342196 0.043367 0.039909 0.029312
1 0.260159 0.334260 0.092212 0.071773 0.817575
1 0.259917 0.333333 0.091630 0.070050 0.924142
1 0.260222 0.332428 0.092163 0.071867 0.880797
1 0.305919 0.327919 0.020309 0.052021 0.010987
1 0.315773 0.328196 0.021047 0.047000 0.001501
1 0.336799 0.323452 0.062452 0.061221 0.001501
1 0.358854 0.322813 0.016047 0.052077 0.001501
1 0.365525 0.323132 0.016284 0.045635 0.002473
1 0.610949 0.321762 0.074993 0.069922 0.880797
1 0.611728 0.321782 0.073478 0.069886 0.924142
1 0.611732 0.322915 0.073470 0.067622 0.880797
1 0.611730 0.322916 0.073457 0.067653 0.924142
1 0.737090 0.328163 0.016269 0.015479 0.029312
1 0.738797 0.327503 0.019569 0.016822 0.047426
1 0.769879 0.328246 0.031948 0.042510 0.004070
1 0.769874 0.328219 0.029642 0.038703 0.029312
1 0.769612 0.328166 0.030467 0.038672 0.029312
1 0.107714 0.338790 0.028875 0.021197 0.001501
1 0.162419 0.345021 0.021902 0.018408 0.017986
1 0.164853 0.343730 0.023483 0.020929 0.029312
1 0.201424 0.342516 0.043367 0.039257 0.500000
1 0.201773 0.342948 0.043359 0.038384 0.880797
1 0.201736 0.343649 0.043280 0.038791 0.817575
1 0.202187 0.343367 0.042569 0.039321 0.622459
1 0.258966 0.334711 0.090016 0.067378 0.001501
1 0.259871 0.334294 0.091678 0.071799 0.817575
1 0.260166 0.333355 0.092241 0.070068 0.880797
1 0.260243 0.333370 0.092315 0.070037 0.880797
1 0.286758 0.332140 0.055821 0.062290 0.004070
1 0.611036 0.322903 0.072145 0.072199 0.880797
1 0.610961 0.321781 0.075011 0.069913 0.924142
1 0.611727 0.324040 0.073478 0.069909 0.880797
1 0.770051 0.328389 0.028825 0.038442 0.006693
1 0.770400 0.329064 0.031366 0.037039 0.017986
1 0.062484 0.373390 0.124976 0.289134 0.817575
1 0.204320 0.344808 0.042746 0.042780 0.010987
1 0.260153 0.335004 0.092260 0.070410 0.268941
1 0.260186 0.333364 0.092263 0.073670 0.817575
1 0.259825 0.334263 0.091436 0.071862 0.731059
1 0.061730 0.375905 0.123487 0.282945 0.817575
1 0.061738 0.374011 0.126522 0.284274 0.817575
1 0.062491 0.372287 0.125052 0.280569 0.817575
1 0.061730 0.373887 0.123486 0.283605 0.817575
1 0.061735 0.372324 0.123451 0.281065 0.817575
1 0.061732 0.371141 0.126570 0.276895 0.817575
1 0.061725 0.373815 0.123494 0.287849 0.880797
1 0.062491 0.371712 0.124983 0.285531 0.817575
1 0.061735 0.372019 0.126534 0.280042 0.817575
1 0.469015 0.284885 0.212062 0.236626 0.001501
1 0.062521 0.370090 0.125004 0.286714 0.017986
2 0.671965 0.309364 0.053197 0.042797 0.001501
2 0.680983 0.309646 0.038374 0.042341 0.006693
2 0.681053 0.308623 0.038042 0.044386 0.006693
2 0.681063 0.307549 0.038155 0.046504 0.004070
2 0.679393 0.312616 0.037638 0.041543 0.001501
2 0.679387 0.311319 0.035140 0.038993 0.001501
3 0.769874 0.328219 0.029642 0.038703 0.001501
3 0.769612 0.328166 0.030467 0.038672 0.002473
3 0.770400 0.329064 0.031366 0.037039 0.001501
3 0.468585 0.285675 0.212660 0.238352 0.904651
3 0.468718 0.283676 0.212510 0.239233 0.880797
3 0.468875 0.284933 0.212250 0.236606 0.924142
3 0.469015 0.284885 0.212062 0.236626 0.924142
3 0.468727 0.284931 0.212490 0.236636 0.904651
3 0.467868 0.284994 0.211117 0.236647 0.904651
3 0.468727 0.284239 0.212528 0.235184 0.924142
3 0.469716 0.284164 0.213708 0.235141 0.924142
3 0.467714 0.283688 0.211414 0.239121 0.924142
3 0.468739 0.283005 0.212508 0.237712 0.924142
4 0.769879 0.328246 0.031948 0.042510 0.002473
4 0.769874 0.328219 0.029642 0.038703 0.001501
4 0.764904 0.330203 0.021883 0.038508 0.004070
4 0.770051 0.328389 0.028825 0.038442 0.002473
4 0.770400 0.329064 0.031366 0.037039 0.004070
5 0.769573 0.320083 0.033449 0.057691 0.006693
5 0.769539 0.321683 0.033113 0.051214 0.017986
5 0.770313 0.321602 0.034160 0.051360 0.010987
5 0.305919 0.327919 0.020309 0.052021 0.001501
5 0.769879 0.328246 0.031948 0.042510 0.017986
5 0.769874 0.328219 0.029642 0.038703 0.029312
5 0.769612 0.328166 0.030467 0.038672 0.017986
5 0.286758 0.332140 0.055821 0.062290 0.001501
5 0.764904 0.330203 0.021883 0.038508 0.010987
5 0.770051 0.328389 0.028825 0.038442 0.017986
5 0.770400 0.329064 0.031366 0.037039 0.029312
5 0.270652 0.333228 0.073503 0.067783 0.001501
