0 0.248130 0.303901 0.015593 0.084907 0.002473
0 0.283252 0.315007 0.008584 0.057570 0.002473
0 0.284035 0.318975 0.010176 0.053654 0.001501
0 0.375313 0.321618 0.013080 0.033697 0.002473
1 0.583981 0.314403 0.085883 0.072041 0.001501
1 0.586640 0.314514 0.087746 0.068606 0.006693
1 0.586812 0.313580 0.088847 0.066735 0.004070
1 0.589768 0.310858 0.091462 0.064374 0.001501
1 0.635723 0.320782 0.127744 0.084270 0.047426
1 0.336657 0.327339 0.045312 0.053718 0.622459
1 0.336193 0.327319 0.044320 0.053649 0.500000
1 0.335943 0.328612 0.046933 0.056242 0.500000
1 0.359000 0.318028 0.026278 0.047659 0.119203
1 0.359000 0.318355 0.026243 0.048371 0.119203
1 0.422033 0.312150 0.024920 0.023391 0.006693
1 0.422895 0.311956 0.026583 0.024956 0.010987
1 0.448460 0.317747 0.025065 0.036317 0.731059
1 0.449230 0.317748 0.026613 0.036332 0.731059
1 0.477221 0.315191 0.026545 0.031217 0.622459
1 0.477788 0.314528 0.027432 0.032540 0.622459
1 0.538164 0.321799 0.057185 0.042677 0.182426
1 0.537909 0.321802 0.056628 0.042671 0.182426
1 0.538288 0.321617 0.054885 0.042310 0.268941
1 0.583411 0.314700 0.082387 0.064588 0.500000
1 0.587000 0.315282 0.085631 0.063401 0.622459
1 0.586744 0.314609 0.084763 0.062058 0.817575
1 0.588381 0.315952 0.087705 0.061996 0.622459
1 0.602729 0.326569 0.082183 0.079731 0.622459
1 0.603697 0.325681 0.079415 0.081561 0.731059
1 0.602594 0.327363 0.083019 0.081340 0.622459
1 0.654917 0.332071 0.096161 0.102449 0.731059
1 0.655124 0.332594 0.095918 0.103215 0.817575
1 0.655142 0.332357 0.095891 0.102304 0.817575
1 0.810385 0.327689 0.044465 0.078725 0.001501
1 0.335815 0.327388 0.043625 0.053591 0.817575
1 0.336724 0.327668 0.045401 0.053016 0.731059
1 0.336705 0.328671 0.045467 0.056119 0.817575
1 0.359671 0.321752 0.022623 0.044044 0.268941
1 0.360245 0.320449 0.023754 0.045441 0.377541
1 0.375313 0.321618 0.013080 0.033697 0.002473
1 0.393689 0.314685 0.012771 0.017720 0.010987
1 0.423377 0.314462 0.024883 0.020085 0.622459
1 0.422730 0.314483 0.026501 0.020034 0.500000
1 0.447767 0.317757 0.026403 0.036282 0.817575
1 0.448466 0.318245 0.025064 0.035313 0.731059
1 0.477252 0.314613 0.026509 0.032390 0.622459
1 0.477969 0.315217 0.024882 0.031164 0.731059
1 0.537385 0.322712 0.055580 0.041357 0.731059
1 0.536742 0.322646 0.051589 0.041957 0.731059
1 0.536058 0.322778 0.053077 0.041535 0.731059
1 0.584893 0.314658 0.082939 0.064883 0.500000
1 0.587012 0.315232 0.086696 0.063754 0.622459
1 0.587183 0.314305 0.085632 0.061434 0.731059
1 0.591116 0.319013 0.089360 0.060159 0.377541
1 0.604716 0.326620 0.080162 0.079705 0.731059
1 0.602748 0.326283 0.080488 0.079021 0.817575
1 0.604127 0.326432 0.083165 0.083215 0.622459
1 0.654127 0.332911 0.095014 0.102591 0.880797
1 0.655146 0.332653 0.097790 0.102819 0.880797
1 0.654796 0.332270 0.096633 0.102074 0.880797
1 0.725736 0.344919 0.133312 0.138471 0.880797
1 0.724905 0.345793 0.133387 0.136663 0.880797
1 0.725242 0.345787 0.134138 0.136661 0.880797
1 0.336192 0.328680 0.044357 0.056099 0.731059
1 0.336112 0.328682 0.044177 0.056094 0.817575
1 0.336722 0.328201 0.045454 0.057061 0.817575
1 0.341570 0.324925 0.039115 0.049099 0.119203
1 0.358986 0.321674 0.024104 0.046184 0.182426
1 0.537346 0.323236 0.055504 0.042332 0.119203
1 0.537579 0.323225 0.053289 0.043057 0.119203
1 0.537871 0.322914 0.053862 0.042915 0.182426
1 0.582325 0.318984 0.079593 0.065565 0.047426
1 0.584952 0.315808 0.086165 0.067154 0.500000
1 0.588455 0.318322 0.089244 0.072242 0.377541
1 0.600722 0.329425 0.086235 0.070567 0.268941
1 0.603847 0.326820 0.078863 0.080208 0.731059
1 0.603520 0.326250 0.078993 0.079226 0.731059
1 0.604707 0.326582 0.083973 0.086453 0.377541
1 0.654919 0.333030 0.096133 0.102360 0.880797
1 0.654806 0.332507 0.096390 0.101309 0.924142
1 0.654975 0.333034 0.096262 0.102369 0.817575
1 0.725910 0.344874 0.132964 0.138433 0.880797
1 0.725336 0.345772 0.134006 0.136649 0.924142
1 0.725305 0.344870 0.133971 0.138447 0.880797
1 0.853975 0.370274 0.086172 0.140359 0.817575
1 0.853344 0.370897 0.087504 0.138794 0.817575
1 0.852790 0.370816 0.086436 0.139229 0.817575
1 0.603356 0.328597 0.081989 0.077235 0.001501
1 0.604089 0.326603 0.080012 0.083773 0.268941
1 0.654847 0.332863 0.097171 0.102460 0.880797
1 0.725448 0.345878 0.134057 0.136469 0.817575
1 0.725359 0.345817 0.134064 0.136592 0.924142
1 0.724950 0.345322 0.133100 0.133063 0.924142
1 0.853311 0.370199 0.087497 0.139818 0.731059
1 0.854013 0.370276 0.086128 0.139774 0.817575
1 0.852795 0.370466 0.086415 0.139488 0.817575
1 0.725083 0.344916 0.133475 0.138411 0.924142
1 0.852770 0.371108 0.086418 0.138411 0.817575
1 0.853333 0.370707 0.087488 0.139205 0.880797
1 0.853328 0.369378 0.087510 0.136676 0.817575
1 0.852772 0.371556 0.086410 0.132478 0.817575
1 0.136075 0.375943 0.244106 0.271571 0.924142
1 0.136020 0.376808 0.244113 0.273111 0.904651
1 0.136165 0.376811 0.245413 0.273188 0.924142
1 0.135882 0.375981 0.244314 0.271622 0.939913
1 0.136303 0.375062 0.245193 0.269623 0.924142
1 0.136035 0.375091 0.243972 0.269560 0.924142
1 0.135982 0.376021 0.244020 0.271457 0.924142
1 0.135946 0.375086 0.244180 0.269754 0.924142
1 0.136032 0.374114 0.243973 0.271505 0.924142
1 0.136239 0.375096 0.243542 0.273451 0.924142
2 0.359000 0.318028 0.026278 0.047659 0.029312
2 0.359000 0.318355 0.026243 0.048371 0.017986
2 0.422033 0.312150 0.024920 0.023391 0.001501
2 0.422895 0.311956 0.026583 0.024956 0.004070
3 0.596786 0.315501 0.089734 0.076455 0.002473
3 0.635723 0.320782 0.127744 0.084270 0.002473
3 0.359000 0.318028 0.026278 0.047659 0.075858
3 0.359000 0.318355 0.026243 0.048371 0.119203
3 0.422033 0.312150 0.024920 0.023391 0.002473
3 0.422895 0.311956 0.026583 0.024956 0.004070
3 0.477788 0.314528 0.027432 0.032540 0.001501
3 0.359671 0.321752 0.022623 0.044044 0.006693
3 0.360245 0.320449 0.023754 0.045441 0.010987
3 0.423377 0.314462 0.024883 0.020085 0.001501
3 0.422730 0.314483 0.026501 0.020034 0.002473
