1 0.707717 0.317183 0.074195 0.087806 0.731059
1 0.556154 0.331018 0.031556 0.059880 0.377541
1 0.555707 0.331649 0.030600 0.061116 0.377541
1 0.555566 0.331890 0.033117 0.060852 0.500000
1 0.623355 0.332578 0.113527 0.147342 0.924142
1 0.623562 0.332149 0.113940 0.148195 0.817575
1 0.707775 0.317236 0.072097 0.087771 0.731059
1 0.707701 0.317348 0.074134 0.087992 0.731059
1 0.707421 0.316602 0.073148 0.086469 0.622459
1 0.794994 0.315524 0.088530 0.053811 0.006693
1 0.799696 0.308883 0.093192 0.039673 0.047426
1 0.798608 0.315694 0.100888 0.053293 0.075858
1 0.798335 0.323913 0.102116 0.069817 0.182426
1 0.802007 0.326183 0.102361 0.074439 0.268941
1 0.799990 0.316348 0.099278 0.055622 0.017986
1 0.812824 0.326182 0.096200 0.091063 0.001501
1 0.340946 0.354460 0.143213 0.146432 0.880797
1 0.342062 0.353975 0.140895 0.145459 0.880797
1 0.342738 0.353971 0.139557 0.145457 0.880797
1 0.460458 0.324378 0.038559 0.045469 0.004070
1 0.462895 0.327590 0.035672 0.039942 0.817575
1 0.463065 0.326041 0.036428 0.040401 0.817575
1 0.464620 0.326053 0.036276 0.036985 0.268941
1 0.499840 0.321640 0.014097 0.018325 0.182426
1 0.500467 0.322912 0.013476 0.015770 0.182426
1 0.535247 0.320524 0.012574 0.016206 0.017986
1 0.555563 0.331317 0.033072 0.058991 0.817575
1 0.556241 0.331441 0.031707 0.058741 0.817575
1 0.555566 0.332038 0.033102 0.060232 0.817575
1 0.622985 0.331544 0.115069 0.147000 0.924142
1 0.623492 0.332265 0.113888 0.146746 0.880797
1 0.623521 0.331959 0.114014 0.147830 0.880797
1 0.708047 0.317256 0.072669 0.087737 0.731059
1 0.708123 0.317607 0.073265 0.083915 0.731059
1 0.707507 0.316483 0.073347 0.086218 0.622459
1 0.787505 0.331736 0.118526 0.085501 0.119203
1 0.799869 0.337609 0.104751 0.097181 0.182426
1 0.796341 0.339321 0.109338 0.095507 0.182426
1 0.802405 0.337096 0.101610 0.096082 0.268941
1 0.803294 0.335460 0.106244 0.093320 0.029312
1 0.341668 0.354351 0.141703 0.146228 0.880797
1 0.342855 0.354044 0.139302 0.146084 0.924142
1 0.342858 0.353971 0.139296 0.146231 0.880797
1 0.461133 0.328105 0.039396 0.042666 0.119203
1 0.462936 0.327557 0.036635 0.040007 0.817575
1 0.462760 0.327594 0.036302 0.039934 0.817575
1 0.463526 0.328766 0.038441 0.037900 0.268941
1 0.555019 0.331443 0.031983 0.058731 0.817575
1 0.556235 0.331450 0.031687 0.058740 0.817575
1 0.555028 0.332036 0.032016 0.060204 0.817575
1 0.623505 0.332051 0.114031 0.145988 0.880797
1 0.622993 0.332049 0.115060 0.145987 0.924142
1 0.623468 0.332053 0.113943 0.145990 0.880797
1 0.708829 0.316551 0.072678 0.086372 0.731059
1 0.707859 0.315148 0.072280 0.088650 0.731059
1 0.708588 0.317356 0.073783 0.087909 0.622459
1 0.739379 0.329292 0.080880 0.094366 0.004070
1 0.749556 0.355556 0.067748 0.091238 0.002473
1 0.761304 0.346486 0.086771 0.105126 0.006693
1 0.792380 0.339417 0.121502 0.101086 0.377541
1 0.795936 0.339465 0.112621 0.101275 0.268941
1 0.802179 0.338328 0.101067 0.099306 0.377541
1 0.803752 0.336335 0.102720 0.095642 0.017986
1 0.341200 0.354167 0.142644 0.145837 0.880797
1 0.343623 0.354356 0.140834 0.146214 0.952574
1 0.342776 0.354166 0.139466 0.145835 0.880797
1 0.623159 0.331597 0.115461 0.146609 0.924142
1 0.623700 0.331666 0.114369 0.146766 0.924142
1 0.748470 0.352926 0.066878 0.066542 0.075858
1 0.791782 0.341804 0.123834 0.101243 0.268941
1 0.795920 0.338479 0.109638 0.103872 0.377541
1 0.802114 0.337631 0.100740 0.102488 0.268941
1 0.344332 0.354170 0.139412 0.145835 0.924142
1 0.801197 0.341183 0.102208 0.105862 0.006693
1 0.950731 0.517492 0.095512 0.553178 0.006693
1 0.950709 0.533888 0.095611 0.565253 0.075858
1 0.950807 0.535142 0.098397 0.569317 0.377541
1 0.950040 0.547533 0.096876 0.593432 0.500000
1 0.149987 0.399427 0.300026 0.809783 0.001170
1 0.149279 0.396817 0.295230 0.804627 0.002473
1 0.150804 0.398852 0.302024 0.800726 0.022977
1 0.150769 0.406488 0.298432 0.803070 0.777300
1 0.147896 0.410303 0.292681 0.809564 0.817575
1 0.149267 0.407853 0.295280 0.814764 0.777300
1 0.149195 0.394252 0.298762 0.815339 0.817575
1 0.150773 0.391438 0.298499 0.818374 0.851953
1 0.148545 0.393097 0.293997 0.823915 0.851953
1 0.150749 0.400539 0.292349 0.818931 0.817575
1 0.951795 0.521560 0.099985 0.618499 0.003173
1 0.149250 0.399748 0.298524 0.813275 0.777300
1 0.149270 0.402116 0.295449 0.805158 0.817575
1 0.150037 0.414826 0.293789 0.778334 0.622459
1 0.950773 0.535994 0.098384 0.625960 0.320821
1 0.951632 0.539169 0.096703 0.625719 0.777300
1 0.950885 0.541497 0.098114 0.627074 0.731059
1 0.951664 0.543015 0.099692 0.618324 0.679179
1 0.952159 0.535813 0.102909 0.632552 0.119203
1 0.950994 0.549130 0.097919 0.635455 0.622459
1 0.952418 0.545597 0.098189 0.621615 0.679179
1 0.952138 0.544508 0.100056 0.642674 0.268941
1 0.950620 0.572375 0.098659 0.667369 0.182426
1 0.950799 0.562549 0.098192 0.641269 0.320821
3 0.422443 0.311375 0.039221 0.049165 0.622459
3 0.421800 0.311437 0.040548 0.049253 0.500000
3 0.421609 0.311518 0.043289 0.049415 0.622459
3 0.422673 0.310229 0.045181 0.053077 0.182426
3 0.422130 0.311627 0.041464 0.053439 0.500000
3 0.422607 0.311660 0.039635 0.053329 0.622459
3 0.422298 0.311633 0.041626 0.053287 0.622459
3 0.460458 0.324378 0.038559 0.045469 0.002473
3 0.499840 0.321640 0.014097 0.018325 0.004070
3 0.500467 0.322912 0.013476 0.015770 0.001501
3 0.535247 0.320524 0.012574 0.016206 0.004070
3 0.422714 0.315846 0.038353 0.059308 0.002473
3 0.708588 0.317356 0.073783 0.087909 0.002473
3 0.802179 0.338328 0.101067 0.099306 0.002473
3 0.802114 0.337631 0.100740 0.102488 0.001501
4 0.748005 0.343023 0.075762 0.111091 0.001501
4 0.750197 0.347089 0.068895 0.107616 0.268941
4 0.754472 0.347818 0.076445 0.106523 0.017986
4 0.749556 0.355556 0.067748 0.091238 0.500000
4 0.750660 0.356114 0.067384 0.089748 0.500000
4 0.750045 0.357118 0.066666 0.091419 0.622459
4 0.761304 0.346486 0.086771 0.105126 0.010987
4 0.748470 0.352926 0.066878 0.066542 0.004070
4 0.751005 0.357792 0.064730 0.093134 0.622459
4 0.751213 0.359277 0.066476 0.089726 0.622459
4 0.751610 0.358757 0.065716 0.088623 0.622459
4 0.753296 0.353439 0.065557 0.102044 0.182426
4 0.791782 0.341804 0.123834 0.101243 0.001501
4 0.749189 0.358954 0.066641 0.086204 0.004070
4 0.754761 0.358882 0.056908 0.092966 0.500000
4 0.753882 0.358487 0.061290 0.093798 0.500000
4 0.752481 0.359580 0.063918 0.089790 0.500000
4 0.755062 0.357522 0.061880 0.094718 0.075858
4 0.788907 0.345949 0.099183 0.110909 0.001501
4 0.754418 0.364203 0.057404 0.096491 0.006693
4 0.755535 0.360489 0.055342 0.099504 0.004070
4 0.755067 0.360233 0.056582 0.097322 0.047426
4 0.754778 0.360090 0.059329 0.097476 0.010987
4 0.755995 0.359231 0.057404 0.102310 0.004070
5 0.750197 0.347089 0.068895 0.107616 0.004070
5 0.749556 0.355556 0.067748 0.091238 0.006693
5 0.750660 0.356114 0.067384 0.089748 0.002473
5 0.750045 0.357118 0.066666 0.091419 0.002473
5 0.761304 0.346486 0.086771 0.105126 0.001501
5 0.748470 0.352926 0.066878 0.066542 0.002473
5 0.751005 0.357792 0.064730 0.093134 0.029312
5 0.751213 0.359277 0.066476 0.089726 0.010987
5 0.751610 0.358757 0.065716 0.088623 0.004070
5 0.753296 0.353439 0.065557 0.102044 0.004070
5 0.749189 0.358954 0.066641 0.086204 0.006693
5 0.754761 0.358882 0.056908 0.092966 0.119203
5 0.753882 0.358487 0.061290 0.093798 0.075858
5 0.752481 0.359580 0.063918 0.089790 0.017986
5 0.755062 0.357522 0.061880 0.094718 0.001501
5 0.754418 0.364203 0.057404 0.096491 0.002473
5 0.755535 0.360489 0.055342 0.099504 0.001501
5 0.755067 0.360233 0.056582 0.097322 0.029312
5 0.754778 0.360090 0.059329 0.097476 0.006693
