1 0.757994 0.234627 0.156423 0.106380 0.001501
1 0.666610 0.316148 0.066966 0.081113 0.731059
1 0.668203 0.314870 0.069849 0.078598 0.731059
1 0.370214 0.340594 0.090397 0.115640 0.880797
1 0.455351 0.321680 0.035798 0.041278 0.017986
1 0.455543 0.321404 0.035859 0.039897 0.002473
1 0.456426 0.321236 0.034180 0.040334 0.002473
1 0.539071 0.326882 0.025088 0.054586 0.731059
1 0.539040 0.324945 0.025018 0.053341 0.731059
1 0.543294 0.327363 0.029197 0.058564 0.002473
1 0.590832 0.325891 0.087540 0.119811 0.924142
1 0.590850 0.326021 0.087519 0.120026 0.924142
1 0.591514 0.327330 0.086195 0.118120 0.880797
1 0.667572 0.316182 0.068569 0.081110 0.731059
1 0.666725 0.314927 0.066746 0.078564 0.622459
1 0.667085 0.314957 0.065310 0.078658 0.622459
1 0.702723 0.325640 0.059085 0.103993 0.001501
1 0.369529 0.340584 0.089078 0.115612 0.924142
1 0.370972 0.341036 0.088853 0.114708 0.924142
1 0.371519 0.342165 0.089936 0.116967 0.880797
1 0.455473 0.323197 0.035978 0.039255 0.731059
1 0.455564 0.323313 0.033066 0.037796 0.817575
1 0.455467 0.323641 0.036033 0.038382 0.817575
1 0.478110 0.318031 0.011122 0.021030 0.010987
1 0.489740 0.319230 0.012597 0.018616 0.182426
1 0.539061 0.325607 0.025074 0.052024 0.731059
1 0.539047 0.324962 0.025026 0.053319 0.817575
1 0.591527 0.325893 0.088892 0.119806 0.924142
1 0.592209 0.326313 0.087523 0.120622 0.924142
1 0.591530 0.326190 0.088883 0.120406 0.924142
1 0.667882 0.314938 0.069208 0.078530 0.731059
1 0.666986 0.316226 0.067229 0.081113 0.731059
1 0.668272 0.315063 0.067651 0.078798 0.500000
1 0.701238 0.334210 0.059115 0.081608 0.029312
1 0.706496 0.334127 0.066175 0.087053 0.004070
1 0.709424 0.330141 0.069369 0.100611 0.002473
1 0.370197 0.341023 0.090411 0.114748 0.817575
1 0.370204 0.340584 0.090403 0.115612 0.924142
1 0.369452 0.340993 0.091908 0.114804 0.924142
1 0.454746 0.323745 0.034538 0.040966 0.006693
1 0.455472 0.323801 0.035936 0.040743 0.004070
1 0.454699 0.324280 0.037577 0.039907 0.006693
1 0.538289 0.326947 0.023524 0.054454 0.817575
1 0.539729 0.326948 0.023664 0.054451 0.817575
1 0.591527 0.325887 0.088890 0.119829 0.924142
1 0.590840 0.325110 0.087538 0.121847 0.924142
1 0.591530 0.325887 0.088883 0.119831 0.880797
1 0.666718 0.313822 0.067089 0.080814 0.622459
1 0.667691 0.313854 0.068775 0.080833 0.622459
1 0.675988 0.319235 0.065966 0.083270 0.002473
1 0.703455 0.339947 0.057129 0.070269 0.075858
1 0.704202 0.339057 0.061621 0.077355 0.017986
1 0.370968 0.340568 0.088927 0.115644 0.924142
1 0.370744 0.339293 0.091471 0.113096 0.924142
1 0.370236 0.339266 0.090339 0.113154 0.880797
1 0.591519 0.327152 0.088877 0.117844 0.924142
1 0.698819 0.342598 0.051334 0.072440 0.075858
1 0.702442 0.342558 0.058153 0.070497 0.075858
1 0.702776 0.339430 0.061472 0.076751 0.010987
1 0.860964 0.352415 0.278175 0.707854 0.880797
1 0.862470 0.352762 0.278161 0.708909 0.880797
1 0.861724 0.356517 0.276596 0.711200 0.904651
1 0.174264 0.416655 0.348762 0.829607 0.904651
1 0.178192 0.417082 0.353307 0.824190 0.904651
1 0.174031 0.416218 0.349138 0.828585 0.904651
1 0.859463 0.356775 0.277960 0.699647 0.880797
1 0.860272 0.354335 0.279580 0.698073 0.880797
1 0.861720 0.355393 0.279677 0.695003 0.880797
1 0.860971 0.356169 0.278075 0.695674 0.880797
1 0.174612 0.408739 0.346331 0.834574 0.731059
1 0.173501 0.406734 0.347143 0.843458 0.880797
1 0.178147 0.407085 0.353260 0.851716 0.880797
1 0.174982 0.412044 0.353320 0.853922 0.851953
1 0.179041 0.416212 0.348165 0.845134 0.006693
1 0.860969 0.357131 0.278143 0.708368 0.851953
1 0.860233 0.356652 0.279553 0.714863 0.851953
1 0.862488 0.358828 0.278145 0.712096 0.880797
1 0.173607 0.412361 0.347305 0.829346 0.817575
1 0.178211 0.413931 0.347494 0.831732 0.777300
1 0.174991 0.415457 0.350335 0.832457 0.777300
2 0.493504 0.312247 0.022453 0.028535 0.017986
2 0.496844 0.310602 0.025616 0.028802 0.001501
3 0.416383 0.308520 0.036293 0.049653 0.622459
3 0.415896 0.309149 0.035159 0.048390 0.622459
3 0.416433 0.308521 0.036402 0.049656 0.500000
3 0.481172 0.311402 0.019278 0.030409 0.001501
3 0.493504 0.312247 0.022453 0.028535 0.001501
3 0.415837 0.308469 0.035291 0.049761 0.731059
3 0.416335 0.308466 0.036208 0.049747 0.731059
3 0.417176 0.308500 0.034975 0.049699 0.500000
4 0.702723 0.325640 0.059085 0.103993 0.010987
4 0.710551 0.321078 0.076967 0.113301 0.004070
4 0.701238 0.334210 0.059115 0.081608 0.029312
4 0.706496 0.334127 0.066175 0.087053 0.119203
4 0.705491 0.329531 0.066789 0.096274 0.047426
4 0.709424 0.330141 0.069369 0.100611 0.006693
4 0.703455 0.339947 0.057129 0.070269 0.029312
4 0.704202 0.339057 0.061621 0.077355 0.075858
4 0.704356 0.338616 0.061912 0.082833 0.047426
4 0.707530 0.338940 0.062215 0.082476 0.029312
4 0.702442 0.342558 0.058153 0.070497 0.029312
4 0.702776 0.339430 0.061472 0.076751 0.119203
4 0.704010 0.342815 0.060621 0.074338 0.119203
4 0.712479 0.343469 0.050751 0.076878 0.075858
4 0.727749 0.336089 0.048518 0.088656 0.001501
4 0.700056 0.346590 0.053288 0.085955 0.004070
4 0.702387 0.344953 0.057694 0.086486 0.010987
4 0.710243 0.346050 0.048602 0.084654 0.004070
4 0.716997 0.346349 0.039524 0.084891 0.002473
5 0.681052 0.322271 0.064751 0.097595 0.001501
5 0.702723 0.325640 0.059085 0.103993 0.004070
5 0.710551 0.321078 0.076967 0.113301 0.004070
5 0.701238 0.334210 0.059115 0.081608 0.010987
5 0.706496 0.334127 0.066175 0.087053 0.004070
5 0.705491 0.329531 0.066789 0.096274 0.001501
5 0.675988 0.319235 0.065966 0.083270 0.001501
5 0.703455 0.339947 0.057129 0.070269 0.010987
5 0.704202 0.339057 0.061621 0.077355 0.004070
5 0.698819 0.342598 0.051334 0.072440 0.006693
5 0.702442 0.342558 0.058153 0.070497 0.029312
5 0.702776 0.339430 0.061472 0.076751 0.010987
5 0.704010 0.342815 0.060621 0.074338 0.004070
5 0.712479 0.343469 0.050751 0.076878 0.001501
5 0.695632 0.348488 0.045174 0.087806 0.004070
5 0.700056 0.346590 0.053288 0.085955 0.017986
5 0.702387 0.344953 0.057694 0.086486 0.004070
