0 0.944032 0.329801 0.013645 0.086412 0.002473
1 0.083224 0.300182 0.041788 0.100953 0.001501
1 0.992685 0.307605 0.014664 0.175177 0.002473
1 0.081696 0.304615 0.038973 0.099818 0.002473
1 0.080674 0.303721 0.039420 0.101893 0.006693
1 0.084002 0.304480 0.042829 0.099798 0.004070
1 0.365014 0.319671 0.135178 0.115870 0.001501
1 0.420749 0.317384 0.080483 0.083532 0.817575
1 0.421588 0.317350 0.081430 0.083518 0.622459
1 0.619995 0.298358 0.061580 0.039240 0.002473
1 0.619832 0.294714 0.059116 0.031928 0.004070
1 0.619429 0.297166 0.071699 0.036853 0.004070
1 0.886269 0.307811 0.110697 0.089174 0.001501
1 0.883714 0.313137 0.120485 0.101362 0.010987
1 0.883036 0.313157 0.121858 0.096645 0.010987
1 0.883187 0.311718 0.122704 0.091275 0.006693
1 0.892150 0.309714 0.105569 0.086629 0.006693
1 0.989863 0.330216 0.020350 0.110460 0.002473
1 0.990791 0.328357 0.018428 0.103543 0.006693
1 0.078925 0.308372 0.039061 0.092060 0.004070
1 0.081348 0.306816 0.037920 0.095091 0.006693
1 0.082843 0.305206 0.040574 0.098940 0.006693
1 0.171733 0.334343 0.155995 0.182433 0.817575
1 0.171654 0.335303 0.153266 0.180519 0.817575
1 0.170617 0.334682 0.152677 0.182945 0.817575
1 0.258898 0.328291 0.120878 0.115015 0.880797
1 0.259261 0.328419 0.121689 0.115228 0.880797
1 0.259218 0.328115 0.121619 0.114610 0.817575
1 0.363834 0.321188 0.139044 0.117329 0.817575
1 0.365553 0.321249 0.135569 0.117171 0.880797
1 0.369516 0.319567 0.135378 0.115960 0.817575
1 0.420644 0.317471 0.080670 0.083645 0.731059
1 0.420807 0.318294 0.080304 0.085222 0.817575
1 0.420915 0.317432 0.080074 0.083508 0.731059
1 0.588121 0.331195 0.048235 0.059456 0.004070
1 0.590686 0.330229 0.053336 0.061396 0.001501
1 0.608141 0.317372 0.081206 0.069699 0.002473
1 0.617204 0.315487 0.091018 0.067498 0.006693
1 0.641528 0.332586 0.128357 0.098202 0.817575
1 0.642763 0.332600 0.126531 0.098268 0.880797
1 0.642780 0.331300 0.128147 0.097297 0.182426
1 0.883952 0.317050 0.111875 0.062760 0.002473
1 0.883760 0.324322 0.115962 0.079892 0.017986
1 0.882473 0.323159 0.121039 0.093336 0.029312
1 0.879764 0.321171 0.128507 0.097174 0.029312
1 0.881551 0.318330 0.126189 0.096361 0.017986
1 0.889989 0.320596 0.114096 0.086645 0.010987
1 0.949206 0.325796 0.020100 0.078716 0.001501
1 0.950669 0.320006 0.020695 0.066934 0.001501
1 0.989470 0.336396 0.021219 0.125544 0.004070
1 0.990142 0.333062 0.016672 0.111995 0.017986
1 0.078135 0.318626 0.034859 0.076944 0.004070
1 0.080967 0.313724 0.034234 0.081258 0.004070
1 0.081806 0.310865 0.038469 0.087272 0.004070
1 0.170975 0.335625 0.154948 0.184756 0.880797
1 0.170877 0.335175 0.152446 0.183862 0.817575
1 0.170620 0.336528 0.152681 0.182969 0.817575
1 0.259541 0.327033 0.119160 0.117523 0.880797
1 0.259279 0.326842 0.121825 0.117149 0.880797
1 0.258531 0.326839 0.123172 0.117157 0.817575
1 0.364994 0.320127 0.139030 0.114930 0.880797
1 0.366419 0.320052 0.133838 0.115076 0.880797
1 0.368258 0.318641 0.132249 0.112829 0.817575
1 0.421869 0.318385 0.081316 0.085409 0.817575
1 0.421084 0.318409 0.079760 0.085457 0.880797
1 0.420806 0.318404 0.080307 0.085485 0.817575
1 0.489396 0.325320 0.018213 0.025721 0.377541
1 0.489794 0.326592 0.017385 0.023128 0.622459
1 0.513170 0.323825 0.020598 0.032306 0.817575
1 0.513731 0.322913 0.019495 0.034112 0.817575
1 0.554063 0.330686 0.014028 0.023180 0.182426
1 0.587439 0.332859 0.046863 0.058580 0.731059
1 0.588210 0.332861 0.048386 0.058577 0.880797
1 0.587481 0.332879 0.046951 0.058618 0.817575
1 0.587697 0.332604 0.050378 0.056627 0.622459
1 0.641262 0.330495 0.128819 0.094302 0.047426
1 0.642169 0.331238 0.128237 0.097287 0.880797
1 0.641984 0.331265 0.127845 0.097343 0.880797
1 0.642517 0.331790 0.128221 0.096424 0.817575
1 0.735283 0.359678 0.183100 0.172673 0.880797
1 0.734130 0.358413 0.181859 0.175227 0.880797
1 0.735464 0.358409 0.182165 0.175212 0.880797
1 0.883991 0.320347 0.114803 0.069512 0.004070
1 0.883514 0.326575 0.117710 0.086040 0.017986
1 0.882858 0.327226 0.121927 0.094505 0.029312
1 0.879102 0.325792 0.127805 0.099131 0.017986
1 0.880212 0.322146 0.129983 0.098025 0.017986
1 0.893046 0.324349 0.108261 0.086919 0.004070
1 0.950764 0.323820 0.020502 0.070471 0.001501
1 0.990190 0.338865 0.019842 0.114440 0.010987
1 0.991304 0.345651 0.017413 0.099389 0.075858
1 0.078460 0.325536 0.032717 0.063091 0.001501
1 0.080178 0.322416 0.032693 0.068994 0.001501
1 0.081380 0.317535 0.038392 0.073882 0.002473
1 0.170912 0.334712 0.155076 0.182894 0.817575
1 0.171554 0.334722 0.153794 0.182916 0.880797
1 0.171237 0.335137 0.154329 0.183904 0.880797
1 0.258678 0.326832 0.120598 0.117181 0.817575
1 0.259241 0.326839 0.121839 0.117164 0.924142
1 0.259066 0.326831 0.122197 0.117183 0.817575
1 0.364490 0.320125 0.137975 0.114897 0.817575
1 0.366427 0.320125 0.133970 0.114902 0.880797
1 0.368157 0.319605 0.130412 0.115959 0.880797
1 0.422176 0.318652 0.080295 0.085702 0.268941
1 0.420988 0.317855 0.079921 0.088819 0.880797
1 0.420910 0.317269 0.080099 0.087601 0.817575
1 0.556367 0.331792 0.015874 0.025297 0.004070
1 0.588260 0.332831 0.048480 0.058617 0.817575
1 0.588172 0.333282 0.048298 0.057710 0.731059
1 0.587475 0.332861 0.049975 0.058682 0.731059
1 0.588360 0.333225 0.048577 0.058075 0.622459
1 0.642347 0.331739 0.128608 0.096315 0.880797
1 0.642897 0.331272 0.127467 0.097363 0.880797
1 0.643075 0.331647 0.127138 0.096618 0.731059
1 0.735911 0.359691 0.184355 0.172677 0.880797
1 0.734222 0.358415 0.181678 0.175233 0.880797
1 0.734658 0.358868 0.180715 0.176150 0.880797
1 0.883485 0.323951 0.110679 0.076832 0.001501
1 0.883511 0.326910 0.117437 0.096886 0.010987
1 0.882861 0.326041 0.121933 0.099226 0.010987
1 0.878537 0.327600 0.128913 0.101778 0.010987
1 0.880614 0.326946 0.127687 0.096895 0.006693
1 0.989920 0.343955 0.020366 0.104496 0.006693
1 0.991329 0.351272 0.017362 0.089470 0.119203
1 0.170881 0.334969 0.152443 0.184330 0.880797
1 0.259899 0.326864 0.121835 0.117187 0.880797
1 0.367101 0.318703 0.134383 0.112701 0.924142
1 0.588355 0.334330 0.048616 0.062565 0.001501
1 0.588542 0.335114 0.048692 0.064186 0.006693
1 0.597241 0.336955 0.050976 0.066689 0.006693
1 0.643023 0.332583 0.129733 0.098436 0.017986
1 0.643261 0.332138 0.128001 0.099350 0.880797
1 0.735225 0.358697 0.182963 0.175729 0.817575
1 0.735169 0.358900 0.182860 0.176102 0.924142
1 0.734380 0.358889 0.181271 0.176111 0.880797
1 0.989905 0.355080 0.020395 0.081775 0.017986
1 0.991303 0.357269 0.017414 0.077338 0.119203
1 0.734244 0.357602 0.181707 0.178687 0.924142
1 0.989895 0.359343 0.020415 0.073417 0.029312
1 0.991181 0.361523 0.017665 0.068941 0.119203
1 0.881647 0.402822 0.135284 0.284498 0.002473
1 0.880403 0.403944 0.139092 0.281958 0.017986
1 0.881810 0.405995 0.135644 0.272127 0.119203
1 0.880972 0.408335 0.137079 0.267340 0.119203
1 0.880841 0.410202 0.136872 0.268882 0.017986
1 0.881606 0.411763 0.135231 0.265849 0.029312
1 0.880685 0.412958 0.136415 0.263066 0.075858
1 0.880090 0.417831 0.135208 0.253286 0.029312
1 0.880645 0.422991 0.136348 0.242776 0.119203
1 0.878994 0.398467 0.139947 0.297423 0.005220
1 0.881604 0.393488 0.142285 0.299421 0.022977
1 0.881148 0.393601 0.143642 0.305364 0.008577
1 0.879640 0.408102 0.137737 0.282009 0.095349
1 0.880031 0.405197 0.137806 0.278120 0.320821
1 0.881040 0.403544 0.140913 0.286547 0.119203
1 0.879516 0.410941 0.137913 0.272229 0.222700
1 0.880887 0.410018 0.138952 0.268769 0.437824
1 0.881259 0.409234 0.140583 0.270288 0.148047
1 0.881050 0.411992 0.139771 0.264774 0.437824
2 0.140512 0.273771 0.089532 0.060980 0.001501
2 0.992685 0.307605 0.014664 0.175177 0.004070
2 0.609579 0.314921 0.077808 0.076216 0.001501
2 0.619995 0.298358 0.061580 0.039240 0.004070
2 0.619832 0.294714 0.059116 0.031928 0.002473
2 0.619429 0.297166 0.071699 0.036853 0.002473
2 0.989863 0.330216 0.020350 0.110460 0.002473
2 0.990791 0.328357 0.018428 0.103543 0.017986
2 0.608141 0.317372 0.081206 0.069699 0.004070
2 0.617204 0.315487 0.091018 0.067498 0.010987
2 0.889989 0.320596 0.114096 0.086645 0.001501
2 0.989470 0.336396 0.021219 0.125544 0.006693
2 0.990142 0.333062 0.016672 0.111995 0.047426
2 0.880212 0.322146 0.129983 0.098025 0.001501
2 0.990190 0.338865 0.019842 0.114440 0.010987
2 0.991304 0.345651 0.017413 0.099389 0.029312
2 0.989920 0.343955 0.020366 0.104496 0.002473
2 0.991329 0.351272 0.017362 0.089470 0.010987
2 0.989905 0.355080 0.020395 0.081775 0.001501
2 0.991303 0.357269 0.017414 0.077338 0.010987
2 0.991181 0.361523 0.017665 0.068941 0.001501
3 0.992685 0.307605 0.014664 0.175177 0.001501
3 0.080674 0.303721 0.039420 0.101893 0.001501
3 0.084002 0.304480 0.042829 0.099798 0.001501
3 0.609579 0.314921 0.077808 0.076216 0.001501
3 0.619995 0.298358 0.061580 0.039240 0.006693
3 0.619832 0.294714 0.059116 0.031928 0.004070
3 0.619429 0.297166 0.071699 0.036853 0.010987
3 0.642750 0.321588 0.123072 0.085834 0.001501
3 0.989863 0.330216 0.020350 0.110460 0.001501
3 0.990791 0.328357 0.018428 0.103543 0.010987
3 0.608141 0.317372 0.081206 0.069699 0.004070
3 0.617204 0.315487 0.091018 0.067498 0.006693
3 0.882473 0.323159 0.121039 0.093336 0.001501
3 0.879764 0.321171 0.128507 0.097174 0.001501
3 0.881551 0.318330 0.126189 0.096361 0.001501
3 0.889989 0.320596 0.114096 0.086645 0.002473
3 0.989470 0.336396 0.021219 0.125544 0.006693
3 0.990142 0.333062 0.016672 0.111995 0.029312
3 0.513731 0.322913 0.019495 0.034112 0.004070
3 0.554063 0.330686 0.014028 0.023180 0.002473
3 0.882858 0.327226 0.121927 0.094505 0.001501
3 0.880212 0.322146 0.129983 0.098025 0.004070
3 0.893046 0.324349 0.108261 0.086919 0.001501
3 0.990190 0.338865 0.019842 0.114440 0.006693
3 0.991304 0.345651 0.017413 0.099389 0.029312
3 0.588360 0.333225 0.048577 0.058075 0.001501
3 0.878537 0.327600 0.128913 0.101778 0.001501
3 0.880614 0.326946 0.127687 0.096895 0.002473
3 0.989920 0.343955 0.020366 0.104496 0.002473
3 0.991329 0.351272 0.017362 0.089470 0.017986
3 0.989905 0.355080 0.020395 0.081775 0.002473
3 0.991303 0.357269 0.017414 0.077338 0.006693
3 0.989895 0.359343 0.020415 0.073417 0.001501
3 0.991181 0.361523 0.017665 0.068941 0.004070
5 0.554063 0.330686 0.014028 0.023180 0.004070
