0 0.003590 0.339294 0.007231 0.202046 0.001501
0 0.004359 0.356260 0.005722 0.238124 0.001501
1 0.747498 0.365196 0.034430 0.046321 0.004070
1 0.748594 0.364681 0.036378 0.045089 0.002473
1 0.748293 0.365067 0.036780 0.045917 0.004070
1 0.926574 0.376322 0.071506 0.081064 0.075858
1 0.931099 0.375174 0.076066 0.083919 0.622459
1 0.931456 0.377494 0.075331 0.088565 0.731059
1 0.931744 0.377561 0.074092 0.083796 0.731059
1 0.748499 0.371392 0.036464 0.058023 0.002473
1 0.747907 0.364435 0.036102 0.045707 0.002473
1 0.747707 0.366217 0.035797 0.047850 0.004070
1 0.917143 0.388814 0.062536 0.111031 0.817575
1 0.918692 0.390764 0.062624 0.109761 0.817575
1 0.920137 0.390144 0.068440 0.108468 0.500000
1 0.930956 0.378905 0.076845 0.086060 0.622459
1 0.932083 0.376363 0.074543 0.081019 0.817575
1 0.932279 0.376354 0.072964 0.086110 0.731059
1 0.944612 0.375580 0.051387 0.073515 0.001501
1 0.987466 0.373382 0.019348 0.035348 0.001501
1 0.989580 0.370306 0.020946 0.041640 0.002473
1 0.748350 0.399529 0.039075 0.115359 0.001501
1 0.747993 0.375105 0.037953 0.065191 0.001501
1 0.748103 0.369420 0.038310 0.055693 0.002473
1 0.917154 0.390724 0.062592 0.109693 0.817575
1 0.917953 0.390773 0.061042 0.109768 0.880797
1 0.917899 0.387996 0.064064 0.109317 0.731059
1 0.929838 0.380253 0.076831 0.093811 0.047426
1 0.931910 0.377679 0.073748 0.083587 0.731059
1 0.932612 0.377662 0.072308 0.083487 0.622459
1 0.941541 0.380037 0.056441 0.080030 0.004070
1 0.987933 0.376334 0.017974 0.029442 0.002473
1 0.989630 0.373769 0.020819 0.034636 0.002473
1 0.748412 0.403492 0.041377 0.125864 0.001501
1 0.917176 0.390124 0.062582 0.108444 0.817575
1 0.917154 0.389514 0.062606 0.112306 0.817575
1 0.917175 0.390152 0.062618 0.108220 0.817575
1 0.934703 0.377822 0.069300 0.083338 0.500000
1 0.935063 0.379986 0.067111 0.083331 0.268941
1 0.946846 0.380173 0.045845 0.085219 0.002473
1 0.917107 0.391922 0.062657 0.107404 0.880797
1 0.932764 0.389997 0.052227 0.096818 0.002473
1 0.939561 0.386732 0.058437 0.089007 0.001501
2 0.522307 0.433572 0.056473 0.054938 0.004070
4 0.987466 0.373382 0.019348 0.035348 0.004070
4 0.989580 0.370306 0.020946 0.041640 0.002473
4 0.987933 0.376334 0.017974 0.029442 0.004070
4 0.989630 0.373769 0.020819 0.034636 0.002473
5 0.987466 0.373382 0.019348 0.035348 0.004070
5 0.989580 0.370306 0.020946 0.041640 0.004070
5 0.987933 0.376334 0.017974 0.029442 0.006693
5 0.989630 0.373769 0.020819 0.034636 0.004070
