0 0.134004 0.332993 0.021800 0.064007 0.001501
1 0.146192 0.328291 0.045347 0.070097 0.002473
1 0.146739 0.328790 0.043265 0.072616 0.001501
1 0.404542 0.324850 0.031136 0.048795 0.075858
1 0.405263 0.327211 0.029705 0.053468 0.075858
1 0.406693 0.325498 0.032606 0.052057 0.047426
1 0.451250 0.322916 0.069442 0.067637 0.880797
1 0.451239 0.321644 0.069456 0.065086 0.880797
1 0.450739 0.322923 0.070456 0.067671 0.880797
1 0.602007 0.332020 0.093014 0.122443 0.017986
1 0.601999 0.333328 0.092933 0.125039 0.880797
1 0.602016 0.333340 0.092987 0.125063 0.880797
1 0.695153 0.339001 0.106685 0.173100 0.880797
1 0.695071 0.338969 0.106784 0.173187 0.731059
1 0.133535 0.332528 0.020301 0.059493 0.004070
1 0.145363 0.332480 0.044448 0.064612 0.004070
1 0.146674 0.332828 0.042502 0.059002 0.004070
1 0.230219 0.351795 0.124786 0.209015 0.817575
1 0.230430 0.349161 0.124098 0.208162 0.924142
1 0.229488 0.350314 0.122216 0.210381 0.880797
1 0.332039 0.335729 0.054586 0.046522 0.500000
1 0.332042 0.334604 0.052816 0.044248 0.817575
1 0.333237 0.335883 0.055191 0.041702 0.817575
1 0.332132 0.334611 0.052518 0.044272 0.817575
1 0.332669 0.334606 0.054000 0.044274 0.731059
1 0.383433 0.328498 0.016322 0.035234 0.001501
1 0.404527 0.328666 0.031029 0.045928 0.817575
1 0.404462 0.328621 0.030875 0.046006 0.731059
1 0.405019 0.328612 0.032065 0.046028 0.377541
1 0.452007 0.321615 0.071021 0.065126 0.880797
1 0.451227 0.324190 0.069480 0.065072 0.924142
1 0.451997 0.324193 0.071007 0.065066 0.880797
1 0.452012 0.322917 0.070990 0.067626 0.880797
1 0.602003 0.333328 0.092969 0.125005 0.924142
1 0.602774 0.334606 0.094492 0.127551 0.924142
1 0.602710 0.333319 0.094652 0.125000 0.880797
1 0.695436 0.338997 0.105969 0.173164 0.880797
1 0.695038 0.337739 0.106878 0.175696 0.880797
1 0.695391 0.336922 0.106181 0.179143 0.817575
1 0.782486 0.342120 0.070918 0.081899 0.817575
1 0.783601 0.342095 0.073151 0.081843 0.817575
1 0.783302 0.342164 0.072501 0.081993 0.731059
1 0.134004 0.332993 0.021800 0.064007 0.001501
1 0.147695 0.337017 0.040166 0.054671 0.002473
1 0.155716 0.348925 0.021970 0.032360 0.010987
1 0.157534 0.351018 0.024395 0.049152 0.001501
1 0.230048 0.352950 0.124863 0.211181 0.880797
1 0.229878 0.351570 0.123441 0.208270 0.924142
1 0.229970 0.352877 0.123167 0.210966 0.880797
1 0.332362 0.335702 0.054134 0.046609 0.500000
1 0.332654 0.337011 0.053587 0.043962 0.731059
1 0.332586 0.335742 0.053872 0.046501 0.880797
1 0.332626 0.335739 0.053681 0.046532 0.817575
1 0.332770 0.335888 0.053733 0.041757 0.622459
1 0.383359 0.331061 0.014211 0.030473 0.002473
1 0.404864 0.329481 0.028980 0.044298 0.731059
1 0.404868 0.328631 0.028966 0.045983 0.817575
1 0.404627 0.329461 0.031256 0.044317 0.268941
1 0.451994 0.324192 0.071014 0.065075 0.880797
1 0.451623 0.324193 0.068696 0.065065 0.880797
1 0.451237 0.324045 0.069442 0.069895 0.880797
1 0.602179 0.333344 0.092612 0.125066 0.880797
1 0.602767 0.334603 0.094476 0.127581 0.880797
1 0.601966 0.333333 0.093055 0.125037 0.880797
1 0.695399 0.339372 0.106043 0.173713 0.817575
1 0.695038 0.340613 0.106880 0.176084 0.924142
1 0.694310 0.340899 0.105588 0.176642 0.817575
1 0.781905 0.342615 0.071894 0.082615 0.817575
1 0.781977 0.342169 0.071999 0.081701 0.817575
1 0.783233 0.341856 0.072421 0.082259 0.880797
1 0.783510 0.341439 0.072903 0.080526 0.731059
1 0.985262 0.333112 0.029543 0.202820 0.001501
1 0.990841 0.328096 0.018346 0.165565 0.002473
1 0.156841 0.354645 0.023198 0.049570 0.001501
1 0.229848 0.352772 0.123670 0.211483 0.880797
1 0.229580 0.351571 0.123933 0.208818 0.924142
1 0.229405 0.351601 0.122064 0.213400 0.880797
1 0.602174 0.333354 0.092583 0.125010 0.924142
1 0.602195 0.334621 0.092622 0.127573 0.731059
1 0.694979 0.337270 0.106778 0.179707 0.004070
1 0.695425 0.338547 0.106076 0.182800 0.880797
1 0.694334 0.338963 0.105563 0.183185 0.817575
1 0.783112 0.342310 0.069686 0.083183 0.731059
1 0.782905 0.342562 0.071870 0.082671 0.817575
1 0.782970 0.341859 0.074007 0.082278 0.731059
1 0.984178 0.338417 0.031695 0.220762 0.001501
1 0.990834 0.323756 0.018361 0.165889 0.001501
1 0.229605 0.352844 0.123971 0.211187 0.817575
1 0.981098 0.372001 0.037843 0.287566 0.001501
1 0.897569 0.381384 0.201543 0.330975 0.924142
1 0.896284 0.382422 0.204295 0.328828 0.924142
1 0.898431 0.381329 0.203121 0.331046 0.924142
1 0.897730 0.381336 0.204587 0.330999 0.924142
1 0.896248 0.380236 0.204157 0.328396 0.904651
1 0.896197 0.380173 0.201450 0.333310 0.924142
1 0.898452 0.380180 0.203087 0.333330 0.924142
1 0.897758 0.380211 0.204536 0.333386 0.924142
1 0.077088 0.437388 0.154534 0.410270 0.500000
1 0.076541 0.438556 0.153101 0.408385 0.851953
1 0.074991 0.438173 0.153313 0.410956 0.851953
1 0.075899 0.439527 0.154648 0.407208 0.037327
1 0.897708 0.381479 0.204501 0.330949 0.924142
1 0.897745 0.380214 0.204513 0.328414 0.924142
1 0.076443 0.437021 0.153042 0.410590 0.817575
1 0.076566 0.436646 0.153068 0.411154 0.851953
1 0.075765 0.437755 0.154697 0.407890 0.851953
1 0.076536 0.437939 0.156048 0.408571 0.817575
1 0.076390 0.438908 0.153015 0.404395 0.320821
1 0.076560 0.437000 0.153041 0.405877 0.851953
1 0.076541 0.436896 0.153131 0.404916 0.851953
1 0.075849 0.436593 0.154657 0.401724 0.148047
3 0.929885 0.267320 0.122865 0.104509 0.002473
3 0.929186 0.271113 0.126569 0.107205 0.002473
3 0.935152 0.266599 0.115943 0.098214 0.002473
3 0.962367 0.272114 0.067533 0.111269 0.001501
3 0.146192 0.328291 0.045347 0.070097 0.002473
3 0.146739 0.328790 0.043265 0.072616 0.006693
3 0.133535 0.332528 0.020301 0.059493 0.001501
3 0.145363 0.332480 0.044448 0.064612 0.004070
3 0.146674 0.332828 0.042502 0.059002 0.004070
