0 0.018421 0.281484 0.037104 0.181064 0.002473
0 0.019083 0.284192 0.038329 0.186442 0.006693
0 0.020445 0.283965 0.040983 0.182986 0.001501
0 0.018837 0.287747 0.037732 0.185127 0.010987
0 0.018883 0.285604 0.037808 0.180758 0.010987
0 0.018012 0.285264 0.036083 0.179756 0.029312
0 0.018015 0.284575 0.036072 0.175425 0.017986
0 0.019103 0.283819 0.035306 0.176884 0.010987
0 0.017987 0.284225 0.036045 0.175575 0.029312
0 0.018745 0.283117 0.034491 0.173250 0.010987
0 0.018833 0.283864 0.034908 0.175836 0.010987
0 0.122647 0.310015 0.014626 0.073410 0.001501
0 0.514582 0.313092 0.017920 0.024037 0.001501
0 0.017980 0.285061 0.036054 0.174855 0.006693
0 0.018065 0.284400 0.033132 0.175918 0.010987
0 0.017413 0.284959 0.035169 0.169333 0.010987
0 0.067188 0.318057 0.044183 0.095077 0.001501
0 0.066826 0.320002 0.044707 0.091323 0.002473
0 0.965219 0.346519 0.013876 0.120739 0.001501
0 0.017954 0.284092 0.036107 0.177670 0.002473
0 0.019371 0.322532 0.039761 0.262153 0.001501
0 0.019600 0.329548 0.039204 0.254426 0.002473
0 0.021002 0.331581 0.036885 0.247793 0.001501
0 0.993716 0.412077 0.012615 0.264062 0.002473
0 0.019504 0.329506 0.040105 0.276303 0.004070
0 0.020352 0.329132 0.040772 0.263865 0.004070
0 0.020560 0.334709 0.041137 0.251683 0.010987
0 0.019800 0.335456 0.040210 0.270233 0.004070
0 0.021125 0.334721 0.039300 0.259793 0.004070
0 0.020333 0.343954 0.041544 0.239454 0.006693
0 0.021282 0.335562 0.039448 0.260709 0.001501
1 0.018421 0.281484 0.037104 0.181064 0.004070
1 0.025985 0.279131 0.052660 0.172255 0.006693
1 0.019083 0.284192 0.038329 0.186442 0.017986
1 0.020445 0.283965 0.040983 0.182986 0.002473
1 0.024595 0.281483 0.049593 0.177843 0.002473
1 0.018837 0.287747 0.037732 0.185127 0.119203
1 0.018883 0.285604 0.037808 0.180758 0.182426
1 0.021523 0.286649 0.043255 0.183409 0.029312
1 0.211866 0.299519 0.138028 0.104428 0.001501
1 0.018012 0.285264 0.036083 0.179756 0.377541
1 0.018015 0.284575 0.036072 0.175425 0.377541
1 0.019103 0.283819 0.035306 0.176884 0.268941
1 0.065205 0.316292 0.041746 0.096410 0.182426
1 0.066151 0.316261 0.042715 0.096594 0.268941
1 0.066034 0.316752 0.043482 0.093283 0.029312
1 0.209049 0.318139 0.135013 0.141480 0.880797
1 0.254603 0.294143 0.076757 0.072609 0.004070
1 0.285006 0.313598 0.095058 0.104689 0.817575
1 0.333728 0.314518 0.082550 0.074179 0.731059
1 0.333695 0.315753 0.082486 0.076667 0.010987
1 0.017987 0.284225 0.036045 0.175575 0.622459
1 0.018745 0.283117 0.034491 0.173250 0.377541
1 0.018833 0.283864 0.034908 0.175836 0.268941
1 0.062815 0.315733 0.048881 0.100035 0.006693
1 0.066783 0.316366 0.044829 0.096405 0.268941
1 0.066254 0.316680 0.042710 0.097027 0.182426
1 0.066099 0.317495 0.043110 0.094142 0.075858
1 0.207503 0.319174 0.131975 0.148073 0.817575
1 0.208648 0.318065 0.132722 0.145859 0.924142
1 0.208259 0.318282 0.133495 0.141758 0.817575
1 0.284265 0.314669 0.096788 0.106993 0.817575
1 0.284273 0.314965 0.096685 0.106397 0.880797
1 0.283632 0.313978 0.095525 0.105907 0.731059
1 0.333802 0.314890 0.082408 0.078524 0.817575
1 0.332625 0.314533 0.081694 0.074139 0.880797
1 0.332957 0.314539 0.080978 0.074157 0.817575
1 0.411866 0.312409 0.063142 0.041674 0.268941
1 0.412128 0.311219 0.062533 0.039140 0.817575
1 0.412314 0.309944 0.062420 0.041702 0.817575
1 0.411819 0.312496 0.061606 0.041709 0.880797
1 0.411742 0.311214 0.062425 0.039157 0.817575
1 0.448396 0.315643 0.037266 0.030337 0.377541
1 0.448532 0.315641 0.037766 0.030300 0.268941
1 0.467889 0.313076 0.027360 0.027211 0.004070
1 0.513827 0.313188 0.016382 0.024302 0.004070
1 0.514582 0.313092 0.017920 0.024037 0.017986
1 0.542867 0.315862 0.032890 0.029860 0.001501
1 0.569418 0.319889 0.039606 0.041267 0.006693
1 0.017980 0.285061 0.036054 0.174855 0.377541
1 0.018065 0.284400 0.033132 0.175918 0.500000
1 0.017413 0.284959 0.035169 0.169333 0.182426
1 0.061248 0.315702 0.053743 0.104361 0.002473
1 0.066972 0.318098 0.044900 0.094950 0.268941
1 0.066843 0.318392 0.044643 0.095447 0.182426
1 0.067188 0.318057 0.044183 0.095077 0.075858
1 0.207514 0.320288 0.131936 0.145907 0.817575
1 0.208646 0.320319 0.132719 0.145825 0.924142
1 0.207513 0.320298 0.131940 0.145846 0.880797
1 0.284247 0.314770 0.096823 0.106818 0.817575
1 0.284285 0.314472 0.096759 0.107392 0.880797
1 0.283924 0.313942 0.096200 0.105988 0.817575
1 0.333325 0.314906 0.080308 0.078500 0.817575
1 0.333591 0.314934 0.079769 0.078496 0.817575
1 0.332966 0.315825 0.080996 0.076730 0.817575
1 0.411856 0.312484 0.062408 0.041766 0.268941
1 0.412192 0.309941 0.062381 0.041707 0.817575
1 0.412092 0.312500 0.062147 0.041688 0.880797
1 0.411818 0.312494 0.061606 0.041696 0.817575
1 0.411961 0.312490 0.062158 0.041715 0.817575
1 0.449685 0.315895 0.034292 0.029813 0.622459
1 0.449627 0.316606 0.035448 0.028391 0.731059
1 0.469465 0.317006 0.026239 0.023080 0.047426
1 0.483893 0.317196 0.017884 0.022670 0.622459
1 0.487796 0.317145 0.015056 0.019374 0.004070
1 0.512622 0.315578 0.014653 0.019690 0.268941
1 0.518664 0.314907 0.018839 0.021026 0.268941
1 0.542974 0.320499 0.032931 0.025707 0.622459
1 0.544252 0.318324 0.030484 0.024932 0.622459
1 0.570331 0.324340 0.037739 0.037004 0.622459
1 0.569481 0.324534 0.039139 0.037379 0.731059
1 0.570346 0.325319 0.040610 0.038953 0.182426
1 0.602319 0.327616 0.091795 0.047953 0.731059
1 0.603823 0.327628 0.092188 0.048043 0.731059
1 0.603962 0.327639 0.091954 0.048073 0.731059
1 0.605502 0.328091 0.089194 0.047274 0.731059
1 0.608082 0.326724 0.087751 0.044656 0.119203
1 0.727163 0.345769 0.132438 0.094974 0.924142
1 0.727239 0.345779 0.132563 0.094988 0.880797
1 0.726966 0.345767 0.132124 0.094955 0.817575
1 0.018071 0.287010 0.033116 0.166543 0.075858
1 0.066777 0.318318 0.045291 0.095085 0.119203
1 0.066670 0.318820 0.044995 0.095975 0.119203
1 0.066826 0.320002 0.044707 0.091323 0.017986
1 0.208286 0.319186 0.133485 0.143605 0.880797
1 0.208662 0.320328 0.132706 0.145839 0.924142
1 0.208306 0.320303 0.133443 0.145888 0.880797
1 0.286264 0.313497 0.094263 0.104978 0.817575
1 0.284018 0.313879 0.097303 0.106170 0.817575
1 0.283824 0.313715 0.096342 0.106602 0.817575
1 0.332706 0.315883 0.084480 0.076641 0.731059
1 0.333221 0.313655 0.080491 0.075956 0.731059
1 0.333897 0.314934 0.082209 0.078503 0.817575
1 0.569537 0.327539 0.039143 0.040182 0.119203
1 0.570364 0.327563 0.037803 0.040032 0.182426
1 0.596334 0.328667 0.085338 0.046023 0.119203
1 0.602725 0.328075 0.091727 0.047189 0.622459
1 0.603867 0.328072 0.092324 0.047182 0.731059
1 0.604814 0.329346 0.093597 0.049731 0.731059
1 0.604801 0.328071 0.090829 0.047294 0.731059
1 0.608287 0.329443 0.087142 0.050066 0.119203
1 0.727343 0.344667 0.132812 0.092683 0.880797
1 0.727354 0.344649 0.132791 0.092705 0.880797
1 0.726967 0.344648 0.132123 0.092709 0.880797
1 0.017954 0.284092 0.036107 0.177670 0.004070
1 0.065967 0.323812 0.043197 0.089233 0.006693
1 0.066725 0.324196 0.044937 0.085846 0.002473
1 0.727242 0.344676 0.132557 0.092732 0.817575
1 0.727231 0.344893 0.132582 0.096812 0.924142
1 0.726970 0.344894 0.132117 0.096813 0.880797
1 0.727130 0.345866 0.132528 0.094928 0.880797
1 0.993716 0.412077 0.012615 0.264062 0.001501
1 0.991655 0.421669 0.016737 0.285371 0.002473
1 0.990800 0.422527 0.018452 0.301319 0.004070
1 0.990448 0.411286 0.019223 0.316411 0.001501
1 0.989759 0.412147 0.020595 0.315365 0.001501
1 0.989004 0.420045 0.019202 0.316846 0.001501
1 0.989372 0.430724 0.021595 0.302010 0.001501
2 0.018421 0.281484 0.037104 0.181064 0.004070
2 0.025985 0.279131 0.052660 0.172255 0.002473
2 0.019083 0.284192 0.038329 0.186442 0.006693
2 0.020445 0.283965 0.040983 0.182986 0.001501
2 0.024595 0.281483 0.049593 0.177843 0.004070
2 0.031260 0.282161 0.047001 0.158938 0.001501
2 0.018837 0.287747 0.037732 0.185127 0.010987
2 0.018883 0.285604 0.037808 0.180758 0.010987
2 0.021523 0.286649 0.043255 0.183409 0.010987
2 0.044527 0.293371 0.051764 0.140722 0.001501
2 0.018012 0.285264 0.036083 0.179756 0.006693
2 0.018015 0.284575 0.036072 0.175425 0.004070
2 0.019103 0.283819 0.035306 0.176884 0.006693
2 0.254603 0.294143 0.076757 0.072609 0.006693
2 0.017987 0.284225 0.036045 0.175575 0.004070
2 0.018745 0.283117 0.034491 0.173250 0.002473
2 0.018833 0.283864 0.034908 0.175836 0.004070
2 0.017980 0.285061 0.036054 0.174855 0.001501
2 0.036025 0.256612 0.077418 0.231215 0.001170
2 0.035079 0.276783 0.074887 0.191657 0.001927
3 0.016972 0.273026 0.031002 0.172498 0.002473
3 0.021657 0.275192 0.043435 0.171898 0.002473
3 0.027338 0.268251 0.055815 0.169144 0.001501
3 0.018421 0.281484 0.037104 0.181064 0.004070
3 0.025985 0.279131 0.052660 0.172255 0.006693
3 0.019083 0.284192 0.038329 0.186442 0.010987
3 0.020445 0.283965 0.040983 0.182986 0.002473
3 0.024595 0.281483 0.049593 0.177843 0.004070
3 0.031260 0.282161 0.047001 0.158938 0.001501
3 0.018837 0.287747 0.037732 0.185127 0.017986
3 0.018883 0.285604 0.037808 0.180758 0.010987
3 0.021523 0.286649 0.043255 0.183409 0.010987
3 0.044527 0.293371 0.051764 0.140722 0.002473
3 0.060844 0.306602 0.042943 0.111549 0.004070
3 0.018012 0.285264 0.036083 0.179756 0.017986
3 0.018015 0.284575 0.036072 0.175425 0.017986
3 0.019103 0.283819 0.035306 0.176884 0.017986
3 0.060884 0.313411 0.045255 0.100202 0.004070
3 0.065205 0.316292 0.041746 0.096410 0.119203
3 0.066151 0.316261 0.042715 0.096594 0.075858
3 0.066034 0.316752 0.043482 0.093283 0.017986
3 0.017987 0.284225 0.036045 0.175575 0.029312
3 0.018745 0.283117 0.034491 0.173250 0.010987
3 0.018833 0.283864 0.034908 0.175836 0.017986
3 0.062815 0.315733 0.048881 0.100035 0.006693
3 0.066783 0.316366 0.044829 0.096405 0.119203
3 0.066254 0.316680 0.042710 0.097027 0.075858
3 0.066099 0.317495 0.043110 0.094142 0.047426
3 0.513827 0.313188 0.016382 0.024302 0.004070
3 0.514582 0.313092 0.017920 0.024037 0.006693
3 0.017980 0.285061 0.036054 0.174855 0.010987
3 0.018065 0.284400 0.033132 0.175918 0.017986
3 0.017413 0.284959 0.035169 0.169333 0.010987
3 0.066972 0.318098 0.044900 0.094950 0.075858
3 0.066843 0.318392 0.044643 0.095447 0.047426
3 0.067188 0.318057 0.044183 0.095077 0.017986
3 0.512622 0.315578 0.014653 0.019690 0.006693
3 0.518664 0.314907 0.018839 0.021026 0.004070
3 0.018071 0.287010 0.033116 0.166543 0.001501
3 0.066777 0.318318 0.045291 0.095085 0.010987
3 0.066670 0.318820 0.044995 0.095975 0.017986
3 0.066826 0.320002 0.044707 0.091323 0.004070
3 0.035079 0.276783 0.074887 0.191657 0.001170
4 0.018012 0.285264 0.036083 0.179756 0.001501
4 0.993716 0.412077 0.012615 0.264062 0.004070
4 0.991520 0.416670 0.013936 0.291141 0.002473
4 0.991655 0.421669 0.016737 0.285371 0.004070
4 0.990800 0.422527 0.018452 0.301319 0.002473
5 0.018837 0.287747 0.037732 0.185127 0.002473
5 0.018883 0.285604 0.037808 0.180758 0.002473
5 0.018012 0.285264 0.036083 0.179756 0.010987
5 0.018015 0.284575 0.036072 0.175425 0.017986
5 0.019103 0.283819 0.035306 0.176884 0.006693
5 0.065205 0.316292 0.041746 0.096410 0.002473
5 0.066151 0.316261 0.042715 0.096594 0.001501
5 0.017987 0.284225 0.036045 0.175575 0.017986
5 0.018745 0.283117 0.034491 0.173250 0.017986
5 0.018833 0.283864 0.034908 0.175836 0.006693
5 0.066783 0.316366 0.044829 0.096405 0.002473
5 0.066254 0.316680 0.042710 0.097027 0.002473
5 0.066099 0.317495 0.043110 0.094142 0.004070
5 0.017980 0.285061 0.036054 0.174855 0.010987
5 0.018065 0.284400 0.033132 0.175918 0.029312
5 0.017413 0.284959 0.035169 0.169333 0.010987
5 0.066843 0.318392 0.044643 0.095447 0.001501
5 0.067188 0.318057 0.044183 0.095077 0.002473
5 0.018071 0.287010 0.033116 0.166543 0.004070
5 0.066670 0.318820 0.044995 0.095975 0.002473
5 0.066826 0.320002 0.044707 0.091323 0.004070
5 0.570364 0.327563 0.037803 0.040032 0.001501
5 0.017954 0.284092 0.036107 0.177670 0.001501
5 0.993716 0.412077 0.012615 0.264062 0.001501
