0 0.431222 0.297062 0.012613 0.036640 0.006693
0 0.004365 0.321074 0.005692 0.076434 0.002473
0 0.177954 0.322823 0.016361 0.046650 0.001501
0 0.188460 0.325217 0.015372 0.051403 0.002473
0 0.432017 0.300785 0.014063 0.037244 0.047426
0 0.003598 0.325304 0.007226 0.072541 0.002473
0 0.183887 0.326386 0.021151 0.044964 0.004070
0 0.188236 0.329402 0.014174 0.044285 0.010987
0 0.209078 0.332033 0.021940 0.039197 0.004070
0 0.278689 0.333197 0.017689 0.069846 0.002473
0 0.434604 0.307325 0.016237 0.042857 0.004070
0 0.003869 0.324829 0.007791 0.074688 0.001501
0 0.072697 0.334616 0.039757 0.044706 0.001501
0 0.182072 0.331126 0.022257 0.053581 0.001501
0 0.189255 0.329580 0.012224 0.044268 0.006693
0 0.210314 0.332007 0.021261 0.039260 0.001501
0 0.278588 0.334722 0.017982 0.070412 0.002473
0 0.059171 0.340975 0.010443 0.053408 0.001501
0 0.064881 0.340774 0.013200 0.065512 0.002473
0 0.191073 0.338297 0.012401 0.072337 0.002473
0 0.278615 0.336480 0.018007 0.072060 0.002473
1 0.068771 0.321776 0.031822 0.056966 0.001501
1 0.379770 0.324184 0.123824 0.101615 0.880797
1 0.379685 0.325465 0.123721 0.104170 0.880797
1 0.379902 0.324182 0.123392 0.101595 0.880797
1 0.432017 0.300785 0.014063 0.037244 0.001501
1 0.504830 0.307659 0.065515 0.041696 0.817575
1 0.505473 0.307671 0.064089 0.041710 0.817575
1 0.505470 0.308812 0.064084 0.043978 0.880797
1 0.504786 0.306774 0.065437 0.043537 0.817575
1 0.507020 0.307662 0.064122 0.041737 0.731059
1 0.539993 0.306637 0.026251 0.030264 0.268941
1 0.551653 0.306893 0.013945 0.021558 0.002473
1 0.570221 0.306056 0.009707 0.012954 0.006693
1 0.584611 0.307776 0.013543 0.014627 0.006693
1 0.593911 0.309198 0.019339 0.016298 0.006693
1 0.612945 0.311718 0.020263 0.020548 0.029312
1 0.618087 0.312393 0.022664 0.021867 0.119203
1 0.643596 0.314449 0.031795 0.032471 0.182426
1 0.644830 0.315172 0.030285 0.031192 0.182426
1 0.674352 0.318217 0.070315 0.039888 0.817575
1 0.673034 0.318214 0.070972 0.043497 0.817575
1 0.673654 0.317317 0.071843 0.041688 0.817575
1 0.673539 0.318221 0.072080 0.043508 0.817575
1 0.675916 0.318231 0.070133 0.043562 0.731059
1 0.754593 0.308539 0.025087 0.033973 0.001501
1 0.820245 0.324197 0.109574 0.106769 0.924142
1 0.820210 0.324200 0.109601 0.106768 0.924142
1 0.820236 0.324211 0.109593 0.106806 0.880797
1 0.894793 0.336528 0.079639 0.108761 0.817575
1 0.074563 0.334597 0.046808 0.039354 0.182426
1 0.076540 0.333336 0.046995 0.036630 0.500000
1 0.075431 0.333333 0.046021 0.036678 0.500000
1 0.076397 0.333334 0.047252 0.036687 0.500000
1 0.150658 0.343626 0.062380 0.083577 0.880797
1 0.150656 0.343627 0.062368 0.083574 0.817575
1 0.151165 0.343852 0.060653 0.083109 0.880797
1 0.183887 0.326386 0.021151 0.044964 0.029312
1 0.188236 0.329402 0.014174 0.044285 0.029312
1 0.209078 0.332033 0.021940 0.039197 0.268941
1 0.209649 0.333210 0.022795 0.041954 0.182426
1 0.379890 0.324196 0.123318 0.101611 0.880797
1 0.379851 0.324192 0.123332 0.101618 0.924142
1 0.379309 0.324192 0.122250 0.101627 0.880797
1 0.505578 0.307657 0.067016 0.041774 0.817575
1 0.505455 0.307905 0.064110 0.045774 0.817575
1 0.504797 0.307678 0.065436 0.041694 0.817575
1 0.505459 0.309937 0.064069 0.041712 0.817575
1 0.504784 0.307673 0.065466 0.041763 0.731059
1 0.539196 0.309088 0.021848 0.029681 0.075858
1 0.612877 0.313367 0.017842 0.019595 0.029312
1 0.619392 0.313176 0.020008 0.020714 0.268941
1 0.643613 0.313525 0.031595 0.030077 0.182426
1 0.646342 0.315837 0.028537 0.035014 0.182426
1 0.673869 0.317313 0.069247 0.041702 0.731059
1 0.673533 0.318216 0.072114 0.043492 0.817575
1 0.674386 0.318218 0.070414 0.039880 0.817575
1 0.673573 0.318877 0.072010 0.044822 0.731059
1 0.675253 0.318216 0.071450 0.043591 0.731059
1 0.821534 0.324203 0.110034 0.101647 0.880797
1 0.820744 0.324203 0.108534 0.106772 0.924142
1 0.820980 0.322928 0.111144 0.104214 0.880797
1 0.895639 0.336815 0.080639 0.108254 0.880797
1 0.895471 0.336832 0.080974 0.108284 0.880797
1 0.895057 0.336793 0.079056 0.108212 0.817575
1 0.072697 0.334616 0.039757 0.044706 0.047426
1 0.076562 0.333315 0.043924 0.041753 0.377541
1 0.076101 0.334595 0.044756 0.039193 0.377541
1 0.077854 0.333341 0.044320 0.036669 0.377541
1 0.150547 0.343746 0.062593 0.083340 0.817575
1 0.150772 0.343631 0.062431 0.083574 0.880797
1 0.150859 0.343443 0.061522 0.083957 0.817575
1 0.150766 0.343374 0.061460 0.083357 0.880797
1 0.182072 0.331126 0.022257 0.053581 0.002473
1 0.189255 0.329580 0.012224 0.044268 0.017986
1 0.210314 0.332007 0.021261 0.039260 0.377541
1 0.211226 0.332078 0.019628 0.039124 0.268941
1 0.379714 0.324188 0.123670 0.101638 0.817575
1 0.379670 0.322915 0.123690 0.099091 0.924142
1 0.379561 0.322913 0.121711 0.099097 0.924142
1 0.821557 0.324196 0.110079 0.106771 0.817575
1 0.820751 0.324208 0.108537 0.106790 0.880797
1 0.820250 0.324206 0.109599 0.106806 0.880797
1 0.896298 0.335795 0.082417 0.106691 0.817575
1 0.895055 0.335871 0.079049 0.106540 0.880797
1 0.895718 0.335796 0.080384 0.106707 0.817575
1 0.150366 0.343573 0.062504 0.083754 0.817575
1 0.150411 0.343583 0.062416 0.083788 0.880797
1 0.150648 0.343380 0.061241 0.083414 0.880797
1 0.378873 0.324227 0.125337 0.101576 0.924142
1 0.821558 0.324250 0.110092 0.106820 0.924142
1 0.895536 0.336431 0.080846 0.109134 0.880797
1 0.895913 0.335604 0.080062 0.107191 0.880797
1 0.895656 0.335543 0.080247 0.107358 0.817575
2 0.539993 0.306637 0.026251 0.030264 0.006693
3 0.538378 0.300203 0.030287 0.041750 0.002473
3 0.539993 0.306637 0.026251 0.030264 0.182426
3 0.551653 0.306893 0.013945 0.021558 0.001501
3 0.570221 0.306056 0.009707 0.012954 0.004070
3 0.612945 0.311718 0.020263 0.020548 0.002473
3 0.618087 0.312393 0.022664 0.021867 0.002473
3 0.643596 0.314449 0.031795 0.032471 0.004070
3 0.644830 0.315172 0.030285 0.031192 0.004070
3 0.938876 0.322119 0.026417 0.080361 0.001501
3 0.183887 0.326386 0.021151 0.044964 0.002473
3 0.188236 0.329402 0.014174 0.044285 0.002473
3 0.209078 0.332033 0.021940 0.039197 0.002473
3 0.209649 0.333210 0.022795 0.041954 0.001501
3 0.539196 0.309088 0.021848 0.029681 0.006693
3 0.619392 0.313176 0.020008 0.020714 0.006693
3 0.643613 0.313525 0.031595 0.030077 0.001501
3 0.210314 0.332007 0.021261 0.039260 0.002473
3 0.211226 0.332078 0.019628 0.039124 0.002473
4 0.278689 0.333197 0.017689 0.069846 0.002473
4 0.072697 0.334616 0.039757 0.044706 0.002473
4 0.278588 0.334722 0.017982 0.070412 0.004070
4 0.276232 0.335837 0.019696 0.073523 0.001501
4 0.278615 0.336480 0.018007 0.072060 0.004070
5 0.208327 0.326678 0.024899 0.054564 0.002473
5 0.209253 0.324863 0.024014 0.058639 0.004070
5 0.274960 0.328060 0.019474 0.073476 0.004070
5 0.278994 0.326988 0.017179 0.081574 0.010987
5 0.432017 0.300785 0.014063 0.037244 0.010987
5 0.436088 0.306221 0.018363 0.040169 0.001501
5 0.188236 0.329402 0.014174 0.044285 0.004070
5 0.209078 0.332033 0.021940 0.039197 0.075858
5 0.209649 0.333210 0.022795 0.041954 0.047426
5 0.275644 0.333071 0.020780 0.068906 0.017986
5 0.278689 0.333197 0.017689 0.069846 0.047426
5 0.434604 0.307325 0.016237 0.042857 0.004070
5 0.442864 0.314293 0.018205 0.028521 0.001501
5 0.189255 0.329580 0.012224 0.044268 0.001501
5 0.210314 0.332007 0.021261 0.039260 0.047426
5 0.211226 0.332078 0.019628 0.039124 0.029312
5 0.268082 0.331721 0.036916 0.062326 0.006693
5 0.276305 0.333427 0.022502 0.068740 0.017986
5 0.278588 0.334722 0.017982 0.070412 0.029312
5 0.064881 0.340774 0.013200 0.065512 0.001501
5 0.276232 0.335837 0.019696 0.073523 0.006693
5 0.278615 0.336480 0.018007 0.072060 0.010987
5 0.284362 0.331923 0.028810 0.088151 0.001501
