0 0.323835 0.333830 0.016941 0.071201 0.010987
0 0.326929 0.331142 0.015389 0.069361 0.004070
0 0.590060 0.330539 0.016967 0.074140 0.002473
0 0.323377 0.336709 0.016016 0.076349 0.006693
0 0.331862 0.333839 0.011444 0.065604 0.002473
0 0.323370 0.337399 0.015992 0.080777 0.006693
0 0.322988 0.338559 0.018001 0.079008 0.006693
0 0.324514 0.340211 0.020530 0.083002 0.001501
0 0.622450 0.340760 0.080533 0.352259 0.006693
0 0.623175 0.340222 0.082834 0.353719 0.002473
1 0.008782 0.192548 0.017591 0.067767 0.001501
1 0.775290 0.288842 0.111404 0.073385 0.001501
1 0.521497 0.327324 0.060062 0.053659 0.182426
1 0.521516 0.326881 0.060068 0.054575 0.880797
1 0.521506 0.327340 0.060028 0.053696 0.731059
1 0.590060 0.330539 0.016967 0.074140 0.001501
1 0.680637 0.321331 0.042130 0.049716 0.817575
1 0.681383 0.322889 0.043686 0.049242 0.817575
1 0.681700 0.322212 0.044503 0.047913 0.731059
1 0.689490 0.319373 0.041850 0.046365 0.002473
1 0.720678 0.310212 0.061005 0.046018 0.001501
1 0.407998 0.329236 0.026394 0.033659 0.002473
1 0.437157 0.327955 0.062538 0.036234 0.029312
1 0.445698 0.328891 0.045102 0.032818 0.500000
1 0.446366 0.328597 0.042999 0.032242 0.500000
1 0.447305 0.327289 0.041186 0.034741 0.500000
1 0.474597 0.326160 0.028426 0.032583 0.182426
1 0.478053 0.324950 0.025137 0.030130 0.377541
1 0.520760 0.325649 0.058619 0.051981 0.006693
1 0.520736 0.327347 0.058535 0.053649 0.817575
1 0.521507 0.328619 0.060062 0.056206 0.880797
1 0.520746 0.326895 0.058529 0.054563 0.880797
1 0.520238 0.325628 0.059538 0.052017 0.880797
1 0.589872 0.333486 0.017283 0.066610 0.004070
1 0.677028 0.320695 0.044623 0.048461 0.001501
1 0.679844 0.322909 0.040555 0.049259 0.817575
1 0.679835 0.322910 0.040609 0.049273 0.817575
1 0.680443 0.322245 0.044042 0.048003 0.731059
1 0.688567 0.322537 0.042139 0.045054 0.047426
1 0.718846 0.318068 0.031355 0.036357 0.001501
1 0.735667 0.315223 0.029790 0.036550 0.001501
1 0.408461 0.331425 0.023254 0.032287 0.001501
1 0.436668 0.328029 0.061867 0.036471 0.017986
1 0.444983 0.329350 0.046893 0.033782 0.377541
1 0.446349 0.327633 0.042984 0.035409 0.377541
1 0.447388 0.328895 0.042854 0.032894 0.377541
1 0.453630 0.329478 0.040247 0.034182 0.119203
1 0.520741 0.328638 0.058531 0.056182 0.880797
1 0.521508 0.326911 0.060061 0.054524 0.880797
1 0.520745 0.327355 0.058526 0.053648 0.880797
1 0.521541 0.327393 0.059998 0.053640 0.017986
1 0.589909 0.332245 0.017387 0.068839 0.004070
1 0.680611 0.322271 0.042076 0.047934 0.817575
1 0.680620 0.322028 0.042168 0.051053 0.817575
1 0.681496 0.321368 0.044049 0.049748 0.731059
1 0.685698 0.322703 0.045698 0.047163 0.001501
1 0.621783 0.335244 0.081751 0.316375 0.001501
1 0.622713 0.336136 0.082901 0.343605 0.001501
1 0.622450 0.340760 0.080533 0.352259 0.004070
1 0.118747 0.378539 0.234467 0.345773 0.939913
1 0.118455 0.378568 0.233830 0.345731 0.924142
1 0.116557 0.378518 0.236251 0.345741 0.939913
1 0.117381 0.378439 0.234699 0.346066 0.924142
1 0.118510 0.377311 0.233943 0.348245 0.924142
1 0.116583 0.376121 0.236271 0.350550 0.939913
1 0.117308 0.378254 0.234622 0.350136 0.939913
1 0.118110 0.376090 0.233079 0.350761 0.924142
1 0.116853 0.377368 0.236825 0.348199 0.939913
1 0.116548 0.376255 0.236195 0.346222 0.939913
2 0.790317 0.282655 0.077734 0.055592 0.001501
2 0.407998 0.329236 0.026394 0.033659 0.001501
2 0.437157 0.327955 0.062538 0.036234 0.006693
2 0.445698 0.328891 0.045102 0.032818 0.004070
2 0.436668 0.328029 0.061867 0.036471 0.001501
2 0.444983 0.329350 0.046893 0.033782 0.001501
3 0.437157 0.327955 0.062538 0.036234 0.004070
3 0.445698 0.328891 0.045102 0.032818 0.006693
3 0.446366 0.328597 0.042999 0.032242 0.001501
3 0.474597 0.326160 0.028426 0.032583 0.004070
3 0.478053 0.324950 0.025137 0.030130 0.010987
3 0.436668 0.328029 0.061867 0.036471 0.002473
3 0.444983 0.329350 0.046893 0.033782 0.004070
3 0.446349 0.327633 0.042984 0.035409 0.002473
3 0.447388 0.328895 0.042854 0.032894 0.001501
5 0.588038 0.329650 0.015541 0.072573 0.001501
5 0.590060 0.330539 0.016967 0.074140 0.010987
5 0.588023 0.333925 0.015461 0.067364 0.017986
5 0.589872 0.333486 0.017283 0.066610 0.047426
5 0.587937 0.333117 0.015289 0.066412 0.029312
5 0.589909 0.332245 0.017387 0.068839 0.047426
5 0.623479 0.333029 0.081471 0.313693 0.006693
5 0.622023 0.332102 0.081603 0.319734 0.268941
5 0.588228 0.330664 0.016958 0.073239 0.010987
5 0.590085 0.328509 0.017268 0.077399 0.010987
5 0.623062 0.333408 0.082085 0.327295 0.731059
5 0.622566 0.332601 0.083347 0.328068 0.731059
5 0.621783 0.335244 0.081751 0.316375 0.622459
5 0.623491 0.336444 0.081422 0.344265 0.731059
5 0.622005 0.335119 0.081524 0.346777 0.731059
5 0.622713 0.336136 0.082901 0.343605 0.817575
5 0.623985 0.339405 0.083000 0.349724 0.817575
5 0.623070 0.338968 0.082579 0.349946 0.817575
5 0.622450 0.340760 0.080533 0.352259 0.622459
5 0.623966 0.339736 0.083032 0.352462 0.010987
5 0.623175 0.340222 0.082834 0.353719 0.182426
