0 0.066480 0.307354 0.023129 0.167387 0.006693
0 0.066726 0.313542 0.022764 0.186719 0.182426
0 0.066973 0.315172 0.024444 0.185965 0.731059
0 0.066947 0.315161 0.024335 0.185970 0.817575
0 0.066537 0.316625 0.025145 0.186160 0.731059
0 0.066921 0.315245 0.024282 0.189207 0.817575
0 0.118719 0.314077 0.012623 0.075046 0.047426
0 0.066039 0.316779 0.026311 0.186400 0.731059
0 0.065984 0.315988 0.023994 0.187975 0.817575
0 0.118749 0.317754 0.012580 0.073861 0.029312
0 0.066037 0.318106 0.026307 0.183768 0.622459
0 0.066601 0.318953 0.025208 0.185590 0.817575
0 0.118796 0.324780 0.016323 0.091877 0.001501
0 0.066028 0.317895 0.026317 0.187893 0.377541
0 0.066993 0.319093 0.024240 0.185564 0.817575
0 0.066761 0.317788 0.023003 0.192727 0.004070
1 0.195376 0.314491 0.034320 0.032640 0.047426
1 0.198581 0.314530 0.030951 0.032543 0.622459
1 0.199010 0.314898 0.030133 0.036916 0.622459
1 0.253164 0.314898 0.075922 0.046666 0.002473
1 0.253447 0.313621 0.073966 0.049088 0.924142
1 0.252221 0.313622 0.076364 0.049093 0.880797
1 0.252226 0.314525 0.073660 0.050878 0.880797
1 0.252914 0.314514 0.074980 0.050898 0.880797
1 0.252956 0.314526 0.074894 0.050934 0.817575
1 0.625555 0.334448 0.092919 0.075973 0.880797
1 0.194987 0.315847 0.035242 0.035036 0.119203
1 0.197897 0.315819 0.029234 0.035047 0.622459
1 0.198585 0.315801 0.030967 0.035094 0.622459
1 0.254014 0.315722 0.077329 0.048543 0.017986
1 0.252228 0.314504 0.073685 0.050928 0.880797
1 0.252906 0.314532 0.075017 0.050876 0.817575
1 0.251551 0.314532 0.075006 0.050862 0.817575
1 0.252238 0.314535 0.076346 0.050872 0.817575
1 0.252279 0.315798 0.076255 0.048428 0.880797
1 0.624965 0.335359 0.091929 0.074163 0.880797
1 0.625549 0.334236 0.093060 0.071896 0.880797
1 0.626223 0.334465 0.094423 0.075974 0.817575
1 0.683788 0.330004 0.021102 0.035327 0.002473
1 0.700249 0.334749 0.035413 0.039588 0.047426
1 0.707134 0.339933 0.044928 0.041778 0.006693
1 0.729711 0.346408 0.065859 0.051993 0.075858
1 0.730536 0.346406 0.064406 0.051976 0.622459
1 0.729004 0.345270 0.063976 0.049709 0.731059
1 0.625906 0.333343 0.092246 0.073690 0.817575
1 0.625008 0.334247 0.094148 0.071883 0.880797
1 0.625674 0.334243 0.095481 0.071902 0.880797
1 0.689431 0.334598 0.029999 0.045216 0.001501
1 0.700129 0.336419 0.036015 0.042828 0.047426
1 0.727806 0.343609 0.069169 0.052655 0.119203
1 0.730399 0.345325 0.064239 0.049739 0.731059
1 0.729817 0.345781 0.065657 0.048827 0.817575
1 0.730457 0.345330 0.064069 0.049748 0.817575
1 0.730522 0.345809 0.064401 0.048788 0.731059
1 0.625892 0.334469 0.092185 0.075987 0.880797
1 0.626177 0.334469 0.094334 0.075981 0.924142
1 0.625583 0.335395 0.093053 0.074143 0.880797
1 0.699679 0.343462 0.033067 0.058577 0.001501
1 0.730388 0.345894 0.064285 0.053358 0.182426
1 0.730470 0.346509 0.064383 0.051913 0.817575
1 0.729836 0.345380 0.065619 0.049637 0.817575
1 0.729100 0.345378 0.064124 0.049636 0.817575
1 0.730509 0.346547 0.064439 0.051831 0.622459
1 0.435817 0.339213 0.242592 0.227632 0.320821
1 0.435542 0.339695 0.242953 0.227024 0.924142
1 0.435489 0.339247 0.243018 0.227859 0.924142
1 0.436197 0.338013 0.243633 0.225633 0.924142
1 0.435581 0.339361 0.242848 0.227744 0.924142
1 0.435551 0.339254 0.242850 0.227935 0.939913
1 0.435819 0.338676 0.244303 0.229097 0.924142
1 0.436321 0.339595 0.243349 0.227228 0.924142
1 0.435557 0.337949 0.242923 0.225684 0.005220
1 0.435549 0.338295 0.242848 0.229756 0.939913
1 0.435767 0.338857 0.242415 0.228679 0.924142
1 0.436175 0.337783 0.243650 0.226131 0.500000
2 0.139910 0.292984 0.087164 0.086088 0.817575
2 0.139712 0.292801 0.087611 0.090814 0.817575
2 0.139601 0.292932 0.087832 0.085932 0.731059
2 0.147302 0.287051 0.072867 0.079392 0.001501
2 0.139545 0.291634 0.087844 0.083505 0.731059
2 0.139820 0.292945 0.087400 0.085983 0.880797
2 0.140122 0.291695 0.088960 0.083444 0.622459
2 0.151017 0.291184 0.065229 0.081097 0.002473
2 0.140038 0.292973 0.088978 0.086100 0.731059
2 0.140141 0.292960 0.086737 0.085989 0.731059
2 0.140137 0.292988 0.088916 0.080919 0.622459
2 0.139304 0.291666 0.090280 0.088620 0.880797
3 0.445115 0.976650 0.082142 0.046799 0.001501
3 0.443492 0.976706 0.083749 0.046744 0.002473
