0 0.431881 0.314417 0.008238 0.032768 0.001501
0 0.432479 0.317460 0.007033 0.026696 0.002473
1 0.354064 0.311891 0.011374 0.033328 0.002473
1 0.363831 0.311093 0.031022 0.030933 0.002473
1 0.584106 0.334464 0.110031 0.090772 0.924142
1 0.584218 0.333332 0.112484 0.093012 0.880797
1 0.353372 0.314681 0.012631 0.024114 0.004070
1 0.364585 0.314639 0.029056 0.024281 0.002473
1 0.390570 0.315410 0.031440 0.020073 0.001501
1 0.390473 0.317129 0.029921 0.019247 0.001501
1 0.584208 0.334463 0.112491 0.090755 0.924142
1 0.584163 0.333340 0.112506 0.088475 0.924142
1 0.584431 0.334500 0.115720 0.090787 0.880797
1 0.650621 0.329228 0.023399 0.034294 0.004070
1 0.673234 0.336463 0.040932 0.054331 0.010987
1 0.695603 0.337679 0.083213 0.055761 0.047426
1 0.697333 0.339094 0.086657 0.058326 0.817575
1 0.697273 0.339128 0.086458 0.058425 0.880797
1 0.697351 0.339108 0.086326 0.058479 0.817575
1 0.697358 0.340376 0.086300 0.055978 0.817575
1 0.740798 0.335219 0.019801 0.032335 0.001501
1 0.748244 0.335075 0.035792 0.032597 0.001501
1 0.584714 0.334462 0.111436 0.090729 0.880797
1 0.585235 0.333334 0.112505 0.088459 0.924142
1 0.584711 0.334467 0.113579 0.090738 0.924142
1 0.650874 0.331858 0.023918 0.039902 0.001501
1 0.674535 0.336619 0.043317 0.054858 0.004070
1 0.696791 0.339114 0.085516 0.058441 0.731059
1 0.697297 0.340418 0.086409 0.055914 0.880797
1 0.696877 0.340423 0.087269 0.055924 0.817575
1 0.697747 0.340428 0.085543 0.055961 0.817575
1 0.699645 0.340350 0.083863 0.055973 0.002473
1 0.742281 0.335566 0.018756 0.032656 0.004070
1 0.749667 0.335782 0.035253 0.032220 0.004070
1 0.585301 0.333330 0.112579 0.093013 0.880797
1 0.584160 0.334478 0.112507 0.090777 0.924142
1 0.697862 0.341317 0.087344 0.057765 0.817575
1 0.696858 0.342602 0.087299 0.055195 0.817575
1 0.696878 0.341333 0.087253 0.057783 0.029312
1 0.175094 0.322398 0.350260 0.556019 0.851953
1 0.178150 0.322034 0.353238 0.555444 0.880797
1 0.174164 0.319927 0.354858 0.551303 0.880797
1 0.173447 0.319035 0.353172 0.549291 0.001927
1 0.174313 0.323687 0.348722 0.558860 0.851953
1 0.178102 0.323604 0.353094 0.558558 0.851953
1 0.174162 0.322949 0.354842 0.552078 0.880797
1 0.174203 0.322161 0.351699 0.550651 0.880797
1 0.175053 0.323964 0.347267 0.563736 0.880797
1 0.178183 0.321042 0.353242 0.558055 0.851953
1 0.174099 0.317447 0.351905 0.550541 0.851953
