0 0.784559 0.327189 0.016216 0.103635 0.006693
0 0.692307 0.327438 0.009723 0.062955 0.002473
0 0.785448 0.330402 0.015179 0.095294 0.075858
0 0.788902 0.335463 0.014305 0.086873 0.006693
0 0.803481 0.338655 0.018770 0.156847 0.001501
0 0.693201 0.325466 0.008428 0.051301 0.001501
0 0.785947 0.343829 0.013995 0.072982 0.075858
0 0.787494 0.344580 0.013700 0.077458 0.029312
0 0.827070 0.354789 0.017921 0.213987 0.001501
0 0.785206 0.341418 0.014879 0.072922 0.119203
0 0.787577 0.342231 0.015334 0.076320 0.047426
0 0.825269 0.365252 0.021539 0.226516 0.006693
0 0.876082 0.334995 0.034650 0.356058 0.001501
0 0.693032 0.339837 0.011328 0.079186 0.001501
0 0.784717 0.342095 0.014266 0.071826 0.075858
0 0.786493 0.340765 0.017512 0.080260 0.029312
0 0.819190 0.366201 0.034231 0.242165 0.006693
0 0.780215 0.346858 0.024900 0.094232 0.001501
0 0.809496 0.371166 0.056836 0.248999 0.001501
0 0.803480 0.369506 0.068044 0.255900 0.817575
0 0.803164 0.368938 0.068706 0.256950 0.731059
0 0.802942 0.367805 0.069135 0.254628 0.622459
0 0.838997 0.386348 0.023995 0.224202 0.001501
0 0.869096 0.351342 0.055537 0.409549 0.004070
0 0.869029 0.351225 0.056102 0.410913 0.622459
0 0.804242 0.367177 0.069631 0.260520 0.817575
0 0.803584 0.368418 0.067839 0.257798 0.817575
0 0.803191 0.368026 0.068606 0.258755 0.731059
0 0.868680 0.353027 0.056449 0.414134 0.817575
0 0.868880 0.352821 0.054343 0.414413 0.731059
0 0.868262 0.352996 0.055246 0.414195 0.731059
0 0.803782 0.365474 0.070517 0.259535 0.817575
0 0.802721 0.368392 0.069565 0.257764 0.817575
0 0.802263 0.366181 0.070457 0.257841 0.731059
0 0.868737 0.354964 0.056580 0.405442 0.817575
0 0.868872 0.353450 0.056576 0.412660 0.817575
0 0.868171 0.355933 0.055307 0.407501 0.817575
0 0.801737 0.367250 0.068488 0.256011 0.817575
0 0.827667 0.367215 0.024780 0.251839 0.017986
0 0.868558 0.360281 0.059385 0.404528 0.817575
0 0.867314 0.358963 0.059656 0.402140 0.731059
0 0.867434 0.358668 0.056811 0.402773 0.731059
0 0.866157 0.350363 0.062891 0.427392 0.001170
0 0.049797 0.397606 0.099095 0.694386 0.001927
1 0.067797 0.311294 0.044267 0.130963 0.004070
1 0.070125 0.312165 0.039025 0.075892 0.001501
1 0.165923 0.318864 0.046262 0.038604 0.377541
1 0.166222 0.318869 0.045694 0.038580 0.817575
1 0.166031 0.318215 0.046037 0.039892 0.731059
1 0.166791 0.318887 0.047212 0.038592 0.731059
1 0.266876 0.315213 0.049323 0.052522 0.377541
1 0.267164 0.314051 0.048710 0.054604 0.817575
1 0.267047 0.315212 0.048947 0.052410 0.817575
1 0.267453 0.314081 0.049684 0.054566 0.817575
1 0.534658 0.318916 0.102601 0.054541 0.924142
1 0.534180 0.318915 0.103572 0.054548 0.924142
1 0.534965 0.320190 0.105126 0.052029 0.817575
1 0.066507 0.317944 0.049881 0.172121 0.004070
1 0.069756 0.315466 0.042063 0.080779 0.004070
1 0.118453 0.317436 0.025782 0.026817 0.002473
1 0.166625 0.318936 0.047662 0.038514 0.268941
1 0.166104 0.318882 0.045922 0.038552 0.880797
1 0.166099 0.319794 0.045901 0.040342 0.817575
1 0.166970 0.318888 0.046865 0.038590 0.817575
1 0.222485 0.319149 0.023820 0.018940 0.004070
1 0.266473 0.314464 0.050143 0.055633 0.268941
1 0.266788 0.315188 0.047355 0.052293 0.817575
1 0.267043 0.315652 0.048949 0.053174 0.817575
1 0.267262 0.315630 0.048489 0.053248 0.817575
1 0.392622 0.318334 0.032852 0.016940 0.001501
1 0.392177 0.319228 0.030644 0.018655 0.002473
1 0.535015 0.320191 0.104830 0.052077 0.880797
1 0.534264 0.319594 0.103431 0.055900 0.880797
1 0.534007 0.319597 0.103884 0.055903 0.880797
1 0.534186 0.320877 0.103594 0.053388 0.880797
1 0.534004 0.320492 0.103966 0.057892 0.006693
1 0.659726 0.328654 0.041482 0.022763 0.182426
1 0.659735 0.329300 0.041413 0.024057 0.268941
1 0.659012 0.328718 0.043124 0.022934 0.268941
1 0.661209 0.330222 0.047125 0.026394 0.029312
1 0.719555 0.336019 0.039207 0.031230 0.500000
1 0.719585 0.333979 0.036111 0.027180 0.377541
1 0.720454 0.334885 0.037967 0.028965 0.500000
1 0.752825 0.333744 0.033933 0.026655 0.119203
1 0.754562 0.334174 0.034303 0.030176 0.075858
1 0.755458 0.333224 0.039507 0.028414 0.017986
1 0.067335 0.315879 0.050345 0.122416 0.001501
1 0.267538 0.316693 0.047892 0.055501 0.001501
1 0.534303 0.319610 0.103360 0.055891 0.817575
1 0.534244 0.319605 0.103439 0.055906 0.817575
1 0.534188 0.320508 0.103610 0.057728 0.880797
1 0.660273 0.331082 0.042291 0.027613 0.001501
1 0.719618 0.334915 0.036228 0.028905 0.500000
1 0.719607 0.336045 0.036061 0.031175 0.622459
1 0.719613 0.335006 0.036241 0.028733 0.622459
1 0.753091 0.336116 0.031701 0.031108 0.075858
1 0.754592 0.335444 0.034451 0.032427 0.119203
1 0.761608 0.337222 0.033378 0.034112 0.017986
1 0.777419 0.346326 0.033860 0.067389 0.004070
1 0.049032 0.405568 0.098128 0.571522 0.182426
1 0.049118 0.419631 0.095228 0.553238 0.182426
1 0.047729 0.417615 0.098551 0.542980 0.004070
1 0.048102 0.364918 0.097411 0.508109 0.008577
1 0.048342 0.393284 0.096716 0.577677 0.679179
1 0.049189 0.395092 0.098188 0.569288 0.731059
1 0.048417 0.407354 0.096562 0.598761 0.731059
1 0.049218 0.406967 0.098153 0.592287 0.777300
1 0.050632 0.399328 0.104780 0.582276 0.002473
1 0.048420 0.402805 0.099580 0.613283 0.622459
1 0.049155 0.404342 0.098075 0.602542 0.731059
1 0.050631 0.402434 0.104307 0.603136 0.037327
1 0.048467 0.410768 0.099451 0.623831 0.562177
1 0.048303 0.407772 0.099527 0.606474 0.500000
1 0.049797 0.397606 0.099095 0.694386 0.017986
1 0.050071 0.396348 0.100030 0.682843 0.017986
2 0.752825 0.333744 0.033933 0.026655 0.006693
2 0.754562 0.334174 0.034303 0.030176 0.029312
2 0.755458 0.333224 0.039507 0.028414 0.001501
2 0.753091 0.336116 0.031701 0.031108 0.002473
2 0.754592 0.335444 0.034451 0.032427 0.004070
