0 0.184962 0.325138 0.014575 0.137844 0.004070
0 0.167345 0.322276 0.009830 0.113931 0.001501
0 0.185822 0.333612 0.015926 0.117323 0.017986
0 0.186473 0.336967 0.015030 0.104351 0.500000
0 0.186664 0.339823 0.015362 0.102263 0.182426
0 0.185928 0.337844 0.016115 0.106261 0.622459
0 0.186841 0.338788 0.015717 0.104229 0.268941
0 0.378464 0.326004 0.010153 0.032909 0.006693
0 0.175194 0.338713 0.028851 0.099491 0.004070
0 0.185813 0.338859 0.015885 0.104239 0.731059
0 0.186013 0.338810 0.016209 0.104290 0.182426
0 0.175888 0.338736 0.027637 0.099406 0.002473
0 0.186470 0.339974 0.015024 0.102054 0.817575
0 0.186660 0.339089 0.015369 0.100229 0.182426
0 0.185808 0.338846 0.015896 0.104364 0.731059
0 0.186843 0.338954 0.015723 0.100541 0.119203
1 0.075571 0.328449 0.067704 0.093465 0.075858
1 0.076469 0.329643 0.069246 0.095939 0.075858
1 0.076446 0.329321 0.069416 0.096770 0.047426
1 0.076465 0.328460 0.068781 0.093326 0.075858
1 0.076613 0.329448 0.068648 0.096472 0.047426
1 0.075733 0.328279 0.067645 0.094198 0.047426
1 0.302223 0.321331 0.023697 0.029497 0.001501
1 0.303185 0.323984 0.024706 0.028432 0.010987
1 0.455365 0.325295 0.014512 0.016144 0.001501
1 0.483148 0.320333 0.016364 0.020982 0.010987
1 0.487137 0.320246 0.020061 0.021218 0.006693
1 0.528391 0.322921 0.034954 0.034097 0.817575
1 0.528356 0.323811 0.035003 0.032309 0.817575
1 0.528280 0.323808 0.037770 0.032350 0.622459
1 0.559065 0.325301 0.022659 0.025940 0.001501
1 0.568674 0.324149 0.018931 0.023635 0.002473
1 0.076960 0.328195 0.067815 0.093979 0.047426
1 0.076676 0.327864 0.068800 0.094663 0.075858
1 0.076701 0.328171 0.068873 0.094035 0.075858
1 0.077134 0.329820 0.067832 0.095908 0.047426
3 0.077134 0.329820 0.067832 0.095908 0.001501
4 0.175888 0.338736 0.027637 0.099406 0.001501
