0 0.127169 0.332280 0.015222 0.118032 0.001501
0 0.243744 0.328109 0.012527 0.098804 0.047426
0 0.734320 0.310303 0.012891 0.085231 0.001501
0 0.127323 0.336138 0.014640 0.120509 0.002473
0 0.243749 0.329805 0.012515 0.090343 0.622459
0 0.734191 0.311356 0.015343 0.091561 0.002473
0 0.243748 0.328497 0.012517 0.087929 0.731059
0 0.395182 0.324793 0.009732 0.030470 0.004070
0 0.733823 0.315578 0.014623 0.095506 0.002473
0 0.242983 0.331925 0.014062 0.086179 0.731059
0 0.734045 0.318237 0.015082 0.100315 0.006693
0 0.243739 0.330753 0.012560 0.083430 0.731059
0 0.734960 0.326489 0.017341 0.112349 0.001501
1 0.995956 0.297528 0.011305 0.129125 0.001501
1 0.994986 0.301034 0.007152 0.104169 0.001501
1 0.177040 0.328434 0.042807 0.078737 0.377541
1 0.176707 0.328395 0.043562 0.078838 0.377541
1 0.176823 0.329439 0.043678 0.076009 0.377541
1 0.624022 0.311692 0.049893 0.030869 0.002473
1 0.628014 0.310904 0.044848 0.033459 0.001501
1 0.627958 0.312232 0.047592 0.031612 0.001501
1 0.996141 0.313218 0.007801 0.084270 0.002473
1 0.176792 0.327057 0.043025 0.081630 0.182426
1 0.176726 0.327859 0.043534 0.077731 0.377541
1 0.176942 0.329169 0.043064 0.075153 0.377541
1 0.176767 0.329040 0.043598 0.075014 0.377541
1 0.330137 0.321557 0.022987 0.029035 0.001501
1 0.521162 0.321597 0.031836 0.023689 0.001501
1 0.523778 0.321782 0.030612 0.028227 0.817575
1 0.524251 0.321779 0.029659 0.028247 0.731059
1 0.542216 0.322876 0.022048 0.026542 0.001501
1 0.553679 0.324142 0.015121 0.018492 0.001501
1 0.627996 0.317636 0.045129 0.037970 0.001501
1 0.629385 0.319020 0.045026 0.039866 0.001501
1 0.630365 0.318827 0.042966 0.040259 0.001501
1 0.176998 0.329212 0.042994 0.075409 0.377541
1 0.176694 0.328584 0.043497 0.079152 0.500000
1 0.177042 0.327405 0.043046 0.077218 0.377541
1 0.174262 0.329460 0.039061 0.078255 0.001501
1 0.176736 0.328721 0.043332 0.079430 0.119203
3 0.176736 0.328721 0.043332 0.079430 0.001501
5 0.268569 0.328550 0.012908 0.061392 0.006693
5 0.269449 0.328707 0.011213 0.060694 0.004070
