0 0.758731 0.318612 0.017904 0.133065 0.010987
0 0.758327 0.318882 0.017052 0.132774 0.017986
0 0.759968 0.318007 0.020633 0.126417 0.004070
0 0.364432 0.319390 0.013335 0.064108 0.001501
0 0.756937 0.320666 0.017211 0.135266 0.017986
0 0.756250 0.322297 0.018581 0.132715 0.001501
0 0.646542 0.331479 0.015110 0.050720 0.001501
1 0.598523 0.333311 0.072167 0.083372 0.924142
1 0.598554 0.333300 0.072102 0.088447 0.006693
1 0.016691 0.359043 0.033435 0.103871 0.817575
1 0.017208 0.359411 0.034466 0.104300 0.731059
1 0.520532 0.322928 0.021908 0.030531 0.500000
1 0.521552 0.322956 0.021316 0.030647 0.119203
1 0.545972 0.321631 0.013937 0.018368 0.029312
1 0.597982 0.333323 0.071075 0.083407 0.924142
1 0.598007 0.333332 0.071043 0.083350 0.924142
1 0.598554 0.333334 0.072115 0.083351 0.880797
1 0.016676 0.358549 0.033387 0.106104 0.731059
1 0.017175 0.360665 0.034376 0.106407 0.731059
1 0.018015 0.358161 0.036120 0.105121 0.075858
1 0.598550 0.334603 0.072108 0.080803 0.924142
1 0.598551 0.334609 0.072121 0.080802 0.924142
1 0.598010 0.333337 0.071037 0.083351 0.924142
1 0.016611 0.360692 0.033238 0.106430 0.731059
1 0.015856 0.359521 0.034789 0.104416 0.731059
1 0.018027 0.358217 0.036140 0.105811 0.500000
1 0.598546 0.334618 0.072107 0.085959 0.924142
1 0.598549 0.332061 0.072112 0.085913 0.880797
1 0.598551 0.333331 0.072121 0.083371 0.880797
1 0.016498 0.359816 0.033032 0.108577 0.731059
1 0.016536 0.361099 0.033098 0.111151 0.817575
1 0.016089 0.360709 0.032203 0.112431 0.500000
1 0.016512 0.359669 0.033038 0.109192 0.377541
2 0.520532 0.322928 0.021908 0.030531 0.006693
2 0.545972 0.321631 0.013937 0.018368 0.002473
3 0.545972 0.321631 0.013937 0.018368 0.001501
3 0.016089 0.360709 0.032203 0.112431 0.002473
4 0.167741 0.363285 0.027214 0.060219 0.001501
4 0.169564 0.360310 0.028298 0.061533 0.001501
4 0.755697 0.336717 0.019834 0.105045 0.004070
5 0.756937 0.320666 0.017211 0.135266 0.006693
5 0.646199 0.326569 0.014595 0.060551 0.010987
5 0.756250 0.322297 0.018581 0.132715 0.075858
5 0.769374 0.334721 0.029921 0.093662 0.002473
5 0.646542 0.331479 0.015110 0.050720 0.017986
5 0.750547 0.331451 0.027460 0.112884 0.001501
5 0.757479 0.323442 0.018302 0.128315 0.119203
5 0.751878 0.329106 0.029922 0.118841 0.004070
5 0.756754 0.325861 0.019751 0.125805 0.119203
5 0.755697 0.336717 0.019834 0.105045 0.029312
