0 0.561163 0.327274 0.012868 0.077714 0.004070
0 0.568711 0.325515 0.009550 0.077644 0.004070
0 0.561612 0.327247 0.012661 0.078643 0.002473
0 0.565798 0.327583 0.012652 0.077122 0.006693
0 0.564610 0.327756 0.015031 0.078080 0.006693
0 0.562337 0.326451 0.014139 0.081340 0.001501
0 0.564328 0.328036 0.015634 0.078113 0.004070
1 0.381859 0.330799 0.127657 0.135972 0.880797
1 0.381875 0.331502 0.127887 0.134755 0.880797
1 0.381429 0.332116 0.127218 0.138665 0.817575
1 0.043027 0.356176 0.086115 0.138851 0.622459
1 0.042214 0.355510 0.087521 0.137430 0.880797
1 0.042229 0.356916 0.087579 0.135721 0.817575
1 0.287658 0.321652 0.017455 0.023733 0.002473
1 0.291093 0.320361 0.020483 0.020950 0.004070
1 0.303081 0.319033 0.025060 0.023563 0.004070
1 0.381708 0.330769 0.126642 0.136017 0.817575
1 0.381702 0.331850 0.126820 0.138200 0.880797
1 0.381476 0.331440 0.127272 0.139390 0.924142
1 0.728472 0.341826 0.046366 0.045538 0.500000
1 0.727878 0.340448 0.044917 0.046323 0.622459
1 0.728340 0.341538 0.046939 0.044874 0.731059
1 0.727841 0.340458 0.047254 0.046316 0.500000
1 0.738348 0.336294 0.052153 0.052775 0.010987
1 0.042995 0.356401 0.086027 0.134890 0.880797
1 0.043731 0.356427 0.087494 0.134787 0.817575
1 0.042983 0.356587 0.085966 0.135119 0.817575
1 0.381642 0.330781 0.126948 0.135932 0.731059
1 0.381744 0.330985 0.126731 0.136450 0.880797
1 0.381680 0.330536 0.126971 0.137365 0.880797
1 0.727388 0.341662 0.045295 0.045173 0.500000
1 0.727829 0.340784 0.044652 0.046960 0.731059
1 0.727462 0.340679 0.045187 0.046712 0.731059
1 0.727565 0.341724 0.045325 0.045139 0.500000
1 0.740297 0.340864 0.044652 0.046346 0.047426
1 0.845587 0.348343 0.025440 0.016849 0.002473
1 0.896337 0.353845 0.039839 0.027991 0.010987
1 0.897084 0.353848 0.036980 0.031491 0.010987
1 0.905932 0.353842 0.034752 0.031489 0.004070
1 0.921053 0.358865 0.055064 0.037946 0.010987
1 0.927324 0.358860 0.052629 0.038005 0.010987
1 0.932181 0.358918 0.047643 0.038112 0.010987
1 0.943721 0.357892 0.057453 0.040253 0.001501
1 0.043787 0.356610 0.087608 0.135272 0.817575
1 0.042978 0.355482 0.085978 0.137428 0.817575
1 0.043013 0.354580 0.086008 0.135633 0.880797
1 0.381996 0.331657 0.127646 0.139751 0.880797
1 0.728278 0.342693 0.046696 0.047000 0.119203
1 0.727532 0.341797 0.045179 0.048798 0.119203
1 0.726809 0.342807 0.043577 0.046777 0.004070
1 0.743327 0.343131 0.042361 0.045839 0.002473
1 0.896336 0.355901 0.039705 0.028852 0.006693
1 0.897920 0.355354 0.037482 0.034413 0.017986
1 0.912790 0.357519 0.043231 0.035157 0.010987
1 0.923437 0.360156 0.059365 0.040393 0.017986
1 0.929273 0.358922 0.050095 0.037894 0.010987
1 0.932287 0.360078 0.045515 0.040124 0.010987
1 0.938163 0.360620 0.048938 0.040849 0.004070
1 0.043711 0.354427 0.087440 0.135329 0.817575
1 0.043072 0.354308 0.086143 0.135529 0.029312
1 0.927011 0.364774 0.053842 0.049567 0.004070
1 0.930115 0.364404 0.048809 0.047517 0.002473
1 0.933588 0.364839 0.045309 0.049372 0.001501
1 0.240876 0.993493 0.116133 0.013312 0.001501
1 0.184397 0.329138 0.202632 0.195313 0.017986
1 0.184520 0.335278 0.201211 0.190455 0.904651
1 0.184890 0.334271 0.202077 0.191783 0.924142
1 0.184859 0.333432 0.202030 0.190053 0.924142
1 0.184655 0.334381 0.203118 0.188200 0.924142
1 0.184600 0.336401 0.202738 0.188170 0.924142
1 0.188152 0.336410 0.199973 0.187372 0.006693
1 0.184817 0.336183 0.201780 0.191930 0.924142
1 0.185058 0.337061 0.200916 0.189167 0.939913
1 0.184857 0.335503 0.202040 0.185982 0.924142
1 0.184490 0.336374 0.202792 0.187794 0.924142
1 0.184768 0.336059 0.202901 0.191728 0.924142
2 0.350352 0.260789 0.069366 0.050172 0.001501
2 0.351170 0.257468 0.069840 0.043433 0.002473
2 0.350922 0.253284 0.070484 0.043257 0.001501
2 0.350206 0.271042 0.068912 0.058746 0.001501
2 0.728340 0.341538 0.046939 0.044874 0.002473
2 0.727841 0.340458 0.047254 0.046316 0.010987
2 0.738348 0.336294 0.052153 0.052775 0.029312
2 0.755539 0.334571 0.045527 0.044479 0.002473
2 0.727462 0.340679 0.045187 0.046712 0.002473
2 0.727565 0.341724 0.045325 0.045139 0.002473
2 0.740297 0.340864 0.044652 0.046346 0.002473
3 0.738348 0.336294 0.052153 0.052775 0.004070
3 0.740297 0.340864 0.044652 0.046346 0.001501
5 0.727532 0.341797 0.045179 0.048798 0.002473
