0 0.745582 0.254990 0.022551 0.098920 0.010987
0 0.747036 0.261082 0.023033 0.111767 0.017986
0 0.740775 0.286930 0.034985 0.167980 0.002473
0 0.745370 0.286589 0.025938 0.166406 0.006693
0 0.746228 0.279759 0.026800 0.152723 0.017986
0 0.742121 0.291640 0.031784 0.173176 0.010987
0 0.744271 0.288736 0.028589 0.171075 0.002473
0 0.742028 0.293614 0.034303 0.181532 0.075858
0 0.759002 0.297647 0.067977 0.166428 0.002473
0 0.742241 0.293332 0.034730 0.184000 0.010987
0 0.742271 0.293356 0.034640 0.187890 0.622459
0 0.742436 0.294275 0.034940 0.186802 0.731059
0 0.760426 0.307185 0.065652 0.162879 0.004070
0 0.742971 0.289052 0.033013 0.195824 0.182426
0 0.742588 0.292147 0.032179 0.197103 0.731059
0 0.743875 0.293152 0.037923 0.195085 0.500000
0 0.494852 0.333028 0.014786 0.049170 0.001501
0 0.742179 0.291147 0.034461 0.198920 0.731059
0 0.743353 0.292274 0.033723 0.197258 0.622459
0 0.752788 0.292745 0.055810 0.196319 0.268941
0 0.741226 0.292014 0.032619 0.202444 0.004070
0 0.751664 0.291912 0.050259 0.198289 0.622459
0 0.759173 0.293736 0.065422 0.199256 0.182426
1 0.528492 0.329233 0.054076 0.075222 0.880797
1 0.527756 0.330088 0.055539 0.071882 0.880797
1 0.528270 0.329804 0.053460 0.076453 0.817575
1 0.581169 0.313138 0.039247 0.027252 0.001501
1 0.586229 0.312673 0.031075 0.028895 0.001501
1 0.407848 0.330961 0.031198 0.023827 0.182426
1 0.408301 0.330054 0.030314 0.025562 0.500000
1 0.408128 0.329765 0.030714 0.025052 0.377541
1 0.437128 0.328079 0.018847 0.015924 0.001501
1 0.440855 0.328152 0.015424 0.015504 0.006693
1 0.452274 0.325269 0.017747 0.016220 0.001501
1 0.496172 0.331757 0.014387 0.045095 0.004070
1 0.528275 0.330066 0.053689 0.071817 0.817575
1 0.528652 0.331654 0.054290 0.070388 0.880797
1 0.528521 0.330528 0.054018 0.072658 0.880797
1 0.528527 0.330072 0.054017 0.071794 0.880797
1 0.152198 0.359850 0.035394 0.035504 0.075858
1 0.151875 0.359847 0.034939 0.035478 0.075858
1 0.153197 0.359292 0.035765 0.036665 0.017986
1 0.270754 0.350441 0.055210 0.043981 0.182426
1 0.271107 0.350479 0.054745 0.043950 0.817575
1 0.271107 0.349352 0.054738 0.041700 0.880797
1 0.271014 0.350491 0.054827 0.043990 0.880797
1 0.271591 0.350472 0.056840 0.044012 0.731059
1 0.313358 0.345783 0.030208 0.030367 0.119203
1 0.335825 0.343712 0.055760 0.034212 0.182426
1 0.342784 0.341728 0.042756 0.034534 0.731059
1 0.342279 0.342167 0.043680 0.033665 0.622459
1 0.342079 0.341039 0.044176 0.031432 0.622459
1 0.346604 0.340798 0.046218 0.032482 0.010987
1 0.407214 0.332063 0.028845 0.024578 0.010987
1 0.408280 0.331800 0.030298 0.024924 0.010987
1 0.408109 0.331871 0.030742 0.025442 0.010987
1 0.494852 0.333028 0.014786 0.049170 0.002473
1 0.527916 0.330555 0.055939 0.072670 0.817575
1 0.528525 0.330596 0.054010 0.072755 0.880797
1 0.528462 0.330134 0.053865 0.071883 0.880797
1 0.026460 0.374145 0.053125 0.216780 0.731059
1 0.027027 0.373876 0.054150 0.216583 0.731059
1 0.027020 0.375360 0.054356 0.218791 0.622459
1 0.093042 0.386683 0.083035 0.065115 0.817575
1 0.091751 0.385401 0.083437 0.067679 0.880797
1 0.092281 0.385421 0.084556 0.067703 0.817575
1 0.133215 0.363516 0.025507 0.029860 0.001501
1 0.151917 0.360646 0.034796 0.033868 0.182426
1 0.151772 0.361261 0.034729 0.037155 0.182426
1 0.152040 0.360675 0.038039 0.038473 0.047426
1 0.270758 0.351673 0.055219 0.046737 0.182426
1 0.271211 0.351742 0.054500 0.046548 0.817575
1 0.271864 0.351759 0.056243 0.046506 0.880797
1 0.270420 0.350489 0.053354 0.043964 0.880797
1 0.271764 0.351605 0.056482 0.041736 0.731059
1 0.527924 0.330651 0.055918 0.072902 0.119203
1 0.026483 0.375127 0.053070 0.213877 0.731059
1 0.027002 0.376004 0.054098 0.211887 0.731059
1 0.027740 0.373358 0.052628 0.217654 0.731059
1 0.093124 0.386667 0.080578 0.065140 0.880797
1 0.093045 0.385407 0.083070 0.067648 0.880797
1 0.092295 0.385415 0.084575 0.067633 0.880797
1 0.092258 0.386681 0.084508 0.065096 0.817575
1 0.027024 0.374698 0.054156 0.209234 0.731059
1 0.027005 0.374790 0.054082 0.209000 0.817575
1 0.026961 0.374345 0.054120 0.209715 0.731059
1 0.092281 0.387823 0.084558 0.067358 0.817575
1 0.093056 0.386534 0.083016 0.069936 0.880797
1 0.093064 0.386536 0.082995 0.069932 0.817575
1 0.027037 0.377322 0.054120 0.198751 0.817575
3 0.152198 0.359850 0.035394 0.035504 0.010987
3 0.151875 0.359847 0.034939 0.035478 0.006693
3 0.153197 0.359292 0.035765 0.036665 0.002473
3 0.151917 0.360646 0.034796 0.033868 0.017986
3 0.151772 0.361261 0.034729 0.037155 0.010987
3 0.152040 0.360675 0.038039 0.038473 0.004070
4 0.760426 0.307185 0.065652 0.162879 0.004070
4 0.762176 0.312957 0.062491 0.155148 0.047426
4 0.770515 0.315266 0.046679 0.155244 0.017986
4 0.759166 0.314463 0.068495 0.153029 0.268941
4 0.770677 0.326775 0.045262 0.128314 0.047426
4 0.759173 0.293736 0.065422 0.199256 0.029312
4 0.758915 0.316461 0.067880 0.153772 0.182426
4 0.770674 0.333458 0.045257 0.119625 0.006693
4 0.772206 0.338237 0.043215 0.110300 0.001501
5 0.658947 0.319318 0.031736 0.083570 0.006693
5 0.666190 0.321950 0.021004 0.083605 0.004070
5 0.662764 0.322413 0.024747 0.077755 0.004070
5 0.667228 0.324905 0.018793 0.076393 0.004070
5 0.662674 0.323887 0.028023 0.081123 0.002473
5 0.667833 0.324631 0.017673 0.075867 0.001501
5 0.759166 0.314463 0.068495 0.153029 0.001501
5 0.759173 0.293736 0.065422 0.199256 0.010987
5 0.758915 0.316461 0.067880 0.153772 0.001501
