1 0.141150 0.310786 0.078697 0.038389 0.001501
1 0.147464 0.308129 0.070509 0.032978 0.002473
1 0.147621 0.308142 0.070479 0.032983 0.001501
1 0.147124 0.307903 0.067300 0.032522 0.001501
1 0.147346 0.309397 0.067474 0.030447 0.001501
1 0.403771 0.326607 0.054504 0.064797 0.924142
1 0.403662 0.326600 0.054264 0.064789 0.924142
1 0.403669 0.326603 0.054257 0.064820 0.880797
1 0.491645 0.322098 0.030232 0.045010 0.817575
1 0.490850 0.322098 0.031722 0.045008 0.817575
1 0.491081 0.322348 0.032250 0.045526 0.500000
1 0.530908 0.313051 0.020762 0.027085 0.001501
1 0.143301 0.312617 0.079759 0.042030 0.001501
1 0.403884 0.326588 0.054733 0.064801 0.880797
1 0.404450 0.327727 0.053143 0.062511 0.880797
1 0.403662 0.326600 0.054266 0.064771 0.880797
1 0.403748 0.326595 0.054441 0.064786 0.880797
1 0.462091 0.316090 0.013646 0.017123 0.001501
1 0.465707 0.316021 0.015766 0.017192 0.002473
1 0.490878 0.321306 0.031767 0.046032 0.817575
1 0.490879 0.322144 0.031768 0.045062 0.880797
1 0.491076 0.322130 0.032252 0.045127 0.500000
1 0.518297 0.316943 0.018354 0.023479 0.001501
1 0.530193 0.314866 0.018151 0.023732 0.002473
1 0.403659 0.327738 0.054274 0.062501 0.817575
1 0.403749 0.327736 0.054439 0.062508 0.924142
1 0.403639 0.326604 0.054208 0.064777 0.880797
1 0.490879 0.322191 0.031764 0.045106 0.731059
1 0.490812 0.322194 0.031618 0.045095 0.731059
1 0.490141 0.322207 0.033407 0.045087 0.268941
2 0.141150 0.310786 0.078697 0.038389 0.001501
2 0.147464 0.308129 0.070509 0.032978 0.004070
2 0.147621 0.308142 0.070479 0.032983 0.001501
2 0.147124 0.307903 0.067300 0.032522 0.001501
2 0.143301 0.312617 0.079759 0.042030 0.002473
2 0.144218 0.311411 0.078103 0.039548 0.001501
3 0.552810 0.313625 0.028469 0.034372 0.006693
3 0.552839 0.313625 0.028378 0.034427 0.004070
3 0.552065 0.313701 0.029791 0.034304 0.002473
3 0.553535 0.313814 0.029157 0.034047 0.001501
