0 0.715595 0.311655 0.009329 0.085610 0.010987
0 0.715597 0.320070 0.009353 0.068326 0.006693
0 0.715323 0.323687 0.008768 0.061163 0.004070
1 0.020397 0.358147 0.040849 0.101384 0.075858
1 0.020612 0.358768 0.041264 0.095073 0.268941
1 0.020710 0.350222 0.044629 0.073651 0.006693
1 0.451702 0.321751 0.022896 0.013654 0.004070
1 0.456996 0.322912 0.020980 0.011281 0.006693
1 0.460037 0.322872 0.024639 0.015914 0.004070
1 0.488309 0.324176 0.023645 0.018428 0.017986
1 0.489094 0.322907 0.021956 0.015793 0.017986
1 0.520816 0.320493 0.022884 0.016122 0.017986
1 0.522056 0.320464 0.023088 0.016182 0.006693
1 0.542479 0.319575 0.030516 0.014424 0.001501
1 0.698158 0.322918 0.025207 0.021057 0.002473
1 0.698886 0.324177 0.027950 0.024116 0.002473
1 0.755402 0.328653 0.017808 0.027385 0.001501
1 0.021502 0.363444 0.043061 0.090691 0.731059
1 0.020898 0.363441 0.041835 0.088580 0.731059
1 0.021237 0.357702 0.042601 0.070566 0.119203
1 0.028396 0.350967 0.050815 0.048506 0.001501
1 0.186490 0.340023 0.048521 0.044563 0.004070
1 0.197474 0.344820 0.033249 0.036506 0.817575
1 0.197957 0.344206 0.034902 0.037731 0.880797
1 0.834483 0.350176 0.048878 0.024806 0.004070
1 0.832918 0.350193 0.050729 0.024491 0.006693
1 0.832682 0.349077 0.051263 0.026718 0.004070
1 0.021219 0.364453 0.042540 0.088662 0.731059
1 0.021230 0.362913 0.042504 0.089042 0.731059
1 0.021194 0.361600 0.042453 0.077795 0.500000
1 0.032676 0.352825 0.049651 0.039892 0.001501
1 0.196289 0.345319 0.033111 0.042087 0.017986
1 0.197211 0.345758 0.033663 0.038542 0.006693
1 0.197012 0.345679 0.034114 0.038375 0.001501
1 0.021227 0.363505 0.042520 0.091418 0.731059
1 0.021230 0.363427 0.042502 0.088684 0.817575
1 0.020418 0.363472 0.044008 0.087131 0.377541
1 0.020825 0.362959 0.041758 0.105157 0.182426
1 0.021988 0.364643 0.040993 0.095881 0.182426
2 0.608772 0.300780 0.079363 0.059978 0.731059
2 0.608603 0.300777 0.079725 0.059994 0.817575
2 0.608502 0.300788 0.079945 0.059975 0.817575
2 0.608500 0.300929 0.079943 0.055177 0.002473
2 0.592860 0.310321 0.055378 0.031262 0.001501
2 0.608975 0.302340 0.077954 0.056931 0.004070
2 0.609159 0.300816 0.078578 0.059951 0.817575
2 0.609544 0.300938 0.080892 0.055178 0.731059
2 0.608445 0.300801 0.080029 0.059983 0.817575
2 0.608608 0.302092 0.079701 0.057425 0.817575
2 0.173402 0.334604 0.046864 0.044246 0.500000
2 0.174210 0.334651 0.048310 0.039227 0.622459
2 0.174161 0.334689 0.048513 0.039313 0.622459
2 0.192461 0.339086 0.042315 0.040054 0.010987
2 0.609513 0.303343 0.077610 0.060022 0.182426
2 0.608776 0.303369 0.079369 0.059948 0.731059
2 0.608628 0.302103 0.079709 0.057375 0.731059
2 0.608619 0.302093 0.079649 0.057426 0.001501
2 0.173292 0.335860 0.046756 0.041773 0.377541
2 0.174797 0.335886 0.049556 0.041698 0.500000
2 0.186490 0.340023 0.048521 0.044563 0.029312
2 0.197957 0.344206 0.034902 0.037731 0.001501
