0 0.259351 0.326750 0.015770 0.054466 0.004070
0 0.258637 0.330343 0.011561 0.052865 0.017986
0 0.233744 0.339525 0.007581 0.039512 0.001501
0 0.259283 0.330238 0.010702 0.053242 0.017986
1 0.006433 0.345897 0.013018 0.137503 0.001501
1 0.310958 0.335726 0.100014 0.088213 0.880797
1 0.420999 0.331477 0.061116 0.063778 0.880797
1 0.421672 0.330748 0.062508 0.064952 0.924142
1 0.420990 0.329846 0.061117 0.066747 0.817575
1 0.008363 0.353463 0.013778 0.119515 0.004070
1 0.216514 0.337005 0.043345 0.039642 0.002473
1 0.216899 0.337935 0.042269 0.037779 0.002473
1 0.264398 0.328240 0.029043 0.041984 0.001501
1 0.311728 0.334607 0.101547 0.085938 0.924142
1 0.311733 0.335888 0.101535 0.083356 0.924142
1 0.311729 0.335757 0.101558 0.088212 0.880797
1 0.369437 0.322518 0.022636 0.031856 0.001501
1 0.387786 0.327290 0.015195 0.031523 0.002473
1 0.420987 0.331410 0.061127 0.063627 0.817575
1 0.421653 0.331414 0.062523 0.063628 0.880797
1 0.421647 0.330375 0.062510 0.061550 0.817575
1 0.421699 0.329715 0.062388 0.062872 0.880797
1 0.008595 0.361536 0.017273 0.098732 0.004070
1 0.011203 0.358711 0.022525 0.104825 0.001501
1 0.216365 0.340386 0.041522 0.037298 0.001501
1 0.215722 0.338810 0.041288 0.035978 0.002473
1 0.262734 0.333053 0.025267 0.048502 0.001501
1 0.310970 0.337018 0.100019 0.085608 0.924142
1 0.310968 0.337014 0.100015 0.085616 0.924142
1 0.311737 0.335735 0.101549 0.088188 0.924142
1 0.420985 0.331391 0.061133 0.063534 0.817575
1 0.421664 0.331434 0.062478 0.063636 0.880797
1 0.421656 0.330774 0.062493 0.064967 0.880797
1 0.008929 0.363345 0.017907 0.095129 0.002473
1 0.011339 0.363439 0.022746 0.107148 0.001501
1 0.310971 0.335739 0.100012 0.088171 0.880797
1 0.310966 0.335745 0.100002 0.088199 0.880797
1 0.310972 0.335755 0.100017 0.088222 0.924142
1 0.009080 0.367124 0.018216 0.106198 0.001501
1 0.095486 0.387180 0.190975 0.206143 0.904651
1 0.094761 0.389492 0.192652 0.205912 0.924142
1 0.095551 0.387205 0.191144 0.206093 0.924142
1 0.094782 0.387329 0.192580 0.201794 0.924142
1 0.095910 0.388388 0.191859 0.203765 0.924142
1 0.095926 0.388411 0.191901 0.203685 0.924142
1 0.095964 0.387422 0.191942 0.201742 0.924142
1 0.095982 0.388308 0.191850 0.203683 0.904651
1 0.095756 0.387435 0.191674 0.206352 0.880797
1 0.095888 0.388684 0.191808 0.204042 0.880797
2 0.446179 0.309301 0.030128 0.035814 0.001501
