0 0.994992 0.286819 0.007129 0.192232 0.001501
0 0.565961 0.308618 0.010150 0.075956 0.006693
0 0.996154 0.293805 0.007826 0.196133 0.001501
0 0.565796 0.309963 0.012648 0.071442 0.004070
0 0.996140 0.296516 0.007798 0.203803 0.002473
0 0.561895 0.317560 0.013206 0.053116 0.001501
0 0.564711 0.315306 0.012657 0.063662 0.006693
0 0.996128 0.310722 0.007781 0.197802 0.001501
0 0.567143 0.317576 0.012780 0.057369 0.001501
1 0.325056 0.334590 0.081047 0.080798 0.010987
1 0.323845 0.334590 0.080701 0.080803 0.880797
1 0.361492 0.307423 0.027611 0.022020 0.001501
1 0.397958 0.335728 0.092770 0.088206 0.924142
1 0.397825 0.333331 0.092597 0.088498 0.880797
1 0.433470 0.318854 0.021366 0.054454 0.006693
1 0.325043 0.334600 0.080907 0.080795 0.880797
1 0.325039 0.333331 0.080905 0.078234 0.880797
1 0.324390 0.334610 0.079642 0.080807 0.880797
1 0.397755 0.334613 0.092452 0.085925 0.924142
1 0.397832 0.334613 0.092578 0.085906 0.880797
1 0.397770 0.334626 0.092424 0.085948 0.817575
1 0.442947 0.317370 0.011267 0.022979 0.002473
1 0.324552 0.334611 0.082067 0.080785 0.880797
1 0.325034 0.333339 0.080894 0.078229 0.880797
1 0.324506 0.334612 0.082005 0.080791 0.817575
1 0.397755 0.334615 0.092452 0.085908 0.880797
1 0.397066 0.334612 0.094116 0.085902 0.924142
1 0.397758 0.335740 0.092450 0.088183 0.924142
1 0.007222 0.371925 0.011962 0.075445 0.001501
1 0.036096 0.371629 0.067815 0.079193 0.001501
1 0.324585 0.333335 0.082145 0.078253 0.817575
1 0.325092 0.334605 0.080989 0.080799 0.880797
1 0.325058 0.334608 0.080957 0.080809 0.817575
1 0.397757 0.334607 0.092452 0.085926 0.880797
1 0.397073 0.333334 0.094094 0.088490 0.924142
1 0.006336 0.382447 0.012992 0.054971 0.001501
1 0.038720 0.376501 0.065461 0.090790 0.001501
1 0.119221 0.380497 0.220557 0.183022 0.904651
1 0.118475 0.380480 0.219231 0.182833 0.924142
1 0.118803 0.379594 0.221416 0.181097 0.924142
1 0.118864 0.380949 0.221314 0.178762 0.904651
1 0.119509 0.381143 0.220251 0.179687 0.851953
1 0.118536 0.382560 0.219061 0.181849 0.924142
1 0.118479 0.382500 0.219228 0.181561 0.924142
1 0.118098 0.381818 0.220029 0.180237 0.924142
1 0.118883 0.381866 0.221346 0.180478 0.904651
1 0.118501 0.382271 0.219838 0.182074 0.679179
5 0.594497 0.333023 0.022942 0.061544 0.001501
