0 0.721698 0.269362 0.012667 0.064593 0.006693
0 0.721815 0.296790 0.012869 0.118826 0.047426
0 0.727420 0.297967 0.020224 0.114022 0.006693
0 0.558237 0.307618 0.008590 0.057966 0.002473
0 0.594431 0.305829 0.008093 0.060575 0.029312
0 0.724186 0.299521 0.015452 0.122912 0.119203
0 0.727792 0.301773 0.022559 0.119009 0.006693
0 0.545035 0.313857 0.007225 0.045161 0.001501
0 0.558233 0.311641 0.008542 0.053684 0.075858
0 0.594971 0.307743 0.007014 0.056415 0.029312
0 0.723778 0.300928 0.016809 0.120907 0.119203
0 0.727029 0.301760 0.021012 0.118741 0.010987
0 0.547000 0.314757 0.011152 0.044223 0.001501
0 0.558236 0.311827 0.008565 0.054123 0.075858
0 0.595739 0.308106 0.008559 0.055788 0.029312
0 0.724612 0.300853 0.016332 0.120638 0.119203
0 0.727474 0.300705 0.020328 0.116990 0.017986
0 0.911581 0.289856 0.023824 0.144065 0.002473
0 0.560165 0.318961 0.010846 0.065807 0.006693
0 0.724788 0.301599 0.016684 0.119296 0.119203
0 0.727473 0.302632 0.020330 0.116908 0.017986
1 0.352214 0.326243 0.073640 0.069176 0.880797
1 0.351996 0.327518 0.071027 0.066627 0.880797
1 0.350792 0.327529 0.073405 0.066671 0.880797
1 0.192227 0.361203 0.184594 0.139106 0.924142
1 0.352755 0.328148 0.072573 0.067941 0.880797
1 0.351448 0.328640 0.072109 0.064325 0.880797
1 0.351448 0.327507 0.072116 0.066591 0.880797
1 0.350781 0.328161 0.073454 0.067908 0.880797
1 0.412534 0.325651 0.033026 0.031459 0.880797
1 0.413049 0.324975 0.031882 0.034624 0.817575
1 0.435439 0.320371 0.017837 0.020862 0.377541
1 0.436553 0.320353 0.017380 0.020889 0.182426
1 0.192219 0.359973 0.184393 0.141739 0.924142
1 0.192939 0.359976 0.185934 0.141735 0.924142
1 0.192251 0.361237 0.184717 0.139164 0.880797
1 0.351448 0.327518 0.072112 0.066584 0.817575
1 0.352215 0.328167 0.073643 0.067898 0.880797
1 0.350781 0.328178 0.073455 0.067935 0.880797
1 0.412517 0.327029 0.033031 0.034427 0.004070
1 0.413073 0.327063 0.031858 0.034307 0.002473
1 0.193777 0.361218 0.184446 0.139170 0.880797
1 0.192955 0.362127 0.185992 0.140966 0.924142
1 0.192233 0.361230 0.184730 0.139154 0.924142
1 0.192134 0.361242 0.184223 0.139195 0.880797
1 0.193662 0.359974 0.184403 0.141731 0.924142
1 0.192272 0.361261 0.184671 0.139206 0.924142
4 0.727792 0.301773 0.022559 0.119009 0.004070
4 0.727029 0.301760 0.021012 0.118741 0.002473
5 0.727792 0.301773 0.022559 0.119009 0.004070
5 0.727029 0.301760 0.021012 0.118741 0.029312
5 0.724612 0.300853 0.016332 0.120638 0.001501
5 0.727474 0.300705 0.020328 0.116990 0.075858
5 0.724788 0.301599 0.016684 0.119296 0.004070
5 0.727473 0.302632 0.020330 0.116908 0.029312
