1 0.148431 0.328214 0.067145 0.068204 0.004070
1 0.148015 0.328292 0.067644 0.063840 0.010987
1 0.149383 0.325631 0.064909 0.062975 0.010987
1 0.157695 0.318080 0.076539 0.047926 0.004070
1 0.186184 0.311669 0.056582 0.040068 0.010987
1 0.187195 0.309009 0.057099 0.034785 0.017986
1 0.191600 0.310463 0.048186 0.032700 0.006693
1 0.215394 0.318434 0.066189 0.049026 0.001501
1 0.221085 0.313761 0.069720 0.039321 0.001501
1 0.322453 0.317440 0.066598 0.067928 0.731059
1 0.321837 0.318116 0.065426 0.066628 0.731059
1 0.321855 0.317114 0.065493 0.064331 0.731059
1 0.329812 0.313635 0.059876 0.058077 0.002473
1 0.389055 0.320342 0.100033 0.104181 0.880797
1 0.389047 0.321632 0.099996 0.106722 0.924142
1 0.389749 0.320343 0.101329 0.104142 0.817575
1 0.447071 0.313044 0.013433 0.027321 0.002473
1 0.460804 0.316896 0.025343 0.033012 0.006693
1 0.460841 0.316358 0.025405 0.034091 0.017986
1 0.146281 0.330887 0.075363 0.067876 0.002473
1 0.148078 0.330553 0.068687 0.068114 0.002473
1 0.148131 0.329426 0.066345 0.065832 0.006693
1 0.148898 0.329510 0.063628 0.065433 0.010987
1 0.155296 0.326945 0.050548 0.047630 0.006693
1 0.186440 0.315084 0.058900 0.051784 0.004070
1 0.207331 0.326677 0.063484 0.050149 0.017986
1 0.219584 0.335711 0.075175 0.046963 0.377541
1 0.219548 0.335853 0.073682 0.046899 0.377541
1 0.217693 0.335381 0.073797 0.051094 0.377541
1 0.218076 0.334513 0.073525 0.049317 0.268941
1 0.246262 0.325928 0.077769 0.033698 0.002473
1 0.276032 0.328778 0.030680 0.028205 0.006693
1 0.280818 0.328920 0.022647 0.027915 0.029312
1 0.284138 0.327513 0.031517 0.034025 0.004070
1 0.322811 0.316711 0.065213 0.064693 0.500000
1 0.322218 0.319100 0.066351 0.064965 0.622459
1 0.322004 0.318279 0.065879 0.066749 0.731059
1 0.321363 0.318334 0.067636 0.066761 0.622459
1 0.389725 0.320357 0.101380 0.104170 0.880797
1 0.388281 0.321630 0.101529 0.101621 0.880797
1 0.389723 0.319228 0.101365 0.101926 0.880797
1 0.446973 0.316213 0.015916 0.024640 0.017986
1 0.460181 0.318840 0.023849 0.029095 0.377541
1 0.460923 0.318807 0.025145 0.029162 0.500000
1 0.477947 0.318013 0.013440 0.025906 0.001501
1 0.147712 0.331267 0.065832 0.068934 0.001501
1 0.156538 0.335199 0.042567 0.059354 0.002473
1 0.163688 0.336008 0.032036 0.048384 0.001501
1 0.193251 0.334151 0.051905 0.050740 0.002473
1 0.216007 0.339357 0.067462 0.043086 0.075858
1 0.219094 0.336588 0.074692 0.048671 0.500000
1 0.218395 0.337942 0.074283 0.045964 0.500000
1 0.217551 0.337942 0.072530 0.045949 0.377541
1 0.218394 0.336742 0.074941 0.048820 0.268941
1 0.230242 0.334529 0.090188 0.046206 0.006693
1 0.278405 0.330211 0.028153 0.030384 0.001501
1 0.281441 0.331822 0.022208 0.028865 0.010987
1 0.321512 0.318269 0.068093 0.066904 0.500000
1 0.322402 0.317613 0.066740 0.068219 0.622459
1 0.322265 0.319151 0.066381 0.065053 0.622459
1 0.390414 0.320356 0.100034 0.104203 0.880797
1 0.389720 0.318094 0.101368 0.104205 0.924142
1 0.390408 0.318102 0.100016 0.104224 0.880797
1 0.389729 0.320384 0.101379 0.104178 0.952574
3 0.186440 0.315084 0.058900 0.051784 0.001501
