0 0.769335 0.302041 0.019557 0.130000 0.377541
0 0.705640 0.304922 0.017528 0.092250 0.029312
0 0.721658 0.304087 0.012641 0.089346 0.029312
0 0.748168 0.303687 0.016511 0.094738 0.001501
0 0.752219 0.304504 0.012673 0.095991 0.010987
0 0.769155 0.300983 0.021314 0.127205 0.731059
0 0.818725 0.309150 0.015786 0.105451 0.002473
0 0.703541 0.308026 0.022611 0.085445 0.075858
0 0.704761 0.309056 0.015566 0.090183 0.377541
0 0.722180 0.304646 0.011430 0.085592 0.500000
0 0.748307 0.309543 0.016065 0.089113 0.017986
0 0.751773 0.305733 0.011936 0.083936 0.182426
0 0.768759 0.300007 0.020483 0.125370 0.817575
0 0.820292 0.316560 0.012536 0.105948 0.006693
0 0.702702 0.307141 0.020959 0.088271 0.075858
0 0.706258 0.310916 0.016003 0.091613 0.377541
0 0.721638 0.304106 0.012507 0.083593 0.622459
0 0.729055 0.307004 0.023369 0.078184 0.006693
0 0.748831 0.306895 0.016943 0.089038 0.029312
0 0.752639 0.305712 0.013955 0.087919 0.119203
0 0.768752 0.300062 0.020474 0.125254 0.731059
0 0.819528 0.317098 0.014073 0.109593 0.006693
0 0.702379 0.309658 0.021844 0.089091 0.075858
0 0.704954 0.309719 0.018610 0.094205 0.182426
0 0.720965 0.304819 0.013870 0.084589 0.500000
0 0.728775 0.309247 0.023619 0.076190 0.002473
0 0.748783 0.307906 0.019521 0.092102 0.047426
0 0.752351 0.305620 0.014529 0.090668 0.075858
0 0.769691 0.300224 0.020176 0.124025 0.731059
0 0.770533 0.300527 0.021894 0.123821 0.004070
0 0.818788 0.317522 0.012617 0.111342 0.006693
0 0.703380 0.307552 0.022255 0.093456 0.182426
0 0.705346 0.306929 0.017632 0.094825 0.268941
0 0.721663 0.306431 0.012554 0.090786 0.182426
0 0.731900 0.307660 0.019670 0.083561 0.002473
0 0.746587 0.309220 0.021368 0.100263 0.017986
0 0.752842 0.303782 0.019335 0.100952 0.047426
0 0.769302 0.299638 0.019397 0.127068 0.731059
0 0.770559 0.298353 0.021857 0.125508 0.002473
0 0.817258 0.319732 0.012641 0.115712 0.010987
0 0.706649 0.312557 0.021019 0.112342 0.001501
0 0.716454 0.312281 0.014165 0.113222 0.002473
0 0.768767 0.303109 0.018411 0.125182 0.006693
0 0.818076 0.320952 0.014264 0.121170 0.006693
1 0.544895 0.316954 0.076589 0.050691 0.817575
1 0.544852 0.316485 0.077215 0.049667 0.880797
1 0.545399 0.316934 0.078305 0.050579 0.880797
1 0.545174 0.317759 0.078512 0.047126 0.880797
1 0.545412 0.317778 0.078274 0.047172 0.817575
1 0.602312 0.313407 0.035720 0.030294 0.731059
1 0.602288 0.311592 0.035775 0.030294 0.731059
1 0.601715 0.311587 0.037078 0.030296 0.622459
1 0.671911 0.306556 0.038086 0.029917 0.268941
1 0.671092 0.306564 0.038988 0.029927 0.377541
1 0.671035 0.305296 0.039016 0.032484 0.377541
1 0.786452 0.293236 0.039942 0.058440 0.001501
1 0.544956 0.318475 0.076724 0.048694 0.817575
1 0.544825 0.317226 0.077180 0.051151 0.817575
1 0.544864 0.318206 0.077209 0.048003 0.817575
1 0.544666 0.318238 0.077501 0.048067 0.880797
1 0.545421 0.318212 0.078290 0.048075 0.880797
1 0.602164 0.313404 0.037594 0.030282 0.817575
1 0.601734 0.312500 0.036867 0.032085 0.731059
1 0.602322 0.312488 0.035853 0.032115 0.731059
1 0.671892 0.306398 0.038047 0.035187 0.017986
1 0.671826 0.306430 0.037642 0.035039 0.029312
1 0.670406 0.306485 0.040964 0.035044 0.017986
1 0.704954 0.309719 0.018610 0.094205 0.002473
1 0.123447 0.384330 0.061750 0.047624 0.002473
1 0.123893 0.384055 0.060568 0.046833 0.010987
1 0.123572 0.384424 0.058815 0.047462 0.004070
1 0.005527 0.391966 0.011083 0.044539 0.010987
1 0.119152 0.388990 0.058802 0.039078 0.004070
1 0.122893 0.388386 0.057526 0.040546 0.047426
1 0.123380 0.387199 0.056825 0.041107 0.047426
1 0.124434 0.387085 0.056983 0.041412 0.029312
1 0.123495 0.387176 0.056181 0.041143 0.029312
1 0.005496 0.398046 0.011009 0.032260 0.010987
1 0.117454 0.391052 0.052293 0.038200 0.002473
1 0.123220 0.390365 0.056538 0.036781 0.047426
1 0.122356 0.389658 0.055713 0.040827 0.047426
1 0.123515 0.387836 0.056179 0.040033 0.029312
1 0.124777 0.389059 0.056343 0.039390 0.047426
2 0.514294 0.298815 0.020774 0.068286 0.002473
2 0.517439 0.303607 0.022405 0.056048 0.047426
2 0.591498 0.294424 0.042927 0.032577 0.006693
2 0.598878 0.301439 0.038585 0.046223 0.001501
2 0.786562 0.293269 0.039754 0.059428 0.017986
2 0.794712 0.294773 0.031194 0.062558 0.002473
2 0.522384 0.308719 0.035285 0.059070 0.006693
2 0.602312 0.313407 0.035720 0.030294 0.002473
2 0.602288 0.311592 0.035775 0.030294 0.006693
2 0.601715 0.311587 0.037078 0.030296 0.002473
2 0.671092 0.306564 0.038988 0.029927 0.010987
2 0.671035 0.305296 0.039016 0.032484 0.029312
2 0.786452 0.293236 0.039942 0.058440 0.029312
2 0.602164 0.313404 0.037594 0.030282 0.006693
2 0.601734 0.312500 0.036867 0.032085 0.006693
2 0.602322 0.312488 0.035853 0.032115 0.006693
2 0.007561 0.382659 0.015176 0.063642 0.002473
2 0.123893 0.384055 0.060568 0.046833 0.001501
2 0.005527 0.391966 0.011083 0.044539 0.001501
2 0.122893 0.388386 0.057526 0.040546 0.001501
2 0.123380 0.387199 0.056825 0.041107 0.002473
2 0.124434 0.387085 0.056983 0.041412 0.001501
2 0.341497 0.301664 0.324005 0.196916 0.817575
2 0.341470 0.302986 0.323671 0.194580 0.777300
2 0.341331 0.302910 0.323648 0.194408 0.777300
2 0.340525 0.301062 0.327982 0.195715 0.777300
2 0.341469 0.301549 0.326085 0.191882 0.029312
2 0.340679 0.303006 0.322311 0.194556 0.851953
2 0.342111 0.303098 0.322397 0.194785 0.851953
2 0.341343 0.302206 0.323620 0.192920 0.851953
2 0.340590 0.301941 0.325018 0.192377 0.851953
2 0.341475 0.300310 0.328687 0.189346 0.004070
2 0.342828 0.303555 0.321421 0.201414 0.182426
2 0.340851 0.302815 0.325240 0.199761 0.268941
2 0.241712 0.704126 0.495468 0.612531 0.001170
2 0.240645 0.705685 0.492696 0.606870 0.006693
2 0.260482 0.709747 0.520887 0.617950 0.001501
5 0.818076 0.320952 0.014264 0.121170 0.004070
5 0.123495 0.387176 0.056181 0.041143 0.001501
