0 0.302312 0.335920 0.020110 0.072873 0.182426
0 0.302741 0.331277 0.019615 0.069686 0.119203
0 0.728320 0.333839 0.015389 0.071840 0.004070
0 0.873723 0.331824 0.012987 0.070915 0.004070
0 0.876787 0.331885 0.010117 0.071002 0.006693
0 0.972142 0.341288 0.016675 0.083541 0.002473
0 0.301592 0.335844 0.017587 0.078781 0.377541
0 0.309793 0.333027 0.033853 0.066327 0.029312
0 0.725594 0.341980 0.015598 0.050004 0.017986
0 0.727524 0.343499 0.014192 0.057499 0.075858
0 0.860366 0.340738 0.010148 0.046968 0.017986
0 0.873154 0.336232 0.011823 0.064094 0.004070
0 0.876279 0.334669 0.010676 0.067242 0.006693
0 0.971537 0.347925 0.015059 0.076131 0.268941
0 0.975177 0.347629 0.012881 0.075541 0.029312
0 0.299748 0.337183 0.014981 0.081453 0.500000
0 0.300742 0.337505 0.015628 0.074762 0.182426
0 0.379571 0.338201 0.021744 0.031982 0.001501
0 0.725592 0.342039 0.015620 0.049240 0.029312
0 0.728386 0.345134 0.015175 0.050172 0.119203
0 0.860549 0.342279 0.009791 0.044735 0.029312
0 0.870948 0.338078 0.014081 0.060392 0.006693
0 0.875918 0.335781 0.011861 0.068811 0.017986
0 0.970376 0.348571 0.012735 0.077474 0.182426
0 0.974838 0.346833 0.014014 0.078403 0.029312
0 0.299938 0.334603 0.015359 0.086112 0.377541
0 0.300559 0.338432 0.014363 0.083367 0.500000
0 0.726847 0.342735 0.018159 0.055323 0.017986
0 0.728252 0.344103 0.012748 0.048597 0.119203
0 0.860831 0.343367 0.012160 0.047506 0.001501
0 0.873857 0.340164 0.013226 0.060105 0.006693
0 0.876144 0.337260 0.012121 0.065951 0.006693
0 0.961506 0.352581 0.017342 0.066091 0.001501
0 0.971610 0.348280 0.015201 0.076802 0.268941
0 0.974497 0.348920 0.015412 0.078081 0.047426
0 0.299826 0.334401 0.016785 0.106323 0.001501
0 0.301021 0.334966 0.015025 0.104365 0.002473
0 0.972074 0.348865 0.016157 0.078138 0.075858
0 0.974479 0.348513 0.015462 0.081703 0.017986
1 0.286624 0.335976 0.026374 0.031355 0.010987
1 0.309793 0.333027 0.033853 0.066327 0.004070
1 0.310949 0.332145 0.047198 0.057454 0.268941
1 0.311132 0.330984 0.046966 0.056153 0.182426
1 0.645016 0.337032 0.018206 0.039498 0.268941
1 0.680462 0.330613 0.014170 0.031260 0.010987
1 0.168148 0.340119 0.020880 0.023924 0.002473
1 0.242202 0.335687 0.012579 0.018157 0.029312
1 0.258478 0.337719 0.011274 0.014086 0.017986
1 0.284129 0.341597 0.018275 0.030299 0.731059
1 0.311078 0.331953 0.044766 0.057808 0.182426
1 0.310837 0.332067 0.047561 0.057569 0.182426
1 0.376590 0.338901 0.025203 0.036025 0.001501
1 0.379571 0.338201 0.021744 0.031982 0.002473
1 0.644290 0.339095 0.019539 0.039880 0.377541
1 0.680461 0.332417 0.014171 0.030303 0.029312
2 0.309793 0.333027 0.033853 0.066327 0.001501
2 0.310949 0.332145 0.047198 0.057454 0.006693
2 0.311132 0.330984 0.046966 0.056153 0.010987
2 0.680462 0.330613 0.014170 0.031260 0.004070
2 0.688341 0.330378 0.012732 0.030897 0.001501
2 0.311078 0.331953 0.044766 0.057808 0.006693
2 0.310837 0.332067 0.047561 0.057569 0.017986
2 0.680461 0.332417 0.014171 0.030303 0.002473
3 0.594598 0.295398 0.089196 0.137614 0.880797
3 0.594577 0.296372 0.089114 0.134471 0.268941
3 0.596105 0.294987 0.089172 0.136773 0.924142
3 0.595338 0.295216 0.087599 0.137216 0.880797
3 0.595260 0.296264 0.090487 0.134224 0.817575
3 0.311148 0.331214 0.044556 0.059501 0.002473
3 0.311097 0.330105 0.044910 0.058263 0.004070
3 0.595831 0.296368 0.091678 0.134489 0.924142
3 0.595247 0.294529 0.090525 0.135882 0.924142
3 0.595292 0.294520 0.090583 0.135903 0.880797
3 0.309793 0.333027 0.033853 0.066327 0.010987
3 0.310949 0.332145 0.047198 0.057454 0.268941
3 0.311132 0.330984 0.046966 0.056153 0.119203
3 0.595897 0.296203 0.091843 0.134066 0.622459
3 0.595299 0.296129 0.090594 0.133923 0.817575
3 0.595358 0.296118 0.090746 0.133946 0.817575
3 0.645016 0.337032 0.018206 0.039498 0.002473
3 0.680462 0.330613 0.014170 0.031260 0.268941
3 0.688341 0.330378 0.012732 0.030897 0.004070
3 0.311078 0.331953 0.044766 0.057808 0.268941
3 0.310837 0.332067 0.047561 0.057569 0.182426
3 0.680461 0.332417 0.014171 0.030303 0.182426
3 0.688342 0.331981 0.012742 0.028852 0.001501
4 0.376590 0.338901 0.025203 0.036025 0.002473
5 0.645016 0.337032 0.018206 0.039498 0.002473
5 0.379571 0.338201 0.021744 0.031982 0.002473
5 0.644290 0.339095 0.019539 0.039880 0.006693
5 0.680461 0.332417 0.014171 0.030303 0.001501
5 0.963731 0.350464 0.021763 0.065476 0.001501
5 0.961506 0.352581 0.017342 0.066091 0.004070
