0 0.220373 0.319587 0.006239 0.046419 0.017986
0 0.232464 0.321497 0.007083 0.055022 0.002473
0 0.419554 0.315865 0.011202 0.040061 0.001501
0 0.207973 0.324260 0.022044 0.028677 0.001501
0 0.220374 0.325141 0.006234 0.036162 0.075858
0 0.233246 0.329366 0.008569 0.044173 0.017986
0 0.418781 0.325212 0.012679 0.025978 0.004070
0 0.431172 0.321387 0.006944 0.024235 0.002473
0 0.573453 0.320638 0.014034 0.030819 0.001501
0 0.590566 0.323491 0.009379 0.038769 0.001501
0 0.628066 0.322655 0.009383 0.034953 0.002473
0 0.743131 0.333064 0.008223 0.052065 0.004070
0 0.894964 0.333239 0.007029 0.036437 0.017986
0 0.929794 0.329524 0.016089 0.059474 0.001501
0 0.220816 0.328231 0.008732 0.042524 0.029312
0 0.232586 0.333055 0.007307 0.047421 0.006693
0 0.684024 0.332498 0.010330 0.033762 0.004070
0 0.742598 0.333264 0.007163 0.047517 0.001501
0 0.894966 0.333324 0.007038 0.036767 0.017986
0 0.214487 0.341462 0.015332 0.077153 0.001501
1 0.139551 0.342603 0.160282 0.165918 0.924142
1 0.139800 0.342946 0.160463 0.167518 0.924142
1 0.139717 0.342579 0.160357 0.167062 0.924142
1 0.139764 0.342564 0.160515 0.167086 0.924142
1 0.205091 0.325914 0.030080 0.032613 0.006693
1 0.207973 0.324260 0.022044 0.028677 0.182426
1 0.246486 0.334867 0.032226 0.029000 0.002473
1 0.252567 0.335348 0.019975 0.028092 0.006693
1 0.418781 0.325212 0.012679 0.025978 0.119203
1 0.453981 0.316987 0.011301 0.023118 0.004070
1 0.517524 0.319544 0.007040 0.014415 0.001501
1 0.822769 0.333988 0.026347 0.027144 0.731059
1 0.823549 0.333988 0.027925 0.027143 0.731059
1 0.874849 0.330530 0.016826 0.020243 0.001501
1 0.877145 0.331194 0.018181 0.021582 0.002473
1 0.984866 0.330286 0.016780 0.035673 0.001501
1 0.139839 0.343181 0.160541 0.167054 0.924142
1 0.139026 0.342884 0.161081 0.166459 0.924142
1 0.140446 0.343180 0.159154 0.167057 0.880797
1 0.209048 0.332232 0.022531 0.040074 0.006693
1 0.248424 0.335621 0.028347 0.027599 0.010987
1 0.253338 0.336301 0.018381 0.026128 0.029312
1 0.824225 0.334915 0.026538 0.028911 0.817575
1 0.823459 0.334491 0.025051 0.026148 0.817575
1 0.915823 0.336999 0.012613 0.021125 0.006693
1 0.140128 0.342393 0.161117 0.168197 0.880797
1 0.139841 0.342776 0.160542 0.167430 0.952574
1 0.140424 0.343073 0.159199 0.167268 0.924142
2 0.453981 0.316987 0.011301 0.023118 0.004070
2 0.984866 0.330286 0.016780 0.035673 0.001501
2 0.987793 0.332601 0.021489 0.042374 0.001501
3 0.388729 0.304494 0.044499 0.067361 0.880797
3 0.388720 0.306673 0.044493 0.066615 0.880797
3 0.389511 0.305778 0.045994 0.064835 0.880797
3 0.388713 0.306647 0.044521 0.066656 0.880797
3 0.388724 0.305387 0.044496 0.069140 0.880797
3 0.388952 0.305767 0.047114 0.064786 0.880797
3 0.389502 0.305385 0.046012 0.069148 0.817575
3 0.419554 0.315865 0.011202 0.040061 0.002473
3 0.207973 0.324260 0.022044 0.028677 0.001501
3 0.388733 0.305776 0.044494 0.064777 0.817575
3 0.389483 0.306676 0.046026 0.066581 0.817575
3 0.388215 0.305770 0.045559 0.064795 0.622459
3 0.453981 0.316987 0.011301 0.023118 0.006693
4 0.252567 0.335348 0.019975 0.028092 0.001501
4 0.338832 0.328280 0.014490 0.032487 0.001501
4 0.418781 0.325212 0.012679 0.025978 0.004070
4 0.573453 0.320638 0.014034 0.030819 0.002473
4 0.253338 0.336301 0.018381 0.026128 0.002473
4 0.749985 0.335099 0.015527 0.028690 0.001501
4 0.033882 0.342697 0.018269 0.065439 0.001501
5 0.037855 0.340255 0.021856 0.070097 0.001501
5 0.246486 0.334867 0.032226 0.029000 0.001501
5 0.252567 0.335348 0.019975 0.028092 0.010987
5 0.334831 0.328768 0.011943 0.033292 0.002473
5 0.338832 0.328280 0.014490 0.032487 0.004070
5 0.418781 0.325212 0.012679 0.025978 0.029312
5 0.573453 0.320638 0.014034 0.030819 0.001501
5 0.034064 0.341636 0.018452 0.072458 0.001501
5 0.248424 0.335621 0.028347 0.027599 0.002473
5 0.253338 0.336301 0.018381 0.026128 0.010987
5 0.339037 0.330362 0.014019 0.030108 0.001501
5 0.749985 0.335099 0.015527 0.028690 0.004070
5 0.915823 0.336999 0.012613 0.021125 0.001501
5 0.033882 0.342697 0.018269 0.065439 0.001501
