0 0.198698 0.322357 0.014509 0.043779 0.004070
0 0.200698 0.321926 0.015717 0.042937 0.001501
0 0.451234 0.319769 0.014750 0.043602 0.002473
0 0.647169 0.324939 0.008760 0.053356 0.182426
0 0.652363 0.326863 0.015162 0.054804 0.002473
0 0.016503 0.353526 0.014062 0.092548 0.006693
0 0.134201 0.351549 0.012664 0.078381 0.002473
0 0.184598 0.337412 0.011331 0.044947 0.001501
0 0.197747 0.327643 0.011000 0.046641 0.017986
0 0.206178 0.330551 0.012731 0.041392 0.006693
0 0.213364 0.330439 0.012674 0.026333 0.002473
0 0.481938 0.325314 0.008139 0.016104 0.004070
0 0.647348 0.325864 0.008390 0.051527 0.377541
0 0.660165 0.335681 0.014734 0.037045 0.006693
0 0.662740 0.336616 0.013217 0.035184 0.006693
0 0.017956 0.363295 0.014250 0.111879 0.002473
0 0.134203 0.351810 0.012653 0.082948 0.004070
0 0.196731 0.338996 0.013083 0.067200 0.010987
0 0.204402 0.341431 0.013221 0.057378 0.006693
0 0.647174 0.327639 0.008753 0.053077 0.268941
0 0.661081 0.336032 0.014268 0.036352 0.006693
0 0.662960 0.336848 0.012777 0.034747 0.010987
0 0.018056 0.368595 0.017727 0.118358 0.002473
0 0.134743 0.357516 0.011574 0.071579 0.001501
0 0.193482 0.346139 0.019671 0.054825 0.001501
0 0.017166 0.374236 0.020849 0.134135 0.001501
0 0.134783 0.360973 0.011674 0.064737 0.006693
1 0.269620 0.341122 0.104691 0.104286 0.004070
1 0.269203 0.342396 0.103233 0.101710 0.002473
1 0.269533 0.342392 0.105054 0.101704 0.002473
1 0.270245 0.341131 0.106396 0.104232 0.006693
1 0.386922 0.336125 0.057000 0.056909 0.880797
1 0.386945 0.335222 0.056929 0.058724 0.924142
1 0.386258 0.336320 0.055563 0.057305 0.880797
1 0.386273 0.336126 0.055538 0.056949 0.880797
1 0.415829 0.326589 0.012639 0.023264 0.075858
1 0.442075 0.329306 0.028419 0.033694 0.731059
1 0.442263 0.328849 0.028738 0.032797 0.817575
1 0.442124 0.327235 0.031242 0.034707 0.268941
1 0.464068 0.320509 0.011279 0.016080 0.029312
1 0.481938 0.325314 0.008139 0.016104 0.010987
1 0.496145 0.320896 0.007979 0.011757 0.001501
1 0.989285 0.339200 0.021543 0.051782 0.001501
1 0.989596 0.336280 0.020867 0.044067 0.004070
1 0.269289 0.342439 0.103071 0.101682 0.004070
1 0.270121 0.341166 0.106676 0.104199 0.001501
1 0.270526 0.342407 0.105833 0.101744 0.006693
1 0.340732 0.340504 0.037562 0.032557 0.002473
1 0.351888 0.342271 0.018276 0.028993 0.004070
1 0.386802 0.335535 0.054525 0.059409 0.817575
1 0.386795 0.335355 0.054517 0.058983 0.880797
1 0.386260 0.336272 0.055567 0.057191 0.880797
1 0.386806 0.336016 0.054461 0.056781 0.880797
1 0.441839 0.329318 0.030639 0.033864 0.622459
1 0.442388 0.328897 0.028925 0.032889 0.622459
1 0.442119 0.328918 0.031246 0.032886 0.268941
1 0.987780 0.339558 0.021481 0.044887 0.006693
1 0.988790 0.340288 0.019385 0.041734 0.010987
1 0.268966 0.340040 0.103456 0.102016 0.006693
1 0.270225 0.341167 0.106457 0.104254 0.006693
1 0.270227 0.341154 0.106416 0.104286 0.006693
1 0.385496 0.336896 0.054058 0.058572 0.268941
1 0.386240 0.336008 0.055598 0.060351 0.268941
1 0.987881 0.357996 0.024643 0.085567 0.006693
2 0.620474 0.318178 0.047508 0.035440 0.001501
2 0.464068 0.320509 0.011279 0.016080 0.004070
2 0.615381 0.324005 0.012891 0.028645 0.001501
2 0.624346 0.321521 0.028226 0.024167 0.004070
2 0.341275 0.342678 0.036044 0.032760 0.010987
2 0.340732 0.340504 0.037562 0.032557 0.010987
2 0.351888 0.342271 0.018276 0.028993 0.002473
2 0.270227 0.341154 0.106416 0.104286 0.001501
3 0.269620 0.341122 0.104691 0.104286 0.880797
3 0.434583 0.320718 0.020655 0.049233 0.001501
3 0.269203 0.342396 0.103233 0.101710 0.880797
3 0.269533 0.342392 0.105054 0.101704 0.880797
3 0.270245 0.341131 0.106396 0.104232 0.731059
3 0.415829 0.326589 0.012639 0.023264 0.004070
3 0.464068 0.320509 0.011279 0.016080 0.004070
3 0.269289 0.342439 0.103071 0.101682 0.817575
3 0.270121 0.341166 0.106676 0.104199 0.817575
3 0.270526 0.342407 0.105833 0.101744 0.817575
3 0.268966 0.340040 0.103456 0.102016 0.817575
3 0.270225 0.341167 0.106457 0.104254 0.817575
3 0.270227 0.341154 0.106416 0.104286 0.731059
4 0.660165 0.335681 0.014734 0.037045 0.001501
4 0.662740 0.336616 0.013217 0.035184 0.001501
4 0.661081 0.336032 0.014268 0.036352 0.006693
4 0.662960 0.336848 0.012777 0.034747 0.004070
5 0.481938 0.325314 0.008139 0.016104 0.006693
5 0.660165 0.335681 0.014734 0.037045 0.029312
5 0.662740 0.336616 0.013217 0.035184 0.029312
5 0.785722 0.345014 0.015752 0.072662 0.002473
5 0.661081 0.336032 0.014268 0.036352 0.075858
5 0.662960 0.336848 0.012777 0.034747 0.075858
5 0.785547 0.348717 0.018149 0.075129 0.006693
5 0.787038 0.348069 0.020930 0.077207 0.002473
5 0.785674 0.347773 0.018353 0.077536 0.006693
5 0.786416 0.347854 0.019776 0.077461 0.006693
5 0.019034 0.395026 0.038625 0.193476 0.001501
