0 0.795950 0.282420 0.011188 0.048056 0.004070
0 0.606244 0.321845 0.006805 0.032760 0.002473
1 0.529575 0.182450 0.031163 0.023691 0.001501
1 0.529814 0.184343 0.028642 0.022239 0.017986
1 0.530330 0.183683 0.029857 0.020927 0.029312
1 0.575758 0.183456 0.023476 0.028513 0.268941
1 0.576452 0.183332 0.022113 0.028292 0.268941
1 0.574983 0.183868 0.021936 0.029366 0.010987
1 0.575779 0.185932 0.023465 0.025251 0.010987
1 0.357033 0.326613 0.064106 0.060326 0.182426
1 0.358497 0.327717 0.063930 0.062579 0.268941
1 0.357077 0.327732 0.064017 0.062648 0.182426
1 0.359182 0.327739 0.062545 0.062525 0.119203
1 0.358467 0.327743 0.063928 0.062526 0.182426
1 0.357052 0.326629 0.064087 0.060280 0.182426
1 0.358500 0.327739 0.063860 0.062686 0.377541
1 0.399736 0.325441 0.016557 0.016397 0.002473
1 0.400898 0.324013 0.017919 0.013634 0.004070
1 0.428879 0.321656 0.023325 0.018420 0.075858
1 0.429117 0.320365 0.020088 0.020904 0.182426
1 0.449449 0.312694 0.016246 0.036249 0.001501
1 0.479035 0.321641 0.011177 0.018308 0.500000
1 0.493033 0.319590 0.008196 0.014316 0.001501
1 0.060817 0.365415 0.121657 0.203182 0.622459
1 0.060408 0.364807 0.120834 0.201643 0.817575
1 0.060950 0.365117 0.121900 0.198974 0.880797
1 0.358516 0.327759 0.063887 0.062507 0.119203
1 0.358499 0.327771 0.063930 0.062478 0.119203
1 0.358505 0.328678 0.063891 0.064334 0.182426
1 0.061657 0.366035 0.123353 0.204738 0.817575
1 0.061007 0.366641 0.122029 0.201593 0.880797
1 0.061003 0.366901 0.121993 0.197740 0.880797
1 0.060973 0.366205 0.122002 0.196265 0.880797
1 0.061033 0.367289 0.122112 0.198402 0.880797
1 0.061691 0.367896 0.123377 0.199480 0.817575
1 0.061000 0.368228 0.122047 0.195171 0.817575
2 0.023068 0.304951 0.046182 0.080676 0.002473
2 0.030976 0.300362 0.058908 0.069597 0.001501
2 0.358497 0.327717 0.063930 0.062579 0.001501
2 0.357077 0.327732 0.064017 0.062648 0.002473
2 0.449941 0.312476 0.016983 0.032053 0.002473
2 0.357052 0.326629 0.064087 0.060280 0.001501
2 0.358500 0.327739 0.063860 0.062686 0.010987
2 0.429117 0.320365 0.020088 0.020904 0.006693
2 0.449449 0.312694 0.016246 0.036249 0.002473
2 0.479035 0.321641 0.011177 0.018308 0.004070
2 0.585235 0.316835 0.043330 0.027949 0.002473
2 0.358516 0.327759 0.063887 0.062507 0.004070
2 0.358505 0.328678 0.063891 0.064334 0.002473
3 0.575758 0.183456 0.023476 0.028513 0.002473
3 0.576452 0.183332 0.022113 0.028292 0.001501
3 0.357033 0.326613 0.064106 0.060326 0.500000
3 0.358497 0.327717 0.063930 0.062579 0.500000
3 0.357077 0.327732 0.064017 0.062648 0.377541
3 0.449941 0.312476 0.016983 0.032053 0.377541
3 0.449698 0.312477 0.016114 0.032101 0.500000
3 0.359134 0.327892 0.065324 0.062328 0.002473
3 0.359182 0.327739 0.062545 0.062525 0.377541
3 0.358467 0.327743 0.063928 0.062526 0.377541
3 0.357052 0.326629 0.064087 0.060280 0.268941
3 0.358500 0.327739 0.063860 0.062686 0.075858
3 0.429117 0.320365 0.020088 0.020904 0.010987
3 0.449449 0.312694 0.016246 0.036249 0.182426
3 0.450060 0.311267 0.017034 0.034559 0.377541
3 0.479035 0.321641 0.011177 0.018308 0.017986
3 0.358516 0.327759 0.063887 0.062507 0.377541
3 0.358499 0.327771 0.063930 0.062478 0.377541
3 0.358505 0.328678 0.063891 0.064334 0.268941
4 0.265718 0.342114 0.016444 0.029363 0.001501
5 0.855005 0.355387 0.039574 0.095025 0.001501
5 0.855680 0.356562 0.035508 0.093675 0.002473
5 0.853524 0.356594 0.038683 0.092367 0.001501
