0 0.995175 0.324495 0.009788 0.206561 0.001501
0 0.060829 0.349982 0.018839 0.110281 0.017986
0 0.061952 0.341460 0.020744 0.126460 0.006693
0 0.994391 0.340743 0.011295 0.183374 0.004070
0 0.052664 0.357817 0.025308 0.099850 0.004070
0 0.061009 0.355010 0.016280 0.092293 0.075858
0 0.062152 0.354611 0.016190 0.093096 0.029312
0 0.209772 0.346288 0.023192 0.062695 0.010987
0 0.211842 0.343349 0.027096 0.062914 0.001501
0 0.247001 0.337839 0.011380 0.050788 0.017986
0 0.259072 0.336456 0.036893 0.053150 0.001501
0 0.460352 0.314660 0.010115 0.024155 0.001501
0 0.476694 0.319205 0.013700 0.018681 0.001501
0 0.492528 0.317130 0.007046 0.019243 0.001501
0 0.558161 0.319126 0.005752 0.023407 0.006693
0 0.970380 0.330019 0.012750 0.058396 0.002473
0 0.992809 0.349913 0.014428 0.177875 0.004070
0 0.051579 0.360782 0.023150 0.095838 0.006693
0 0.060429 0.360240 0.017848 0.090057 0.119203
0 0.062553 0.358893 0.015377 0.091712 0.047426
0 0.212446 0.352101 0.025167 0.045896 0.001501
0 0.242774 0.340074 0.014765 0.046234 0.010987
0 0.971811 0.331212 0.012955 0.062070 0.001501
0 0.992705 0.354865 0.014627 0.160102 0.002473
0 0.052399 0.362660 0.022052 0.090380 0.006693
0 0.061111 0.360120 0.016504 0.089260 0.075858
0 0.062150 0.361278 0.016193 0.086194 0.029312
0 0.240049 0.345627 0.020012 0.039245 0.001501
0 0.992806 0.359919 0.014434 0.150561 0.001501
0 0.053783 0.364499 0.024818 0.086056 0.010987
0 0.061501 0.362419 0.017284 0.084847 0.119203
0 0.062539 0.362187 0.017012 0.085299 0.017986
0 0.059312 0.364522 0.022545 0.094840 0.004070
1 0.370154 0.322810 0.048941 0.044794 0.001501
1 0.460895 0.313115 0.011219 0.027079 0.002473
1 0.211842 0.343349 0.027096 0.062914 0.001501
1 0.259072 0.336456 0.036893 0.053150 0.002473
1 0.266005 0.336761 0.058328 0.048786 0.002473
1 0.363812 0.331916 0.052943 0.044313 0.029312
1 0.374640 0.330729 0.059151 0.041777 0.182426
1 0.380950 0.330777 0.044306 0.041729 0.731059
1 0.380430 0.330902 0.045173 0.036978 0.731059
1 0.380532 0.329643 0.046988 0.039494 0.731059
1 0.399992 0.328999 0.028619 0.028098 0.004070
1 0.421992 0.326617 0.025076 0.023322 0.017986
1 0.431261 0.322865 0.016257 0.026204 0.017986
1 0.460352 0.314660 0.010115 0.024155 0.004070
1 0.476694 0.319205 0.013700 0.018681 0.006693
1 0.492528 0.317130 0.007046 0.019243 0.002473
1 0.541438 0.316893 0.014434 0.014049 0.001501
1 0.200422 0.352181 0.048561 0.059609 0.001501
1 0.203107 0.351293 0.044293 0.057474 0.004070
1 0.212446 0.352101 0.025167 0.045896 0.017986
1 0.212503 0.356090 0.025273 0.042990 0.004070
1 0.237529 0.348998 0.022666 0.030220 0.002473
1 0.259767 0.336806 0.046719 0.053966 0.002473
1 0.263060 0.337377 0.053096 0.050104 0.001501
1 0.357562 0.332079 0.040315 0.039350 0.029312
1 0.370962 0.330779 0.061746 0.041881 0.119203
1 0.381054 0.330757 0.046097 0.041765 0.731059
1 0.381507 0.332062 0.045073 0.039180 0.731059
1 0.380979 0.332028 0.046169 0.039248 0.731059
1 0.384987 0.332576 0.047803 0.035150 0.006693
1 0.203340 0.356983 0.042773 0.049653 0.006693
1 0.212485 0.356788 0.025116 0.041561 0.075858
1 0.213277 0.357782 0.026700 0.039611 0.029312
2 0.576465 0.142101 0.086324 0.044178 0.001501
2 0.576057 0.143135 0.085757 0.042169 0.004070
2 0.444751 0.311896 0.019368 0.027619 0.002473
2 0.460895 0.313115 0.011219 0.027079 0.017986
2 0.374640 0.330729 0.059151 0.041777 0.002473
2 0.431261 0.322865 0.016257 0.026204 0.006693
2 0.460352 0.314660 0.010115 0.024155 0.017986
3 0.370154 0.322810 0.048941 0.044794 0.004070
3 0.375187 0.323630 0.043617 0.046430 0.004070
3 0.382074 0.324502 0.044465 0.050204 0.004070
3 0.392344 0.322594 0.021660 0.046252 0.004070
3 0.460895 0.313115 0.011219 0.027079 0.075858
3 0.363812 0.331916 0.052943 0.044313 0.004070
3 0.374640 0.330729 0.059151 0.041777 0.006693
3 0.380950 0.330777 0.044306 0.041729 0.002473
3 0.380430 0.330902 0.045173 0.036978 0.004070
3 0.380532 0.329643 0.046988 0.039494 0.006693
3 0.421992 0.326617 0.025076 0.023322 0.001501
3 0.431261 0.322865 0.016257 0.026204 0.010987
3 0.460352 0.314660 0.010115 0.024155 0.119203
3 0.530511 0.315947 0.011289 0.017145 0.002473
3 0.259767 0.336806 0.046719 0.053966 0.001501
3 0.357562 0.332079 0.040315 0.039350 0.002473
3 0.370962 0.330779 0.061746 0.041881 0.002473
3 0.381054 0.330757 0.046097 0.041765 0.004070
3 0.381507 0.332062 0.045073 0.039180 0.006693
3 0.380979 0.332028 0.046169 0.039248 0.004070
4 0.209772 0.346288 0.023192 0.062695 0.002473
4 0.211842 0.343349 0.027096 0.062914 0.002473
4 0.051579 0.360782 0.023150 0.095838 0.001501
4 0.200422 0.352181 0.048561 0.059609 0.002473
4 0.203107 0.351293 0.044293 0.057474 0.002473
4 0.212446 0.352101 0.025167 0.045896 0.017986
4 0.212503 0.356090 0.025273 0.042990 0.017986
4 0.237529 0.348998 0.022666 0.030220 0.002473
4 0.052399 0.362660 0.022052 0.090380 0.001501
4 0.199379 0.355088 0.046334 0.057145 0.004070
4 0.203340 0.356983 0.042773 0.049653 0.004070
4 0.212485 0.356788 0.025116 0.041561 0.017986
4 0.213277 0.357782 0.026700 0.039611 0.017986
4 0.233575 0.352911 0.024182 0.031624 0.001501
5 0.203259 0.348413 0.042933 0.063136 0.002473
5 0.209772 0.346288 0.023192 0.062695 0.017986
5 0.211842 0.343349 0.027096 0.062914 0.029312
5 0.238110 0.337180 0.036930 0.050572 0.002473
5 0.203107 0.351293 0.044293 0.057474 0.002473
5 0.212446 0.352101 0.025167 0.045896 0.047426
5 0.212503 0.356090 0.025273 0.042990 0.029312
5 0.237529 0.348998 0.022666 0.030220 0.001501
5 0.242774 0.340074 0.014765 0.046234 0.002473
5 0.357562 0.332079 0.040315 0.039350 0.001501
5 0.203340 0.356983 0.042773 0.049653 0.001501
5 0.212485 0.356788 0.025116 0.041561 0.029312
5 0.213277 0.357782 0.026700 0.039611 0.017986
