0 0.722878 0.295037 0.018059 0.132254 0.017986
0 0.724045 0.293298 0.017413 0.129215 0.001501
0 0.553163 0.301864 0.023537 0.090802 0.004070
0 0.554882 0.306044 0.023480 0.098941 0.047426
0 0.717069 0.291634 0.028581 0.117282 0.002473
0 0.723171 0.288196 0.018492 0.117798 0.029312
0 0.723386 0.289346 0.018716 0.114621 0.029312
0 0.887084 0.305099 0.014710 0.162715 0.002473
0 0.890622 0.308813 0.018925 0.162393 0.001501
0 0.553974 0.302684 0.023529 0.095909 0.006693
0 0.554667 0.303499 0.021892 0.093782 0.047426
0 0.693800 0.317214 0.012712 0.074020 0.001501
0 0.715807 0.293643 0.023886 0.109238 0.006693
0 0.722940 0.287661 0.018141 0.111273 0.029312
0 0.723366 0.285870 0.018754 0.113006 0.029312
0 0.888078 0.306716 0.016699 0.166558 0.004070
0 0.888879 0.310329 0.016506 0.153949 0.002473
0 0.287867 0.330823 0.021195 0.069945 0.001501
0 0.293747 0.332022 0.009463 0.067556 0.268941
0 0.498151 0.322824 0.015553 0.053069 0.075858
0 0.500850 0.323676 0.012714 0.051312 0.010987
0 0.554539 0.301591 0.024595 0.098070 0.047426
0 0.554173 0.300000 0.022711 0.086707 0.119203
0 0.572261 0.322690 0.011702 0.063405 0.006693
0 0.575131 0.322687 0.014137 0.062899 0.002473
0 0.656927 0.315158 0.008116 0.047060 0.001501
0 0.693752 0.317676 0.009492 0.070504 0.029312
0 0.712855 0.306957 0.017954 0.089284 0.004070
0 0.722294 0.285690 0.020276 0.112814 0.017986
0 0.723761 0.286947 0.019548 0.109293 0.047426
0 0.888007 0.312425 0.018153 0.171764 0.017986
0 0.889176 0.316835 0.018606 0.152921 0.010987
0 0.930482 0.307383 0.011028 0.083813 0.001501
0 0.207701 0.356784 0.015414 0.083487 0.731059
0 0.270217 0.339701 0.009685 0.060906 0.029312
0 0.294514 0.332172 0.010985 0.067565 0.500000
0 0.335347 0.333316 0.010096 0.046801 0.268941
0 0.354227 0.334441 0.008622 0.034336 0.004070
0 0.496610 0.328296 0.015181 0.046712 0.119203
0 0.501870 0.326122 0.009949 0.042811 0.047426
0 0.553988 0.317895 0.023505 0.129940 0.119203
0 0.553586 0.305477 0.023908 0.101288 0.119203
0 0.571047 0.325304 0.011379 0.057829 0.006693
0 0.575818 0.324613 0.015444 0.059504 0.002473
0 0.656267 0.317305 0.006801 0.051495 0.004070
0 0.693745 0.319046 0.012538 0.071364 0.029312
0 0.713265 0.314118 0.017135 0.085764 0.004070
0 0.721240 0.288962 0.021252 0.112843 0.047426
0 0.722545 0.289795 0.020398 0.107146 0.029312
0 0.888409 0.314945 0.017351 0.161766 0.006693
0 0.889177 0.324696 0.018608 0.136943 0.010987
0 0.929778 0.310252 0.009715 0.078329 0.001501
0 0.208464 0.358032 0.013889 0.086031 0.731059
0 0.222225 0.350033 0.014700 0.036386 0.002473
0 0.269522 0.347182 0.011069 0.050613 0.029312
0 0.293738 0.332911 0.012540 0.068136 0.622459
0 0.334674 0.333284 0.008753 0.046927 0.268941
0 0.357686 0.335623 0.009691 0.032184 0.004070
0 0.497919 0.327581 0.015071 0.048139 0.075858
0 0.500284 0.326815 0.013123 0.045197 0.047426
0 0.554148 0.337380 0.025390 0.164210 0.377541
0 0.553530 0.337028 0.026176 0.164373 0.182426
0 0.571703 0.327775 0.012642 0.058039 0.010987
0 0.656234 0.326788 0.006989 0.070090 0.001501
0 0.692959 0.324052 0.011110 0.082697 0.010987
0 0.719976 0.316464 0.024941 0.166068 0.006693
0 0.722400 0.315807 0.020740 0.169198 0.004070
0 0.888005 0.320410 0.018147 0.150961 0.017986
0 0.888101 0.328586 0.018089 0.134691 0.017986
0 0.929794 0.313900 0.009702 0.070978 0.001501
0 0.004809 0.368071 0.009669 0.054452 0.001501
0 0.208465 0.361107 0.013890 0.092129 0.622459
0 0.217904 0.352356 0.014841 0.058276 0.001501
0 0.269438 0.348551 0.008116 0.047847 0.047426
0 0.294513 0.333207 0.010995 0.064744 0.377541
0 0.553595 0.337314 0.026523 0.169012 0.377541
0 0.553537 0.336163 0.026186 0.166678 0.500000
0 0.692242 0.328797 0.015817 0.093270 0.004070
0 0.714655 0.336395 0.023777 0.124372 0.001501
0 0.719298 0.323192 0.028205 0.150698 0.006693
0 0.722630 0.320866 0.024855 0.155194 0.001501
0 0.888002 0.332619 0.018148 0.126429 0.010987
0 0.888649 0.331373 0.017201 0.128949 0.006693
0 0.208470 0.363168 0.013898 0.101427 0.622459
0 0.209677 0.360693 0.019362 0.095750 0.002473
0 0.553299 0.337324 0.028662 0.164110 0.377541
0 0.553298 0.337405 0.028407 0.163939 0.500000
0 0.555635 0.334629 0.033644 0.170208 0.010987
0 0.889349 0.332279 0.018650 0.127203 0.004070
0 0.207690 0.364538 0.015434 0.099168 0.622459
0 0.211413 0.364656 0.019918 0.099381 0.004070
0 0.552912 0.339903 0.027840 0.163627 0.182426
0 0.552961 0.337302 0.027773 0.168640 0.377541
1 0.413793 0.331739 0.041287 0.028946 0.075858
1 0.414530 0.331763 0.040136 0.028943 0.817575
1 0.413807 0.331765 0.039380 0.028944 0.817575
1 0.414183 0.331306 0.040874 0.028072 0.880797
1 0.974298 0.329920 0.051516 0.077352 0.001501
1 0.005589 0.362249 0.008186 0.053682 0.001501
1 0.079213 0.372925 0.133403 0.100811 0.924142
1 0.079206 0.372024 0.133392 0.099003 0.880797
1 0.079126 0.372101 0.133408 0.098883 0.880797
1 0.287196 0.341827 0.022789 0.041468 0.006693
1 0.413791 0.332426 0.041277 0.030278 0.075858
1 0.414354 0.332423 0.040485 0.030269 0.817575
1 0.414273 0.332438 0.040609 0.030244 0.817575
1 0.414868 0.331795 0.042208 0.028922 0.731059
1 0.079246 0.372931 0.133490 0.100801 0.880797
1 0.079227 0.371840 0.133465 0.099377 0.880797
1 0.078826 0.371786 0.132689 0.099448 0.924142
1 0.079240 0.372911 0.133439 0.100777 0.880797
1 0.079224 0.372916 0.133462 0.100777 0.880797
1 0.078456 0.371901 0.135009 0.099233 0.880797
1 0.079910 0.371952 0.131821 0.099304 0.924142
2 0.554539 0.301591 0.024595 0.098070 0.001501
2 0.975334 0.330372 0.049624 0.072666 0.002473
2 0.974854 0.331057 0.050404 0.073961 0.002473
2 0.974385 0.332362 0.048314 0.077474 0.001501
2 0.528855 0.321548 0.011603 0.018551 0.002473
2 0.553988 0.317895 0.023505 0.129940 0.006693
2 0.553586 0.305477 0.023908 0.101288 0.006693
2 0.974788 0.329757 0.047138 0.076917 0.004070
2 0.975708 0.329202 0.048771 0.075327 0.004070
2 0.974879 0.329821 0.050365 0.076553 0.002473
2 0.974298 0.329920 0.051516 0.077352 0.002473
2 0.975708 0.329908 0.048764 0.076796 0.002473
2 0.974822 0.329926 0.050232 0.076690 0.002473
2 0.976888 0.330698 0.046307 0.079509 0.001501
3 0.553988 0.317895 0.023505 0.129940 0.002473
3 0.553586 0.305477 0.023908 0.101288 0.001501
5 0.496610 0.328296 0.015181 0.046712 0.002473
5 0.357686 0.335623 0.009691 0.032184 0.004070
