0 0.899901 0.296921 0.019335 0.141199 0.004070
0 0.900092 0.296175 0.021791 0.140153 0.010987
0 0.844414 0.325394 0.020164 0.143384 0.002473
0 0.899089 0.311730 0.023629 0.170734 0.004070
0 0.901503 0.313568 0.022035 0.174276 0.010987
0 0.995191 0.323342 0.009699 0.165183 0.004070
0 0.767972 0.318967 0.017187 0.106423 0.006693
0 0.821000 0.324137 0.014091 0.113989 0.010987
0 0.844426 0.335929 0.017232 0.125504 0.377541
0 0.848563 0.331318 0.022164 0.127370 0.004070
0 0.898821 0.317717 0.024365 0.182551 0.004070
0 0.900646 0.317705 0.020726 0.187152 0.010987
0 0.995195 0.337347 0.009658 0.179166 0.047426
0 0.243041 0.323202 0.008243 0.050280 0.004070
0 0.768725 0.320190 0.015784 0.104432 0.006693
0 0.821860 0.323242 0.015771 0.115588 0.010987
0 0.840338 0.336543 0.025564 0.112494 0.004070
0 0.843748 0.338296 0.015665 0.120356 0.622459
0 0.848478 0.336741 0.022335 0.123448 0.029312
0 0.886334 0.335595 0.020092 0.142301 0.004070
0 0.896250 0.321741 0.032632 0.190677 0.029312
0 0.899623 0.322942 0.025848 0.197694 0.002473
0 0.994513 0.344911 0.011013 0.179740 0.268941
0 0.243289 0.330668 0.010509 0.046978 0.002473
0 0.768729 0.321605 0.015800 0.106810 0.006693
0 0.822801 0.331549 0.012695 0.092516 0.010987
0 0.838770 0.335247 0.025920 0.110584 0.001501
0 0.843749 0.338699 0.015604 0.119397 0.622459
0 0.847145 0.336130 0.022829 0.119293 0.029312
0 0.885793 0.337408 0.018627 0.132579 0.010987
0 0.896866 0.321858 0.031351 0.185557 0.075858
0 0.898075 0.324462 0.028911 0.196057 0.268941
0 0.993734 0.346227 0.012560 0.177823 0.268941
0 0.767396 0.321537 0.015878 0.107007 0.004070
0 0.822610 0.334940 0.014528 0.087274 0.010987
0 0.837170 0.336776 0.028660 0.110553 0.001501
0 0.843763 0.338027 0.015700 0.115682 0.731059
0 0.847526 0.336503 0.020468 0.118839 0.029312
0 0.885032 0.337234 0.017102 0.134827 0.047426
0 0.898899 0.322927 0.030443 0.187284 0.182426
0 0.899043 0.325388 0.030099 0.198188 0.182426
0 0.990001 0.351618 0.020731 0.155314 0.001501
0 0.994501 0.346934 0.011026 0.175557 0.377541
0 0.768184 0.322865 0.017437 0.104322 0.002473
0 0.822250 0.334895 0.013791 0.088569 0.017986
0 0.837275 0.338698 0.028778 0.113941 0.004070
0 0.844445 0.338059 0.017057 0.115608 0.731059
0 0.847252 0.337505 0.022640 0.116663 0.017986
0 0.885150 0.339331 0.017347 0.133899 0.047426
0 0.898332 0.325042 0.031543 0.191295 0.182426
0 0.899114 0.327932 0.027066 0.198075 0.119203
0 0.994512 0.349038 0.011024 0.171246 0.500000
0 0.824259 0.340624 0.018090 0.101241 0.002473
0 0.839783 0.340193 0.024198 0.111528 0.006693
0 0.843089 0.340581 0.017132 0.115645 0.622459
0 0.848081 0.339406 0.021116 0.113089 0.010987
0 0.884056 0.342175 0.018288 0.126926 0.017986
0 0.898475 0.329007 0.028438 0.199040 0.119203
0 0.898504 0.328053 0.028245 0.203294 0.075858
0 0.989887 0.348904 0.020431 0.171282 0.002473
0 0.994518 0.346519 0.011013 0.176880 0.377541
0 0.044407 0.388324 0.011610 0.068638 0.004070
0 0.884280 0.337218 0.019165 0.150457 0.004070
0 0.898319 0.329295 0.028597 0.206657 0.047426
0 0.899155 0.329249 0.027105 0.206476 0.029312
0 0.989432 0.350834 0.021291 0.163765 0.001501
0 0.993743 0.350272 0.012552 0.165147 0.268941
0 0.897670 0.340207 0.026598 0.185325 0.006693
0 0.898445 0.339506 0.025640 0.186581 0.017986
0 0.989457 0.356624 0.021339 0.153011 0.001501
0 0.993732 0.358523 0.012574 0.153269 0.268941
1 0.995195 0.337347 0.009658 0.179166 0.001501
1 0.089645 0.344451 0.033733 0.054300 0.017986
1 0.091439 0.345766 0.037108 0.056958 0.029312
1 0.092866 0.346125 0.039737 0.057790 0.017986
1 0.154779 0.356558 0.109456 0.078548 0.880797
1 0.155055 0.357456 0.106910 0.076736 0.880797
1 0.154879 0.356525 0.109411 0.078524 0.731059
1 0.428447 0.322928 0.015118 0.026013 0.017986
1 0.446057 0.324171 0.014237 0.023455 0.017986
1 0.467199 0.325602 0.023806 0.031364 0.731059
1 0.466907 0.325605 0.024164 0.031366 0.880797
1 0.481980 0.324191 0.008273 0.018369 0.017986
1 0.492287 0.321564 0.009657 0.018475 0.075858
1 0.008659 0.349682 0.014334 0.042559 0.006693
1 0.015223 0.361283 0.027141 0.060298 0.002473
1 0.048190 0.365200 0.041627 0.065728 0.001501
1 0.089998 0.346528 0.037226 0.058461 0.029312
1 0.091897 0.346668 0.038133 0.058709 0.047426
1 0.094460 0.346470 0.042709 0.058191 0.029312
1 0.156194 0.356572 0.109339 0.078528 0.880797
1 0.155568 0.356200 0.108023 0.074173 0.880797
1 0.155033 0.356577 0.106924 0.078555 0.880797
1 0.210332 0.344591 0.021844 0.032938 0.017986
1 0.225950 0.340435 0.039983 0.027553 0.075858
1 0.226926 0.340423 0.042098 0.027626 0.047426
1 0.228061 0.341077 0.041187 0.026569 0.017986
1 0.243350 0.339605 0.042696 0.030810 0.004070
1 0.009510 0.369325 0.019297 0.057921 0.004070
1 0.012805 0.371311 0.028162 0.059122 0.004070
1 0.050085 0.373664 0.047532 0.049615 0.010987
1 0.053076 0.373846 0.044189 0.049223 0.017986
1 0.053762 0.373791 0.043680 0.049283 0.029312
1 0.055270 0.374733 0.046317 0.047388 0.006693
1 0.089823 0.347790 0.038032 0.059235 0.010987
1 0.092597 0.348366 0.040165 0.061817 0.029312
1 0.093191 0.347216 0.043243 0.064138 0.029312
1 0.156235 0.356594 0.109356 0.078500 0.880797
1 0.156249 0.356587 0.109394 0.078518 0.880797
1 0.155044 0.357479 0.106946 0.076739 0.817575
1 0.199859 0.350718 0.022425 0.036299 0.002473
1 0.011650 0.390011 0.023332 0.025327 0.119203
1 0.012538 0.390592 0.025086 0.026644 0.075858
1 0.051124 0.375860 0.046985 0.049923 0.006693
1 0.052641 0.374878 0.046202 0.047150 0.017986
1 0.053156 0.376064 0.044931 0.049237 0.006693
1 0.056192 0.374689 0.046201 0.047501 0.004070
1 0.074426 0.366957 0.034887 0.067924 0.002473
1 0.092085 0.359969 0.034836 0.066881 0.010987
1 0.155576 0.356583 0.108034 0.078545 0.880797
1 0.011678 0.393382 0.023440 0.032537 0.004070
1 0.341231 0.286818 0.158488 0.200082 0.001170
1 0.341438 0.288419 0.157933 0.200531 0.005220
1 0.341417 0.288800 0.158182 0.199272 0.001170
1 0.341758 0.289528 0.157501 0.201196 0.001501
1 0.340715 0.289767 0.156866 0.202642 0.001501
2 0.538126 0.296539 0.082092 0.125123 0.880797
2 0.538267 0.296532 0.079653 0.125127 0.817575
2 0.538776 0.297413 0.080647 0.126834 0.817575
2 0.537557 0.297416 0.080906 0.126830 0.880797
2 0.538218 0.297461 0.079608 0.126895 0.731059
2 0.492255 0.315396 0.009737 0.035780 0.017986
2 0.538091 0.296508 0.082019 0.125035 0.880797
2 0.538219 0.296503 0.079572 0.125047 0.880797
2 0.538224 0.297467 0.079577 0.123280 0.817575
2 0.089645 0.344451 0.033733 0.054300 0.001501
2 0.091439 0.345766 0.037108 0.056958 0.001501
2 0.428447 0.322928 0.015118 0.026013 0.001501
2 0.446057 0.324171 0.014237 0.023455 0.001501
2 0.481980 0.324191 0.008273 0.018369 0.002473
2 0.492287 0.321564 0.009657 0.018475 0.047426
2 0.538763 0.298319 0.080676 0.124992 0.817575
2 0.538087 0.297434 0.082026 0.123157 0.817575
2 0.089998 0.346528 0.037226 0.058461 0.001501
2 0.091897 0.346668 0.038133 0.058709 0.002473
2 0.009510 0.369325 0.019297 0.057921 0.004070
2 0.053762 0.373791 0.043680 0.049283 0.001501
2 0.092597 0.348366 0.040165 0.061817 0.001501
2 0.093191 0.347216 0.043243 0.064138 0.001501
2 0.056192 0.374689 0.046201 0.047501 0.001501
2 0.341231 0.286818 0.158488 0.200082 0.001501
2 0.341438 0.288419 0.157933 0.200531 0.001927
2 0.341758 0.289528 0.157501 0.201196 0.001170
3 0.258652 0.305087 0.018584 0.076281 0.001501
3 0.340919 0.291650 0.156841 0.198660 0.880797
3 0.340921 0.291621 0.159986 0.203121 0.047426
3 0.340805 0.287915 0.156614 0.206168 0.010987
3 0.341287 0.289209 0.157655 0.203580 0.817575
3 0.085769 0.340052 0.042138 0.050155 0.004070
3 0.089645 0.344451 0.033733 0.054300 0.017986
3 0.091439 0.345766 0.037108 0.056958 0.029312
3 0.092866 0.346125 0.039737 0.057790 0.017986
3 0.428447 0.322928 0.015118 0.026013 0.001501
3 0.492287 0.321564 0.009657 0.018475 0.004070
3 0.081804 0.352065 0.050279 0.064848 0.002473
3 0.089998 0.346528 0.037226 0.058461 0.010987
3 0.091897 0.346668 0.038133 0.058709 0.017986
3 0.094460 0.346470 0.042709 0.058191 0.017986
3 0.009510 0.369325 0.019297 0.057921 0.001501
3 0.050085 0.373664 0.047532 0.049615 0.001501
3 0.053076 0.373846 0.044189 0.049223 0.002473
3 0.053762 0.373791 0.043680 0.049283 0.006693
3 0.055270 0.374733 0.046317 0.047388 0.001501
3 0.089823 0.347790 0.038032 0.059235 0.004070
3 0.092597 0.348366 0.040165 0.061817 0.017986
3 0.093191 0.347216 0.043243 0.064138 0.010987
3 0.051124 0.375860 0.046985 0.049923 0.002473
3 0.052641 0.374878 0.046202 0.047150 0.004070
3 0.053156 0.376064 0.044931 0.049237 0.002473
3 0.056192 0.374689 0.046201 0.047501 0.001501
3 0.092085 0.359969 0.034836 0.066881 0.001501
3 0.341231 0.286818 0.158488 0.200082 0.904651
3 0.341351 0.287686 0.158317 0.201701 0.622459
3 0.341438 0.288419 0.157933 0.200531 0.924142
3 0.341484 0.289244 0.157982 0.201258 0.924142
3 0.341417 0.288800 0.158182 0.199272 0.924142
3 0.341758 0.289528 0.157501 0.201196 0.731059
3 0.341216 0.289086 0.158130 0.202195 0.731059
3 0.340715 0.289767 0.156866 0.202642 0.939913
3 0.341389 0.289229 0.158219 0.201548 0.777300
3 0.341503 0.289733 0.158387 0.201679 0.010987
4 0.822610 0.334940 0.014528 0.087274 0.001501
4 0.994512 0.349038 0.011024 0.171246 0.001501
4 0.994518 0.346519 0.011013 0.176880 0.001501
4 0.993743 0.350272 0.012552 0.165147 0.004070
4 0.993732 0.358523 0.012574 0.153269 0.004070
5 0.994513 0.344911 0.011013 0.179740 0.001501
5 0.768729 0.321605 0.015800 0.106810 0.006693
5 0.885793 0.337408 0.018627 0.132579 0.006693
5 0.993734 0.346227 0.012560 0.177823 0.001501
5 0.210332 0.344591 0.021844 0.032938 0.002473
5 0.767396 0.321537 0.015878 0.107007 0.002473
5 0.885032 0.337234 0.017102 0.134827 0.017986
5 0.994501 0.346934 0.011026 0.175557 0.001501
5 0.768184 0.322865 0.017437 0.104322 0.006693
5 0.885150 0.339331 0.017347 0.133899 0.001501
5 0.994512 0.349038 0.011024 0.171246 0.001501
