0 0.783615 0.332304 0.007851 0.068221 0.006693
0 0.897003 0.319894 0.009498 0.087418 0.002473
0 0.903760 0.312257 0.011732 0.077962 0.001501
0 0.006472 0.351789 0.012993 0.086288 0.001501
0 0.218740 0.337129 0.006811 0.039959 0.002473
0 0.633152 0.329829 0.005714 0.048396 0.001501
0 0.784664 0.332866 0.008757 0.061680 0.010987
0 0.005963 0.362301 0.011955 0.071391 0.001501
0 0.219427 0.340107 0.008115 0.034822 0.006693
0 0.783454 0.333445 0.011227 0.063941 0.017986
0 0.219405 0.346607 0.008214 0.047820 0.001501
0 0.783346 0.346090 0.014229 0.090056 0.001501
1 0.408492 0.339263 0.095074 0.113163 0.924142
1 0.006472 0.351789 0.012993 0.086288 0.006693
1 0.258990 0.327619 0.029376 0.017106 0.001501
1 0.354238 0.329309 0.019871 0.017933 0.006693
1 0.409187 0.339260 0.093392 0.113140 0.924142
1 0.408494 0.340561 0.095056 0.115632 0.924142
1 0.408251 0.339276 0.094556 0.113063 0.880797
1 0.489742 0.325609 0.023715 0.031361 0.817575
1 0.489722 0.325610 0.023657 0.031348 0.817575
1 0.506262 0.324034 0.009597 0.013522 0.047426
1 0.517970 0.324191 0.011084 0.018315 0.268941
1 0.532820 0.325467 0.022631 0.020872 0.817575
1 0.533079 0.326596 0.023277 0.023171 0.377541
1 0.571305 0.321627 0.017775 0.018396 0.017986
1 0.005963 0.362301 0.011955 0.071391 0.010987
1 0.018158 0.365365 0.039304 0.061769 0.029312
1 0.038880 0.364371 0.068861 0.059896 0.002473
1 0.409299 0.339288 0.093620 0.113085 0.880797
1 0.407703 0.339741 0.096185 0.112185 0.924142
1 0.408197 0.339673 0.094489 0.112345 0.924142
1 0.017895 0.375945 0.035809 0.045110 0.182426
1 0.017997 0.376159 0.035966 0.044532 0.377541
1 0.018160 0.376234 0.036562 0.044393 0.268941
1 0.039577 0.373466 0.052093 0.039744 0.047426
1 0.051397 0.371967 0.052829 0.042741 0.006693
1 0.071481 0.365521 0.050926 0.051071 0.001501
1 0.408423 0.338017 0.094922 0.110542 0.880797
1 0.408248 0.338035 0.094559 0.110512 0.924142
1 0.409010 0.338444 0.093036 0.109699 0.924142
1 0.017975 0.377392 0.035982 0.042214 0.377541
1 0.017992 0.376229 0.035956 0.044445 0.500000
1 0.017969 0.377468 0.036072 0.042000 0.500000
1 0.047774 0.381279 0.033998 0.029219 0.119203
1 0.051027 0.380254 0.032260 0.026143 0.075858
1 0.064341 0.372820 0.050326 0.041020 0.006693
1 0.077622 0.370469 0.041862 0.041165 0.001501
1 0.087221 0.369923 0.029888 0.038671 0.001501
1 0.015916 0.381850 0.031967 0.061328 0.004070
1 0.017372 0.382962 0.034665 0.059340 0.002473
2 0.313283 0.318196 0.073626 0.048128 0.029312
2 0.310902 0.318042 0.068573 0.047706 0.622459
2 0.311630 0.317849 0.067075 0.047312 0.500000
2 0.311500 0.317148 0.068820 0.045896 0.622459
2 0.311384 0.318941 0.069083 0.044941 0.377541
2 0.313365 0.318316 0.065430 0.043697 0.182426
2 0.006472 0.351789 0.012993 0.086288 0.006693
2 0.257786 0.328706 0.028365 0.019235 0.002473
2 0.258990 0.327619 0.029376 0.017106 0.002473
2 0.311013 0.320351 0.069159 0.047379 0.001501
2 0.311403 0.316665 0.069141 0.050090 0.622459
2 0.311292 0.319005 0.069095 0.045122 0.731059
2 0.311473 0.318957 0.068997 0.045006 0.622459
2 0.311476 0.318933 0.068913 0.044895 0.622459
2 0.314443 0.319426 0.065666 0.045836 0.182426
2 0.506262 0.324034 0.009597 0.013522 0.002473
2 0.571305 0.321627 0.017775 0.018396 0.001501
2 0.005963 0.362301 0.011955 0.071391 0.010987
2 0.018158 0.365365 0.039304 0.061769 0.004070
2 0.038880 0.364371 0.068861 0.059896 0.002473
2 0.044137 0.362496 0.069043 0.059677 0.001501
2 0.057304 0.364275 0.075981 0.057705 0.001501
2 0.063489 0.361832 0.067846 0.057853 0.001501
2 0.312833 0.321194 0.059842 0.053182 0.001501
2 0.311505 0.320897 0.061039 0.053556 0.006693
2 0.067312 0.366947 0.058541 0.052719 0.001501
3 0.006472 0.351789 0.012993 0.086288 0.001501
3 0.506262 0.324034 0.009597 0.013522 0.004070
3 0.571305 0.321627 0.017775 0.018396 0.017986
3 0.005963 0.362301 0.011955 0.071391 0.004070
3 0.018158 0.365365 0.039304 0.061769 0.006693
3 0.017997 0.376159 0.035966 0.044532 0.002473
3 0.067312 0.366947 0.058541 0.052719 0.001501
3 0.017992 0.376229 0.035956 0.044445 0.006693
3 0.017969 0.377468 0.036072 0.042000 0.002473
5 0.642217 0.334649 0.015728 0.044568 0.002473
5 0.018158 0.365365 0.039304 0.061769 0.001501
5 0.583849 0.339648 0.018091 0.041235 0.004070
5 0.642456 0.338091 0.018671 0.046013 0.006693
