0 0.980578 0.318048 0.014526 0.113376 0.004070
0 0.991229 0.319191 0.014490 0.112488 0.002473
0 0.978358 0.318839 0.012564 0.107448 0.002473
0 0.994396 0.315834 0.011255 0.108098 0.001501
0 0.091765 0.338383 0.008551 0.046775 0.002473
0 0.106247 0.340261 0.009463 0.046008 0.002473
0 0.795703 0.337005 0.017574 0.043991 0.006693
0 0.797695 0.336995 0.024146 0.044208 0.001501
0 0.978490 0.323953 0.010108 0.112594 0.004070
0 0.994314 0.324017 0.011436 0.103779 0.002473
0 0.006936 0.346770 0.008099 0.032284 0.006693
0 0.091785 0.340156 0.008617 0.044930 0.004070
0 0.107000 0.343179 0.011064 0.050247 0.004070
0 0.793712 0.337176 0.017550 0.039245 0.010987
0 0.800612 0.337276 0.018062 0.039163 0.004070
0 0.979022 0.325113 0.011217 0.111205 0.002473
0 0.994181 0.324385 0.011743 0.103657 0.002473
0 0.106225 0.348527 0.009599 0.053509 0.001501
0 0.979630 0.329187 0.012755 0.104989 0.002473
0 0.980672 0.330476 0.015370 0.121292 0.002473
1 0.553527 0.338879 0.103825 0.104177 0.924142
1 0.289163 0.334808 0.042791 0.029025 0.010987
1 0.289852 0.334883 0.039517 0.028959 0.731059
1 0.289790 0.334439 0.039532 0.026236 0.731059
1 0.290172 0.335332 0.041648 0.028072 0.731059
1 0.553903 0.341126 0.101980 0.104184 0.924142
1 0.553460 0.340045 0.103786 0.101896 0.924142
1 0.553642 0.340038 0.104199 0.101873 0.880797
1 0.672722 0.329604 0.070455 0.043978 0.731059
1 0.672984 0.329624 0.070972 0.044000 0.880797
1 0.672187 0.329639 0.072470 0.043991 0.817575
1 0.672981 0.329634 0.070975 0.044001 0.817575
1 0.672998 0.329651 0.070942 0.043994 0.817575
1 0.674874 0.330761 0.069534 0.041783 0.017986
1 0.752498 0.330624 0.038015 0.031180 0.731059
1 0.752582 0.330634 0.038248 0.031200 0.731059
1 0.754390 0.330613 0.042368 0.031190 0.377541
1 0.769309 0.334400 0.040774 0.034366 0.029312
1 0.795703 0.337005 0.017574 0.043991 0.004070
1 0.797695 0.336995 0.024146 0.044208 0.001501
1 0.289249 0.336577 0.042938 0.030195 0.029312
1 0.289878 0.335370 0.039461 0.027995 0.817575
1 0.289537 0.335378 0.040128 0.027975 0.880797
1 0.290233 0.335382 0.041496 0.027969 0.817575
1 0.553488 0.339140 0.103898 0.100117 0.880797
1 0.552701 0.339139 0.105369 0.100104 0.924142
1 0.553448 0.340052 0.103812 0.101910 0.924142
1 0.673287 0.329601 0.071585 0.044072 0.622459
1 0.672964 0.329615 0.070937 0.044025 0.817575
1 0.672953 0.329639 0.070931 0.043974 0.817575
1 0.672995 0.330769 0.070995 0.041708 0.817575
1 0.672959 0.329643 0.070919 0.043965 0.817575
1 0.673303 0.330760 0.070529 0.041808 0.182426
1 0.749191 0.332772 0.037877 0.027311 0.001501
1 0.752471 0.331772 0.037962 0.028984 0.500000
1 0.753292 0.331324 0.039669 0.028028 0.622459
1 0.755280 0.331803 0.041261 0.028935 0.268941
1 0.772021 0.334771 0.040249 0.034071 0.029312
1 0.793712 0.337176 0.017550 0.039245 0.001501
1 0.553607 0.340035 0.104119 0.101988 0.880797
1 0.553644 0.338921 0.104194 0.104193 0.924142
1 0.554147 0.338022 0.102478 0.102397 0.924142
2 0.468639 0.317653 0.023527 0.015541 0.004070
3 0.769309 0.334400 0.040774 0.034366 0.001501
4 0.772021 0.334771 0.040249 0.034071 0.006693
4 0.793712 0.337176 0.017550 0.039245 0.004070
4 0.800612 0.337276 0.018062 0.039163 0.001501
4 0.132110 0.358494 0.017415 0.033121 0.001501
4 0.763040 0.343109 0.027459 0.056748 0.002473
5 0.769309 0.334400 0.040774 0.034366 0.002473
5 0.795703 0.337005 0.017574 0.043991 0.010987
5 0.797695 0.336995 0.024146 0.044208 0.004070
5 0.994314 0.324017 0.011436 0.103779 0.001501
5 0.772021 0.334771 0.040249 0.034071 0.004070
5 0.793712 0.337176 0.017550 0.039245 0.010987
5 0.800612 0.337276 0.018062 0.039163 0.006693
5 0.132110 0.358494 0.017415 0.033121 0.002473
5 0.754912 0.342719 0.031668 0.055993 0.002473
5 0.763040 0.343109 0.027459 0.056748 0.010987
5 0.777604 0.344558 0.023377 0.058452 0.001501
