0 0.814877 0.335103 0.010734 0.077508 0.006693
0 0.814917 0.346325 0.010649 0.063143 0.017986
0 0.730268 0.332276 0.029824 0.034841 0.002473
0 0.815990 0.349600 0.010101 0.064335 0.017986
0 0.724373 0.341707 0.020929 0.064113 0.001501
0 0.815994 0.348609 0.010151 0.066585 0.029312
1 0.334449 0.327340 0.016388 0.012052 0.004070
1 0.349029 0.326885 0.015409 0.012988 0.010987
1 0.352273 0.326203 0.018251 0.014337 0.002473
1 0.387837 0.323802 0.041165 0.032357 0.731059
1 0.388057 0.322912 0.043044 0.034108 0.880797
1 0.387519 0.323806 0.041884 0.032320 0.880797
1 0.387975 0.324478 0.041121 0.033654 0.817575
1 0.673395 0.325379 0.056385 0.041696 0.880797
1 0.673748 0.326038 0.055597 0.043010 0.880797
1 0.673365 0.325386 0.056353 0.041709 0.880797
1 0.673367 0.325378 0.056388 0.041723 0.880797
1 0.706257 0.325709 0.016370 0.031676 0.182426
1 0.730588 0.329526 0.028280 0.029091 0.268941
1 0.730489 0.328717 0.030125 0.032518 0.268941
1 0.731300 0.329114 0.031734 0.033415 0.075858
1 0.120872 0.351726 0.024801 0.020976 0.622459
1 0.122750 0.351045 0.026755 0.022251 0.500000
1 0.131958 0.348328 0.028195 0.025049 0.119203
1 0.184680 0.342465 0.019740 0.023441 0.017986
1 0.189025 0.341186 0.016370 0.020888 0.010987
1 0.214981 0.340035 0.031014 0.023230 0.029312
1 0.215498 0.340028 0.031612 0.023217 0.029312
1 0.221379 0.337060 0.026634 0.021020 0.010987
1 0.673790 0.325378 0.055594 0.041727 0.817575
1 0.673356 0.326694 0.056396 0.041720 0.817575
1 0.673366 0.326045 0.056350 0.043019 0.880797
1 0.673359 0.326048 0.056385 0.043030 0.817575
1 0.705238 0.328610 0.019910 0.032419 0.004070
1 0.730268 0.332276 0.029824 0.034841 0.047426
1 0.731025 0.332214 0.029042 0.034504 0.075858
1 0.731399 0.330099 0.031611 0.035234 0.047426
1 0.081130 0.336296 0.059526 0.064200 0.001501
1 0.121293 0.352627 0.023881 0.025417 0.001501
1 0.120898 0.352753 0.025310 0.025153 0.004070
2 0.079155 0.336993 0.058602 0.062551 0.001501
2 0.079768 0.337081 0.059614 0.062513 0.880797
2 0.079011 0.336403 0.061199 0.061234 0.817575
2 0.078473 0.336371 0.060097 0.061311 0.817575
2 0.079845 0.336385 0.059557 0.061240 0.004070
2 0.078926 0.336263 0.061160 0.064144 0.268941
2 0.080530 0.336428 0.058094 0.061265 0.817575
2 0.079756 0.336405 0.059710 0.061326 0.817575
2 0.079779 0.336435 0.059637 0.061281 0.817575
2 0.079715 0.337915 0.062542 0.060954 0.500000
2 0.081130 0.336296 0.059526 0.064200 0.622459
2 0.079782 0.336297 0.059675 0.061549 0.817575
2 0.078949 0.335639 0.061215 0.062873 0.731059
3 0.706257 0.325709 0.016370 0.031676 0.002473
3 0.078926 0.336263 0.061160 0.064144 0.006693
3 0.080530 0.336428 0.058094 0.061265 0.004070
3 0.079715 0.337915 0.062542 0.060954 0.001501
3 0.120872 0.351726 0.024801 0.020976 0.002473
3 0.122750 0.351045 0.026755 0.022251 0.002473
3 0.131958 0.348328 0.028195 0.025049 0.010987
3 0.081130 0.336296 0.059526 0.064200 0.010987
3 0.079782 0.336297 0.059675 0.061549 0.001501
4 0.730588 0.329526 0.028280 0.029091 0.002473
4 0.730489 0.328717 0.030125 0.032518 0.002473
4 0.730268 0.332276 0.029824 0.034841 0.017986
4 0.731025 0.332214 0.029042 0.034504 0.017986
4 0.731399 0.330099 0.031611 0.035234 0.006693
4 0.724373 0.341707 0.020929 0.064113 0.006693
4 0.729656 0.342580 0.026032 0.063165 0.002473
5 0.706257 0.325709 0.016370 0.031676 0.006693
5 0.730588 0.329526 0.028280 0.029091 0.006693
5 0.730489 0.328717 0.030125 0.032518 0.006693
5 0.731300 0.329114 0.031734 0.033415 0.002473
5 0.730268 0.332276 0.029824 0.034841 0.017986
5 0.731025 0.332214 0.029042 0.034504 0.017986
5 0.731399 0.330099 0.031611 0.035234 0.006693
5 0.815990 0.349600 0.010101 0.064335 0.001501
5 0.724373 0.341707 0.020929 0.064113 0.002473
5 0.729656 0.342580 0.026032 0.063165 0.002473
5 0.812099 0.348470 0.016390 0.066735 0.004070
5 0.815994 0.348609 0.010151 0.066585 0.006693
