0 0.007027 0.334070 0.014083 0.091306 0.002473
0 0.085156 0.316754 0.012427 0.057299 0.002473
0 0.089156 0.307884 0.015973 0.038082 0.004070
0 0.006262 0.337367 0.012542 0.094083 0.004070
0 0.082944 0.320698 0.012934 0.057100 0.001501
0 0.771064 0.326287 0.011446 0.032990 0.004070
0 0.007018 0.342212 0.014045 0.082678 0.017986
0 0.770463 0.332024 0.012991 0.045102 0.001501
0 0.007012 0.349130 0.014052 0.076113 0.017986
0 0.007016 0.361515 0.014128 0.091904 0.004070
1 0.007044 0.325892 0.011146 0.120295 0.001501
1 0.007027 0.334070 0.014083 0.091306 0.006693
1 0.006262 0.337367 0.012542 0.094083 0.002473
1 0.143837 0.349055 0.134305 0.109691 0.880797
1 0.143791 0.349053 0.134362 0.109690 0.880797
1 0.359199 0.333326 0.043429 0.041714 0.880797
1 0.359192 0.334589 0.043413 0.044279 0.880797
1 0.358627 0.334603 0.045374 0.044259 0.880797
1 0.408463 0.332044 0.063975 0.039151 0.817575
1 0.407780 0.332053 0.062526 0.039143 0.817575
1 0.407793 0.332051 0.062522 0.039154 0.880797
1 0.407029 0.332051 0.060959 0.039178 0.880797
1 0.408476 0.332047 0.063835 0.039202 0.924142
1 0.468789 0.318934 0.015919 0.012971 0.006693
1 0.535562 0.318945 0.015508 0.013002 0.001501
1 0.537987 0.318476 0.016155 0.012137 0.002473
1 0.642209 0.320792 0.009871 0.011919 0.001501
1 0.693086 0.324932 0.041972 0.042609 0.880797
1 0.693068 0.324921 0.041969 0.042634 0.880797
1 0.693065 0.326032 0.041970 0.043064 0.924142
1 0.771064 0.326287 0.011446 0.032990 0.002473
1 0.007018 0.342212 0.014045 0.082678 0.001501
1 0.143784 0.348381 0.134389 0.108300 0.817575
1 0.143774 0.348378 0.134396 0.108314 0.880797
1 0.142980 0.347544 0.135972 0.106629 0.880797
1 0.359197 0.334582 0.043448 0.044300 0.817575
1 0.359957 0.333332 0.041877 0.041707 0.880797
1 0.359397 0.335729 0.043832 0.046529 0.880797
1 0.408465 0.332044 0.061192 0.039182 0.731059
1 0.408465 0.333326 0.061156 0.041712 0.817575
1 0.407789 0.333326 0.062513 0.041695 0.880797
1 0.407790 0.333325 0.062496 0.041711 0.817575
1 0.407805 0.332039 0.062467 0.039230 0.880797
1 0.693765 0.325992 0.043330 0.043134 0.880797
1 0.693745 0.326894 0.043320 0.044933 0.880797
1 0.693071 0.325357 0.041984 0.041765 0.880797
1 0.007012 0.349130 0.014052 0.076113 0.004070
1 0.143806 0.347082 0.134332 0.110856 0.880797
1 0.144536 0.348375 0.135909 0.108339 0.924142
1 0.142980 0.348386 0.135983 0.108323 0.880797
1 0.007016 0.361515 0.014128 0.091904 0.002473
1 0.143839 0.348458 0.134307 0.108368 0.924142
1 0.144465 0.350222 0.132982 0.107372 0.880797
2 0.007044 0.325892 0.011146 0.120295 0.017986
2 0.007027 0.334070 0.014083 0.091306 0.047426
2 0.006262 0.337367 0.012542 0.094083 0.010987
2 0.007018 0.342212 0.014045 0.082678 0.001501
2 0.007012 0.349130 0.014052 0.076113 0.001501
3 0.007044 0.325892 0.011146 0.120295 0.004070
3 0.007027 0.334070 0.014083 0.091306 0.004070
4 0.248621 0.339791 0.014457 0.050440 0.002473
4 0.254284 0.338498 0.019708 0.052468 0.004070
4 0.235447 0.349060 0.011462 0.028385 0.004070
4 0.250376 0.348719 0.017858 0.032713 0.119203
4 0.253644 0.347053 0.021075 0.036197 0.182426
4 0.770463 0.332024 0.012991 0.045102 0.002473
4 0.007012 0.349130 0.014052 0.076113 0.004070
4 0.236533 0.350885 0.013691 0.032844 0.002473
4 0.250550 0.348021 0.020388 0.036356 0.047426
4 0.253480 0.347965 0.021401 0.036553 0.119203
4 0.256846 0.349380 0.026961 0.036313 0.001501
4 0.007016 0.361515 0.014128 0.091904 0.001501
5 0.248621 0.339791 0.014457 0.050440 0.006693
5 0.254284 0.338498 0.019708 0.052468 0.010987
5 0.771064 0.326287 0.011446 0.032990 0.006693
5 0.250376 0.348719 0.017858 0.032713 0.006693
5 0.253644 0.347053 0.021075 0.036197 0.029312
5 0.770463 0.332024 0.012991 0.045102 0.006693
5 0.007012 0.349130 0.014052 0.076113 0.002473
5 0.250550 0.348021 0.020388 0.036356 0.001501
5 0.253480 0.347965 0.021401 0.036553 0.002473
