0 0.208065 0.341300 0.010617 0.049361 0.001501
0 0.105019 0.349639 0.007043 0.043498 0.002473
0 0.166790 0.349025 0.013449 0.031693 0.004070
0 0.167223 0.351581 0.012742 0.042283 0.004070
1 0.301457 0.334437 0.097088 0.075940 0.924142
1 0.300794 0.333303 0.098413 0.073678 0.924142
1 0.057644 0.350769 0.096491 0.076631 0.880797
1 0.057051 0.351704 0.097240 0.078479 0.880797
1 0.057783 0.350775 0.096960 0.076619 0.817575
1 0.302208 0.333324 0.098637 0.070087 0.029312
1 0.300774 0.333326 0.098470 0.070089 0.924142
1 0.300781 0.333328 0.098452 0.070084 0.924142
1 0.301466 0.333320 0.097080 0.070080 0.880797
1 0.360597 0.333247 0.044042 0.032208 0.047426
1 0.365222 0.334234 0.036544 0.030262 0.817575
1 0.365130 0.333334 0.036725 0.028461 0.817575
1 0.364482 0.333330 0.038128 0.028487 0.817575
1 0.392743 0.326898 0.018532 0.013016 0.002473
1 0.421013 0.326197 0.011530 0.014312 0.001501
1 0.438465 0.328608 0.026959 0.027295 0.268941
1 0.450031 0.326384 0.046547 0.033000 0.182426
1 0.457553 0.327356 0.031895 0.029796 0.731059
1 0.457969 0.327359 0.034126 0.029800 0.731059
1 0.552911 0.329953 0.044083 0.048505 0.075858
1 0.553353 0.329996 0.043309 0.048353 0.880797
1 0.553195 0.329999 0.043617 0.048355 0.880797
1 0.553197 0.330913 0.043621 0.046560 0.924142
1 0.604016 0.324033 0.014123 0.013548 0.001501
1 0.004857 0.350832 0.009805 0.054538 0.017986
1 0.057571 0.352061 0.096187 0.074074 0.880797
1 0.057049 0.352104 0.097236 0.074141 0.924142
1 0.057149 0.352094 0.097472 0.074102 0.880797
1 0.158344 0.347425 0.033936 0.028425 0.001501
1 0.158367 0.347418 0.030560 0.028301 0.004070
1 0.217550 0.347032 0.036778 0.037598 0.006693
1 0.217874 0.346814 0.036298 0.041715 0.001501
1 0.300762 0.333343 0.098462 0.073691 0.002473
1 0.301448 0.334237 0.097116 0.071894 0.880797
1 0.300779 0.333338 0.098454 0.070097 0.880797
1 0.301457 0.334245 0.097092 0.071914 0.924142
1 0.361110 0.333398 0.045263 0.032379 0.075858
1 0.365190 0.333331 0.036635 0.032059 0.817575
1 0.365314 0.334230 0.034824 0.030261 0.817575
1 0.365130 0.334215 0.036809 0.030307 0.817575
1 0.437909 0.328302 0.022775 0.032065 0.002473
1 0.451467 0.328378 0.042926 0.032032 0.010987
1 0.552830 0.329858 0.044353 0.048698 0.047426
1 0.553352 0.329988 0.043308 0.048376 0.880797
1 0.553308 0.330013 0.043389 0.048324 0.880797
1 0.553356 0.330005 0.043304 0.048379 0.880797
1 0.004259 0.358145 0.008584 0.044067 0.010987
1 0.057579 0.353033 0.096169 0.075970 0.880797
1 0.057741 0.352131 0.096569 0.074175 0.924142
1 0.057005 0.352129 0.097334 0.074170 0.880797
1 0.158636 0.352002 0.030232 0.037675 0.001501
1 0.217464 0.348208 0.036901 0.040635 0.004070
1 0.300769 0.334470 0.098463 0.075980 0.880797
1 0.300774 0.333342 0.098455 0.073709 0.880797
1 0.057122 0.350855 0.097814 0.076750 0.817575
2 0.440569 0.320278 0.031890 0.040171 0.001501
2 0.438724 0.319071 0.027577 0.039098 0.006693
2 0.438465 0.328608 0.026959 0.027295 0.004070
2 0.450031 0.326384 0.046547 0.033000 0.002473
3 0.440569 0.320278 0.031890 0.040171 0.010987
3 0.438724 0.319071 0.027577 0.039098 0.029312
3 0.438465 0.328608 0.026959 0.027295 0.047426
3 0.450031 0.326384 0.046547 0.033000 0.017986
3 0.457553 0.327356 0.031895 0.029796 0.002473
3 0.457969 0.327359 0.034126 0.029800 0.002473
4 0.199179 0.351608 0.027411 0.037070 0.006693
4 0.209825 0.349745 0.024627 0.034117 0.002473
4 0.657021 0.335993 0.011068 0.041807 0.001501
4 0.678348 0.336584 0.012774 0.025783 0.006693
4 0.199945 0.352160 0.025358 0.032520 0.017986
4 0.201722 0.353349 0.021685 0.033792 0.002473
4 0.217464 0.348208 0.036901 0.040635 0.001501
5 0.656940 0.334470 0.008148 0.039153 0.001501
5 0.683335 0.331851 0.017417 0.029298 0.001501
5 0.199179 0.351608 0.027411 0.037070 0.001501
5 0.451467 0.328378 0.042926 0.032032 0.001501
5 0.657021 0.335993 0.011068 0.041807 0.001501
5 0.678348 0.336584 0.012774 0.025783 0.001501
5 0.687604 0.337443 0.021874 0.044873 0.004070
5 0.199945 0.352160 0.025358 0.032520 0.001501
