0 0.004967 0.316416 0.010117 0.151611 0.001501
0 0.223978 0.276302 0.012469 0.036882 0.004070
0 0.225795 0.274654 0.013948 0.036365 0.001501
0 0.003875 0.329119 0.007799 0.148461 0.002473
0 0.223895 0.277265 0.012194 0.029516 0.029312
0 0.225609 0.277256 0.014265 0.029542 0.006693
0 0.005073 0.328494 0.007133 0.125321 0.001501
0 0.223688 0.291314 0.011889 0.060439 0.004070
0 0.608483 0.322909 0.011193 0.057413 0.377541
0 0.618844 0.325547 0.009833 0.051988 0.029312
0 0.628564 0.325337 0.015036 0.057803 0.017986
0 0.023492 0.326320 0.034578 0.252247 0.002473
0 0.132005 0.346978 0.017236 0.086111 0.006693
0 0.311846 0.339207 0.012395 0.043817 0.029312
0 0.313378 0.340146 0.012643 0.050229 0.029312
0 0.358241 0.333127 0.008553 0.028061 0.010987
0 0.609014 0.324991 0.010095 0.053269 0.500000
0 0.618785 0.328098 0.009585 0.052199 0.119203
0 0.629826 0.327723 0.015782 0.058044 0.029312
0 0.024616 0.323495 0.032623 0.253110 0.817575
0 0.025453 0.323829 0.032531 0.251964 0.731059
0 0.132006 0.348448 0.017263 0.088973 0.006693
0 0.311744 0.341982 0.012908 0.053828 0.017986
0 0.313606 0.341658 0.012192 0.053182 0.029312
0 0.358239 0.334202 0.008557 0.026966 0.010987
0 0.609015 0.325423 0.010096 0.057510 0.500000
0 0.618005 0.328110 0.011167 0.052180 0.075858
0 0.629626 0.326686 0.012773 0.055072 0.029312
0 0.007465 0.334852 0.015223 0.155178 0.001501
0 0.024495 0.323516 0.032213 0.253054 0.731059
0 0.023751 0.323218 0.031352 0.251856 0.622459
0 0.132573 0.347462 0.018324 0.087043 0.010987
0 0.296182 0.345333 0.019445 0.044233 0.001501
0 0.311611 0.346938 0.013740 0.063766 0.010987
0 0.313537 0.348362 0.013442 0.066761 0.010987
0 0.024460 0.323635 0.032317 0.251451 0.731059
0 0.023368 0.323274 0.032115 0.253809 0.622459
0 0.132592 0.348673 0.018563 0.089361 0.010987
0 0.311755 0.355733 0.015705 0.081039 0.002473
0 0.313497 0.355721 0.013635 0.081054 0.002473
0 0.024092 0.322838 0.030139 0.252892 0.731059
0 0.023570 0.322771 0.031393 0.252755 0.731059
0 0.023516 0.322263 0.031203 0.254407 0.731059
0 0.024105 0.322041 0.030310 0.254907 0.731059
0 0.005074 0.390939 0.010498 0.384059 0.004070
0 0.004898 0.396778 0.009908 0.374742 0.017986
0 0.004853 0.397352 0.009746 0.367035 0.010987
0 0.005531 0.408292 0.011101 0.342593 0.004070
0 0.004848 0.420012 0.009762 0.318014 0.001501
1 0.004967 0.316416 0.010117 0.151611 0.001501
1 0.003875 0.329119 0.007799 0.148461 0.010987
1 0.005073 0.328494 0.007133 0.125321 0.006693
1 0.558641 0.325332 0.032779 0.057739 0.075858
1 0.559184 0.325304 0.031644 0.057738 0.377541
1 0.559457 0.325315 0.034176 0.057752 0.268941
1 0.632192 0.325328 0.039295 0.051625 0.002473
1 0.005719 0.333820 0.011500 0.120415 0.010987
1 0.260700 0.336851 0.045056 0.044738 0.001501
1 0.273881 0.335721 0.048950 0.036958 0.047426
1 0.276519 0.334644 0.045280 0.039296 0.075858
1 0.278861 0.334621 0.044121 0.039334 0.047426
1 0.284084 0.335660 0.043682 0.047140 0.047426
1 0.407647 0.326625 0.018547 0.023284 0.006693
1 0.443147 0.327492 0.030862 0.016968 0.029312
1 0.444815 0.326586 0.025999 0.018643 0.047426
1 0.449251 0.325309 0.032908 0.016101 0.029312
1 0.459960 0.322860 0.028386 0.021038 0.004070
1 0.498926 0.326887 0.018429 0.012983 0.001501
1 0.500964 0.326890 0.023565 0.013033 0.004070
1 0.528524 0.326434 0.021463 0.033192 0.182426
1 0.530469 0.326526 0.022306 0.033343 0.500000
1 0.558636 0.324041 0.032763 0.055167 0.119203
1 0.559778 0.326237 0.033532 0.055874 0.268941
1 0.559723 0.324057 0.033633 0.055142 0.268941
1 0.635009 0.327816 0.038438 0.052880 0.006693
1 0.006062 0.340657 0.012316 0.127920 0.006693
1 0.257815 0.338828 0.041389 0.037383 0.004070
1 0.270269 0.338071 0.041573 0.037401 0.047426
1 0.271525 0.337071 0.042913 0.039400 0.075858
1 0.275788 0.337085 0.043897 0.039560 0.075858
1 0.285130 0.339694 0.041392 0.043770 0.029312
1 0.527852 0.327033 0.019405 0.034812 0.017986
1 0.531636 0.327053 0.023260 0.034670 0.075858
1 0.558635 0.326644 0.032756 0.060170 0.182426
1 0.558968 0.325354 0.032082 0.057638 0.377541
1 0.558943 0.325346 0.032152 0.057660 0.182426
1 0.007465 0.334852 0.015223 0.155178 0.002473
2 0.004967 0.316416 0.010117 0.151611 0.001501
2 0.047787 0.287365 0.107683 0.124690 0.006693
2 0.045397 0.291723 0.114063 0.115797 0.006693
2 0.052699 0.281804 0.104702 0.089616 0.002473
2 0.054623 0.270977 0.114021 0.061985 0.001501
2 0.003875 0.329119 0.007799 0.148461 0.006693
2 0.044497 0.300559 0.111459 0.126045 0.004070
2 0.045875 0.305009 0.109998 0.136469 0.004070
2 0.048966 0.299567 0.101239 0.125174 0.002473
2 0.005073 0.328494 0.007133 0.125321 0.004070
2 0.041874 0.310235 0.104301 0.156012 0.002473
2 0.043565 0.310981 0.110780 0.160992 0.002473
2 0.048649 0.313099 0.099752 0.165915 0.002473
2 0.465041 0.315437 0.042114 0.030049 0.001501
2 0.558641 0.325332 0.032779 0.057739 0.004070
2 0.005719 0.333820 0.011500 0.120415 0.002473
2 0.276519 0.334644 0.045280 0.039296 0.001501
2 0.449251 0.325309 0.032908 0.016101 0.004070
2 0.459960 0.322860 0.028386 0.021038 0.010987
2 0.473345 0.319103 0.025646 0.018870 0.017986
2 0.271525 0.337071 0.042913 0.039400 0.001501
2 0.275788 0.337085 0.043897 0.039560 0.001501
3 0.287046 0.325817 0.032136 0.052729 0.001501
3 0.558641 0.325332 0.032779 0.057739 0.377541
3 0.559184 0.325304 0.031644 0.057738 0.622459
3 0.559457 0.325315 0.034176 0.057752 0.622459
3 0.276519 0.334644 0.045280 0.039296 0.002473
3 0.278861 0.334621 0.044121 0.039334 0.006693
3 0.284084 0.335660 0.043682 0.047140 0.017986
3 0.407647 0.326625 0.018547 0.023284 0.010987
3 0.443147 0.327492 0.030862 0.016968 0.004070
3 0.444815 0.326586 0.025999 0.018643 0.006693
3 0.449251 0.325309 0.032908 0.016101 0.002473
3 0.528524 0.326434 0.021463 0.033192 0.006693
3 0.530469 0.326526 0.022306 0.033343 0.017986
3 0.558636 0.324041 0.032763 0.055167 0.377541
3 0.559778 0.326237 0.033532 0.055874 0.500000
3 0.559723 0.324057 0.033633 0.055142 0.500000
3 0.635009 0.327816 0.038438 0.052880 0.002473
3 0.271525 0.337071 0.042913 0.039400 0.002473
3 0.275788 0.337085 0.043897 0.039560 0.004070
3 0.285130 0.339694 0.041392 0.043770 0.017986
3 0.531636 0.327053 0.023260 0.034670 0.006693
3 0.558635 0.326644 0.032756 0.060170 0.268941
3 0.558968 0.325354 0.032082 0.057638 0.622459
3 0.558943 0.325346 0.032152 0.057660 0.377541
3 0.639288 0.330187 0.029883 0.053301 0.001501
4 0.296182 0.345333 0.019445 0.044233 0.001501
5 0.311846 0.339207 0.012395 0.043817 0.001501
5 0.618785 0.328098 0.009585 0.052199 0.006693
5 0.629826 0.327723 0.015782 0.058044 0.001501
5 0.285130 0.339694 0.041392 0.043770 0.001501
5 0.311744 0.341982 0.012908 0.053828 0.002473
5 0.618005 0.328110 0.011167 0.052180 0.002473
5 0.629626 0.326686 0.012773 0.055072 0.002473
5 0.639288 0.330187 0.029883 0.053301 0.002473
5 0.652260 0.342482 0.011022 0.028797 0.001501
5 0.296182 0.345333 0.019445 0.044233 0.001501
5 0.311611 0.346938 0.013740 0.063766 0.001501
