0 0.374262 0.325576 0.012944 0.062784 0.017986
0 0.376546 0.324250 0.011312 0.060107 0.119203
0 0.295206 0.331748 0.009656 0.050162 0.004070
0 0.356947 0.329103 0.008124 0.033390 0.017986
0 0.374099 0.324330 0.013765 0.059949 0.010987
0 0.376412 0.322949 0.010871 0.057468 0.075858
0 0.406945 0.331164 0.008178 0.027840 0.002473
0 0.510754 0.324199 0.009468 0.023457 0.010987
0 0.565961 0.329401 0.010150 0.043958 0.004070
0 0.293752 0.331602 0.009465 0.050526 0.006693
0 0.355574 0.332482 0.008099 0.030283 0.029312
0 0.373930 0.326175 0.013378 0.061852 0.010987
0 0.376951 0.323098 0.009790 0.057210 0.119203
0 0.404771 0.334711 0.009779 0.025862 0.002473
0 0.566759 0.330605 0.008574 0.047320 0.002473
0 0.377072 0.330322 0.010280 0.075799 0.001501
0 0.902814 0.345175 0.044382 0.219848 0.500000
0 0.902279 0.346168 0.042374 0.219098 0.268941
0 0.902780 0.345026 0.044514 0.216711 0.500000
0 0.005495 0.365229 0.011497 0.222034 0.002473
0 0.902345 0.345157 0.042269 0.220787 0.268941
0 0.902760 0.346499 0.044454 0.218439 0.119203
0 0.901731 0.347775 0.043534 0.220987 0.182426
0 0.004900 0.360710 0.010115 0.232044 0.006693
0 0.903099 0.345203 0.043806 0.221121 0.377541
0 0.902044 0.345970 0.042843 0.219390 0.268941
0 0.901799 0.345285 0.043375 0.220873 0.182426
0 0.004113 0.366100 0.011421 0.228046 0.017986
0 0.903081 0.345891 0.043854 0.219956 0.029312
0 0.902403 0.345987 0.045168 0.219735 0.377541
0 0.004277 0.369478 0.008667 0.215009 0.017986
0 0.003869 0.380487 0.007802 0.198001 0.017986
1 0.457323 0.326879 0.021735 0.013015 0.006693
1 0.464115 0.328139 0.016493 0.015551 0.002473
1 0.491348 0.321622 0.036045 0.023445 0.002473
1 0.490810 0.321625 0.034909 0.018332 0.004070
1 0.510754 0.324199 0.009468 0.023457 0.047426
1 0.521042 0.322851 0.025656 0.030681 0.119203
1 0.527819 0.323768 0.016386 0.032416 0.075858
1 0.689700 0.330485 0.027027 0.064690 0.001501
1 0.219853 0.358482 0.014800 0.023461 0.002473
1 0.958229 0.459330 0.084241 0.498394 0.001501
1 0.957226 0.487360 0.086183 0.432246 0.002473
2 0.523810 0.319334 0.024252 0.037873 0.004070
2 0.491348 0.321622 0.036045 0.023445 0.119203
2 0.490810 0.321625 0.034909 0.018332 0.119203
2 0.510754 0.324199 0.009468 0.023457 0.002473
2 0.521042 0.322851 0.025656 0.030681 0.010987
2 0.527819 0.323768 0.016386 0.032416 0.004070
3 0.523810 0.319334 0.024252 0.037873 0.004070
3 0.527363 0.320541 0.017365 0.039003 0.006693
3 0.510754 0.324199 0.009468 0.023457 0.001501
3 0.521042 0.322851 0.025656 0.030681 0.119203
3 0.527819 0.323768 0.016386 0.032416 0.622459
4 0.404771 0.334711 0.009779 0.025862 0.002473
4 0.003869 0.380487 0.007802 0.198001 0.001501
5 0.510754 0.324199 0.009468 0.023457 0.002473
5 0.219853 0.358482 0.014800 0.023461 0.002473
5 0.228996 0.350205 0.024163 0.036474 0.002473
5 0.005495 0.365229 0.011497 0.222034 0.002473
5 0.004900 0.360710 0.010115 0.232044 0.001501
5 0.004113 0.366100 0.011421 0.228046 0.001501
5 0.004277 0.369478 0.008667 0.215009 0.002473
5 0.003869 0.380487 0.007802 0.198001 0.006693
