0 0.653422 0.327366 0.010231 0.053835 0.010987
0 0.369435 0.322798 0.008121 0.034739 0.010987
0 0.443211 0.324280 0.005655 0.023750 0.010987
0 0.617528 0.333337 0.007016 0.036636 0.017986
0 0.635926 0.335445 0.011302 0.047865 0.006693
0 0.639629 0.335699 0.010145 0.046679 0.017986
0 0.654261 0.330830 0.008545 0.046771 0.119203
0 0.682869 0.333285 0.006231 0.041676 0.002473
0 0.766364 0.344521 0.007761 0.050877 0.047426
0 0.784199 0.346017 0.019678 0.057612 0.002473
0 0.791932 0.345714 0.020166 0.062931 0.001501
0 0.369979 0.327017 0.007043 0.045331 0.017986
0 0.616764 0.334559 0.008544 0.034232 0.029312
0 0.635581 0.335999 0.009863 0.046409 0.006693
0 0.640291 0.334598 0.008831 0.044411 0.017986
0 0.655027 0.331746 0.007015 0.044992 0.182426
0 0.683649 0.333344 0.007814 0.041787 0.001501
0 0.765612 0.347335 0.009302 0.050165 0.047426
0 0.784955 0.355362 0.024128 0.049288 0.004070
0 0.785837 0.354181 0.025394 0.047121 0.002473
0 0.257130 0.338100 0.024817 0.070007 0.004070
0 0.767945 0.352503 0.014027 0.056123 0.010987
0 0.784380 0.356585 0.025267 0.046708 0.002473
0 0.768037 0.358586 0.014326 0.065394 0.001501
1 0.255831 0.323843 0.055086 0.045533 0.002473
1 0.260470 0.321914 0.051875 0.042917 0.001501
1 0.169837 0.333368 0.044662 0.041969 0.001501
1 0.170134 0.333294 0.041031 0.041703 0.002473
1 0.172586 0.334589 0.038295 0.039206 0.001501
1 0.255608 0.325049 0.055483 0.044447 0.377541
1 0.255621 0.326084 0.055181 0.046327 0.622459
1 0.256196 0.325546 0.056223 0.043952 0.622459
1 0.255793 0.326092 0.055124 0.046168 0.622459
1 0.301539 0.333478 0.091704 0.058650 0.010987
1 0.309482 0.336800 0.093983 0.058279 0.880797
1 0.310069 0.336845 0.092080 0.058365 0.880797
1 0.309305 0.336504 0.093609 0.057686 0.880797
1 0.309927 0.336446 0.091739 0.057564 0.880797
1 0.389406 0.321598 0.027205 0.018499 0.001501
1 0.393180 0.322901 0.027541 0.015846 0.004070
1 0.396140 0.322874 0.024857 0.015911 0.001501
1 0.482007 0.325321 0.014114 0.016063 0.047426
1 0.170908 0.334622 0.038444 0.044462 0.001501
1 0.255422 0.326348 0.055145 0.046113 0.377541
1 0.256129 0.327244 0.054193 0.048811 0.500000
1 0.256128 0.327535 0.056414 0.048211 0.622459
1 0.255706 0.326454 0.055378 0.045863 0.377541
1 0.309405 0.335402 0.094206 0.059751 0.002473
1 0.309482 0.336838 0.093984 0.058411 0.880797
1 0.310068 0.336409 0.092084 0.057486 0.880797
1 0.309261 0.337721 0.093520 0.055569 0.924142
1 0.309919 0.337667 0.091756 0.055504 0.924142
1 0.309370 0.336619 0.093765 0.057915 0.268941
1 0.309258 0.336916 0.093533 0.058516 0.622459
1 0.903990 0.392636 0.191964 0.400268 0.904651
1 0.904031 0.392249 0.191940 0.400908 0.904651
1 0.905242 0.392454 0.192700 0.401780 0.904651
1 0.904376 0.391359 0.190910 0.398252 0.880797
1 0.903634 0.393228 0.189551 0.401908 0.904651
1 0.903656 0.392442 0.189570 0.399612 0.904651
1 0.904468 0.392871 0.191140 0.400030 0.904651
1 0.904423 0.392174 0.191052 0.396315 0.880797
1 0.904443 0.390440 0.191136 0.395328 0.880797
1 0.904856 0.391159 0.193457 0.393932 0.880797
2 0.255831 0.323843 0.055086 0.045533 0.001501
2 0.256396 0.323366 0.056113 0.043796 0.002473
2 0.255608 0.325049 0.055483 0.044447 0.010987
2 0.255621 0.326084 0.055181 0.046327 0.029312
2 0.256196 0.325546 0.056223 0.043952 0.075858
2 0.255793 0.326092 0.055124 0.046168 0.029312
2 0.458346 0.320306 0.014513 0.021403 0.004070
2 0.465289 0.321517 0.020445 0.018739 0.006693
2 0.255422 0.326348 0.055145 0.046113 0.017986
2 0.256129 0.327244 0.054193 0.048811 0.006693
2 0.256128 0.327535 0.056414 0.048211 0.017986
2 0.255706 0.326454 0.055378 0.045863 0.029312
3 0.170134 0.333294 0.041031 0.041703 0.001501
3 0.172586 0.334589 0.038295 0.039206 0.002473
3 0.256196 0.325546 0.056223 0.043952 0.002473
3 0.255793 0.326092 0.055124 0.046168 0.004070
3 0.169755 0.334800 0.044672 0.045058 0.001501
3 0.170908 0.334622 0.038444 0.044462 0.002473
3 0.174582 0.334625 0.033264 0.044308 0.001501
3 0.255422 0.326348 0.055145 0.046113 0.001501
3 0.256128 0.327535 0.056414 0.048211 0.002473
3 0.255706 0.326454 0.055378 0.045863 0.004070
4 0.784955 0.355362 0.024128 0.049288 0.268941
4 0.785837 0.354181 0.025394 0.047121 0.182426
4 0.807564 0.349438 0.013258 0.037025 0.002473
4 0.767945 0.352503 0.014027 0.056123 0.010987
4 0.784380 0.356585 0.025267 0.046708 0.377541
4 0.786619 0.356676 0.023832 0.046866 0.268941
4 0.807399 0.352448 0.013588 0.032111 0.004070
4 0.768037 0.358586 0.014326 0.065394 0.006693
4 0.784237 0.360057 0.028493 0.059019 0.017986
4 0.785729 0.361354 0.025728 0.056465 0.017986
5 0.784199 0.346017 0.019678 0.057612 0.002473
5 0.791932 0.345714 0.020166 0.062931 0.002473
5 0.784955 0.355362 0.024128 0.049288 0.017986
5 0.785837 0.354181 0.025394 0.047121 0.017986
5 0.253019 0.337905 0.044342 0.070507 0.001501
5 0.767945 0.352503 0.014027 0.056123 0.001501
5 0.784380 0.356585 0.025267 0.046708 0.006693
5 0.786619 0.356676 0.023832 0.046866 0.006693
5 0.024565 0.381509 0.045123 0.159129 0.001501
5 0.023984 0.371287 0.046285 0.190692 0.001501
5 0.024614 0.364326 0.042743 0.202087 0.002473
