0 0.384422 0.321324 0.009408 0.055347 0.002473
0 0.461965 0.325546 0.012188 0.052186 0.010987
0 0.463467 0.324367 0.011757 0.049632 0.017986
0 0.798606 0.321518 0.010910 0.059894 0.010987
0 0.804244 0.320442 0.008585 0.057631 0.047426
0 0.816086 0.324579 0.012185 0.050142 0.001501
0 0.961048 0.338616 0.012625 0.078190 0.029312
0 0.962775 0.339166 0.013149 0.081950 0.002473
0 0.193751 0.337112 0.006735 0.044139 0.119203
0 0.384085 0.329326 0.006870 0.040110 0.010987
0 0.443739 0.319065 0.006810 0.034287 0.001501
0 0.461645 0.326085 0.011531 0.046471 0.017986
0 0.463412 0.325959 0.011411 0.046755 0.075858
0 0.544556 0.321705 0.008374 0.039501 0.010987
0 0.798066 0.322901 0.009832 0.057307 0.010987
0 0.806250 0.325079 0.009469 0.053107 0.047426
0 0.817271 0.329471 0.009698 0.044065 0.017986
0 0.880705 0.334584 0.005661 0.039214 0.001501
0 0.960622 0.342790 0.011736 0.075078 0.377541
0 0.962375 0.342095 0.013486 0.076379 0.004070
0 0.014606 0.350005 0.015175 0.033878 0.001501
0 0.193750 0.338013 0.006733 0.045921 0.182426
0 0.342816 0.341384 0.004883 0.030767 0.001501
0 0.356252 0.339257 0.004576 0.029960 0.002473
0 0.384087 0.329216 0.006866 0.040382 0.004070
0 0.461917 0.324376 0.012073 0.046406 0.017986
0 0.463495 0.325748 0.011698 0.047268 0.075858
0 0.544596 0.323734 0.011218 0.043569 0.001501
0 0.798276 0.321899 0.009794 0.055031 0.010987
0 0.805569 0.325235 0.008113 0.052804 0.047426
0 0.821492 0.329418 0.010175 0.044541 0.010987
0 0.960627 0.342797 0.011755 0.078332 0.377541
0 0.962453 0.341702 0.013337 0.077160 0.006693
0 0.193767 0.340981 0.006818 0.051589 0.002473
0 0.960360 0.342727 0.010121 0.078304 0.500000
0 0.962184 0.341752 0.013880 0.077478 0.006693
0 0.959698 0.345542 0.011559 0.085122 0.010987
1 0.551604 0.311355 0.021880 0.023542 0.002473
1 0.492975 0.318949 0.011066 0.012945 0.010987
1 0.009305 0.350625 0.015632 0.030717 0.006693
1 0.014606 0.350005 0.015175 0.033878 0.004070
1 0.010863 0.353325 0.016011 0.025797 0.010987
1 0.013411 0.351296 0.015524 0.029785 0.006693
1 0.431877 0.986253 0.095509 0.027669 0.002473
1 0.432653 0.985599 0.095902 0.028959 0.001501
2 0.551405 0.316973 0.022099 0.032984 0.029312
2 0.551604 0.311355 0.021880 0.023542 0.075858
2 0.007060 0.340375 0.011404 0.053720 0.004070
2 0.554166 0.313889 0.019912 0.026427 0.029312
3 0.433604 0.986240 0.091009 0.027746 0.006693
3 0.431877 0.986253 0.095509 0.027669 0.006693
3 0.432653 0.985599 0.095902 0.028959 0.004070
5 0.009305 0.350625 0.015632 0.030717 0.001501
5 0.014606 0.350005 0.015175 0.033878 0.001501
5 0.321398 0.343802 0.007273 0.034325 0.001501
5 0.342816 0.341384 0.004883 0.030767 0.001501
5 0.277214 0.350443 0.012690 0.044155 0.001501
5 0.032771 0.371964 0.010203 0.064595 0.004070
5 0.034048 0.377242 0.016059 0.069567 0.001501
