0 0.384918 0.321434 0.008551 0.050736 0.004070
0 0.391696 0.320126 0.008711 0.052598 0.001501
0 0.440146 0.323719 0.019706 0.051058 0.047426
0 0.440540 0.323768 0.015890 0.051038 0.377541
0 0.783784 0.321452 0.008188 0.055258 0.001501
0 0.791768 0.321962 0.008552 0.050980 0.377541
0 0.804247 0.321755 0.008587 0.055125 0.268941
0 0.818314 0.324892 0.013613 0.057412 0.001501
0 0.959137 0.340064 0.012546 0.083608 0.377541
0 0.096704 0.337263 0.012654 0.044643 0.002473
0 0.190140 0.338214 0.008409 0.042008 0.004070
0 0.384086 0.326719 0.006869 0.041595 0.006693
0 0.391704 0.322560 0.008724 0.046764 0.002473
0 0.439543 0.324201 0.017806 0.050338 0.047426
0 0.441330 0.324910 0.017354 0.048949 0.622459
0 0.456965 0.317823 0.008210 0.026165 0.001501
0 0.543461 0.319735 0.009006 0.037496 0.006693
0 0.783728 0.323067 0.008076 0.052380 0.001501
0 0.791764 0.322903 0.008544 0.052849 0.268941
0 0.804797 0.324163 0.009650 0.054953 0.182426
0 0.821125 0.330751 0.007760 0.041731 0.047426
0 0.958462 0.340823 0.011176 0.082255 0.622459
0 0.095991 0.338920 0.011245 0.042106 0.002473
0 0.190908 0.339353 0.006874 0.039641 0.004070
0 0.356252 0.339256 0.004576 0.029962 0.001501
0 0.383906 0.327158 0.007218 0.040909 0.004070
0 0.439677 0.324274 0.017594 0.050192 0.047426
0 0.440535 0.324056 0.015881 0.047024 0.731059
0 0.783743 0.322355 0.008033 0.054149 0.002473
0 0.791365 0.321850 0.007766 0.055066 0.377541
0 0.804259 0.323064 0.008583 0.052697 0.119203
0 0.821400 0.333225 0.007230 0.041996 0.029312
0 0.958459 0.340952 0.011189 0.082053 0.622459
0 0.959005 0.341625 0.010090 0.082969 0.731059
0 0.959144 0.343784 0.012599 0.086534 0.017986
1 0.552850 0.310901 0.022420 0.022633 0.001501
1 0.006307 0.340362 0.009675 0.052504 0.002473
1 0.472781 0.319511 0.012737 0.014482 0.006693
1 0.494538 0.319602 0.011068 0.014250 0.017986
1 0.009979 0.349402 0.016926 0.033005 0.029312
1 0.011670 0.349995 0.017229 0.033889 0.017986
1 0.010339 0.352134 0.017647 0.026951 0.029312
1 0.012576 0.351299 0.017022 0.029788 0.017986
1 0.433178 0.987171 0.090208 0.025883 0.001501
1 0.432935 0.986269 0.094023 0.027637 0.001501
2 0.006277 0.328557 0.009697 0.076544 0.004070
2 0.552236 0.312581 0.023791 0.026005 0.047426
2 0.552850 0.310901 0.022420 0.022633 0.182426
2 0.006307 0.340362 0.009675 0.052504 0.006693
2 0.543461 0.319735 0.009006 0.037496 0.001501
2 0.553449 0.312704 0.021434 0.026144 0.047426
2 0.009979 0.349402 0.016926 0.033005 0.004070
3 0.552850 0.310901 0.022420 0.022633 0.002473
3 0.006307 0.340362 0.009675 0.052504 0.002473
3 0.472781 0.319511 0.012737 0.014482 0.002473
3 0.009979 0.349402 0.016926 0.033005 0.006693
3 0.011670 0.349995 0.017229 0.033889 0.002473
3 0.010339 0.352134 0.017647 0.026951 0.002473
3 0.012576 0.351299 0.017022 0.029788 0.002473
3 0.433178 0.987171 0.090208 0.025883 0.017986
3 0.432935 0.986269 0.094023 0.027637 0.006693
3 0.431499 0.986861 0.096022 0.031487 0.002473
5 0.441330 0.324910 0.017354 0.048949 0.001501
5 0.009979 0.349402 0.016926 0.033005 0.002473
5 0.011670 0.349995 0.017229 0.033889 0.001501
5 0.309539 0.340624 0.019343 0.049468 0.001501
5 0.321394 0.344907 0.010322 0.036533 0.002473
5 0.342813 0.343546 0.004889 0.030980 0.001501
5 0.277177 0.350114 0.012785 0.044739 0.002473
5 0.032065 0.371845 0.011308 0.063715 0.002473
