0 0.911275 0.326194 0.019527 0.120911 0.268941
0 0.911838 0.326293 0.020590 0.121528 0.047426
0 0.384408 0.318149 0.009306 0.053238 0.047426
0 0.471935 0.312366 0.009377 0.028689 0.002473
0 0.702825 0.317774 0.008757 0.047274 0.119203
0 0.721515 0.313833 0.010135 0.044440 0.001501
0 0.804262 0.321738 0.008571 0.055226 0.047426
0 0.911786 0.326023 0.020548 0.120546 0.500000
0 0.911969 0.326350 0.018174 0.121168 0.622459
0 0.164444 0.341336 0.009813 0.040058 0.004070
0 0.302822 0.337043 0.008784 0.058902 0.004070
0 0.341764 0.333341 0.008567 0.051339 0.622459
0 0.355591 0.334561 0.008757 0.039445 0.001501
0 0.383905 0.318416 0.007213 0.053300 0.029312
0 0.473644 0.315463 0.010978 0.020035 0.001501
0 0.542236 0.320052 0.009581 0.040424 0.004070
0 0.703096 0.318960 0.009298 0.044841 0.075858
0 0.721501 0.314027 0.010137 0.044959 0.002473
0 0.805025 0.324024 0.007024 0.050725 0.075858
0 0.820362 0.329527 0.006222 0.039284 0.006693
0 0.911254 0.326380 0.019470 0.121097 0.622459
0 0.911960 0.326061 0.018161 0.120619 0.622459
0 0.165037 0.342917 0.008161 0.036321 0.029312
0 0.340989 0.333322 0.010115 0.051366 0.622459
0 0.356785 0.339282 0.005676 0.035004 0.004070
0 0.384691 0.321963 0.008788 0.048834 0.010987
0 0.804266 0.325453 0.008570 0.052396 0.075858
0 0.821400 0.330665 0.007251 0.042063 0.017986
0 0.911241 0.326613 0.019461 0.121517 0.731059
0 0.911281 0.326194 0.019519 0.120481 0.622459
0 0.165141 0.345640 0.008423 0.042369 0.004070
0 0.911219 0.327195 0.019396 0.123284 0.622459
0 0.911825 0.329278 0.020590 0.117372 0.622459
0 0.910415 0.329191 0.020888 0.123980 0.075858
1 0.432944 0.319119 0.071904 0.083413 0.622459
1 0.432963 0.319850 0.071861 0.081964 0.924142
1 0.432917 0.319818 0.071668 0.081966 0.924142
1 0.432923 0.319850 0.071655 0.081926 0.880797
1 0.552235 0.311320 0.023651 0.023459 0.001501
1 0.008040 0.341603 0.013227 0.050904 0.001501
1 0.432979 0.320270 0.071827 0.081041 0.924142
1 0.432922 0.320477 0.071658 0.083261 0.924142
1 0.433480 0.319818 0.070089 0.081945 0.880797
1 0.432836 0.319850 0.071556 0.081917 0.029312
1 0.473644 0.315463 0.010978 0.020035 0.017986
1 0.475585 0.316413 0.012525 0.018010 0.006693
1 0.497960 0.317220 0.010336 0.014598 0.006693
1 0.503011 0.316897 0.016007 0.014062 0.001501
1 0.010449 0.349596 0.017866 0.032891 0.029312
1 0.013175 0.351378 0.018034 0.031307 0.029312
1 0.432983 0.320302 0.071822 0.081019 0.924142
1 0.432918 0.320462 0.071671 0.083310 0.880797
1 0.432843 0.319818 0.071532 0.081967 0.880797
1 0.997173 0.340914 0.008770 0.029352 0.001501
1 0.011140 0.351416 0.016525 0.031415 0.029312
1 0.012634 0.351088 0.016964 0.030179 0.029312
1 0.435168 0.985000 0.092299 0.030216 0.006693
1 0.433692 0.984771 0.095039 0.030634 0.006693
2 0.005429 0.329392 0.011389 0.072405 0.006693
2 0.551523 0.314845 0.025060 0.030531 0.075858
2 0.552235 0.311320 0.023651 0.023459 0.182426
2 0.008040 0.341603 0.013227 0.050904 0.006693
2 0.542236 0.320052 0.009581 0.040424 0.004070
2 0.552150 0.312713 0.020859 0.028940 0.182426
2 0.010449 0.349596 0.017866 0.032891 0.002473
2 0.435168 0.985000 0.092299 0.030216 0.006693
2 0.433692 0.984771 0.095039 0.030634 0.004070
2 0.431411 0.986291 0.096048 0.032622 0.004070
3 0.005429 0.329392 0.011389 0.072405 0.001501
3 0.008040 0.341603 0.013227 0.050904 0.002473
3 0.473644 0.315463 0.010978 0.020035 0.001501
3 0.010449 0.349596 0.017866 0.032891 0.004070
3 0.013175 0.351378 0.018034 0.031307 0.004070
3 0.011140 0.351416 0.016525 0.031415 0.004070
3 0.012634 0.351088 0.016964 0.030179 0.004070
3 0.435168 0.985000 0.092299 0.030216 0.006693
3 0.433692 0.984771 0.095039 0.030634 0.006693
3 0.431411 0.986291 0.096048 0.032622 0.001501
4 0.032758 0.370493 0.009922 0.068856 0.001501
5 0.010449 0.349596 0.017866 0.032891 0.002473
5 0.013175 0.351378 0.018034 0.031307 0.004070
5 0.294329 0.342787 0.018054 0.048817 0.001501
5 0.303108 0.339723 0.009405 0.054151 0.002473
5 0.322427 0.340635 0.008597 0.040901 0.004070
5 0.011140 0.351416 0.016525 0.031415 0.002473
5 0.012634 0.351088 0.016964 0.030179 0.002473
5 0.031697 0.364991 0.011872 0.052160 0.002473
5 0.276765 0.347438 0.013564 0.050109 0.001501
5 0.293807 0.344562 0.018992 0.051479 0.001501
5 0.303060 0.338296 0.009391 0.055772 0.002473
5 0.032758 0.370493 0.009922 0.068856 0.006693
5 0.033550 0.373729 0.015076 0.073047 0.001501
