0 0.547619 0.332566 0.014659 0.149383 0.010987
0 0.661763 0.305821 0.014013 0.070147 0.268941
0 0.662602 0.306533 0.015283 0.071615 0.119203
0 0.382007 0.319421 0.011099 0.050836 0.001501
0 0.559692 0.323642 0.013854 0.058917 0.006693
0 0.563803 0.325274 0.011801 0.062622 0.002473
0 0.631945 0.307063 0.008124 0.036174 0.006693
0 0.661252 0.304294 0.014576 0.072183 0.182426
0 0.662678 0.306014 0.014044 0.065114 0.119203
0 0.806247 0.322909 0.009484 0.057470 0.119203
0 0.098019 0.334657 0.013145 0.044597 0.001501
0 0.142128 0.340220 0.006237 0.037817 0.004070
0 0.266365 0.334496 0.007754 0.049206 0.119203
0 0.381927 0.323791 0.008124 0.044518 0.004070
0 0.457191 0.315691 0.004883 0.025747 0.001501
0 0.557791 0.326615 0.012736 0.060040 0.017986
0 0.563905 0.327919 0.012687 0.065925 0.002473
0 0.630708 0.307853 0.005678 0.037891 0.006693
0 0.661767 0.303837 0.014022 0.071207 0.182426
0 0.662563 0.306239 0.014277 0.065457 0.182426
0 0.805567 0.324143 0.008109 0.054997 0.182426
0 0.820634 0.330815 0.005684 0.036707 0.010987
0 0.880708 0.334550 0.005656 0.039151 0.001501
0 0.032675 0.357504 0.009819 0.048959 0.001501
0 0.141864 0.342579 0.005670 0.036658 0.119203
0 0.267128 0.334698 0.006226 0.044361 0.119203
0 0.342139 0.339417 0.006239 0.029565 0.002473
0 0.356252 0.339873 0.004576 0.028696 0.002473
0 0.382872 0.325765 0.006246 0.043690 0.001501
0 0.532058 0.336078 0.039268 0.202911 0.817575
0 0.532701 0.334627 0.040603 0.200760 0.817575
0 0.531252 0.334982 0.040856 0.205020 0.731059
0 0.559167 0.325767 0.012624 0.057363 0.004070
0 0.661383 0.309855 0.014847 0.083279 0.047426
0 0.661923 0.310641 0.015561 0.078942 0.029312
0 0.804262 0.324365 0.008561 0.054590 0.119203
0 0.821404 0.333276 0.007244 0.036841 0.010987
0 0.881968 0.335961 0.008241 0.036666 0.001501
0 0.141859 0.345640 0.005696 0.041731 0.001501
0 0.269605 0.341903 0.011237 0.053033 0.001501
0 0.532038 0.333316 0.039344 0.208322 0.817575
0 0.532064 0.334631 0.039318 0.205697 0.817575
0 0.530543 0.333470 0.039343 0.202914 0.731059
0 0.532043 0.333677 0.039343 0.202663 0.817575
0 0.532715 0.335623 0.040598 0.198646 0.731059
0 0.532067 0.333684 0.039424 0.202492 0.622459
0 0.532087 0.337340 0.039301 0.200411 0.817575
1 0.559692 0.323642 0.013854 0.058917 0.004070
1 0.006304 0.340760 0.012698 0.050998 0.002473
1 0.484019 0.320511 0.015030 0.016081 0.500000
1 0.486154 0.320450 0.016450 0.016244 0.002473
1 0.509189 0.315991 0.012642 0.017256 0.010987
1 0.007802 0.347754 0.015664 0.036392 0.017986
1 0.014331 0.350778 0.013529 0.030538 0.004070
1 0.009792 0.352293 0.013845 0.027850 0.017986
1 0.013740 0.351925 0.015067 0.030432 0.006693
1 0.433762 0.984763 0.090686 0.030587 0.004070
1 0.432601 0.984677 0.094738 0.030746 0.006693
1 0.431026 0.984738 0.095177 0.030608 0.004070
2 0.004753 0.328260 0.009828 0.075463 0.006693
2 0.559692 0.323642 0.013854 0.058917 0.001501
2 0.006304 0.340760 0.012698 0.050998 0.010987
2 0.007802 0.347754 0.015664 0.036392 0.006693
2 0.433762 0.984763 0.090686 0.030587 0.001501
2 0.432601 0.984677 0.094738 0.030746 0.001501
2 0.431026 0.984738 0.095177 0.030608 0.002473
2 0.428180 0.985011 0.096970 0.030062 0.001501
3 0.004753 0.328260 0.009828 0.075463 0.001501
3 0.559692 0.323642 0.013854 0.058917 0.001501
3 0.006304 0.340760 0.012698 0.050998 0.006693
3 0.484019 0.320511 0.015030 0.016081 0.010987
3 0.509189 0.315991 0.012642 0.017256 0.002473
3 0.007802 0.347754 0.015664 0.036392 0.010987
3 0.014331 0.350778 0.013529 0.030538 0.001501
3 0.009792 0.352293 0.013845 0.027850 0.004070
3 0.013740 0.351925 0.015067 0.030432 0.001501
3 0.425687 0.984845 0.086177 0.030532 0.001501
3 0.433762 0.984763 0.090686 0.030587 0.029312
3 0.432601 0.984677 0.094738 0.030746 0.029312
3 0.431026 0.984738 0.095177 0.030608 0.010987
4 0.033510 0.372149 0.011349 0.063084 0.001501
5 0.557791 0.326615 0.012736 0.060040 0.001501
5 0.563905 0.327919 0.012687 0.065925 0.001501
5 0.007802 0.347754 0.015664 0.036392 0.002473
5 0.342139 0.339417 0.006239 0.029565 0.004070
5 0.009792 0.352293 0.013845 0.027850 0.001501
5 0.032005 0.366756 0.011301 0.052231 0.004070
5 0.276771 0.346322 0.011974 0.052340 0.001501
5 0.033510 0.372149 0.011349 0.063084 0.010987
5 0.032949 0.375930 0.013447 0.068672 0.001501
