0 0.508241 0.318307 0.008584 0.035681 0.029312
0 0.707714 0.318907 0.009716 0.045198 0.029312
0 0.717983 0.318033 0.011000 0.047694 0.119203
0 0.804803 0.322900 0.009687 0.057452 0.268941
0 0.136967 0.348714 0.012178 0.062851 0.010987
0 0.138921 0.347530 0.010846 0.064976 0.377541
0 0.177652 0.339101 0.008387 0.039996 0.075858
0 0.278486 0.337286 0.010095 0.059246 0.075858
0 0.383636 0.325952 0.007769 0.040222 0.002473
0 0.447959 0.324079 0.021274 0.023836 0.002473
0 0.507470 0.319570 0.007003 0.033173 0.119203
0 0.541939 0.321355 0.008958 0.037818 0.001501
0 0.708254 0.319089 0.008587 0.044580 0.017986
0 0.717217 0.318337 0.012523 0.048250 0.075858
0 0.729118 0.319141 0.008845 0.036404 0.001501
0 0.804805 0.324102 0.009657 0.055115 0.377541
0 0.821401 0.329599 0.007212 0.039425 0.017986
0 0.116682 0.344619 0.005324 0.032676 0.004070
0 0.137031 0.347494 0.012330 0.064875 0.006693
0 0.139109 0.346329 0.011181 0.062555 0.377541
0 0.177654 0.340290 0.008381 0.037535 0.075858
0 0.278463 0.339721 0.010154 0.064133 0.119203
0 0.357186 0.341192 0.004861 0.031151 0.002473
0 0.506938 0.325445 0.008128 0.045046 0.002473
0 0.717989 0.318315 0.011044 0.053409 0.004070
0 0.804269 0.324205 0.008576 0.054892 0.268941
0 0.821580 0.331828 0.006870 0.044790 0.047426
0 0.137229 0.347521 0.012698 0.064729 0.010987
0 0.138920 0.347500 0.010849 0.064766 0.500000
0 0.277745 0.341189 0.011585 0.062640 0.029312
1 0.443348 0.325436 0.017547 0.020942 0.075858
1 0.447959 0.324079 0.021274 0.023836 0.001501
1 0.473173 0.320479 0.011918 0.016142 0.006693
1 0.008754 0.349273 0.014517 0.033421 0.002473
1 0.014206 0.351383 0.015974 0.031320 0.004070
1 0.011398 0.352753 0.014900 0.028810 0.004070
1 0.014502 0.354191 0.015468 0.025795 0.004070
1 0.433012 0.984694 0.089947 0.030741 0.001501
1 0.431274 0.984679 0.093507 0.030744 0.002473
1 0.429079 0.986009 0.092584 0.033145 0.001501
2 0.551519 0.315068 0.025127 0.031006 0.010987
2 0.552313 0.311276 0.023495 0.026039 0.017986
2 0.005505 0.341334 0.011170 0.051802 0.002473
2 0.555045 0.318398 0.015013 0.037590 0.010987
2 0.008754 0.349273 0.014517 0.033421 0.001501
2 0.433012 0.984694 0.089947 0.030741 0.002473
2 0.431274 0.984679 0.093507 0.030744 0.001501
2 0.429079 0.986009 0.092584 0.033145 0.001501
3 0.445711 0.317713 0.022819 0.036486 0.002473
3 0.443348 0.325436 0.017547 0.020942 0.047426
3 0.447959 0.324079 0.021274 0.023836 0.002473
3 0.473173 0.320479 0.011918 0.016142 0.004070
3 0.008754 0.349273 0.014517 0.033421 0.001501
3 0.423402 0.984633 0.085387 0.030867 0.001501
3 0.433012 0.984694 0.089947 0.030741 0.029312
3 0.431274 0.984679 0.093507 0.030744 0.029312
3 0.429079 0.986009 0.092584 0.033145 0.006693
5 0.278486 0.337286 0.010095 0.059246 0.001501
5 0.443348 0.325436 0.017547 0.020942 0.004070
5 0.278463 0.339721 0.010154 0.064133 0.006693
5 0.275170 0.340073 0.014778 0.060513 0.002473
5 0.277745 0.341189 0.011585 0.062640 0.010987
