0 0.384407 0.317290 0.009316 0.056835 0.006693
0 0.631268 0.306522 0.006782 0.039842 0.001501
0 0.668066 0.303617 0.008115 0.042766 0.002473
0 0.721538 0.311245 0.010155 0.039287 0.001501
0 0.805478 0.322886 0.011004 0.057423 0.182426
0 0.841737 0.321018 0.008611 0.042906 0.001501
0 0.172461 0.339696 0.008164 0.049325 0.268941
0 0.302820 0.337691 0.008781 0.055771 0.001501
0 0.383912 0.319494 0.007244 0.056001 0.006693
0 0.628585 0.306739 0.007239 0.040116 0.002473
0 0.721533 0.311428 0.010179 0.039961 0.001501
0 0.804801 0.322959 0.009648 0.057400 0.268941
0 0.821397 0.329579 0.007223 0.039568 0.010987
0 0.843067 0.322227 0.008135 0.043622 0.001501
0 0.120927 0.343756 0.005089 0.030582 0.010987
0 0.145136 0.341730 0.003961 0.030529 0.002473
0 0.172346 0.339575 0.008386 0.049113 0.182426
0 0.356792 0.339588 0.005656 0.034426 0.001501
0 0.383913 0.322377 0.007240 0.050491 0.002473
0 0.501283 0.366055 0.037250 0.197056 0.001501
0 0.805564 0.323073 0.008131 0.057156 0.182426
0 0.821403 0.330447 0.007244 0.042484 0.010987
0 0.172354 0.340360 0.008400 0.050565 0.010987
0 0.435197 0.332141 0.058478 0.370512 0.006693
0 0.495325 0.313562 0.052698 0.403666 0.002473
0 0.005547 0.372835 0.008385 0.161230 0.001501
0 0.428527 0.328324 0.045950 0.361649 0.006693
0 0.435112 0.315236 0.057886 0.409123 0.006693
0 0.464353 0.307089 0.122088 0.446550 0.029312
0 0.493625 0.314301 0.059367 0.438204 0.004070
0 0.004274 0.353772 0.008702 0.209413 0.017986
0 0.429048 0.316737 0.043953 0.375931 0.004070
0 0.435143 0.317695 0.056043 0.405921 0.002473
0 0.003597 0.356941 0.007227 0.199820 0.006693
0 0.429712 0.321368 0.043246 0.343152 0.006693
0 0.437012 0.334738 0.059000 0.371236 0.002473
0 0.003598 0.349126 0.007230 0.224968 0.001501
0 0.463729 0.307424 0.118706 0.458097 0.320821
0 0.463994 0.308626 0.118726 0.455877 0.817575
0 0.464672 0.307400 0.117530 0.458340 0.880797
0 0.462470 0.311243 0.118693 0.450625 0.851953
0 0.463904 0.308764 0.116089 0.450913 0.777300
0 0.465239 0.308643 0.116443 0.455871 0.777300
0 0.467021 0.307238 0.123939 0.454145 0.182426
0 0.463210 0.308853 0.117207 0.450683 0.851953
0 0.463919 0.306409 0.116029 0.451260 0.777300
0 0.463866 0.307489 0.115991 0.453392 0.817575
0 0.466430 0.306394 0.122267 0.451341 0.001170
0 0.463221 0.305292 0.117387 0.453426 0.222700
0 0.463384 0.307843 0.117118 0.452687 0.005220
1 0.005499 0.338039 0.011084 0.056619 0.001501
1 0.509143 0.319879 0.015440 0.021166 0.002473
1 0.008573 0.349113 0.014133 0.035316 0.006693
1 0.009120 0.350895 0.015227 0.031230 0.004070
1 0.432521 0.983414 0.088593 0.028221 0.001501
1 0.431361 0.984845 0.090377 0.030408 0.001501
2 0.004228 0.328178 0.008729 0.074588 0.002473
2 0.550696 0.315867 0.023477 0.035232 0.010987
2 0.552258 0.311581 0.023645 0.026658 0.017986
2 0.005499 0.338039 0.011084 0.056619 0.004070
2 0.509143 0.319879 0.015440 0.021166 0.002473
2 0.543361 0.320689 0.011909 0.039434 0.002473
2 0.552383 0.315653 0.020390 0.032036 0.017986
2 0.432521 0.983414 0.088593 0.028221 0.002473
3 0.432521 0.983414 0.088593 0.028221 0.029312
3 0.431361 0.984845 0.090377 0.030408 0.010987
3 0.430609 0.986013 0.089256 0.033134 0.004070
4 0.034237 0.368732 0.013146 0.065332 0.004070
4 0.036528 0.368816 0.021297 0.073173 0.001501
4 0.033288 0.371536 0.019904 0.077812 0.002473
4 0.037201 0.372509 0.022951 0.075574 0.001501
5 0.008573 0.349113 0.014133 0.035316 0.001501
5 0.302817 0.336726 0.008826 0.058532 0.002473
5 0.009120 0.350895 0.015227 0.031230 0.001501
5 0.277713 0.348084 0.013865 0.048816 0.002473
5 0.034237 0.368732 0.013146 0.065332 0.004070
5 0.036528 0.368816 0.021297 0.073173 0.001501
