0 0.004276 0.315853 0.008719 0.085861 0.002473
0 0.460955 0.314530 0.014024 0.078683 0.001501
0 0.628480 0.303917 0.010235 0.048588 0.001501
0 0.003869 0.315579 0.007756 0.060203 0.010987
0 0.461625 0.315264 0.013746 0.062109 0.010987
0 0.464272 0.315334 0.011948 0.052983 0.010987
0 0.630578 0.306554 0.008125 0.043838 0.002473
0 0.720765 0.312456 0.008617 0.036580 0.001501
0 0.732697 0.313554 0.009773 0.034697 0.001501
0 0.749536 0.317030 0.013488 0.050920 0.119203
0 0.750585 0.316098 0.013228 0.049040 0.119203
0 0.767478 0.315210 0.007117 0.042212 0.002473
0 0.806255 0.320473 0.009485 0.057649 0.268941
0 0.819938 0.323487 0.010316 0.050802 0.001501
0 0.841525 0.323151 0.011179 0.053412 0.004070
0 0.004266 0.319309 0.008565 0.059371 0.004070
0 0.097780 0.337687 0.012697 0.045648 0.004070
0 0.183910 0.339728 0.007247 0.038695 0.006693
0 0.383651 0.330761 0.007802 0.037281 0.006693
0 0.462380 0.315206 0.014183 0.060569 0.006693
0 0.464207 0.314790 0.012119 0.052102 0.010987
0 0.542133 0.323370 0.006235 0.038465 0.010987
0 0.628408 0.307656 0.006874 0.038177 0.006693
0 0.720274 0.312660 0.009848 0.042158 0.002473
0 0.730530 0.315751 0.008188 0.030699 0.001501
0 0.749532 0.315196 0.013492 0.052517 0.075858
0 0.750927 0.316412 0.013629 0.049532 0.182426
0 0.767984 0.315551 0.008276 0.041618 0.002473
0 0.805574 0.324051 0.008123 0.055159 0.268941
0 0.821401 0.328362 0.007208 0.041851 0.010987
0 0.843743 0.323720 0.009476 0.050638 0.002473
0 0.904258 0.333293 0.008573 0.046982 0.001501
0 0.940289 0.322981 0.011699 0.040994 0.001501
0 0.068071 0.351610 0.008085 0.041701 0.182426
0 0.095989 0.338927 0.011266 0.042093 0.002473
0 0.183903 0.341909 0.007206 0.034298 0.029312
0 0.342816 0.342652 0.004860 0.032724 0.010987
0 0.356645 0.340352 0.003775 0.027769 0.010987
0 0.384737 0.332083 0.008880 0.034934 0.002473
0 0.468213 0.358264 0.018614 0.152632 0.006693
0 0.749273 0.322972 0.014064 0.068434 0.017986
0 0.750725 0.319936 0.014037 0.062060 0.029312
0 0.804816 0.323067 0.009670 0.057130 0.268941
0 0.820817 0.328269 0.005345 0.042258 0.017986
0 0.843021 0.324918 0.011236 0.052164 0.002473
0 0.862175 0.336453 0.046435 0.271972 0.119203
0 0.861534 0.335332 0.045010 0.269834 0.182426
0 0.903840 0.333217 0.007837 0.047392 0.001501
0 0.067529 0.351601 0.007005 0.041761 0.268941
0 0.479065 0.370598 0.045132 0.232993 0.002473
0 0.481187 0.359102 0.040959 0.268104 0.004070
0 0.748890 0.337652 0.015228 0.097947 0.004070
0 0.750011 0.335328 0.017159 0.097980 0.002473
0 0.863113 0.335839 0.045521 0.276086 0.377541
0 0.861427 0.337727 0.047926 0.271722 0.377541
0 0.475941 0.352443 0.048179 0.307469 0.002473
0 0.478970 0.333437 0.039018 0.339189 0.001501
0 0.862868 0.339093 0.047759 0.279862 0.377541
0 0.861783 0.338621 0.045506 0.276022 0.622459
0 0.862206 0.339792 0.046404 0.273578 0.622459
0 0.861919 0.341265 0.045760 0.270174 0.017986
0 0.474650 0.355885 0.044956 0.317574 0.001501
0 0.480469 0.344032 0.033252 0.334045 0.001501
0 0.862342 0.335326 0.046767 0.287605 0.075858
0 0.863990 0.338075 0.047205 0.276977 0.622459
0 0.862315 0.337412 0.046617 0.278309 0.622459
0 0.863291 0.339296 0.048425 0.273955 0.001501
0 0.863178 0.334551 0.045608 0.284231 0.377541
0 0.862650 0.336442 0.047312 0.285684 0.377541
0 0.440331 0.332004 0.115801 0.502593 0.777300
0 0.441240 0.331908 0.114074 0.507889 0.268941
0 0.439414 0.336068 0.114739 0.505511 0.817575
0 0.440009 0.333378 0.113749 0.505330 0.777300
0 0.440793 0.333485 0.114987 0.505602 0.817575
0 0.437502 0.334727 0.115637 0.502701 0.817575
0 0.438245 0.332056 0.114527 0.502890 0.731059
0 0.439533 0.333553 0.114516 0.500414 0.817575
0 0.442090 0.334518 0.116025 0.507066 0.119203
0 0.437356 0.329970 0.115762 0.503163 0.437824
0 0.438265 0.329509 0.114471 0.502940 0.777300
0 0.438373 0.329844 0.113877 0.503496 0.817575
1 0.003869 0.315579 0.007756 0.060203 0.001501
1 0.004266 0.319309 0.008565 0.059371 0.001501
1 0.021848 0.415860 0.043827 0.290623 0.004070
1 0.021943 0.418571 0.044087 0.296189 0.622459
1 0.022049 0.421204 0.044142 0.297777 0.622459
1 0.021949 0.417177 0.044129 0.295250 0.622459
1 0.021190 0.422162 0.045588 0.302172 0.500000
1 0.022046 0.425186 0.044163 0.296751 0.622459
1 0.022128 0.421219 0.044484 0.299753 0.500000
1 0.021962 0.421333 0.044046 0.308329 0.622459
1 0.022161 0.421346 0.044393 0.303553 0.731059
1 0.022143 0.421916 0.044516 0.300077 0.622459
1 0.022163 0.424531 0.044402 0.296706 0.622459
1 0.434318 0.985005 0.093882 0.030211 0.004070
1 0.431413 0.984752 0.093832 0.030597 0.006693
1 0.431057 0.985083 0.095521 0.029918 0.001501
2 0.003869 0.315579 0.007756 0.060203 0.001501
2 0.552395 0.314736 0.023440 0.032974 0.004070
2 0.554359 0.320058 0.016540 0.040149 0.002473
2 0.434318 0.985005 0.093882 0.030211 0.004070
2 0.431413 0.984752 0.093832 0.030597 0.002473
2 0.431057 0.985083 0.095521 0.029918 0.002473
3 0.434318 0.985005 0.093882 0.030211 0.029312
3 0.431413 0.984752 0.093832 0.030597 0.017986
3 0.431057 0.985083 0.095521 0.029918 0.004070
5 0.290501 0.347440 0.025717 0.044905 0.001501
5 0.302824 0.341339 0.008843 0.050899 0.001501
5 0.322166 0.343002 0.008809 0.036489 0.001501
5 0.275021 0.346302 0.014495 0.052391 0.002473
5 0.277174 0.345475 0.012789 0.053990 0.002473
5 0.291345 0.346022 0.023915 0.044887 0.001501
5 0.862650 0.336442 0.047312 0.285684 0.001501
