0 0.985911 0.314468 0.019352 0.174823 0.001501
0 0.989605 0.290904 0.020902 0.233620 0.010987
0 0.340408 0.311198 0.034361 0.150319 0.004070
0 0.349843 0.312666 0.041349 0.172979 0.002473
0 0.583269 0.299916 0.008608 0.042322 0.029312
0 0.987335 0.318628 0.016943 0.157095 0.001501
0 0.989734 0.310169 0.020560 0.184441 0.010987
0 0.347062 0.315502 0.044298 0.163146 0.001501
0 0.485387 0.319347 0.010176 0.056167 0.075858
0 0.495773 0.318977 0.008623 0.038777 0.029312
0 0.583638 0.300486 0.007759 0.043174 0.017986
0 0.592219 0.302123 0.009830 0.037688 0.002473
0 0.608636 0.305585 0.007764 0.041905 0.002473
0 0.758645 0.319418 0.007806 0.050671 0.001501
0 0.795392 0.317497 0.006280 0.042143 0.001501
0 0.987913 0.317796 0.017961 0.148110 0.001501
0 0.990298 0.317469 0.016382 0.157260 0.029312
0 0.147582 0.343745 0.010649 0.052872 0.500000
0 0.149948 0.344829 0.013340 0.055104 0.006693
0 0.347772 0.316109 0.048651 0.179530 0.880797
0 0.347203 0.317616 0.047524 0.177268 0.500000
0 0.485374 0.319536 0.010154 0.056072 0.119203
0 0.494973 0.321570 0.007010 0.037092 0.075858
0 0.503461 0.320723 0.010263 0.039940 0.017986
0 0.582893 0.302535 0.006279 0.048359 0.004070
0 0.609411 0.306241 0.009338 0.045574 0.002473
0 0.757473 0.321733 0.007024 0.045571 0.002473
0 0.796137 0.318138 0.007761 0.036153 0.001501
0 0.833150 0.331210 0.005716 0.032421 0.006693
0 0.845737 0.330910 0.008561 0.036897 0.017986
0 0.854245 0.327507 0.008646 0.043612 0.010987
0 0.897173 0.327654 0.008753 0.030372 0.010987
0 0.991706 0.318999 0.016671 0.154085 0.075858
0 0.007733 0.358710 0.015495 0.067693 0.002473
0 0.148400 0.343751 0.011203 0.052882 0.500000
0 0.150561 0.345848 0.012572 0.053191 0.010987
0 0.347171 0.317568 0.047474 0.176139 0.880797
0 0.347766 0.314867 0.048614 0.181537 0.880797
0 0.346544 0.315176 0.048904 0.182149 0.817575
0 0.485374 0.321735 0.010149 0.055332 0.119203
0 0.493009 0.325092 0.008251 0.045030 0.010987
0 0.757893 0.322023 0.006303 0.048583 0.001501
0 0.833669 0.330029 0.007854 0.035159 0.006693
0 0.845761 0.332162 0.008635 0.034434 0.010987
0 0.853427 0.328337 0.010292 0.042359 0.017986
0 0.870108 0.334230 0.009882 0.024114 0.001501
0 0.896407 0.328411 0.007251 0.032133 0.004070
0 0.992312 0.322149 0.015523 0.148319 0.119203
0 0.007692 0.362551 0.015476 0.074681 0.004070
0 0.148401 0.344917 0.011204 0.055076 0.500000
0 0.150445 0.345979 0.012810 0.053009 0.010987
0 0.347746 0.317727 0.048597 0.176115 0.880797
0 0.347759 0.315934 0.048629 0.179122 0.880797
0 0.346539 0.315934 0.048903 0.179123 0.880797
0 0.346549 0.316077 0.051173 0.179664 0.075858
0 0.992333 0.329465 0.015527 0.133049 0.047426
0 0.008488 0.367997 0.013999 0.073106 0.006693
0 0.347060 0.320512 0.049969 0.170797 0.047426
0 0.347236 0.317609 0.047579 0.176880 0.817575
0 0.346538 0.317475 0.048907 0.177200 0.817575
0 0.992325 0.343559 0.015463 0.110197 0.047426
1 0.508670 0.316152 0.020925 0.035794 0.004070
1 0.511675 0.308659 0.023608 0.028962 0.004070
1 0.422238 0.320283 0.011583 0.021040 0.047426
1 0.434488 0.318248 0.014220 0.017002 0.002473
1 0.465789 0.316920 0.015492 0.014068 0.006693
1 0.494973 0.321570 0.007010 0.037092 0.001501
1 0.869107 0.332040 0.016121 0.026040 0.001501
1 0.878588 0.329387 0.018506 0.024311 0.002473
1 0.007733 0.358710 0.015495 0.067693 0.002473
1 0.007692 0.362551 0.015476 0.074681 0.002473
2 0.508670 0.316152 0.020925 0.035794 0.006693
2 0.511675 0.308659 0.023608 0.028962 0.047426
2 0.515414 0.314110 0.019248 0.031592 0.004070
2 0.007733 0.358710 0.015495 0.067693 0.002473
2 0.007692 0.362551 0.015476 0.074681 0.001501
3 0.422072 0.314455 0.013752 0.028199 0.006693
3 0.422238 0.320283 0.011583 0.021040 0.377541
3 0.434488 0.318248 0.014220 0.017002 0.002473
4 0.007692 0.362551 0.015476 0.074681 0.002473
4 0.992333 0.329465 0.015527 0.133049 0.002473
4 0.008488 0.367997 0.013999 0.073106 0.004070
4 0.992325 0.343559 0.015463 0.110197 0.017986
5 0.007733 0.358710 0.015495 0.067693 0.002473
5 0.269111 0.340058 0.010267 0.055730 0.001501
5 0.278302 0.339361 0.024578 0.049625 0.001501
5 0.517707 0.327465 0.011704 0.059405 0.002473
5 0.007692 0.362551 0.015476 0.074681 0.010987
5 0.268802 0.341962 0.009679 0.052894 0.001501
5 0.008488 0.367997 0.013999 0.073106 0.010987
5 0.992325 0.343559 0.015463 0.110197 0.002473
5 0.008033 0.369591 0.013448 0.086259 0.001501
