0 0.463951 0.320849 0.028332 0.132139 0.047426
0 0.463986 0.319472 0.028092 0.133865 0.119203
0 0.256256 0.319554 0.009459 0.055890 0.047426
0 0.394491 0.317760 0.008251 0.036472 0.001501
0 0.443032 0.328372 0.008196 0.068760 0.001501
0 0.463119 0.322788 0.032138 0.135829 0.731059
0 0.463036 0.321753 0.031983 0.138339 0.622459
0 0.483260 0.301039 0.008631 0.035415 0.001501
0 0.858227 0.341730 0.023006 0.095472 0.010987
0 0.867267 0.345959 0.015624 0.104255 0.010987
0 0.882128 0.349618 0.017041 0.121401 0.001501
0 0.030483 0.340384 0.011013 0.055790 0.622459
0 0.093749 0.337032 0.009449 0.044000 0.017986
0 0.256253 0.321867 0.006746 0.055048 0.047426
0 0.393750 0.317210 0.006751 0.032579 0.004070
0 0.406321 0.320227 0.009687 0.040442 0.002473
0 0.443680 0.327601 0.009604 0.072803 0.006693
0 0.463223 0.321959 0.029587 0.134306 0.817575
0 0.463187 0.322812 0.029573 0.136003 0.731059
0 0.858011 0.345460 0.027845 0.094101 0.002473
0 0.861781 0.348343 0.023722 0.101639 0.002473
0 0.880597 0.355746 0.024119 0.114299 0.002473
0 0.030486 0.340433 0.011018 0.055907 0.622459
0 0.093749 0.337996 0.009459 0.045731 0.017986
0 0.183627 0.348588 0.007764 0.042785 0.001501
0 0.256250 0.322007 0.006751 0.054722 0.047426
0 0.404855 0.323631 0.009845 0.048279 0.001501
0 0.441297 0.327682 0.011775 0.076266 0.004070
0 0.463770 0.322930 0.030671 0.132444 0.731059
0 0.463186 0.322902 0.029575 0.132392 0.731059
0 0.904249 0.351495 0.017216 0.121106 0.001501
0 0.030491 0.338517 0.011010 0.057114 0.622459
0 0.444827 0.328705 0.015254 0.087740 0.001501
0 0.463190 0.323054 0.029558 0.135860 0.731059
0 0.463204 0.322964 0.029539 0.132461 0.817575
0 0.463232 0.323348 0.029700 0.135386 0.500000
0 0.463164 0.324092 0.029620 0.133886 0.622459
1 0.414912 0.316205 0.026910 0.033271 0.001501
1 0.343766 0.321775 0.012630 0.013517 0.017986
1 0.367130 0.319562 0.015999 0.014374 0.001501
2 0.414912 0.316205 0.026910 0.033271 0.029312
2 0.414815 0.312234 0.026428 0.027954 0.047426
2 0.406321 0.320227 0.009687 0.040442 0.004070
2 0.414315 0.316344 0.024944 0.036179 0.119203
4 0.857749 0.347458 0.028748 0.079820 0.004070
4 0.861582 0.355320 0.028778 0.083230 0.004070
4 0.877338 0.361802 0.032936 0.104424 0.029312
4 0.878408 0.365055 0.032680 0.102983 0.017986
4 0.858170 0.352374 0.030760 0.068316 0.010987
4 0.857711 0.349400 0.028417 0.074291 0.010987
4 0.872233 0.361818 0.027297 0.092739 0.010987
4 0.878401 0.368870 0.031893 0.095654 0.047426
4 0.878074 0.371515 0.034423 0.090380 0.029312
4 0.858802 0.353534 0.032025 0.068920 0.006693
4 0.858605 0.350433 0.030237 0.075280 0.017986
4 0.877811 0.369447 0.033753 0.099239 0.075858
4 0.877931 0.373391 0.033953 0.086631 0.047426
4 0.878498 0.371690 0.035212 0.090043 0.029312
4 0.878390 0.373415 0.031840 0.092015 0.119203
4 0.877824 0.376606 0.033735 0.085448 0.075858
4 0.878088 0.372157 0.034498 0.084191 0.047426
5 0.226988 0.331218 0.019300 0.056052 0.001501
5 0.858011 0.345460 0.027845 0.094101 0.029312
5 0.861781 0.348343 0.023722 0.101639 0.017986
5 0.880597 0.355746 0.024119 0.114299 0.004070
5 0.183627 0.348588 0.007764 0.042785 0.001501
5 0.219979 0.344987 0.007026 0.034561 0.004070
5 0.230448 0.340615 0.008376 0.040777 0.002473
5 0.845265 0.342339 0.012617 0.051247 0.004070
5 0.857749 0.347458 0.028748 0.079820 0.182426
5 0.861582 0.355320 0.028778 0.083230 0.047426
5 0.877338 0.361802 0.032936 0.104424 0.075858
5 0.878408 0.365055 0.032680 0.102983 0.029312
5 0.030491 0.338517 0.011010 0.057114 0.002473
5 0.164466 0.355038 0.009795 0.035007 0.002473
5 0.183132 0.349715 0.005715 0.045631 0.002473
5 0.858170 0.352374 0.030760 0.068316 0.047426
5 0.857711 0.349400 0.028417 0.074291 0.377541
5 0.872233 0.361818 0.027297 0.092739 0.047426
5 0.878401 0.368870 0.031893 0.095654 0.075858
5 0.878074 0.371515 0.034423 0.090380 0.047426
5 0.858802 0.353534 0.032025 0.068920 0.001501
5 0.858605 0.350433 0.030237 0.075280 0.119203
5 0.877811 0.369447 0.033753 0.099239 0.119203
5 0.877931 0.373391 0.033953 0.086631 0.182426
5 0.878498 0.371690 0.035212 0.090043 0.119203
5 0.878390 0.373415 0.031840 0.092015 0.029312
5 0.877824 0.376606 0.033735 0.085448 0.075858
5 0.878088 0.372157 0.034498 0.084191 0.047426
