0 0.179795 0.305477 0.009642 0.037374 0.010987
0 0.222850 0.324141 0.010128 0.075272 0.001501
0 0.428595 0.313647 0.007217 0.034440 0.010987
0 0.606249 0.322908 0.012526 0.067711 0.500000
0 0.734700 0.325670 0.013734 0.068192 0.029312
0 0.182052 0.307289 0.014385 0.038897 0.002473
0 0.223026 0.331294 0.009774 0.074902 0.001501
0 0.428596 0.316909 0.007208 0.033064 0.006693
0 0.547625 0.312195 0.010765 0.051349 0.001501
0 0.555026 0.313791 0.007066 0.039413 0.001501
0 0.607015 0.322852 0.011007 0.067768 0.731059
0 0.633646 0.322163 0.007821 0.043800 0.001501
0 0.707852 0.327829 0.009972 0.042461 0.002473
0 0.732033 0.324624 0.014161 0.065415 0.029312
0 0.223183 0.329691 0.011935 0.076915 0.001501
0 0.606259 0.322853 0.012545 0.067751 0.731059
0 0.710518 0.328127 0.013150 0.047300 0.002473
0 0.733479 0.326757 0.014024 0.060030 0.075858
0 0.733944 0.337153 0.018159 0.084830 0.017986
0 0.823826 0.331174 0.017041 0.078604 0.001501
0 0.873225 0.363275 0.024598 0.116973 0.001501
1 0.460719 0.312120 0.025299 0.025093 0.002473
1 0.461627 0.311347 0.023762 0.023555 0.002473
1 0.460741 0.315916 0.021930 0.029881 0.001501
1 0.461828 0.314802 0.020676 0.027776 0.001501
1 0.099976 0.364660 0.199955 0.214674 0.904651
1 0.099996 0.363836 0.200016 0.212733 0.904651
1 0.101556 0.363813 0.200025 0.212628 0.924142
1 0.100009 0.364619 0.203161 0.214553 0.924142
1 0.099978 0.364765 0.199957 0.214365 0.880797
1 0.099987 0.364950 0.200002 0.210400 0.904651
1 0.100771 0.364933 0.201562 0.210410 0.904651
1 0.100791 0.365787 0.201593 0.212271 0.904651
1 0.099962 0.363698 0.200009 0.216497 0.924142
1 0.100011 0.363663 0.200034 0.216397 0.924142
2 0.088568 0.267632 0.177568 0.063874 0.002473
2 0.460719 0.312120 0.025299 0.025093 0.017986
2 0.461627 0.311347 0.023762 0.023555 0.017986
2 0.460741 0.315916 0.021930 0.029881 0.006693
2 0.461828 0.314802 0.020676 0.027776 0.006693
3 0.083273 0.255096 0.158806 0.038769 0.002473
3 0.104131 0.258297 0.142904 0.053445 0.002473
3 0.122288 0.267922 0.115096 0.078021 0.002473
3 0.126631 0.270865 0.115654 0.088896 0.001501
3 0.081027 0.265980 0.162688 0.055071 0.002473
3 0.088568 0.267632 0.177568 0.063874 0.004070
3 0.098171 0.261082 0.175105 0.059002 0.002473
3 0.097755 0.262414 0.168057 0.066806 0.002473
3 0.123674 0.268321 0.112104 0.084037 0.004070
3 0.129585 0.270573 0.113673 0.088359 0.002473
3 0.138317 0.273109 0.103779 0.088254 0.001501
3 0.461627 0.311347 0.023762 0.023555 0.001501
5 0.755612 0.329148 0.017314 0.033577 0.004070
5 0.282695 0.333472 0.009708 0.031793 0.002473
5 0.755735 0.351142 0.021797 0.066531 0.075858
5 0.226135 0.328915 0.013559 0.079101 0.001501
5 0.753186 0.348731 0.025996 0.075706 0.006693
5 0.755294 0.352802 0.023230 0.069691 0.119203
5 0.757472 0.350280 0.026005 0.073122 0.004070
5 0.754527 0.350369 0.028531 0.077941 0.001501
5 0.755948 0.353046 0.024508 0.069744 0.017986
5 0.873760 0.365430 0.025694 0.107745 0.002473
5 0.876147 0.376195 0.030441 0.086634 0.001501
