0 0.043061 0.292023 0.020531 0.116522 0.010987
0 0.040589 0.293853 0.023686 0.119963 0.004070
0 0.043126 0.292474 0.019992 0.116678 0.017986
0 0.042280 0.292243 0.027085 0.120591 0.002473
0 0.043670 0.291643 0.021087 0.111349 0.010987
0 0.042551 0.292480 0.027561 0.120649 0.004070
0 0.044031 0.291836 0.021828 0.115278 0.010987
0 0.046089 0.295107 0.027408 0.123685 0.004070
0 0.044234 0.298392 0.029388 0.121574 0.002473
0 0.045406 0.296307 0.024531 0.119983 0.010987
0 0.047885 0.323441 0.029489 0.167597 0.006693
0 0.595375 0.321930 0.006281 0.033499 0.002473
0 0.048374 0.331362 0.031581 0.188445 0.006693
0 0.049306 0.337535 0.030174 0.181341 0.006693
1 0.357023 0.335829 0.085988 0.083470 0.924142
1 0.289972 0.341488 0.038748 0.048495 0.001501
1 0.355479 0.334596 0.085990 0.080847 0.924142
1 0.355482 0.333331 0.089043 0.083347 0.924142
1 0.356250 0.335888 0.087509 0.083356 0.880797
1 0.355485 0.334612 0.085989 0.080798 0.880797
1 0.356248 0.334612 0.087508 0.080791 0.924142
1 0.354725 0.335743 0.087506 0.078529 0.924142
1 0.356256 0.333351 0.087545 0.083415 0.924142
1 0.356244 0.335885 0.087514 0.083362 0.924142
1 0.355492 0.333340 0.085982 0.083358 0.880797
1 0.802163 0.421308 0.320439 0.313423 0.904651
1 0.800140 0.420209 0.318195 0.311037 0.924142
1 0.799947 0.419233 0.316516 0.308686 0.924142
1 0.799760 0.419637 0.316874 0.311971 0.924142
1 0.801575 0.418559 0.320930 0.310153 0.924142
1 0.800053 0.418565 0.318021 0.310169 0.924142
1 0.799523 0.418846 0.317247 0.313930 0.924142
1 0.799388 0.417897 0.317356 0.311553 0.924142
1 0.799612 0.419920 0.318933 0.307446 0.939913
1 0.799852 0.419378 0.318320 0.308557 0.924142
2 0.636320 0.318236 0.046120 0.030797 0.002473
2 0.466699 0.861384 0.087852 0.070202 0.001501
3 0.348774 0.280018 0.150443 0.088956 0.001501
3 0.347270 0.284223 0.144138 0.100985 0.006693
3 0.353722 0.288163 0.128799 0.108771 0.004070
3 0.356643 0.287885 0.123577 0.108133 0.002473
3 0.362068 0.288980 0.115068 0.106724 0.002473
3 0.365875 0.286418 0.110724 0.104097 0.001501
4 0.285132 0.340502 0.035960 0.047000 0.001501
4 0.289972 0.341488 0.038748 0.048495 0.010987
4 0.292462 0.342055 0.039700 0.049719 0.017986
4 0.293006 0.341321 0.039158 0.053146 0.010987
4 0.283645 0.340933 0.032897 0.047670 0.002473
4 0.292128 0.343344 0.040815 0.048488 0.017986
4 0.292055 0.342782 0.037832 0.050825 0.047426
4 0.292845 0.343750 0.039375 0.052726 0.029312
4 0.292773 0.344735 0.039332 0.051002 0.029312
4 0.292890 0.344982 0.036165 0.054990 0.029312
4 0.293030 0.343558 0.036035 0.053382 0.029312
5 0.289972 0.341488 0.038748 0.048495 0.002473
5 0.292462 0.342055 0.039700 0.049719 0.004070
5 0.293006 0.341321 0.039158 0.053146 0.004070
5 0.292128 0.343344 0.040815 0.048488 0.002473
5 0.292055 0.342782 0.037832 0.050825 0.004070
5 0.292845 0.343750 0.039375 0.052726 0.004070
5 0.292773 0.344735 0.039332 0.051002 0.002473
5 0.292890 0.344982 0.036165 0.054990 0.006693
5 0.293030 0.343558 0.036035 0.053382 0.004070
