1 0.366085 0.320447 0.029336 0.044389 0.047426
1 0.369638 0.321590 0.036075 0.042223 0.119203
1 0.370754 0.320860 0.037446 0.042599 0.075858
1 0.399610 0.310740 0.026576 0.024997 0.002473
1 0.431302 0.314000 0.012768 0.028840 0.002473
1 0.370281 0.321779 0.037651 0.044170 0.182426
1 0.371102 0.322152 0.036232 0.042654 0.377541
1 0.369725 0.322246 0.036016 0.042436 0.268941
1 0.399326 0.317553 0.030329 0.033134 0.002473
1 0.401796 0.317788 0.029408 0.031809 0.002473
1 0.424852 0.318000 0.025885 0.030918 0.002473
1 0.429671 0.317070 0.015900 0.032588 0.001501
1 0.467977 0.316528 0.011004 0.017766 0.500000
1 0.624307 0.342756 0.120478 0.115868 0.880797
1 0.623356 0.342748 0.118626 0.115846 0.880797
1 0.623783 0.342681 0.119364 0.116027 0.880797
1 0.370994 0.323191 0.039212 0.046548 0.047426
1 0.370566 0.323111 0.037464 0.044498 0.075858
1 0.370590 0.323105 0.038222 0.044500 0.075858
1 0.624296 0.342168 0.120484 0.117040 0.924142
1 0.623764 0.341007 0.119455 0.114846 0.880797
1 0.623802 0.340906 0.119370 0.115101 0.880797
1 0.624310 0.341691 0.120518 0.113442 0.817575
1 0.624441 0.341044 0.118101 0.114787 0.924142
1 0.623800 0.341642 0.119407 0.118058 0.924142
1 0.623762 0.342841 0.119411 0.115785 0.880797
1 0.208390 0.387015 0.307594 0.303871 0.924142
1 0.209342 0.386470 0.306925 0.299990 0.924142
1 0.207073 0.386936 0.310914 0.303976 0.924142
1 0.207575 0.387062 0.308936 0.303955 0.924142
1 0.208390 0.386542 0.307709 0.299975 0.924142
1 0.209646 0.386582 0.305353 0.299954 0.924142
1 0.207698 0.387810 0.309317 0.302514 0.939913
1 0.208875 0.384079 0.306100 0.300213 0.939913
1 0.209171 0.385241 0.306725 0.302616 0.924142
1 0.208490 0.384040 0.308062 0.300336 0.939913
2 0.016330 0.304275 0.032818 0.131263 0.001501
2 0.031158 0.308367 0.059298 0.141428 0.010987
2 0.035087 0.307776 0.070265 0.149618 0.017986
2 0.039777 0.305252 0.079628 0.149202 0.004070
2 0.777990 0.292386 0.124909 0.075505 0.001501
2 0.789194 0.292731 0.134730 0.080852 0.001501
2 0.799379 0.291326 0.153596 0.083449 0.002473
2 0.801831 0.291342 0.148054 0.088969 0.001501
2 0.036894 0.310266 0.073843 0.146209 0.006693
2 0.040243 0.309018 0.080583 0.146136 0.010987
2 0.045436 0.307275 0.090974 0.153253 0.006693
2 0.066390 0.298961 0.133764 0.127609 0.001501
2 0.040886 0.312970 0.081807 0.152671 0.017986
2 0.043771 0.311422 0.087647 0.152486 0.004070
2 0.048604 0.311736 0.097375 0.157762 0.002473
2 0.366085 0.320447 0.029336 0.044389 0.004070
2 0.369638 0.321590 0.036075 0.042223 0.002473
2 0.370754 0.320860 0.037446 0.042599 0.001501
2 0.399610 0.310740 0.026576 0.024997 0.001501
2 0.431302 0.314000 0.012768 0.028840 0.004070
2 0.570950 0.309784 0.020725 0.041465 0.001501
2 0.042199 0.317719 0.084463 0.162490 0.002473
2 0.369725 0.322246 0.036016 0.042436 0.001501
2 0.399326 0.317553 0.030329 0.033134 0.002473
2 0.429671 0.317070 0.015900 0.032588 0.004070
3 0.036894 0.310266 0.073843 0.146209 0.002473
3 0.040243 0.309018 0.080583 0.146136 0.002473
3 0.045436 0.307275 0.090974 0.153253 0.001501
3 0.613757 0.279610 0.049694 0.023547 0.001501
3 0.040886 0.312970 0.081807 0.152671 0.004070
3 0.043771 0.311422 0.087647 0.152486 0.002473
3 0.048604 0.311736 0.097375 0.157762 0.002473
3 0.366085 0.320447 0.029336 0.044389 0.004070
3 0.369638 0.321590 0.036075 0.042223 0.004070
3 0.370754 0.320860 0.037446 0.042599 0.002473
3 0.399610 0.310740 0.026576 0.024997 0.001501
3 0.422620 0.313403 0.029618 0.034261 0.001501
3 0.431302 0.314000 0.012768 0.028840 0.004070
3 0.570950 0.309784 0.020725 0.041465 0.002473
3 0.042199 0.317719 0.084463 0.162490 0.002473
3 0.371102 0.322152 0.036232 0.042654 0.001501
3 0.401796 0.317788 0.029408 0.031809 0.001501
3 0.424852 0.318000 0.025885 0.030918 0.001501
3 0.429671 0.317070 0.015900 0.032588 0.002473
3 0.467977 0.316528 0.011004 0.017766 0.010987
