1 0.036034 0.336103 0.072094 0.098625 0.880797
1 0.064159 0.326121 0.027763 0.055790 0.047426
1 0.276894 0.337163 0.187000 0.169207 0.004070
1 0.278126 0.337969 0.187377 0.170841 0.924142
1 0.276956 0.337964 0.185233 0.170852 0.924142
1 0.460600 0.316190 0.034900 0.043993 0.002473
1 0.460867 0.316182 0.034281 0.043985 0.006693
1 0.460818 0.317324 0.034212 0.041730 0.010987
1 0.035472 0.335920 0.070967 0.098237 0.880797
1 0.036262 0.336126 0.069492 0.098583 0.880797
1 0.035447 0.336125 0.070923 0.098589 0.880797
1 0.071538 0.329409 0.015346 0.054832 0.119203
1 0.072692 0.330948 0.018320 0.056447 0.002473
1 0.179023 0.337926 0.013949 0.046016 0.182426
1 0.276994 0.337976 0.187170 0.170865 0.880797
1 0.278167 0.337045 0.187521 0.169013 0.880797
1 0.277265 0.337065 0.185694 0.169078 0.924142
1 0.460594 0.316185 0.034897 0.044019 0.001501
1 0.460957 0.316190 0.034001 0.043976 0.010987
1 0.461362 0.317081 0.035284 0.045789 0.029312
1 0.597777 0.330926 0.026385 0.036901 0.817575
1 0.598007 0.330917 0.029000 0.036895 0.817575
1 0.697032 0.347194 0.174883 0.170855 0.880797
1 0.697194 0.347123 0.172500 0.171048 0.924142
1 0.698436 0.347068 0.172138 0.171023 0.880797
1 0.798967 0.362800 0.112672 0.117877 0.047426
1 0.035490 0.336113 0.070994 0.098617 0.880797
1 0.035108 0.337246 0.070237 0.096351 0.924142
1 0.036253 0.337040 0.069471 0.096018 0.880797
1 0.072054 0.329889 0.016232 0.053840 0.075858
1 0.073047 0.331500 0.018312 0.055173 0.004070
1 0.164143 0.338207 0.016176 0.016217 0.002473
1 0.179035 0.340134 0.013919 0.041663 0.268941
1 0.186333 0.337826 0.025969 0.050920 0.001501
1 0.277254 0.337940 0.185420 0.170727 0.924142
1 0.278346 0.337044 0.185125 0.168955 0.924142
1 0.277290 0.337040 0.185749 0.168953 0.924142
1 0.598534 0.333319 0.027919 0.036649 0.817575
1 0.598532 0.330912 0.027949 0.036913 0.731059
1 0.697009 0.347220 0.174839 0.170903 0.924142
1 0.697745 0.346020 0.173626 0.169689 0.924142
1 0.698479 0.347205 0.172134 0.170885 0.924142
1 0.799346 0.362800 0.113105 0.117741 0.817575
1 0.799586 0.363457 0.112152 0.119794 0.817575
1 0.797297 0.362457 0.115652 0.118357 0.731059
1 0.887200 0.362510 0.090643 0.076324 0.817575
1 0.886690 0.362909 0.091851 0.075507 0.924142
1 0.885796 0.362468 0.093483 0.076446 0.880797
1 0.992289 0.347335 0.015558 0.037453 0.001501
1 0.035494 0.337453 0.070998 0.096815 0.880797
1 0.035482 0.336147 0.071016 0.098684 0.924142
1 0.035492 0.336126 0.071000 0.098705 0.924142
1 0.179024 0.340512 0.013977 0.050263 0.004070
1 0.278171 0.335925 0.187515 0.166724 0.924142
1 0.277299 0.334679 0.185741 0.169227 0.952574
1 0.697730 0.347192 0.173558 0.170836 0.880797
1 0.697959 0.347135 0.171080 0.171015 0.924142
1 0.697723 0.347003 0.173668 0.171219 0.952574
1 0.799797 0.362574 0.112456 0.118049 0.731059
1 0.798707 0.362732 0.114343 0.117647 0.817575
1 0.795709 0.363379 0.119929 0.116350 0.731059
1 0.887648 0.362917 0.091506 0.075497 0.817575
1 0.887626 0.362462 0.091563 0.076394 0.880797
1 0.885876 0.361826 0.093478 0.073136 0.880797
1 0.885058 0.362468 0.094704 0.076458 0.817575
1 0.992210 0.352016 0.012694 0.033738 0.001501
1 0.697944 0.347037 0.171109 0.171277 0.924142
1 0.799322 0.362797 0.113399 0.117628 0.731059
1 0.798959 0.361768 0.113409 0.115132 0.731059
1 0.796627 0.361640 0.117628 0.115339 0.731059
1 0.887003 0.362468 0.092793 0.076420 0.817575
1 0.886660 0.362464 0.092009 0.076411 0.880797
1 0.886545 0.362464 0.092150 0.076414 0.880797
1 0.800778 0.364394 0.109759 0.114321 0.622459
2 0.580513 0.175649 0.058168 0.106919 0.001501
2 0.580511 0.177264 0.058152 0.104834 0.004070
2 0.581122 0.177422 0.059680 0.105101 0.002473
2 0.581238 0.177040 0.059388 0.104346 0.001501
2 0.581129 0.176811 0.059813 0.103888 0.001501
2 0.580513 0.177076 0.060491 0.104288 0.001501
2 0.581052 0.177043 0.063369 0.104404 0.002473
2 0.581539 0.175880 0.061779 0.101410 0.001501
2 0.793272 0.300195 0.099433 0.067185 0.001501
2 0.793041 0.300592 0.098585 0.071399 0.001501
2 0.794474 0.300392 0.105505 0.072399 0.001501
2 0.806493 0.302549 0.113668 0.075762 0.001501
2 0.064159 0.326121 0.027763 0.055790 0.006693
2 0.460600 0.316190 0.034900 0.043993 0.119203
2 0.460867 0.316182 0.034281 0.043985 0.119203
2 0.460818 0.317324 0.034212 0.041730 0.075858
2 0.795252 0.305508 0.098296 0.057649 0.001501
2 0.793092 0.304768 0.092019 0.063216 0.001501
2 0.071538 0.329409 0.015346 0.054832 0.004070
2 0.072692 0.330948 0.018320 0.056447 0.001501
2 0.460594 0.316185 0.034897 0.044019 0.047426
2 0.460957 0.316190 0.034001 0.043976 0.047426
2 0.461362 0.317081 0.035284 0.045789 0.047426
2 0.072054 0.329889 0.016232 0.053840 0.002473
3 0.792934 0.299404 0.098699 0.063655 0.004070
3 0.793272 0.300195 0.099433 0.067185 0.006693
3 0.793041 0.300592 0.098585 0.071399 0.006693
3 0.794474 0.300392 0.105505 0.072399 0.004070
3 0.806493 0.302549 0.113668 0.075762 0.002473
3 0.064159 0.326121 0.027763 0.055790 0.029312
3 0.460600 0.316190 0.034900 0.043993 0.047426
3 0.460867 0.316182 0.034281 0.043985 0.500000
3 0.460818 0.317324 0.034212 0.041730 0.500000
3 0.795544 0.324258 0.104817 0.067374 0.001501
3 0.797033 0.312539 0.106769 0.055592 0.004070
3 0.795252 0.305508 0.098296 0.057649 0.006693
3 0.793092 0.304768 0.092019 0.063216 0.002473
3 0.810628 0.305213 0.111601 0.067142 0.001501
3 0.071538 0.329409 0.015346 0.054832 0.029312
3 0.072692 0.330948 0.018320 0.056447 0.001501
3 0.460594 0.316185 0.034897 0.044019 0.047426
3 0.460957 0.316190 0.034001 0.043976 0.500000
3 0.461362 0.317081 0.035284 0.045789 0.500000
3 0.899546 0.332255 0.069178 0.040083 0.001501
3 0.902312 0.332125 0.062009 0.039838 0.001501
3 0.072054 0.329889 0.016232 0.053840 0.029312
5 0.072054 0.329889 0.016232 0.053840 0.001501
