0 0.990271 0.367431 0.019496 0.098035 0.002473
0 0.019794 0.392134 0.039761 0.379424 0.001501
0 0.020444 0.409176 0.041012 0.348793 0.001501
0 0.021295 0.416981 0.042660 0.327974 0.001501
1 0.321143 0.326889 0.057733 0.054592 0.880797
1 0.321907 0.326226 0.059265 0.055897 0.880797
1 0.321150 0.326881 0.057724 0.054583 0.817575
1 0.276569 0.330107 0.028216 0.025746 0.119203
1 0.277853 0.330238 0.027445 0.025933 0.075858
1 0.321905 0.326868 0.059305 0.054568 0.002473
1 0.321409 0.326231 0.057194 0.055877 0.880797
1 0.321141 0.326888 0.057730 0.054564 0.880797
1 0.321903 0.326890 0.059269 0.054565 0.880797
1 0.321288 0.326930 0.057580 0.054510 0.817575
1 0.366173 0.328725 0.048519 0.037680 0.817575
1 0.366069 0.329637 0.048696 0.039496 0.817575
1 0.366512 0.328746 0.047795 0.037668 0.817575
1 0.439640 0.325624 0.054305 0.031376 0.817575
1 0.440345 0.327337 0.052630 0.029712 0.880797
1 0.439797 0.327335 0.051524 0.029705 0.880797
1 0.439053 0.327341 0.052943 0.029716 0.817575
1 0.468822 0.326227 0.023443 0.027501 0.622459
1 0.469661 0.322919 0.025116 0.026108 0.029312
1 0.988148 0.367626 0.020896 0.102353 0.001501
1 0.990271 0.367431 0.019496 0.098035 0.010987
1 0.277988 0.331310 0.027979 0.028306 0.017986
1 0.277937 0.331307 0.027610 0.028151 0.017986
1 0.321138 0.328185 0.057735 0.057079 0.880797
1 0.321906 0.328621 0.059264 0.056202 0.880797
1 0.321148 0.327518 0.057721 0.058418 0.880797
1 0.366030 0.328481 0.048811 0.041779 0.880797
1 0.366180 0.329640 0.048466 0.039458 0.817575
1 0.366484 0.329616 0.047836 0.039520 0.817575
1 0.012880 0.366871 0.025852 0.300675 0.001501
1 0.017568 0.380264 0.038323 0.371764 0.001501
1 0.019794 0.392134 0.039761 0.379424 0.006693
1 0.020863 0.403478 0.041900 0.360855 0.002473
1 0.020444 0.409176 0.041012 0.348793 0.002473
1 0.021295 0.416981 0.042660 0.327974 0.001501
1 0.123456 0.329753 0.246926 0.262452 0.904651
1 0.122755 0.329864 0.245468 0.262574 0.924142
1 0.123475 0.328853 0.246899 0.264663 0.924142
1 0.124947 0.328621 0.246831 0.260178 0.904651
1 0.124215 0.328910 0.248457 0.264430 0.904651
1 0.123459 0.328591 0.246904 0.259906 0.904651
1 0.124233 0.328524 0.248390 0.260043 0.904651
1 0.124211 0.328899 0.248428 0.264370 0.924142
1 0.123462 0.328070 0.246900 0.266025 0.904651
1 0.124238 0.327588 0.248387 0.261869 0.924142
2 0.037237 0.266154 0.074511 0.141608 0.001501
2 0.437318 0.303425 0.087803 0.066396 0.004070
2 0.437424 0.303694 0.088107 0.066931 0.010987
2 0.438246 0.305681 0.083138 0.066803 0.006693
2 0.447312 0.313214 0.055495 0.053588 0.002473
2 0.446730 0.313984 0.066901 0.048435 0.001501
2 0.073413 0.311903 0.152853 0.271148 0.001927
3 0.468822 0.326227 0.023443 0.027501 0.006693
3 0.469661 0.322919 0.025116 0.026108 0.002473
4 0.276569 0.330107 0.028216 0.025746 0.001501
4 0.988148 0.367626 0.020896 0.102353 0.010987
4 0.990271 0.367431 0.019496 0.098035 0.029312
4 0.277988 0.331310 0.027979 0.028306 0.001501
4 0.851882 0.361355 0.034653 0.051027 0.731059
4 0.852012 0.362939 0.034946 0.049668 0.731059
4 0.852056 0.361754 0.035316 0.051871 0.500000
4 0.883265 0.356688 0.030773 0.042217 0.001501
4 0.990147 0.371770 0.019753 0.089871 0.377541
4 0.990250 0.370712 0.019513 0.091741 0.500000
4 0.849272 0.361413 0.039140 0.051420 0.004070
4 0.851837 0.363615 0.034574 0.051040 0.731059
4 0.852688 0.363036 0.033589 0.049695 0.731059
4 0.852092 0.362987 0.035221 0.049679 0.268941
4 0.883399 0.360975 0.030524 0.040552 0.002473
4 0.989392 0.372163 0.018213 0.089096 0.268941
4 0.990258 0.372426 0.019504 0.083585 0.731059
4 0.851863 0.361926 0.034691 0.051976 0.731059
4 0.851737 0.362561 0.034498 0.053343 0.622459
4 0.852125 0.361924 0.035163 0.052007 0.268941
4 0.990153 0.373433 0.019734 0.086499 0.377541
4 0.990435 0.374711 0.019150 0.084004 0.731059
4 0.989392 0.373722 0.018214 0.080845 0.500000
4 0.990434 0.373053 0.019159 0.082274 0.731059
4 0.020444 0.409176 0.041012 0.348793 0.002473
4 0.021295 0.416981 0.042660 0.327974 0.010987
4 0.020902 0.424753 0.041848 0.317846 0.029312
4 0.021691 0.419984 0.040454 0.327754 0.017986
4 0.020838 0.444839 0.041713 0.272084 0.182426
4 0.021200 0.449733 0.042404 0.267469 0.182426
4 0.020803 0.438557 0.041712 0.290150 0.268941
4 0.020833 0.457204 0.041725 0.246882 0.500000
4 0.021197 0.461268 0.042418 0.244131 0.377541
4 0.020048 0.457518 0.043235 0.246680 0.268941
4 0.021228 0.463202 0.042520 0.235126 0.500000
4 0.020831 0.468880 0.041736 0.228889 0.377541
4 0.021229 0.470440 0.042534 0.225883 0.001501
5 0.988148 0.367626 0.020896 0.102353 0.001501
5 0.990271 0.367431 0.019496 0.098035 0.002473
5 0.017568 0.380264 0.038323 0.371764 0.010987
5 0.019966 0.380193 0.040002 0.354663 0.006693
5 0.019794 0.392134 0.039761 0.379424 0.075858
5 0.020661 0.392717 0.038368 0.368102 0.017986
5 0.020863 0.403478 0.041900 0.360855 0.268941
5 0.020444 0.409176 0.041012 0.348793 0.622459
5 0.021158 0.409336 0.042557 0.340818 0.002473
5 0.021295 0.416981 0.042660 0.327974 0.500000
5 0.020902 0.424753 0.041848 0.317846 0.622459
5 0.021691 0.419984 0.040454 0.327754 0.268941
5 0.020838 0.444839 0.041713 0.272084 0.268941
5 0.021200 0.449733 0.042404 0.267469 0.268941
5 0.020803 0.438557 0.041712 0.290150 0.119203
5 0.020833 0.457204 0.041725 0.246882 0.119203
5 0.021197 0.461268 0.042418 0.244131 0.119203
5 0.020048 0.457518 0.043235 0.246680 0.010987
5 0.021228 0.463202 0.042520 0.235126 0.047426
5 0.020831 0.468880 0.041736 0.228889 0.017986
