0 0.644301 0.316479 0.005687 0.033828 0.006693
0 0.619443 0.321863 0.008414 0.037172 0.001501
0 0.644294 0.318185 0.005659 0.030406 0.006693
0 0.843749 0.341260 0.009459 0.057692 0.001501
0 0.869518 0.339017 0.010998 0.053074 0.006693
0 0.619998 0.325620 0.007088 0.044617 0.001501
0 0.845190 0.342447 0.009650 0.059949 0.004070
0 0.869542 0.340083 0.011060 0.055248 0.010987
0 0.843757 0.343801 0.006854 0.057414 0.002473
0 0.869563 0.342525 0.014243 0.060133 0.010987
1 0.492226 0.321625 0.012702 0.018353 0.029312
1 0.504225 0.322899 0.008689 0.015840 0.001501
1 0.547483 0.324875 0.014218 0.030066 0.017986
1 0.550124 0.322332 0.019139 0.029706 0.017986
1 0.569403 0.319044 0.015047 0.019150 0.001501
1 0.606209 0.316808 0.018671 0.023451 0.004070
1 0.033821 0.340754 0.067685 0.423038 0.182426
1 0.729207 0.336367 0.033136 0.016846 0.001501
1 0.033509 0.355134 0.063994 0.394090 0.377541
1 0.032932 0.351261 0.068961 0.399122 0.500000
1 0.032876 0.349973 0.065777 0.401717 0.377541
1 0.032724 0.367822 0.065473 0.362130 0.500000
1 0.033302 0.367350 0.066621 0.363027 0.500000
1 0.034104 0.367419 0.065167 0.362925 0.377541
1 0.032791 0.374003 0.065606 0.346059 0.500000
1 0.034107 0.369913 0.065175 0.349683 0.500000
1 0.033340 0.375278 0.066703 0.338926 0.377541
1 0.033420 0.376403 0.066870 0.336203 0.182426
3 0.605560 0.314019 0.017719 0.029045 0.002473
3 0.727178 0.316932 0.042918 0.051836 0.001501
3 0.726668 0.315255 0.040313 0.053323 0.002473
3 0.728097 0.315233 0.041963 0.055439 0.001501
3 0.492226 0.321625 0.012702 0.018353 0.047426
3 0.547483 0.324875 0.014218 0.030066 0.002473
3 0.550124 0.322332 0.019139 0.029706 0.001501
3 0.606209 0.316808 0.018671 0.023451 0.004070
3 0.033821 0.340754 0.067685 0.423038 0.006693
3 0.033509 0.355134 0.063994 0.394090 0.006693
3 0.032932 0.351261 0.068961 0.399122 0.002473
4 0.545567 0.330641 0.013101 0.042288 0.002473
4 0.549582 0.329799 0.020282 0.045392 0.001501
5 0.547483 0.324875 0.014218 0.030066 0.004070
5 0.545567 0.330641 0.013101 0.042288 0.010987
5 0.549582 0.329799 0.020282 0.045392 0.002473
