0 0.796663 0.265823 0.012629 0.043330 0.002473
0 0.724387 0.307834 0.013235 0.056399 0.010987
0 0.727993 0.306762 0.009506 0.058671 0.047426
0 0.736981 0.305729 0.015485 0.066558 0.002473
0 0.695381 0.312460 0.006263 0.032070 0.004070
0 0.703870 0.312488 0.007768 0.036599 0.010987
0 0.722885 0.310361 0.010176 0.051115 0.119203
0 0.728000 0.307874 0.009487 0.056387 0.119203
0 0.737514 0.311700 0.013713 0.053546 0.004070
0 0.695376 0.313554 0.006240 0.030144 0.004070
0 0.704363 0.312551 0.005673 0.031978 0.010987
0 0.722192 0.309890 0.008789 0.047087 0.119203
0 0.734694 0.309040 0.011492 0.058433 0.182426
0 0.737237 0.311690 0.014243 0.053512 0.004070
0 0.144399 0.330441 0.005883 0.042415 0.006693
0 0.734037 0.313011 0.010169 0.065605 0.002473
1 0.326717 0.309990 0.103498 0.098062 0.880797
1 0.326502 0.310184 0.103291 0.097707 0.817575
1 0.325946 0.310173 0.105033 0.097931 0.817575
1 0.391562 0.319167 0.175954 0.116783 0.817575
1 0.606804 0.316445 0.055612 0.075382 0.622459
1 0.284668 0.315505 0.035248 0.048485 0.006693
1 0.289735 0.314848 0.039995 0.047583 0.017986
1 0.324560 0.307814 0.102225 0.092847 0.377541
1 0.325149 0.309081 0.103389 0.095400 0.880797
1 0.325771 0.310204 0.104783 0.097677 0.880797
1 0.326057 0.309584 0.102048 0.094679 0.731059
1 0.392557 0.319095 0.176598 0.116900 0.880797
1 0.392114 0.319104 0.176019 0.116909 0.880797
1 0.392120 0.319107 0.176007 0.116922 0.880797
1 0.606787 0.316487 0.055623 0.075367 0.880797
1 0.605571 0.316942 0.058075 0.074454 0.880797
1 0.606248 0.316959 0.056700 0.074431 0.880797
1 0.014116 0.324056 0.028291 0.028337 0.500000
1 0.014016 0.321795 0.028050 0.028299 0.500000
1 0.016556 0.325171 0.034398 0.031138 0.004070
1 0.152282 0.321618 0.023808 0.034365 0.004070
1 0.283263 0.316230 0.030991 0.049774 0.004070
1 0.285658 0.316435 0.032548 0.050927 0.010987
1 0.326140 0.307819 0.105351 0.092889 0.880797
1 0.327464 0.309103 0.104980 0.095461 0.880797
1 0.327519 0.311597 0.100815 0.096645 0.029312
1 0.392578 0.319296 0.176533 0.116545 0.880797
1 0.392131 0.318869 0.175985 0.117391 0.880797
1 0.392336 0.318866 0.176382 0.117400 0.880797
1 0.606244 0.316959 0.056712 0.074417 0.817575
1 0.606250 0.316961 0.056719 0.074419 0.880797
1 0.606254 0.316945 0.056703 0.074455 0.880797
1 0.294056 0.323616 0.041639 0.062066 0.010987
1 0.325316 0.310707 0.103686 0.096755 0.002473
1 0.325815 0.311486 0.104270 0.095495 0.622459
1 0.392828 0.319180 0.177043 0.116773 0.880797
1 0.392595 0.319109 0.175512 0.116914 0.880797
1 0.392335 0.318992 0.176379 0.117151 0.880797
1 0.606243 0.316987 0.056689 0.074382 0.924142
1 0.606260 0.318236 0.056703 0.076979 0.880797
1 0.606245 0.317808 0.054531 0.077837 0.880797
2 0.531905 0.272636 0.132818 0.146750 0.880797
2 0.532382 0.272634 0.131667 0.146750 0.731059
2 0.532044 0.272258 0.132853 0.147226 0.119203
2 0.530482 0.273090 0.127815 0.145864 0.119203
2 0.532440 0.272679 0.131592 0.146848 0.817575
2 0.533167 0.272382 0.132782 0.147443 0.817575
2 0.532844 0.272421 0.134444 0.147190 0.731059
2 0.325946 0.310173 0.105033 0.097931 0.001501
2 0.325059 0.304052 0.108498 0.083820 0.002473
2 0.530066 0.273229 0.126625 0.147934 0.047426
2 0.532832 0.272682 0.132154 0.146833 0.817575
2 0.533463 0.272494 0.132917 0.146747 0.731059
2 0.533752 0.272495 0.133113 0.146750 0.268941
2 0.534436 0.272330 0.134307 0.147549 0.377541
2 0.535370 0.271987 0.131675 0.148057 0.731059
2 0.152282 0.321618 0.023808 0.034365 0.002473
3 0.373982 0.288579 0.139819 0.064339 0.001501
4 0.102048 0.331959 0.021230 0.034862 0.001501
4 0.104547 0.331957 0.016063 0.034855 0.001501
4 0.102218 0.334923 0.021588 0.033474 0.006693
4 0.103614 0.333607 0.018037 0.031532 0.010987
4 0.671658 0.328002 0.027105 0.052529 0.001501
5 0.673620 0.329252 0.028524 0.054946 0.002473
5 0.679507 0.324653 0.019171 0.069463 0.001501
5 0.671658 0.328002 0.027105 0.052529 0.006693
5 0.681014 0.329511 0.016156 0.062826 0.006693
