0 0.750814 0.283974 0.017145 0.052170 0.029312
0 0.750670 0.285124 0.020876 0.054743 0.010987
0 0.749554 0.285659 0.016180 0.048600 0.182426
0 0.752409 0.285147 0.020221 0.049670 0.119203
0 0.582499 0.322465 0.007136 0.048448 0.002473
0 0.594427 0.322782 0.008104 0.052805 0.006693
0 0.749965 0.284072 0.015417 0.047316 0.182426
0 0.751267 0.286995 0.019423 0.051074 0.047426
0 0.465325 0.317640 0.008748 0.015579 0.001501
0 0.554359 0.321911 0.005687 0.032838 0.006693
0 0.568057 0.323615 0.008177 0.037605 0.001501
0 0.584159 0.324439 0.010454 0.046080 0.004070
0 0.593736 0.326042 0.009496 0.051131 0.004070
0 0.585150 0.325727 0.012436 0.047375 0.002473
0 0.592965 0.326387 0.011026 0.045963 0.004070
1 0.271128 0.331303 0.032798 0.032564 0.268941
1 0.271752 0.332430 0.031506 0.030272 0.817575
1 0.270816 0.331300 0.030338 0.032531 0.731059
1 0.348748 0.327500 0.014585 0.016797 0.377541
1 0.348827 0.326221 0.016767 0.014263 0.182426
1 0.373689 0.324006 0.014628 0.013650 0.001501
1 0.376392 0.322898 0.012823 0.011280 0.004070
1 0.393072 0.325314 0.017704 0.016149 0.006693
1 0.451570 0.316729 0.011263 0.013637 0.006693
1 0.465325 0.317640 0.008748 0.015579 0.047426
1 0.483083 0.323814 0.024171 0.032298 0.880797
1 0.483366 0.322017 0.022672 0.032328 0.817575
1 0.109705 0.350458 0.058823 0.039405 0.731059
1 0.109459 0.350474 0.059164 0.039430 0.817575
1 0.109470 0.349581 0.059168 0.037622 0.817575
1 0.109463 0.350473 0.059153 0.039454 0.817575
1 0.109469 0.350471 0.059139 0.039460 0.880797
1 0.271403 0.332165 0.032217 0.034412 0.377541
1 0.271685 0.332202 0.031636 0.034333 0.817575
1 0.270741 0.332186 0.030479 0.034378 0.731059
1 0.109678 0.350455 0.058769 0.039484 0.622459
1 0.109735 0.350465 0.058634 0.039462 0.817575
1 0.109070 0.351613 0.059962 0.041684 0.880797
1 0.108942 0.350480 0.057122 0.039428 0.817575
1 0.109510 0.351603 0.059052 0.041718 0.817575
2 0.465989 0.313140 0.010105 0.027222 0.017986
2 0.465325 0.317640 0.008748 0.015579 0.002473
3 0.465989 0.313140 0.010105 0.027222 0.017986
3 0.271128 0.331303 0.032798 0.032564 0.010987
3 0.271752 0.332430 0.031506 0.030272 0.017986
3 0.270816 0.331300 0.030338 0.032531 0.017986
3 0.465325 0.317640 0.008748 0.015579 0.017986
3 0.483366 0.322017 0.022672 0.032328 0.002473
3 0.271403 0.332165 0.032217 0.034412 0.017986
3 0.271685 0.332202 0.031636 0.034333 0.029312
3 0.270741 0.332186 0.030479 0.034378 0.017986
5 0.752409 0.285147 0.020221 0.049670 0.001501
5 0.594427 0.322782 0.008104 0.052805 0.002473
5 0.584159 0.324439 0.010454 0.046080 0.001501
5 0.593736 0.326042 0.009496 0.051131 0.047426
5 0.616569 0.329133 0.024157 0.055461 0.004070
5 0.585150 0.325727 0.012436 0.047375 0.004070
5 0.592965 0.326387 0.011026 0.045963 0.047426
5 0.622860 0.334289 0.015436 0.045003 0.010987
5 0.625568 0.338599 0.012564 0.036379 0.002473
