0 0.913260 0.328564 0.020452 0.129232 0.001501
0 0.596135 0.320137 0.007763 0.047349 0.017986
0 0.604233 0.322136 0.008648 0.043322 0.017986
0 0.616313 0.322924 0.007868 0.046713 0.004070
0 0.912567 0.329538 0.022110 0.127461 0.731059
0 0.913269 0.329587 0.023498 0.127396 0.731059
0 0.123201 0.324165 0.010840 0.070494 0.002473
0 0.596919 0.321446 0.009333 0.046155 0.047426
0 0.606255 0.323986 0.009456 0.039638 0.047426
0 0.616337 0.326663 0.007816 0.049388 0.010987
0 0.913291 0.328687 0.023533 0.129151 0.817575
0 0.912504 0.330821 0.025001 0.129988 0.731059
0 0.597658 0.322553 0.010803 0.047543 0.010987
0 0.605575 0.325602 0.008118 0.041318 0.010987
0 0.616130 0.328121 0.008265 0.052243 0.001501
0 0.912509 0.329594 0.025021 0.127372 0.817575
0 0.911738 0.330698 0.023471 0.125178 0.731059
0 0.913268 0.330570 0.023494 0.125455 0.731059
0 0.913271 0.329504 0.023481 0.127582 0.817575
0 0.912500 0.328584 0.025030 0.129449 0.817575
0 0.913274 0.329304 0.023486 0.133138 0.817575
1 0.060459 0.261426 0.120969 0.229535 0.001501
1 0.061002 0.262766 0.122006 0.227161 0.002473
1 0.060998 0.263287 0.122013 0.224192 0.002473
1 0.353491 0.327520 0.021472 0.017041 0.029312
1 0.355002 0.328162 0.018124 0.015489 0.500000
1 0.387462 0.322915 0.021886 0.025986 0.622459
1 0.386850 0.322901 0.020562 0.026031 0.500000
1 0.406288 0.321758 0.013126 0.013720 0.002473
1 0.422639 0.322006 0.010788 0.009491 0.002473
1 0.433490 0.320188 0.011291 0.010480 0.004070
1 0.456249 0.324147 0.031725 0.039233 0.880797
1 0.456248 0.324147 0.031720 0.039232 0.880797
1 0.456253 0.324083 0.034437 0.039082 0.880797
1 0.515802 0.322894 0.012684 0.015871 0.001501
1 0.986709 0.332104 0.023530 0.030547 0.002473
1 0.987548 0.330265 0.024941 0.031663 0.004070
1 0.456244 0.324946 0.031717 0.038403 0.182426
1 0.456923 0.324306 0.033058 0.039648 0.182426
1 0.456247 0.324987 0.034449 0.038309 0.182426
1 0.986697 0.335402 0.026586 0.028680 0.006693
1 0.986725 0.334969 0.023536 0.029801 0.006693
1 0.060045 0.260095 0.123557 0.230828 0.001927
1 0.061693 0.261551 0.123378 0.227221 0.003173
1 0.061594 0.257579 0.123517 0.230540 0.005220
1 0.060168 0.258197 0.123431 0.228985 0.006693
2 0.060051 0.264631 0.120111 0.253677 0.001501
2 0.060357 0.262528 0.120768 0.235628 0.622459
2 0.060415 0.261802 0.120832 0.236299 0.500000
2 0.060963 0.263057 0.121975 0.228922 0.047426
2 0.060459 0.261426 0.120969 0.229535 0.731059
2 0.061002 0.262766 0.122006 0.227161 0.817575
2 0.061001 0.264951 0.122040 0.230655 0.182426
2 0.060459 0.264033 0.120964 0.223643 0.377541
2 0.060998 0.263287 0.122013 0.224192 0.622459
2 0.061669 0.264098 0.123406 0.222820 0.002473
2 0.387462 0.322915 0.021886 0.025986 0.010987
2 0.386850 0.322901 0.020562 0.026031 0.010987
2 0.060501 0.238681 0.122354 0.279328 0.004070
2 0.061627 0.239630 0.123618 0.271920 0.005220
2 0.060045 0.260095 0.123557 0.230828 0.437824
2 0.061693 0.261551 0.123378 0.227221 0.377541
2 0.060889 0.261658 0.122225 0.227835 0.001170
2 0.061594 0.257579 0.123517 0.230540 0.437824
2 0.060168 0.258197 0.123431 0.228985 0.437824
2 0.061744 0.258972 0.123664 0.227891 0.001170
2 0.060839 0.260660 0.124770 0.242254 0.001501
3 0.060998 0.263287 0.122013 0.224192 0.001501
3 0.387462 0.322915 0.021886 0.025986 0.010987
3 0.386850 0.322901 0.020562 0.026031 0.010987
3 0.060045 0.260095 0.123557 0.230828 0.002473
3 0.061693 0.261551 0.123378 0.227221 0.005220
3 0.061594 0.257579 0.123517 0.230540 0.005220
3 0.060168 0.258197 0.123431 0.228985 0.010987
5 0.604233 0.322136 0.008648 0.043322 0.002473
5 0.155933 0.331896 0.035789 0.054573 0.001501
5 0.606255 0.323986 0.009456 0.039638 0.075858
5 0.616337 0.326663 0.007816 0.049388 0.001501
5 0.153967 0.337604 0.038923 0.038905 0.001501
5 0.597658 0.322553 0.010803 0.047543 0.002473
5 0.605575 0.325602 0.008118 0.041318 0.047426
5 0.616130 0.328121 0.008265 0.052243 0.006693
