0 0.975408 0.320343 0.018267 0.090784 0.004070
0 0.981153 0.328434 0.015796 0.106125 0.029312
0 0.616366 0.320329 0.007812 0.039683 0.010987
0 0.631910 0.322728 0.008231 0.046349 0.006693
0 0.644957 0.321951 0.007347 0.044901 0.001501
0 0.705582 0.317224 0.008116 0.041627 0.006693
0 0.719428 0.325593 0.008106 0.052072 0.377541
0 0.745192 0.318350 0.009674 0.043939 0.001501
0 0.786760 0.332208 0.014022 0.071667 0.119203
0 0.788058 0.331092 0.014373 0.073880 0.075858
0 0.811563 0.332719 0.013692 0.068985 0.010987
0 0.815210 0.331857 0.011660 0.067220 0.182426
0 0.976202 0.324403 0.019543 0.082074 0.004070
0 0.983463 0.333925 0.013891 0.101121 0.075858
0 0.986323 0.333306 0.016767 0.100727 0.004070
0 0.608730 0.325269 0.009635 0.032667 0.004070
0 0.615602 0.323503 0.009289 0.035730 0.268941
0 0.632466 0.326615 0.007019 0.041781 0.268941
0 0.644428 0.327982 0.008102 0.036174 0.119203
0 0.705587 0.321799 0.008143 0.041517 0.010987
0 0.720275 0.326338 0.012540 0.050580 0.622459
0 0.745733 0.321300 0.008617 0.045475 0.002473
0 0.786751 0.333321 0.014033 0.073545 0.182426
0 0.787674 0.333339 0.015146 0.073581 0.119203
0 0.810736 0.332625 0.013664 0.068199 0.010987
0 0.815938 0.332143 0.010196 0.064893 0.119203
0 0.975232 0.324172 0.020023 0.081241 0.002473
0 0.982780 0.334773 0.012515 0.102433 0.119203
0 0.987543 0.334031 0.017154 0.102831 0.002473
0 0.616811 0.324881 0.008661 0.039016 0.002473
0 0.633240 0.326615 0.008559 0.041906 0.182426
0 0.644428 0.328011 0.008119 0.036491 0.047426
0 0.719522 0.325423 0.011021 0.052404 0.731059
0 0.786362 0.334286 0.014831 0.071704 0.119203
0 0.787331 0.333490 0.014774 0.073375 0.119203
0 0.807048 0.333612 0.011986 0.069458 0.010987
0 0.815794 0.331841 0.012650 0.064061 0.119203
0 0.973961 0.324326 0.017476 0.075664 0.001501
0 0.982774 0.336456 0.012539 0.101004 0.182426
0 0.987860 0.336903 0.019933 0.098847 0.002473
0 0.786200 0.333593 0.014503 0.073229 0.075858
0 0.787399 0.334522 0.014657 0.071360 0.029312
0 0.805921 0.333854 0.013785 0.069128 0.004070
0 0.817062 0.334083 0.012902 0.069813 0.029312
0 0.982009 0.338862 0.011020 0.100339 0.182426
0 0.981979 0.340110 0.011129 0.098289 0.075858
0 0.994584 0.357225 0.008690 0.194054 0.002473
0 0.995298 0.355148 0.012943 0.200662 0.001501
1 0.563491 0.302918 0.048884 0.046641 0.004070
1 0.325760 0.319134 0.048485 0.041773 0.006693
1 0.325011 0.318245 0.046903 0.039962 0.001501
1 0.325007 0.320288 0.046935 0.039583 0.001501
1 0.325774 0.319985 0.048528 0.040822 0.010987
1 0.569507 0.327548 0.064081 0.076951 0.880797
1 0.570198 0.328833 0.065436 0.074384 0.924142
1 0.569516 0.327545 0.064055 0.076962 0.880797
1 0.014738 0.336758 0.029501 0.062722 0.001501
1 0.277946 0.326615 0.022455 0.018702 0.004070
1 0.325758 0.319801 0.048497 0.040352 0.004070
1 0.325814 0.319806 0.048393 0.040377 0.002473
1 0.325764 0.319838 0.048490 0.040314 0.004070
1 0.358863 0.330982 0.063148 0.051545 0.622459
1 0.359792 0.332195 0.061246 0.049090 0.880797
1 0.359465 0.332430 0.059159 0.053144 0.817575
1 0.359749 0.333339 0.061288 0.051341 0.924142
1 0.400563 0.321637 0.020366 0.018333 0.182426
1 0.400769 0.320359 0.020479 0.020880 0.268941
1 0.423172 0.320508 0.013475 0.016061 0.119203
1 0.424237 0.318297 0.015236 0.016881 0.004070
1 0.447052 0.320834 0.009740 0.011912 0.001501
1 0.470194 0.319598 0.009707 0.014274 0.001501
1 0.567983 0.328861 0.064042 0.074442 0.924142
1 0.568753 0.328839 0.065587 0.074378 0.880797
1 0.570193 0.328546 0.065404 0.073786 0.924142
1 0.568759 0.328736 0.065570 0.074239 0.017986
1 0.014670 0.342469 0.029400 0.055508 0.001501
1 0.015005 0.342825 0.030049 0.054742 0.001501
1 0.360443 0.332413 0.059933 0.053247 0.731059
1 0.360124 0.333332 0.060581 0.051355 0.880797
1 0.360117 0.332432 0.060560 0.053139 0.880797
1 0.360117 0.332442 0.060553 0.053189 0.880797
1 0.569516 0.330149 0.064054 0.071898 0.924142
1 0.568754 0.328878 0.065585 0.074440 0.924142
1 0.568748 0.328880 0.065575 0.074464 0.924142
1 0.014750 0.344486 0.029554 0.051663 0.002473
1 0.568749 0.327640 0.065613 0.077068 0.182426
2 0.557982 0.297140 0.041415 0.035073 0.001501
2 0.563118 0.286811 0.048414 0.014440 0.006693
2 0.563491 0.302918 0.048884 0.046641 0.004070
2 0.073899 0.326072 0.105507 0.087553 0.004070
2 0.078379 0.325146 0.099146 0.085315 0.029312
2 0.077085 0.326005 0.099686 0.083636 0.075858
2 0.078295 0.326828 0.102516 0.086110 0.119203
2 0.086200 0.326089 0.091361 0.083915 0.075858
2 0.091624 0.324297 0.085416 0.080015 0.004070
2 0.325760 0.319134 0.048485 0.041773 0.731059
2 0.325011 0.318245 0.046903 0.039962 0.622459
2 0.325007 0.320288 0.046935 0.039583 0.731059
2 0.325774 0.319985 0.048528 0.040822 0.500000
2 0.564660 0.323638 0.057619 0.064206 0.006693
2 0.569507 0.327548 0.064081 0.076951 0.004070
2 0.014202 0.338837 0.028456 0.062558 0.001501
2 0.014738 0.336758 0.029501 0.062722 0.001501
2 0.075429 0.337993 0.092224 0.060554 0.002473
2 0.077497 0.326707 0.098405 0.083126 0.075858
2 0.077573 0.326072 0.100751 0.084240 0.119203
2 0.078993 0.326054 0.108311 0.084041 0.182426
2 0.086273 0.324795 0.104403 0.083454 0.075858
2 0.110857 0.335398 0.062823 0.057227 0.001501
2 0.325758 0.319801 0.048497 0.040352 0.731059
2 0.325814 0.319806 0.048393 0.040377 0.817575
2 0.325764 0.319838 0.048490 0.040314 0.817575
2 0.400563 0.321637 0.020366 0.018333 0.047426
2 0.400769 0.320359 0.020479 0.020880 0.182426
2 0.423172 0.320508 0.013475 0.016061 0.010987
2 0.424237 0.318297 0.015236 0.016881 0.001501
2 0.470194 0.319598 0.009707 0.014274 0.002473
2 0.014670 0.342469 0.029400 0.055508 0.001501
2 0.015005 0.342825 0.030049 0.054742 0.001501
2 0.062250 0.344944 0.064969 0.046852 0.002473
2 0.078212 0.328161 0.103431 0.080457 0.075858
2 0.081466 0.325935 0.110189 0.084762 0.075858
2 0.086907 0.329632 0.112212 0.072472 0.010987
2 0.070554 0.337175 0.084726 0.062448 0.002473
3 0.563491 0.302918 0.048884 0.046641 0.004070
3 0.567961 0.320279 0.060286 0.083909 0.001501
3 0.015700 0.318953 0.031535 0.101869 0.001501
3 0.014202 0.338837 0.028456 0.062558 0.001501
3 0.014738 0.336758 0.029501 0.062722 0.002473
3 0.110857 0.335398 0.062823 0.057227 0.002473
3 0.400563 0.321637 0.020366 0.018333 0.004070
3 0.400769 0.320359 0.020479 0.020880 0.006693
3 0.423172 0.320508 0.013475 0.016061 0.010987
3 0.014670 0.342469 0.029400 0.055508 0.001501
3 0.015005 0.342825 0.030049 0.054742 0.001501
3 0.122113 0.345820 0.043954 0.036412 0.001501
3 0.014750 0.344486 0.029554 0.051663 0.002473
4 0.198379 0.341185 0.025539 0.026111 0.010987
4 0.201987 0.338863 0.018513 0.025648 0.017986
4 0.786200 0.333593 0.014503 0.073229 0.001501
5 0.615602 0.323503 0.009289 0.035730 0.001501
5 0.644428 0.327982 0.008102 0.036174 0.004070
5 0.684915 0.332603 0.014356 0.053396 0.002473
5 0.690110 0.336908 0.016966 0.049594 0.001501
5 0.644428 0.328011 0.008119 0.036491 0.004070
5 0.669483 0.331965 0.014641 0.039493 0.002473
5 0.685909 0.332810 0.016306 0.052954 0.002473
5 0.690927 0.335400 0.018445 0.051828 0.017986
5 0.719522 0.325423 0.011021 0.052404 0.001501
5 0.787399 0.334522 0.014657 0.071360 0.002473
