1 0.379666 0.317049 0.026671 0.037719 0.001501
1 0.380456 0.309253 0.027312 0.021989 0.006693
1 0.392670 0.311365 0.039629 0.021742 0.017986
1 0.391171 0.309877 0.045759 0.018763 0.017986
1 0.029231 0.342011 0.049905 0.043194 0.004070
1 0.029273 0.341900 0.049901 0.042956 0.002473
1 0.380332 0.325877 0.030000 0.033156 0.017986
1 0.388146 0.321809 0.045305 0.029029 0.017986
1 0.388280 0.321415 0.048470 0.037589 0.075858
1 0.389016 0.320809 0.047079 0.036793 0.047426
1 0.441726 0.341676 0.152599 0.113420 0.924142
1 0.441166 0.342833 0.153991 0.115630 0.924142
1 0.441804 0.341718 0.152451 0.113382 0.880797
1 0.551628 0.328715 0.017709 0.019509 0.004070
1 0.555000 0.329308 0.018222 0.017767 0.075858
1 0.569278 0.326597 0.019663 0.019008 0.010987
1 0.597284 0.342614 0.055444 0.069895 0.924142
1 0.596504 0.345017 0.053896 0.065119 0.817575
1 0.598566 0.338710 0.055051 0.057696 0.029312
1 0.632258 0.330944 0.029731 0.036936 0.817575
1 0.632716 0.332049 0.031538 0.039163 0.817575
1 0.029878 0.341902 0.048962 0.045005 0.002473
1 0.028916 0.342343 0.048370 0.043362 0.004070
1 0.029770 0.342313 0.048884 0.043667 0.002473
1 0.374700 0.332859 0.021378 0.030504 0.002473
1 0.387481 0.332657 0.046915 0.047348 0.004070
1 0.389060 0.336601 0.050092 0.066775 0.006693
1 0.440800 0.341701 0.153363 0.113393 0.880797
1 0.441748 0.341706 0.152545 0.113370 0.924142
1 0.441742 0.342830 0.152576 0.115671 0.880797
1 0.597300 0.343739 0.055402 0.067641 0.880797
1 0.597309 0.343746 0.055390 0.067621 0.880797
1 0.596558 0.343750 0.053833 0.067634 0.880797
1 0.596599 0.342455 0.053927 0.065152 0.500000
1 0.632188 0.332033 0.029859 0.039217 0.817575
1 0.633008 0.332034 0.030936 0.039213 0.817575
1 0.660119 0.330370 0.015548 0.032174 0.004070
1 0.029559 0.345122 0.046921 0.042217 0.001501
1 0.441443 0.342828 0.151901 0.115653 0.880797
1 0.441820 0.341051 0.152687 0.114696 0.924142
1 0.441779 0.341040 0.152326 0.114715 0.880797
1 0.597317 0.343733 0.055350 0.067703 0.924142
1 0.597312 0.345025 0.055395 0.065077 0.880797
1 0.597147 0.343743 0.055717 0.067649 0.880797
1 0.597294 0.343693 0.055425 0.067816 0.817575
1 0.441974 0.341685 0.152827 0.113475 0.924142
1 0.239761 0.441436 0.296062 0.439579 0.500000
1 0.239014 0.440266 0.296276 0.437242 0.851953
1 0.238454 0.440299 0.296928 0.437203 0.924142
1 0.239231 0.442159 0.292746 0.443725 0.005220
1 0.241558 0.440779 0.295155 0.441416 0.320821
1 0.240225 0.441068 0.294575 0.445859 0.851953
1 0.239990 0.438701 0.294391 0.440859 0.904651
1 0.242401 0.438857 0.294195 0.445513 0.222700
1 0.241559 0.438775 0.292477 0.440943 0.817575
1 0.240791 0.439857 0.293574 0.438892 0.562177
2 0.379666 0.317049 0.026671 0.037719 0.001501
2 0.380456 0.309253 0.027312 0.021989 0.004070
2 0.392670 0.311365 0.039629 0.021742 0.002473
2 0.637343 0.321542 0.041324 0.048720 0.004070
2 0.645822 0.317884 0.045894 0.039688 0.182426
2 0.643664 0.319549 0.048559 0.042637 0.377541
2 0.643461 0.319756 0.051362 0.043744 0.017986
2 0.380332 0.325877 0.030000 0.033156 0.002473
2 0.388146 0.321809 0.045305 0.029029 0.002473
2 0.388280 0.321415 0.048470 0.037589 0.002473
2 0.647499 0.321515 0.040887 0.040355 0.622459
2 0.653075 0.323079 0.032563 0.040651 0.017986
2 0.027493 0.340799 0.052068 0.047010 0.001501
2 0.660119 0.330370 0.015548 0.032174 0.010987
3 0.379666 0.317049 0.026671 0.037719 0.001501
3 0.392670 0.311365 0.039629 0.021742 0.001501
3 0.028882 0.341609 0.050929 0.045196 0.010987
3 0.029231 0.342011 0.049905 0.043194 0.017986
3 0.029273 0.341900 0.049901 0.042956 0.006693
3 0.031591 0.341521 0.056066 0.042334 0.001501
3 0.380332 0.325877 0.030000 0.033156 0.001501
3 0.647499 0.321515 0.040887 0.040355 0.001501
3 0.029878 0.341902 0.048962 0.045005 0.010987
3 0.028916 0.342343 0.048370 0.043362 0.017986
3 0.029770 0.342313 0.048884 0.043667 0.006693
3 0.831448 0.313216 0.327064 0.383057 0.005220
3 0.833218 0.313513 0.330898 0.390990 0.002473
3 0.834451 0.312137 0.335712 0.389511 0.001170
3 0.834722 0.306675 0.334547 0.390624 0.001170
3 0.830984 0.309141 0.326157 0.378823 0.002473
3 0.830036 0.317000 0.324989 0.387362 0.014064
3 0.830026 0.311470 0.330231 0.394131 0.014064
3 0.834665 0.312133 0.338925 0.393272 0.006693
5 0.551628 0.328715 0.017709 0.019509 0.001501
5 0.555000 0.329308 0.018222 0.017767 0.001501
5 0.237709 0.440234 0.293737 0.437119 0.047426
5 0.239761 0.441436 0.296062 0.439579 0.010987
5 0.239231 0.442159 0.292746 0.443725 0.679179
5 0.241558 0.440779 0.295155 0.441416 0.075858
5 0.240225 0.441068 0.294575 0.445859 0.001170
5 0.242401 0.438857 0.294195 0.445513 0.029312
