0 0.079635 0.344681 0.006295 0.034512 0.002473
0 0.038119 0.342758 0.033282 0.046927 0.002473
0 0.469482 0.989390 0.008425 0.026435 0.001501
1 0.597437 0.328618 0.036339 0.060864 0.002473
1 0.598388 0.329620 0.038217 0.062845 0.006693
1 0.624353 0.326109 0.058985 0.059489 0.002473
1 0.624221 0.308684 0.053777 0.024496 0.002473
1 0.036099 0.341842 0.039420 0.047099 0.047426
1 0.037658 0.341659 0.039080 0.045103 0.075858
1 0.036766 0.341661 0.042120 0.045118 0.119203
1 0.038033 0.341658 0.043944 0.045116 0.029312
1 0.045364 0.342111 0.054224 0.046228 0.004070
1 0.134423 0.341169 0.065837 0.062520 0.924142
1 0.134406 0.340045 0.065771 0.064807 0.924142
1 0.133250 0.340048 0.066494 0.064791 0.880797
1 0.199233 0.329535 0.023703 0.020898 0.006693
1 0.199992 0.329536 0.025114 0.020895 0.006693
1 0.253219 0.329290 0.028451 0.017754 0.075858
1 0.254044 0.329290 0.026811 0.017744 0.047426
1 0.257208 0.327489 0.027782 0.016850 0.017986
1 0.321496 0.324179 0.031751 0.018525 0.006693
1 0.322192 0.322909 0.027623 0.020901 0.817575
1 0.322863 0.324189 0.029337 0.023457 0.731059
1 0.343801 0.321578 0.009848 0.018504 0.001501
1 0.367759 0.319208 0.026049 0.018678 0.075858
1 0.368855 0.318093 0.026006 0.020893 0.182426
1 0.372379 0.320496 0.027395 0.016132 0.075858
1 0.402662 0.320409 0.014115 0.016268 0.004070
1 0.427461 0.324203 0.026950 0.018369 0.500000
1 0.428532 0.321646 0.026174 0.018341 0.500000
1 0.430946 0.320389 0.032508 0.021277 0.017986
1 0.488973 0.352938 0.127973 0.148292 0.924142
1 0.488286 0.352288 0.126630 0.149589 0.924142
1 0.550233 0.326521 0.018151 0.041871 0.001501
1 0.557045 0.330590 0.014146 0.026579 0.119203
1 0.572580 0.328686 0.017889 0.019531 0.006693
1 0.597240 0.333320 0.036553 0.051391 0.731059
1 0.597771 0.332362 0.037561 0.053277 0.817575
1 0.597755 0.332412 0.037545 0.053187 0.817575
1 0.600109 0.332061 0.043462 0.058929 0.017986
1 0.619345 0.330317 0.064911 0.063009 0.001501
1 0.723559 0.352042 0.110735 0.119279 0.001501
1 0.037426 0.339431 0.042074 0.048524 0.047426
1 0.037255 0.341876 0.039958 0.045539 0.182426
1 0.036640 0.341879 0.041146 0.045522 0.119203
1 0.039276 0.341891 0.043973 0.045487 0.047426
1 0.044329 0.342193 0.053757 0.045790 0.010987
1 0.134017 0.341172 0.065001 0.062552 0.817575
1 0.134012 0.342467 0.064975 0.059974 0.880797
1 0.134014 0.341335 0.064971 0.057720 0.880797
1 0.133657 0.340055 0.067231 0.060307 0.924142
1 0.488963 0.352930 0.127937 0.148310 0.924142
1 0.488950 0.352087 0.127932 0.149241 0.880797
1 0.488960 0.352464 0.127952 0.150002 0.924142
1 0.555482 0.331798 0.014125 0.029015 0.029312
1 0.597757 0.333306 0.037582 0.051397 0.731059
1 0.597645 0.333282 0.035731 0.051449 0.817575
1 0.597627 0.332421 0.035701 0.053186 0.817575
1 0.600876 0.335124 0.039023 0.056547 0.010987
1 0.672368 0.370017 0.161649 0.151564 0.880797
1 0.672152 0.371259 0.159363 0.149540 0.880797
1 0.672578 0.371885 0.158787 0.150836 0.880797
1 0.038119 0.342758 0.033282 0.046927 0.029312
1 0.037886 0.341820 0.038747 0.048720 0.047426
1 0.040753 0.342702 0.044278 0.046977 0.006693
1 0.134005 0.341178 0.064988 0.062575 0.880797
1 0.133248 0.341191 0.066503 0.062528 0.880797
1 0.134015 0.342460 0.064969 0.060000 0.880797
1 0.488280 0.352776 0.126580 0.147861 0.880797
1 0.488275 0.352949 0.126563 0.148272 0.924142
1 0.488205 0.352946 0.129462 0.148282 0.924142
1 0.598228 0.336567 0.035150 0.062215 0.006693
1 0.672299 0.370475 0.161407 0.148003 0.880797
1 0.672047 0.371247 0.159325 0.149567 0.880797
1 0.672346 0.370565 0.158660 0.152766 0.880797
1 0.011710 0.389648 0.023594 0.447204 0.119203
1 0.011988 0.388111 0.023995 0.423082 0.119203
1 0.487532 0.352964 0.128135 0.148250 0.924142
1 0.488273 0.352328 0.126567 0.149521 0.924142
1 0.672303 0.371321 0.161416 0.146036 0.817575
1 0.672693 0.372052 0.160618 0.147500 0.924142
1 0.672117 0.371459 0.159008 0.149920 0.924142
1 0.012485 0.390027 0.025173 0.451902 0.182426
1 0.012638 0.392049 0.025428 0.450834 0.268941
1 0.672771 0.370808 0.160362 0.153007 0.924142
1 0.012502 0.389464 0.025212 0.443840 0.377541
1 0.013294 0.394879 0.026737 0.439958 0.377541
1 0.012503 0.390514 0.025121 0.439080 0.377541
1 0.012504 0.392164 0.025096 0.441502 0.377541
1 0.012502 0.394337 0.025123 0.424470 0.268941
1 0.012493 0.393170 0.025147 0.424922 0.268941
1 0.012501 0.409588 0.028143 0.393465 0.047426
1 0.012497 0.400359 0.028132 0.410726 0.047426
1 0.013264 0.438995 0.026632 0.326931 0.017986
1 0.013274 0.434805 0.026625 0.335258 0.029312
1 0.013260 0.464041 0.026628 0.272393 0.029312
1 0.012509 0.465015 0.025096 0.270075 0.029312
1 0.013285 0.474673 0.026636 0.247705 0.006693
1 0.012526 0.479150 0.025129 0.234720 0.010987
1 0.012581 0.478737 0.025381 0.241606 0.001501
2 0.624353 0.326109 0.058985 0.059489 0.001501
2 0.009679 0.349538 0.019449 0.263714 0.001501
2 0.036099 0.341842 0.039420 0.047099 0.002473
2 0.037658 0.341659 0.039080 0.045103 0.002473
2 0.199233 0.329535 0.023703 0.020898 0.001501
2 0.322192 0.322909 0.027623 0.020901 0.001501
2 0.367759 0.319208 0.026049 0.018678 0.004070
2 0.368855 0.318093 0.026006 0.020893 0.017986
2 0.372379 0.320496 0.027395 0.016132 0.002473
2 0.037426 0.339431 0.042074 0.048524 0.006693
2 0.037255 0.341876 0.039958 0.045539 0.001501
2 0.040753 0.342702 0.044278 0.046977 0.001501
2 0.011710 0.389648 0.023594 0.447204 0.002473
2 0.012485 0.390027 0.025173 0.451902 0.002473
2 0.012638 0.392049 0.025428 0.450834 0.001501
2 0.012502 0.389464 0.025212 0.443840 0.002473
2 0.013294 0.394879 0.026737 0.439958 0.001501
2 0.012503 0.390514 0.025121 0.439080 0.001501
3 0.736544 0.298547 0.141661 0.166115 0.010987
3 0.744083 0.295918 0.156880 0.171458 0.010987
3 0.749282 0.294246 0.167943 0.174154 0.010987
3 0.752650 0.292568 0.180061 0.172642 0.001501
3 0.007983 0.316459 0.016046 0.196707 0.002473
3 0.739392 0.302143 0.150569 0.174762 0.006693
3 0.748374 0.302294 0.165588 0.187289 0.029312
3 0.754455 0.303178 0.177884 0.199179 0.010987
3 0.762599 0.300166 0.198372 0.207800 0.006693
3 0.009107 0.327108 0.018266 0.218619 0.002473
3 0.739955 0.307173 0.149129 0.187881 0.006693
3 0.748707 0.307889 0.169315 0.202647 0.004070
3 0.757430 0.307653 0.184265 0.211629 0.006693
3 0.765205 0.307758 0.206637 0.221254 0.004070
3 0.009906 0.343387 0.019899 0.252973 0.002473
3 0.733772 0.311237 0.139205 0.197973 0.002473
3 0.009679 0.349538 0.019449 0.263714 0.006693
3 0.036099 0.341842 0.039420 0.047099 0.017986
3 0.037658 0.341659 0.039080 0.045103 0.182426
3 0.036766 0.341661 0.042120 0.045118 0.268941
3 0.038033 0.341658 0.043944 0.045116 0.075858
3 0.045364 0.342111 0.054224 0.046228 0.001501
3 0.199233 0.329535 0.023703 0.020898 0.006693
3 0.199992 0.329536 0.025114 0.020895 0.006693
3 0.253219 0.329290 0.028451 0.017754 0.006693
3 0.254044 0.329290 0.026811 0.017744 0.006693
3 0.257208 0.327489 0.027782 0.016850 0.002473
3 0.322863 0.324189 0.029337 0.023457 0.001501
3 0.367759 0.319208 0.026049 0.018678 0.006693
3 0.368855 0.318093 0.026006 0.020893 0.010987
3 0.372379 0.320496 0.027395 0.016132 0.001501
3 0.557045 0.330590 0.014146 0.026579 0.001501
3 0.723559 0.352042 0.110735 0.119279 0.001501
3 0.037426 0.339431 0.042074 0.048524 0.029312
3 0.037255 0.341876 0.039958 0.045539 0.182426
3 0.036640 0.341879 0.041146 0.045522 0.182426
3 0.039276 0.341891 0.043973 0.045487 0.075858
3 0.044329 0.342193 0.053757 0.045790 0.004070
3 0.016574 0.387717 0.020833 0.377415 0.002473
3 0.038119 0.342758 0.033282 0.046927 0.029312
3 0.037886 0.341820 0.038747 0.048720 0.047426
3 0.040753 0.342702 0.044278 0.046977 0.017986
3 0.011710 0.389648 0.023594 0.447204 0.119203
3 0.011988 0.388111 0.023995 0.423082 0.119203
3 0.012485 0.390027 0.025173 0.451902 0.182426
3 0.012638 0.392049 0.025428 0.450834 0.182426
3 0.012502 0.389464 0.025212 0.443840 0.119203
3 0.013294 0.394879 0.026737 0.439958 0.182426
3 0.012503 0.390514 0.025121 0.439080 0.075858
3 0.012504 0.392164 0.025096 0.441502 0.075858
3 0.012502 0.394337 0.025123 0.424470 0.010987
3 0.012493 0.393170 0.025147 0.424922 0.006693
3 0.012501 0.409588 0.028143 0.393465 0.002473
3 0.826725 0.290847 0.322393 0.299257 0.003173
3 0.831115 0.293651 0.334734 0.312685 0.001170
3 0.752678 0.309608 0.177185 0.215726 0.001501
3 0.809272 0.299028 0.287013 0.251659 0.005220
3 0.824867 0.299258 0.318754 0.294008 0.003173
5 0.037886 0.341820 0.038747 0.048720 0.001501
5 0.012485 0.390027 0.025173 0.451902 0.002473
5 0.012502 0.389464 0.025212 0.443840 0.004070
5 0.013294 0.394879 0.026737 0.439958 0.001501
5 0.012503 0.390514 0.025121 0.439080 0.001501
