0 0.005960 0.297927 0.012008 0.088234 0.004070
0 0.018077 0.303605 0.027297 0.098480 0.001501
0 0.110069 0.302311 0.012414 0.095801 0.001501
0 0.115927 0.306665 0.019948 0.104725 0.002473
0 0.195182 0.310782 0.015483 0.105744 0.268941
0 0.006037 0.312597 0.012134 0.109641 0.047426
0 0.111932 0.309886 0.018354 0.105158 0.004070
0 0.117387 0.309351 0.028799 0.103006 0.002473
0 0.135829 0.312337 0.014793 0.074119 0.001501
0 0.175756 0.315743 0.029859 0.149908 0.006693
0 0.177537 0.315179 0.029851 0.146459 0.010987
0 0.195979 0.308641 0.013928 0.096515 0.500000
0 0.213889 0.308576 0.035587 0.066197 0.002473
0 0.237209 0.309892 0.013108 0.083319 0.268941
0 0.238356 0.308779 0.013771 0.085598 0.377541
0 0.267989 0.311266 0.010994 0.075777 0.500000
0 0.280463 0.311331 0.014087 0.075914 0.622459
0 0.298569 0.309372 0.010842 0.067459 0.268941
0 0.302164 0.309752 0.012743 0.064617 0.047426
0 0.321521 0.310871 0.010121 0.062423 0.119203
0 0.332695 0.311671 0.009635 0.065895 0.182426
0 0.358813 0.310045 0.010624 0.060854 0.001501
0 0.101781 0.313419 0.022969 0.075948 0.001501
0 0.121110 0.314319 0.039702 0.098419 0.002473
0 0.137022 0.321062 0.013501 0.064076 0.006693
0 0.138318 0.319737 0.015628 0.056882 0.001501
0 0.177551 0.317529 0.030143 0.151417 0.731059
0 0.176903 0.316201 0.031959 0.149483 0.622459
0 0.194530 0.309767 0.014128 0.098613 0.622459
0 0.237663 0.309894 0.014025 0.083415 0.268941
0 0.238823 0.308794 0.014423 0.081076 0.500000
0 0.267991 0.312440 0.011010 0.073610 0.500000
0 0.279795 0.312496 0.015433 0.073682 0.622459
0 0.297854 0.309044 0.010132 0.066702 0.377541
0 0.309908 0.310194 0.008516 0.059893 0.119203
0 0.320206 0.311127 0.009641 0.057875 0.622459
0 0.332693 0.311694 0.009623 0.062971 0.500000
0 0.359399 0.314539 0.009288 0.050899 0.377541
0 0.368749 0.317310 0.009651 0.041754 0.029312
0 0.382463 0.318248 0.007063 0.043597 0.182426
0 0.403588 0.315057 0.007258 0.041866 0.004070
0 0.445370 0.314887 0.006250 0.036952 0.010987
0 0.505005 0.313377 0.007247 0.030471 0.001501
0 0.097175 0.316578 0.013790 0.074941 0.001501
0 0.134880 0.324021 0.016633 0.065466 0.002473
0 0.177828 0.316349 0.030681 0.149302 0.817575
0 0.176026 0.315307 0.032935 0.147670 0.731059
0 0.195205 0.310159 0.015440 0.098369 0.622459
0 0.237677 0.309906 0.014763 0.083378 0.377541
0 0.238709 0.307671 0.014648 0.083368 0.622459
0 0.258545 0.314199 0.015736 0.052993 0.002473
0 0.267981 0.312539 0.011011 0.073575 0.622459
0 0.280472 0.313662 0.014066 0.075919 0.731059
0 0.298399 0.309901 0.011211 0.064654 0.377541
0 0.310375 0.310468 0.010155 0.059163 0.119203
0 0.320771 0.310944 0.008612 0.058228 0.622459
0 0.332692 0.312265 0.009654 0.063311 0.500000
0 0.359403 0.314503 0.009296 0.050988 0.377541
0 0.369400 0.316228 0.008288 0.039433 0.047426
0 0.383234 0.318990 0.008541 0.044621 0.268941
0 0.403580 0.316795 0.007245 0.038452 0.002473
0 0.418204 0.320603 0.005671 0.030849 0.006693
0 0.445640 0.318111 0.005679 0.030511 0.029312
0 0.507812 0.317885 0.010051 0.026137 0.001501
0 0.097125 0.321582 0.016441 0.075357 0.002473
0 0.118184 0.319982 0.036530 0.087388 0.004070
0 0.130506 0.321152 0.022739 0.066548 0.002473
0 0.176678 0.315495 0.031434 0.147295 0.817575
0 0.176628 0.315425 0.031372 0.147440 0.731059
0 0.194432 0.310834 0.016978 0.100777 0.622459
0 0.200489 0.315106 0.021521 0.069857 0.006693
0 0.237916 0.308797 0.014521 0.085663 0.268941
0 0.238637 0.309928 0.014791 0.083401 0.622459
0 0.267979 0.312560 0.011027 0.073622 0.500000
0 0.279782 0.312546 0.015451 0.078198 0.731059
0 0.297134 0.311059 0.011619 0.066869 0.001501
0 0.319542 0.312293 0.011074 0.065079 0.006693
0 0.332713 0.314389 0.009713 0.066532 0.182426
0 0.106105 0.322623 0.015449 0.087197 0.001501
0 0.176648 0.314398 0.031384 0.149640 0.731059
0 0.176629 0.314407 0.031367 0.149646 0.731059
0 0.192762 0.310008 0.017803 0.117646 0.010987
0 0.176667 0.316981 0.031448 0.148102 0.731059
0 0.175970 0.316482 0.032861 0.149113 0.731059
1 0.005960 0.297927 0.012008 0.088234 0.002473
1 0.006037 0.312597 0.012134 0.109641 0.002473
1 0.068715 0.315117 0.043615 0.083753 0.119203
1 0.069332 0.314990 0.042360 0.083758 0.500000
1 0.068685 0.314975 0.043762 0.083687 0.001501
1 0.208029 0.307663 0.038180 0.070286 0.004070
1 0.068723 0.316188 0.043492 0.081288 0.622459
1 0.069231 0.315081 0.044640 0.083499 0.622459
1 0.068053 0.316179 0.044814 0.086067 0.500000
1 0.122452 0.320385 0.041547 0.082373 0.004070
1 0.137022 0.321062 0.013501 0.064076 0.017986
1 0.138318 0.319737 0.015628 0.056882 0.017986
1 0.158382 0.318653 0.053229 0.080236 0.001501
1 0.214308 0.312568 0.031265 0.051608 0.622459
1 0.214501 0.315439 0.031030 0.052863 0.622459
1 0.484549 0.322230 0.030878 0.042302 0.001501
1 0.483736 0.322105 0.029497 0.042077 0.002473
1 0.521041 0.318182 0.014380 0.035497 0.001501
1 0.533343 0.321661 0.024933 0.039925 0.075858
1 0.539811 0.322564 0.032646 0.044229 0.029312
1 0.562461 0.329294 0.047022 0.059415 0.731059
1 0.561041 0.329756 0.047089 0.058531 0.731059
1 0.561854 0.329297 0.045620 0.059559 0.622459
1 0.068749 0.313800 0.043440 0.085947 0.622459
1 0.069213 0.316233 0.044611 0.081242 0.622459
1 0.068123 0.313757 0.044666 0.086138 0.622459
1 0.120053 0.316841 0.043480 0.092502 0.002473
1 0.121619 0.321379 0.043250 0.077135 0.010987
1 0.134880 0.324021 0.016633 0.065466 0.029312
1 0.137822 0.318231 0.014926 0.058884 0.029312
1 0.214715 0.314406 0.032058 0.051318 0.500000
1 0.214286 0.315125 0.031776 0.052509 0.622459
1 0.483431 0.323718 0.030107 0.040422 0.268941
1 0.484301 0.323572 0.031403 0.040112 0.817575
1 0.484304 0.324025 0.031412 0.039038 0.880797
1 0.507812 0.317885 0.010051 0.026137 0.001501
1 0.517302 0.320443 0.009691 0.025818 0.075858
1 0.534511 0.322585 0.025081 0.039522 0.880797
1 0.558710 0.327197 0.050088 0.052800 0.075858
1 0.563261 0.329761 0.048479 0.058448 0.880797
1 0.562492 0.329329 0.046932 0.059322 0.817575
1 0.563274 0.329829 0.048475 0.058325 0.880797
1 0.643112 0.346687 0.117044 0.123379 0.880797
1 0.643072 0.346810 0.117005 0.123585 0.880797
1 0.642544 0.347702 0.118071 0.121802 0.880797
1 0.069251 0.315148 0.044857 0.083431 0.622459
1 0.068645 0.316258 0.043743 0.085721 0.622459
1 0.068168 0.313950 0.044751 0.085943 0.268941
1 0.120643 0.319231 0.041284 0.081282 0.029312
1 0.130506 0.321152 0.022739 0.066548 0.017986
1 0.138911 0.319950 0.017113 0.064079 0.006693
1 0.215652 0.314314 0.030169 0.062151 0.002473
1 0.484067 0.324285 0.031825 0.040221 0.075858
1 0.483531 0.323828 0.029870 0.040612 0.119203
1 0.483424 0.323831 0.030109 0.040620 0.182426
1 0.534665 0.323602 0.025219 0.042470 0.010987
1 0.563228 0.330380 0.048421 0.060856 0.731059
1 0.562497 0.329785 0.046952 0.058403 0.880797
1 0.561724 0.329769 0.048454 0.058437 0.880797
1 0.562516 0.329810 0.046959 0.058359 0.880797
1 0.642320 0.346755 0.115466 0.123511 0.924142
1 0.642536 0.346753 0.118043 0.123511 0.880797
1 0.641782 0.346736 0.116532 0.123547 0.924142
1 0.642309 0.346744 0.115439 0.123549 0.924142
1 0.643101 0.346332 0.117065 0.122727 0.924142
1 0.643084 0.346376 0.116991 0.122750 0.924142
1 0.642638 0.347282 0.118355 0.120985 0.924142
1 0.849329 0.431142 0.304811 0.465271 0.924142
1 0.848488 0.429824 0.303140 0.462557 0.924142
1 0.849208 0.429394 0.301610 0.461714 0.924142
1 0.849290 0.433773 0.304755 0.470553 0.924142
1 0.848472 0.436262 0.303120 0.471103 0.924142
1 0.848465 0.435064 0.303089 0.468668 0.924142
1 0.849937 0.433652 0.303246 0.465894 0.924142
1 0.849319 0.432526 0.304860 0.468349 0.939913
1 0.849239 0.433882 0.304732 0.470903 0.904651
1 0.848440 0.434010 0.303184 0.470961 0.924142
2 0.214715 0.314406 0.032058 0.051318 0.001501
2 0.120643 0.319231 0.041284 0.081282 0.002473
3 0.068715 0.315117 0.043615 0.083753 0.001501
3 0.069332 0.314990 0.042360 0.083758 0.002473
3 0.068723 0.316188 0.043492 0.081288 0.002473
3 0.069231 0.315081 0.044640 0.083499 0.010987
3 0.068053 0.316179 0.044814 0.086067 0.002473
3 0.214308 0.312568 0.031265 0.051608 0.001501
3 0.068749 0.313800 0.043440 0.085947 0.010987
3 0.069213 0.316233 0.044611 0.081242 0.006693
3 0.068123 0.313757 0.044666 0.086138 0.004070
3 0.134880 0.324021 0.016633 0.065466 0.001501
3 0.214715 0.314406 0.032058 0.051318 0.002473
3 0.214286 0.315125 0.031776 0.052509 0.001501
3 0.069251 0.315148 0.044857 0.083431 0.010987
3 0.068645 0.316258 0.043743 0.085721 0.017986
3 0.068168 0.313950 0.044751 0.085943 0.006693
3 0.120643 0.319231 0.041284 0.081282 0.002473
3 0.130506 0.321152 0.022739 0.066548 0.001501
4 0.017973 0.316410 0.038833 0.112584 0.001501
4 0.019597 0.331188 0.039203 0.082452 0.500000
4 0.121110 0.314319 0.039702 0.098419 0.001501
4 0.122452 0.320385 0.041547 0.082373 0.001501
4 0.137022 0.321062 0.013501 0.064076 0.001501
4 0.020223 0.331315 0.040483 0.082387 0.622459
4 0.019453 0.332188 0.041995 0.075981 0.622459
4 0.019418 0.334617 0.042022 0.075811 0.622459
4 0.120053 0.316841 0.043480 0.092502 0.002473
4 0.121619 0.321379 0.043250 0.077135 0.001501
4 0.134880 0.324021 0.016633 0.065466 0.001501
4 0.137822 0.318231 0.014926 0.058884 0.002473
4 0.019535 0.331934 0.039133 0.081118 0.731059
4 0.019542 0.333206 0.039109 0.078591 0.731059
4 0.020194 0.331906 0.040525 0.081205 0.731059
4 0.031455 0.325857 0.031978 0.087562 0.010987
4 0.097125 0.321582 0.016441 0.075357 0.004070
4 0.118184 0.319982 0.036530 0.087388 0.006693
4 0.120643 0.319231 0.041284 0.081282 0.002473
4 0.130506 0.321152 0.022739 0.066548 0.001501
4 0.138911 0.319950 0.017113 0.064079 0.001501
4 0.020323 0.331770 0.037643 0.081587 0.731059
4 0.019542 0.330664 0.039099 0.083712 0.817575
4 0.018798 0.332083 0.040743 0.080964 0.622459
4 0.032325 0.330288 0.027671 0.085295 0.006693
5 0.006037 0.312597 0.012134 0.109641 0.004070
5 0.017973 0.316410 0.038833 0.112584 0.004070
5 0.019597 0.331188 0.039203 0.082452 0.001501
5 0.121110 0.314319 0.039702 0.098419 0.004070
5 0.122452 0.320385 0.041547 0.082373 0.004070
5 0.137022 0.321062 0.013501 0.064076 0.006693
5 0.138318 0.319737 0.015628 0.056882 0.004070
5 0.120053 0.316841 0.043480 0.092502 0.004070
5 0.121619 0.321379 0.043250 0.077135 0.004070
5 0.134880 0.324021 0.016633 0.065466 0.010987
5 0.137822 0.318231 0.014926 0.058884 0.006693
5 0.069251 0.315148 0.044857 0.083431 0.002473
5 0.097125 0.321582 0.016441 0.075357 0.010987
5 0.118184 0.319982 0.036530 0.087388 0.010987
5 0.120643 0.319231 0.041284 0.081282 0.002473
5 0.130506 0.321152 0.022739 0.066548 0.006693
5 0.138911 0.319950 0.017113 0.064079 0.004070
