0 0.842081 0.309311 0.019255 0.144619 0.001501
0 0.854113 0.310786 0.020123 0.153915 0.119203
0 0.643638 0.304477 0.014318 0.096973 0.001501
0 0.803779 0.313298 0.017587 0.127535 0.001501
0 0.855169 0.314899 0.023806 0.161919 0.119203
0 0.057465 0.345996 0.023294 0.143227 0.002473
0 0.067553 0.339844 0.015057 0.133638 0.002473
0 0.620159 0.308331 0.009899 0.062309 0.001501
0 0.642988 0.315687 0.011041 0.076580 0.182426
0 0.656232 0.315787 0.015623 0.076753 0.500000
0 0.805023 0.315075 0.018282 0.125008 0.002473
0 0.837480 0.318737 0.021975 0.154555 0.119203
0 0.837497 0.319931 0.021984 0.156989 0.075858
0 0.855158 0.318531 0.029106 0.168991 0.268941
0 0.006285 0.348225 0.009546 0.101878 0.029312
0 0.049133 0.348514 0.020296 0.114248 0.029312
0 0.056179 0.348230 0.021038 0.118763 0.377541
0 0.062259 0.342423 0.022645 0.130222 0.002473
0 0.114540 0.349545 0.021299 0.106726 0.002473
0 0.118209 0.350626 0.019548 0.104786 0.377541
0 0.132733 0.341665 0.012999 0.081198 0.001501
0 0.257811 0.332715 0.012656 0.062503 0.004070
0 0.296956 0.330614 0.009413 0.062084 0.047426
0 0.301839 0.329318 0.010736 0.059492 0.010987
0 0.509728 0.324888 0.008867 0.048878 0.182426
0 0.517970 0.324913 0.011036 0.048867 0.119203
0 0.567312 0.318948 0.009641 0.045017 0.010987
0 0.593760 0.306833 0.022830 0.030462 0.010987
0 0.619432 0.317029 0.008237 0.056625 0.010987
0 0.642992 0.316214 0.011006 0.075959 0.500000
0 0.656237 0.315946 0.015596 0.076487 0.731059
0 0.805194 0.314641 0.020700 0.123217 0.004070
0 0.837573 0.321215 0.025182 0.159064 0.500000
0 0.838295 0.321587 0.023534 0.162090 0.500000
0 0.854629 0.318815 0.032143 0.174106 0.731059
0 0.855310 0.316449 0.029894 0.174488 0.047426
0 0.007028 0.349505 0.011008 0.092729 0.268941
0 0.010909 0.348293 0.018862 0.088578 0.001501
0 0.045588 0.349472 0.013151 0.107023 0.047426
0 0.056250 0.349399 0.020722 0.121057 0.731059
0 0.058013 0.346394 0.024494 0.126639 0.047426
0 0.116970 0.349084 0.024593 0.098933 0.002473
0 0.119307 0.351674 0.019507 0.101706 0.731059
0 0.132780 0.344178 0.012543 0.076660 0.500000
0 0.196967 0.339810 0.011269 0.049693 0.004070
0 0.207016 0.343741 0.011009 0.062509 0.622459
0 0.222574 0.342459 0.010655 0.065065 0.500000
0 0.226896 0.340161 0.015542 0.055506 0.002473
0 0.258473 0.334830 0.013892 0.058002 0.622459
0 0.261167 0.335116 0.016410 0.058967 0.004070
0 0.295754 0.331521 0.008575 0.058973 0.075858
0 0.303042 0.331053 0.009401 0.056083 0.047426
0 0.328596 0.330692 0.007208 0.041765 0.017986
0 0.509689 0.324986 0.008783 0.045166 0.500000
0 0.519512 0.327021 0.011014 0.049238 0.622459
0 0.545151 0.321212 0.009832 0.035631 0.001501
0 0.566761 0.320693 0.008545 0.048308 0.017986
0 0.594933 0.311486 0.024059 0.034482 0.004070
0 0.618740 0.322623 0.009571 0.061483 0.017986
0 0.642990 0.316957 0.011017 0.074494 0.622459
0 0.657006 0.317182 0.014076 0.079102 0.817575
0 0.804346 0.317861 0.021327 0.134013 0.001501
0 0.839168 0.321207 0.025329 0.159497 0.622459
0 0.838296 0.321107 0.023532 0.159254 0.500000
0 0.852448 0.317943 0.034463 0.172087 0.731059
0 0.853849 0.318997 0.032817 0.170194 0.377541
0 0.007040 0.347765 0.014091 0.091346 0.268941
0 0.011501 0.349585 0.020014 0.086427 0.001501
0 0.044533 0.349818 0.011022 0.103074 0.047426
0 0.055735 0.347564 0.019590 0.122066 0.731059
0 0.058038 0.346619 0.022629 0.125710 0.047426
0 0.115964 0.348017 0.024142 0.096010 0.001501
0 0.119316 0.350444 0.019498 0.100502 0.731059
0 0.132778 0.344808 0.012572 0.078288 0.500000
0 0.196028 0.340854 0.009189 0.045822 0.004070
0 0.206257 0.343741 0.012551 0.062567 0.622459
0 0.221493 0.342449 0.010121 0.065148 0.622459
0 0.258471 0.335107 0.011179 0.058698 0.731059
0 0.261156 0.335731 0.016464 0.056596 0.004070
0 0.296917 0.332309 0.009327 0.060473 0.119203
0 0.301496 0.330973 0.011417 0.056606 0.047426
0 0.328856 0.329583 0.007778 0.044184 0.029312
0 0.508651 0.325698 0.007792 0.047326 0.622459
0 0.517966 0.326842 0.011066 0.049614 0.622459
0 0.568764 0.321121 0.009498 0.052950 0.004070
0 0.617103 0.324253 0.012850 0.065313 0.004070
0 0.642980 0.316925 0.011009 0.074523 0.622459
0 0.655467 0.317900 0.014104 0.077719 0.817575
0 0.838384 0.321113 0.023764 0.160000 0.500000
0 0.838339 0.320777 0.023634 0.160511 0.377541
0 0.851578 0.317448 0.035541 0.170701 0.622459
0 0.852561 0.318292 0.034305 0.172096 0.268941
0 0.007030 0.348955 0.014077 0.088764 0.268941
0 0.045220 0.349887 0.009703 0.104229 0.047426
0 0.056763 0.347630 0.019592 0.122054 0.817575
0 0.057503 0.347106 0.023241 0.125519 0.010987
0 0.119322 0.350600 0.019472 0.100166 0.731059
0 0.132804 0.344824 0.012561 0.074939 0.500000
0 0.206258 0.343737 0.009484 0.062583 0.622459
0 0.222180 0.342439 0.011466 0.065178 0.731059
0 0.226821 0.342757 0.016107 0.059745 0.001501
0 0.259151 0.336540 0.012539 0.058098 0.182426
0 0.261361 0.336382 0.016726 0.058589 0.001501
0 0.297000 0.333861 0.009509 0.064810 0.010987
0 0.301762 0.335189 0.012000 0.064424 0.001501
0 0.839274 0.321929 0.025594 0.167453 0.622459
0 0.841473 0.321290 0.027174 0.169918 0.119203
0 0.851613 0.316476 0.035746 0.174848 0.622459
0 0.851100 0.314587 0.036586 0.176370 0.377541
0 0.007024 0.349865 0.011016 0.086956 0.268941
0 0.046907 0.349827 0.013137 0.110113 0.075858
0 0.056222 0.348268 0.022142 0.119082 0.817575
0 0.057523 0.348557 0.023251 0.120065 0.002473
0 0.115933 0.351335 0.021382 0.098839 0.002473
0 0.119298 0.350615 0.019450 0.100137 0.731059
0 0.131143 0.348274 0.012875 0.085794 0.075858
0 0.838612 0.322285 0.027553 0.170033 0.377541
0 0.842912 0.321707 0.032711 0.170065 0.119203
0 0.851445 0.316608 0.035378 0.174883 0.622459
0 0.852722 0.315594 0.034172 0.174319 0.119203
0 0.052709 0.350493 0.022621 0.119282 0.029312
0 0.056192 0.348618 0.020619 0.120255 0.731059
0 0.840579 0.322499 0.031458 0.173426 0.002473
0 0.842457 0.320643 0.031848 0.179535 0.029312
0 0.849967 0.317592 0.037653 0.181752 0.004070
1 0.006285 0.348225 0.009546 0.101878 0.006693
1 0.591867 0.305674 0.026322 0.033501 0.002473
1 0.593760 0.306833 0.022830 0.030462 0.029312
1 0.595060 0.310250 0.025977 0.027675 0.010987
1 0.361234 0.326674 0.038777 0.018960 0.004070
1 0.373642 0.328952 0.022538 0.019734 0.010987
1 0.380816 0.329828 0.036766 0.021650 0.010987
1 0.383343 0.328983 0.036683 0.023520 0.010987
1 0.491325 0.320585 0.007975 0.016341 0.001501
1 0.589998 0.312950 0.025424 0.037462 0.001501
1 0.594933 0.311486 0.024059 0.034482 0.004070
1 0.596897 0.313699 0.023580 0.026521 0.002473
1 0.372580 0.335341 0.020272 0.028142 0.001501
1 0.376085 0.333726 0.027253 0.027880 0.004070
2 0.491325 0.320585 0.007975 0.016341 0.001501
3 0.632511 0.315636 0.032513 0.055212 0.001501
3 0.469534 0.319209 0.011094 0.018676 0.017986
4 0.804222 0.323675 0.024469 0.123262 0.002473
4 0.808871 0.329343 0.030216 0.123578 0.004070
4 0.804175 0.335611 0.030088 0.118532 0.004070
4 0.807404 0.326607 0.034687 0.140549 0.004070
4 0.806275 0.337819 0.034728 0.126673 0.004070
4 0.810166 0.324213 0.041811 0.154626 0.001501
5 0.593760 0.306833 0.022830 0.030462 0.010987
5 0.595060 0.310250 0.025977 0.027675 0.001501
5 0.589998 0.312950 0.025424 0.037462 0.001501
5 0.594933 0.311486 0.024059 0.034482 0.004070
5 0.596897 0.313699 0.023580 0.026521 0.004070
5 0.618740 0.322623 0.009571 0.061483 0.001501
5 0.372580 0.335341 0.020272 0.028142 0.001501
5 0.376085 0.333726 0.027253 0.027880 0.001501
5 0.617103 0.324253 0.012850 0.065313 0.001501
