0 0.475809 0.311219 0.023974 0.169964 0.001501
0 0.477501 0.311798 0.024196 0.171137 0.001501
0 0.478937 0.316813 0.026993 0.181044 0.002473
0 0.681797 0.309603 0.019412 0.114240 0.731059
0 0.709542 0.313917 0.019370 0.110189 0.075858
0 0.710930 0.313528 0.018712 0.111318 0.017986
0 0.730064 0.316904 0.018297 0.116203 0.119203
0 0.750816 0.317098 0.017237 0.121218 0.047426
0 0.751968 0.319329 0.015296 0.122954 0.377541
0 0.313574 0.336565 0.019338 0.183380 0.002473
0 0.681784 0.310317 0.019410 0.110956 0.731059
0 0.699843 0.314050 0.012929 0.100124 0.047426
0 0.708320 0.314684 0.019739 0.106150 0.500000
0 0.710628 0.315950 0.018160 0.107375 0.119203
0 0.730707 0.317508 0.019469 0.115007 0.622459
0 0.751121 0.318328 0.016685 0.123122 0.377541
0 0.751566 0.317132 0.016093 0.121059 0.500000
0 0.797793 0.320922 0.015597 0.157481 0.001501
0 0.140297 0.342099 0.011515 0.082123 0.002473
0 0.201225 0.338190 0.016935 0.080156 0.006693
0 0.203326 0.339989 0.012612 0.080821 0.119203
0 0.246522 0.330384 0.013143 0.074921 0.001501
0 0.272004 0.331884 0.009607 0.061640 0.002473
0 0.279925 0.329931 0.010005 0.060788 0.006693
0 0.297249 0.327861 0.011671 0.059328 0.010987
0 0.354116 0.336758 0.027488 0.160047 0.006693
0 0.354146 0.338044 0.027486 0.162645 0.731059
0 0.476218 0.326451 0.031238 0.200104 0.010987
0 0.546065 0.316457 0.011464 0.033870 0.002473
0 0.568740 0.319554 0.006817 0.038133 0.004070
0 0.597387 0.309908 0.023627 0.027094 0.001501
0 0.602771 0.317089 0.011734 0.046165 0.017986
0 0.616623 0.318561 0.008841 0.064320 0.017986
0 0.681800 0.308764 0.019403 0.112395 0.817575
0 0.700211 0.313840 0.013683 0.102834 0.075858
0 0.708931 0.315388 0.017900 0.109177 0.622459
0 0.711721 0.315446 0.017078 0.108806 0.182426
0 0.730303 0.317406 0.020246 0.115188 0.622459
0 0.750303 0.317284 0.016119 0.120612 0.500000
0 0.752065 0.316263 0.017812 0.122606 0.622459
0 0.771583 0.304830 0.040618 0.234140 0.001501
0 0.774189 0.305584 0.038350 0.242294 0.001501
0 0.137249 0.344845 0.013215 0.070533 0.001501
0 0.140318 0.343782 0.011438 0.072306 0.622459
0 0.201397 0.339640 0.016533 0.077248 0.010987
0 0.204023 0.340728 0.013924 0.079788 0.182426
0 0.219795 0.339750 0.012509 0.055651 0.001501
0 0.231257 0.338033 0.009474 0.056282 0.047426
0 0.243519 0.337333 0.019434 0.064981 0.002473
0 0.271903 0.334911 0.009291 0.054559 0.377541
0 0.279793 0.332590 0.009678 0.056849 0.075858
0 0.296528 0.328172 0.010432 0.058478 0.004070
0 0.321155 0.338741 0.032720 0.187811 0.622459
0 0.320083 0.341097 0.032074 0.187460 0.377541
0 0.354007 0.337982 0.027250 0.162576 0.731059
0 0.353901 0.337969 0.027007 0.162559 0.817575
0 0.418764 0.325463 0.006863 0.021078 0.002473
0 0.475608 0.326914 0.032481 0.201100 0.731059
0 0.475482 0.328016 0.032264 0.198140 0.817575
0 0.490598 0.323524 0.009614 0.038700 0.001501
0 0.545283 0.318809 0.009898 0.029297 0.002473
0 0.569971 0.321860 0.007009 0.039664 0.017986
0 0.596789 0.319585 0.022433 0.028760 0.001501
0 0.601638 0.322580 0.013991 0.051394 0.017986
0 0.615876 0.319160 0.010348 0.069976 0.017986
0 0.682191 0.308754 0.020203 0.112424 0.817575
0 0.700272 0.312972 0.014353 0.103163 0.047426
0 0.709194 0.315947 0.018402 0.108351 0.622459
0 0.710646 0.316642 0.018154 0.105992 0.119203
0 0.729615 0.318012 0.018872 0.113979 0.731059
0 0.749939 0.317380 0.016964 0.120396 0.500000
0 0.751039 0.318058 0.017151 0.119061 0.377541
0 0.773598 0.309346 0.041499 0.249710 0.622459
0 0.773717 0.309546 0.041361 0.250520 0.622459
0 0.796763 0.323170 0.022558 0.155697 0.002473
0 0.140997 0.344654 0.010101 0.074020 0.622459
0 0.201210 0.342574 0.016887 0.083979 0.006693
0 0.203335 0.343156 0.012617 0.084574 0.182426
0 0.232035 0.338830 0.011046 0.058371 0.029312
0 0.271137 0.335295 0.007759 0.055620 0.377541
0 0.278461 0.332264 0.010163 0.053868 0.047426
0 0.295895 0.329854 0.012265 0.060682 0.004070
0 0.320393 0.337863 0.031196 0.185973 0.880797
0 0.320431 0.337930 0.031321 0.189444 0.817575
0 0.354202 0.336703 0.027660 0.159957 0.731059
0 0.354025 0.337395 0.027247 0.158544 0.817575
0 0.475578 0.325593 0.032248 0.202991 0.731059
0 0.475493 0.325407 0.032260 0.202605 0.731059
0 0.571156 0.323895 0.007808 0.044771 0.006693
0 0.606949 0.324601 0.008386 0.054227 0.006693
0 0.615648 0.321511 0.012963 0.071052 0.010987
0 0.681796 0.308900 0.019410 0.112712 0.817575
0 0.697099 0.313513 0.014978 0.105996 0.029312
0 0.708423 0.315784 0.019932 0.108768 0.622459
0 0.711033 0.317411 0.018731 0.110009 0.075858
0 0.730687 0.318315 0.019427 0.113382 0.731059
0 0.750440 0.316975 0.017962 0.116089 0.500000
0 0.751098 0.317343 0.017038 0.120585 0.377541
0 0.773268 0.307580 0.043311 0.254504 0.817575
0 0.772415 0.308607 0.045051 0.252868 0.622459
0 0.141531 0.344620 0.011198 0.074085 0.731059
0 0.200670 0.343245 0.015746 0.086638 0.006693
0 0.203468 0.343778 0.015054 0.087243 0.182426
0 0.232025 0.340122 0.011052 0.064991 0.006693
0 0.247567 0.343929 0.013057 0.068190 0.002473
0 0.271919 0.335448 0.009335 0.059577 0.004070
0 0.321139 0.336608 0.032776 0.188130 0.047426
0 0.320395 0.338611 0.031200 0.187902 0.817575
0 0.320027 0.337734 0.032044 0.189817 0.731059
0 0.354007 0.338210 0.027251 0.162048 0.731059
0 0.353948 0.335910 0.027108 0.161549 0.731059
0 0.475032 0.328125 0.031145 0.197920 0.731059
0 0.474401 0.329388 0.032266 0.195393 0.622459
0 0.681805 0.309395 0.019499 0.113546 0.622459
0 0.691753 0.313304 0.024250 0.110241 0.004070
0 0.708795 0.314734 0.017680 0.107316 0.622459
0 0.714729 0.316811 0.020966 0.111444 0.010987
0 0.731246 0.318202 0.020621 0.113619 0.731059
0 0.749939 0.319090 0.016961 0.116998 0.377541
0 0.751227 0.313473 0.017304 0.123660 0.182426
0 0.772920 0.307438 0.045854 0.255002 0.731059
0 0.772837 0.308931 0.045742 0.257112 0.731059
0 0.773515 0.313104 0.043563 0.253888 0.004070
0 0.869837 0.310085 0.052247 0.296766 0.817575
0 0.869669 0.312429 0.052586 0.297090 0.817575
0 0.201265 0.344799 0.016969 0.086496 0.004070
0 0.202322 0.344220 0.014638 0.085593 0.047426
0 0.320737 0.336367 0.033547 0.188937 0.002473
0 0.320439 0.336811 0.031112 0.188001 0.817575
0 0.319986 0.336830 0.032022 0.188033 0.817575
0 0.353437 0.335877 0.028852 0.161648 0.622459
0 0.353348 0.335871 0.028585 0.161636 0.731059
0 0.474092 0.328064 0.032994 0.197576 0.817575
0 0.474408 0.328065 0.032237 0.197579 0.731059
0 0.772251 0.309326 0.048682 0.261451 0.004070
0 0.773368 0.308238 0.043604 0.258541 0.731059
0 0.772902 0.306973 0.045858 0.255992 0.817575
0 0.773824 0.306911 0.044466 0.256470 0.047426
0 0.869393 0.311397 0.053185 0.299588 0.924142
0 0.869568 0.313679 0.052848 0.299350 0.880797
0 0.869299 0.313652 0.053385 0.299140 0.817575
0 0.320427 0.336855 0.031098 0.188040 0.817575
0 0.320826 0.337099 0.033415 0.191220 0.731059
0 0.354397 0.335255 0.028029 0.162868 0.622459
0 0.473739 0.328157 0.033554 0.198202 0.731059
0 0.473256 0.328050 0.031807 0.198125 0.731059
0 0.773728 0.308311 0.044377 0.258648 0.731059
0 0.772949 0.307021 0.045934 0.256095 0.817575
0 0.869402 0.313568 0.053173 0.300360 0.817575
0 0.869573 0.313598 0.052839 0.299504 0.880797
0 0.869506 0.313580 0.052965 0.299394 0.817575
0 0.869415 0.316622 0.053195 0.293563 0.880797
0 0.869576 0.318006 0.052839 0.290619 0.817575
1 0.092259 0.253587 0.053659 0.035488 0.001501
1 0.588409 0.307524 0.032309 0.032285 0.001501
1 0.597387 0.309908 0.023627 0.027094 0.006693
1 0.374823 0.331604 0.017002 0.029010 0.017986
1 0.376936 0.331715 0.020901 0.025514 0.047426
1 0.391130 0.330022 0.026420 0.022178 0.004070
1 0.490598 0.323524 0.009614 0.038700 0.002473
1 0.503958 0.320883 0.011408 0.011711 0.029312
1 0.521769 0.321539 0.017028 0.018634 0.002473
1 0.526860 0.321421 0.020062 0.018811 0.002473
1 0.584828 0.319160 0.032356 0.035289 0.001501
1 0.596789 0.319585 0.022433 0.028760 0.004070
1 0.369792 0.335104 0.015412 0.033694 0.001501
1 0.376511 0.334873 0.019864 0.025434 0.047426
3 0.838537 0.291456 0.015119 0.047350 0.001501
3 0.503958 0.320883 0.011408 0.011711 0.001501
5 0.203335 0.343156 0.012617 0.084574 0.002473
