0 0.476476 0.326866 0.022188 0.096218 0.500000
0 0.476230 0.326878 0.019507 0.096255 0.500000
0 0.195316 0.340387 0.012655 0.079901 0.001501
0 0.217979 0.335178 0.011170 0.068280 0.002473
0 0.296825 0.339937 0.021751 0.106648 0.731059
0 0.297231 0.340337 0.022605 0.110918 0.622459
0 0.315264 0.329594 0.011567 0.060030 0.075858
0 0.335943 0.330585 0.012551 0.062117 0.029312
0 0.341429 0.324101 0.012425 0.049189 0.004070
0 0.356074 0.322126 0.016799 0.048154 0.001501
0 0.476229 0.326076 0.019534 0.092706 0.731059
0 0.476451 0.325611 0.022106 0.093596 0.731059
0 0.569430 0.319957 0.008102 0.043390 0.017986
0 0.594527 0.307843 0.011002 0.037582 0.075858
0 0.606065 0.317008 0.009886 0.050761 0.017986
0 0.153360 0.341271 0.012513 0.067489 0.268941
0 0.182026 0.345033 0.011008 0.059976 0.622459
0 0.193756 0.344883 0.012546 0.070061 0.622459
0 0.201906 0.339580 0.011770 0.059566 0.006693
0 0.218749 0.339905 0.009459 0.060025 0.500000
0 0.297217 0.341549 0.022546 0.113683 0.817575
0 0.297229 0.339762 0.022606 0.112183 0.731059
0 0.315292 0.331710 0.011485 0.055074 0.268941
0 0.334678 0.333898 0.008774 0.056864 0.119203
0 0.344479 0.328409 0.008205 0.041646 0.029312
0 0.355288 0.330756 0.011107 0.041730 0.047426
0 0.365103 0.327872 0.038462 0.030918 0.002473
0 0.476992 0.325641 0.021052 0.093599 0.731059
0 0.476990 0.325668 0.021025 0.093547 0.817575
0 0.517113 0.320068 0.006291 0.021627 0.002473
0 0.543760 0.319859 0.006770 0.032770 0.002473
0 0.569429 0.320844 0.008084 0.039573 0.119203
0 0.594549 0.313244 0.011060 0.043309 0.029312
0 0.606818 0.323884 0.008516 0.054607 0.017986
0 0.078092 0.351867 0.009304 0.056053 0.010987
0 0.154036 0.342433 0.011181 0.065176 0.268941
0 0.181257 0.345027 0.012550 0.060011 0.731059
0 0.194522 0.345749 0.014083 0.071846 0.731059
0 0.206924 0.342596 0.008340 0.046595 0.017986
0 0.218747 0.341142 0.009461 0.062742 0.500000
0 0.297224 0.341684 0.022528 0.113418 0.817575
0 0.296546 0.341625 0.023971 0.113589 0.622459
0 0.316512 0.331831 0.011228 0.059312 0.182426
0 0.335359 0.334285 0.010145 0.058007 0.119203
0 0.343759 0.330710 0.006787 0.041936 0.029312
0 0.355565 0.329607 0.008173 0.039673 0.075858
0 0.367757 0.331219 0.025860 0.032828 0.006693
0 0.476446 0.326234 0.022125 0.092436 0.731059
0 0.476448 0.323985 0.022112 0.092418 0.731059
0 0.569987 0.324078 0.007054 0.047024 0.047426
0 0.596328 0.321930 0.014851 0.055646 0.010987
0 0.610502 0.325705 0.013250 0.057125 0.004070
0 0.078090 0.351203 0.009351 0.052826 0.006693
0 0.153495 0.342420 0.010133 0.065224 0.268941
0 0.181251 0.345045 0.009470 0.059946 0.731059
0 0.193754 0.344632 0.012536 0.074129 0.731059
0 0.206923 0.343378 0.008338 0.050179 0.002473
0 0.218747 0.341173 0.009461 0.062608 0.377541
0 0.296516 0.341668 0.023874 0.113495 0.817575
0 0.296546 0.341623 0.023971 0.113556 0.731059
0 0.316493 0.333755 0.011261 0.064968 0.017986
0 0.335112 0.336142 0.010753 0.060343 0.010987
0 0.476982 0.325114 0.021042 0.090156 0.817575
0 0.476990 0.326179 0.021033 0.092562 0.817575
0 0.297164 0.342087 0.022484 0.117136 0.731059
0 0.297191 0.341452 0.022683 0.113904 0.622459
1 0.086281 0.253674 0.041318 0.035677 0.001501
1 0.100559 0.253459 0.072685 0.035301 0.001501
1 0.355288 0.330756 0.011107 0.041730 0.002473
1 0.365103 0.327872 0.038462 0.030918 0.075858
1 0.367673 0.327187 0.037214 0.029561 0.047426
1 0.382801 0.324388 0.039658 0.024365 0.006693
1 0.496446 0.324873 0.012514 0.026261 0.004070
1 0.504018 0.320872 0.011253 0.011704 0.029312
1 0.367757 0.331219 0.025860 0.032828 0.004070
1 0.369386 0.331748 0.030591 0.029103 0.006693
3 0.367673 0.327187 0.037214 0.029561 0.001501
3 0.504018 0.320872 0.011253 0.011704 0.001501
4 0.367757 0.331219 0.025860 0.032828 0.001501
4 0.369386 0.331748 0.030591 0.029103 0.001501
4 0.612621 0.330192 0.016851 0.053274 0.001501
5 0.355288 0.330756 0.011107 0.041730 0.001501
5 0.365103 0.327872 0.038462 0.030918 0.001501
5 0.610964 0.329279 0.022374 0.054999 0.006693
5 0.206924 0.342596 0.008340 0.046595 0.001501
5 0.367757 0.331219 0.025860 0.032828 0.006693
5 0.369386 0.331748 0.030591 0.029103 0.004070
5 0.612621 0.330192 0.016851 0.053274 0.004070
