0 0.122909 0.322580 0.015082 0.087654 0.377541
0 0.124392 0.322533 0.015637 0.090396 0.047426
0 0.226280 0.335221 0.019407 0.115642 0.006693
0 0.590751 0.309287 0.012790 0.063969 0.004070
0 0.762720 0.298861 0.016152 0.062080 0.002473
0 0.766509 0.298120 0.013975 0.064511 0.119203
0 0.838260 0.322710 0.027184 0.146000 0.001501
0 0.838265 0.320322 0.026797 0.145862 0.010987
0 0.122641 0.324064 0.014528 0.088372 0.622459
0 0.124205 0.324089 0.015279 0.088170 0.075858
0 0.171653 0.327834 0.010444 0.062831 0.002473
0 0.226998 0.334212 0.021068 0.113386 0.622459
0 0.227008 0.334496 0.020992 0.117545 0.731059
0 0.317972 0.323908 0.011012 0.054938 0.047426
0 0.592611 0.315858 0.017272 0.055771 0.002473
0 0.624075 0.317728 0.023852 0.036446 0.001501
0 0.763258 0.298160 0.017504 0.065169 0.001501
0 0.766505 0.298247 0.013966 0.064690 0.075858
0 0.838789 0.322898 0.030806 0.145870 0.817575
0 0.837482 0.320355 0.030985 0.145880 0.731059
0 0.937272 0.343188 0.022096 0.099438 0.002473
0 0.123156 0.324085 0.013383 0.088368 0.622459
0 0.124608 0.323717 0.014475 0.089100 0.047426
0 0.172869 0.328638 0.011269 0.056288 0.006693
0 0.226232 0.334490 0.019531 0.117553 0.622459
0 0.226241 0.334479 0.019462 0.117526 0.731059
0 0.306307 0.324615 0.007043 0.045450 0.006693
0 0.318749 0.325839 0.006731 0.051501 0.075858
0 0.765805 0.299579 0.012693 0.062898 0.029312
0 0.838143 0.321598 0.032106 0.148472 0.817575
0 0.837455 0.322868 0.030932 0.145895 0.817575
0 0.935744 0.358360 0.024854 0.116049 0.006693
0 0.937528 0.357288 0.021920 0.113936 0.002473
0 0.123428 0.324172 0.013923 0.088303 0.622459
0 0.124500 0.323827 0.014237 0.088948 0.075858
0 0.172495 0.328971 0.012095 0.055634 0.006693
0 0.226231 0.335406 0.019533 0.115747 0.622459
0 0.226254 0.334503 0.019438 0.117558 0.817575
0 0.310011 0.324933 0.012125 0.048962 0.006693
0 0.317289 0.325932 0.009672 0.051485 0.075858
0 0.600067 0.331794 0.019201 0.039912 0.001501
0 0.766416 0.309103 0.014612 0.086938 0.004070
0 0.838748 0.321641 0.030600 0.143280 0.731059
0 0.838027 0.321610 0.031927 0.143354 0.731059
0 0.936516 0.357522 0.023305 0.113299 0.002473
0 0.937487 0.357688 0.025166 0.114557 0.004070
0 0.122644 0.323900 0.014520 0.089064 0.500000
0 0.124498 0.323487 0.014243 0.087232 0.047426
0 0.226989 0.334504 0.021055 0.117582 0.622459
0 0.227003 0.334266 0.021017 0.113526 0.817575
0 0.838070 0.321645 0.031962 0.143309 0.817575
0 0.838040 0.321629 0.031927 0.148438 0.731059
0 0.935759 0.359008 0.024717 0.116486 0.002473
0 0.936006 0.359021 0.025200 0.116275 0.004070
0 0.226442 0.334529 0.022167 0.117544 0.622459
0 0.227019 0.332263 0.021021 0.117533 0.731059
0 0.837506 0.323073 0.030913 0.145584 0.731059
0 0.837489 0.322903 0.030864 0.140825 0.817575
0 0.935676 0.359067 0.021475 0.115566 0.001501
0 0.935451 0.362600 0.024205 0.124411 0.002473
0 0.934712 0.359021 0.022633 0.121387 0.001501
1 0.513715 0.319121 0.044495 0.041698 0.817575
1 0.513737 0.318213 0.044484 0.039883 0.817575
1 0.513950 0.319773 0.047088 0.040365 0.817575
1 0.513978 0.319115 0.047068 0.041695 0.817575
1 0.402911 0.320795 0.009697 0.034150 0.004070
1 0.514479 0.319780 0.046025 0.040361 0.731059
1 0.513727 0.319779 0.044495 0.040355 0.880797
1 0.514489 0.320447 0.046028 0.041663 0.880797
1 0.513966 0.319765 0.047090 0.040401 0.880797
1 0.557094 0.320446 0.017958 0.016200 0.017986
1 0.560918 0.317545 0.018792 0.022148 0.001501
1 0.591649 0.326304 0.032049 0.043233 0.001501
1 0.601649 0.328984 0.032073 0.039379 0.004070
1 0.610470 0.324476 0.049296 0.035026 0.047426
1 0.610907 0.322835 0.050163 0.030874 0.047426
1 0.620216 0.323944 0.034632 0.028512 0.029312
1 0.651878 0.320351 0.028433 0.021198 0.004070
1 0.654504 0.320352 0.023267 0.020901 0.006693
1 0.659562 0.321659 0.032659 0.019591 0.001501
1 0.365985 0.314920 0.082004 0.088216 0.002473
2 0.293000 0.313322 0.039977 0.033865 0.001501
2 0.294001 0.314775 0.048216 0.036802 0.002473
3 0.366840 0.314892 0.080657 0.088225 0.006693
3 0.366799 0.313622 0.080535 0.090766 0.924142
3 0.366750 0.316183 0.080463 0.085627 0.924142
3 0.365984 0.313785 0.081988 0.085918 0.880797
3 0.365912 0.314925 0.081853 0.088208 0.880797
3 0.554754 0.313250 0.024945 0.030410 0.002473
3 0.367021 0.314913 0.081009 0.088176 0.880797
3 0.366792 0.314915 0.080552 0.088171 0.924142
3 0.365986 0.316183 0.081991 0.085624 0.880797
3 0.557094 0.320446 0.017958 0.016200 0.004070
3 0.365985 0.314920 0.082004 0.088216 0.880797
3 0.366194 0.313640 0.082400 0.090741 0.924142
3 0.365932 0.315820 0.081808 0.089989 0.817575
4 0.601649 0.328984 0.032073 0.039379 0.010987
4 0.610470 0.324476 0.049296 0.035026 0.001501
4 0.588736 0.331078 0.019624 0.047202 0.010987
4 0.593984 0.330436 0.019207 0.042543 0.017986
4 0.600067 0.331794 0.019201 0.039912 0.029312
4 0.614050 0.327714 0.029753 0.037894 0.001501
4 0.960830 0.365202 0.078584 0.142925 0.001501
4 0.960901 0.371808 0.078820 0.149787 0.002473
4 0.960858 0.371301 0.078679 0.150507 0.001501
5 0.171653 0.327834 0.010444 0.062831 0.001501
5 0.624075 0.317728 0.023852 0.036446 0.002473
5 0.172869 0.328638 0.011269 0.056288 0.017986
5 0.177116 0.329549 0.020954 0.055171 0.010987
5 0.620216 0.323944 0.034632 0.028512 0.006693
5 0.172495 0.328971 0.012095 0.055634 0.010987
5 0.178118 0.333878 0.019077 0.051207 0.010987
5 0.588736 0.331078 0.019624 0.047202 0.002473
