0 0.934021 0.311714 0.015908 0.118979 0.001501
0 0.308994 0.317035 0.015506 0.079446 0.006693
0 0.850614 0.330214 0.020667 0.119696 0.002473
0 0.852358 0.335351 0.020349 0.119979 0.029312
0 0.936004 0.313069 0.016414 0.097526 0.002473
0 0.940146 0.323256 0.014043 0.092008 0.006693
0 0.953713 0.318970 0.018111 0.106060 0.001501
0 0.023684 0.342403 0.014455 0.091956 0.075858
0 0.024118 0.341380 0.017275 0.090551 0.029312
0 0.049459 0.337214 0.014515 0.086275 0.004070
0 0.051284 0.335864 0.012928 0.088853 0.010987
0 0.281264 0.317000 0.009600 0.051121 0.001501
0 0.309859 0.321464 0.013992 0.065495 0.268941
0 0.316259 0.327224 0.014484 0.053476 0.029312
0 0.326752 0.326038 0.013939 0.051270 0.002473
0 0.343746 0.317896 0.009468 0.047448 0.010987
0 0.367296 0.320894 0.009672 0.053514 0.001501
0 0.852021 0.333965 0.021176 0.112340 0.010987
0 0.854966 0.342319 0.018152 0.101766 0.500000
0 0.864585 0.340205 0.012936 0.102662 0.006693
0 0.899106 0.329590 0.012698 0.060276 0.002473
0 0.902403 0.328641 0.010692 0.056331 0.029312
0 0.936872 0.322202 0.014285 0.082911 0.004070
0 0.940255 0.325544 0.011556 0.084947 0.017986
0 0.950094 0.328897 0.013500 0.086752 0.010987
0 0.023319 0.344865 0.015884 0.096686 0.119203
0 0.023814 0.344892 0.016777 0.096650 0.047426
0 0.049619 0.338410 0.014836 0.088304 0.004070
0 0.051812 0.337446 0.011861 0.085845 0.029312
0 0.236122 0.353856 0.014402 0.078297 0.010987
0 0.240660 0.354149 0.012941 0.070478 0.006693
0 0.311372 0.326318 0.014863 0.055734 0.377541
0 0.318650 0.329172 0.009716 0.050010 0.182426
0 0.327310 0.330861 0.010897 0.046656 0.075858
0 0.344426 0.323002 0.008099 0.038997 0.029312
0 0.493752 0.326962 0.006733 0.028960 0.119203
0 0.568131 0.328166 0.008239 0.026362 0.010987
0 0.607480 0.332035 0.007075 0.025964 0.002473
0 0.821898 0.340944 0.009307 0.047344 0.002473
0 0.852418 0.341962 0.020379 0.107935 0.006693
0 0.855535 0.346253 0.017015 0.099079 0.622459
0 0.864930 0.339665 0.010705 0.105830 0.006693
0 0.896997 0.329492 0.009522 0.055120 0.004070
0 0.902806 0.329105 0.011455 0.055357 0.075858
0 0.935990 0.323887 0.016347 0.082780 0.004070
0 0.940907 0.326382 0.010286 0.087213 0.017986
0 0.950000 0.328060 0.014401 0.084223 0.010987
0 0.023093 0.346209 0.018179 0.099345 0.119203
0 0.023798 0.347520 0.019485 0.101718 0.075858
0 0.049691 0.335280 0.015119 0.085638 0.004070
0 0.052382 0.339023 0.010725 0.081817 0.029312
0 0.237218 0.362810 0.018850 0.066079 0.010987
0 0.240747 0.360655 0.012746 0.065093 0.075858
0 0.311128 0.327597 0.016508 0.053190 0.268941
0 0.314172 0.329354 0.015943 0.049676 0.268941
0 0.327241 0.333720 0.011024 0.041147 0.075858
0 0.344315 0.329437 0.008411 0.049656 0.004070
0 0.493211 0.328906 0.005658 0.032945 0.006693
0 0.568071 0.331330 0.008109 0.026993 0.002473
0 0.607486 0.336035 0.007057 0.031496 0.001501
0 0.821126 0.341820 0.007815 0.048922 0.004070
0 0.852410 0.342346 0.020386 0.107156 0.004070
0 0.855516 0.342460 0.017093 0.101658 0.731059
0 0.863526 0.341060 0.012410 0.103745 0.006693
0 0.897343 0.330245 0.009134 0.058116 0.002473
0 0.902779 0.327996 0.011516 0.052621 0.075858
0 0.936392 0.325550 0.014899 0.080333 0.004070
0 0.942142 0.329360 0.012779 0.086105 0.010987
0 0.950002 0.329276 0.014407 0.086327 0.029312
0 0.023451 0.346661 0.021959 0.103555 0.119203
0 0.023806 0.346808 0.019499 0.103290 0.047426
0 0.049741 0.339393 0.015055 0.081706 0.004070
0 0.051817 0.353977 0.011877 0.052213 0.017986
0 0.236603 0.362119 0.020777 0.067470 0.010987
0 0.239370 0.362101 0.015565 0.067527 0.029312
0 0.820770 0.344985 0.008728 0.050766 0.001501
0 0.852409 0.343975 0.020386 0.103562 0.002473
0 0.855543 0.345014 0.017035 0.101667 0.731059
0 0.862383 0.343650 0.014694 0.103298 0.002473
0 0.902724 0.335610 0.014017 0.067617 0.001501
0 0.936496 0.328494 0.017333 0.080416 0.002473
0 0.946631 0.328235 0.015507 0.083929 0.004070
0 0.950151 0.329394 0.014129 0.081617 0.006693
0 0.022710 0.352205 0.023649 0.092527 0.017986
0 0.023538 0.359078 0.022237 0.078778 0.002473
0 0.235754 0.363303 0.022688 0.060011 0.006693
0 0.238520 0.362092 0.017297 0.067546 0.017986
0 0.852386 0.346356 0.020380 0.104217 0.004070
0 0.855001 0.343761 0.018117 0.104160 0.622459
0 0.860301 0.344387 0.019967 0.103181 0.002473
1 0.579044 0.326758 0.024049 0.023523 0.001501
1 0.673154 0.334416 0.015623 0.026340 0.010987
1 0.695284 0.343741 0.037534 0.057418 0.880797
1 0.694521 0.342609 0.039059 0.055159 0.880797
1 0.694509 0.343742 0.039091 0.062532 0.880797
1 0.671573 0.336606 0.015108 0.025545 0.377541
1 0.693753 0.343731 0.037529 0.057448 0.817575
1 0.694523 0.342613 0.039063 0.055157 0.880797
1 0.694509 0.343739 0.039070 0.057442 0.817575
1 0.717258 0.341064 0.009894 0.021919 0.004070
1 0.730516 0.344954 0.011258 0.018514 0.001501
1 0.693761 0.343758 0.037538 0.057426 0.817575
1 0.694517 0.343756 0.039045 0.057404 0.880797
1 0.694510 0.343756 0.039073 0.057415 0.817575
2 0.671573 0.336606 0.015108 0.025545 0.001501
2 0.693761 0.343758 0.037538 0.057426 0.001501
3 0.673154 0.334416 0.015623 0.026340 0.001501
3 0.671573 0.336606 0.015108 0.025545 0.004070
4 0.023798 0.347520 0.019485 0.101718 0.002473
4 0.311128 0.327597 0.016508 0.053190 0.001501
4 0.017680 0.358655 0.030335 0.086377 0.001501
4 0.023451 0.346661 0.021959 0.103555 0.010987
4 0.023806 0.346808 0.019499 0.103290 0.010987
4 0.229644 0.364643 0.035619 0.057292 0.001501
4 0.236603 0.362119 0.020777 0.067470 0.001501
4 0.239370 0.362101 0.015565 0.067527 0.001501
4 0.019152 0.358999 0.033067 0.080743 0.002473
4 0.022710 0.352205 0.023649 0.092527 0.047426
4 0.023538 0.359078 0.022237 0.078778 0.047426
4 0.230518 0.366065 0.035668 0.059684 0.006693
4 0.235754 0.363303 0.022688 0.060011 0.004070
4 0.238520 0.362092 0.017297 0.067546 0.004070
4 0.855001 0.343761 0.018117 0.104160 0.001501
5 0.311372 0.326318 0.014863 0.055734 0.004070
5 0.327310 0.330861 0.010897 0.046656 0.002473
5 0.368860 0.328073 0.009745 0.052641 0.001501
5 0.382920 0.340575 0.015144 0.063688 0.010987
5 0.392199 0.339174 0.012921 0.066434 0.001501
5 0.023798 0.347520 0.019485 0.101718 0.001501
5 0.237218 0.362810 0.018850 0.066079 0.002473
5 0.240747 0.360655 0.012746 0.065093 0.002473
5 0.311128 0.327597 0.016508 0.053190 0.006693
5 0.314172 0.329354 0.015943 0.049676 0.004070
5 0.327241 0.333720 0.011024 0.041147 0.010987
5 0.374688 0.340994 0.024514 0.073133 0.017986
5 0.383170 0.342306 0.016810 0.060333 0.017986
5 0.390624 0.338689 0.016282 0.063003 0.002473
5 0.236603 0.362119 0.020777 0.067470 0.002473
5 0.239370 0.362101 0.015565 0.067527 0.006693
5 0.376491 0.341323 0.025140 0.072592 0.075858
5 0.383518 0.342050 0.016095 0.065976 0.047426
5 0.389873 0.340754 0.014918 0.063462 0.004070
5 0.235754 0.363303 0.022688 0.060011 0.004070
5 0.238520 0.362092 0.017297 0.067546 0.006693
