0 0.221798 0.336265 0.015602 0.071583 0.004070
0 0.357230 0.358612 0.023169 0.128852 0.377541
0 0.368886 0.336732 0.012377 0.077061 0.001501
0 0.222078 0.339988 0.016101 0.064790 0.500000
0 0.222936 0.341777 0.021246 0.054102 0.001501
0 0.356357 0.357067 0.028300 0.120778 0.075858
0 0.357379 0.360613 0.024603 0.132820 0.622459
0 0.372871 0.335932 0.010151 0.052405 0.075858
0 0.393292 0.340267 0.019642 0.045953 0.004070
0 0.407459 0.330759 0.007038 0.041723 0.075858
0 0.222385 0.339109 0.016737 0.062225 0.377541
0 0.357133 0.363251 0.029843 0.131400 0.006693
0 0.358395 0.361604 0.027093 0.134726 0.731059
0 0.370557 0.351869 0.012083 0.094580 0.017986
0 0.393442 0.340879 0.021522 0.044477 0.001501
0 0.405746 0.333564 0.010484 0.046473 0.004070
0 0.223523 0.339902 0.019134 0.060678 0.268941
0 0.356581 0.361940 0.028803 0.134823 0.075858
0 0.358667 0.361223 0.026547 0.134140 0.731059
0 0.359758 0.362384 0.030523 0.136122 0.119203
0 0.221482 0.353584 0.016436 0.084005 0.006693
0 0.357109 0.361752 0.029837 0.134930 0.119203
0 0.358272 0.360415 0.027335 0.137583 0.817575
0 0.359023 0.359925 0.028939 0.137067 0.622459
0 0.356161 0.360474 0.029680 0.137676 0.119203
0 0.358139 0.361369 0.027800 0.134241 0.731059
0 0.359230 0.360558 0.028605 0.137898 0.622459
0 0.058578 0.382482 0.030708 0.108480 0.001501
0 0.358098 0.360610 0.027931 0.137967 0.001501
0 0.005916 0.468362 0.011990 0.480902 0.004070
0 0.008027 0.478100 0.013201 0.440752 0.001501
1 0.077160 0.354689 0.067516 0.068579 0.622459
1 0.076770 0.353780 0.068331 0.066762 0.268941
1 0.188110 0.344631 0.061961 0.051074 0.731059
1 0.189367 0.344857 0.062827 0.055116 0.731059
1 0.188470 0.343722 0.062458 0.052871 0.731059
1 0.222936 0.341777 0.021246 0.054102 0.047426
1 0.356357 0.357067 0.028300 0.120778 0.002473
1 0.442106 0.337748 0.043923 0.032865 0.500000
1 0.442472 0.338047 0.043139 0.032257 0.500000
1 0.442044 0.338040 0.044023 0.032267 0.500000
1 0.473104 0.334227 0.025748 0.030272 0.268941
1 0.474918 0.334215 0.025227 0.030279 0.268941
1 0.022815 0.379026 0.045665 0.099886 0.006693
1 0.023500 0.381424 0.043958 0.098506 0.731059
1 0.076938 0.354130 0.068044 0.065413 0.731059
1 0.076769 0.356294 0.068284 0.071635 0.731059
1 0.077015 0.354415 0.067785 0.065940 0.622459
1 0.076828 0.353692 0.068143 0.064400 0.731059
1 0.128108 0.380291 0.124769 0.088886 0.817575
1 0.188947 0.344877 0.063819 0.055131 0.500000
1 0.188149 0.345779 0.060469 0.053345 0.817575
1 0.188275 0.344655 0.062301 0.051072 0.622459
1 0.189148 0.344653 0.063948 0.051102 0.731059
1 0.222385 0.339109 0.016737 0.062225 0.004070
1 0.223180 0.347020 0.022946 0.046480 0.119203
1 0.243190 0.348606 0.018173 0.052999 0.002473
1 0.393442 0.340879 0.021522 0.044477 0.002473
1 0.440845 0.338988 0.046257 0.035602 0.004070
1 0.441084 0.339431 0.042884 0.034590 0.817575
1 0.442073 0.339433 0.043937 0.034589 0.817575
1 0.441320 0.338146 0.042427 0.032093 0.817575
1 0.473293 0.334974 0.025204 0.028811 0.377541
1 0.474922 0.334016 0.025195 0.027102 0.500000
1 0.023364 0.379999 0.046788 0.100645 0.731059
1 0.023300 0.379775 0.046611 0.099147 0.731059
1 0.022471 0.379401 0.045049 0.099620 0.622459
1 0.077217 0.356100 0.070593 0.071094 0.622459
1 0.076528 0.357335 0.068845 0.073558 0.622459
1 0.077776 0.356302 0.069245 0.069784 0.622459
1 0.077120 0.355999 0.068062 0.070437 0.622459
1 0.129185 0.380268 0.124717 0.088828 0.880797
1 0.128504 0.380747 0.126010 0.085236 0.880797
1 0.127330 0.380305 0.123543 0.088869 0.817575
1 0.188120 0.345815 0.062310 0.053295 0.731059
1 0.188843 0.345803 0.063456 0.053312 0.731059
1 0.187664 0.345812 0.062067 0.053300 0.622459
1 0.223523 0.339902 0.019134 0.060678 0.029312
1 0.224839 0.349172 0.019657 0.042148 0.119203
1 0.243231 0.350227 0.017515 0.049885 0.001501
1 0.023456 0.379881 0.046946 0.098982 0.817575
1 0.023624 0.381136 0.044199 0.096424 0.731059
1 0.022890 0.378177 0.045904 0.100558 0.731059
1 0.076502 0.358473 0.071709 0.078313 0.268941
1 0.076667 0.358215 0.069050 0.077586 0.377541
1 0.128510 0.380292 0.126010 0.088790 0.880797
1 0.128470 0.380269 0.123921 0.088769 0.924142
1 0.127956 0.379602 0.124955 0.087473 0.880797
1 0.023188 0.379415 0.046479 0.098375 0.731059
1 0.022882 0.379585 0.045779 0.097976 0.731059
1 0.022603 0.379406 0.045337 0.098321 0.500000
1 0.058988 0.375950 0.053601 0.105870 0.010987
1 0.076193 0.371935 0.067117 0.108460 0.010987
1 0.085588 0.377845 0.058399 0.097927 0.001501
1 0.129070 0.379023 0.124948 0.091391 0.880797
1 0.128501 0.380317 0.123905 0.088904 0.880797
1 0.126650 0.379059 0.124897 0.091464 0.880797
1 0.988668 0.437878 0.019771 0.411523 0.001501
1 0.988614 0.452638 0.022938 0.445700 0.002473
2 0.798007 0.277184 0.222435 0.104593 0.006693
2 0.796862 0.280075 0.236909 0.114971 0.010987
2 0.803517 0.282519 0.232906 0.119134 0.029312
2 0.815009 0.283479 0.217446 0.120551 0.004070
2 0.600002 0.297932 0.234154 0.098848 0.001501
2 0.800932 0.277221 0.228168 0.111561 0.004070
2 0.798860 0.278648 0.239055 0.116682 0.017986
2 0.803979 0.280410 0.234005 0.120894 0.029312
2 0.813278 0.282551 0.225448 0.128102 0.004070
2 0.824982 0.284586 0.212462 0.126804 0.002473
2 0.799273 0.280476 0.242042 0.118644 0.002473
2 0.803780 0.280179 0.235485 0.123472 0.004070
3 0.288529 0.336401 0.108178 0.102906 0.817575
3 0.288048 0.336352 0.109167 0.102839 0.004070
3 0.222936 0.341777 0.021246 0.054102 0.017986
3 0.288188 0.337882 0.107253 0.102509 0.880797
3 0.287545 0.337065 0.108282 0.104207 0.880797
3 0.288226 0.337048 0.109612 0.104178 0.817575
3 0.356357 0.357067 0.028300 0.120778 0.001501
3 0.473104 0.334227 0.025748 0.030272 0.001501
3 0.474918 0.334215 0.025227 0.030279 0.001501
3 0.223180 0.347020 0.022946 0.046480 0.002473
3 0.288519 0.337048 0.107916 0.104182 0.880797
3 0.288469 0.337038 0.107855 0.104264 0.880797
3 0.289473 0.336417 0.107121 0.102914 0.880797
3 0.223523 0.339902 0.019134 0.060678 0.002473
3 0.224839 0.349172 0.019657 0.042148 0.004070
3 0.288876 0.335696 0.108643 0.104383 0.817575
3 0.288519 0.337064 0.107940 0.104295 0.880797
3 0.289539 0.337014 0.107269 0.104363 0.880797
4 0.005694 0.554883 0.011476 0.243651 0.001501
5 0.222936 0.341777 0.021246 0.054102 0.004070
5 0.390474 0.340425 0.025917 0.046415 0.047426
5 0.393292 0.340267 0.019642 0.045953 0.500000
5 0.223180 0.347020 0.022946 0.046480 0.002473
5 0.391979 0.342245 0.024786 0.043586 0.075858
5 0.393442 0.340879 0.021522 0.044477 0.731059
5 0.405746 0.333564 0.010484 0.046473 0.010987
5 0.473293 0.334974 0.025204 0.028811 0.001501
5 0.223523 0.339902 0.019134 0.060678 0.002473
5 0.224839 0.349172 0.019657 0.042148 0.002473
5 0.391106 0.342866 0.024679 0.046900 0.006693
5 0.393394 0.343134 0.021434 0.043678 0.047426
