0 0.851488 0.325431 0.016266 0.141313 0.029312
0 0.869951 0.329482 0.018546 0.143162 0.182426
0 0.943882 0.332231 0.018254 0.170464 0.006693
0 0.870387 0.332741 0.018923 0.147108 0.622459
0 0.895902 0.331898 0.011584 0.146648 0.002473
0 0.918025 0.341067 0.017129 0.146587 0.268941
0 0.942019 0.335524 0.019189 0.171379 0.029312
0 0.694969 0.319010 0.007009 0.060270 0.047426
0 0.721531 0.328680 0.010181 0.060983 0.029312
0 0.737440 0.330883 0.013575 0.078458 0.182426
0 0.738379 0.330882 0.012641 0.078456 0.622459
0 0.751684 0.332983 0.012148 0.073216 0.006693
0 0.850684 0.332156 0.020659 0.154668 0.500000
0 0.851381 0.333189 0.019231 0.156701 0.622459
0 0.869983 0.333676 0.018145 0.148945 0.622459
0 0.895206 0.335302 0.015963 0.144738 0.002473
0 0.917384 0.345915 0.018468 0.155753 0.377541
0 0.941302 0.343965 0.025404 0.188144 0.047426
0 0.003108 0.355249 0.009314 0.102639 0.002473
0 0.671484 0.334305 0.010140 0.038774 0.001501
0 0.694970 0.324266 0.007007 0.054628 0.075858
0 0.709746 0.334453 0.009041 0.039095 0.004070
0 0.720957 0.333266 0.011152 0.051465 0.622459
0 0.737617 0.332007 0.013932 0.080861 0.182426
0 0.738088 0.332048 0.013222 0.080774 0.622459
0 0.751363 0.335964 0.010967 0.067989 0.017986
0 0.850709 0.334485 0.020682 0.159204 0.622459
0 0.851245 0.335763 0.019481 0.161741 0.622459
0 0.869681 0.335226 0.020334 0.152086 0.731059
0 0.870471 0.335321 0.022013 0.151067 0.010987
0 0.894494 0.337175 0.015031 0.142281 0.010987
0 0.915161 0.346228 0.028884 0.161820 0.029312
0 0.917072 0.348259 0.021816 0.160648 0.377541
0 0.939654 0.347816 0.026910 0.195624 0.006693
0 0.939696 0.346478 0.026487 0.198339 0.268941
0 0.003889 0.361140 0.007840 0.099374 0.006693
0 0.018048 0.352256 0.008226 0.044443 0.002473
0 0.053862 0.346347 0.007763 0.031323 0.002473
0 0.231909 0.351646 0.011592 0.037084 0.001501
0 0.694303 0.326258 0.005685 0.050912 0.075858
0 0.709762 0.335722 0.009079 0.042487 0.010987
0 0.720739 0.333067 0.008555 0.051856 0.622459
0 0.737440 0.333324 0.013568 0.078250 0.182426
0 0.737972 0.332057 0.013454 0.080784 0.622459
0 0.751056 0.336161 0.012392 0.072463 0.006693
0 0.850691 0.335378 0.020647 0.157410 0.731059
0 0.850787 0.335365 0.023437 0.157370 0.622459
0 0.869240 0.336681 0.019744 0.153768 0.817575
0 0.870068 0.334412 0.023558 0.149210 0.029312
0 0.896229 0.339060 0.015014 0.138599 0.002473
0 0.916720 0.349300 0.025691 0.167573 0.268941
0 0.916540 0.348559 0.023009 0.166078 0.622459
0 0.940235 0.346844 0.027749 0.199068 0.622459
0 0.940377 0.346022 0.025126 0.197330 0.731059
0 0.003696 0.366464 0.007482 0.091149 0.006693
0 0.737404 0.333338 0.013495 0.083344 0.182426
0 0.738040 0.329657 0.013317 0.081088 0.500000
0 0.751440 0.335371 0.011577 0.074364 0.006693
0 0.849998 0.333554 0.021967 0.161104 0.817575
0 0.850687 0.333596 0.020572 0.156490 0.622459
0 0.869216 0.334383 0.019957 0.150987 0.817575
0 0.869989 0.335867 0.023724 0.148967 0.029312
0 0.896846 0.340505 0.019164 0.133486 0.004070
0 0.916441 0.349707 0.027352 0.164457 0.377541
0 0.916626 0.349231 0.025037 0.162821 0.731059
0 0.939757 0.345898 0.026499 0.202170 0.731059
0 0.940395 0.346692 0.025054 0.199319 0.622459
0 0.003611 0.370001 0.007320 0.088519 0.006693
0 0.849993 0.335794 0.021977 0.156655 0.731059
0 0.851464 0.335835 0.022108 0.156582 0.622459
0 0.869334 0.334921 0.022080 0.153582 0.731059
0 0.870174 0.334433 0.024109 0.150702 0.017986
0 0.895934 0.338473 0.020297 0.137040 0.006693
0 0.916567 0.349657 0.027585 0.175746 0.500000
0 0.916623 0.346793 0.025209 0.168161 0.622459
0 0.939762 0.345467 0.026494 0.201887 0.622459
0 0.940446 0.343787 0.025167 0.203737 0.622459
0 0.003420 0.370840 0.006900 0.086966 0.004070
0 0.850681 0.338797 0.020685 0.155783 0.047426
0 0.850795 0.338645 0.020541 0.156093 0.119203
0 0.868759 0.336205 0.024025 0.151394 0.377541
0 0.896850 0.338601 0.018919 0.138673 0.002473
0 0.916351 0.350851 0.029822 0.180887 0.268941
0 0.917002 0.347596 0.026032 0.174381 0.377541
0 0.940532 0.345491 0.025388 0.201950 0.622459
0 0.940495 0.345171 0.025239 0.202564 0.622459
0 0.916916 0.349941 0.030972 0.194927 0.006693
0 0.918306 0.349268 0.030894 0.194213 0.182426
0 0.940528 0.346657 0.025441 0.200130 0.377541
0 0.941633 0.343676 0.025434 0.203549 0.500000
1 0.139846 0.339958 0.135985 0.163548 0.002473
1 0.403637 0.325090 0.104038 0.090144 0.880797
1 0.403660 0.325095 0.104269 0.090150 0.880797
1 0.403666 0.324989 0.104261 0.090242 0.880797
1 0.140133 0.338752 0.136267 0.161147 0.075858
1 0.139601 0.338057 0.135193 0.162522 0.006693
1 0.140157 0.338153 0.136515 0.162448 0.004070
1 0.403605 0.324376 0.104116 0.087965 0.924142
1 0.402898 0.324078 0.105794 0.088557 0.880797
1 0.402872 0.324081 0.105740 0.088560 0.880797
1 0.475975 0.325481 0.027037 0.020946 0.029312
1 0.477650 0.325453 0.028439 0.020941 0.029312
1 0.483071 0.326609 0.024399 0.018793 0.006693
1 0.536023 0.325328 0.016293 0.016075 0.182426
1 0.536605 0.324179 0.017322 0.018375 0.119203
1 0.555672 0.322891 0.017437 0.015820 0.047426
1 0.570040 0.324008 0.010374 0.013601 0.004070
1 0.586816 0.331333 0.020580 0.024448 0.817575
1 0.587502 0.330432 0.021946 0.026249 0.817575
1 0.619294 0.332876 0.019416 0.024903 0.731059
1 0.635195 0.327634 0.010936 0.017474 0.006693
1 0.140207 0.339297 0.136323 0.164515 0.119203
1 0.139339 0.339283 0.134584 0.164547 0.017986
1 0.139851 0.339554 0.135731 0.164261 0.010987
1 0.257898 0.348238 0.023833 0.035709 0.001501
1 0.291545 0.344920 0.054434 0.036711 0.002473
1 0.292605 0.344470 0.052649 0.035828 0.002473
1 0.293362 0.344588 0.051137 0.035960 0.002473
1 0.298228 0.344552 0.051079 0.036048 0.002473
1 0.402832 0.324426 0.105662 0.087918 0.880797
1 0.403528 0.324090 0.103997 0.088595 0.924142
1 0.403636 0.324541 0.104211 0.091310 0.880797
1 0.586802 0.330824 0.020552 0.027106 0.268941
1 0.587503 0.330838 0.021936 0.027082 0.182426
1 0.619293 0.332901 0.019417 0.024883 0.817575
1 0.003696 0.366464 0.007482 0.091149 0.006693
1 0.139248 0.338426 0.136581 0.166265 0.006693
1 0.139347 0.337597 0.134595 0.167924 0.047426
1 0.139605 0.338926 0.135247 0.165265 0.075858
1 0.402764 0.325119 0.105527 0.090162 0.924142
1 0.003611 0.370001 0.007320 0.088519 0.010987
1 0.003420 0.370840 0.006900 0.086966 0.004070
2 0.397610 0.289204 0.115225 0.042801 0.002473
2 0.404817 0.319903 0.101722 0.085122 0.001501
2 0.413205 0.306722 0.085033 0.058827 0.001501
2 0.139846 0.339958 0.135985 0.163548 0.002473
2 0.140133 0.338752 0.136267 0.161147 0.004070
2 0.139601 0.338057 0.135193 0.162522 0.001501
2 0.475975 0.325481 0.027037 0.020946 0.001501
2 0.555672 0.322891 0.017437 0.015820 0.010987
2 0.635195 0.327634 0.010936 0.017474 0.002473
2 0.140207 0.339297 0.136323 0.164515 0.006693
2 0.139339 0.339283 0.134584 0.164547 0.001501
2 0.139347 0.337597 0.134595 0.167924 0.002473
2 0.139605 0.338926 0.135247 0.165265 0.001501
3 0.397610 0.289204 0.115225 0.042801 0.004070
3 0.139846 0.339958 0.135985 0.163548 0.731059
3 0.141685 0.338315 0.136844 0.163118 0.622459
3 0.140133 0.338752 0.136267 0.161147 0.731059
3 0.139601 0.338057 0.135193 0.162522 0.817575
3 0.140157 0.338153 0.136515 0.162448 0.731059
3 0.536023 0.325328 0.016293 0.016075 0.004070
3 0.536605 0.324179 0.017322 0.018375 0.004070
3 0.555672 0.322891 0.017437 0.015820 0.010987
3 0.619294 0.332876 0.019416 0.024903 0.001501
3 0.635195 0.327634 0.010936 0.017474 0.002473
3 0.140207 0.339297 0.136323 0.164515 0.622459
3 0.139339 0.339283 0.134584 0.164547 0.817575
3 0.139851 0.339554 0.135731 0.164261 0.817575
3 0.139248 0.338426 0.136581 0.166265 0.029312
3 0.139347 0.337597 0.134595 0.167924 0.622459
3 0.139605 0.338926 0.135247 0.165265 0.731059
4 0.257898 0.348238 0.023833 0.035709 0.006693
4 0.271262 0.346449 0.025411 0.036389 0.002473
4 0.003696 0.366464 0.007482 0.091149 0.010987
4 0.240216 0.349345 0.023982 0.038159 0.001501
4 0.258293 0.349856 0.024434 0.034467 0.006693
4 0.261570 0.350172 0.021133 0.033853 0.002473
4 0.003611 0.370001 0.007320 0.088519 0.010987
4 0.011271 0.372740 0.022943 0.081841 0.004070
4 0.003420 0.370840 0.006900 0.086966 0.006693
4 0.012666 0.375307 0.022226 0.082297 0.004070
4 0.771438 0.377428 0.026318 0.106943 0.002473
4 0.772633 0.377567 0.026758 0.104028 0.004070
5 0.536023 0.325328 0.016293 0.016075 0.004070
5 0.257898 0.348238 0.023833 0.035709 0.004070
5 0.271262 0.346449 0.025411 0.036389 0.001501
5 0.670901 0.343032 0.011473 0.055885 0.004070
5 0.751056 0.336161 0.012392 0.072463 0.010987
5 0.770038 0.366770 0.024406 0.116022 0.029312
5 0.775831 0.369585 0.027035 0.117479 0.047426
5 0.003696 0.366464 0.007482 0.091149 0.004070
5 0.258293 0.349856 0.024434 0.034467 0.001501
5 0.660306 0.346211 0.023559 0.048753 0.002473
5 0.670086 0.342863 0.013018 0.055012 0.006693
5 0.681140 0.342810 0.018928 0.061621 0.001501
5 0.751440 0.335371 0.011577 0.074364 0.029312
5 0.772643 0.371276 0.026531 0.121417 0.182426
5 0.773462 0.371476 0.028191 0.121749 0.182426
5 0.787263 0.344467 0.015396 0.076908 0.002473
5 0.896846 0.340505 0.019164 0.133486 0.001501
5 0.003611 0.370001 0.007320 0.088519 0.004070
5 0.760378 0.357824 0.027316 0.118603 0.001501
5 0.771443 0.372388 0.026321 0.116786 0.268941
5 0.772715 0.370900 0.026663 0.117094 0.268941
5 0.895934 0.338473 0.020297 0.137040 0.004070
5 0.003420 0.370840 0.006900 0.086966 0.004070
5 0.766889 0.362915 0.035457 0.134896 0.006693
5 0.772118 0.376468 0.027683 0.108714 0.268941
5 0.772637 0.376724 0.026801 0.108129 0.268941
5 0.790261 0.364525 0.053093 0.125398 0.001501
5 0.868759 0.336205 0.024025 0.151394 0.006693
5 0.766828 0.373347 0.035591 0.119151 0.006693
5 0.771438 0.377428 0.026318 0.106943 0.119203
5 0.772633 0.377567 0.026758 0.104028 0.119203
