0 0.706340 0.317653 0.019222 0.099529 0.119203
0 0.719366 0.294959 0.020073 0.043548 0.001501
0 0.545593 0.315107 0.010711 0.037837 0.001501
0 0.557812 0.327450 0.012613 0.071646 0.182426
0 0.570327 0.322692 0.016024 0.057205 0.075858
0 0.714019 0.317841 0.035305 0.103937 0.075858
0 0.557836 0.328130 0.012674 0.072893 0.182426
0 0.569314 0.325518 0.017362 0.055692 0.029312
0 0.595332 0.316547 0.031490 0.034130 0.002473
0 0.713455 0.317850 0.036416 0.104670 0.006693
0 0.870059 0.337591 0.043481 0.185939 0.001501
0 0.870319 0.335992 0.037852 0.193011 0.622459
0 0.559986 0.330105 0.014223 0.071784 0.268941
0 0.564917 0.330008 0.020205 0.071758 0.119203
0 0.595834 0.324545 0.018504 0.050878 0.010987
0 0.603835 0.323656 0.014519 0.048651 0.001501
0 0.673716 0.321634 0.131005 0.101655 0.001501
0 0.706063 0.322857 0.020553 0.104423 0.377541
0 0.870861 0.334891 0.041825 0.191593 0.622459
0 0.870422 0.335012 0.040969 0.191392 0.500000
0 0.870928 0.334537 0.042221 0.188833 0.500000
0 0.560834 0.329416 0.015933 0.075346 0.182426
0 0.562608 0.329958 0.019066 0.074275 0.119203
0 0.703153 0.321547 0.016111 0.102271 0.500000
0 0.719802 0.330025 0.035325 0.076885 0.004070
0 0.869534 0.334341 0.042179 0.196463 0.622459
0 0.870609 0.332992 0.041308 0.195552 0.622459
0 0.871381 0.332819 0.043164 0.198682 0.500000
0 0.703970 0.321356 0.017952 0.144382 0.001501
0 0.868880 0.333918 0.040864 0.197223 0.731059
0 0.869148 0.332722 0.041417 0.195978 0.622459
0 0.871236 0.331476 0.045944 0.197895 0.377541
0 0.868940 0.332765 0.038062 0.196309 0.047426
1 0.675772 0.320453 0.129580 0.099351 0.880797
1 0.570327 0.322692 0.016024 0.057205 0.006693
1 0.592564 0.312458 0.035795 0.036666 0.029312
1 0.594462 0.312445 0.039407 0.036774 0.047426
1 0.594969 0.312442 0.041340 0.036880 0.017986
1 0.675703 0.320485 0.129517 0.099353 0.924142
1 0.675044 0.320486 0.130920 0.099350 0.924142
1 0.675803 0.320476 0.129861 0.099333 0.817575
1 0.724655 0.322771 0.028909 0.061390 0.001501
1 0.774227 0.313576 0.023617 0.034327 0.006693
1 0.774333 0.312344 0.023808 0.032395 0.006693
1 0.456271 0.322828 0.028109 0.030906 0.001501
1 0.463301 0.322880 0.023546 0.038639 0.001501
1 0.569314 0.325518 0.017362 0.055692 0.029312
1 0.589757 0.315212 0.026775 0.026682 0.047426
1 0.593766 0.315595 0.034181 0.030522 0.075858
1 0.595332 0.316547 0.031490 0.034130 0.017986
1 0.675027 0.320868 0.130869 0.094982 0.880797
1 0.675040 0.320867 0.128210 0.094986 0.880797
1 0.675913 0.320479 0.130076 0.099337 0.817575
1 0.720415 0.332242 0.040079 0.067704 0.010987
1 0.722763 0.331411 0.032705 0.069368 0.004070
1 0.748276 0.321635 0.056168 0.043963 0.004070
1 0.759537 0.317795 0.031014 0.031913 0.001501
1 0.771971 0.314776 0.019107 0.032064 0.004070
1 0.774247 0.312519 0.023767 0.032066 0.006693
1 0.675700 0.320501 0.129506 0.099377 0.880797
1 0.676491 0.320505 0.128038 0.099368 0.880797
1 0.673716 0.321634 0.131005 0.101655 0.500000
1 0.720526 0.331925 0.037228 0.067522 0.010987
1 0.722426 0.332731 0.035985 0.068135 0.010987
1 0.719802 0.330025 0.035325 0.076885 0.006693
1 0.722009 0.333908 0.036833 0.066376 0.006693
2 0.592564 0.312458 0.035795 0.036666 0.006693
2 0.594462 0.312445 0.039407 0.036774 0.004070
2 0.594969 0.312442 0.041340 0.036880 0.006693
2 0.774247 0.312519 0.023767 0.032066 0.001501
3 0.252209 0.276588 0.162597 0.100246 0.001501
3 0.253158 0.278963 0.168918 0.100931 0.002473
3 0.263628 0.281507 0.169458 0.100041 0.001501
3 0.570327 0.322692 0.016024 0.057205 0.002473
3 0.592564 0.312458 0.035795 0.036666 0.017986
3 0.594462 0.312445 0.039407 0.036774 0.017986
3 0.594969 0.312442 0.041340 0.036880 0.006693
3 0.774227 0.313576 0.023617 0.034327 0.001501
3 0.774333 0.312344 0.023808 0.032395 0.002473
3 0.456271 0.322828 0.028109 0.030906 0.001501
3 0.463276 0.322449 0.023536 0.037692 0.622459
3 0.463301 0.322880 0.023546 0.038639 0.731059
3 0.569314 0.325518 0.017362 0.055692 0.002473
3 0.589757 0.315212 0.026775 0.026682 0.010987
3 0.593766 0.315595 0.034181 0.030522 0.017986
3 0.595332 0.316547 0.031490 0.034130 0.002473
3 0.774247 0.312519 0.023767 0.032066 0.004070
4 0.771971 0.314776 0.019107 0.032064 0.001501
4 0.904009 0.360023 0.044477 0.120149 0.006693
4 0.910177 0.364321 0.050773 0.115873 0.006693
4 0.910150 0.361857 0.051327 0.120576 0.004070
4 0.562608 0.329958 0.019066 0.074275 0.001501
4 0.908803 0.359739 0.051436 0.124746 0.010987
4 0.910381 0.366220 0.048391 0.112127 0.017986
4 0.911202 0.362817 0.049226 0.119132 0.006693
4 0.907680 0.362563 0.052971 0.122946 0.004070
4 0.910263 0.365612 0.048400 0.114605 0.010987
4 0.910492 0.364281 0.050641 0.116337 0.006693
4 0.284540 0.370792 0.129573 0.125623 0.001501
4 0.291825 0.371865 0.126699 0.130962 0.001501
4 0.910612 0.363493 0.050831 0.119636 0.010987
4 0.910567 0.363817 0.050673 0.119133 0.006693
5 0.498666 0.341281 0.044356 0.129172 0.006693
5 0.570327 0.322692 0.016024 0.057205 0.006693
5 0.592564 0.312458 0.035795 0.036666 0.002473
5 0.594462 0.312445 0.039407 0.036774 0.002473
5 0.594969 0.312442 0.041340 0.036880 0.001501
5 0.774227 0.313576 0.023617 0.034327 0.001501
5 0.497721 0.343656 0.045768 0.118250 0.182426
5 0.497545 0.341637 0.045146 0.124359 0.622459
5 0.497907 0.339162 0.045870 0.129271 0.817575
5 0.557836 0.328130 0.012674 0.072893 0.002473
5 0.569314 0.325518 0.017362 0.055692 0.010987
5 0.589757 0.315212 0.026775 0.026682 0.006693
5 0.593766 0.315595 0.034181 0.030522 0.002473
5 0.595332 0.316547 0.031490 0.034130 0.006693
5 0.771971 0.314776 0.019107 0.032064 0.001501
5 0.901282 0.360380 0.037010 0.116415 0.001501
5 0.497925 0.342481 0.045972 0.122842 0.731059
5 0.497954 0.341752 0.045922 0.124090 0.731059
5 0.497940 0.340665 0.045949 0.126265 0.731059
5 0.564917 0.330008 0.020205 0.071758 0.010987
5 0.582593 0.326972 0.017273 0.053178 0.001501
5 0.595834 0.324545 0.018504 0.050878 0.004070
5 0.603835 0.323656 0.014519 0.048651 0.001501
5 0.904009 0.360023 0.044477 0.120149 0.006693
5 0.910177 0.364321 0.050773 0.115873 0.010987
5 0.910150 0.361857 0.051327 0.120576 0.047426
5 0.497476 0.341390 0.045115 0.124819 0.622459
5 0.497972 0.340858 0.045991 0.125857 0.731059
5 0.499212 0.341723 0.045460 0.124113 0.731059
5 0.560834 0.329416 0.015933 0.075346 0.002473
5 0.562608 0.329958 0.019066 0.074275 0.006693
5 0.908803 0.359739 0.051436 0.124746 0.006693
5 0.910381 0.366220 0.048391 0.112127 0.010987
5 0.911202 0.362817 0.049226 0.119132 0.010987
5 0.912369 0.356222 0.047463 0.127160 0.001501
5 0.498443 0.339247 0.047000 0.129088 0.622459
5 0.498392 0.339883 0.046828 0.127819 0.268941
5 0.907680 0.362563 0.052971 0.122946 0.001501
5 0.910263 0.365612 0.048400 0.114605 0.010987
5 0.910492 0.364281 0.050641 0.116337 0.010987
5 0.911335 0.358806 0.052533 0.130949 0.004070
5 0.910612 0.363493 0.050831 0.119636 0.002473
5 0.910567 0.363817 0.050673 0.119133 0.006693
