0 0.412614 0.312392 0.014845 0.078649 0.017986
0 0.414180 0.312428 0.012142 0.078468 0.075858
0 0.411952 0.321719 0.014458 0.065215 0.075858
0 0.414342 0.320810 0.011803 0.066787 0.182426
0 0.456272 0.316481 0.006958 0.034034 0.002473
0 0.412155 0.318478 0.013713 0.066306 0.047426
0 0.414344 0.321681 0.011799 0.065019 0.182426
0 0.426476 0.321026 0.019134 0.039384 0.001501
0 0.456252 0.320843 0.006744 0.030473 0.017986
0 0.471922 0.318297 0.015859 0.025043 0.001501
0 0.412337 0.320883 0.014074 0.066647 0.047426
0 0.413948 0.320168 0.012592 0.068069 0.119203
0 0.579210 0.985097 0.008680 0.029855 0.004070
1 0.346503 0.307360 0.035281 0.026768 0.006693
1 0.349295 0.307925 0.029653 0.022936 0.075858
1 0.349260 0.308587 0.029817 0.024261 0.075858
1 0.356936 0.306512 0.036317 0.030256 0.006693
1 0.391476 0.310446 0.023485 0.028189 0.047426
1 0.392738 0.311119 0.024221 0.025776 0.182426
1 0.142782 0.327939 0.020561 0.035129 0.002473
1 0.349941 0.309387 0.028251 0.030453 0.004070
1 0.352583 0.310532 0.026116 0.028064 0.004070
1 0.392229 0.311035 0.026577 0.028999 0.029312
1 0.393093 0.311918 0.024940 0.027042 0.075858
1 0.471922 0.318297 0.015859 0.025043 0.047426
1 0.514770 0.320854 0.012548 0.030097 0.047426
1 0.143227 0.334614 0.019890 0.029672 0.002473
1 0.814494 0.372488 0.359449 0.583534 0.001927
1 0.817967 0.371198 0.373549 0.575860 0.001927
1 0.818522 0.373774 0.363103 0.580901 0.003173
2 0.349260 0.308587 0.029817 0.024261 0.001501
2 0.514746 0.317391 0.012627 0.031938 0.001501
2 0.471922 0.318297 0.015859 0.025043 0.047426
2 0.475314 0.318051 0.014904 0.020990 0.004070
2 0.514770 0.320854 0.012548 0.030097 0.119203
2 0.222644 0.275644 0.204661 0.284284 0.003173
2 0.222927 0.277303 0.204294 0.293022 0.006693
2 0.223802 0.282972 0.202231 0.296418 0.001501
2 0.224920 0.289149 0.200357 0.313552 0.008577
2 0.224292 0.292126 0.204091 0.317843 0.001927
2 0.226724 0.289502 0.196427 0.312793 0.001170
2 0.227014 0.292323 0.195958 0.318508 0.001170
2 0.226661 0.292779 0.196881 0.324556 0.005220
2 0.229473 0.296719 0.191054 0.329306 0.001170
3 0.399119 0.298943 0.037217 0.047816 0.001501
3 0.349295 0.307925 0.029653 0.022936 0.004070
3 0.349260 0.308587 0.029817 0.024261 0.004070
3 0.391476 0.310446 0.023485 0.028189 0.002473
3 0.392738 0.311119 0.024221 0.025776 0.006693
3 0.514746 0.317391 0.012627 0.031938 0.004070
3 0.392229 0.311035 0.026577 0.028999 0.001501
3 0.393093 0.311918 0.024940 0.027042 0.004070
3 0.471922 0.318297 0.015859 0.025043 0.047426
3 0.514770 0.320854 0.012548 0.030097 0.500000
3 0.222927 0.277303 0.204294 0.293022 0.001170
3 0.813311 0.375112 0.362750 0.583091 0.002473
3 0.814494 0.372488 0.359449 0.583534 0.904651
3 0.817967 0.371198 0.373549 0.575860 0.924142
3 0.818522 0.373774 0.363103 0.580901 0.880797
3 0.814008 0.376272 0.362257 0.591811 0.851953
3 0.814850 0.377767 0.361558 0.589064 0.904651
3 0.817222 0.380188 0.372215 0.588608 0.904651
3 0.817194 0.377714 0.362611 0.588770 0.904651
3 0.814635 0.376535 0.361910 0.595956 0.904651
3 0.817995 0.377687 0.370714 0.593416 0.904651
3 0.816586 0.377603 0.366942 0.593506 0.880797
4 0.352583 0.310532 0.026116 0.028064 0.001501
4 0.239447 0.367891 0.183987 0.189897 0.017986
4 0.238022 0.370687 0.177972 0.180165 0.017986
4 0.239905 0.370379 0.173579 0.174707 0.006693
4 0.235397 0.375593 0.176279 0.196379 0.001501
4 0.240125 0.375127 0.182649 0.185348 0.047426
4 0.238810 0.374595 0.179957 0.172924 0.075858
4 0.240181 0.370131 0.173489 0.168630 0.029312
4 0.235089 0.367011 0.175258 0.214866 0.006693
4 0.239424 0.367118 0.184588 0.196443 0.119203
4 0.238108 0.364897 0.179879 0.186077 0.182426
4 0.240460 0.369515 0.173673 0.171059 0.119203
4 0.238682 0.368264 0.184098 0.192717 0.047426
4 0.238937 0.365894 0.180890 0.178541 0.119203
4 0.241825 0.364474 0.175158 0.170635 0.002473
5 0.349941 0.309387 0.028251 0.030453 0.001501
5 0.352583 0.310532 0.026116 0.028064 0.002473
5 0.412155 0.318478 0.013713 0.066306 0.002473
5 0.414344 0.321681 0.011799 0.065019 0.006693
5 0.413948 0.320168 0.012592 0.068069 0.001501
