0 0.376248 0.303872 0.019427 0.099148 0.001501
0 0.378514 0.305407 0.018043 0.097789 0.029312
0 0.377067 0.309219 0.017951 0.089851 0.010987
0 0.378037 0.307540 0.015883 0.088012 0.377541
0 0.377088 0.308572 0.017895 0.091287 0.017986
0 0.378069 0.308251 0.015833 0.086809 0.622459
0 0.377705 0.307164 0.019826 0.089026 0.017986
0 0.378468 0.307662 0.015054 0.087964 0.500000
0 0.377730 0.309629 0.019891 0.089234 0.029312
0 0.377996 0.308558 0.015997 0.086159 0.500000
1 0.189409 0.248259 0.114166 0.132900 0.001501
1 0.106251 0.324506 0.018401 0.098447 0.047426
1 0.110509 0.320520 0.027472 0.107426 0.001501
1 0.169127 0.316241 0.144940 0.132592 0.817575
1 0.231394 0.300831 0.075913 0.063254 0.004070
1 0.241920 0.303939 0.058067 0.058479 0.002473
1 0.317646 0.304081 0.072804 0.048854 0.377541
1 0.317955 0.304376 0.073870 0.048243 0.500000
1 0.105069 0.324247 0.018205 0.090476 0.047426
1 0.109951 0.325621 0.025872 0.103470 0.001501
1 0.169201 0.317516 0.144801 0.129972 0.880797
1 0.169087 0.316426 0.144923 0.127752 0.880797
1 0.169154 0.315259 0.144784 0.125433 0.817575
1 0.241777 0.308708 0.061155 0.049708 0.017986
1 0.257766 0.312437 0.034372 0.041862 0.119203
1 0.263889 0.313771 0.022244 0.039143 0.377541
1 0.265267 0.311214 0.022555 0.039175 0.622459
1 0.318179 0.304152 0.073884 0.048743 0.880797
1 0.318039 0.304416 0.073603 0.048219 0.880797
1 0.317518 0.304432 0.073001 0.048191 0.880797
1 0.317921 0.304452 0.073777 0.048163 0.924142
1 0.318069 0.304176 0.073564 0.048788 0.500000
1 0.414470 0.308512 0.018360 0.024418 0.010987
1 0.414988 0.308486 0.017045 0.024131 0.047426
1 0.443750 0.310790 0.034490 0.045243 0.268941
1 0.443758 0.313708 0.034421 0.039294 0.268941
1 0.442975 0.313582 0.036001 0.044654 0.268941
1 0.467043 0.311110 0.012928 0.023225 0.010987
1 0.506269 0.310222 0.009609 0.023937 0.119203
1 0.523421 0.315930 0.024969 0.029746 0.182426
1 0.522779 0.315622 0.023706 0.030354 0.268941
1 0.607243 0.321791 0.114497 0.138440 0.817575
1 0.606224 0.324050 0.112465 0.138447 0.880797
1 0.605581 0.321757 0.114245 0.138436 0.817575
1 0.105597 0.326935 0.017174 0.100573 0.047426
1 0.110994 0.327607 0.027931 0.108715 0.001501
1 0.168725 0.315519 0.143580 0.126019 0.817575
1 0.169636 0.315469 0.143825 0.125879 0.817575
1 0.169169 0.315167 0.144754 0.130369 0.817575
1 0.244607 0.311545 0.053751 0.049256 0.004070
1 0.256409 0.313816 0.033112 0.039184 0.075858
1 0.263914 0.312491 0.022208 0.041714 0.500000
1 0.263981 0.313760 0.022075 0.039196 0.500000
1 0.318100 0.304205 0.073744 0.048649 0.880797
1 0.317927 0.305593 0.073827 0.050390 0.817575
1 0.317932 0.305592 0.073818 0.050387 0.880797
1 0.317934 0.305593 0.073815 0.050393 0.880797
1 0.317948 0.304277 0.073922 0.048548 0.182426
1 0.442980 0.318086 0.035977 0.035671 0.622459
1 0.442983 0.317288 0.035956 0.037254 0.731059
1 0.442967 0.318040 0.036020 0.035754 0.731059
1 0.468680 0.314638 0.012697 0.017840 0.047426
1 0.506266 0.312761 0.009492 0.021570 0.006693
1 0.522229 0.317698 0.022558 0.031304 0.817575
1 0.523462 0.316405 0.025028 0.028792 0.817575
1 0.607397 0.324029 0.114813 0.138440 0.880797
1 0.606278 0.322898 0.115614 0.140740 0.880797
1 0.605486 0.324153 0.114056 0.143266 0.880797
1 0.104277 0.329067 0.016716 0.109262 0.017986
1 0.168061 0.316816 0.145066 0.128444 0.731059
1 0.169646 0.317876 0.143799 0.126057 0.880797
1 0.169832 0.315569 0.143527 0.125951 0.817575
1 0.607939 0.321797 0.115915 0.138408 0.817575
1 0.606302 0.322927 0.112615 0.140667 0.924142
1 0.605501 0.321808 0.114096 0.138450 0.880797
1 0.105079 0.331955 0.018439 0.111358 0.006693
1 0.606305 0.324129 0.115683 0.138340 0.880797
1 0.053998 0.303418 0.108023 0.617773 0.001501
1 0.822768 0.341624 0.357916 0.677755 0.001501
1 0.821873 0.341939 0.353332 0.678344 0.004070
1 0.053651 0.335145 0.107290 0.676163 0.001927
1 0.822666 0.338609 0.354811 0.682288 0.001927
1 0.052318 0.358628 0.104347 0.724930 0.001170
1 0.053183 0.359835 0.106101 0.721166 0.001501
1 0.822601 0.346728 0.354880 0.683757 0.001501
2 0.189409 0.248259 0.114166 0.132900 0.001501
2 0.188463 0.249102 0.114522 0.134534 0.001501
2 0.186271 0.258490 0.118133 0.156190 0.002473
2 0.506269 0.310222 0.009609 0.023937 0.006693
2 0.053651 0.335145 0.107290 0.676163 0.001927
2 0.052318 0.358628 0.104347 0.724930 0.001501
2 0.053183 0.359835 0.106101 0.721166 0.001501
3 0.188445 0.247666 0.114531 0.128669 0.029312
3 0.188105 0.249725 0.114513 0.134839 0.029312
3 0.187235 0.247993 0.115730 0.135952 0.017986
3 0.189409 0.248259 0.114166 0.132900 0.047426
3 0.188463 0.249102 0.114522 0.134534 0.119203
3 0.188287 0.248053 0.114166 0.132720 0.119203
3 0.187352 0.248544 0.115482 0.131682 0.047426
3 0.187894 0.250603 0.117835 0.140464 0.002473
3 0.186271 0.258490 0.118133 0.156190 0.119203
3 0.188263 0.248734 0.116671 0.136056 0.075858
3 0.186946 0.243648 0.116470 0.123694 0.047426
3 0.577759 0.286448 0.052819 0.063804 0.001501
3 0.582016 0.285836 0.064233 0.062185 0.002473
3 0.587967 0.287245 0.073051 0.064931 0.001501
3 0.348789 0.290862 0.028178 0.030660 0.017986
3 0.422533 0.298003 0.029360 0.042964 0.001501
3 0.443730 0.306120 0.034478 0.054895 0.119203
3 0.442275 0.306422 0.034587 0.053738 0.075858
3 0.442948 0.307157 0.036132 0.057771 0.075858
3 0.414470 0.308512 0.018360 0.024418 0.017986
3 0.414988 0.308486 0.017045 0.024131 0.119203
3 0.443750 0.310790 0.034490 0.045243 0.017986
3 0.443758 0.313708 0.034421 0.039294 0.010987
3 0.442975 0.313582 0.036001 0.044654 0.017986
3 0.467043 0.311110 0.012928 0.023225 0.006693
3 0.506269 0.310222 0.009609 0.023937 0.017986
3 0.442967 0.318040 0.036020 0.035754 0.002473
3 0.468680 0.314638 0.012697 0.017840 0.001501
3 0.054393 0.232422 0.107303 0.466880 0.001927
3 0.054665 0.239058 0.109535 0.478512 0.001927
3 0.053007 0.289878 0.106345 0.585584 0.001501
3 0.053937 0.293783 0.107658 0.593146 0.010987
3 0.053001 0.314991 0.105919 0.636058 0.679179
3 0.053679 0.314997 0.107198 0.635517 0.731059
3 0.052870 0.341401 0.108523 0.688626 0.731059
3 0.053627 0.334535 0.107110 0.674764 0.731059
3 0.053998 0.303418 0.108023 0.617773 0.679179
3 0.819261 0.342259 0.352938 0.679145 0.851953
3 0.822768 0.341624 0.357916 0.677755 0.880797
3 0.821873 0.341939 0.353332 0.678344 0.880797
3 0.052378 0.354468 0.107371 0.726042 0.731059
3 0.054446 0.353789 0.105631 0.719242 0.777300
3 0.053651 0.335145 0.107290 0.676163 0.679179
3 0.818733 0.338518 0.351954 0.687211 0.075858
3 0.819126 0.338892 0.350285 0.682995 0.880797
3 0.822845 0.337489 0.357820 0.680030 0.880797
3 0.822666 0.338609 0.354811 0.682288 0.904651
3 0.821969 0.341183 0.356113 0.682407 0.320821
3 0.052318 0.358628 0.104347 0.724930 0.731059
3 0.053183 0.359835 0.106101 0.721166 0.777300
3 0.053690 0.357516 0.107533 0.718122 0.004070
3 0.819731 0.346930 0.351638 0.684755 0.904651
3 0.823619 0.348133 0.359367 0.682254 0.904651
3 0.822601 0.346728 0.354880 0.683757 0.904651
3 0.050270 0.360443 0.100322 0.730130 0.095349
3 0.051444 0.363492 0.105646 0.735343 0.182426
3 0.046866 0.380791 0.093998 0.689286 0.008577
3 0.053691 0.387980 0.107443 0.686056 0.001170
5 0.263889 0.313771 0.022244 0.039143 0.006693
5 0.265267 0.311214 0.022555 0.039175 0.004070
5 0.263914 0.312491 0.022208 0.041714 0.006693
5 0.263981 0.313760 0.022075 0.039196 0.004070
