0 0.403993 0.331726 0.011358 0.062616 0.017986
0 0.404793 0.335001 0.009678 0.054981 0.500000
0 0.403353 0.335337 0.012525 0.055672 0.622459
0 0.404024 0.335277 0.011191 0.059930 0.010987
1 0.364117 0.319239 0.027724 0.046200 0.004070
1 0.354859 0.326046 0.028957 0.040375 0.817575
1 0.354689 0.326461 0.028594 0.037749 0.817575
1 0.355075 0.326011 0.029287 0.040418 0.377541
1 0.395574 0.329512 0.016727 0.034524 0.001501
1 0.423879 0.328925 0.020054 0.028493 0.006693
1 0.447503 0.328005 0.030034 0.052447 0.010987
1 0.447504 0.329737 0.030029 0.054037 0.006693
1 0.465112 0.332096 0.011915 0.030825 0.004070
1 0.510824 0.337236 0.018901 0.033970 0.004070
1 0.563961 0.346339 0.062613 0.089291 0.880797
1 0.563915 0.347540 0.062528 0.091408 0.817575
1 0.564499 0.347454 0.063771 0.091551 0.817575
1 0.354067 0.325996 0.030106 0.040484 0.622459
1 0.354754 0.326020 0.028739 0.040432 0.731059
1 0.355051 0.326919 0.029305 0.038647 0.377541
1 0.423234 0.333432 0.015836 0.028907 0.006693
1 0.446076 0.333651 0.032840 0.046394 0.002473
1 0.447993 0.330538 0.032082 0.052418 0.075858
1 0.447172 0.331172 0.030692 0.051155 0.029312
1 0.467876 0.337838 0.011307 0.019535 0.047426
1 0.515737 0.343716 0.021966 0.026050 0.622459
1 0.515949 0.342609 0.021224 0.028280 0.817575
1 0.564730 0.346425 0.064148 0.089163 0.880797
1 0.563933 0.347369 0.062456 0.091805 0.817575
1 0.564892 0.346337 0.062875 0.089279 0.817575
1 0.564420 0.346430 0.064615 0.089177 0.817575
1 0.563943 0.346171 0.062512 0.089715 0.880797
1 0.564510 0.346433 0.063635 0.089208 0.817575
1 0.565432 0.347696 0.065485 0.091224 0.817575
1 0.690670 0.351698 0.224834 0.276659 0.001170
1 0.919166 0.425844 0.161388 0.595586 0.880797
1 0.918873 0.426511 0.162245 0.591876 0.904651
1 0.918718 0.427168 0.162617 0.593026 0.904651
1 0.918656 0.427581 0.162709 0.590839 0.880797
1 0.919245 0.422551 0.164427 0.598807 0.904651
1 0.919271 0.424175 0.164539 0.598286 0.924142
1 0.918352 0.424580 0.163367 0.597916 0.924142
1 0.918531 0.425770 0.162910 0.592939 0.904651
1 0.918641 0.426281 0.165816 0.587871 0.904651
1 0.917884 0.427960 0.164291 0.584746 0.904651
3 0.364117 0.319239 0.027724 0.046200 0.006693
3 0.444991 0.321988 0.035307 0.051994 0.029312
3 0.447435 0.325297 0.030201 0.057788 0.500000
3 0.447315 0.327493 0.030465 0.058566 0.500000
3 0.455190 0.322457 0.033955 0.052309 0.004070
3 0.354689 0.326461 0.028594 0.037749 0.001501
3 0.355075 0.326011 0.029287 0.040418 0.001501
3 0.423879 0.328925 0.020054 0.028493 0.006693
3 0.442932 0.327263 0.037687 0.043195 0.017986
3 0.447503 0.328005 0.030034 0.052447 0.622459
3 0.447504 0.329737 0.030029 0.054037 0.622459
3 0.465112 0.332096 0.011915 0.030825 0.002473
3 0.354754 0.326020 0.028739 0.040432 0.001501
3 0.446076 0.333651 0.032840 0.046394 0.004070
3 0.447993 0.330538 0.032082 0.052418 0.622459
3 0.447172 0.331172 0.030692 0.051155 0.622459
3 0.690472 0.351596 0.221848 0.276665 0.148047
3 0.690572 0.351702 0.222043 0.276627 0.924142
3 0.690670 0.351698 0.224834 0.276659 0.924142
3 0.170358 0.375654 0.341008 0.741048 0.777300
3 0.175000 0.373021 0.337955 0.730349 0.731059
3 0.171444 0.364444 0.339413 0.712654 0.017986
3 0.689750 0.353086 0.220460 0.274451 0.904651
3 0.690529 0.353048 0.222036 0.274424 0.904651
3 0.691290 0.353075 0.223535 0.274442 0.904651
3 0.691256 0.352082 0.220694 0.272469 0.904651
3 0.171023 0.369681 0.342297 0.744660 0.880797
3 0.170455 0.368411 0.341026 0.747023 0.851953
3 0.174281 0.366592 0.339553 0.743916 0.880797
3 0.170581 0.361982 0.341094 0.739516 0.880797
3 0.689744 0.351924 0.220474 0.276718 0.924142
3 0.691185 0.349676 0.220727 0.277356 0.904651
3 0.691313 0.350951 0.223527 0.274823 0.904651
3 0.692068 0.350123 0.222055 0.273024 0.851953
3 0.170750 0.371064 0.341650 0.732684 0.437824
3 0.170370 0.372218 0.340820 0.723830 0.904651
3 0.172113 0.371966 0.341244 0.723787 0.904651
3 0.169739 0.369916 0.342742 0.726002 0.880797
3 0.169082 0.367768 0.341517 0.748736 0.006693
3 0.171361 0.365001 0.339800 0.750101 0.006693
