0 0.428958 0.317426 0.017242 0.031936 0.004070
0 0.425019 0.321292 0.017177 0.034352 0.002473
0 0.433700 0.320476 0.017624 0.025779 0.001501
0 0.863954 0.333441 0.016621 0.042472 0.001501
0 0.878011 0.329107 0.009599 0.045622 0.002473
0 0.267327 0.348022 0.015615 0.054211 0.001501
0 0.421388 0.328032 0.012341 0.045986 0.001501
0 0.867140 0.337967 0.013231 0.045945 0.002473
0 0.878397 0.334546 0.010392 0.044706 0.002473
0 0.878016 0.345522 0.011185 0.070242 0.001501
1 0.375415 0.338320 0.087132 0.093430 0.880797
1 0.428958 0.317426 0.017242 0.031936 0.004070
1 0.499234 0.321508 0.026577 0.039629 0.010987
1 0.500027 0.320742 0.028076 0.038587 0.006693
1 0.268116 0.344976 0.014620 0.051764 0.001501
1 0.281233 0.344811 0.041508 0.065074 0.001501
1 0.375288 0.339685 0.086930 0.090991 0.924142
1 0.375297 0.338229 0.086625 0.093147 0.924142
1 0.375068 0.339623 0.086918 0.090838 0.817575
1 0.425019 0.321292 0.017177 0.034352 0.029312
1 0.433700 0.320476 0.017624 0.025779 0.119203
1 0.436608 0.321616 0.017339 0.018382 0.029312
1 0.452702 0.319201 0.013860 0.018736 0.010987
1 0.499236 0.322433 0.026559 0.037726 0.817575
1 0.500000 0.322428 0.028086 0.037733 0.817575
1 0.860283 0.330095 0.023510 0.041774 0.002473
1 0.889331 0.327151 0.015589 0.043200 0.001501
1 0.940804 0.350355 0.065317 0.122635 0.817575
1 0.941322 0.350806 0.067447 0.118360 0.880797
1 0.940547 0.351718 0.065838 0.120157 0.817575
1 0.267327 0.348022 0.015615 0.054211 0.001501
1 0.286904 0.348279 0.058363 0.071353 0.001501
1 0.375218 0.338542 0.086784 0.093758 0.924142
1 0.375231 0.339816 0.086757 0.091205 0.924142
1 0.375045 0.339508 0.087132 0.090601 0.924142
1 0.941264 0.350410 0.067496 0.122655 0.880797
1 0.941323 0.351713 0.067442 0.120132 0.880797
1 0.941315 0.351569 0.067392 0.124960 0.817575
1 0.375109 0.338554 0.087288 0.093818 0.880797
1 0.375183 0.338433 0.087139 0.093569 0.924142
1 0.375005 0.338373 0.087493 0.093454 0.880797
1 0.941258 0.351705 0.067489 0.120175 0.817575
1 0.941307 0.350448 0.067418 0.122748 0.924142
1 0.941301 0.350422 0.067377 0.122746 0.880797
1 0.941278 0.350481 0.067532 0.122753 0.880797
1 0.107430 0.376201 0.217985 0.436705 0.001501
1 0.108000 0.375184 0.216095 0.433114 0.880797
1 0.108019 0.376656 0.216051 0.433988 0.904651
1 0.108055 0.378092 0.216073 0.431624 0.904651
1 0.108295 0.376516 0.216582 0.435314 0.880797
1 0.109214 0.375710 0.215386 0.436221 0.880797
1 0.107261 0.374893 0.217650 0.437428 0.904651
1 0.107713 0.377016 0.218533 0.433268 0.904651
1 0.107995 0.375911 0.216092 0.432485 0.880797
1 0.107651 0.375646 0.215355 0.432849 0.880797
1 0.107731 0.374494 0.218520 0.430372 0.880797
2 0.986969 0.259718 0.026288 0.286341 0.001501
2 0.986598 0.258711 0.027003 0.284144 0.002473
2 0.985393 0.266156 0.026499 0.297913 0.004070
2 0.987385 0.266993 0.025434 0.301557 0.001501
3 0.985393 0.266156 0.026499 0.297913 0.006693
3 0.987385 0.266993 0.025434 0.301557 0.004070
3 0.986110 0.268160 0.028089 0.304827 0.004070
3 0.988058 0.271266 0.024082 0.318413 0.002473
3 0.988190 0.276844 0.023965 0.334284 0.001501
3 0.428958 0.317426 0.017242 0.031936 0.001501
3 0.425019 0.321292 0.017177 0.034352 0.001501
3 0.433700 0.320476 0.017624 0.025779 0.004070
3 0.452702 0.319201 0.013860 0.018736 0.001501
3 0.500000 0.322428 0.028086 0.037733 0.001501
4 0.587761 0.340938 0.022919 0.047566 0.001501
4 0.587538 0.341387 0.022389 0.046799 0.001501
5 0.433700 0.320476 0.017624 0.025779 0.002473
