0 0.907019 0.337021 0.008453 0.039519 0.001501
0 0.906262 0.340456 0.009493 0.037195 0.002473
1 0.714370 0.140200 0.011749 0.030507 0.001501
1 0.740079 0.139868 0.061073 0.042129 0.001501
1 0.715332 0.143516 0.013681 0.037087 0.002473
1 0.740620 0.142265 0.059915 0.046047 0.001501
1 0.265828 0.296591 0.053782 0.046651 0.002473
1 0.270816 0.296332 0.055968 0.051176 0.006693
1 0.276597 0.296746 0.059011 0.052319 0.006693
1 0.284857 0.294253 0.058655 0.053358 0.004070
1 0.432982 0.309483 0.038272 0.073245 0.002473
1 0.252030 0.298763 0.073903 0.043170 0.002473
1 0.263457 0.302234 0.054155 0.034285 0.006693
1 0.264014 0.303059 0.052749 0.038170 0.010987
1 0.266661 0.303870 0.053404 0.042987 0.010987
1 0.271267 0.301790 0.053786 0.048358 0.010987
1 0.281432 0.299130 0.061612 0.062670 0.002473
1 0.365135 0.332062 0.141712 0.158999 0.880797
1 0.365638 0.332148 0.143772 0.159179 0.880797
1 0.367128 0.332365 0.140745 0.155131 0.880797
1 0.436917 0.319452 0.041039 0.069406 0.004070
1 0.441692 0.325467 0.033529 0.062539 0.731059
1 0.440960 0.324189 0.035068 0.065130 0.731059
1 0.457086 0.315554 0.024201 0.042955 0.182426
1 0.458775 0.317910 0.024537 0.047923 0.119203
1 0.991817 0.338485 0.016447 0.098306 0.001501
1 0.270406 0.306451 0.057723 0.044258 0.004070
1 0.268190 0.305596 0.055757 0.046019 0.006693
1 0.271992 0.305152 0.052521 0.047091 0.001501
1 0.365040 0.333292 0.141887 0.156987 0.880797
1 0.366488 0.333312 0.142035 0.161555 0.924142
1 0.366589 0.333312 0.141823 0.161555 0.880797
1 0.437412 0.323995 0.040534 0.065975 0.006693
1 0.442230 0.326583 0.034628 0.064834 0.817575
1 0.441741 0.326611 0.033499 0.064781 0.817575
1 0.456387 0.320842 0.022251 0.052435 0.119203
1 0.458387 0.319451 0.023713 0.044979 0.268941
1 0.535434 0.319228 0.017829 0.023133 0.817575
1 0.535621 0.318328 0.018161 0.024932 0.377541
1 0.991045 0.350180 0.017946 0.113696 0.001501
1 0.365134 0.332213 0.141702 0.159146 0.880797
1 0.366488 0.333322 0.142024 0.156976 0.924142
1 0.365831 0.332196 0.140295 0.159224 0.880797
1 0.441731 0.327732 0.033523 0.062508 0.731059
1 0.442492 0.326616 0.031938 0.064742 0.817575
1 0.441671 0.325497 0.033734 0.062520 0.500000
1 0.459726 0.320580 0.021047 0.049658 0.075858
1 0.366316 0.333333 0.142366 0.156965 0.924142
1 0.991297 0.438150 0.014588 0.333633 0.002473
1 0.986114 0.444006 0.027995 0.386218 0.002473
1 0.991933 0.437831 0.016241 0.379219 0.004070
1 0.984191 0.421380 0.028668 0.368073 0.010987
1 0.991147 0.419701 0.017745 0.378156 0.010987
1 0.985847 0.417398 0.028356 0.354910 0.010987
1 0.990041 0.414731 0.019941 0.370012 0.029312
1 0.985021 0.427413 0.029978 0.322774 0.006693
1 0.989924 0.419933 0.020190 0.339711 0.029312
1 0.985258 0.425697 0.029564 0.314950 0.004070
1 0.989624 0.420115 0.020850 0.328963 0.017986
1 0.983817 0.438019 0.029376 0.289163 0.001501
1 0.991328 0.434827 0.017512 0.306575 0.006693
1 0.992676 0.450011 0.014762 0.274814 0.006693
1 0.993696 0.469512 0.012660 0.276858 0.004070
1 0.993745 0.488661 0.012600 0.317887 0.002473
1 0.994524 0.496525 0.011171 0.334732 0.002473
1 0.993006 0.504943 0.011202 0.333012 0.001501
1 0.741749 0.379492 0.286575 0.264524 0.924142
1 0.741589 0.378316 0.286262 0.266947 0.924142
1 0.742322 0.378344 0.284729 0.267080 0.924142
1 0.741512 0.378697 0.286188 0.262976 0.924142
1 0.741943 0.378628 0.287006 0.262615 0.904651
1 0.741195 0.377376 0.285527 0.265007 0.904651
1 0.742605 0.379595 0.285223 0.264445 0.924142
1 0.167602 0.396713 0.338365 0.650897 0.002473
1 0.169032 0.400646 0.338137 0.653571 0.851953
1 0.169215 0.402964 0.335320 0.658116 0.851953
1 0.167947 0.407187 0.339121 0.661467 0.851953
1 0.742192 0.377494 0.287469 0.265182 0.924142
1 0.741560 0.378356 0.286244 0.266932 0.924142
1 0.741836 0.376250 0.286766 0.267423 0.924142
1 0.168705 0.395691 0.337470 0.645853 0.880797
1 0.169033 0.396139 0.338120 0.646189 0.880797
1 0.168211 0.399066 0.336444 0.647487 0.880797
1 0.168686 0.402645 0.337645 0.649866 0.880797
1 0.168939 0.401129 0.337962 0.636104 0.880797
1 0.168240 0.404146 0.336530 0.632591 0.880797
1 0.168733 0.408491 0.337535 0.640312 0.851953
2 0.252030 0.298763 0.073903 0.043170 0.001501
2 0.263457 0.302234 0.054155 0.034285 0.004070
2 0.264014 0.303059 0.052749 0.038170 0.004070
3 0.270816 0.296332 0.055968 0.051176 0.001501
3 0.441202 0.316812 0.036880 0.084310 0.002473
3 0.456056 0.307443 0.027369 0.061503 0.001501
3 0.458629 0.308712 0.025044 0.063570 0.002473
3 0.457086 0.315554 0.024201 0.042955 0.075858
3 0.458775 0.317910 0.024537 0.047923 0.029312
3 0.492927 0.309319 0.014388 0.022304 0.004070
3 0.456387 0.320842 0.022251 0.052435 0.001501
3 0.458387 0.319451 0.023713 0.044979 0.010987
3 0.535434 0.319228 0.017829 0.023133 0.002473
