0 0.546372 0.327184 0.012077 0.035776 0.004070
0 0.544688 0.328340 0.011443 0.038750 0.002473
1 0.369090 0.311339 0.032639 0.029832 0.010987
1 0.376117 0.308896 0.037266 0.029411 0.010987
1 0.568084 0.337280 0.042001 0.075402 0.817575
1 0.362418 0.313930 0.019978 0.025739 0.004070
1 0.366622 0.311158 0.071741 0.033190 0.002473
1 0.388254 0.350458 0.129409 0.127323 0.880797
1 0.388289 0.349330 0.126566 0.124995 0.880797
1 0.388206 0.351527 0.129520 0.124859 0.817575
1 0.450249 0.329509 0.016043 0.035957 0.017986
1 0.452797 0.330858 0.011473 0.027166 0.268941
1 0.470306 0.324976 0.024741 0.034599 0.817575
1 0.470835 0.324939 0.025397 0.034544 0.731059
1 0.489445 0.322902 0.009810 0.020916 0.006693
1 0.501998 0.322856 0.028172 0.015927 0.006693
1 0.516744 0.324930 0.008768 0.011754 0.029312
1 0.531815 0.327521 0.014751 0.017025 0.010987
1 0.546372 0.327184 0.012077 0.035776 0.004070
1 0.569438 0.337763 0.041966 0.074510 0.880797
1 0.568077 0.339050 0.041952 0.077014 0.880797
1 0.567983 0.339041 0.039055 0.077041 0.817575
1 0.388185 0.350449 0.129459 0.127253 0.880797
1 0.388939 0.349316 0.127932 0.124986 0.880797
1 0.388724 0.351550 0.130552 0.124930 0.880797
1 0.450215 0.330404 0.016037 0.037044 0.006693
1 0.452780 0.331754 0.013666 0.029035 0.182426
1 0.470154 0.325886 0.024481 0.036563 0.010987
1 0.470345 0.325925 0.024795 0.036540 0.006693
1 0.568082 0.337794 0.041949 0.074425 0.817575
1 0.567312 0.337779 0.040412 0.074454 0.880797
1 0.568072 0.339043 0.041944 0.077025 0.817575
1 0.388940 0.350457 0.127949 0.127301 0.880797
1 0.388265 0.349328 0.126562 0.125008 0.924142
1 0.388714 0.349324 0.130572 0.125040 0.924142
1 0.453871 0.344065 0.011563 0.070868 0.001501
1 0.568003 0.339145 0.039096 0.076881 0.817575
1 0.567991 0.339100 0.039082 0.076942 0.880797
1 0.568067 0.339071 0.041993 0.077000 0.817575
1 0.388943 0.349345 0.127923 0.125048 0.924142
1 0.689808 0.377463 0.226506 0.217909 0.952574
1 0.689828 0.378164 0.226564 0.216882 0.924142
1 0.689008 0.377987 0.231104 0.217352 0.924142
1 0.689113 0.377510 0.228095 0.218236 0.003173
1 0.689819 0.377938 0.226534 0.217241 0.924142
1 0.689812 0.377693 0.226543 0.217914 0.939913
1 0.690403 0.378096 0.230812 0.217133 0.924142
1 0.690438 0.377490 0.230767 0.215285 0.924142
1 0.690519 0.376627 0.227962 0.217152 0.952574
1 0.689810 0.377499 0.226533 0.218162 0.939913
1 0.690546 0.377252 0.227932 0.215953 0.939913
2 0.739456 0.309419 0.047384 0.041162 0.002473
