0 0.540254 0.330605 0.016558 0.026815 0.001501
0 0.544508 0.336391 0.011755 0.032154 0.002473
1 0.170487 0.248708 0.016080 0.039307 0.002473
1 0.177282 0.250815 0.027095 0.046939 0.001501
1 0.170674 0.256278 0.016487 0.034488 0.004070
1 0.175540 0.258245 0.026494 0.035967 0.004070
1 0.263989 0.277953 0.045213 0.038308 0.001501
1 0.261678 0.281396 0.048472 0.044600 0.001501
1 0.263139 0.283108 0.050211 0.047773 0.001501
1 0.253917 0.300778 0.037077 0.023696 0.006693
1 0.254020 0.299448 0.037874 0.021202 0.010987
1 0.258769 0.299342 0.037490 0.021396 0.004070
1 0.399396 0.311747 0.029876 0.024364 0.004070
1 0.400970 0.311976 0.030157 0.024862 0.006693
1 0.878561 0.326379 0.124003 0.180727 0.817575
1 0.878338 0.327555 0.121751 0.183290 0.817575
1 0.878715 0.326265 0.123882 0.180937 0.731059
1 0.399974 0.319914 0.028237 0.039093 0.001501
1 0.401870 0.314782 0.031427 0.025708 0.004070
1 0.422380 0.321784 0.016795 0.024465 0.004070
1 0.444234 0.324371 0.044434 0.023927 0.029312
1 0.446182 0.325445 0.043357 0.026001 0.047426
1 0.449414 0.327187 0.044438 0.029555 0.017986
1 0.468385 0.331513 0.019902 0.025069 0.006693
1 0.486556 0.327889 0.020553 0.021386 0.010987
1 0.494134 0.330342 0.026193 0.022705 0.017986
1 0.516393 0.330467 0.036133 0.026643 0.047426
1 0.523968 0.330552 0.023954 0.026516 0.377541
1 0.524191 0.330422 0.023773 0.026307 0.268941
1 0.540254 0.330605 0.016558 0.026815 0.006693
1 0.877292 0.327758 0.123741 0.183304 0.817575
1 0.877863 0.327099 0.122545 0.179769 0.817575
1 0.879010 0.327688 0.123271 0.183600 0.817575
1 0.442642 0.330028 0.046286 0.035729 0.002473
1 0.447517 0.329328 0.044546 0.034022 0.006693
1 0.455702 0.329888 0.035099 0.029784 0.004070
1 0.471686 0.334223 0.012717 0.021066 0.017986
1 0.498084 0.333028 0.024076 0.023525 0.006693
1 0.506800 0.334332 0.019503 0.020115 0.029312
1 0.524018 0.330835 0.023695 0.027080 0.119203
1 0.524152 0.330858 0.023967 0.027036 0.119203
1 0.877975 0.327122 0.125155 0.179377 0.817575
1 0.877887 0.327005 0.122698 0.179409 0.817575
1 0.878798 0.326194 0.124005 0.180448 0.731059
1 0.878057 0.326645 0.123056 0.180718 0.817575
2 0.399396 0.311747 0.029876 0.024364 0.001501
3 0.265192 0.277083 0.047788 0.038362 0.001501
3 0.261712 0.281676 0.046530 0.045864 0.002473
3 0.261678 0.281396 0.048472 0.044600 0.002473
3 0.263139 0.283108 0.050211 0.047773 0.001501
3 0.399974 0.319914 0.028237 0.039093 0.001501
3 0.516393 0.330467 0.036133 0.026643 0.002473
3 0.523968 0.330552 0.023954 0.026516 0.047426
3 0.524191 0.330422 0.023773 0.026307 0.017986
3 0.524018 0.330835 0.023695 0.027080 0.010987
3 0.524152 0.330858 0.023967 0.027036 0.017986
5 0.370291 0.341144 0.020113 0.072298 0.004070
5 0.468385 0.331513 0.019902 0.025069 0.002473
5 0.368845 0.349359 0.016277 0.051471 0.010987
5 0.381623 0.340681 0.023376 0.056145 0.002473
5 0.393041 0.341838 0.011227 0.049841 0.029312
5 0.471686 0.334223 0.012717 0.021066 0.002473
5 0.524018 0.330835 0.023695 0.027080 0.001501
5 0.368013 0.355627 0.014253 0.038856 0.010987
5 0.374708 0.348499 0.027381 0.049003 0.002473
5 0.394535 0.347078 0.011174 0.040105 0.002473
