0 0.631173 0.317104 0.009625 0.056489 0.006693
0 0.631203 0.320683 0.009746 0.052566 0.004070
0 0.630504 0.326216 0.011300 0.051620 0.001501
1 0.521431 0.315749 0.048835 0.053363 0.001501
1 0.524581 0.317606 0.052485 0.049424 0.001501
1 0.578007 0.320212 0.045784 0.044996 0.001501
1 0.595861 0.316257 0.057882 0.056982 0.002473
1 0.597425 0.315525 0.055497 0.058879 0.001501
1 0.601321 0.317734 0.048268 0.053264 0.002473
1 0.673452 0.326281 0.022219 0.082642 0.001501
1 0.675835 0.326259 0.023394 0.086467 0.001501
1 0.509168 0.326091 0.043735 0.033916 0.010987
1 0.526291 0.326107 0.055908 0.032481 0.377541
1 0.526755 0.326359 0.053400 0.032949 0.622459
1 0.526572 0.326048 0.053293 0.032410 0.622459
1 0.527250 0.326358 0.054256 0.032949 0.622459
1 0.533665 0.326549 0.062934 0.033774 0.047426
1 0.571516 0.328444 0.037760 0.032676 0.017986
1 0.593776 0.327888 0.045654 0.033086 0.029312
1 0.600819 0.328407 0.042262 0.033793 0.029312
1 0.607851 0.330139 0.028506 0.030325 0.182426
1 0.608708 0.331157 0.030148 0.028249 0.268941
1 0.500526 0.331383 0.029575 0.032900 0.001501
1 0.524814 0.327349 0.053169 0.035530 0.017986
1 0.526886 0.327126 0.049778 0.034579 0.029312
1 0.526009 0.328177 0.054429 0.031681 0.017986
1 0.527446 0.327016 0.052308 0.034312 0.006693
1 0.558457 0.327944 0.026982 0.036770 0.006693
1 0.566039 0.333662 0.018722 0.025186 0.006693
1 0.585023 0.332961 0.023862 0.026636 0.017986
1 0.606969 0.331387 0.032253 0.027913 0.075858
1 0.608002 0.332472 0.028098 0.025732 0.268941
1 0.608298 0.333117 0.027697 0.024441 0.377541
1 0.838370 0.431100 0.323632 0.483253 0.939913
1 0.838320 0.431331 0.323527 0.482624 0.952574
1 0.835902 0.433623 0.318751 0.486189 0.904651
1 0.839137 0.432813 0.325165 0.488087 0.904651
1 0.838309 0.432501 0.323510 0.488501 0.924142
1 0.837448 0.433146 0.325108 0.487384 0.924142
1 0.834512 0.433121 0.319074 0.490891 0.924142
1 0.839173 0.433036 0.325220 0.490919 0.904651
1 0.839084 0.433013 0.325085 0.490875 0.904651
1 0.836656 0.433303 0.326714 0.490298 0.924142
3 0.503542 0.303246 0.033777 0.060800 0.001501
3 0.507968 0.304228 0.034258 0.062831 0.001501
3 0.594283 0.309596 0.058392 0.072195 0.004070
3 0.597877 0.310239 0.056644 0.070806 0.004070
3 0.602614 0.309960 0.057403 0.069520 0.002473
3 0.613868 0.309732 0.047447 0.069769 0.001501
3 0.673162 0.323711 0.028813 0.093202 0.004070
3 0.674759 0.323175 0.025548 0.092018 0.002473
3 0.578007 0.320212 0.045784 0.044996 0.001501
3 0.595861 0.316257 0.057882 0.056982 0.029312
3 0.597425 0.315525 0.055497 0.058879 0.017986
3 0.601321 0.317734 0.048268 0.053264 0.017986
3 0.609712 0.317581 0.043507 0.055079 0.010987
3 0.673452 0.326281 0.022219 0.082642 0.002473
3 0.675835 0.326259 0.023394 0.086467 0.002473
3 0.527250 0.326358 0.054256 0.032949 0.001501
3 0.533665 0.326549 0.062934 0.033774 0.001501
3 0.571516 0.328444 0.037760 0.032676 0.002473
3 0.593776 0.327888 0.045654 0.033086 0.002473
3 0.600819 0.328407 0.042262 0.033793 0.006693
3 0.607851 0.330139 0.028506 0.030325 0.010987
3 0.608708 0.331157 0.030148 0.028249 0.017986
3 0.672021 0.330112 0.022326 0.084125 0.001501
3 0.606969 0.331387 0.032253 0.027913 0.004070
3 0.608002 0.332472 0.028098 0.025732 0.006693
3 0.608298 0.333117 0.027697 0.024441 0.010987
