0 0.420737 0.330179 0.016572 0.063829 0.119203
0 0.420949 0.328664 0.021390 0.064746 0.002473
0 0.505404 0.315297 0.011207 0.031562 0.001501
0 0.516501 0.323560 0.011519 0.050870 0.002473
0 0.420417 0.330028 0.018973 0.063383 0.119203
0 0.421259 0.330322 0.021200 0.059407 0.004070
0 0.507681 0.317965 0.009732 0.026449 0.004070
0 0.514890 0.327247 0.010737 0.044219 0.010987
0 0.534479 0.327600 0.009566 0.043372 0.004070
0 0.543066 0.333282 0.008121 0.036711 0.029312
0 0.584565 0.341815 0.016618 0.045633 0.002473
0 0.622711 0.340849 0.023519 0.039049 0.002473
0 0.622799 0.340822 0.023747 0.038996 0.001501
0 0.419316 0.329682 0.019483 0.062616 0.119203
0 0.421309 0.329407 0.021098 0.061131 0.006693
0 0.512140 0.326565 0.013770 0.042792 0.001501
0 0.515311 0.327849 0.008785 0.043077 0.010987
0 0.535541 0.329206 0.010533 0.040494 0.002473
0 0.542531 0.334580 0.007032 0.034155 0.029312
0 0.583596 0.343907 0.014342 0.042313 0.004070
0 0.622733 0.342750 0.023562 0.044563 0.006693
0 0.623564 0.341597 0.022215 0.040440 0.006693
0 0.419374 0.336958 0.019651 0.085172 0.017986
0 0.583496 0.344491 0.014062 0.045178 0.006693
0 0.621393 0.349791 0.020985 0.060652 0.017986
0 0.623073 0.349999 0.021402 0.061293 0.001501
0 0.419392 0.342737 0.017822 0.097976 0.001501
0 0.992935 0.392105 0.011175 0.289925 0.002473
0 0.992711 0.393436 0.014725 0.288097 0.001501
1 0.420737 0.330179 0.016572 0.063829 0.001501
1 0.505404 0.315297 0.011207 0.031562 0.006693
1 0.420417 0.330028 0.018973 0.063383 0.001501
1 0.507681 0.317965 0.009732 0.026449 0.010987
1 0.562457 0.332921 0.030350 0.031937 0.002473
1 0.570676 0.334319 0.021590 0.034403 0.006693
1 0.584565 0.341815 0.016618 0.045633 0.002473
1 0.622711 0.340849 0.023519 0.039049 0.047426
1 0.622799 0.340822 0.023747 0.038996 0.029312
1 0.633231 0.337378 0.046754 0.034251 0.002473
1 0.419316 0.329682 0.019483 0.062616 0.004070
1 0.563866 0.338347 0.029772 0.026998 0.010987
1 0.570680 0.340897 0.024260 0.031916 0.017986
1 0.583596 0.343907 0.014342 0.042313 0.006693
1 0.586568 0.342734 0.017383 0.041969 0.001501
1 0.622733 0.342750 0.023562 0.044563 0.047426
1 0.623564 0.341597 0.022215 0.040440 0.047426
1 0.632454 0.343082 0.043688 0.041753 0.004070
1 0.419374 0.336958 0.019651 0.085172 0.001501
1 0.583496 0.344491 0.014062 0.045178 0.001501
1 0.621393 0.349791 0.020985 0.060652 0.001501
1 0.623073 0.349999 0.021402 0.061293 0.002473
1 0.725279 0.383859 0.224888 0.199567 0.924142
1 0.725107 0.384005 0.225274 0.199642 0.924142
1 0.725003 0.385188 0.224618 0.197287 0.939913
1 0.725143 0.383941 0.224746 0.199570 0.924142
1 0.725156 0.384957 0.224242 0.197064 0.851953
1 0.725283 0.384675 0.225617 0.196320 0.924142
1 0.725128 0.384731 0.225637 0.196316 0.939913
1 0.724901 0.385229 0.224812 0.197311 0.939913
1 0.724891 0.384723 0.224749 0.196349 0.924142
1 0.725098 0.383273 0.224924 0.198478 0.095349
1 0.724953 0.384323 0.225781 0.200251 0.047426
1 0.724749 0.385506 0.224835 0.197870 0.622459
3 0.570676 0.334319 0.021590 0.034403 0.002473
3 0.622711 0.340849 0.023519 0.039049 0.001501
3 0.622733 0.342750 0.023562 0.044563 0.002473
3 0.623564 0.341597 0.022215 0.040440 0.001501
4 0.622711 0.340849 0.023519 0.039049 0.001501
4 0.586568 0.342734 0.017383 0.041969 0.002473
4 0.622733 0.342750 0.023562 0.044563 0.002473
4 0.583496 0.344491 0.014062 0.045178 0.002473
4 0.621393 0.349791 0.020985 0.060652 0.004070
5 0.584737 0.330353 0.018203 0.068676 0.001501
5 0.514890 0.327247 0.010737 0.044219 0.001501
5 0.570676 0.334319 0.021590 0.034403 0.001501
5 0.584565 0.341815 0.016618 0.045633 0.182426
5 0.585907 0.339180 0.018704 0.048946 0.017986
5 0.622711 0.340849 0.023519 0.039049 0.010987
5 0.622799 0.340822 0.023747 0.038996 0.006693
5 0.570680 0.340897 0.024260 0.031916 0.004070
5 0.583596 0.343907 0.014342 0.042313 0.268941
5 0.586568 0.342734 0.017383 0.041969 0.047426
5 0.622733 0.342750 0.023562 0.044563 0.029312
5 0.623564 0.341597 0.022215 0.040440 0.029312
5 0.575090 0.344421 0.022826 0.044823 0.004070
5 0.583496 0.344491 0.014062 0.045178 0.119203
5 0.586318 0.342719 0.016784 0.047084 0.006693
5 0.621393 0.349791 0.020985 0.060652 0.010987
5 0.623073 0.349999 0.021402 0.061293 0.006693
