0 0.005560 0.291946 0.011171 0.096859 0.002473
0 0.005491 0.303610 0.011008 0.072622 0.010987
0 0.036535 0.313488 0.023848 0.098659 0.002473
0 0.004806 0.313494 0.009616 0.066097 0.047426
0 0.179496 0.317918 0.028909 0.047818 0.001501
0 0.454843 0.323851 0.009781 0.046777 0.004070
0 0.005489 0.320526 0.010988 0.081906 0.017986
0 0.454063 0.324963 0.011253 0.045130 0.006693
0 0.463242 0.327788 0.012211 0.035925 0.006693
0 0.523815 0.321579 0.016919 0.023572 0.002473
0 0.005515 0.325413 0.011085 0.095271 0.010987
0 0.453473 0.326485 0.010297 0.045794 0.006693
0 0.462944 0.326838 0.014605 0.039026 0.004070
0 0.006263 0.332877 0.009593 0.104037 0.001501
1 0.005491 0.303610 0.011008 0.072622 0.002473
1 0.063464 0.308489 0.081504 0.104740 0.001501
1 0.068486 0.308330 0.074888 0.100228 0.001501
1 0.084957 0.305990 0.039764 0.093655 0.001501
1 0.067261 0.308003 0.079342 0.093195 0.001501
1 0.175148 0.311787 0.026117 0.040757 0.001501
1 0.179496 0.317918 0.028909 0.047818 0.002473
1 0.184162 0.333934 0.034299 0.076506 0.001501
1 0.454843 0.323851 0.009781 0.046777 0.004070
1 0.548113 0.320240 0.036831 0.039655 0.047426
1 0.550740 0.321356 0.036467 0.041731 0.731059
1 0.551069 0.320907 0.035828 0.040822 0.622459
1 0.551297 0.321687 0.036827 0.041244 0.268941
1 0.005489 0.320526 0.010988 0.081906 0.001501
1 0.060263 0.335027 0.014934 0.035584 0.002473
1 0.079663 0.337742 0.049887 0.039262 0.006693
1 0.089315 0.340821 0.032915 0.040966 0.047426
1 0.091726 0.340768 0.026623 0.040715 0.047426
1 0.101319 0.341867 0.043464 0.043017 0.017986
1 0.113122 0.340723 0.050773 0.043499 0.010987
1 0.129642 0.340837 0.033960 0.043505 0.010987
1 0.137272 0.338294 0.042791 0.042315 0.010987
1 0.142167 0.338972 0.052799 0.044295 0.006693
1 0.176782 0.330148 0.039504 0.061474 0.004070
1 0.184423 0.335247 0.028030 0.058621 0.006693
1 0.185287 0.338405 0.030017 0.080697 0.010987
1 0.199120 0.338505 0.059943 0.083561 0.004070
1 0.201131 0.331078 0.062550 0.069330 0.001501
1 0.281257 0.317435 0.042894 0.023341 0.001501
1 0.376777 0.330367 0.036581 0.038044 0.001501
1 0.390170 0.329294 0.028760 0.043804 0.004070
1 0.393817 0.330628 0.022710 0.036441 0.002473
1 0.395202 0.331628 0.027100 0.038852 0.001501
1 0.449877 0.326226 0.019716 0.046168 0.006693
1 0.454063 0.324963 0.011253 0.045130 0.075858
1 0.463242 0.327788 0.012211 0.035925 0.017986
1 0.492273 0.322902 0.015512 0.015811 0.075858
1 0.502677 0.319049 0.010213 0.023747 0.001501
1 0.523815 0.321579 0.016919 0.023572 0.017986
1 0.530502 0.320143 0.011244 0.031658 0.047426
1 0.551140 0.321683 0.035683 0.041053 0.880797
1 0.550952 0.321679 0.035601 0.042217 0.817575
1 0.551247 0.322009 0.036198 0.041721 0.377541
1 0.005515 0.325413 0.011085 0.095271 0.002473
1 0.059172 0.339121 0.016301 0.043685 0.001501
1 0.081844 0.341677 0.043654 0.039927 0.010987
1 0.089622 0.340103 0.033505 0.041902 0.119203
1 0.093805 0.340676 0.027079 0.040407 0.119203
1 0.104425 0.342404 0.038551 0.043632 0.017986
1 0.111734 0.342008 0.044703 0.042853 0.017986
1 0.117842 0.341691 0.047037 0.042209 0.010987
1 0.134320 0.339271 0.047059 0.043935 0.010987
1 0.144208 0.339400 0.061817 0.044358 0.006693
1 0.170779 0.340916 0.055984 0.063663 0.006693
1 0.185485 0.346074 0.029014 0.069535 0.006693
1 0.186305 0.346764 0.030835 0.081794 0.010987
1 0.199514 0.340210 0.060687 0.083730 0.004070
1 0.203910 0.336101 0.069119 0.084595 0.002473
1 0.447944 0.328563 0.018366 0.046271 0.004070
1 0.453473 0.326485 0.010297 0.045794 0.047426
1 0.462944 0.326838 0.014605 0.039026 0.006693
1 0.551240 0.321871 0.035721 0.044177 0.004070
1 0.551079 0.321865 0.035812 0.044282 0.004070
1 0.551256 0.322441 0.036180 0.043441 0.006693
1 0.006263 0.332877 0.009593 0.104037 0.001501
1 0.087789 0.344311 0.037370 0.046247 0.006693
1 0.097416 0.342746 0.029505 0.046943 0.004070
1 0.106740 0.343101 0.036036 0.044982 0.006693
1 0.114170 0.343452 0.049289 0.044332 0.006693
1 0.116401 0.343726 0.052311 0.045107 0.002473
1 0.132558 0.344392 0.062412 0.052818 0.001501
1 0.181447 0.349200 0.039202 0.081089 0.004070
1 0.185451 0.355724 0.029084 0.084464 0.006693
1 0.185249 0.349373 0.029811 0.092073 0.004070
1 0.708925 0.361313 0.217917 0.199444 0.924142
1 0.708450 0.360358 0.216941 0.201234 0.939913
1 0.708792 0.360350 0.220707 0.201367 0.924142
1 0.708140 0.362188 0.216321 0.197685 0.679179
1 0.708969 0.361299 0.217985 0.199316 0.924142
1 0.708464 0.360327 0.216976 0.201206 0.904651
1 0.709577 0.361315 0.219157 0.199278 0.924142
1 0.707738 0.360924 0.218503 0.195099 0.060087
1 0.708896 0.360602 0.217830 0.201223 0.939913
1 0.708365 0.360587 0.216783 0.201065 0.924142
1 0.707702 0.360621 0.218516 0.201238 0.939913
2 0.393817 0.330628 0.022710 0.036441 0.001501
3 0.028500 0.305784 0.049180 0.107494 0.001501
3 0.036535 0.313488 0.023848 0.098659 0.001501
3 0.039680 0.313628 0.030301 0.097215 0.001501
3 0.063464 0.308489 0.081504 0.104740 0.002473
3 0.548113 0.320240 0.036831 0.039655 0.001501
3 0.039738 0.323203 0.030699 0.077837 0.001501
3 0.089315 0.340821 0.032915 0.040966 0.004070
3 0.091726 0.340768 0.026623 0.040715 0.006693
3 0.101319 0.341867 0.043464 0.043017 0.006693
3 0.113122 0.340723 0.050773 0.043499 0.006693
3 0.129642 0.340837 0.033960 0.043505 0.002473
3 0.137272 0.338294 0.042791 0.042315 0.001501
3 0.454063 0.324963 0.011253 0.045130 0.002473
3 0.463242 0.327788 0.012211 0.035925 0.001501
3 0.089622 0.340103 0.033505 0.041902 0.006693
3 0.093805 0.340676 0.027079 0.040407 0.010987
3 0.104425 0.342404 0.038551 0.043632 0.006693
3 0.111734 0.342008 0.044703 0.042853 0.010987
3 0.117842 0.341691 0.047037 0.042209 0.006693
3 0.134320 0.339271 0.047059 0.043935 0.002473
3 0.114170 0.343452 0.049289 0.044332 0.001501
5 0.039680 0.313628 0.030301 0.097215 0.001501
5 0.454063 0.324963 0.011253 0.045130 0.006693
5 0.463242 0.327788 0.012211 0.035925 0.006693
5 0.523815 0.321579 0.016919 0.023572 0.002473
5 0.530502 0.320143 0.011244 0.031658 0.004070
5 0.453473 0.326485 0.010297 0.045794 0.004070
5 0.462944 0.326838 0.014605 0.039026 0.002473
