0 0.444621 0.316438 0.011434 0.033910 0.002473
0 0.456191 0.320329 0.016150 0.020970 0.001501
0 0.466099 0.319124 0.015097 0.023439 0.001501
0 0.483233 0.322760 0.008558 0.026414 0.029312
1 0.547549 0.321915 0.029827 0.042913 0.004070
1 0.548344 0.321788 0.031454 0.042716 0.002473
1 0.610330 0.335925 0.082437 0.098218 0.017986
1 0.610354 0.335024 0.082463 0.100004 0.924142
1 0.450025 0.321549 0.015559 0.018540 0.006693
1 0.456191 0.320329 0.016150 0.020970 0.029312
1 0.466099 0.319124 0.015097 0.023439 0.004070
1 0.518762 0.320882 0.012620 0.011707 0.029312
1 0.527846 0.320406 0.009926 0.021131 0.006693
1 0.547346 0.324572 0.030368 0.037453 0.817575
1 0.549396 0.324559 0.032011 0.037478 0.880797
1 0.566256 0.326537 0.012171 0.034667 0.004070
1 0.610377 0.335818 0.082350 0.097968 0.924142
1 0.610381 0.335940 0.082340 0.098197 0.924142
1 0.609677 0.336126 0.080678 0.098586 0.880797
1 0.548365 0.324919 0.031372 0.038525 0.075858
1 0.548055 0.325092 0.031988 0.038592 0.075858
1 0.564106 0.327876 0.014086 0.036847 0.001501
1 0.610270 0.335933 0.082589 0.098216 0.880797
1 0.609501 0.335932 0.081033 0.098218 0.880797
1 0.609617 0.335924 0.080819 0.098248 0.880797
1 0.610262 0.335232 0.082570 0.100424 0.817575
1 0.609582 0.335052 0.080920 0.100064 0.924142
1 0.610499 0.335222 0.082009 0.100501 0.880797
1 0.763474 0.361674 0.240969 0.277047 0.924142
1 0.763033 0.361581 0.240096 0.276914 0.924142
1 0.763008 0.361548 0.240008 0.277188 0.924142
1 0.763429 0.362147 0.240938 0.276060 0.924142
1 0.762961 0.358943 0.241936 0.277136 0.924142
1 0.763425 0.360924 0.240877 0.278302 0.924142
1 0.762996 0.360967 0.239997 0.278237 0.904651
1 0.763431 0.361005 0.240888 0.278170 0.924142
1 0.762998 0.361090 0.240079 0.277864 0.924142
1 0.763012 0.360474 0.240039 0.273998 0.924142
3 0.518762 0.320882 0.012620 0.011707 0.001501
3 0.527846 0.320406 0.009926 0.021131 0.001501
5 0.456191 0.320329 0.016150 0.020970 0.001501
5 0.483233 0.322760 0.008558 0.026414 0.004070
