1 0.437167 0.321785 0.013743 0.013512 0.119203
1 0.438154 0.320880 0.013095 0.011686 0.268941
1 0.458707 0.320217 0.007968 0.010435 0.004070
1 0.468754 0.317658 0.009516 0.015498 0.017986
1 0.490930 0.321991 0.021268 0.032330 0.731059
1 0.490938 0.321990 0.021200 0.032340 0.880797
1 0.054751 0.364853 0.109515 0.174747 0.880797
1 0.054784 0.364175 0.109583 0.177054 0.880797
1 0.055464 0.364163 0.110928 0.177050 0.817575
1 0.056238 0.363220 0.109425 0.171306 0.880797
1 0.054784 0.365116 0.109576 0.172548 0.880797
1 0.055569 0.364493 0.108076 0.173946 0.880797
1 0.054788 0.364212 0.109591 0.173141 0.817575
1 0.054005 0.365268 0.111081 0.175411 0.880797
1 0.054805 0.364503 0.109610 0.173732 0.880797
1 0.054773 0.364428 0.109561 0.170202 0.817575
2 0.043845 0.245513 0.084732 0.120398 0.010987
2 0.045905 0.265538 0.088796 0.173708 0.010987
2 0.043002 0.261469 0.086069 0.156992 0.500000
2 0.042236 0.264932 0.087628 0.157732 0.182426
2 0.042198 0.267212 0.087820 0.167582 0.047426
2 0.045496 0.279849 0.091135 0.247556 0.002473
2 0.046098 0.280889 0.092235 0.218377 0.119203
2 0.043765 0.271060 0.087603 0.177961 0.500000
2 0.043757 0.271245 0.087625 0.169456 0.377541
2 0.042298 0.270999 0.088078 0.169448 0.268941
2 0.043585 0.271169 0.092404 0.163484 0.001501
2 0.041101 0.294901 0.082282 0.251211 0.001501
2 0.046293 0.292600 0.092626 0.237354 0.029312
2 0.044116 0.279530 0.088406 0.198353 0.377541
2 0.045014 0.278257 0.090412 0.190088 0.377541
2 0.044566 0.277196 0.093424 0.180379 0.047426
2 0.134967 0.327470 0.077219 0.058642 0.001501
2 0.133786 0.329277 0.074169 0.061361 0.001501
2 0.135718 0.329751 0.075719 0.059801 0.001501
2 0.135182 0.329307 0.076149 0.060733 0.001501
2 0.046770 0.289302 0.103233 0.270783 0.001927
3 0.045014 0.278257 0.090412 0.190088 0.001501
3 0.044566 0.277196 0.093424 0.180379 0.001501
3 0.438154 0.320880 0.013095 0.011686 0.001501
3 0.490930 0.321991 0.021268 0.032330 0.001501
3 0.490938 0.321990 0.021200 0.032340 0.001501
