1 0.449804 0.319150 0.024647 0.042469 0.002473
1 0.451923 0.319844 0.025003 0.041071 0.002473
1 0.574051 0.330247 0.042304 0.057083 0.006693
1 0.574970 0.331124 0.044146 0.059333 0.010987
1 0.679665 0.347600 0.162524 0.185464 0.029312
1 0.450769 0.325613 0.026567 0.031875 0.119203
1 0.450067 0.324944 0.025009 0.030614 0.075858
1 0.468122 0.321058 0.014868 0.025264 0.001501
1 0.492905 0.317171 0.014590 0.014678 0.001501
1 0.574287 0.330773 0.045527 0.056460 0.880797
1 0.575001 0.330799 0.044217 0.056385 0.880797
1 0.575669 0.330987 0.045566 0.056012 0.880797
1 0.574337 0.331000 0.045564 0.055989 0.880797
1 0.679778 0.347541 0.165475 0.185064 0.924142
1 0.678989 0.346320 0.163836 0.187488 0.924142
1 0.679636 0.343689 0.162535 0.187672 0.880797
1 0.574972 0.331821 0.046892 0.057975 0.817575
1 0.574996 0.330963 0.044215 0.056064 0.880797
1 0.574316 0.331889 0.045573 0.057807 0.880797
1 0.575688 0.330959 0.045569 0.056065 0.880797
1 0.679798 0.347493 0.165423 0.185237 0.924142
1 0.679653 0.348393 0.162409 0.183380 0.924142
1 0.679644 0.346332 0.162415 0.187504 0.880797
1 0.680390 0.347511 0.163884 0.185099 0.924142
1 0.678298 0.347469 0.162416 0.185183 0.924142
1 0.679631 0.346389 0.162431 0.187336 0.880797
1 0.678893 0.346296 0.160928 0.187557 0.377541
1 0.872067 0.420409 0.255794 0.470355 0.075858
1 0.871536 0.419979 0.257042 0.471072 0.001927
1 0.872303 0.420419 0.258542 0.470689 0.904651
1 0.872091 0.419328 0.255801 0.469717 0.924142
1 0.872877 0.419356 0.257366 0.469202 0.924142
1 0.872780 0.418790 0.254540 0.470006 0.880797
1 0.872072 0.417063 0.255812 0.470247 0.119203
1 0.872874 0.418190 0.257393 0.472177 0.924142
1 0.871527 0.416420 0.256956 0.471885 0.924142
1 0.873523 0.417852 0.256082 0.471839 0.904651
1 0.873555 0.416937 0.256045 0.469706 0.047426
1 0.872292 0.416916 0.258521 0.469651 0.924142
1 0.872063 0.416292 0.255900 0.468374 0.851953
2 0.664387 0.258680 0.110540 0.043292 0.001501
2 0.666006 0.271098 0.120227 0.066626 0.001501
5 0.451923 0.319844 0.025003 0.041071 0.001501
5 0.450769 0.325613 0.026567 0.031875 0.004070
5 0.450067 0.324944 0.025009 0.030614 0.010987
5 0.451783 0.328381 0.024607 0.033061 0.001501
