0 0.167284 0.276849 0.012758 0.071670 0.075858
0 0.173484 0.276091 0.023255 0.065964 0.002473
0 0.618938 0.328065 0.023200 0.143002 0.268941
0 0.166561 0.278893 0.013949 0.074061 0.029312
0 0.173439 0.278533 0.025792 0.070706 0.001501
0 0.618455 0.330536 0.023979 0.151430 0.731059
0 0.749777 0.292900 0.021624 0.039273 0.004070
0 0.167232 0.280473 0.012605 0.077519 0.029312
0 0.617437 0.330118 0.025405 0.150184 0.001501
0 0.618951 0.330241 0.023169 0.150802 0.817575
0 0.749032 0.295528 0.023161 0.039143 0.004070
0 0.167431 0.285553 0.015851 0.088067 0.006693
0 0.442540 0.326271 0.007088 0.027726 0.006693
0 0.617911 0.330118 0.025239 0.149983 0.017986
0 0.618972 0.330060 0.023832 0.150426 0.817575
0 0.619477 0.330229 0.024288 0.150789 0.017986
0 0.169375 0.322254 0.020529 0.161865 0.002473
0 0.440538 0.327471 0.009413 0.035950 0.004070
0 0.617705 0.330503 0.024827 0.150231 0.029312
0 0.618822 0.330359 0.023703 0.151013 0.880797
0 0.619844 0.330565 0.024714 0.151367 0.047426
0 0.618276 0.328163 0.025959 0.155707 0.047426
0 0.619200 0.329139 0.023659 0.153004 0.817575
0 0.620171 0.327616 0.024070 0.154864 0.182426
0 0.618928 0.329112 0.024677 0.153169 0.731059
0 0.619652 0.327872 0.026230 0.156110 0.017986
0 0.619312 0.330431 0.022855 0.153690 0.006693
1 0.282627 0.289654 0.048675 0.055508 0.001501
1 0.281865 0.287455 0.046807 0.051234 0.004070
1 0.282811 0.288927 0.050979 0.054383 0.002473
1 0.285158 0.294165 0.055448 0.063488 0.001501
1 0.749777 0.292900 0.021624 0.039273 0.004070
1 0.759055 0.292791 0.040253 0.039520 0.006693
1 0.760866 0.291490 0.047348 0.037100 0.004070
1 0.763148 0.293831 0.047180 0.037507 0.001501
1 0.382083 0.337050 0.085899 0.095949 0.880797
1 0.413727 0.320394 0.026563 0.048793 0.001501
1 0.749032 0.295528 0.023161 0.039143 0.010987
1 0.756923 0.294212 0.035809 0.036683 0.010987
1 0.762331 0.294288 0.046735 0.036605 0.010987
1 0.763596 0.294174 0.045176 0.031692 0.010987
1 0.382071 0.339499 0.085926 0.090641 0.880797
1 0.381290 0.339324 0.084369 0.090235 0.924142
1 0.382059 0.339211 0.085918 0.090001 0.817575
1 0.419585 0.325231 0.011648 0.038631 0.017986
1 0.435977 0.327093 0.016442 0.031124 0.017986
1 0.442540 0.326271 0.007088 0.027726 0.006693
1 0.454388 0.321618 0.023317 0.018474 0.004070
1 0.472069 0.325261 0.009840 0.016228 0.004070
1 0.481802 0.322792 0.014152 0.021233 0.001501
1 0.493749 0.322910 0.015669 0.020877 0.377541
1 0.511698 0.327515 0.023492 0.024992 0.731059
1 0.511070 0.326214 0.022180 0.027539 0.731059
1 0.531200 0.324137 0.013881 0.023864 0.004070
1 0.382089 0.339218 0.085865 0.090020 0.817575
1 0.382099 0.339213 0.085835 0.090007 0.880797
1 0.382060 0.338691 0.085914 0.088954 0.880797
1 0.418217 0.333761 0.014806 0.060233 0.001501
1 0.382844 0.337522 0.084468 0.091801 0.880797
1 0.382781 0.337882 0.084448 0.092474 0.880797
1 0.382059 0.337895 0.085915 0.092487 0.880797
1 0.403260 0.340590 0.043591 0.083210 0.002473
1 0.079907 0.486455 0.159999 0.381112 0.817575
1 0.080229 0.489710 0.160433 0.380913 0.880797
1 0.079397 0.488887 0.161978 0.382571 0.880797
1 0.079671 0.488736 0.162423 0.383011 0.880797
1 0.079567 0.487722 0.159321 0.382067 0.851953
1 0.080232 0.490821 0.160424 0.378708 0.904651
1 0.081199 0.491980 0.159356 0.376393 0.880797
1 0.079716 0.491291 0.162507 0.374377 0.880797
1 0.081187 0.488481 0.159224 0.380591 0.880797
1 0.080318 0.489736 0.160776 0.377886 0.880797
3 0.851239 0.332212 0.115191 0.139529 0.731059
3 0.850811 0.333900 0.114467 0.141671 0.817575
3 0.850524 0.333741 0.115752 0.143036 0.622459
3 0.493749 0.322910 0.015669 0.020877 0.010987
3 0.851416 0.333319 0.115522 0.144651 0.731059
3 0.851424 0.333233 0.113979 0.144854 0.731059
3 0.850637 0.333241 0.115624 0.144799 0.622459
3 0.851508 0.333679 0.115668 0.145205 0.622459
3 0.852038 0.333770 0.112774 0.143830 0.622459
3 0.851066 0.334730 0.114781 0.143079 0.622459
3 0.852216 0.332874 0.114577 0.144842 0.377541
4 0.594740 0.335290 0.025848 0.045762 0.001501
5 0.753888 0.284822 0.031586 0.060956 0.002473
5 0.762106 0.283568 0.055641 0.059117 0.001501
5 0.749777 0.292900 0.021624 0.039273 0.029312
5 0.759055 0.292791 0.040253 0.039520 0.017986
5 0.760866 0.291490 0.047348 0.037100 0.004070
5 0.749032 0.295528 0.023161 0.039143 0.047426
5 0.756923 0.294212 0.035809 0.036683 0.017986
5 0.762331 0.294288 0.046735 0.036605 0.006693
5 0.435977 0.327093 0.016442 0.031124 0.002473
5 0.442540 0.326271 0.007088 0.027726 0.004070
5 0.753660 0.299758 0.028329 0.055534 0.001501
5 0.440538 0.327471 0.009413 0.035950 0.001501
