0 0.589660 0.318515 0.017661 0.124014 0.075858
0 0.589118 0.324660 0.018738 0.114780 0.268941
0 0.589497 0.321849 0.017955 0.117592 0.622459
0 0.588723 0.323760 0.016856 0.116401 0.377541
0 0.589566 0.323562 0.017819 0.116778 0.622459
0 0.355573 0.336977 0.008137 0.039497 0.006693
0 0.446033 0.326398 0.014022 0.027957 0.006693
0 0.559252 0.318093 0.012792 0.021330 0.004070
0 0.589405 0.324592 0.018212 0.117420 0.377541
0 0.589495 0.325029 0.017959 0.113888 0.731059
0 0.442105 0.329581 0.012831 0.040330 0.004070
0 0.559030 0.329776 0.012418 0.041107 0.001501
0 0.589117 0.325591 0.018719 0.114960 0.268941
0 0.588814 0.324546 0.016605 0.117243 0.817575
0 0.848224 0.337656 0.013523 0.033636 0.004070
0 0.851773 0.338113 0.011939 0.032704 0.002473
0 0.589119 0.325500 0.018728 0.115200 0.377541
0 0.590217 0.327307 0.019580 0.113278 0.731059
1 0.804133 0.319108 0.060879 0.087065 0.004070
1 0.514769 0.314812 0.020646 0.042273 0.002473
1 0.414546 0.335158 0.057242 0.066233 0.075858
1 0.414444 0.334528 0.056988 0.064918 0.880797
1 0.414440 0.334529 0.056999 0.064927 0.880797
1 0.415390 0.334619 0.055816 0.064679 0.817575
1 0.446033 0.326398 0.014022 0.027957 0.182426
1 0.461873 0.320369 0.018107 0.020894 0.119203
1 0.463126 0.320359 0.018007 0.020875 0.268941
1 0.475692 0.321436 0.022834 0.024112 0.002473
1 0.494446 0.320349 0.017066 0.020891 0.182426
1 0.512468 0.326565 0.019215 0.023216 0.622459
1 0.513735 0.326564 0.019488 0.023216 0.622459
1 0.530763 0.322959 0.014747 0.021475 0.004070
1 0.539331 0.320321 0.020802 0.021399 0.001501
1 0.559252 0.318093 0.012792 0.021330 0.010987
1 0.564844 0.319427 0.020871 0.025017 0.006693
1 0.613661 0.330334 0.030846 0.036067 0.001501
1 0.351058 0.342650 0.021809 0.033301 0.001501
1 0.356197 0.342571 0.013019 0.036517 0.004070
1 0.361526 0.343213 0.028043 0.035572 0.001501
1 0.414653 0.335205 0.057458 0.066272 0.817575
1 0.414595 0.334663 0.057292 0.064693 0.880797
1 0.414489 0.334561 0.057083 0.064961 0.880797
1 0.414629 0.334684 0.057340 0.064754 0.880797
1 0.442105 0.329581 0.012831 0.040330 0.002473
1 0.414448 0.335241 0.057162 0.066342 0.731059
1 0.414476 0.335050 0.057099 0.066704 0.817575
1 0.415197 0.334577 0.055386 0.065021 0.500000
1 0.177033 0.417850 0.357251 0.434235 0.924142
1 0.178075 0.418863 0.359371 0.436174 0.924142
1 0.176335 0.418884 0.359176 0.436090 0.939913
1 0.176932 0.420767 0.357049 0.435358 0.924142
1 0.179296 0.420733 0.358636 0.435341 0.924142
1 0.176850 0.419927 0.360456 0.433700 0.924142
1 0.176884 0.418789 0.360243 0.436116 0.924142
1 0.177732 0.420073 0.358731 0.433618 0.924142
1 0.179286 0.418799 0.358679 0.435880 0.924142
1 0.176977 0.419634 0.360410 0.437505 0.924142
2 0.804133 0.319108 0.060879 0.087065 0.001501
3 0.804133 0.319108 0.060879 0.087065 0.731059
3 0.332680 0.308634 0.039285 0.039534 0.001501
3 0.513649 0.314674 0.019571 0.042682 0.029312
3 0.514769 0.314812 0.020646 0.042273 0.047426
3 0.803885 0.320749 0.061263 0.083897 0.817575
3 0.804472 0.320093 0.060188 0.085234 0.731059
3 0.803802 0.320489 0.061426 0.085789 0.731059
3 0.463126 0.320359 0.018007 0.020875 0.001501
3 0.494446 0.320349 0.017066 0.020891 0.010987
3 0.512468 0.326565 0.019215 0.023216 0.017986
3 0.513735 0.326564 0.019488 0.023216 0.010987
3 0.785635 0.320602 0.084393 0.077868 0.002473
3 0.797347 0.319435 0.074026 0.083458 0.029312
3 0.803385 0.319475 0.062366 0.083853 0.731059
3 0.803893 0.320024 0.059224 0.084930 0.731059
3 0.803638 0.319999 0.061897 0.084981 0.622459
3 0.787486 0.323769 0.074424 0.066585 0.002473
3 0.801729 0.320053 0.065428 0.085036 0.500000
3 0.802513 0.319275 0.064101 0.087121 0.622459
3 0.802790 0.320033 0.061335 0.085029 0.377541
4 0.356197 0.342571 0.013019 0.036517 0.004070
4 0.361526 0.343213 0.028043 0.035572 0.001501
4 0.590217 0.327307 0.019580 0.113278 0.001501
5 0.446033 0.326398 0.014022 0.027957 0.006693
5 0.559252 0.318093 0.012792 0.021330 0.001501
5 0.356197 0.342571 0.013019 0.036517 0.001501
5 0.588814 0.324546 0.016605 0.117243 0.004070
5 0.589119 0.325500 0.018728 0.115200 0.004070
5 0.590217 0.327307 0.019580 0.113278 0.010987
