0 0.994410 0.284401 0.008170 0.099685 0.002473
0 0.995190 0.291380 0.009650 0.084752 0.002473
0 0.995737 0.293726 0.008590 0.086558 0.001501
1 0.827110 0.274421 0.046778 0.044524 0.029312
1 0.829375 0.273427 0.045285 0.041838 0.075858
1 0.829103 0.273437 0.045915 0.041917 0.075858
1 0.829956 0.273439 0.046310 0.041914 0.047426
1 0.835384 0.270893 0.052482 0.036902 0.004070
1 0.876401 0.269668 0.081681 0.045492 0.006693
1 0.890736 0.266033 0.052872 0.037408 0.002473
1 0.892748 0.264987 0.052021 0.030250 0.002473
1 0.899140 0.264195 0.060886 0.034062 0.001501
1 0.994410 0.284401 0.008170 0.099685 0.001501
1 0.826964 0.276890 0.046086 0.039622 0.029312
1 0.828236 0.274547 0.044067 0.044013 0.075858
1 0.828290 0.275726 0.044344 0.041750 0.119203
1 0.828586 0.275777 0.044646 0.041804 0.119203
1 0.837142 0.274854 0.053479 0.044309 0.010987
1 0.878701 0.272287 0.079075 0.050103 0.006693
1 0.882069 0.269702 0.079454 0.044951 0.006693
1 0.887681 0.271720 0.073905 0.043913 0.002473
1 0.176361 0.349378 0.130774 0.193728 0.500000
1 0.828278 0.280913 0.047885 0.050548 0.002473
1 0.829312 0.279358 0.051061 0.054177 0.004070
1 0.830370 0.279539 0.052653 0.053927 0.004070
1 0.887906 0.286385 0.114687 0.075851 0.002473
1 0.896184 0.289313 0.124963 0.076613 0.001501
1 0.177149 0.345213 0.129340 0.190514 0.880797
1 0.177490 0.346267 0.129974 0.192621 0.880797
1 0.175750 0.345295 0.129650 0.190852 0.817575
1 0.421028 0.330400 0.018229 0.020075 0.002473
1 0.435047 0.326529 0.020492 0.018875 0.002473
1 0.447045 0.326212 0.016355 0.014327 0.010987
1 0.455763 0.326508 0.027328 0.018836 0.010987
1 0.471348 0.325432 0.018110 0.020948 0.047426
1 0.476712 0.325306 0.013706 0.016094 0.047426
1 0.493233 0.321677 0.010686 0.013839 0.001501
1 0.508676 0.318840 0.011897 0.024092 0.002473
1 0.520198 0.326575 0.015491 0.023187 0.182426
1 0.532926 0.324245 0.016299 0.033177 0.001501
1 0.595488 0.337963 0.026319 0.072424 0.002473
1 0.176318 0.348138 0.130735 0.191183 0.817575
1 0.176682 0.347851 0.131425 0.190617 0.817575
1 0.175720 0.345647 0.129566 0.191392 0.880797
1 0.582479 0.339553 0.018097 0.055543 0.001501
1 0.589783 0.340256 0.032164 0.068239 0.001501
1 0.177083 0.346574 0.129206 0.193161 0.731059
1 0.177083 0.346532 0.129206 0.193081 0.880797
1 0.174978 0.347858 0.131050 0.190536 0.817575
1 0.177060 0.346725 0.129233 0.193120 0.075858
3 0.829375 0.273427 0.045285 0.041838 0.004070
3 0.829103 0.273437 0.045915 0.041917 0.006693
3 0.829956 0.273439 0.046310 0.041914 0.006693
3 0.835384 0.270893 0.052482 0.036902 0.001501
3 0.828236 0.274547 0.044067 0.044013 0.006693
3 0.828290 0.275726 0.044344 0.041750 0.006693
3 0.828586 0.275777 0.044646 0.041804 0.006693
3 0.837142 0.274854 0.053479 0.044309 0.001501
3 0.519919 0.315818 0.019746 0.040372 0.002473
3 0.471348 0.325432 0.018110 0.020948 0.001501
3 0.508676 0.318840 0.011897 0.024092 0.006693
3 0.520198 0.326575 0.015491 0.023187 0.010987
4 0.581814 0.338680 0.016816 0.048353 0.002473
4 0.590801 0.339191 0.031089 0.065220 0.004070
4 0.595488 0.337963 0.026319 0.072424 0.002473
4 0.582479 0.339553 0.018097 0.055543 0.002473
4 0.589783 0.340256 0.032164 0.068239 0.004070
4 0.595580 0.338792 0.030843 0.071285 0.004070
4 0.617793 0.342308 0.030898 0.044162 0.001501
4 0.591189 0.340346 0.026873 0.074726 0.001501
5 0.581814 0.338680 0.016816 0.048353 0.004070
5 0.590801 0.339191 0.031089 0.065220 0.002473
5 0.582479 0.339553 0.018097 0.055543 0.006693
5 0.589783 0.340256 0.032164 0.068239 0.002473
5 0.585901 0.341670 0.024910 0.062054 0.006693
5 0.591189 0.340346 0.026873 0.074726 0.004070
