0 0.953310 0.301217 0.012698 0.047713 0.010987
0 0.952794 0.303081 0.013704 0.050269 0.006693
0 0.954018 0.303509 0.014280 0.050307 0.004070
1 0.807692 0.269122 0.051928 0.033336 0.001501
1 0.809603 0.267252 0.055774 0.034715 0.001501
1 0.842574 0.272043 0.114016 0.040137 0.001501
1 0.808322 0.272108 0.053287 0.034454 0.002473
1 0.809926 0.270973 0.056229 0.036905 0.002473
1 0.811835 0.272233 0.060114 0.039571 0.001501
1 0.271077 0.335721 0.070349 0.114927 0.731059
1 0.570438 0.322123 0.030569 0.047930 0.001501
1 0.607572 0.319417 0.042219 0.051388 0.002473
1 0.612295 0.319976 0.046512 0.052211 0.002473
1 0.618672 0.315810 0.054679 0.062403 0.001501
1 0.270821 0.334362 0.072640 0.113179 0.817575
1 0.270575 0.335485 0.072092 0.115417 0.817575
1 0.270566 0.335569 0.072112 0.115337 0.817575
1 0.430829 0.325415 0.017614 0.016382 0.010987
1 0.444434 0.327434 0.015524 0.017026 0.010987
1 0.460182 0.325411 0.015872 0.021140 0.006693
1 0.467945 0.324187 0.014266 0.018380 0.182426
1 0.478332 0.322811 0.012870 0.016127 0.001501
1 0.509710 0.324172 0.013711 0.023473 0.119203
1 0.512234 0.323972 0.017900 0.023990 0.004070
1 0.560272 0.331851 0.011086 0.039472 0.004070
1 0.568829 0.330270 0.027186 0.050150 0.006693
1 0.571213 0.328905 0.030359 0.051694 0.004070
1 0.606599 0.320853 0.035812 0.052252 0.004070
1 0.611248 0.323200 0.034811 0.051072 0.004070
1 0.626947 0.323957 0.058679 0.047838 0.002473
1 0.270928 0.333508 0.072907 0.119558 0.817575
1 0.270682 0.334553 0.072308 0.117361 0.817575
1 0.271204 0.333620 0.070837 0.119243 0.817575
1 0.270393 0.335408 0.071727 0.111252 0.002473
1 0.429833 0.334540 0.015775 0.026571 0.002473
1 0.561597 0.336946 0.013710 0.044661 0.004070
1 0.567980 0.336999 0.024751 0.051160 0.002473
1 0.571962 0.332112 0.032834 0.057748 0.001501
1 0.271180 0.333647 0.073535 0.119160 0.622459
1 0.271208 0.334598 0.070830 0.117485 0.880797
1 0.270478 0.334723 0.072290 0.117248 0.731059
1 0.270573 0.333883 0.072543 0.119200 0.001501
3 0.508217 0.317562 0.017388 0.036735 0.002473
3 0.467945 0.324187 0.014266 0.018380 0.004070
3 0.509710 0.324172 0.013711 0.023473 0.029312
3 0.512234 0.323972 0.017900 0.023990 0.001501
4 0.567980 0.336999 0.024751 0.051160 0.002473
4 0.571962 0.332112 0.032834 0.057748 0.001501
4 0.569373 0.338678 0.021412 0.059553 0.001501
5 0.561597 0.336946 0.013710 0.044661 0.002473
5 0.567980 0.336999 0.024751 0.051160 0.002473
5 0.569373 0.338678 0.021412 0.059553 0.001501
