0 0.760073 0.243282 0.021473 0.061104 0.001501
0 0.762667 0.247645 0.019226 0.065878 0.001501
0 0.761010 0.251965 0.031340 0.052679 0.001501
0 0.761751 0.251817 0.024117 0.057007 0.002473
0 0.995725 0.289128 0.008579 0.101706 0.002473
0 0.775620 0.277463 0.030936 0.044359 0.002473
0 0.996124 0.294474 0.007775 0.103586 0.006693
0 0.772344 0.290510 0.019249 0.065455 0.006693
0 0.995726 0.297999 0.008586 0.110624 0.004070
0 0.770470 0.298854 0.019338 0.081988 0.002473
0 0.994471 0.301746 0.011121 0.125530 0.004070
0 0.536969 0.332780 0.018209 0.052838 0.001501
0 0.540584 0.330631 0.019934 0.057391 0.002473
1 0.766407 0.263643 0.065842 0.034447 0.002473
1 0.768143 0.264827 0.063093 0.040104 0.002473
1 0.768759 0.264731 0.059984 0.035426 0.004070
1 0.787882 0.268574 0.048962 0.032517 0.001501
1 0.793472 0.270786 0.046593 0.032526 0.002473
1 0.843905 0.260300 0.037284 0.026520 0.006693
1 0.847127 0.260384 0.030678 0.020929 0.017986
1 0.846842 0.259109 0.031788 0.018389 0.017986
1 0.856553 0.259068 0.054287 0.024091 0.004070
1 0.995725 0.289128 0.008579 0.101706 0.002473
1 0.766398 0.272652 0.070178 0.047931 0.002473
1 0.766666 0.273022 0.061211 0.048010 0.002473
1 0.785158 0.276269 0.054151 0.036832 0.006693
1 0.793449 0.276778 0.042959 0.031121 0.006693
1 0.794652 0.276525 0.043770 0.033644 0.010987
1 0.798037 0.279396 0.047020 0.038902 0.004070
1 0.840192 0.273683 0.050561 0.047860 0.001501
1 0.843669 0.274129 0.039545 0.048450 0.004070
1 0.848657 0.274077 0.040692 0.048880 0.002473
1 0.860919 0.279207 0.068621 0.059253 0.002473
1 0.996124 0.294474 0.007775 0.103586 0.001501
1 0.306296 0.334072 0.043428 0.071846 0.119203
1 0.306268 0.333996 0.043357 0.071725 0.377541
1 0.411536 0.318192 0.015219 0.035426 0.010987
1 0.412621 0.317186 0.019448 0.032280 0.006693
1 0.543177 0.324283 0.030914 0.052740 0.006693
1 0.545685 0.324293 0.030821 0.052335 0.017986
1 0.551816 0.320076 0.034301 0.051997 0.010987
1 0.563520 0.317501 0.048711 0.052413 0.006693
1 0.569280 0.314908 0.055935 0.052877 0.006693
1 0.787660 0.289931 0.049837 0.064788 0.002473
1 0.791685 0.288564 0.052706 0.056984 0.004070
1 0.796142 0.287781 0.052179 0.058554 0.002473
1 0.803850 0.286690 0.061470 0.061244 0.001501
1 0.854054 0.281270 0.063308 0.064177 0.001501
1 0.868237 0.282679 0.087223 0.066373 0.001501
1 0.306251 0.336504 0.040603 0.067252 0.731059
1 0.306251 0.335926 0.043325 0.068323 0.731059
1 0.305552 0.335837 0.042033 0.068629 0.731059
1 0.411368 0.318969 0.014843 0.033935 0.010987
1 0.413189 0.318540 0.018127 0.029625 0.006693
1 0.433533 0.325229 0.023307 0.016273 0.006693
1 0.442204 0.325444 0.015991 0.020925 0.047426
1 0.454126 0.322868 0.017198 0.015950 0.006693
1 0.486987 0.324085 0.016129 0.023731 0.017986
1 0.488059 0.324162 0.014399 0.018408 0.075858
1 0.542102 0.327534 0.028556 0.048337 0.004070
1 0.543837 0.326461 0.030396 0.050210 0.029312
1 0.547094 0.322747 0.030315 0.047493 0.017986
1 0.560321 0.320301 0.040894 0.045562 0.006693
1 0.570263 0.321659 0.051292 0.040141 0.002473
1 0.788311 0.297311 0.057115 0.077572 0.001501
1 0.306928 0.336394 0.041974 0.067539 0.731059
1 0.305573 0.337240 0.041948 0.070425 0.731059
1 0.306231 0.335637 0.040651 0.069178 0.622459
1 0.540584 0.330631 0.019934 0.057391 0.004070
1 0.547779 0.327963 0.030725 0.054672 0.010987
1 0.559697 0.326868 0.031631 0.045990 0.001501
1 0.306916 0.337168 0.042040 0.070609 0.622459
1 0.305555 0.336569 0.041998 0.067308 0.622459
1 0.305546 0.336588 0.042013 0.067270 0.622459
3 0.847127 0.260384 0.030678 0.020929 0.001501
3 0.411536 0.318192 0.015219 0.035426 0.004070
3 0.412621 0.317186 0.019448 0.032280 0.004070
3 0.411368 0.318969 0.014843 0.033935 0.004070
3 0.413189 0.318540 0.018127 0.029625 0.002473
3 0.486987 0.324085 0.016129 0.023731 0.006693
3 0.488059 0.324162 0.014399 0.018408 0.004070
4 0.540584 0.330631 0.019934 0.057391 0.001501
4 0.555771 0.339484 0.014667 0.067368 0.001501
5 0.775620 0.277463 0.030936 0.044359 0.001501
5 0.785158 0.276269 0.054151 0.036832 0.001501
5 0.787660 0.289931 0.049837 0.064788 0.001501
5 0.542102 0.327534 0.028556 0.048337 0.004070
5 0.543837 0.326461 0.030396 0.050210 0.002473
5 0.536969 0.332780 0.018209 0.052838 0.029312
5 0.540584 0.330631 0.019934 0.057391 0.029312
5 0.539897 0.333211 0.014692 0.066321 0.001501
5 0.555771 0.339484 0.014667 0.067368 0.002473
