0 0.519550 0.309734 0.008392 0.026656 0.004070
0 0.531253 0.313363 0.006787 0.030236 0.017986
0 0.600896 0.304599 0.023661 0.026332 0.002473
0 0.531251 0.314204 0.006735 0.028702 0.029312
0 0.548651 0.312589 0.016660 0.028462 0.002473
0 0.549551 0.314092 0.018091 0.028974 0.001501
0 0.618629 0.318999 0.035606 0.035361 0.001501
1 0.625674 0.304044 0.051486 0.058155 0.002473
1 0.631682 0.305204 0.039811 0.056140 0.004070
1 0.633152 0.305994 0.036966 0.054772 0.006693
1 0.967021 0.297671 0.062932 0.056371 0.001501
1 0.440960 0.328668 0.085001 0.106056 0.880797
1 0.440989 0.329331 0.085054 0.107368 0.924142
1 0.440982 0.329404 0.085073 0.107484 0.924142
1 0.484475 0.314508 0.019001 0.032686 0.075858
1 0.487717 0.314494 0.016847 0.032599 0.075858
1 0.496658 0.312091 0.024146 0.031745 0.002473
1 0.550457 0.311152 0.018200 0.025796 0.119203
1 0.550635 0.311595 0.018232 0.026686 0.047426
1 0.556247 0.310348 0.033124 0.024651 0.004070
1 0.589280 0.305733 0.025653 0.028472 0.004070
1 0.596098 0.304445 0.029999 0.026370 0.010987
1 0.600896 0.304599 0.023661 0.026332 0.004070
1 0.629182 0.311607 0.045238 0.048709 0.010987
1 0.632666 0.309749 0.037777 0.047227 0.017986
1 0.633713 0.309881 0.038561 0.046945 0.029312
1 0.660832 0.309711 0.053435 0.047093 0.002473
1 0.672352 0.307902 0.030739 0.042411 0.002473
1 0.673413 0.309137 0.032122 0.048817 0.001501
1 0.966095 0.297849 0.063969 0.045317 0.001501
1 0.967184 0.301959 0.062590 0.062916 0.002473
1 0.971773 0.299671 0.059528 0.058439 0.001501
1 0.004267 0.342587 0.008586 0.056929 0.004070
1 0.441749 0.329338 0.083516 0.107356 0.924142
1 0.442299 0.329565 0.084620 0.104201 0.924142
1 0.441532 0.329578 0.086155 0.104240 0.924142
1 0.485513 0.317700 0.017987 0.031400 0.119203
1 0.487610 0.316099 0.016885 0.029404 0.182426
1 0.495704 0.316313 0.029551 0.029284 0.010987
1 0.548651 0.312589 0.016660 0.028462 0.017986
1 0.549551 0.314092 0.018091 0.028974 0.017986
1 0.598764 0.316618 0.031559 0.033385 0.004070
1 0.618629 0.318999 0.035606 0.035361 0.004070
1 0.629323 0.318824 0.041658 0.034254 0.075858
1 0.632676 0.318921 0.037796 0.033962 0.075858
1 0.633157 0.319554 0.037050 0.037228 0.075858
1 0.649234 0.313828 0.050979 0.044776 0.001501
1 0.670770 0.310052 0.032893 0.047399 0.001501
1 0.673201 0.314372 0.033139 0.057026 0.001501
1 0.968688 0.314860 0.062704 0.096186 0.001501
1 0.004259 0.344011 0.008580 0.053177 0.004070
1 0.440986 0.328660 0.085066 0.106018 0.880797
1 0.442295 0.328648 0.084611 0.106000 0.924142
1 0.440995 0.328652 0.085070 0.105972 0.924142
1 0.966545 0.350191 0.066995 0.169268 0.004070
1 0.968213 0.352762 0.063598 0.174553 0.002473
1 0.442291 0.329344 0.084606 0.107263 0.952574
1 0.964983 0.361898 0.070132 0.198757 0.006693
1 0.969223 0.365899 0.058554 0.195010 0.004070
1 0.975896 0.366260 0.048292 0.180017 0.001501
1 0.825088 0.470585 0.341155 0.494878 0.924142
1 0.828210 0.468918 0.347398 0.491654 0.924142
1 0.824233 0.469517 0.348602 0.490302 0.924142
1 0.825037 0.472886 0.341047 0.496606 0.880797
1 0.828917 0.472133 0.348818 0.497641 0.904651
1 0.824172 0.471300 0.351809 0.498848 0.904651
1 0.824149 0.470649 0.351765 0.500550 0.924142
1 0.826417 0.471787 0.341194 0.501843 0.904651
1 0.828937 0.471263 0.348752 0.501975 0.904651
1 0.824947 0.471265 0.350239 0.501669 0.904651
3 0.832688 0.226032 0.193878 0.171181 0.001501
3 0.894710 0.222350 0.204012 0.199476 0.004070
3 0.896610 0.225438 0.206311 0.215206 0.006693
3 0.901948 0.220277 0.194095 0.198442 0.001501
3 0.595845 0.295398 0.032493 0.040362 0.001501
3 0.625674 0.304044 0.051486 0.058155 0.002473
3 0.631682 0.305204 0.039811 0.056140 0.004070
3 0.633152 0.305994 0.036966 0.054772 0.004070
3 0.484475 0.314508 0.019001 0.032686 0.002473
3 0.487717 0.314494 0.016847 0.032599 0.002473
3 0.550457 0.311152 0.018200 0.025796 0.004070
3 0.550635 0.311595 0.018232 0.026686 0.004070
3 0.589280 0.305733 0.025653 0.028472 0.001501
3 0.596098 0.304445 0.029999 0.026370 0.006693
3 0.600896 0.304599 0.023661 0.026332 0.002473
3 0.629182 0.311607 0.045238 0.048709 0.006693
3 0.632666 0.309749 0.037777 0.047227 0.010987
3 0.633713 0.309881 0.038561 0.046945 0.010987
3 0.485513 0.317700 0.017987 0.031400 0.002473
3 0.487610 0.316099 0.016885 0.029404 0.002473
3 0.549551 0.314092 0.018091 0.028974 0.001501
3 0.629323 0.318824 0.041658 0.034254 0.004070
3 0.632676 0.318921 0.037796 0.033962 0.006693
3 0.633157 0.319554 0.037050 0.037228 0.006693
4 0.598764 0.316618 0.031559 0.033385 0.001501
4 0.618629 0.318999 0.035606 0.035361 0.002473
4 0.596993 0.327107 0.029960 0.056782 0.002473
4 0.604921 0.326706 0.018193 0.056537 0.002473
5 0.548651 0.312589 0.016660 0.028462 0.001501
5 0.549551 0.314092 0.018091 0.028974 0.001501
