0 0.401307 0.310467 0.039243 0.037591 0.001501
1 0.435558 0.180532 0.022086 0.056851 0.001501
1 0.450410 0.179264 0.030040 0.047326 0.010987
1 0.450522 0.178060 0.027049 0.045677 0.006693
1 0.449158 0.179859 0.029821 0.046815 0.010987
1 0.450544 0.179622 0.027013 0.047600 0.010987
1 0.449043 0.182744 0.030050 0.051922 0.002473
1 0.451722 0.181849 0.024692 0.053222 0.002473
1 0.265637 0.309536 0.031637 0.068178 0.001501
1 0.248964 0.324000 0.029171 0.057375 0.002473
1 0.258951 0.318440 0.034159 0.071961 0.001501
1 0.269348 0.317730 0.024181 0.060719 0.002473
1 0.397152 0.307006 0.036578 0.030740 0.017986
1 0.399358 0.307408 0.034030 0.031511 0.119203
1 0.400126 0.308979 0.035251 0.029560 0.119203
1 0.402769 0.309551 0.038875 0.030723 0.047426
1 0.458842 0.331930 0.120859 0.062870 0.004070
1 0.532443 0.318114 0.028764 0.060038 0.006693
1 0.535436 0.315760 0.029647 0.063297 0.001501
1 0.587504 0.334633 0.094207 0.127625 0.924142
1 0.588749 0.334638 0.094414 0.127615 0.880797
1 0.236524 0.328494 0.051824 0.039628 0.006693
1 0.241202 0.333255 0.039674 0.041696 0.047426
1 0.248477 0.333328 0.028085 0.041791 0.377541
1 0.247726 0.334581 0.026638 0.044486 0.500000
1 0.397803 0.313601 0.037981 0.038768 0.006693
1 0.400550 0.311562 0.036909 0.034724 0.017986
1 0.401307 0.310467 0.039243 0.037591 0.017986
1 0.403055 0.315826 0.042082 0.042926 0.047426
1 0.456069 0.332048 0.120397 0.062713 0.047426
1 0.457967 0.332303 0.120393 0.062161 0.880797
1 0.458853 0.332229 0.121249 0.063199 0.880797
1 0.459519 0.331928 0.122372 0.062623 0.880797
1 0.459057 0.332522 0.122006 0.062621 0.880797
1 0.462195 0.332454 0.119537 0.062326 0.075858
1 0.510329 0.331401 0.026651 0.044932 0.006693
1 0.531021 0.320209 0.028573 0.057695 0.010987
1 0.532900 0.318080 0.031444 0.061886 0.002473
1 0.588266 0.334636 0.098412 0.127599 0.924142
1 0.588191 0.335745 0.095560 0.129828 0.924142
1 0.587524 0.334616 0.094180 0.127576 0.924142
1 0.645726 0.325854 0.019793 0.017221 0.001501
1 0.234983 0.333069 0.057968 0.042935 0.004070
1 0.242469 0.334590 0.040232 0.039303 0.029312
1 0.248483 0.334605 0.028055 0.044321 0.377541
1 0.249091 0.335742 0.026885 0.046655 0.500000
1 0.403595 0.327002 0.047000 0.065822 0.004070
1 0.441389 0.330414 0.112371 0.066927 0.002473
1 0.456868 0.332014 0.118853 0.062616 0.377541
1 0.458236 0.331902 0.119865 0.062531 0.880797
1 0.459831 0.332193 0.120098 0.063109 0.817575
1 0.458840 0.331952 0.123735 0.064545 0.880797
1 0.459086 0.332389 0.122111 0.063509 0.880797
1 0.461171 0.332605 0.119539 0.063469 0.119203
1 0.510734 0.331858 0.025864 0.045332 0.002473
1 0.531578 0.324300 0.023460 0.050318 0.006693
1 0.534737 0.319033 0.025274 0.065549 0.001501
1 0.587486 0.335768 0.096896 0.129905 0.924142
1 0.588726 0.334613 0.094491 0.127585 0.924142
1 0.588200 0.334618 0.095535 0.127610 0.924142
1 0.588200 0.334617 0.095543 0.122554 0.010987
1 0.811905 0.346434 0.035070 0.010498 0.001501
1 0.812745 0.346501 0.040609 0.010718 0.001501
1 0.248430 0.340043 0.027892 0.055854 0.004070
1 0.250520 0.341105 0.020962 0.052114 0.006693
1 0.588188 0.337024 0.095582 0.127284 0.880797
1 0.588199 0.334627 0.095539 0.122467 0.924142
2 0.399358 0.307408 0.034030 0.031511 0.006693
2 0.400126 0.308979 0.035251 0.029560 0.004070
2 0.400550 0.311562 0.036909 0.034724 0.002473
2 0.401307 0.310467 0.039243 0.037591 0.002473
3 0.252107 0.306777 0.037375 0.072792 0.001501
3 0.265637 0.309536 0.031637 0.068178 0.002473
3 0.267814 0.310398 0.030009 0.066213 0.001501
3 0.248964 0.324000 0.029171 0.057375 0.004070
3 0.258951 0.318440 0.034159 0.071961 0.004070
3 0.269348 0.317730 0.024181 0.060719 0.004070
3 0.272122 0.317281 0.029396 0.073321 0.002473
3 0.248477 0.333328 0.028085 0.041791 0.010987
3 0.247726 0.334581 0.026638 0.044486 0.004070
3 0.270463 0.324823 0.024822 0.057375 0.006693
3 0.271817 0.324279 0.026499 0.064915 0.001501
3 0.248483 0.334605 0.028055 0.044321 0.006693
3 0.249091 0.335742 0.026885 0.046655 0.006693
3 0.271303 0.327654 0.022512 0.058648 0.004070
4 0.397152 0.307006 0.036578 0.030740 0.001501
4 0.399358 0.307408 0.034030 0.031511 0.002473
4 0.400126 0.308979 0.035251 0.029560 0.002473
4 0.397803 0.313601 0.037981 0.038768 0.017986
4 0.400550 0.311562 0.036909 0.034724 0.029312
4 0.401307 0.310467 0.039243 0.037591 0.029312
4 0.321043 0.338852 0.014153 0.035963 0.002473
4 0.393362 0.326626 0.047682 0.062024 0.006693
4 0.400203 0.325681 0.040851 0.063200 0.017986
4 0.403595 0.327002 0.047000 0.065822 0.010987
5 0.400550 0.311562 0.036909 0.034724 0.002473
5 0.401307 0.310467 0.039243 0.037591 0.006693
5 0.400203 0.325681 0.040851 0.063200 0.001501
5 0.403595 0.327002 0.047000 0.065822 0.002473
