0 0.978349 0.277639 0.012711 0.139134 0.001501
0 0.979877 0.293188 0.015918 0.170724 0.004070
0 0.982343 0.292835 0.018216 0.175532 0.002473
0 0.769550 0.325226 0.017492 0.093003 0.010987
0 0.981937 0.290051 0.017363 0.165174 0.001501
0 0.536450 0.322671 0.020031 0.046462 0.001501
0 0.539663 0.323097 0.021053 0.047121 0.002473
0 0.552998 0.326215 0.019852 0.056309 0.001501
0 0.603460 0.322857 0.010218 0.049333 0.002473
0 0.745331 0.333904 0.012730 0.111041 0.004070
0 0.761814 0.331066 0.024116 0.096078 0.002473
0 0.768789 0.326070 0.015749 0.087276 0.182426
0 0.772350 0.323955 0.024886 0.079941 0.004070
0 0.800137 0.343503 0.019570 0.090651 0.182426
0 0.800064 0.344261 0.019278 0.089487 0.182426
0 0.820188 0.341308 0.019329 0.086112 0.268941
0 0.820978 0.341120 0.025760 0.089721 0.006693
0 0.982663 0.289506 0.018633 0.156415 0.001501
0 0.085161 0.348684 0.010823 0.063116 0.006693
0 0.205077 0.343598 0.012040 0.049381 0.006693
0 0.246921 0.342011 0.009334 0.043194 0.029312
0 0.539957 0.329896 0.022637 0.035157 0.001501
0 0.553081 0.333265 0.018935 0.041844 0.017986
0 0.583425 0.335634 0.025088 0.056405 0.010987
0 0.584503 0.335712 0.025231 0.056538 0.006693
0 0.602287 0.327141 0.010991 0.047360 0.004070
0 0.717772 0.349190 0.018262 0.078800 0.006693
0 0.745855 0.338739 0.017184 0.108392 0.002473
0 0.760972 0.334231 0.032555 0.098802 0.001501
0 0.768831 0.327262 0.015835 0.090062 0.182426
0 0.774220 0.333759 0.023893 0.065518 0.004070
0 0.800639 0.343829 0.020550 0.087879 0.377541
0 0.801284 0.345212 0.019430 0.087582 0.500000
0 0.820203 0.342367 0.019296 0.087917 0.377541
0 0.821148 0.343707 0.025480 0.089142 0.017986
0 0.085145 0.349342 0.010792 0.061618 0.010987
0 0.204323 0.351586 0.013510 0.037241 0.029312
0 0.233885 0.347994 0.012471 0.040375 0.004070
0 0.247168 0.343937 0.008734 0.040143 0.119203
0 0.252529 0.342372 0.008636 0.037461 0.006693
0 0.541398 0.333312 0.018224 0.032168 0.001501
0 0.554001 0.333310 0.017160 0.041794 0.029312
0 0.583927 0.336734 0.024099 0.054243 0.017986
0 0.584501 0.335935 0.025230 0.056895 0.010987
0 0.716463 0.350628 0.020606 0.076536 0.004070
0 0.747589 0.343019 0.018103 0.100708 0.001501
0 0.761007 0.336693 0.033196 0.097150 0.002473
0 0.769039 0.327592 0.018929 0.089721 0.182426
0 0.775250 0.335197 0.025265 0.071634 0.004070
0 0.799287 0.343860 0.020584 0.087837 0.500000
0 0.800770 0.344586 0.020492 0.088849 0.500000
0 0.819530 0.342096 0.020761 0.090925 0.377541
0 0.821221 0.344929 0.025778 0.091390 0.029312
0 0.084797 0.351196 0.011701 0.058151 0.004070
0 0.204582 0.351686 0.012903 0.037032 0.075858
0 0.232887 0.349916 0.012828 0.040796 0.004070
0 0.245736 0.344860 0.008561 0.042715 0.010987
0 0.583429 0.337481 0.025085 0.055439 0.002473
0 0.584602 0.337451 0.022866 0.055507 0.002473
0 0.715764 0.350831 0.021999 0.076605 0.001501
0 0.747330 0.347890 0.017364 0.090858 0.001501
0 0.769223 0.327933 0.019401 0.089442 0.119203
0 0.776851 0.336567 0.028267 0.078171 0.006693
0 0.799989 0.344621 0.019279 0.089041 0.500000
0 0.800020 0.344634 0.019224 0.088971 0.500000
0 0.819872 0.344491 0.021339 0.089164 0.377541
0 0.821442 0.345649 0.024869 0.090223 0.029312
0 0.799959 0.344679 0.019337 0.089123 0.377541
0 0.801608 0.344051 0.022036 0.087714 0.377541
0 0.819369 0.344047 0.023116 0.090416 0.182426
0 0.821344 0.345430 0.025421 0.087877 0.006693
1 0.536450 0.322671 0.020031 0.046462 0.002473
1 0.539663 0.323097 0.021053 0.047121 0.004070
1 0.276086 0.331597 0.030731 0.025069 0.010987
1 0.277508 0.329851 0.027069 0.025154 0.010987
1 0.297743 0.327931 0.021259 0.021339 0.002473
1 0.302503 0.327793 0.018408 0.021068 0.006693
1 0.323389 0.331345 0.022427 0.021862 0.047426
1 0.324295 0.331319 0.023901 0.021840 0.047426
1 0.334447 0.329313 0.029072 0.024584 0.001501
1 0.420982 0.322899 0.014119 0.020979 0.002473
1 0.445769 0.326590 0.016579 0.018637 0.182426
1 0.450448 0.325395 0.013555 0.021047 0.004070
1 0.468069 0.324045 0.008109 0.013527 0.010987
1 0.490833 0.321769 0.012567 0.013570 0.047426
1 0.520996 0.326224 0.013964 0.027492 0.268941
1 0.535641 0.328728 0.021518 0.032953 0.182426
1 0.539957 0.329896 0.022637 0.035157 0.119203
1 0.553081 0.333265 0.018935 0.041844 0.006693
1 0.857763 0.344517 0.065598 0.070902 0.002473
1 0.888617 0.362593 0.061136 0.106175 0.001501
1 0.193910 0.350301 0.040965 0.035344 0.002473
1 0.200065 0.352908 0.025532 0.034469 0.010987
1 0.209821 0.350415 0.028686 0.035437 0.002473
1 0.274775 0.335548 0.031620 0.032490 0.001501
1 0.282059 0.336403 0.025121 0.030625 0.002473
1 0.322691 0.333535 0.020796 0.021327 0.004070
1 0.325019 0.332953 0.019354 0.022165 0.002473
1 0.536694 0.330663 0.020373 0.031208 0.119203
1 0.541398 0.333312 0.018224 0.032168 0.029312
1 0.554001 0.333310 0.017160 0.041794 0.002473
1 0.199303 0.354166 0.023850 0.032112 0.010987
1 0.012540 0.370510 0.022445 0.043633 0.002473
2 0.420982 0.322899 0.014119 0.020979 0.001501
2 0.445769 0.326590 0.016579 0.018637 0.006693
2 0.520996 0.326224 0.013964 0.027492 0.006693
3 0.536450 0.322671 0.020031 0.046462 0.002473
3 0.539663 0.323097 0.021053 0.047121 0.002473
3 0.112838 0.347811 0.024371 0.065994 0.001501
3 0.276086 0.331597 0.030731 0.025069 0.002473
3 0.277508 0.329851 0.027069 0.025154 0.004070
3 0.302503 0.327793 0.018408 0.021068 0.002473
3 0.323389 0.331345 0.022427 0.021862 0.002473
3 0.324295 0.331319 0.023901 0.021840 0.002473
3 0.420982 0.322899 0.014119 0.020979 0.002473
3 0.445769 0.326590 0.016579 0.018637 0.004070
3 0.490833 0.321769 0.012567 0.013570 0.002473
3 0.520996 0.326224 0.013964 0.027492 0.047426
3 0.535641 0.328728 0.021518 0.032953 0.010987
3 0.539957 0.329896 0.022637 0.035157 0.004070
3 0.536694 0.330663 0.020373 0.031208 0.002473
4 0.553081 0.333265 0.018935 0.041844 0.002473
4 0.200065 0.352908 0.025532 0.034469 0.001501
4 0.209821 0.350415 0.028686 0.035437 0.001501
4 0.554001 0.333310 0.017160 0.041794 0.004070
4 0.714117 0.349401 0.025497 0.079128 0.002473
4 0.849743 0.347981 0.064665 0.081730 0.001501
4 0.854237 0.354677 0.065958 0.095224 0.001501
4 0.894712 0.371001 0.058951 0.121670 0.004070
4 0.907768 0.376086 0.084744 0.128165 0.622459
4 0.907799 0.376899 0.084775 0.131146 0.731059
4 0.199303 0.354166 0.023850 0.032112 0.002473
4 0.204582 0.351686 0.012903 0.037032 0.002473
4 0.210666 0.351822 0.023211 0.033396 0.004070
4 0.232887 0.349916 0.012828 0.040796 0.004070
4 0.714088 0.353216 0.025309 0.075370 0.010987
4 0.715764 0.350831 0.021999 0.076605 0.001501
4 0.852330 0.359489 0.070572 0.106839 0.001501
4 0.907795 0.374802 0.084805 0.130632 0.817575
4 0.907127 0.374566 0.086119 0.131206 0.817575
4 0.907088 0.372327 0.086098 0.131017 0.622459
4 0.713412 0.352152 0.027455 0.078095 0.006693
4 0.716114 0.351894 0.024353 0.078342 0.002473
4 0.855208 0.363011 0.064040 0.106582 0.001501
4 0.907850 0.373413 0.087644 0.128339 0.731059
4 0.907113 0.376035 0.086126 0.128225 0.817575
4 0.907118 0.373253 0.086164 0.129644 0.731059
4 0.908511 0.374982 0.086243 0.125361 0.731059
4 0.907134 0.375067 0.086175 0.125541 0.731059
4 0.907802 0.374698 0.084795 0.132168 0.268941
5 0.539663 0.323097 0.021053 0.047121 0.004070
5 0.552998 0.326215 0.019852 0.056309 0.006693
5 0.583798 0.331295 0.024153 0.063502 0.010987
5 0.584943 0.331017 0.024422 0.065912 0.010987
5 0.205077 0.343598 0.012040 0.049381 0.002473
5 0.535641 0.328728 0.021518 0.032953 0.010987
5 0.539957 0.329896 0.022637 0.035157 0.029312
5 0.553081 0.333265 0.018935 0.041844 0.500000
5 0.581136 0.336465 0.029656 0.054348 0.047426
5 0.583425 0.335634 0.025088 0.056405 0.817575
5 0.584503 0.335712 0.025231 0.056538 0.731059
5 0.034559 0.355935 0.027977 0.086903 0.002473
5 0.200065 0.352908 0.025532 0.034469 0.047426
5 0.204323 0.351586 0.013510 0.037241 0.075858
5 0.209821 0.350415 0.028686 0.035437 0.017986
5 0.233885 0.347994 0.012471 0.040375 0.002473
5 0.247168 0.343937 0.008734 0.040143 0.002473
5 0.536694 0.330663 0.020373 0.031208 0.017986
5 0.541398 0.333312 0.018224 0.032168 0.029312
5 0.554001 0.333310 0.017160 0.041794 0.500000
5 0.580521 0.336594 0.030722 0.054908 0.075858
5 0.583927 0.336734 0.024099 0.054243 0.817575
5 0.584501 0.335935 0.025230 0.056895 0.817575
5 0.724079 0.351010 0.024677 0.077253 0.002473
5 0.036394 0.364032 0.024826 0.080244 0.001501
5 0.199303 0.354166 0.023850 0.032112 0.047426
5 0.204582 0.351686 0.012903 0.037032 0.047426
5 0.210666 0.351822 0.023211 0.033396 0.017986
5 0.232887 0.349916 0.012828 0.040796 0.004070
5 0.580782 0.337254 0.028740 0.056977 0.002473
5 0.583429 0.337481 0.025085 0.055439 0.075858
5 0.584602 0.337451 0.022866 0.055507 0.119203
5 0.714088 0.353216 0.025309 0.075370 0.001501
5 0.715764 0.350831 0.021999 0.076605 0.002473
5 0.724427 0.351501 0.027931 0.078349 0.002473
5 0.747330 0.347890 0.017364 0.090858 0.002473
5 0.713412 0.352152 0.027455 0.078095 0.002473
5 0.716114 0.351894 0.024353 0.078342 0.002473
