0 0.007137 0.284036 0.014325 0.139490 0.047426
0 0.016824 0.295564 0.023621 0.164010 0.004070
0 0.006292 0.295445 0.012687 0.160075 0.047426
0 0.018603 0.307628 0.016994 0.172874 0.001501
0 0.007002 0.313350 0.014188 0.192757 0.119203
0 0.018502 0.312107 0.020767 0.187463 0.002473
0 0.890375 0.297942 0.021525 0.091659 0.006693
0 0.892463 0.289861 0.021715 0.080026 0.017986
0 0.007008 0.323682 0.014123 0.216348 0.268941
0 0.081663 0.290861 0.013405 0.058598 0.006693
0 0.087522 0.290832 0.025481 0.060020 0.002473
0 0.184039 0.344688 0.024372 0.155231 0.017986
0 0.191264 0.350563 0.028845 0.155393 0.002473
0 0.196080 0.350818 0.023372 0.151868 0.001501
0 0.890501 0.311316 0.023282 0.122976 0.006693
0 0.892314 0.293018 0.022356 0.085913 0.017986
0 0.894114 0.298380 0.028990 0.090720 0.001501
0 0.007016 0.325284 0.014096 0.219724 0.500000
0 0.084537 0.292202 0.016102 0.064349 0.006693
0 0.088336 0.290749 0.024063 0.060703 0.001501
0 0.186065 0.347498 0.028089 0.159345 0.017986
0 0.197739 0.355109 0.023782 0.156809 0.004070
0 0.891642 0.327091 0.027649 0.154120 0.017986
0 0.892285 0.299064 0.026184 0.098172 0.029312
0 0.007026 0.332486 0.014118 0.242770 0.500000
0 0.083875 0.297198 0.018032 0.072176 0.002473
0 0.189763 0.352327 0.032704 0.163729 0.010987
0 0.191287 0.354082 0.032557 0.166833 0.731059
0 0.194869 0.352584 0.029748 0.163392 0.002473
0 0.231978 0.339693 0.012335 0.044194 0.001501
0 0.246507 0.344517 0.010140 0.051245 0.075858
0 0.891112 0.339671 0.033228 0.174058 0.001501
0 0.891442 0.339443 0.029694 0.178700 0.001501
0 0.007824 0.332417 0.012720 0.250603 0.377541
0 0.011420 0.323076 0.019537 0.221385 0.006693
0 0.192028 0.351329 0.031025 0.171929 0.731059
0 0.191316 0.351530 0.032639 0.166911 0.817575
0 0.191125 0.351621 0.032244 0.161952 0.010987
0 0.221673 0.347146 0.015399 0.027662 0.010987
0 0.226994 0.348369 0.011591 0.025848 0.006693
0 0.246502 0.349065 0.010075 0.046818 0.268941
0 0.890422 0.352939 0.035255 0.195716 0.029312
0 0.889601 0.355014 0.035259 0.204469 0.075858
0 0.007065 0.332915 0.014445 0.248879 0.377541
0 0.010860 0.326697 0.018876 0.234762 0.029312
0 0.191347 0.351547 0.032702 0.171979 0.817575
0 0.191063 0.353995 0.032130 0.167049 0.817575
0 0.191352 0.354012 0.032790 0.166968 0.268941
0 0.218765 0.351044 0.012737 0.031248 0.001501
0 0.245743 0.349399 0.008554 0.051240 0.268941
0 0.889304 0.358328 0.036738 0.211195 0.731059
0 0.889868 0.358132 0.035617 0.216326 0.731059
0 0.007127 0.334552 0.014573 0.247862 0.268941
0 0.011096 0.326169 0.022254 0.233747 0.017986
0 0.175967 0.354524 0.017624 0.115117 0.002473
0 0.191345 0.351581 0.032703 0.171936 0.731059
0 0.190568 0.352784 0.034200 0.169388 0.731059
0 0.192500 0.351582 0.032077 0.166785 0.119203
0 0.889328 0.361446 0.036667 0.216437 0.731059
0 0.889456 0.361700 0.034795 0.215951 0.731059
0 0.890190 0.368436 0.039291 0.194114 0.001501
0 0.005873 0.333073 0.014951 0.257070 0.182426
0 0.011836 0.326883 0.020679 0.238207 0.006693
0 0.175638 0.352701 0.018655 0.134035 0.001501
0 0.191722 0.350409 0.033477 0.174248 0.622459
0 0.192134 0.350585 0.031173 0.173901 0.731059
0 0.889669 0.359795 0.035196 0.220927 0.622459
0 0.889466 0.360445 0.034816 0.221105 0.731059
0 0.890772 0.358501 0.037854 0.217311 0.075858
0 0.006475 0.333043 0.013064 0.253249 0.047426
0 0.012736 0.328799 0.021707 0.245804 0.001501
0 0.193184 0.351713 0.030458 0.176796 0.010987
0 0.888696 0.355960 0.035421 0.229455 0.622459
0 0.889606 0.357424 0.035154 0.224679 0.731059
0 0.006400 0.331913 0.012865 0.260087 0.010987
0 0.887085 0.352950 0.030177 0.238684 0.377541
0 0.888273 0.352772 0.032606 0.236615 0.377541
1 0.844285 0.343679 0.130211 0.145755 0.182426
1 0.267121 0.339750 0.026427 0.065144 0.010987
1 0.266433 0.339809 0.027127 0.065125 0.010987
1 0.267516 0.338076 0.028730 0.068615 0.006693
1 0.571094 0.350839 0.195456 0.118382 0.924142
1 0.570291 0.350844 0.194215 0.118386 0.924142
1 0.675771 0.342924 0.051553 0.074160 0.880797
1 0.674982 0.343797 0.050008 0.075905 0.880797
1 0.675013 0.343175 0.046946 0.077320 0.817575
1 0.708298 0.328934 0.011007 0.023548 0.004070
1 0.719465 0.330732 0.017019 0.026882 0.268941
1 0.733487 0.334374 0.015204 0.034318 0.029312
1 0.754715 0.339963 0.037519 0.041710 0.880797
1 0.754037 0.339707 0.036152 0.044813 0.817575
1 0.754707 0.340613 0.037533 0.043013 0.880797
1 0.845410 0.341180 0.131130 0.145821 0.880797
1 0.845349 0.341193 0.131085 0.145852 0.924142
1 0.845285 0.341318 0.130901 0.141017 0.817575
1 0.127201 0.369238 0.023896 0.066897 0.001501
1 0.127535 0.368924 0.019996 0.066268 0.004070
1 0.221673 0.347146 0.015399 0.027662 0.377541
1 0.226994 0.348369 0.011591 0.025848 0.001501
1 0.266782 0.342179 0.028291 0.065670 0.004070
1 0.267245 0.341150 0.026418 0.067812 0.010987
1 0.268347 0.340138 0.028072 0.070188 0.004070
1 0.572350 0.351720 0.194800 0.120113 0.880797
1 0.569928 0.350841 0.195846 0.118366 0.880797
1 0.570431 0.351734 0.194403 0.120160 0.880797
1 0.675028 0.343763 0.050112 0.075944 0.817575
1 0.675773 0.343771 0.048512 0.075944 0.880797
1 0.674982 0.344668 0.050027 0.074066 0.817575
1 0.675012 0.344674 0.050004 0.074070 0.817575
1 0.720232 0.332351 0.015486 0.025998 0.268941
1 0.734390 0.333500 0.013625 0.031771 0.029312
1 0.755474 0.340611 0.035997 0.043021 0.880797
1 0.754036 0.340613 0.036152 0.043007 0.817575
1 0.754029 0.341258 0.036171 0.041725 0.880797
1 0.844712 0.341159 0.129743 0.145805 0.880797
1 0.844661 0.341153 0.129715 0.145795 0.924142
1 0.844654 0.341156 0.129638 0.145801 0.817575
1 0.124943 0.388526 0.025325 0.105536 0.004070
1 0.128011 0.383985 0.022118 0.101638 0.006693
1 0.266069 0.342198 0.026751 0.065926 0.006693
1 0.267131 0.345446 0.025555 0.064309 0.010987
1 0.270822 0.345065 0.026233 0.060732 0.001501
1 0.571575 0.350840 0.196337 0.118371 0.924142
1 0.569774 0.351729 0.195700 0.120168 0.924142
1 0.570656 0.350457 0.194750 0.122726 0.924142
1 0.675004 0.344420 0.050032 0.077238 0.817575
1 0.674228 0.343735 0.051580 0.075977 0.880797
1 0.674249 0.343713 0.048502 0.075977 0.817575
1 0.844662 0.341333 0.129645 0.140999 0.880797
1 0.844114 0.341337 0.128547 0.141008 0.924142
1 0.845404 0.341321 0.130855 0.141005 0.817575
1 0.123789 0.388812 0.027558 0.111845 0.004070
1 0.127329 0.383874 0.017368 0.101739 0.010987
1 0.571866 0.350488 0.193869 0.122753 0.924142
1 0.569851 0.351767 0.195999 0.120201 0.924142
1 0.843854 0.342424 0.127742 0.143410 0.500000
1 0.005873 0.333073 0.014951 0.257070 0.002473
1 0.128745 0.383991 0.017575 0.101651 0.006693
1 0.006475 0.333043 0.013064 0.253249 0.002473
1 0.012736 0.328799 0.021707 0.245804 0.001501
1 0.129506 0.386364 0.016137 0.097459 0.004070
2 0.267121 0.339750 0.026427 0.065144 0.010987
2 0.266433 0.339809 0.027127 0.065125 0.006693
2 0.221673 0.347146 0.015399 0.027662 0.004070
2 0.266782 0.342179 0.028291 0.065670 0.006693
2 0.267245 0.341150 0.026418 0.067812 0.004070
2 0.005873 0.333073 0.014951 0.257070 0.002473
3 0.358614 0.320726 0.154717 0.178072 0.880797
3 0.267021 0.334887 0.028443 0.073995 0.010987
3 0.266762 0.335000 0.027560 0.074178 0.010987
3 0.267764 0.337422 0.029074 0.080275 0.002473
3 0.358689 0.322862 0.154434 0.182332 0.924142
3 0.357930 0.321580 0.153353 0.184894 0.880797
3 0.357906 0.320442 0.153333 0.182609 0.880797
3 0.267121 0.339750 0.026427 0.065144 0.119203
3 0.266433 0.339809 0.027127 0.065125 0.182426
3 0.267516 0.338076 0.028730 0.068615 0.047426
3 0.358704 0.322941 0.154455 0.182397 0.924142
3 0.357930 0.322945 0.153358 0.182348 0.880797
3 0.358590 0.322933 0.154693 0.182348 0.924142
3 0.454175 0.334241 0.042632 0.060780 0.004070
3 0.455590 0.336108 0.042781 0.055798 0.001501
3 0.719465 0.330732 0.017019 0.026882 0.017986
3 0.221673 0.347146 0.015399 0.027662 0.017986
3 0.266782 0.342179 0.028291 0.065670 0.119203
3 0.267245 0.341150 0.026418 0.067812 0.182426
3 0.268347 0.340138 0.028072 0.070188 0.010987
3 0.358205 0.325462 0.152744 0.187432 0.880797
3 0.357822 0.324074 0.153594 0.180011 0.880797
3 0.358596 0.324267 0.154716 0.179660 0.817575
3 0.454305 0.336190 0.040672 0.056077 0.004070
3 0.720232 0.332351 0.015486 0.025998 0.010987
3 0.266069 0.342198 0.026751 0.065926 0.017986
3 0.267131 0.345446 0.025555 0.064309 0.047426
3 0.358430 0.325375 0.155090 0.177508 0.001501
3 0.005873 0.333073 0.014951 0.257070 0.002473
3 0.006475 0.333043 0.013064 0.253249 0.001501
4 0.124943 0.388526 0.025325 0.105536 0.001501
4 0.128011 0.383985 0.022118 0.101638 0.004070
4 0.127329 0.383874 0.017368 0.101739 0.004070
4 0.890190 0.368436 0.039291 0.194114 0.002473
4 0.120941 0.390796 0.029791 0.115062 0.001501
4 0.128745 0.383991 0.017575 0.101651 0.004070
4 0.129506 0.386364 0.016137 0.097459 0.004070
5 0.455590 0.336108 0.042781 0.055798 0.001501
5 0.221673 0.347146 0.015399 0.027662 0.004070
5 0.456485 0.336900 0.037768 0.055564 0.004070
5 0.128011 0.383985 0.022118 0.101638 0.004070
5 0.267131 0.345446 0.025555 0.064309 0.001501
5 0.457058 0.339921 0.036625 0.052597 0.001501
5 0.123789 0.388812 0.027558 0.111845 0.004070
5 0.127329 0.383874 0.017368 0.101739 0.006693
5 0.120941 0.390796 0.029791 0.115062 0.004070
5 0.128745 0.383991 0.017575 0.101651 0.006693
5 0.890772 0.358501 0.037854 0.217311 0.001501
5 0.129506 0.386364 0.016137 0.097459 0.004070
