0 0.664609 0.337273 0.032951 0.092503 0.001501
0 0.667060 0.349310 0.037859 0.115700 0.001501
0 0.678841 0.352346 0.061207 0.127240 0.002473
0 0.667865 0.350610 0.036616 0.117196 0.001501
0 0.105391 0.433035 0.210916 0.539272 0.001501
0 0.104836 0.439258 0.209627 0.532258 0.001501
0 0.105288 0.438305 0.210553 0.545288 0.001927
0 0.105361 0.437857 0.210881 0.546243 0.001927
0 0.104857 0.439544 0.209751 0.543124 0.001170
0 0.105387 0.437187 0.210915 0.548059 0.001170
1 0.826414 0.316188 0.139973 0.159679 0.500000
1 0.917020 0.298686 0.062665 0.116452 0.500000
1 0.921474 0.288763 0.057413 0.096707 0.004070
1 0.960976 0.283073 0.075299 0.115081 0.004070
1 0.817085 0.320324 0.130912 0.156226 0.006693
1 0.823185 0.318912 0.137949 0.159081 0.731059
1 0.825229 0.317289 0.143157 0.162417 0.731059
1 0.825455 0.315918 0.145588 0.165307 0.622459
1 0.916150 0.298685 0.061887 0.116351 0.622459
1 0.916358 0.298658 0.061512 0.116295 0.622459
1 0.916377 0.299592 0.061404 0.118952 0.622459
1 0.953429 0.290838 0.093401 0.128765 0.004070
1 0.961322 0.289768 0.077678 0.130054 0.010987
1 0.962056 0.287457 0.076110 0.125695 0.001501
1 0.496668 0.314501 0.012626 0.028070 0.047426
1 0.518732 0.315923 0.016143 0.029801 0.001501
1 0.544508 0.322881 0.035982 0.049228 0.731059
1 0.545217 0.322889 0.034639 0.049249 0.817575
1 0.544530 0.323534 0.036044 0.047935 0.817575
1 0.796158 0.318644 0.095716 0.154879 0.119203
1 0.821841 0.317663 0.140229 0.156529 0.500000
1 0.825154 0.317216 0.142894 0.162545 0.817575
1 0.825439 0.314740 0.143615 0.167618 0.731059
1 0.916824 0.299744 0.063238 0.118804 0.622459
1 0.917014 0.298578 0.062901 0.116482 0.622459
1 0.916404 0.298603 0.061369 0.116613 0.731059
1 0.957232 0.289449 0.085522 0.122227 0.006693
1 0.962762 0.287043 0.074745 0.123502 0.002473
1 0.963723 0.289199 0.072858 0.124561 0.002473
1 0.364044 0.331998 0.018819 0.049496 0.002473
1 0.366995 0.333159 0.019357 0.047323 0.002473
1 0.496642 0.315458 0.012565 0.026147 0.268941
1 0.517990 0.319164 0.014078 0.023262 0.500000
1 0.545209 0.322912 0.034681 0.049311 0.731059
1 0.545203 0.322937 0.034622 0.049236 0.817575
1 0.545198 0.323552 0.034669 0.048029 0.731059
1 0.794718 0.318834 0.096082 0.154245 0.182426
1 0.817076 0.319259 0.134114 0.158242 0.500000
1 0.824830 0.317756 0.143079 0.161377 0.817575
1 0.826797 0.313485 0.143392 0.169994 0.622459
1 0.916853 0.298214 0.063143 0.117204 0.622459
1 0.916920 0.299618 0.063126 0.118847 0.731059
1 0.917578 0.298958 0.061751 0.115706 0.622459
1 0.958205 0.289622 0.080313 0.120671 0.006693
1 0.961602 0.289490 0.074062 0.123111 0.002473
1 0.964420 0.287946 0.068285 0.129096 0.004070
1 0.370224 0.333314 0.015845 0.046977 0.002473
1 0.545194 0.323874 0.034619 0.050989 0.731059
1 0.545191 0.323917 0.034587 0.050886 0.817575
1 0.544539 0.322961 0.036042 0.049195 0.817575
1 0.795144 0.319194 0.094822 0.153484 0.182426
1 0.799711 0.319445 0.100245 0.153202 0.017986
1 0.922168 0.303067 0.053078 0.112182 0.001501
1 0.104688 0.329364 0.203637 0.235388 0.006693
1 0.581945 0.340849 0.042277 0.104902 0.001501
1 0.093430 0.325902 0.193204 0.309067 0.001501
1 0.103108 0.321784 0.205031 0.295859 0.003173
1 0.103909 0.316505 0.209056 0.283576 0.005220
1 0.105924 0.315560 0.209909 0.273269 0.002473
1 0.097697 0.345240 0.197776 0.347862 0.001501
1 0.105391 0.433035 0.210916 0.539272 0.008577
1 0.104368 0.437214 0.211901 0.536044 0.006693
1 0.104836 0.439258 0.209627 0.532258 0.029312
1 0.105288 0.438305 0.210553 0.545288 0.037327
1 0.105361 0.437857 0.210881 0.546243 0.008577
1 0.104857 0.439544 0.209751 0.543124 0.004070
1 0.105121 0.439936 0.210193 0.542248 0.004070
1 0.105387 0.437187 0.210915 0.548059 0.029312
1 0.104881 0.438551 0.209816 0.545062 0.006693
1 0.104868 0.437189 0.209652 0.548048 0.006693
3 0.736250 0.261723 0.158722 0.160386 0.001501
3 0.757954 0.253745 0.116866 0.134196 0.002473
3 0.847749 0.224530 0.080057 0.047911 0.004070
3 0.849846 0.231068 0.085326 0.062273 0.001501
3 0.739203 0.261605 0.158279 0.158853 0.010987
3 0.737562 0.268803 0.159371 0.176539 0.017986
3 0.415148 0.305425 0.072449 0.105954 0.001501
3 0.736525 0.278878 0.161012 0.176026 0.002473
3 0.737015 0.290685 0.164460 0.210402 0.029312
3 0.741987 0.287985 0.156485 0.207861 0.001501
3 0.917020 0.298686 0.062665 0.116452 0.002473
3 0.413955 0.311274 0.072114 0.109042 0.817575
3 0.413960 0.310988 0.072116 0.108424 0.880797
3 0.413995 0.310963 0.072085 0.108477 0.924142
3 0.740085 0.291799 0.158598 0.210378 0.002473
3 0.413966 0.310768 0.072101 0.107631 0.817575
3 0.414738 0.310046 0.073621 0.109831 0.817575
3 0.413969 0.309854 0.072076 0.109461 0.880797
3 0.496668 0.314501 0.012626 0.028070 0.017986
3 0.825439 0.314740 0.143615 0.167618 0.001501
3 0.413971 0.310992 0.072112 0.107661 0.817575
3 0.413968 0.310684 0.072096 0.107803 0.817575
3 0.414510 0.310742 0.071026 0.107218 0.817575
3 0.496642 0.315458 0.012565 0.026147 0.017986
3 0.517990 0.319164 0.014078 0.023262 0.002473
3 0.826797 0.313485 0.143392 0.169994 0.001501
3 0.413976 0.311100 0.072014 0.107007 0.002473
3 0.414535 0.311564 0.070992 0.106076 0.817575
3 0.736170 0.284236 0.163331 0.235049 0.003173
3 0.737661 0.289936 0.163152 0.232341 0.001170
3 0.105288 0.438305 0.210553 0.545288 0.003173
3 0.105361 0.437857 0.210881 0.546243 0.001170
3 0.105387 0.437187 0.210915 0.548059 0.003173
3 0.104881 0.438551 0.209816 0.545062 0.001501
3 0.104868 0.437189 0.209652 0.548048 0.001501
4 0.366995 0.333159 0.019357 0.047323 0.004070
4 0.363723 0.332054 0.019893 0.049764 0.004070
4 0.370224 0.333314 0.015845 0.046977 0.029312
4 0.642527 0.348848 0.043525 0.077609 0.001501
4 0.695665 0.353985 0.094171 0.130899 0.006693
4 0.697024 0.355076 0.094251 0.133202 0.004070
4 0.698128 0.354693 0.090689 0.134480 0.029312
4 0.743875 0.358301 0.028923 0.110493 0.002473
4 0.642939 0.350892 0.048054 0.083665 0.001501
4 0.697281 0.351888 0.097676 0.130586 0.002473
4 0.697184 0.352892 0.094596 0.129250 0.001501
4 0.699594 0.353561 0.090385 0.133489 0.017986
4 0.740837 0.359188 0.038718 0.122256 0.001501
4 0.667904 0.354471 0.039805 0.119731 0.001501
4 0.698135 0.352850 0.096176 0.128109 0.001501
4 0.700629 0.353713 0.093035 0.131899 0.010987
4 0.702160 0.355018 0.092027 0.129437 0.004070
5 0.366995 0.333159 0.019357 0.047323 0.001501
5 0.581913 0.340864 0.042265 0.104702 0.817575
5 0.581934 0.340943 0.042176 0.104608 0.731059
5 0.581889 0.341168 0.042072 0.109310 0.731059
5 0.695773 0.356340 0.094802 0.135571 0.017986
5 0.370224 0.333314 0.015845 0.046977 0.004070
5 0.581886 0.340719 0.042197 0.105126 0.731059
5 0.581262 0.340950 0.040693 0.104650 0.731059
5 0.581908 0.339891 0.042034 0.106791 0.817575
5 0.693874 0.354089 0.088442 0.130686 0.001501
5 0.695665 0.353985 0.094171 0.130899 0.622459
5 0.697024 0.355076 0.094251 0.133202 0.622459
5 0.698128 0.354693 0.090689 0.134480 0.268941
5 0.104688 0.329364 0.203637 0.235388 0.001501
5 0.581211 0.341024 0.040792 0.104526 0.817575
5 0.582708 0.341141 0.040520 0.104299 0.817575
5 0.581935 0.339979 0.042086 0.106619 0.731059
5 0.695043 0.352905 0.090715 0.128359 0.004070
5 0.697281 0.351888 0.097676 0.130586 0.622459
5 0.697184 0.352892 0.094596 0.129250 0.622459
5 0.699594 0.353561 0.090385 0.133489 0.377541
5 0.581945 0.340849 0.042277 0.104902 0.817575
5 0.698135 0.352850 0.096176 0.128109 0.622459
5 0.699207 0.354184 0.097554 0.130845 0.500000
5 0.700629 0.353713 0.093035 0.131899 0.268941
5 0.702160 0.355018 0.092027 0.129437 0.377541
5 0.097697 0.345240 0.197776 0.347862 0.001501
5 0.104011 0.338844 0.208338 0.344498 0.001170
5 0.104957 0.434310 0.209960 0.542063 0.006693
5 0.105391 0.433035 0.210916 0.539272 0.622459
5 0.104368 0.437214 0.211901 0.536044 0.622459
5 0.104836 0.439258 0.209627 0.532258 0.679179
5 0.105288 0.438305 0.210553 0.545288 0.500000
5 0.105361 0.437857 0.210881 0.546243 0.679179
5 0.104857 0.439544 0.209751 0.543124 0.679179
5 0.105121 0.439936 0.210193 0.542248 0.679179
5 0.105387 0.437187 0.210915 0.548059 0.437824
5 0.104881 0.438551 0.209816 0.545062 0.622459
5 0.104868 0.437189 0.209652 0.548048 0.679179
