0 0.005505 0.309670 0.011040 0.210532 0.001501
0 0.578971 0.284861 0.014518 0.028348 0.002473
0 0.004067 0.321863 0.011239 0.246877 0.006693
0 0.531451 0.319882 0.018763 0.043984 0.001501
0 0.556382 0.321686 0.015998 0.044205 0.017986
0 0.005591 0.321986 0.011231 0.252321 0.006693
0 0.528931 0.323945 0.018832 0.037040 0.001501
0 0.556522 0.323856 0.019714 0.044840 0.006693
0 0.005741 0.330123 0.011543 0.273957 0.006693
0 0.526736 0.325815 0.012151 0.037989 0.004070
0 0.556650 0.325741 0.019603 0.047439 0.017986
0 0.006562 0.344343 0.013231 0.309996 0.006693
0 0.011134 0.339002 0.022501 0.279918 0.001501
0 0.006444 0.337028 0.012951 0.300994 0.006693
0 0.292653 0.352260 0.027328 0.142782 0.001501
0 0.006319 0.339168 0.012701 0.287454 0.006693
0 0.290521 0.352832 0.029681 0.138764 0.004070
0 0.293160 0.354181 0.026219 0.139220 0.001501
0 0.294185 0.352207 0.027209 0.143912 0.001501
0 0.991637 0.368956 0.014295 0.224525 0.001501
0 0.006322 0.343620 0.012683 0.288768 0.010987
0 0.991662 0.357084 0.014252 0.251933 0.002473
0 0.004852 0.351811 0.009769 0.289833 0.004070
0 0.004853 0.358136 0.009762 0.295043 0.001501
1 0.005494 0.298266 0.011018 0.192724 0.002473
1 0.005505 0.309670 0.011040 0.210532 0.004070
1 0.004067 0.321863 0.011239 0.246877 0.004070
1 0.383006 0.334452 0.124201 0.117635 0.924142
1 0.382967 0.334458 0.124114 0.117633 0.880797
1 0.453461 0.311369 0.026179 0.049053 0.182426
1 0.453443 0.311367 0.026092 0.049059 0.268941
1 0.487461 0.313152 0.013621 0.027133 0.119203
1 0.487971 0.312493 0.013456 0.028455 0.268941
1 0.520037 0.316885 0.018926 0.032982 0.001501
1 0.541044 0.318226 0.035754 0.044603 0.002473
1 0.556382 0.321686 0.015998 0.044205 0.004070
1 0.822254 0.351616 0.036744 0.130086 0.622459
1 0.839032 0.343442 0.072587 0.114681 0.001501
1 0.005591 0.321986 0.011231 0.252321 0.002473
1 0.383071 0.334457 0.124176 0.117610 0.924142
1 0.382661 0.334454 0.125001 0.117607 0.924142
1 0.382746 0.334457 0.123873 0.117609 0.880797
1 0.452777 0.312472 0.027538 0.046862 0.075858
1 0.453446 0.312489 0.026087 0.046808 0.182426
1 0.487479 0.313481 0.013652 0.030091 0.182426
1 0.487971 0.313439 0.013456 0.030184 0.377541
1 0.504749 0.316884 0.009874 0.023410 0.006693
1 0.517131 0.320446 0.019076 0.025824 0.182426
1 0.528931 0.323945 0.018832 0.037040 0.017986
1 0.540293 0.322926 0.037705 0.034997 0.075858
1 0.556522 0.323856 0.019714 0.044840 0.029312
1 0.559807 0.323068 0.028272 0.042156 0.029312
1 0.822739 0.353132 0.037779 0.133116 0.622459
1 0.822237 0.351783 0.036579 0.130135 0.817575
1 0.821657 0.351695 0.037548 0.129864 0.731059
1 0.839647 0.345479 0.075405 0.118443 0.001501
1 0.382378 0.333331 0.124371 0.119899 0.880797
1 0.382677 0.333330 0.125035 0.115372 0.924142
1 0.382344 0.333326 0.124654 0.115369 0.880797
1 0.556650 0.325741 0.019603 0.047439 0.001501
1 0.561552 0.327621 0.029376 0.049583 0.001501
1 0.822227 0.355021 0.036599 0.136854 0.731059
1 0.822256 0.352773 0.036551 0.135731 0.817575
1 0.821658 0.352252 0.037545 0.134579 0.817575
1 0.382593 0.334483 0.124862 0.117605 0.924142
1 0.382779 0.335383 0.123748 0.115827 0.924142
1 0.822258 0.353829 0.036674 0.138004 0.731059
1 0.821714 0.354425 0.037625 0.135417 0.731059
1 0.821550 0.355510 0.035147 0.137580 0.731059
1 0.821136 0.355901 0.036513 0.142154 0.268941
2 0.453461 0.311369 0.026179 0.049053 0.075858
2 0.453443 0.311367 0.026092 0.049059 0.182426
2 0.487461 0.313152 0.013621 0.027133 0.002473
2 0.452777 0.312472 0.027538 0.046862 0.119203
2 0.453446 0.312489 0.026087 0.046808 0.182426
3 0.005505 0.309670 0.011040 0.210532 0.002473
3 0.004067 0.321863 0.011239 0.246877 0.002473
3 0.453461 0.311369 0.026179 0.049053 0.182426
3 0.453443 0.311367 0.026092 0.049059 0.182426
3 0.487461 0.313152 0.013621 0.027133 0.075858
3 0.487971 0.312493 0.013456 0.028455 0.182426
3 0.822254 0.351616 0.036744 0.130086 0.047426
3 0.452777 0.312472 0.027538 0.046862 0.268941
3 0.453446 0.312489 0.026087 0.046808 0.377541
3 0.487479 0.313481 0.013652 0.030091 0.047426
3 0.487971 0.313439 0.013456 0.030184 0.119203
3 0.540293 0.322926 0.037705 0.034997 0.001501
3 0.556522 0.323856 0.019714 0.044840 0.001501
3 0.822739 0.353132 0.037779 0.133116 0.006693
3 0.822237 0.351783 0.036579 0.130135 0.010987
3 0.821657 0.351695 0.037548 0.129864 0.017986
3 0.822227 0.355021 0.036599 0.136854 0.017986
3 0.822256 0.352773 0.036551 0.135731 0.017986
3 0.821658 0.352252 0.037545 0.134579 0.029312
3 0.822258 0.353829 0.036674 0.138004 0.006693
3 0.821714 0.354425 0.037625 0.135417 0.004070
3 0.821550 0.355510 0.035147 0.137580 0.004070
3 0.821136 0.355901 0.036513 0.142154 0.004070
3 0.684268 0.319647 0.247578 0.300793 0.904651
3 0.683864 0.320907 0.246387 0.298224 0.904651
3 0.684313 0.319632 0.247491 0.300787 0.904651
3 0.685423 0.320956 0.247171 0.298369 0.904651
3 0.683961 0.317471 0.246115 0.301437 0.904651
3 0.684242 0.317444 0.247602 0.301407 0.924142
3 0.684974 0.318741 0.247845 0.298818 0.904651
3 0.684835 0.317495 0.246532 0.301447 0.880797
3 0.684603 0.319842 0.246947 0.300494 0.904651
3 0.684477 0.319817 0.247245 0.300550 0.904651
4 0.549646 0.327475 0.023516 0.044483 0.004070
4 0.556650 0.325741 0.019603 0.047439 0.004070
4 0.288462 0.352965 0.035621 0.138914 0.001501
4 0.290521 0.352832 0.029681 0.138764 0.001501
5 0.531451 0.319882 0.018763 0.043984 0.001501
5 0.541044 0.318226 0.035754 0.044603 0.001501
5 0.556382 0.321686 0.015998 0.044205 0.001501
5 0.290374 0.352922 0.027015 0.139104 0.001501
5 0.517131 0.320446 0.019076 0.025824 0.002473
5 0.528931 0.323945 0.018832 0.037040 0.029312
5 0.540293 0.322926 0.037705 0.034997 0.006693
5 0.556522 0.323856 0.019714 0.044840 0.010987
5 0.559807 0.323068 0.028272 0.042156 0.001501
5 0.271686 0.343210 0.067511 0.160473 0.001501
5 0.281581 0.349746 0.048289 0.148597 0.010987
5 0.291983 0.351125 0.027580 0.141857 0.029312
5 0.522710 0.324178 0.017449 0.041602 0.002473
5 0.526736 0.325815 0.012151 0.037989 0.004070
5 0.549646 0.327475 0.023516 0.044483 0.006693
5 0.556650 0.325741 0.019603 0.047439 0.017986
5 0.273966 0.346598 0.064721 0.154142 0.004070
5 0.283158 0.350768 0.046275 0.146914 0.010987
5 0.291550 0.351336 0.028448 0.143270 0.029312
5 0.274422 0.349538 0.061021 0.147254 0.004070
5 0.288462 0.352965 0.035621 0.138914 0.017986
5 0.292653 0.352260 0.027328 0.142782 0.029312
5 0.294104 0.348875 0.029116 0.150152 0.002473
5 0.290521 0.352832 0.029681 0.138764 0.006693
5 0.293160 0.354181 0.026219 0.139220 0.006693
5 0.294185 0.352207 0.027209 0.143912 0.001501
