0 0.194321 0.283134 0.038583 0.053149 0.004070
0 0.513373 0.311053 0.017846 0.123278 0.010987
0 0.193787 0.286362 0.040598 0.062196 0.006693
0 0.194416 0.288022 0.042434 0.059200 0.001501
0 0.571076 0.296552 0.018253 0.057335 0.006693
0 0.588753 0.293384 0.019695 0.055036 0.119203
0 0.588782 0.294047 0.019451 0.056243 0.182426
0 0.602135 0.298876 0.021010 0.066514 0.002473
0 0.391784 0.313538 0.008632 0.034741 0.001501
0 0.566892 0.324689 0.026604 0.105629 0.010987
0 0.589853 0.300312 0.025218 0.069140 0.119203
0 0.589728 0.295383 0.024349 0.062571 0.182426
0 0.391779 0.316920 0.008653 0.033438 0.004070
0 0.599527 0.349973 0.032053 0.093099 0.001501
0 0.509808 0.324880 0.067810 0.102982 0.002473
0 0.509032 0.326679 0.047428 0.106639 0.006693
0 0.514108 0.329737 0.026478 0.123771 0.268941
0 0.514921 0.335862 0.020253 0.125056 0.500000
0 0.513278 0.330685 0.023514 0.138279 0.500000
0 0.514813 0.331540 0.023474 0.139976 0.622459
0 0.516207 0.328898 0.055993 0.133423 0.001501
0 0.512424 0.328335 0.022047 0.164913 0.006693
0 0.513364 0.332108 0.023687 0.158759 0.010987
0 0.149433 0.359248 0.170699 0.337462 0.001501
0 0.149720 0.359693 0.172312 0.340459 0.001501
0 0.149353 0.361044 0.173659 0.345713 0.002473
0 0.149004 0.359114 0.173915 0.341836 0.001501
1 0.984107 0.269213 0.031917 0.136815 0.010987
1 0.987873 0.265618 0.024311 0.140108 0.010987
1 0.983033 0.279051 0.034223 0.141635 0.004070
1 0.984304 0.280238 0.031506 0.140375 0.010987
1 0.985653 0.278750 0.028753 0.146595 0.010987
1 0.191810 0.283767 0.039619 0.054683 0.006693
1 0.194321 0.283134 0.038583 0.053149 0.006693
1 0.193725 0.284637 0.040520 0.056230 0.004070
1 0.983078 0.285642 0.034112 0.150875 0.004070
1 0.984792 0.290284 0.033553 0.166393 0.006693
1 0.984344 0.289951 0.031414 0.175456 0.010987
1 0.196221 0.290045 0.045618 0.067082 0.017986
1 0.193787 0.286362 0.040598 0.062196 0.010987
1 0.194416 0.288022 0.042434 0.059200 0.010987
1 0.200533 0.286313 0.050131 0.058497 0.001501
1 0.507901 0.316828 0.066870 0.078897 0.006693
1 0.511911 0.325267 0.073645 0.099405 0.075858
1 0.511982 0.325298 0.077260 0.099496 0.006693
1 0.982467 0.299847 0.035208 0.178103 0.002473
1 0.984650 0.302614 0.033836 0.191967 0.010987
1 0.984591 0.299896 0.030923 0.199388 0.010987
1 0.198179 0.295037 0.049540 0.078056 0.029312
1 0.196045 0.291991 0.045062 0.068952 0.010987
1 0.196448 0.290144 0.043458 0.065253 0.010987
1 0.198625 0.289657 0.050130 0.060087 0.010987
1 0.414709 0.317194 0.023800 0.032466 0.047426
1 0.415550 0.317208 0.022117 0.032275 0.047426
1 0.440961 0.314907 0.023992 0.046518 0.075858
1 0.440953 0.314902 0.023933 0.046505 0.047426
1 0.471678 0.318229 0.018419 0.039903 0.817575
1 0.472252 0.316231 0.019965 0.039764 0.075858
1 0.511599 0.324903 0.073824 0.098349 0.047426
1 0.511727 0.325497 0.073541 0.104211 0.622459
1 0.511772 0.326632 0.073564 0.101909 0.731059
1 0.511736 0.325358 0.073525 0.099372 0.731059
1 0.512050 0.326644 0.074237 0.101935 0.268941
1 0.544042 0.325315 0.053647 0.085975 0.001501
1 0.984347 0.308551 0.031428 0.205658 0.006693
1 0.983855 0.309040 0.029312 0.221013 0.010987
1 0.199336 0.304332 0.052075 0.083559 0.002473
1 0.198538 0.298924 0.047293 0.084201 0.004070
1 0.198557 0.301465 0.047643 0.087154 0.004070
1 0.200976 0.301730 0.054695 0.081452 0.002473
1 0.414506 0.320105 0.021088 0.031586 0.731059
1 0.415670 0.320148 0.021746 0.031494 0.817575
1 0.441343 0.314883 0.023173 0.046542 0.075858
1 0.440962 0.316151 0.023918 0.044016 0.075858
1 0.456258 0.318313 0.006796 0.030110 0.004070
1 0.470538 0.318207 0.019178 0.043508 0.817575
1 0.473595 0.319117 0.016507 0.042074 0.119203
1 0.510501 0.324052 0.071187 0.096631 0.268941
1 0.511894 0.324108 0.073849 0.096824 0.622459
1 0.511939 0.325423 0.070816 0.099435 0.268941
1 0.511715 0.324049 0.073574 0.096749 0.731059
1 0.512631 0.324152 0.075380 0.096677 0.622459
1 0.540430 0.339257 0.072238 0.088900 0.002473
1 0.984814 0.313529 0.030521 0.188929 0.001501
1 0.986497 0.312791 0.027107 0.200678 0.001501
1 0.502942 0.328406 0.060859 0.084563 0.006693
1 0.510970 0.324175 0.071897 0.096607 0.182426
1 0.509808 0.324880 0.067810 0.102982 0.047426
1 0.509032 0.326679 0.047428 0.106639 0.002473
1 0.511618 0.324093 0.073607 0.096820 0.731059
1 0.512860 0.325573 0.075245 0.099346 0.377541
1 0.503968 0.327195 0.058186 0.090922 0.029312
1 0.507622 0.325581 0.065071 0.099068 0.182426
1 0.511312 0.326453 0.070883 0.097388 0.182426
1 0.515227 0.327102 0.067970 0.096264 0.047426
1 0.149433 0.359248 0.170699 0.337462 0.004070
1 0.149905 0.361349 0.171908 0.340887 0.001170
1 0.149720 0.359693 0.172312 0.340459 0.002473
1 0.149353 0.361044 0.173659 0.345713 0.037327
1 0.299503 0.320801 0.173880 0.197206 0.004070
1 0.149062 0.361101 0.171423 0.341581 0.001170
1 0.149004 0.359114 0.173915 0.341836 0.002473
1 0.299735 0.322132 0.172573 0.199733 0.001927
1 0.783400 0.406533 0.346305 0.342752 0.924142
1 0.782715 0.406622 0.344685 0.342899 0.924142
1 0.780158 0.406147 0.345943 0.339251 0.939913
1 0.779528 0.404987 0.344119 0.337080 0.924142
1 0.783133 0.405418 0.346880 0.340679 0.924142
1 0.782921 0.403796 0.346413 0.339716 0.924142
1 0.778798 0.404901 0.345595 0.341903 0.924142
1 0.780318 0.404840 0.345580 0.341911 0.924142
1 0.781961 0.404245 0.345654 0.338840 0.924142
1 0.779686 0.404324 0.346900 0.338686 0.924142
2 0.198179 0.295037 0.049540 0.078056 0.002473
3 0.194416 0.288022 0.042434 0.059200 0.001501
3 0.200533 0.286313 0.050131 0.058497 0.002473
3 0.440961 0.314907 0.023992 0.046518 0.622459
3 0.440953 0.314902 0.023933 0.046505 0.622459
3 0.441343 0.314883 0.023173 0.046542 0.500000
3 0.440962 0.316151 0.023918 0.044016 0.731059
3 0.470538 0.318207 0.019178 0.043508 0.001501
3 0.299000 0.320551 0.175082 0.202616 0.010987
3 0.299802 0.321771 0.173834 0.195095 0.880797
3 0.300149 0.321179 0.173042 0.196163 0.904651
3 0.300403 0.323043 0.172676 0.197539 0.924142
3 0.149353 0.361044 0.173659 0.345713 0.005220
3 0.299503 0.320801 0.173880 0.197206 0.817575
3 0.300281 0.321311 0.172542 0.195970 0.880797
3 0.300087 0.321307 0.173372 0.195938 0.904651
3 0.300184 0.321279 0.172815 0.196040 0.924142
3 0.149004 0.359114 0.173915 0.341836 0.001501
3 0.299735 0.322132 0.172573 0.199733 0.880797
3 0.299546 0.322093 0.172091 0.199688 0.904651
3 0.300519 0.321428 0.172281 0.201430 0.731059
4 0.580521 0.343359 0.064018 0.115035 0.010987
4 0.599527 0.349973 0.032053 0.093099 0.017986
4 0.609338 0.325143 0.039160 0.051056 0.004070
4 0.566997 0.344931 0.050625 0.091449 0.002473
4 0.581019 0.355734 0.066157 0.090526 0.075858
4 0.580460 0.354708 0.067071 0.092321 0.377541
4 0.581282 0.353298 0.065516 0.095147 0.377541
4 0.600957 0.348072 0.054976 0.090624 0.017986
4 0.985165 0.347582 0.026627 0.121111 0.001501
4 0.987574 0.336675 0.024917 0.150307 0.004070
4 0.577847 0.351822 0.068464 0.098594 0.004070
4 0.581064 0.355015 0.066243 0.091433 0.182426
4 0.581128 0.356865 0.065856 0.091354 0.268941
4 0.582022 0.354897 0.064124 0.091673 0.377541
4 0.582124 0.352589 0.063925 0.091874 0.182426
4 0.598043 0.350871 0.057310 0.089796 0.004070
4 0.987675 0.362105 0.021667 0.094537 0.006693
4 0.560345 0.338965 0.044620 0.123951 0.010987
4 0.580797 0.353855 0.069326 0.093980 0.268941
4 0.580335 0.355708 0.064607 0.093841 0.268941
4 0.581220 0.353787 0.065687 0.093946 0.268941
4 0.987425 0.375277 0.025122 0.075418 0.002473
4 0.989899 0.373994 0.020276 0.069560 0.006693
4 0.986395 0.375729 0.024164 0.089585 0.002473
4 0.990114 0.377622 0.019819 0.091033 0.006693
4 0.989809 0.408940 0.020625 0.238362 0.004070
5 0.194321 0.283134 0.038583 0.053149 0.006693
5 0.193725 0.284637 0.040520 0.056230 0.004070
5 0.196221 0.290045 0.045618 0.067082 0.002473
5 0.193787 0.286362 0.040598 0.062196 0.006693
5 0.194416 0.288022 0.042434 0.059200 0.010987
5 0.200533 0.286313 0.050131 0.058497 0.002473
5 0.198179 0.295037 0.049540 0.078056 0.001501
5 0.196045 0.291991 0.045062 0.068952 0.006693
5 0.196448 0.290144 0.043458 0.065253 0.004070
5 0.198625 0.289657 0.050130 0.060087 0.001501
5 0.566892 0.324689 0.026604 0.105629 0.004070
5 0.198538 0.298924 0.047293 0.084201 0.002473
5 0.540430 0.339257 0.072238 0.088900 0.004070
5 0.580521 0.343359 0.064018 0.115035 0.119203
5 0.566997 0.344931 0.050625 0.091449 0.006693
5 0.581019 0.355734 0.066157 0.090526 0.377541
5 0.580460 0.354708 0.067071 0.092321 0.075858
5 0.581282 0.353298 0.065516 0.095147 0.047426
5 0.987574 0.336675 0.024917 0.150307 0.001501
5 0.515227 0.327102 0.067970 0.096264 0.004070
5 0.577847 0.351822 0.068464 0.098594 0.006693
5 0.581064 0.355015 0.066243 0.091433 0.377541
5 0.581128 0.356865 0.065856 0.091354 0.182426
5 0.582022 0.354897 0.064124 0.091673 0.182426
5 0.582124 0.352589 0.063925 0.091874 0.017986
5 0.560345 0.338965 0.044620 0.123951 0.017986
5 0.580797 0.353855 0.069326 0.093980 0.268941
5 0.580335 0.355708 0.064607 0.093841 0.182426
5 0.581220 0.353787 0.065687 0.093946 0.075858
5 0.149433 0.359248 0.170699 0.337462 0.731059
5 0.149905 0.361349 0.171908 0.340887 0.562177
5 0.149720 0.359693 0.172312 0.340459 0.679179
5 0.149353 0.361044 0.173659 0.345713 0.562177
5 0.149062 0.361101 0.171423 0.341581 0.679179
5 0.149342 0.360976 0.171938 0.341983 0.500000
5 0.149107 0.360562 0.173541 0.342810 0.500000
5 0.149004 0.359114 0.173915 0.341836 0.679179
5 0.147920 0.360734 0.172313 0.342291 0.001501
5 0.148621 0.359565 0.173650 0.340841 0.622459
5 0.148519 0.360096 0.174723 0.339836 0.622459
