0 0.467977 0.322903 0.010995 0.052883 0.500000
0 0.556393 0.310518 0.009878 0.029112 0.001501
0 0.574344 0.308328 0.020633 0.028302 0.001501
0 0.320216 0.337687 0.015528 0.050842 0.002473
0 0.466534 0.325006 0.011169 0.053293 0.622459
0 0.320216 0.337183 0.015527 0.049593 0.004070
0 0.396291 0.331187 0.014733 0.046580 0.002473
0 0.467197 0.324211 0.012566 0.054967 0.731059
0 0.533836 0.327794 0.014764 0.044832 0.001501
1 0.398369 0.316830 0.016125 0.037246 0.006693
1 0.432487 0.328159 0.056937 0.057134 0.817575
1 0.432886 0.328160 0.056172 0.057134 0.817575
1 0.431800 0.328605 0.055562 0.056220 0.731059
1 0.515020 0.311140 0.027018 0.039347 0.001501
1 0.574284 0.309467 0.020634 0.026035 0.010987
1 0.574344 0.308328 0.020633 0.028302 0.006693
1 0.396479 0.325639 0.015040 0.047714 0.004070
1 0.432829 0.326920 0.056166 0.054499 0.731059
1 0.432479 0.328622 0.056962 0.056198 0.817575
1 0.432875 0.328172 0.056185 0.057103 0.880797
1 0.431798 0.326896 0.055614 0.054566 0.880797
1 0.432044 0.326940 0.057926 0.054549 0.377541
1 0.478819 0.324114 0.011854 0.018634 0.017986
1 0.494450 0.321516 0.011373 0.018594 0.010987
1 0.514727 0.313636 0.029597 0.039482 0.006693
1 0.515625 0.313755 0.027996 0.039202 0.004070
1 0.526772 0.321148 0.015868 0.024624 0.017986
1 0.539443 0.320736 0.022937 0.027502 0.001501
1 0.574264 0.310573 0.020681 0.028126 0.004070
1 0.575703 0.311959 0.020663 0.027246 0.001501
1 0.431805 0.328637 0.055600 0.056176 0.817575
1 0.432481 0.329307 0.056982 0.059356 0.880797
1 0.432858 0.327529 0.056170 0.058406 0.880797
1 0.085216 0.377515 0.170442 0.368886 0.904651
1 0.085923 0.378012 0.171935 0.368131 0.904651
1 0.086723 0.377225 0.173438 0.369691 0.904651
1 0.085672 0.376780 0.174677 0.370440 0.148047
1 0.085237 0.375986 0.170437 0.370796 0.880797
1 0.085158 0.377113 0.173485 0.367705 0.904651
1 0.085202 0.376249 0.173496 0.369438 0.904651
1 0.085287 0.377373 0.173332 0.369470 0.622459
1 0.085126 0.377800 0.173318 0.367398 0.904651
1 0.085908 0.378324 0.175006 0.366297 0.904651
1 0.086729 0.377614 0.173433 0.366855 0.880797
2 0.438535 0.300787 0.051285 0.050602 0.006693
2 0.439132 0.305823 0.050280 0.057164 0.006693
2 0.398369 0.316830 0.016125 0.037246 0.001501
2 0.574344 0.308328 0.020633 0.028302 0.001501
2 0.396479 0.325639 0.015040 0.047714 0.001501
3 0.438535 0.300787 0.051285 0.050602 0.010987
3 0.439132 0.305823 0.050280 0.057164 0.047426
3 0.513974 0.305900 0.025243 0.055080 0.001501
3 0.398369 0.316830 0.016125 0.037246 0.002473
3 0.514850 0.311190 0.026750 0.039272 0.500000
3 0.515020 0.311140 0.027018 0.039347 0.500000
3 0.518418 0.313524 0.033241 0.039892 0.010987
3 0.574284 0.309467 0.020634 0.026035 0.004070
3 0.574344 0.308328 0.020633 0.028302 0.004070
3 0.514727 0.313636 0.029597 0.039482 0.500000
3 0.515625 0.313755 0.027996 0.039202 0.377541
3 0.526772 0.321148 0.015868 0.024624 0.004070
4 0.224005 0.354734 0.034239 0.081903 0.002473
4 0.229585 0.356531 0.034782 0.079248 0.006693
4 0.236443 0.351886 0.042031 0.081560 0.001501
4 0.320216 0.337687 0.015528 0.050842 0.002473
4 0.227984 0.358383 0.032035 0.080723 0.010987
4 0.229850 0.359357 0.035271 0.078776 0.010987
4 0.232314 0.358409 0.036336 0.081147 0.006693
4 0.320216 0.337183 0.015527 0.049593 0.001501
4 0.396291 0.331187 0.014733 0.046580 0.004070
4 0.227190 0.359835 0.033644 0.077744 0.010987
4 0.229400 0.359946 0.034168 0.078419 0.017986
4 0.231548 0.359545 0.037783 0.084035 0.010987
4 0.228211 0.359233 0.035681 0.079321 0.010987
4 0.229345 0.359119 0.037840 0.079550 0.017986
4 0.231477 0.358637 0.038237 0.081884 0.010987
5 0.574344 0.308328 0.020633 0.028302 0.001501
5 0.320216 0.337687 0.015528 0.050842 0.001501
5 0.320216 0.337183 0.015527 0.049593 0.001501
5 0.396291 0.331187 0.014733 0.046580 0.002473
