0 0.562504 0.320263 0.019248 0.109283 0.731059
0 0.563191 0.319522 0.020574 0.111116 0.731059
0 0.563187 0.320762 0.020614 0.113769 0.731059
0 0.563214 0.321948 0.020530 0.115872 0.731059
0 0.601454 0.324911 0.028583 0.050977 0.004070
0 0.609740 0.320122 0.016603 0.041090 0.006693
0 0.893609 0.348070 0.021530 0.119392 0.001501
0 0.505491 0.321709 0.011171 0.028644 0.004070
0 0.563191 0.320742 0.020621 0.113804 0.731059
0 0.563196 0.321889 0.020570 0.116095 0.817575
0 0.597506 0.331639 0.023787 0.055460 0.006693
0 0.608588 0.321178 0.018717 0.042571 0.006693
0 0.893222 0.346083 0.024425 0.114563 0.001501
0 0.563183 0.322679 0.020623 0.118027 0.731059
0 0.563734 0.322193 0.019504 0.119009 0.731059
0 0.596675 0.333750 0.025360 0.058885 0.006693
0 0.600624 0.331160 0.026968 0.061477 0.002473
0 0.563177 0.322002 0.020611 0.119357 0.731059
0 0.563199 0.322678 0.020589 0.118086 0.731059
1 0.416324 0.319132 0.082681 0.106571 0.047426
1 0.416805 0.320317 0.080630 0.104240 0.924142
1 0.417105 0.320336 0.081174 0.104201 0.924142
1 0.416294 0.320340 0.082632 0.104178 0.880797
1 0.456293 0.312474 0.009554 0.046915 0.017986
1 0.480695 0.315598 0.016852 0.030400 0.001501
1 0.609740 0.320122 0.016603 0.041090 0.017986
1 0.611880 0.319482 0.015679 0.042583 0.002473
1 0.416050 0.320323 0.082135 0.104236 0.880797
1 0.416068 0.320340 0.082164 0.104207 0.924142
1 0.416076 0.319212 0.082148 0.101944 0.924142
1 0.456290 0.313653 0.009731 0.044809 0.047426
1 0.482003 0.319159 0.014167 0.023286 0.182426
1 0.488601 0.320183 0.017470 0.021359 0.004070
1 0.505491 0.321709 0.011171 0.028644 0.004070
1 0.546131 0.323976 0.014465 0.027709 0.001501
1 0.608588 0.321178 0.018717 0.042571 0.010987
1 0.611029 0.319938 0.016638 0.040413 0.002473
1 0.416047 0.319215 0.082144 0.106478 0.880797
1 0.416059 0.318082 0.082183 0.104221 0.880797
1 0.415307 0.319204 0.083686 0.106504 0.880797
1 0.415260 0.319212 0.083614 0.106496 0.731059
1 0.748536 0.384105 0.290891 0.381314 0.880797
1 0.748263 0.386187 0.287447 0.382619 0.939913
1 0.749131 0.384126 0.283949 0.381341 0.939913
1 0.749899 0.385184 0.290789 0.385836 0.924142
1 0.748745 0.385210 0.288463 0.385926 0.939913
1 0.748503 0.386469 0.285202 0.388440 0.939913
1 0.748558 0.385630 0.285125 0.384743 0.939913
1 0.748700 0.383902 0.288390 0.383893 0.939913
1 0.747548 0.385083 0.288913 0.386289 0.939913
1 0.748495 0.385086 0.285250 0.386247 0.924142
1 0.747950 0.386181 0.286342 0.384131 0.075858
3 0.456293 0.312474 0.009554 0.046915 0.006693
3 0.465736 0.311016 0.013433 0.034892 0.001501
3 0.480695 0.315598 0.016852 0.030400 0.010987
3 0.456290 0.313653 0.009731 0.044809 0.010987
3 0.482003 0.319159 0.014167 0.023286 0.047426
4 0.590316 0.325965 0.029322 0.045082 0.004070
4 0.597506 0.331639 0.023787 0.055460 0.010987
4 0.608588 0.321178 0.018717 0.042571 0.002473
4 0.590863 0.333266 0.034830 0.064009 0.002473
4 0.596675 0.333750 0.025360 0.058885 0.029312
4 0.600624 0.331160 0.026968 0.061477 0.017986
4 0.596066 0.335858 0.026669 0.065125 0.017986
4 0.599366 0.334021 0.030032 0.069671 0.004070
5 0.601454 0.324911 0.028583 0.050977 0.002473
5 0.609740 0.320122 0.016603 0.041090 0.002473
5 0.505491 0.321709 0.011171 0.028644 0.004070
5 0.590316 0.325965 0.029322 0.045082 0.001501
5 0.597506 0.331639 0.023787 0.055460 0.004070
5 0.608588 0.321178 0.018717 0.042571 0.004070
5 0.590863 0.333266 0.034830 0.064009 0.001501
5 0.596675 0.333750 0.025360 0.058885 0.006693
5 0.600624 0.331160 0.026968 0.061477 0.004070
5 0.596066 0.335858 0.026669 0.065125 0.002473
