0 0.465398 0.312811 0.016225 0.117718 0.002473
0 0.607604 0.313074 0.021156 0.116658 0.268941
0 0.465488 0.315431 0.015975 0.118057 0.006693
0 0.558470 0.300638 0.022557 0.043880 0.004070
0 0.582897 0.310280 0.018285 0.063305 0.006693
0 0.606619 0.312849 0.022822 0.110843 0.731059
0 0.607267 0.314415 0.025961 0.105754 0.029312
0 0.464824 0.321018 0.014643 0.102499 0.006693
0 0.607377 0.312053 0.022759 0.109610 0.817575
0 0.607121 0.313143 0.026245 0.108761 0.182426
0 0.465158 0.323115 0.014020 0.098593 0.004070
0 0.569277 0.302819 0.009328 0.049065 0.010987
0 0.606804 0.313572 0.023198 0.109493 0.731059
0 0.607924 0.314610 0.024641 0.106475 0.182426
0 0.570252 0.313596 0.010331 0.074724 0.001501
0 0.606792 0.313900 0.023212 0.108927 0.731059
0 0.608062 0.313581 0.024367 0.109310 0.182426
0 0.464675 0.323455 0.015125 0.098085 0.004070
0 0.605487 0.314190 0.026572 0.108557 0.004070
0 0.606590 0.313635 0.022876 0.109504 0.622459
0 0.608579 0.314499 0.023373 0.107823 0.075858
1 0.992209 0.298310 0.012570 0.112426 0.001501
1 0.009713 0.313656 0.019460 0.070580 0.002473
1 0.557920 0.300532 0.021679 0.043558 0.182426
1 0.558470 0.300638 0.022557 0.043880 0.017986
1 0.582897 0.310280 0.018285 0.063305 0.004070
1 0.589191 0.309839 0.018012 0.059185 0.002473
1 0.009972 0.322259 0.019997 0.084382 0.010987
1 0.010563 0.323295 0.021165 0.088444 0.002473
1 0.520106 0.305232 0.030801 0.038226 0.004070
1 0.522763 0.305065 0.026411 0.036545 0.817575
1 0.524201 0.304296 0.023543 0.038583 0.817575
1 0.540143 0.302072 0.010240 0.021079 0.004070
1 0.557884 0.302325 0.021563 0.040287 0.817575
1 0.558118 0.301816 0.022005 0.041284 0.119203
1 0.588135 0.311936 0.018363 0.056715 0.500000
1 0.588802 0.311961 0.019596 0.056659 0.622459
1 0.617237 0.301331 0.040353 0.077364 0.004070
1 0.678606 0.331267 0.129119 0.139002 0.880797
1 0.679394 0.330781 0.127971 0.139981 0.924142
1 0.679218 0.330954 0.127620 0.139589 0.880797
1 0.009876 0.329868 0.019844 0.102507 0.017986
1 0.011291 0.339717 0.022616 0.120679 0.004070
1 0.052784 0.361209 0.105603 0.176367 0.182426
1 0.052259 0.361287 0.104576 0.176276 0.182426
1 0.518037 0.306649 0.026616 0.037663 0.001501
1 0.523435 0.304668 0.025047 0.039691 0.500000
1 0.523414 0.304442 0.025118 0.038964 0.622459
1 0.557854 0.302387 0.021520 0.042413 0.119203
1 0.569277 0.302819 0.009328 0.049065 0.017986
1 0.588422 0.311250 0.021090 0.057608 0.500000
1 0.589702 0.311977 0.021103 0.058663 0.622459
1 0.620063 0.303065 0.034283 0.079262 0.002473
1 0.678262 0.330855 0.128437 0.139663 0.924142
1 0.678529 0.330531 0.128986 0.140257 0.924142
1 0.679183 0.330532 0.127514 0.140260 0.924142
1 0.010346 0.346901 0.020749 0.138355 0.006693
1 0.052157 0.361690 0.104361 0.177250 0.268941
1 0.051723 0.361336 0.103443 0.181702 0.182426
1 0.049653 0.360854 0.099336 0.181209 0.182426
1 0.678494 0.329814 0.128887 0.137277 0.880797
1 0.678528 0.329801 0.128988 0.137252 0.924142
1 0.679173 0.329532 0.127533 0.137762 0.880797
1 0.051439 0.362759 0.102902 0.178941 0.377541
1 0.050723 0.362862 0.101463 0.179142 0.268941
1 0.050082 0.362540 0.100246 0.184293 0.182426
1 0.679394 0.329724 0.127991 0.137380 0.924142
1 0.050680 0.361462 0.101395 0.181891 0.377541
1 0.050308 0.361713 0.100631 0.182409 0.377541
1 0.885233 0.448636 0.229512 0.453745 0.880797
1 0.886734 0.448866 0.229623 0.454261 0.904651
1 0.885962 0.447739 0.228092 0.452009 0.904651
1 0.885274 0.447908 0.229597 0.455708 0.904651
1 0.886719 0.446839 0.229657 0.453115 0.880797
1 0.885231 0.446639 0.229500 0.452848 0.851953
1 0.886734 0.446679 0.229645 0.452920 0.851953
1 0.885964 0.448897 0.228147 0.454015 0.851953
1 0.885188 0.449408 0.229585 0.454033 0.851953
1 0.884585 0.447673 0.230844 0.454320 0.880797
2 0.009972 0.322259 0.019997 0.084382 0.004070
2 0.010563 0.323295 0.021165 0.088444 0.002473
2 0.009876 0.329868 0.019844 0.102507 0.006693
2 0.011291 0.339717 0.022616 0.120679 0.004070
2 0.052784 0.361209 0.105603 0.176367 0.004070
2 0.052259 0.361287 0.104576 0.176276 0.004070
2 0.010346 0.346901 0.020749 0.138355 0.002473
2 0.052157 0.361690 0.104361 0.177250 0.002473
2 0.051723 0.361336 0.103443 0.181702 0.002473
2 0.049653 0.360854 0.099336 0.181209 0.002473
2 0.050723 0.362862 0.101463 0.179142 0.001501
2 0.050082 0.362540 0.100246 0.184293 0.002473
3 0.557920 0.300532 0.021679 0.043558 0.119203
3 0.558470 0.300638 0.022557 0.043880 0.006693
3 0.557884 0.302325 0.021563 0.040287 0.047426
3 0.558118 0.301816 0.022005 0.041284 0.017986
3 0.557854 0.302387 0.021520 0.042413 0.002473
3 0.049653 0.360854 0.099336 0.181209 0.001501
4 0.759318 0.329652 0.022544 0.060282 0.006693
4 0.762635 0.330905 0.025300 0.067092 0.002473
4 0.759128 0.333820 0.021599 0.059781 0.017986
4 0.761731 0.335850 0.023605 0.062380 0.004070
4 0.756368 0.334057 0.030340 0.059560 0.001501
4 0.758821 0.335788 0.023955 0.061061 0.010987
4 0.763624 0.337114 0.023859 0.065758 0.002473
4 0.760164 0.336677 0.024244 0.063831 0.004070
4 0.767055 0.338328 0.023833 0.064301 0.002473
5 0.589702 0.311977 0.021103 0.058663 0.001501
