0 0.198180 0.310847 0.009603 0.066936 0.075858
0 0.201541 0.306499 0.011320 0.066320 0.010987
0 0.691258 0.327716 0.017798 0.115221 0.002473
0 0.197460 0.313251 0.008155 0.065281 0.119203
0 0.202296 0.308068 0.010948 0.064086 0.004070
0 0.687773 0.331851 0.016046 0.075934 0.017986
0 0.693713 0.340579 0.015652 0.088398 0.377541
0 0.806945 0.335281 0.014280 0.120513 0.006693
0 0.169280 0.328736 0.008418 0.041020 0.002473
0 0.198210 0.313361 0.009374 0.065389 0.182426
0 0.201171 0.310377 0.013265 0.067105 0.004070
0 0.658235 0.330898 0.008537 0.036890 0.119203
0 0.669427 0.332143 0.008116 0.034325 0.017986
0 0.685090 0.330416 0.010761 0.072396 0.010987
0 0.693057 0.341567 0.016963 0.085743 0.622459
0 0.728045 0.331610 0.009425 0.059553 0.002473
0 0.807761 0.338064 0.012584 0.115746 0.006693
0 0.197357 0.313650 0.008412 0.067860 0.119203
0 0.200843 0.312499 0.013844 0.067654 0.001501
0 0.641026 0.331792 0.015107 0.025164 0.001501
0 0.657870 0.330716 0.006225 0.041869 0.182426
0 0.670212 0.332036 0.009712 0.039246 0.017986
0 0.684587 0.331404 0.013624 0.068238 0.010987
0 0.692258 0.341810 0.015499 0.086008 0.622459
0 0.807779 0.338993 0.012583 0.114129 0.006693
0 0.687388 0.337737 0.016931 0.086073 0.017986
0 0.692264 0.342131 0.015489 0.086710 0.731059
0 0.807831 0.341341 0.012689 0.114264 0.002473
0 0.688758 0.342782 0.019814 0.091025 0.002473
0 0.692197 0.342894 0.015625 0.088247 0.119203
0 0.807819 0.343469 0.012709 0.110021 0.002473
1 0.334034 0.305616 0.110055 0.087420 0.924142
1 0.332717 0.307203 0.109598 0.088794 0.924142
1 0.332720 0.305132 0.109592 0.084781 0.924142
1 0.023350 0.297561 0.049928 0.118470 0.002473
1 0.333257 0.306000 0.108532 0.086663 0.880797
1 0.332063 0.305169 0.110934 0.084710 0.880797
1 0.332711 0.305626 0.109599 0.087432 0.880797
1 0.395321 0.313406 0.033093 0.040227 0.002473
1 0.398331 0.316447 0.028318 0.033877 0.075858
1 0.399222 0.315774 0.027615 0.035219 0.075858
1 0.437213 0.316467 0.041573 0.033809 0.377541
1 0.437608 0.318189 0.040030 0.035406 0.731059
1 0.437707 0.316465 0.041420 0.033758 0.731059
1 0.438092 0.316458 0.040909 0.033784 0.622459
1 0.022745 0.297644 0.045594 0.108172 0.001501
1 0.022930 0.306071 0.045881 0.096301 0.002473
1 0.150935 0.334561 0.017435 0.039256 0.004070
1 0.153356 0.334452 0.018534 0.034353 0.002473
1 0.332721 0.305632 0.109554 0.087461 0.817575
1 0.332817 0.305604 0.112460 0.087504 0.924142
1 0.332723 0.304586 0.109594 0.085954 0.924142
1 0.390776 0.319237 0.030850 0.038829 0.002473
1 0.399908 0.319913 0.025222 0.032002 0.500000
1 0.399949 0.321444 0.025257 0.028942 0.377541
1 0.437729 0.317794 0.040970 0.036244 0.377541
1 0.438021 0.317773 0.039299 0.036244 0.880797
1 0.437618 0.316490 0.040099 0.033713 0.817575
1 0.438285 0.316493 0.040505 0.033731 0.731059
1 0.513174 0.320359 0.020599 0.020889 0.622459
1 0.513210 0.320343 0.020571 0.020918 0.731059
1 0.559773 0.324030 0.013929 0.013663 0.001501
1 0.638110 0.328664 0.016845 0.023434 0.004070
1 0.640981 0.330612 0.015195 0.026644 0.500000
1 0.022596 0.319702 0.045297 0.069206 0.010987
1 0.022833 0.320794 0.045872 0.066836 0.006693
1 0.025493 0.322517 0.046426 0.069316 0.002473
1 0.151662 0.333379 0.018855 0.036763 0.006693
1 0.152620 0.334579 0.017028 0.034123 0.004070
1 0.333294 0.305569 0.108471 0.087597 0.880797
1 0.639136 0.331390 0.017695 0.028726 0.001501
1 0.641026 0.331792 0.015107 0.025164 0.119203
1 0.670212 0.332036 0.009712 0.039246 0.001501
2 0.023664 0.282796 0.047438 0.150707 0.001501
3 0.014228 0.256563 0.028542 0.227655 0.002473
3 0.023949 0.264136 0.048035 0.206857 0.001501
3 0.023664 0.282796 0.047438 0.150707 0.268941
3 0.024214 0.289613 0.051527 0.135681 0.377541
3 0.027276 0.290853 0.046350 0.132403 0.002473
3 0.024207 0.286381 0.048473 0.135861 0.500000
3 0.024996 0.291038 0.050012 0.131548 0.500000
3 0.024174 0.293423 0.051555 0.121857 0.182426
3 0.026258 0.293541 0.047817 0.120568 0.006693
3 0.023542 0.287522 0.047189 0.133425 0.500000
3 0.024215 0.294092 0.048466 0.125403 0.500000
3 0.024181 0.294027 0.048513 0.120311 0.500000
3 0.026837 0.301601 0.046644 0.098144 0.010987
3 0.097163 0.310257 0.091258 0.093034 0.010987
3 0.097029 0.311399 0.090899 0.095204 0.817575
3 0.096268 0.311269 0.092415 0.095525 0.817575
3 0.023480 0.290121 0.047063 0.128442 0.500000
3 0.023518 0.295193 0.047079 0.123103 0.377541
3 0.023350 0.297561 0.049928 0.118470 0.377541
3 0.037096 0.313005 0.026771 0.073098 0.001501
3 0.096286 0.311078 0.092640 0.091428 0.817575
3 0.096242 0.311103 0.092482 0.091314 0.817575
3 0.096200 0.310206 0.092389 0.093173 0.817575
3 0.398331 0.316447 0.028318 0.033877 0.017986
3 0.399222 0.315774 0.027615 0.035219 0.017986
3 0.437213 0.316467 0.041573 0.033809 0.004070
3 0.437608 0.318189 0.040030 0.035406 0.002473
3 0.437707 0.316465 0.041420 0.033758 0.004070
3 0.438092 0.316458 0.040909 0.033784 0.004070
3 0.022745 0.297644 0.045594 0.108172 0.268941
3 0.022930 0.306071 0.045881 0.096301 0.182426
3 0.097182 0.310871 0.091304 0.091769 0.817575
3 0.097230 0.310156 0.091420 0.093172 0.880797
3 0.096181 0.310908 0.092326 0.091674 0.880797
3 0.399908 0.319913 0.025222 0.032002 0.029312
3 0.399949 0.321444 0.025257 0.028942 0.017986
3 0.437729 0.317794 0.040970 0.036244 0.002473
3 0.438021 0.317773 0.039299 0.036244 0.002473
3 0.437618 0.316490 0.040099 0.033713 0.002473
3 0.438285 0.316493 0.040505 0.033731 0.001501
3 0.513174 0.320359 0.020599 0.020889 0.017986
3 0.513210 0.320343 0.020571 0.020918 0.017986
3 0.640981 0.330612 0.015195 0.026644 0.004070
3 0.022596 0.319702 0.045297 0.069206 0.029312
3 0.022833 0.320794 0.045872 0.066836 0.006693
3 0.025493 0.322517 0.046426 0.069316 0.001501
3 0.097291 0.311462 0.091473 0.095093 0.817575
3 0.097020 0.312136 0.090928 0.093764 0.817575
4 0.152060 0.324629 0.018437 0.057900 0.002473
4 0.150935 0.334561 0.017435 0.039256 0.029312
4 0.153356 0.334452 0.018534 0.034353 0.119203
4 0.169280 0.328736 0.008418 0.041020 0.002473
4 0.151662 0.333379 0.018855 0.036763 0.029312
4 0.152620 0.334579 0.017028 0.034123 0.119203
4 0.168439 0.329651 0.010218 0.035938 0.001501
4 0.670212 0.332036 0.009712 0.039246 0.001501
5 0.153356 0.334452 0.018534 0.034353 0.004070
5 0.399908 0.319913 0.025222 0.032002 0.001501
5 0.720207 0.335667 0.009846 0.047473 0.001501
5 0.151662 0.333379 0.018855 0.036763 0.001501
5 0.152620 0.334579 0.017028 0.034123 0.010987
5 0.670212 0.332036 0.009712 0.039246 0.006693
5 0.720996 0.335985 0.011375 0.046349 0.006693
