1 0.631789 0.304805 0.033738 0.021708 0.004070
1 0.635868 0.302092 0.025267 0.020952 0.029312
1 0.635706 0.303405 0.025781 0.018521 0.017986
1 0.640345 0.300766 0.037456 0.024536 0.002473
1 0.191412 0.347712 0.076795 0.080103 0.880797
1 0.191491 0.346836 0.076706 0.081964 0.880797
1 0.191083 0.348363 0.075927 0.081444 0.924142
1 0.380515 0.330896 0.053103 0.046538 0.880797
1 0.380357 0.330000 0.052704 0.048342 0.880797
1 0.380345 0.330017 0.052726 0.048312 0.880797
1 0.380343 0.330021 0.052736 0.048328 0.924142
1 0.379977 0.329336 0.053742 0.049737 0.377541
1 0.470304 0.320511 0.012564 0.016069 0.622459
1 0.492288 0.322922 0.015440 0.020872 0.817575
1 0.191497 0.348240 0.077009 0.081318 0.075858
1 0.191596 0.347710 0.074842 0.080116 0.880797
1 0.191593 0.346845 0.076434 0.081949 0.880797
1 0.191413 0.347751 0.076754 0.080157 0.880797
1 0.380911 0.331264 0.052307 0.050928 0.817575
1 0.380348 0.329988 0.052724 0.048377 0.880797
1 0.380346 0.330637 0.052725 0.052179 0.880797
1 0.380653 0.331296 0.051766 0.050867 0.880797
1 0.380467 0.330021 0.052757 0.048389 0.377541
1 0.091531 0.382965 0.186124 0.192325 0.004070
1 0.191407 0.349554 0.076763 0.079267 0.817575
1 0.191478 0.349564 0.076663 0.079287 0.880797
1 0.191071 0.347761 0.075898 0.080252 0.880797
1 0.191251 0.348435 0.075597 0.081586 0.377541
1 0.096056 0.376277 0.189191 0.207464 0.002473
1 0.094628 0.384087 0.189297 0.190233 0.924142
1 0.094475 0.382654 0.188969 0.192231 0.924142
1 0.094568 0.382640 0.189152 0.192273 0.924142
1 0.094351 0.382861 0.188641 0.192797 0.924142
1 0.093593 0.383654 0.192573 0.190611 0.060087
1 0.094617 0.382889 0.189305 0.192680 0.939913
1 0.094476 0.384152 0.188977 0.190113 0.939913
1 0.094340 0.384133 0.188693 0.190162 0.924142
1 0.094538 0.383146 0.188922 0.193291 0.924142
1 0.094004 0.386784 0.191415 0.196066 0.001170
3 0.470304 0.320511 0.012564 0.016069 0.002473
