0 0.555031 0.317802 0.007007 0.036453 0.029312
0 0.578896 0.318229 0.008203 0.035603 0.001501
0 0.742992 0.322306 0.011048 0.048309 0.004070
0 0.554634 0.317951 0.006220 0.036268 0.047426
0 0.578597 0.321873 0.007208 0.032816 0.029312
0 0.592529 0.322880 0.007014 0.026186 0.017986
0 0.744700 0.327502 0.014435 0.045376 0.004070
0 0.743511 0.332253 0.018104 0.051165 0.002473
0 0.052544 0.401477 0.104885 0.806953 0.001170
1 0.370921 0.319588 0.032372 0.037195 0.002473
1 0.371350 0.318682 0.029182 0.034447 0.004070
1 0.371829 0.319603 0.031406 0.037158 0.004070
1 0.433308 0.310324 0.066393 0.051164 0.006693
1 0.502784 0.316162 0.052587 0.039469 0.001501
1 0.371100 0.321282 0.032690 0.033752 0.182426
1 0.370911 0.322181 0.030080 0.035557 0.377541
1 0.371549 0.321721 0.031925 0.036510 0.377541
1 0.431406 0.309392 0.066015 0.057637 0.002473
1 0.432757 0.310190 0.065370 0.051426 0.010987
1 0.546107 0.324145 0.014517 0.023610 0.002473
1 0.225505 0.382655 0.276792 0.302584 0.924142
1 0.225178 0.383959 0.274140 0.305008 0.924142
1 0.225873 0.383968 0.272146 0.304876 0.924142
1 0.225600 0.385099 0.272367 0.307477 0.939913
1 0.050773 0.396628 0.104621 0.803430 0.182426
1 0.052544 0.401477 0.104885 0.806953 0.679179
1 0.225371 0.383724 0.275756 0.305603 0.924142
1 0.225005 0.384542 0.274083 0.303972 0.924142
1 0.225832 0.385790 0.271565 0.306485 0.924142
1 0.225778 0.385740 0.271808 0.306754 0.924142
1 0.051563 0.395703 0.103047 0.806199 0.817575
1 0.052311 0.397119 0.104516 0.803124 0.851953
1 0.053390 0.396081 0.107198 0.791152 0.437824
1 0.225361 0.382343 0.275762 0.303594 0.002473
1 0.225091 0.383873 0.274250 0.305328 0.924142
1 0.225700 0.384061 0.272485 0.304958 0.924142
1 0.861747 0.418998 0.276594 0.615395 0.880797
1 0.863279 0.420600 0.276579 0.617629 0.904651
1 0.862521 0.421416 0.274972 0.623437 0.924142
1 0.050029 0.393452 0.103071 0.798084 0.817575
1 0.052245 0.395865 0.104406 0.793157 0.851953
1 0.052475 0.399457 0.104952 0.784658 0.777300
1 0.860935 0.423055 0.275019 0.614273 0.904651
1 0.861735 0.422054 0.276606 0.619558 0.904651
1 0.862482 0.423189 0.275027 0.615885 0.904651
1 0.863277 0.421709 0.273425 0.619307 0.880797
1 0.050792 0.401708 0.101466 0.780489 0.817575
1 0.050752 0.406182 0.104528 0.770946 0.851953
1 0.051790 0.416798 0.103379 0.754281 0.500000
1 0.860942 0.422057 0.275049 0.616072 0.904651
1 0.862467 0.423143 0.275061 0.617286 0.904651
1 0.862499 0.423441 0.278125 0.619517 0.904651
1 0.050804 0.415373 0.101425 0.752055 0.004070
1 0.051566 0.422078 0.102928 0.744175 0.182426
2 0.431406 0.309392 0.066015 0.057637 0.001501
2 0.052544 0.401477 0.104885 0.806953 0.002473
3 0.039862 0.148877 0.080268 0.297729 0.001501
3 0.431340 0.307316 0.065863 0.057208 0.377541
3 0.432062 0.307316 0.067259 0.057180 0.268941
3 0.431972 0.307306 0.067042 0.057226 0.029312
3 0.500794 0.302894 0.052251 0.060512 0.001501
3 0.502134 0.305444 0.055468 0.060824 0.001501
3 0.514359 0.299797 0.081372 0.064393 0.002473
3 0.370921 0.319588 0.032372 0.037195 0.006693
3 0.371350 0.318682 0.029182 0.034447 0.029312
3 0.371829 0.319603 0.031406 0.037158 0.029312
3 0.431946 0.308224 0.067096 0.055398 0.731059
3 0.431305 0.308049 0.065751 0.055703 0.880797
3 0.432501 0.308233 0.068175 0.055333 0.880797
3 0.431284 0.309281 0.065668 0.057762 0.880797
3 0.433308 0.310324 0.066393 0.051164 0.622459
3 0.502784 0.316162 0.052587 0.039469 0.817575
3 0.502939 0.315038 0.052329 0.041717 0.880797
3 0.502037 0.316179 0.054026 0.039440 0.817575
3 0.502177 0.313772 0.053700 0.039145 0.817575
3 0.504255 0.316133 0.057079 0.039655 0.006693
3 0.680468 0.332030 0.085958 0.085941 0.817575
3 0.679648 0.333292 0.087437 0.088504 0.500000
3 0.371100 0.321282 0.032690 0.033752 0.119203
3 0.370911 0.322181 0.030080 0.035557 0.377541
3 0.371549 0.321721 0.031925 0.036510 0.268941
3 0.431406 0.309392 0.066015 0.057637 0.622459
3 0.431952 0.309508 0.067099 0.057330 0.817575
3 0.431834 0.309390 0.069534 0.057544 0.817575
3 0.431288 0.309690 0.065660 0.056952 0.817575
3 0.432757 0.310190 0.065370 0.051426 0.622459
3 0.502792 0.316157 0.052578 0.039490 0.817575
3 0.503008 0.316175 0.050015 0.039440 0.817575
3 0.502788 0.318219 0.052522 0.039877 0.817575
3 0.503556 0.316165 0.051003 0.039470 0.817575
3 0.679691 0.333316 0.087481 0.088505 0.880797
3 0.679028 0.333313 0.086159 0.083389 0.880797
3 0.679661 0.333317 0.087414 0.083400 0.731059
3 0.679760 0.334586 0.087615 0.085959 0.817575
3 0.680491 0.333318 0.089083 0.083381 0.817575
3 0.680482 0.333317 0.089056 0.083384 0.817575
3 0.678842 0.333328 0.088510 0.083418 0.006693
3 0.679602 0.334587 0.087295 0.085957 0.924142
3 0.679660 0.334591 0.087412 0.085950 0.880797
3 0.050773 0.396628 0.104621 0.803430 0.002473
3 0.052544 0.401477 0.104885 0.806953 0.014064
3 0.051563 0.395703 0.103047 0.806199 0.003173
3 0.052311 0.397119 0.104516 0.803124 0.003173
3 0.053390 0.396081 0.107198 0.791152 0.001501
