0 0.477356 0.321629 0.010789 0.046684 0.017986
0 0.476493 0.320630 0.011421 0.057788 0.010987
1 0.006321 0.324222 0.012672 0.104027 0.002473
1 0.451486 0.322116 0.053029 0.089386 0.817575
1 0.007027 0.323879 0.014103 0.102561 0.002473
1 0.451441 0.322190 0.052944 0.089482 0.880797
1 0.450680 0.322851 0.054492 0.090800 0.880797
1 0.451475 0.322727 0.052938 0.090603 0.731059
1 0.483725 0.307349 0.025878 0.031768 0.010987
1 0.486012 0.303640 0.028591 0.034467 0.010987
1 0.500464 0.307705 0.021236 0.027478 0.004070
1 0.527702 0.308285 0.025448 0.024705 0.002473
1 0.536705 0.306066 0.023569 0.028833 0.119203
1 0.537512 0.306067 0.021945 0.028829 0.075858
1 0.568789 0.322727 0.037980 0.057341 0.002473
1 0.583286 0.327495 0.066617 0.071740 0.880797
1 0.583298 0.327795 0.066612 0.072343 0.924142
1 0.583260 0.327505 0.066510 0.071744 0.880797
1 0.760299 0.326180 0.026724 0.069430 0.004070
1 0.761048 0.329716 0.028678 0.072403 0.001501
1 0.353381 0.350452 0.181847 0.168966 0.924142
1 0.352522 0.351727 0.183377 0.171515 0.924142
1 0.353232 0.350427 0.181773 0.169003 0.924142
1 0.450690 0.322890 0.054483 0.088191 0.924142
1 0.450757 0.321954 0.051595 0.092601 0.880797
1 0.450690 0.321301 0.054440 0.091300 0.817575
1 0.477356 0.321629 0.010789 0.046684 0.029312
1 0.487640 0.309395 0.025121 0.029194 0.010987
1 0.500450 0.313790 0.018424 0.019388 0.001501
1 0.536631 0.308826 0.026717 0.029437 0.002473
1 0.583652 0.327731 0.067312 0.072187 0.880797
1 0.583249 0.328718 0.066539 0.069031 0.880797
1 0.583642 0.328719 0.067296 0.069041 0.880797
1 0.583653 0.327736 0.067258 0.072208 0.880797
1 0.644497 0.330475 0.014090 0.037129 0.002473
1 0.761636 0.328709 0.026861 0.069026 0.010987
1 0.761000 0.331263 0.028463 0.074717 0.002473
1 0.353281 0.351748 0.181662 0.171551 0.924142
1 0.352685 0.353019 0.183759 0.174095 0.924142
1 0.352417 0.351457 0.182950 0.177218 0.880797
1 0.451439 0.322007 0.052987 0.092712 0.817575
1 0.450642 0.321332 0.054522 0.091361 0.880797
1 0.450692 0.321349 0.054430 0.091370 0.817575
1 0.476493 0.320630 0.011421 0.057788 0.029312
1 0.583657 0.329169 0.067303 0.069924 0.880797
1 0.583642 0.329031 0.067295 0.069624 0.924142
1 0.583647 0.329222 0.067285 0.070020 0.880797
1 0.645171 0.334460 0.015507 0.039741 0.006693
1 0.760456 0.329768 0.029417 0.071361 0.010987
1 0.760553 0.331832 0.029558 0.081368 0.002473
1 0.354307 0.351721 0.180705 0.171532 0.924142
1 0.351884 0.353012 0.184756 0.174063 0.924142
1 0.352336 0.351737 0.182829 0.171514 0.924142
1 0.451733 0.323027 0.049654 0.090748 0.002473
1 0.761701 0.333646 0.030166 0.079204 0.001501
1 0.353961 0.349432 0.183087 0.171077 0.001501
1 0.352720 0.350110 0.183699 0.174838 0.924142
2 0.014792 0.044355 0.029682 0.074928 0.001501
2 0.483725 0.307349 0.025878 0.031768 0.002473
2 0.486012 0.303640 0.028591 0.034467 0.002473
2 0.536705 0.306066 0.023569 0.028833 0.001501
3 0.485140 0.300206 0.034748 0.041206 0.004070
3 0.550337 0.298025 0.040626 0.042868 0.001501
3 0.568790 0.294930 0.042729 0.049521 0.010987
3 0.571746 0.289717 0.045811 0.038467 0.017986
3 0.575405 0.304157 0.050797 0.062190 0.010987
3 0.483725 0.307349 0.025878 0.031768 0.029312
3 0.486012 0.303640 0.028591 0.034467 0.119203
3 0.500464 0.307705 0.021236 0.027478 0.004070
3 0.536705 0.306066 0.023569 0.028833 0.119203
3 0.537512 0.306067 0.021945 0.028829 0.075858
3 0.477356 0.321629 0.010789 0.046684 0.001501
3 0.487640 0.309395 0.025121 0.029194 0.001501
3 0.885623 0.351717 0.225677 0.703467 0.622459
3 0.885072 0.354542 0.229729 0.703800 0.851953
3 0.885140 0.353096 0.229731 0.705997 0.880797
3 0.885895 0.345395 0.228262 0.710985 0.817575
3 0.885979 0.346553 0.231035 0.708683 0.851953
3 0.885142 0.347658 0.226589 0.706003 0.880797
3 0.885943 0.347898 0.228230 0.700769 0.880797
3 0.885880 0.350508 0.225144 0.705014 0.880797
3 0.886690 0.348150 0.229607 0.704717 0.880797
3 0.887460 0.346577 0.225031 0.707903 0.904651
3 0.886697 0.344225 0.229732 0.708134 0.731059
5 0.477356 0.321629 0.010789 0.046684 0.017986
5 0.476493 0.320630 0.011421 0.057788 0.004070
