0 0.213147 0.279763 0.020822 0.070168 0.001501
0 0.213870 0.279687 0.016547 0.070428 0.001501
0 0.227192 0.285231 0.011117 0.060996 0.002473
0 0.216989 0.277975 0.019828 0.070356 0.002473
0 0.228424 0.287570 0.010232 0.060600 0.001501
0 0.019446 0.334270 0.014280 0.106785 0.004070
0 0.229183 0.291577 0.008705 0.052884 0.002473
0 0.655286 0.333412 0.019321 0.065861 0.002473
0 0.010977 0.361708 0.019008 0.155701 0.001501
0 0.019504 0.336951 0.011138 0.092257 0.004070
0 0.081255 0.347505 0.016295 0.065180 0.001501
0 0.536885 0.321941 0.012006 0.046430 0.004070
0 0.659532 0.335454 0.027494 0.068015 0.002473
0 0.012938 0.359987 0.022958 0.157501 0.004070
0 0.023228 0.344352 0.011981 0.067283 0.006693
0 0.536571 0.322508 0.011831 0.045776 0.029312
0 0.660296 0.336594 0.029299 0.070990 0.001501
0 0.720722 0.348823 0.033605 0.095453 0.001501
0 0.721643 0.348562 0.034785 0.094932 0.002473
0 0.013468 0.361970 0.027049 0.153257 0.002473
0 0.022165 0.356569 0.013931 0.093783 0.006693
0 0.720241 0.350276 0.034807 0.100282 0.001501
0 0.014547 0.359985 0.029142 0.166233 0.001501
0 0.721818 0.353211 0.034761 0.104701 0.001501
0 0.721497 0.357289 0.035981 0.116067 0.001501
1 0.459958 0.324489 0.041876 0.046061 0.377541
1 0.460151 0.324295 0.042200 0.046425 0.500000
1 0.460137 0.324306 0.042263 0.046447 0.377541
1 0.481044 0.319425 0.020582 0.037855 0.622459
1 0.485540 0.319650 0.019452 0.037135 0.047426
1 0.536760 0.318297 0.012967 0.053516 0.010987
1 0.537782 0.318901 0.013143 0.049742 0.017986
1 0.057102 0.337025 0.014321 0.039527 0.017986
1 0.064713 0.340629 0.013125 0.046785 0.006693
1 0.460026 0.324612 0.042006 0.045881 0.880797
1 0.459961 0.325520 0.041869 0.047671 0.880797
1 0.459363 0.324620 0.043788 0.045870 0.880797
1 0.482277 0.320354 0.020749 0.039494 0.622459
1 0.490573 0.320850 0.010954 0.034655 0.075858
1 0.501966 0.315756 0.015313 0.016331 0.010987
1 0.536885 0.321941 0.012006 0.046430 0.029312
1 0.537864 0.322669 0.012960 0.043612 0.182426
1 0.034013 0.336471 0.010113 0.022482 0.029312
1 0.055500 0.338315 0.011065 0.036903 0.010987
1 0.066109 0.341689 0.015620 0.044321 0.010987
1 0.460027 0.325598 0.042008 0.047524 0.817575
1 0.459850 0.324626 0.041635 0.045856 0.880797
1 0.460021 0.325336 0.042022 0.048044 0.817575
1 0.478780 0.322626 0.020964 0.045497 0.010987
1 0.536571 0.322508 0.011831 0.045776 0.017986
1 0.538974 0.322358 0.012657 0.046144 0.001501
1 0.286958 0.345266 0.200421 0.176607 0.037327
1 0.287942 0.344693 0.201395 0.179218 0.904651
1 0.287554 0.345310 0.201140 0.175607 0.924142
1 0.287575 0.345376 0.200857 0.175845 0.904651
1 0.287180 0.345622 0.201610 0.176486 0.904651
1 0.288798 0.345110 0.201395 0.177758 0.047426
1 0.287691 0.346001 0.201838 0.176944 0.003173
1 0.287898 0.346321 0.201794 0.177415 0.924142
1 0.287593 0.346156 0.201408 0.177171 0.924142
1 0.287575 0.345880 0.201390 0.176658 0.904651
1 0.287468 0.345609 0.201747 0.176124 0.904651
1 0.289303 0.346198 0.202411 0.183419 0.002473
2 0.485540 0.319650 0.019452 0.037135 0.002473
2 0.057102 0.337025 0.014321 0.039527 0.002473
3 0.533155 0.309378 0.019450 0.058331 0.002473
3 0.481044 0.319425 0.020582 0.037855 0.017986
3 0.485540 0.319650 0.019452 0.037135 0.017986
3 0.528609 0.305033 0.030060 0.037393 0.002473
3 0.536760 0.318297 0.012967 0.053516 0.029312
3 0.537782 0.318901 0.013143 0.049742 0.017986
3 0.573639 0.330996 0.069375 0.104291 0.817575
3 0.573358 0.330333 0.068680 0.105650 0.880797
3 0.574403 0.330870 0.068008 0.106677 0.817575
3 0.057102 0.337025 0.014321 0.039527 0.002473
3 0.482277 0.320354 0.020749 0.039494 0.029312
3 0.490573 0.320850 0.010954 0.034655 0.006693
3 0.536885 0.321941 0.012006 0.046430 0.002473
3 0.537864 0.322669 0.012960 0.043612 0.006693
3 0.573754 0.331066 0.069468 0.104473 0.880797
3 0.573370 0.330819 0.068689 0.106489 0.880797
3 0.573759 0.330766 0.069460 0.106596 0.880797
3 0.536571 0.322508 0.011831 0.045776 0.001501
3 0.573368 0.330731 0.068697 0.106383 0.880797
3 0.573370 0.329837 0.068689 0.108280 0.880797
3 0.574437 0.329385 0.068102 0.107374 0.880797
3 0.573349 0.330332 0.068635 0.105526 0.880797
4 0.661383 0.332770 0.030675 0.066490 0.004070
4 0.155748 0.353286 0.027016 0.090441 0.004070
4 0.393715 0.349370 0.015959 0.069774 0.004070
4 0.659532 0.335454 0.027494 0.068015 0.004070
4 0.661527 0.335749 0.030120 0.067419 0.010987
4 0.720683 0.347319 0.032833 0.092501 0.001501
4 0.723571 0.349156 0.036301 0.095416 0.004070
4 0.081379 0.352448 0.016524 0.054906 0.002473
4 0.151310 0.361450 0.021954 0.074781 0.004070
4 0.155949 0.362038 0.026308 0.073520 0.010987
4 0.158348 0.355938 0.030681 0.081577 0.002473
4 0.394685 0.351114 0.015041 0.066664 0.010987
4 0.404001 0.346983 0.032835 0.063535 0.001501
4 0.417215 0.341647 0.012734 0.030541 0.002473
4 0.660296 0.336594 0.029299 0.070990 0.004070
4 0.661652 0.335793 0.029868 0.068195 0.010987
4 0.720722 0.348823 0.033605 0.095453 0.001501
4 0.721643 0.348562 0.034785 0.094932 0.002473
4 0.722446 0.347787 0.036189 0.097859 0.002473
4 0.013468 0.361970 0.027049 0.153257 0.002473
4 0.074248 0.346474 0.023640 0.052365 0.001501
4 0.080547 0.353375 0.014580 0.056602 0.001501
4 0.151575 0.361413 0.020257 0.074488 0.002473
4 0.155967 0.362392 0.026298 0.072822 0.010987
4 0.158359 0.356208 0.030575 0.079962 0.001501
4 0.394518 0.352496 0.014307 0.064395 0.006693
4 0.400327 0.351191 0.022750 0.066874 0.001501
4 0.659928 0.337015 0.026816 0.071116 0.004070
4 0.660827 0.338413 0.028591 0.073968 0.010987
4 0.722922 0.348412 0.035397 0.099243 0.002473
4 0.014125 0.361757 0.028366 0.153850 0.004070
4 0.014547 0.359985 0.029142 0.166233 0.001501
4 0.153223 0.360576 0.021259 0.076510 0.004070
4 0.158591 0.359548 0.033525 0.080249 0.002473
4 0.721818 0.353211 0.034761 0.104701 0.002473
4 0.722697 0.354377 0.035857 0.108863 0.001501
4 0.014582 0.364726 0.029279 0.161077 0.004070
4 0.013843 0.361558 0.030752 0.170855 0.002473
4 0.015163 0.370180 0.030441 0.161355 0.006693
4 0.014702 0.371017 0.029350 0.159567 0.002473
4 0.014636 0.377330 0.032469 0.164063 0.004070
4 0.015384 0.382895 0.030095 0.141862 0.004070
5 0.064713 0.340629 0.013125 0.046785 0.001501
5 0.081255 0.347505 0.016295 0.065180 0.029312
5 0.089107 0.345925 0.026966 0.064800 0.004070
5 0.393715 0.349370 0.015959 0.069774 0.001501
5 0.420508 0.333783 0.013397 0.040775 0.002473
5 0.659532 0.335454 0.027494 0.068015 0.002473
5 0.661527 0.335749 0.030120 0.067419 0.001501
5 0.066109 0.341689 0.015620 0.044321 0.004070
5 0.081379 0.352448 0.016524 0.054906 0.075858
5 0.086989 0.352496 0.027697 0.055270 0.010987
5 0.092356 0.347134 0.034822 0.061589 0.001501
5 0.394685 0.351114 0.015041 0.066664 0.001501
5 0.417215 0.341647 0.012734 0.030541 0.006693
5 0.536571 0.322508 0.011831 0.045776 0.001501
5 0.660296 0.336594 0.029299 0.070990 0.001501
5 0.661652 0.335793 0.029868 0.068195 0.001501
5 0.721643 0.348562 0.034785 0.094932 0.001501
5 0.013468 0.361970 0.027049 0.153257 0.001501
5 0.074248 0.346474 0.023640 0.052365 0.010987
5 0.080547 0.353375 0.014580 0.056602 0.075858
5 0.087681 0.353317 0.025636 0.053438 0.029312
5 0.092729 0.349982 0.031728 0.060757 0.002473
5 0.394518 0.352496 0.014307 0.064395 0.001501
5 0.660827 0.338413 0.028591 0.073968 0.001501
5 0.149610 0.363431 0.016321 0.074806 0.002473
5 0.153223 0.360576 0.021259 0.076510 0.002473
5 0.158591 0.359548 0.033525 0.080249 0.001501
