0 0.857934 0.290557 0.016451 0.128311 0.004070
0 0.005588 0.313403 0.011203 0.191790 0.002473
0 0.855583 0.298983 0.017005 0.099913 0.119203
0 0.931234 0.274351 0.015903 0.058639 0.010987
0 0.993676 0.283075 0.012783 0.327088 0.001501
0 0.004911 0.331299 0.009851 0.187972 0.004070
0 0.584229 0.302777 0.012710 0.050818 0.001501
0 0.855566 0.299176 0.016957 0.099398 0.182426
0 0.930547 0.275285 0.017076 0.064208 0.010987
0 0.935308 0.280793 0.024092 0.075504 0.001501
0 0.993708 0.312246 0.012718 0.290410 0.002473
0 0.005630 0.333427 0.011291 0.203432 0.004070
0 0.856250 0.299500 0.015637 0.099194 0.268941
0 0.930561 0.290774 0.017046 0.095484 0.002473
0 0.993722 0.326772 0.012752 0.273454 0.002473
0 0.006517 0.349577 0.013085 0.240185 0.002473
0 0.855569 0.300884 0.016988 0.096834 0.268941
0 0.931178 0.302555 0.018748 0.120149 0.001501
0 0.993700 0.333597 0.012717 0.295215 0.006693
0 0.855557 0.302276 0.017007 0.098821 0.119203
0 0.992928 0.332463 0.014231 0.270927 0.010987
0 0.855490 0.315333 0.018560 0.135840 0.002473
0 0.987209 0.342231 0.026054 0.220797 0.001501
0 0.993662 0.335892 0.012764 0.266145 0.017986
0 0.993694 0.334013 0.009674 0.269586 0.029312
0 0.994465 0.336721 0.011220 0.266114 0.029312
0 0.995211 0.339602 0.009831 0.264996 0.010987
0 0.994517 0.342150 0.011219 0.261664 0.006693
0 0.994582 0.344196 0.011286 0.311428 0.002473
1 0.411310 0.329100 0.039863 0.055289 0.002473
1 0.411401 0.329053 0.039675 0.055177 0.004070
1 0.411304 0.329036 0.039462 0.055158 0.004070
1 0.455738 0.317053 0.017699 0.037723 0.006693
1 0.463486 0.311565 0.017317 0.026699 0.001501
1 0.505691 0.321993 0.030612 0.051056 0.010987
1 0.505696 0.321756 0.030604 0.055119 0.010987
1 0.506249 0.321761 0.029584 0.055130 0.010987
1 0.598174 0.314638 0.041240 0.043154 0.002473
1 0.611076 0.316463 0.014251 0.033755 0.029312
1 0.618786 0.315778 0.028079 0.035132 0.004070
1 0.633247 0.315753 0.029365 0.035072 0.004070
1 0.640762 0.313652 0.035190 0.039443 0.002473
1 0.656516 0.312115 0.018076 0.048021 0.004070
1 0.411750 0.329851 0.039007 0.053741 0.817575
1 0.411763 0.330983 0.038976 0.056005 0.817575
1 0.410897 0.329855 0.041000 0.053757 0.880797
1 0.412395 0.328547 0.040829 0.051095 0.047426
1 0.443372 0.326887 0.023232 0.028819 0.817575
1 0.455401 0.324018 0.014280 0.028325 0.500000
1 0.466081 0.314773 0.014911 0.021617 0.004070
1 0.485744 0.316409 0.011985 0.018260 0.001501
1 0.505689 0.322895 0.030609 0.052890 0.010987
1 0.506237 0.321352 0.029519 0.049770 0.004070
1 0.505707 0.322009 0.030664 0.051103 0.006693
1 0.598989 0.318249 0.038522 0.036480 0.002473
1 0.610955 0.317095 0.013988 0.032504 0.075858
1 0.614396 0.315941 0.020550 0.034873 0.006693
1 0.632852 0.315939 0.029528 0.034852 0.004070
1 0.637616 0.315074 0.035889 0.036704 0.004070
1 0.655741 0.315230 0.019495 0.042013 0.001501
1 0.411823 0.330123 0.039145 0.053200 0.817575
1 0.411759 0.330123 0.038985 0.053198 0.817575
1 0.410832 0.331283 0.040847 0.055413 0.880797
1 0.411188 0.330098 0.041335 0.053434 0.182426
1 0.505293 0.322044 0.029815 0.051032 0.017986
1 0.506224 0.322032 0.029476 0.051048 0.010987
1 0.505713 0.322027 0.030654 0.051068 0.006693
1 0.281030 0.368199 0.226237 0.217151 0.924142
1 0.281606 0.366361 0.225091 0.217649 0.924142
1 0.282288 0.366223 0.226400 0.217504 0.924142
1 0.281031 0.367695 0.226370 0.216195 0.939913
1 0.281731 0.368251 0.227481 0.217117 0.924142
1 0.281657 0.366661 0.225023 0.218318 0.924142
1 0.281737 0.367666 0.227516 0.216074 0.924142
1 0.281731 0.367728 0.227576 0.216218 0.924142
1 0.281704 0.366321 0.227462 0.222070 0.004070
1 0.281032 0.367136 0.226137 0.219069 0.939913
1 0.281679 0.367089 0.225061 0.218918 0.924142
2 0.455738 0.317053 0.017699 0.037723 0.017986
2 0.463486 0.311565 0.017317 0.026699 0.010987
3 0.455738 0.317053 0.017699 0.037723 0.010987
3 0.463486 0.311565 0.017317 0.026699 0.006693
3 0.505691 0.321993 0.030612 0.051056 0.731059
3 0.505696 0.321756 0.030604 0.055119 0.731059
3 0.506249 0.321761 0.029584 0.055130 0.731059
3 0.455401 0.324018 0.014280 0.028325 0.017986
3 0.505689 0.322895 0.030609 0.052890 0.817575
3 0.506237 0.321352 0.029519 0.049770 0.731059
3 0.505707 0.322009 0.030664 0.051103 0.731059
3 0.505293 0.322044 0.029815 0.051032 0.731059
3 0.506224 0.322032 0.029476 0.051048 0.817575
3 0.505713 0.322027 0.030654 0.051068 0.731059
4 0.007327 0.353495 0.014721 0.238372 0.004070
4 0.007889 0.365851 0.015839 0.239609 0.004070
4 0.011200 0.362978 0.022472 0.217687 0.001501
4 0.007316 0.366901 0.014695 0.238417 0.002473
4 0.005624 0.372313 0.011300 0.232029 0.001501
5 0.611076 0.316463 0.014251 0.033755 0.001501
