0 0.554687 0.314382 0.012711 0.074307 0.017986
0 0.434495 0.319892 0.016015 0.056590 0.006693
0 0.544986 0.317505 0.015036 0.042682 0.004070
0 0.553495 0.322745 0.010091 0.057745 0.268941
0 0.587087 0.326678 0.014747 0.060492 0.075858
0 0.589713 0.326635 0.012641 0.060364 0.500000
0 0.434771 0.323057 0.016568 0.057116 0.004070
0 0.488609 0.316485 0.011018 0.024151 0.001501
0 0.542303 0.321710 0.010054 0.037522 0.006693
0 0.553495 0.324497 0.010079 0.054272 0.500000
0 0.587875 0.327811 0.016295 0.062426 0.075858
0 0.590255 0.326668 0.013723 0.060191 0.622459
0 0.434696 0.324407 0.016407 0.054513 0.017986
0 0.543045 0.325805 0.011201 0.041120 0.001501
0 0.553488 0.325507 0.010104 0.057358 0.377541
0 0.588141 0.327866 0.015703 0.062464 0.047426
0 0.589739 0.327812 0.012588 0.062428 0.622459
0 0.525359 0.989133 0.023274 0.021790 0.002473
0 0.541922 0.987789 0.018628 0.024478 0.001501
0 0.557669 0.989287 0.020740 0.021514 0.002473
0 0.567793 0.988260 0.011406 0.023509 0.017986
0 0.580401 0.992028 0.012928 0.021184 0.001501
1 0.006281 0.320717 0.012665 0.161204 0.001501
1 0.007856 0.342254 0.012720 0.122147 0.010987
1 0.434495 0.319892 0.016015 0.056590 0.010987
1 0.462094 0.322794 0.041696 0.049165 0.029312
1 0.463036 0.322227 0.040911 0.047923 0.817575
1 0.462638 0.322892 0.040113 0.046595 0.817575
1 0.463493 0.322435 0.040092 0.045698 0.377541
1 0.573738 0.316156 0.033150 0.044353 0.006693
1 0.007058 0.355565 0.014166 0.125894 0.010987
1 0.434771 0.323057 0.016568 0.057116 0.006693
1 0.462332 0.322977 0.041992 0.046494 0.377541
1 0.462577 0.323580 0.040275 0.047939 0.817575
1 0.462623 0.323581 0.041729 0.047934 0.731059
1 0.462627 0.324019 0.041811 0.047087 0.622459
1 0.488609 0.316485 0.011018 0.024151 0.017986
1 0.511002 0.316525 0.011420 0.017798 0.017986
1 0.525265 0.320507 0.014931 0.025692 0.500000
1 0.525736 0.322909 0.015617 0.025977 0.731059
1 0.542303 0.321710 0.010054 0.037522 0.002473
1 0.568561 0.323542 0.030789 0.044062 0.004070
1 0.593606 0.326734 0.035760 0.047867 0.004070
1 0.687403 0.343730 0.066877 0.067696 0.817575
1 0.686941 0.342449 0.068099 0.065138 0.817575
1 0.686957 0.343718 0.068072 0.067715 0.817575
1 0.007056 0.360636 0.014166 0.134137 0.017986
1 0.434696 0.324407 0.016407 0.054513 0.004070
1 0.460890 0.323171 0.044525 0.052447 0.029312
1 0.462510 0.323598 0.041994 0.047910 0.731059
1 0.462558 0.323600 0.041858 0.047910 0.817575
1 0.462681 0.322950 0.041701 0.046590 0.731059
1 0.686902 0.343724 0.068034 0.062573 0.880797
1 0.686950 0.343743 0.068117 0.062540 0.880797
1 0.686979 0.343739 0.068059 0.062549 0.880797
1 0.687033 0.343752 0.067920 0.062585 0.817575
1 0.007092 0.365772 0.014241 0.136963 0.017986
1 0.686941 0.345015 0.068107 0.065125 0.880797
1 0.686937 0.345010 0.068107 0.065121 0.880797
1 0.686972 0.343731 0.068094 0.062581 0.880797
1 0.007737 0.390017 0.015504 0.090398 0.017986
1 0.007708 0.407230 0.015433 0.075885 0.010987
1 0.007026 0.407212 0.014084 0.095376 0.017986
1 0.007031 0.415146 0.014159 0.117554 0.004070
1 0.977631 0.508559 0.044749 0.538338 0.047426
1 0.977138 0.517701 0.042713 0.485388 0.002473
1 0.977471 0.511604 0.045091 0.500834 0.622459
1 0.976806 0.513155 0.043346 0.493349 0.731059
1 0.977139 0.524136 0.042730 0.479100 0.500000
1 0.977074 0.511534 0.045871 0.503391 0.622459
1 0.977483 0.513013 0.045045 0.501068 0.731059
1 0.976830 0.528839 0.043355 0.467588 0.500000
1 0.977481 0.517122 0.045062 0.490723 0.622459
1 0.977483 0.514370 0.045053 0.492984 0.622459
1 0.977482 0.526313 0.045071 0.475662 0.500000
1 0.977493 0.527148 0.045074 0.477689 0.268941
2 0.573738 0.316156 0.033150 0.044353 0.001501
3 0.544986 0.317505 0.015036 0.042682 0.001501
3 0.573738 0.316156 0.033150 0.044353 0.004070
3 0.525265 0.320507 0.014931 0.025692 0.002473
3 0.525736 0.322909 0.015617 0.025977 0.002473
3 0.568561 0.323542 0.030789 0.044062 0.001501
4 0.007856 0.342254 0.012720 0.122147 0.002473
4 0.434495 0.319892 0.016015 0.056590 0.001501
4 0.007058 0.355565 0.014166 0.125894 0.002473
4 0.434771 0.323057 0.016568 0.057116 0.001501
4 0.007056 0.360636 0.014166 0.134137 0.002473
4 0.434696 0.324407 0.016407 0.054513 0.004070
5 0.429528 0.320858 0.026490 0.054699 0.002473
5 0.434495 0.319892 0.016015 0.056590 0.500000
5 0.462094 0.322794 0.041696 0.049165 0.001501
5 0.429339 0.323330 0.028205 0.051854 0.002473
5 0.434771 0.323057 0.016568 0.057116 0.622459
5 0.462332 0.322977 0.041992 0.046494 0.006693
5 0.430094 0.324625 0.027435 0.049939 0.006693
5 0.434696 0.324407 0.016407 0.054513 0.622459
5 0.460890 0.323171 0.044525 0.052447 0.010987
