0 0.509963 0.326962 0.009361 0.029698 0.002473
0 0.578478 0.325925 0.010117 0.037276 0.002473
0 0.443985 0.330490 0.013027 0.047417 0.001501
0 0.509999 0.329314 0.009404 0.034328 0.004070
0 0.004813 0.349976 0.009662 0.329161 0.001501
1 0.362347 0.339486 0.156161 0.178984 0.880797
1 0.361691 0.339489 0.154789 0.179007 0.880797
1 0.450691 0.325951 0.023372 0.050976 0.075858
1 0.454352 0.323494 0.022353 0.044847 0.119203
1 0.361820 0.338312 0.154559 0.181784 0.880797
1 0.361228 0.339212 0.155645 0.178453 0.924142
1 0.360462 0.337935 0.154113 0.181006 0.880797
1 0.446975 0.327957 0.018988 0.047323 0.182426
1 0.454689 0.324243 0.023739 0.042014 0.500000
1 0.471785 0.322814 0.013038 0.026505 0.017986
1 0.478342 0.322865 0.010453 0.021048 0.002473
1 0.490963 0.322919 0.010162 0.015784 0.004070
1 0.509963 0.326962 0.009361 0.029698 0.002473
1 0.529763 0.329423 0.034596 0.039040 0.377541
1 0.541062 0.329645 0.051255 0.039447 0.817575
1 0.541010 0.329646 0.051202 0.043999 0.817575
1 0.540327 0.332048 0.052474 0.039208 0.817575
1 0.361822 0.338201 0.154501 0.181555 0.880797
1 0.360500 0.339673 0.154028 0.179347 0.952574
1 0.360487 0.340993 0.154064 0.176887 0.924142
1 0.443985 0.330490 0.013027 0.047417 0.182426
1 0.455790 0.324450 0.021428 0.041787 0.377541
1 0.541000 0.333317 0.051242 0.041869 0.500000
1 0.540357 0.333314 0.052618 0.041775 0.817575
1 0.541043 0.332058 0.051288 0.044274 0.880797
1 0.541387 0.332042 0.051864 0.044280 0.817575
1 0.542406 0.329714 0.056248 0.044309 0.004070
1 0.361789 0.338412 0.154499 0.182038 0.952574
1 0.360247 0.339077 0.151499 0.183348 0.952574
1 0.746418 0.421754 0.313762 0.333343 0.924142
1 0.743509 0.421780 0.309917 0.333352 0.924142
1 0.744271 0.420504 0.311494 0.330767 0.924142
1 0.743600 0.420582 0.309763 0.335928 0.924142
1 0.746363 0.419304 0.313641 0.333403 0.924142
1 0.744413 0.419284 0.311172 0.333350 0.924142
1 0.743835 0.419289 0.309265 0.333376 0.924142
1 0.746320 0.419316 0.313755 0.328267 0.924142
1 0.743448 0.420593 0.310034 0.330783 0.904651
1 0.743727 0.420635 0.309443 0.330778 0.924142
2 0.455790 0.324450 0.021428 0.041787 0.001501
3 0.450691 0.325951 0.023372 0.050976 0.006693
3 0.454352 0.323494 0.022353 0.044847 0.047426
3 0.446975 0.327957 0.018988 0.047323 0.004070
3 0.454689 0.324243 0.023739 0.042014 0.119203
3 0.443985 0.330490 0.013027 0.047417 0.002473
3 0.455790 0.324450 0.021428 0.041787 0.075858
4 0.035162 0.350455 0.051845 0.126808 0.001501
4 0.042106 0.369685 0.037821 0.083834 0.001501
4 0.036441 0.362283 0.049041 0.103589 0.001501
4 0.044288 0.370529 0.033408 0.082092 0.002473
5 0.446975 0.327957 0.018988 0.047323 0.010987
5 0.443985 0.330490 0.013027 0.047417 0.010987
