0 0.468021 0.324167 0.011442 0.023508 0.006693
1 0.394193 0.337034 0.048660 0.085683 0.880797
1 0.293899 0.367429 0.175170 0.193252 0.006693
1 0.394222 0.335748 0.048780 0.088211 0.880797
1 0.393923 0.337034 0.049203 0.085643 0.817575
1 0.393745 0.337046 0.049284 0.085693 0.880797
1 0.432482 0.324960 0.018091 0.030146 0.500000
1 0.456931 0.324165 0.008206 0.018377 0.002473
1 0.468021 0.324167 0.011442 0.023508 0.047426
1 0.480335 0.326243 0.020387 0.027531 0.817575
1 0.494082 0.326339 0.012300 0.028951 0.004070
1 0.509584 0.323282 0.016729 0.027180 0.004070
1 0.293527 0.363308 0.174738 0.190105 0.880797
1 0.293568 0.363294 0.175370 0.190081 0.182426
1 0.292816 0.362148 0.176584 0.192326 0.006693
1 0.393801 0.338151 0.049445 0.083343 0.880797
1 0.393736 0.337032 0.049296 0.085625 0.880797
1 0.393744 0.337022 0.049290 0.085624 0.817575
1 0.293328 0.364588 0.175394 0.187537 0.924142
1 0.293249 0.363329 0.176288 0.190088 0.924142
1 0.292719 0.364591 0.176325 0.187534 0.622459
1 0.394073 0.335744 0.048912 0.088196 0.880797
1 0.393809 0.337033 0.049149 0.085643 0.880797
1 0.394078 0.337028 0.048897 0.085670 0.880797
1 0.293262 0.364570 0.175268 0.187481 0.119203
1 0.293179 0.364579 0.176146 0.187495 0.880797
1 0.292792 0.363304 0.175750 0.184949 0.731059
1 0.293367 0.363163 0.174986 0.190377 0.777300
1 0.293967 0.361779 0.173792 0.187979 0.017986
1 0.293900 0.363231 0.176117 0.190160 0.962673
1 0.292696 0.362812 0.173693 0.191034 0.880797
3 0.431867 0.318240 0.017379 0.035609 0.004070
3 0.432482 0.324960 0.018091 0.030146 0.029312
3 0.480335 0.326243 0.020387 0.027531 0.001501
3 0.113295 0.315242 0.226684 0.625324 0.880797
3 0.112500 0.313956 0.225018 0.622641 0.880797
3 0.112575 0.314097 0.225146 0.628171 0.880797
3 0.113450 0.316539 0.223762 0.633403 0.119203
3 0.111427 0.318784 0.222905 0.636793 0.022977
3 0.111717 0.318156 0.226646 0.641428 0.880797
3 0.111720 0.317399 0.226558 0.639944 0.880797
3 0.112569 0.317421 0.222042 0.639979 0.880797
3 0.112571 0.318285 0.222067 0.641533 0.817575
3 0.111647 0.320746 0.223480 0.636347 0.679179
3 0.111706 0.321389 0.226594 0.637909 0.880797
3 0.111021 0.319150 0.222027 0.638910 0.904651
5 0.468021 0.324167 0.011442 0.023508 0.001501
