0 0.519453 0.319615 0.008241 0.022609 0.002473
1 0.007522 0.245210 0.015074 0.074018 0.002473
1 0.012342 0.264548 0.024715 0.082197 0.004070
1 0.015987 0.271736 0.031929 0.083530 0.010987
1 0.052572 0.267671 0.041672 0.114914 0.001501
1 0.052417 0.266632 0.041704 0.118279 0.001501
1 0.014916 0.278893 0.029925 0.083511 0.010987
1 0.015381 0.280300 0.030770 0.080302 0.029312
1 0.051846 0.268770 0.040566 0.113923 0.001501
1 0.051713 0.267941 0.039197 0.115690 0.002473
1 0.281469 0.255741 0.071151 0.028314 0.001501
1 0.016186 0.280552 0.029517 0.080936 0.029312
1 0.016154 0.281820 0.029275 0.075836 0.029312
1 0.023320 0.282585 0.030826 0.075162 0.001501
1 0.051089 0.271602 0.039154 0.105773 0.002473
1 0.015153 0.282198 0.030461 0.076038 0.010987
1 0.015987 0.283060 0.028828 0.073078 0.010987
1 0.025803 0.281878 0.023288 0.068920 0.001501
1 0.046546 0.283310 0.030087 0.083282 0.004070
1 0.477921 0.319776 0.025080 0.040391 0.731059
1 0.477950 0.320230 0.024916 0.039465 0.731059
1 0.534438 0.319810 0.019050 0.040440 0.500000
1 0.555534 0.324931 0.033073 0.053315 0.731059
1 0.554239 0.323805 0.033504 0.051055 0.817575
1 0.555014 0.323797 0.032054 0.051065 0.817575
1 0.046045 0.288529 0.027548 0.080130 0.001501
1 0.477906 0.320914 0.025058 0.040730 0.731059
1 0.478463 0.320255 0.023866 0.039407 0.817575
1 0.532371 0.319893 0.020611 0.040269 0.731059
1 0.553864 0.323840 0.032739 0.051025 0.731059
1 0.555699 0.323846 0.030637 0.051019 0.817575
1 0.555013 0.324473 0.032040 0.049773 0.731059
1 0.582034 0.325372 0.014162 0.032865 0.002473
1 0.673757 0.364765 0.188909 0.187887 0.119203
1 0.318594 0.337774 0.053204 0.052693 0.001501
1 0.554257 0.324517 0.033522 0.049686 0.817575
1 0.555696 0.324517 0.030617 0.049681 0.924142
1 0.555019 0.324516 0.032028 0.049689 0.817575
1 0.673905 0.365830 0.189767 0.184924 0.880797
1 0.673235 0.364564 0.190319 0.192590 0.006693
1 0.673716 0.363310 0.189389 0.184952 0.880797
1 0.673080 0.364594 0.190175 0.182404 0.924142
1 0.673069 0.364615 0.189740 0.187514 0.182426
1 0.674295 0.363274 0.188970 0.184937 0.075858
1 0.673221 0.363313 0.190322 0.184916 0.029312
1 0.673339 0.363296 0.189804 0.184944 0.377541
1 0.673564 0.363296 0.190991 0.184888 0.777300
1 0.674273 0.363117 0.192363 0.185244 0.008577
1 0.672981 0.363831 0.189770 0.183784 0.047426
1 0.672526 0.362400 0.188893 0.181636 0.962673
1 0.673633 0.363530 0.191104 0.184357 0.962673
1 0.673663 0.364873 0.191062 0.186911 0.268941
1 0.672961 0.363865 0.189844 0.184117 0.679179
2 0.014916 0.278893 0.029925 0.083511 0.004070
2 0.015381 0.280300 0.030770 0.080302 0.001501
2 0.016186 0.280552 0.029517 0.080936 0.002473
2 0.016154 0.281820 0.029275 0.075836 0.002473
2 0.015153 0.282198 0.030461 0.076038 0.001501
3 0.006445 0.238029 0.013040 0.103646 0.001501
3 0.007522 0.245210 0.015074 0.074018 0.002473
3 0.016121 0.256448 0.032033 0.096752 0.001501
3 0.039370 0.253393 0.040752 0.087136 0.002473
3 0.051379 0.266416 0.040920 0.112188 0.047426
3 0.051767 0.265546 0.040256 0.117501 0.029312
3 0.053847 0.261877 0.045307 0.117170 0.010987
3 0.126807 0.262644 0.172107 0.160254 0.002473
3 0.012342 0.264548 0.024715 0.082197 0.001501
3 0.015987 0.271736 0.031929 0.083530 0.002473
3 0.035251 0.260749 0.034070 0.086683 0.002473
3 0.052572 0.267671 0.041672 0.114914 0.268941
3 0.052417 0.266632 0.041704 0.118279 0.182426
3 0.052832 0.265106 0.042460 0.119972 0.047426
3 0.128447 0.263640 0.175651 0.157797 0.924142
3 0.128004 0.263640 0.172509 0.157800 0.880797
3 0.128418 0.263950 0.171657 0.158835 0.731059
3 0.014916 0.278893 0.029925 0.083511 0.006693
3 0.015381 0.280300 0.030770 0.080302 0.010987
3 0.027327 0.277358 0.032366 0.088566 0.001501
3 0.051846 0.268770 0.040566 0.113923 0.268941
3 0.051713 0.267941 0.039197 0.115690 0.119203
3 0.052934 0.265140 0.042658 0.121289 0.047426
3 0.128853 0.263080 0.175942 0.156650 0.880797
3 0.128478 0.262026 0.171435 0.158935 0.880797
3 0.129140 0.262476 0.172665 0.159841 0.880797
3 0.016186 0.280552 0.029517 0.080936 0.010987
3 0.016154 0.281820 0.029275 0.075836 0.017986
3 0.023320 0.282585 0.030826 0.075162 0.002473
3 0.051089 0.271602 0.039154 0.105773 0.119203
3 0.052125 0.268155 0.040629 0.113394 0.047426
3 0.054389 0.271332 0.045556 0.109135 0.004070
3 0.128722 0.263168 0.171663 0.156651 0.817575
3 0.128644 0.263189 0.171131 0.156608 0.880797
3 0.128648 0.264405 0.170941 0.154179 0.817575
3 0.406153 0.317689 0.112647 0.135457 0.880797
3 0.470900 0.304263 0.021456 0.051664 0.002473
3 0.015153 0.282198 0.030461 0.076038 0.006693
3 0.015987 0.283060 0.028828 0.073078 0.010987
3 0.025803 0.281878 0.023288 0.068920 0.001501
3 0.046546 0.283310 0.030087 0.083282 0.047426
3 0.051937 0.277783 0.039636 0.096959 0.029312
3 0.056716 0.279727 0.049018 0.095836 0.004070
3 0.130016 0.262911 0.171123 0.156895 0.731059
3 0.405531 0.316233 0.110808 0.137617 0.880797
3 0.405432 0.317579 0.111082 0.135206 0.924142
3 0.404703 0.317497 0.112536 0.135078 0.880797
3 0.499907 0.310080 0.021883 0.036844 0.731059
3 0.501427 0.310091 0.022185 0.036897 0.731059
3 0.534438 0.319810 0.019050 0.040440 0.047426
3 0.046045 0.288529 0.027548 0.080130 0.006693
3 0.051302 0.286527 0.035068 0.080487 0.004070
3 0.404804 0.317485 0.109573 0.135114 0.880797
3 0.406182 0.316111 0.112649 0.137384 0.924142
3 0.404017 0.316231 0.113908 0.137617 0.924142
3 0.499882 0.310110 0.021792 0.036923 0.622459
3 0.500036 0.310421 0.021954 0.032619 0.622459
3 0.532371 0.319893 0.020611 0.040269 0.029312
3 0.404687 0.316109 0.112509 0.137407 0.880797
3 0.404688 0.317403 0.112572 0.134807 0.880797
3 0.403993 0.318792 0.113944 0.132494 0.817575
4 0.298656 0.372547 0.028966 0.118899 0.002473
4 0.321832 0.370054 0.070546 0.124348 0.001501
4 0.297839 0.375881 0.029912 0.116771 0.001501
