0 0.503003 0.316246 0.009496 0.024647 0.001501
0 0.426633 0.326592 0.021774 0.042694 0.001501
0 0.797681 0.355104 0.010880 0.054407 0.001501
0 0.006273 0.358889 0.012866 0.174544 0.001501
0 0.951461 0.448425 0.097174 0.847844 0.003173
0 0.953631 0.449319 0.095908 0.843383 0.001501
0 0.950825 0.442868 0.095241 0.829818 0.001170
0 0.952996 0.443837 0.103640 0.830239 0.002473
0 0.952298 0.453149 0.101346 0.817020 0.001501
1 0.436100 0.314113 0.014546 0.040925 0.001501
1 0.453593 0.313779 0.029147 0.044252 0.731059
1 0.453711 0.311219 0.029361 0.044250 0.880797
1 0.455133 0.312479 0.029152 0.041777 0.047426
1 0.551650 0.326251 0.056385 0.069221 0.924142
1 0.550731 0.326246 0.054560 0.069237 0.880797
1 0.551998 0.324980 0.054013 0.071880 0.880797
1 0.427862 0.325813 0.019498 0.040050 0.001501
1 0.453592 0.314881 0.029154 0.046555 0.817575
1 0.454459 0.313767 0.028147 0.044261 0.880797
1 0.465852 0.313960 0.012653 0.038832 0.029312
1 0.476098 0.315315 0.012233 0.020263 0.001501
1 0.497249 0.317906 0.013761 0.021344 0.010987
1 0.552411 0.324949 0.054855 0.071777 0.880797
1 0.551635 0.326888 0.056346 0.070487 0.880797
1 0.551239 0.326895 0.055559 0.070477 0.880797
1 0.551225 0.326881 0.055529 0.070483 0.924142
1 0.587338 0.327043 0.015193 0.026771 0.006693
1 0.589284 0.326745 0.015664 0.023664 0.006693
1 0.552414 0.326900 0.054854 0.070482 0.880797
1 0.551238 0.325623 0.055559 0.073044 0.924142
1 0.551227 0.326877 0.055527 0.070505 0.880797
1 0.953171 0.518855 0.093697 0.592290 0.002473
1 0.952641 0.515904 0.094773 0.592080 0.004070
1 0.953160 0.539177 0.093676 0.593022 0.119203
1 0.952775 0.539350 0.094502 0.583501 0.075858
1 0.951395 0.554875 0.094158 0.600550 0.010987
1 0.952084 0.552090 0.092795 0.599619 0.047426
1 0.952846 0.566558 0.094336 0.589082 0.001501
1 0.268232 0.324709 0.263742 0.339565 0.119203
1 0.269008 0.323691 0.265166 0.337432 0.904651
1 0.268226 0.324894 0.263558 0.339784 0.939913
1 0.269299 0.324023 0.264492 0.341464 0.939913
1 0.269006 0.322587 0.265231 0.335378 0.904651
1 0.269703 0.322919 0.266768 0.339189 0.924142
1 0.268999 0.324906 0.265110 0.339918 0.924142
1 0.269147 0.323712 0.264829 0.337539 0.939913
1 0.268368 0.325827 0.263312 0.338026 0.924142
1 0.268290 0.323673 0.263431 0.337664 0.924142
1 0.270019 0.323561 0.266104 0.337877 0.500000
1 0.954566 0.443549 0.091218 0.824887 0.002473
1 0.951461 0.448425 0.097174 0.847844 0.731059
1 0.953631 0.449319 0.095908 0.843383 0.731059
1 0.953720 0.449902 0.102346 0.839412 0.029312
1 0.950825 0.442868 0.095241 0.829818 0.777300
1 0.953085 0.444512 0.096847 0.828106 0.777300
1 0.952996 0.443837 0.103640 0.830239 0.622459
1 0.950055 0.447648 0.096706 0.816855 0.731059
1 0.951587 0.449705 0.099771 0.815754 0.777300
1 0.952298 0.453149 0.101346 0.817020 0.562177
1 0.950063 0.456026 0.099773 0.809148 0.731059
1 0.950044 0.458044 0.099740 0.804889 0.731059
1 0.953101 0.467072 0.100411 0.794749 0.022977
1 0.950096 0.490027 0.099731 0.737570 0.029312
2 0.268232 0.324709 0.263742 0.339565 0.003173
2 0.269008 0.323691 0.265166 0.337432 0.001501
2 0.269006 0.322587 0.265231 0.335378 0.003173
3 0.455133 0.312479 0.029152 0.041777 0.001501
3 0.951461 0.448425 0.097174 0.847844 0.008577
3 0.953631 0.449319 0.095908 0.843383 0.006693
3 0.950825 0.442868 0.095241 0.829818 0.005220
3 0.953085 0.444512 0.096847 0.828106 0.005220
3 0.952996 0.443837 0.103640 0.830239 0.006693
3 0.950055 0.447648 0.096706 0.816855 0.002473
3 0.951587 0.449705 0.099771 0.815754 0.003173
3 0.952298 0.453149 0.101346 0.817020 0.004070
3 0.950063 0.456026 0.099773 0.809148 0.002473
3 0.950044 0.458044 0.099740 0.804889 0.003173
4 0.424173 0.327894 0.020430 0.038342 0.001501
4 0.423094 0.328534 0.018340 0.041811 0.002473
4 0.426633 0.326592 0.021774 0.042694 0.004070
5 0.424852 0.321119 0.019237 0.055664 0.002473
5 0.424173 0.327894 0.020430 0.038342 0.029312
5 0.427862 0.325813 0.019498 0.040050 0.017986
5 0.497249 0.317906 0.013761 0.021344 0.006693
5 0.418367 0.333269 0.029159 0.037761 0.001501
5 0.423094 0.328534 0.018340 0.041811 0.029312
5 0.426633 0.326592 0.021774 0.042694 0.075858
5 0.951461 0.448425 0.097174 0.847844 0.002473
5 0.950825 0.442868 0.095241 0.829818 0.001501
5 0.953085 0.444512 0.096847 0.828106 0.001170
5 0.952996 0.443837 0.103640 0.830239 0.002473
5 0.950055 0.447648 0.096706 0.816855 0.001501
5 0.951587 0.449705 0.099771 0.815754 0.001501
5 0.952298 0.453149 0.101346 0.817020 0.001927
5 0.950063 0.456026 0.099773 0.809148 0.001170
5 0.950044 0.458044 0.099740 0.804889 0.001501
