0 0.027629 0.310894 0.026431 0.108938 0.002473
0 0.030432 0.300286 0.018107 0.083086 0.017986
0 0.042030 0.296660 0.031471 0.080812 0.001501
0 0.057579 0.293365 0.013426 0.077797 0.004070
0 0.008778 0.331104 0.017865 0.135157 0.001501
0 0.027543 0.305301 0.024960 0.088673 0.006693
0 0.029979 0.301924 0.018389 0.081970 0.075858
0 0.033343 0.302266 0.028818 0.081070 0.017986
0 0.055425 0.298404 0.011218 0.070252 0.004070
0 0.066298 0.295117 0.018032 0.059372 0.001501
0 0.350438 0.321648 0.027934 0.098411 0.006693
0 0.351749 0.322135 0.030214 0.093939 0.001501
0 0.006763 0.338885 0.013705 0.116878 0.002473
0 0.027421 0.304268 0.028098 0.082767 0.004070
0 0.030764 0.300959 0.019767 0.081892 0.047426
0 0.036182 0.306419 0.035567 0.068933 0.010987
0 0.054574 0.311245 0.012840 0.055000 0.004070
0 0.351813 0.319642 0.033891 0.087660 0.001501
0 0.352408 0.321726 0.030988 0.089293 0.001501
0 0.005645 0.345847 0.011392 0.099991 0.004070
0 0.021467 0.327105 0.033090 0.102092 0.002473
0 0.030718 0.302777 0.019859 0.077880 0.047426
0 0.036911 0.312143 0.033881 0.060505 0.004070
0 0.050284 0.315771 0.021456 0.049366 0.002473
0 0.736030 0.332973 0.012578 0.067509 0.001501
0 0.782818 0.347492 0.012605 0.060499 0.029312
0 0.823138 0.345000 0.011766 0.060115 0.119203
0 0.825285 0.345030 0.013118 0.060059 0.017986
0 0.838770 0.348042 0.011160 0.053486 0.006693
0 0.864905 0.346198 0.010709 0.057979 0.010987
0 0.005540 0.347728 0.011193 0.096894 0.002473
0 0.028784 0.309776 0.024095 0.082852 0.006693
0 0.782798 0.349807 0.012584 0.060639 0.075858
0 0.823124 0.345256 0.011756 0.064671 0.182426
0 0.826024 0.348451 0.012350 0.053165 0.029312
0 0.839467 0.349998 0.009754 0.050000 0.047426
0 0.850975 0.345319 0.013534 0.024085 0.002473
0 0.864452 0.349045 0.009790 0.046885 0.017986
0 0.005541 0.347009 0.011185 0.098121 0.001501
0 0.782779 0.349490 0.012582 0.061647 0.075858
0 0.823129 0.345256 0.011749 0.059610 0.119203
0 0.826412 0.348518 0.011582 0.053060 0.010987
0 0.839275 0.351124 0.009402 0.053066 0.047426
0 0.860232 0.351878 0.012840 0.038022 0.004070
0 0.864462 0.351289 0.009775 0.047919 0.010987
0 0.005496 0.347834 0.011060 0.096753 0.004070
0 0.781208 0.353631 0.012679 0.069425 0.002473
0 0.006265 0.356094 0.009591 0.120539 0.004070
1 0.322949 0.325005 0.037924 0.109819 0.001501
1 0.350438 0.321648 0.027934 0.098411 0.010987
1 0.351749 0.322135 0.030214 0.093939 0.029312
1 0.006763 0.338885 0.013705 0.116878 0.004070
1 0.270970 0.322215 0.036173 0.047898 0.817575
1 0.270208 0.322848 0.034618 0.049153 0.880797
1 0.270960 0.322217 0.036157 0.047886 0.817575
1 0.293149 0.315038 0.014395 0.031279 0.001501
1 0.351813 0.319642 0.033891 0.087660 0.075858
1 0.352408 0.321726 0.030988 0.089293 0.047426
1 0.367122 0.315135 0.032752 0.042980 0.004070
1 0.377680 0.315766 0.016668 0.035203 0.006693
1 0.005645 0.345847 0.011392 0.099991 0.006693
1 0.021467 0.327105 0.033090 0.102092 0.001501
1 0.270203 0.322890 0.034641 0.046633 0.817575
1 0.270965 0.321793 0.036147 0.047036 0.817575
1 0.271637 0.322906 0.037512 0.046668 0.817575
1 0.293694 0.318459 0.012736 0.024941 0.029312
1 0.320312 0.332936 0.037596 0.110742 0.001501
1 0.351767 0.319869 0.032946 0.077568 0.119203
1 0.351668 0.323552 0.032515 0.080488 0.075858
1 0.373391 0.317487 0.024233 0.037434 0.010987
1 0.378174 0.318064 0.015619 0.030622 0.010987
1 0.782818 0.347492 0.012605 0.060499 0.002473
1 0.005540 0.347728 0.011193 0.096894 0.010987
1 0.095234 0.373865 0.165562 0.174121 0.924142
1 0.095345 0.375000 0.168928 0.171820 0.880797
1 0.094964 0.374999 0.168267 0.171903 0.880797
1 0.270968 0.321399 0.036168 0.049685 0.817575
1 0.270206 0.322276 0.034602 0.047921 0.817575
1 0.269520 0.322276 0.035982 0.047930 0.731059
1 0.351397 0.322352 0.032944 0.076973 0.047426
1 0.351488 0.323256 0.032871 0.078966 0.119203
1 0.354274 0.326390 0.034826 0.075183 0.010987
1 0.775173 0.346031 0.025867 0.038972 0.001501
1 0.782798 0.349807 0.012584 0.060639 0.006693
1 0.803184 0.348384 0.021921 0.043549 0.182426
1 0.803783 0.348428 0.020557 0.043507 0.377541
1 0.850975 0.345319 0.013534 0.024085 0.029312
1 0.005541 0.347009 0.011185 0.098121 0.006693
1 0.095001 0.374997 0.168098 0.171814 0.880797
1 0.094977 0.373863 0.168081 0.174080 0.880797
1 0.095731 0.373874 0.166633 0.174142 0.880797
1 0.350580 0.327751 0.034638 0.090172 0.017986
1 0.803219 0.347629 0.021962 0.045246 0.119203
1 0.803716 0.348378 0.020729 0.043635 0.268941
1 0.005496 0.347834 0.011060 0.096753 0.006693
1 0.095026 0.373698 0.168150 0.169272 0.880797
1 0.094979 0.376271 0.168141 0.169238 0.924142
1 0.093740 0.374986 0.168442 0.171808 0.924142
1 0.095360 0.373699 0.168958 0.169312 0.924142
2 0.005645 0.345847 0.011392 0.099991 0.001501
2 0.803184 0.348384 0.021921 0.043549 0.006693
2 0.803783 0.348428 0.020557 0.043507 0.029312
2 0.803219 0.347629 0.021962 0.045246 0.010987
2 0.803716 0.348378 0.020729 0.043635 0.017986
3 0.351749 0.322135 0.030214 0.093939 0.001501
3 0.006763 0.338885 0.013705 0.116878 0.001501
3 0.005645 0.345847 0.011392 0.099991 0.001501
3 0.782798 0.349807 0.012584 0.060639 0.001501
3 0.803184 0.348384 0.021921 0.043549 0.182426
3 0.803783 0.348428 0.020557 0.043507 0.268941
3 0.803219 0.347629 0.021962 0.045246 0.119203
3 0.803716 0.348378 0.020729 0.043635 0.119203
4 0.005645 0.345847 0.011392 0.099991 0.004070
4 0.966208 0.351000 0.017678 0.063844 0.001501
4 0.005540 0.347728 0.011193 0.096894 0.006693
4 0.192159 0.337511 0.038495 0.056408 0.001501
4 0.195536 0.336871 0.034030 0.059596 0.002473
4 0.199057 0.336018 0.030253 0.059585 0.001501
4 0.351488 0.323256 0.032871 0.078966 0.002473
4 0.354274 0.326390 0.034826 0.075183 0.001501
4 0.962902 0.361858 0.020694 0.081077 0.004070
4 0.965735 0.358712 0.021652 0.075951 0.004070
4 0.005541 0.347009 0.011185 0.098121 0.006693
4 0.017390 0.344646 0.034876 0.098019 0.001501
4 0.191573 0.340444 0.037350 0.056114 0.001501
4 0.196005 0.338725 0.036378 0.059525 0.001501
4 0.350580 0.327751 0.034638 0.090172 0.002473
4 0.782779 0.349490 0.012582 0.061647 0.002473
4 0.962380 0.363841 0.025790 0.081847 0.004070
4 0.965951 0.360495 0.024156 0.079017 0.002473
4 0.005496 0.347834 0.011060 0.096753 0.004070
4 0.319568 0.332406 0.032857 0.117272 0.001501
4 0.961639 0.364118 0.027548 0.085682 0.001501
4 0.967121 0.363604 0.024953 0.086279 0.001501
5 0.319352 0.325597 0.035801 0.105546 0.006693
5 0.321315 0.326848 0.036479 0.113436 0.017986
5 0.322949 0.325005 0.037924 0.109819 0.029312
5 0.350438 0.321648 0.027934 0.098411 0.047426
5 0.351749 0.322135 0.030214 0.093939 0.075858
5 0.006763 0.338885 0.013705 0.116878 0.002473
5 0.027421 0.304268 0.028098 0.082767 0.001501
5 0.320944 0.331221 0.036179 0.107823 0.029312
5 0.320347 0.331726 0.037497 0.113913 0.622459
5 0.321229 0.331595 0.039302 0.114055 0.075858
5 0.351813 0.319642 0.033891 0.087660 0.075858
5 0.352408 0.321726 0.030988 0.089293 0.075858
5 0.005645 0.345847 0.011392 0.099991 0.004070
5 0.021467 0.327105 0.033090 0.102092 0.002473
5 0.293694 0.318459 0.012736 0.024941 0.002473
5 0.320312 0.332936 0.037596 0.110742 0.500000
5 0.320396 0.333209 0.037447 0.110896 0.622459
5 0.320385 0.331338 0.037619 0.113992 0.500000
5 0.351767 0.319869 0.032946 0.077568 0.029312
5 0.351668 0.323552 0.032515 0.080488 0.017986
5 0.782818 0.347492 0.012605 0.060499 0.002473
5 0.005540 0.347728 0.011193 0.096894 0.004070
5 0.016440 0.342906 0.036017 0.105619 0.001501
5 0.319522 0.332992 0.036022 0.111494 0.622459
5 0.319627 0.334161 0.035891 0.113397 0.622459
5 0.320440 0.332696 0.037654 0.112931 0.622459
5 0.351397 0.322352 0.032944 0.076973 0.029312
5 0.351488 0.323256 0.032871 0.078966 0.029312
5 0.782798 0.349807 0.012584 0.060639 0.010987
5 0.005541 0.347009 0.011185 0.098121 0.002473
5 0.017390 0.344646 0.034876 0.098019 0.001501
5 0.317952 0.332414 0.035972 0.112159 0.622459
5 0.319597 0.333960 0.035895 0.110516 0.731059
5 0.321808 0.333559 0.037474 0.114908 0.622459
5 0.342181 0.325591 0.036631 0.096974 0.017986
5 0.350580 0.327751 0.034638 0.090172 0.006693
5 0.782779 0.349490 0.012582 0.061647 0.006693
5 0.005496 0.347834 0.011060 0.096753 0.004070
5 0.318554 0.330868 0.034282 0.120925 0.002473
5 0.319568 0.332406 0.032857 0.117272 0.268941
5 0.320627 0.332878 0.034139 0.116348 0.010987
5 0.334444 0.329416 0.035580 0.130238 0.002473
