0 0.007116 0.308213 0.011254 0.130339 0.001501
0 0.294995 0.304801 0.018130 0.119432 0.377541
0 0.297636 0.304504 0.020262 0.118954 0.017986
0 0.771548 0.271739 0.018541 0.043695 0.004070
0 0.781177 0.271867 0.012743 0.043956 0.010987
0 0.811117 0.274182 0.014562 0.035497 0.002473
0 0.815928 0.272455 0.010228 0.031780 0.010987
0 0.029484 0.338622 0.022303 0.131300 0.004070
0 0.294996 0.303399 0.018128 0.116633 0.500000
0 0.296828 0.302858 0.021959 0.119031 0.010987
0 0.423502 0.307085 0.011435 0.075313 0.002473
0 0.771371 0.299569 0.021700 0.094358 0.002473
0 0.781117 0.282308 0.016013 0.069593 0.006693
0 0.818025 0.277334 0.008322 0.035237 0.001501
0 0.991245 0.333761 0.017559 0.158440 0.001501
0 0.030879 0.340433 0.024796 0.139919 0.010987
0 0.295024 0.304491 0.018189 0.114349 0.500000
0 0.297323 0.304904 0.019875 0.119895 0.010987
0 0.423427 0.309290 0.011275 0.075943 0.001501
0 0.469415 0.325411 0.017060 0.051739 0.017986
0 0.545214 0.328694 0.009660 0.060953 0.500000
0 0.550268 0.327426 0.018874 0.058585 0.004070
0 0.991441 0.353386 0.017145 0.169979 0.004070
0 0.031644 0.343893 0.026168 0.150765 0.010987
0 0.294497 0.303641 0.017250 0.112585 0.622459
0 0.296863 0.307244 0.022045 0.119589 0.010987
0 0.423459 0.312452 0.011338 0.069909 0.001501
0 0.468752 0.328827 0.018462 0.050655 0.029312
0 0.505301 0.322873 0.011355 0.026060 0.001501
0 0.545300 0.327703 0.012570 0.058105 0.731059
0 0.553648 0.331824 0.012224 0.045009 0.006693
0 0.990148 0.360382 0.019810 0.173549 0.001501
0 0.030945 0.343522 0.026839 0.146417 0.006693
0 0.032586 0.342303 0.026948 0.142755 0.001501
0 0.288520 0.307384 0.029823 0.109632 0.001501
0 0.295883 0.303391 0.016917 0.112175 0.500000
0 0.298039 0.310510 0.021244 0.121008 0.006693
0 0.468023 0.329252 0.017131 0.049966 0.047426
0 0.545973 0.327589 0.011180 0.058317 0.731059
0 0.554126 0.332291 0.008863 0.049076 0.017986
0 0.030714 0.343085 0.026183 0.152442 0.002473
0 0.295642 0.311126 0.019928 0.129892 0.006693
0 0.030922 0.340739 0.026841 0.151940 0.001501
0 0.032209 0.345568 0.027727 0.147485 0.001501
0 0.760751 0.362325 0.062491 0.233757 0.006693
0 0.760950 0.363248 0.057808 0.237181 0.182426
0 0.030540 0.349285 0.025742 0.134817 0.002473
0 0.764274 0.362728 0.050035 0.242639 0.622459
0 0.768181 0.363522 0.042686 0.241052 0.500000
0 0.765358 0.363633 0.052626 0.240815 0.500000
0 0.758601 0.378859 0.056748 0.196642 0.010987
0 0.766078 0.361826 0.046205 0.244393 0.622459
0 0.768373 0.360657 0.041912 0.242255 0.500000
0 0.770104 0.361812 0.041889 0.244499 0.500000
0 0.759824 0.376486 0.058631 0.211017 0.004070
0 0.763277 0.360769 0.051813 0.241981 0.622459
0 0.768612 0.359983 0.044231 0.243601 0.500000
0 0.769691 0.360641 0.043524 0.242299 0.500000
0 0.781197 0.365025 0.051643 0.234784 0.002473
0 0.760012 0.390513 0.057802 0.178087 0.002473
1 0.007116 0.308213 0.011254 0.130339 0.017986
1 0.008235 0.322573 0.016531 0.115497 0.182426
1 0.017262 0.320928 0.026162 0.100401 0.047426
1 0.029484 0.338622 0.022303 0.131300 0.010987
1 0.991245 0.333761 0.017559 0.158440 0.004070
1 0.010150 0.328942 0.020353 0.104553 0.268941
1 0.012615 0.329567 0.019444 0.108905 0.268941
1 0.030879 0.340433 0.024796 0.139919 0.010987
1 0.034322 0.336542 0.030189 0.131020 0.002473
1 0.469415 0.325411 0.017060 0.051739 0.010987
1 0.501989 0.313679 0.015312 0.039366 0.006693
1 0.987636 0.352619 0.024892 0.150246 0.004070
1 0.991441 0.353386 0.017145 0.169979 0.017986
1 0.010511 0.330507 0.021054 0.101553 0.500000
1 0.011309 0.330558 0.019550 0.104135 0.500000
1 0.031644 0.343893 0.026168 0.150765 0.010987
1 0.033174 0.343843 0.028099 0.143763 0.002473
1 0.464920 0.327825 0.024245 0.041721 0.010987
1 0.468752 0.328827 0.018462 0.050655 0.017986
1 0.490257 0.324521 0.022612 0.033699 0.731059
1 0.490664 0.324937 0.021771 0.034563 0.817575
1 0.505301 0.322873 0.011355 0.026060 0.268941
1 0.534038 0.320507 0.010143 0.016087 0.377541
1 0.553648 0.331824 0.012224 0.045009 0.001501
1 0.990148 0.360382 0.019810 0.173549 0.006693
1 0.011267 0.332843 0.019487 0.103602 0.622459
1 0.011857 0.332476 0.020633 0.101464 0.622459
1 0.030945 0.343522 0.026839 0.146417 0.010987
1 0.032586 0.342303 0.026948 0.142755 0.004070
1 0.465519 0.330269 0.023174 0.048054 0.002473
1 0.468023 0.329252 0.017131 0.049966 0.010987
1 0.490191 0.326032 0.022510 0.036965 0.010987
1 0.490286 0.326983 0.022528 0.034217 0.002473
1 0.971545 0.389866 0.053826 0.131120 0.731059
1 0.011812 0.331591 0.020580 0.105218 0.500000
1 0.012528 0.332110 0.019275 0.104054 0.622459
1 0.030714 0.343085 0.026183 0.152442 0.004070
1 0.033161 0.344754 0.025799 0.143887 0.001501
1 0.973212 0.390055 0.056708 0.130604 0.817575
1 0.971986 0.388771 0.056050 0.129006 0.817575
1 0.971998 0.385983 0.056033 0.134192 0.622459
1 0.010386 0.333363 0.020831 0.110409 0.075858
1 0.014754 0.336170 0.023541 0.127106 0.010987
1 0.030922 0.340739 0.026841 0.151940 0.002473
1 0.745628 0.372558 0.083830 0.160643 0.002473
1 0.972157 0.390140 0.055803 0.130844 0.880797
1 0.972045 0.389695 0.055922 0.131942 0.817575
1 0.971993 0.387999 0.056029 0.134063 0.622459
1 0.030540 0.349285 0.025742 0.134817 0.006693
1 0.972146 0.390008 0.055776 0.131213 0.817575
1 0.971856 0.388846 0.056311 0.128956 0.817575
1 0.971880 0.387245 0.056270 0.131394 0.622459
1 0.827913 0.391956 0.255902 0.205829 0.904651
1 0.827280 0.393234 0.254481 0.208312 0.924142
1 0.828720 0.393207 0.254188 0.208307 0.924142
1 0.828756 0.393118 0.254167 0.208445 0.924142
1 0.828684 0.394474 0.254331 0.205710 0.904651
1 0.827293 0.393263 0.254423 0.203217 0.904651
1 0.829304 0.393273 0.255315 0.203195 0.904651
1 0.828762 0.391925 0.254163 0.205865 0.904651
1 0.828166 0.392216 0.252770 0.205949 0.904651
1 0.829726 0.392161 0.252278 0.205923 0.904651
3 0.007348 0.289121 0.014803 0.157177 0.004070
3 0.007116 0.308213 0.011254 0.130339 0.010987
3 0.008235 0.322573 0.016531 0.115497 0.017986
3 0.017262 0.320928 0.026162 0.100401 0.006693
3 0.029484 0.338622 0.022303 0.131300 0.001501
3 0.991245 0.333761 0.017559 0.158440 0.002473
3 0.010150 0.328942 0.020353 0.104553 0.004070
3 0.012615 0.329567 0.019444 0.108905 0.004070
3 0.501989 0.313679 0.015312 0.039366 0.017986
3 0.535707 0.314445 0.013749 0.028181 0.001501
3 0.987636 0.352619 0.024892 0.150246 0.001501
3 0.991441 0.353386 0.017145 0.169979 0.004070
3 0.010511 0.330507 0.021054 0.101553 0.002473
3 0.011309 0.330558 0.019550 0.104135 0.001501
3 0.490257 0.324521 0.022612 0.033699 0.001501
3 0.505301 0.322873 0.011355 0.026060 0.004070
3 0.534038 0.320507 0.010143 0.016087 0.006693
3 0.990148 0.360382 0.019810 0.173549 0.004070
3 0.011267 0.332843 0.019487 0.103602 0.002473
3 0.011857 0.332476 0.020633 0.101464 0.001501
3 0.971545 0.389866 0.053826 0.131120 0.017986
3 0.973212 0.390055 0.056708 0.130604 0.017986
3 0.971986 0.388771 0.056050 0.129006 0.075858
3 0.971998 0.385983 0.056033 0.134192 0.029312
3 0.972157 0.390140 0.055803 0.130844 0.029312
3 0.972045 0.389695 0.055922 0.131942 0.047426
3 0.971993 0.387999 0.056029 0.134063 0.029312
3 0.972146 0.390008 0.055776 0.131213 0.006693
3 0.971856 0.388846 0.056311 0.128956 0.010987
3 0.971880 0.387245 0.056270 0.131394 0.017986
4 0.323442 0.334982 0.022605 0.089278 0.001501
4 0.032586 0.342303 0.026948 0.142755 0.004070
4 0.468023 0.329252 0.017131 0.049966 0.006693
4 0.030714 0.343085 0.026183 0.152442 0.006693
4 0.033161 0.344754 0.025799 0.143887 0.010987
4 0.030922 0.340739 0.026841 0.151940 0.047426
4 0.032209 0.345568 0.027727 0.147485 0.017986
4 0.030540 0.349285 0.025742 0.134817 0.029312
4 0.032718 0.351773 0.026824 0.135059 0.010987
5 0.008235 0.322573 0.016531 0.115497 0.010987
5 0.017262 0.320928 0.026162 0.100401 0.002473
5 0.029484 0.338622 0.022303 0.131300 0.029312
5 0.010150 0.328942 0.020353 0.104553 0.004070
5 0.012615 0.329567 0.019444 0.108905 0.010987
5 0.030879 0.340433 0.024796 0.139919 0.182426
5 0.034322 0.336542 0.030189 0.131020 0.017986
5 0.469415 0.325411 0.017060 0.051739 0.047426
5 0.011309 0.330558 0.019550 0.104135 0.006693
5 0.031644 0.343893 0.026168 0.150765 0.500000
5 0.033174 0.343843 0.028099 0.143763 0.182426
5 0.464920 0.327825 0.024245 0.041721 0.002473
5 0.468752 0.328827 0.018462 0.050655 0.500000
5 0.505301 0.322873 0.011355 0.026060 0.004070
5 0.553648 0.331824 0.012224 0.045009 0.001501
5 0.011857 0.332476 0.020633 0.101464 0.004070
5 0.030945 0.343522 0.026839 0.146417 0.622459
5 0.032586 0.342303 0.026948 0.142755 0.182426
5 0.465519 0.330269 0.023174 0.048054 0.010987
5 0.468023 0.329252 0.017131 0.049966 0.377541
5 0.490191 0.326032 0.022510 0.036965 0.001501
5 0.554126 0.332291 0.008863 0.049076 0.002473
5 0.012528 0.332110 0.019275 0.104054 0.001501
5 0.030714 0.343085 0.026183 0.152442 0.622459
5 0.033161 0.344754 0.025799 0.143887 0.182426
5 0.014754 0.336170 0.023541 0.127106 0.006693
5 0.030922 0.340739 0.026841 0.151940 0.500000
5 0.032209 0.345568 0.027727 0.147485 0.119203
5 0.024258 0.346718 0.036163 0.146023 0.002473
5 0.030540 0.349285 0.025742 0.134817 0.377541
5 0.032718 0.351773 0.026824 0.135059 0.029312
