0 0.487452 0.285973 0.033095 0.197197 0.001501
0 0.486746 0.282077 0.033706 0.194433 0.001501
0 0.994475 0.341215 0.011181 0.167717 0.001501
0 0.007472 0.353578 0.014995 0.089720 0.001501
0 0.671311 0.340965 0.012250 0.052257 0.010987
0 0.720196 0.340670 0.009623 0.043150 0.377541
0 0.741541 0.343758 0.013881 0.067676 0.622459
0 0.755007 0.337658 0.021372 0.051610 0.002473
0 0.869865 0.355321 0.018507 0.080603 0.001501
0 0.995183 0.351792 0.009714 0.149875 0.002473
0 0.008191 0.353170 0.013391 0.086612 0.002473
0 0.107165 0.358920 0.034454 0.094445 0.001501
0 0.188944 0.337828 0.025473 0.050876 0.002473
0 0.670231 0.346479 0.009773 0.040876 0.075858
0 0.719432 0.339759 0.008093 0.044817 0.377541
0 0.741532 0.345002 0.011181 0.065195 0.622459
0 0.995955 0.362504 0.011206 0.131981 0.002473
0 0.005297 0.355862 0.010687 0.085795 0.002473
0 0.101546 0.346764 0.031172 0.069382 0.002473
0 0.192355 0.339953 0.015553 0.054887 0.001501
0 0.668737 0.347709 0.009483 0.045237 0.047426
0 0.720205 0.340112 0.009655 0.049849 0.002473
0 0.741534 0.344885 0.011164 0.069945 0.622459
0 0.757172 0.348675 0.016992 0.058871 0.001501
0 0.995733 0.368713 0.008579 0.126811 0.004070
0 0.005005 0.357335 0.010106 0.083319 0.002473
0 0.115314 0.378477 0.041679 0.141772 0.002473
0 0.668417 0.356685 0.010248 0.071063 0.001501
0 0.995194 0.370188 0.009689 0.124252 0.002473
0 0.004959 0.361966 0.010193 0.107520 0.001501
0 0.245348 0.427776 0.019126 0.056061 0.029312
0 0.249062 0.391615 0.036458 0.128259 0.001501
0 0.995731 0.369926 0.008612 0.134398 0.002473
0 0.245707 0.429065 0.019668 0.053482 0.047426
0 0.246388 0.426539 0.021773 0.058522 0.004070
0 0.994502 0.368254 0.011131 0.160522 0.001501
0 0.245098 0.428747 0.021168 0.054088 0.047426
0 0.245828 0.428295 0.022864 0.055019 0.001501
1 0.099779 0.345031 0.030372 0.060049 0.500000
1 0.100367 0.343689 0.031553 0.062535 0.500000
1 0.104760 0.345172 0.038190 0.062361 0.075858
1 0.134701 0.342311 0.071761 0.086784 0.017986
1 0.147133 0.346943 0.055854 0.083558 0.010987
1 0.155469 0.345729 0.039308 0.083194 0.006693
1 0.159810 0.345022 0.038810 0.076214 0.006693
1 0.175494 0.337989 0.053212 0.056491 0.029312
1 0.185872 0.338448 0.034376 0.052142 0.004070
1 0.585660 0.342598 0.025751 0.070171 0.001501
1 0.588134 0.328199 0.023845 0.041644 0.001501
1 0.659336 0.339600 0.024652 0.049892 0.002473
1 0.671311 0.340965 0.012250 0.052257 0.004070
1 0.679742 0.337871 0.015627 0.037821 0.029312
1 0.756605 0.335946 0.038367 0.050156 0.002473
1 0.008191 0.353170 0.013391 0.086612 0.001501
1 0.098781 0.346292 0.028380 0.062554 0.500000
1 0.101015 0.345054 0.030138 0.060058 0.622459
1 0.107165 0.358920 0.034454 0.094445 0.029312
1 0.127261 0.363459 0.066509 0.125258 0.010987
1 0.139080 0.349761 0.074869 0.087445 0.010987
1 0.154557 0.348791 0.041574 0.084206 0.010987
1 0.160925 0.348110 0.035735 0.082708 0.004070
1 0.173750 0.340658 0.052618 0.056780 0.017986
1 0.188944 0.337828 0.025473 0.050876 0.006693
1 0.585278 0.355360 0.026495 0.091558 0.002473
1 0.586336 0.354355 0.024415 0.089577 0.001501
1 0.658484 0.345127 0.025033 0.037728 0.075858
1 0.670231 0.346479 0.009773 0.040876 0.006693
1 0.681194 0.343652 0.012650 0.026256 0.377541
1 0.731030 0.336878 0.014951 0.037161 0.002473
1 0.755082 0.341905 0.025138 0.041863 0.006693
1 0.758811 0.343164 0.030297 0.039120 0.001501
1 0.005297 0.355862 0.010687 0.085795 0.001501
1 0.099454 0.346285 0.029716 0.062644 0.500000
1 0.101546 0.346764 0.031172 0.069382 0.182426
1 0.117767 0.379666 0.048229 0.140137 0.004070
1 0.120989 0.375364 0.053418 0.148545 0.006693
1 0.135590 0.358756 0.075606 0.111617 0.010987
1 0.156539 0.352281 0.040610 0.092945 0.006693
1 0.171770 0.343280 0.048864 0.063311 0.004070
1 0.585733 0.353056 0.025515 0.091722 0.001501
1 0.587317 0.352789 0.022452 0.092318 0.001501
1 0.659267 0.347431 0.024495 0.046333 0.010987
1 0.668737 0.347709 0.009483 0.045237 0.001501
1 0.125081 0.375289 0.056609 0.150048 0.004070
1 0.157782 0.354987 0.030432 0.103539 0.001501
1 0.585954 0.355758 0.022192 0.090433 0.001501
1 0.586738 0.355634 0.020857 0.090759 0.001501
1 0.122302 0.373202 0.053495 0.153313 0.002473
2 0.679742 0.337871 0.015627 0.037821 0.004070
2 0.658484 0.345127 0.025033 0.037728 0.001501
3 0.134538 0.332809 0.030692 0.111391 0.001501
3 0.123528 0.333906 0.035982 0.089969 0.002473
3 0.133562 0.335812 0.035802 0.090475 0.004070
3 0.140983 0.339135 0.053167 0.096994 0.002473
3 0.099779 0.345031 0.030372 0.060049 0.010987
3 0.100367 0.343689 0.031553 0.062535 0.010987
3 0.104760 0.345172 0.038190 0.062361 0.006693
3 0.134701 0.342311 0.071761 0.086784 0.010987
3 0.147133 0.346943 0.055854 0.083558 0.006693
3 0.155469 0.345729 0.039308 0.083194 0.004070
3 0.159810 0.345022 0.038810 0.076214 0.004070
3 0.175494 0.337989 0.053212 0.056491 0.006693
3 0.185872 0.338448 0.034376 0.052142 0.001501
3 0.659336 0.339600 0.024652 0.049892 0.002473
3 0.671311 0.340965 0.012250 0.052257 0.002473
3 0.679742 0.337871 0.015627 0.037821 0.029312
3 0.098781 0.346292 0.028380 0.062554 0.029312
3 0.101015 0.345054 0.030138 0.060058 0.017986
3 0.107165 0.358920 0.034454 0.094445 0.001501
3 0.127261 0.363459 0.066509 0.125258 0.004070
3 0.139080 0.349761 0.074869 0.087445 0.006693
3 0.154557 0.348791 0.041574 0.084206 0.002473
3 0.173750 0.340658 0.052618 0.056780 0.006693
3 0.188944 0.337828 0.025473 0.050876 0.002473
3 0.658484 0.345127 0.025033 0.037728 0.010987
3 0.681194 0.343652 0.012650 0.026256 0.017986
3 0.755082 0.341905 0.025138 0.041863 0.001501
3 0.099454 0.346285 0.029716 0.062644 0.010987
3 0.101546 0.346764 0.031172 0.069382 0.004070
3 0.135590 0.358756 0.075606 0.111617 0.010987
3 0.156539 0.352281 0.040610 0.092945 0.001501
3 0.171770 0.343280 0.048864 0.063311 0.001501
3 0.659267 0.347431 0.024495 0.046333 0.002473
3 0.261645 0.388306 0.116756 0.132250 0.004070
4 0.007472 0.353578 0.014995 0.089720 0.002473
4 0.011773 0.350931 0.026721 0.082899 0.002473
4 0.869865 0.355321 0.018507 0.080603 0.001501
4 0.008191 0.353170 0.013391 0.086612 0.004070
4 0.013261 0.354722 0.026650 0.076568 0.010987
4 0.995955 0.362504 0.011206 0.131981 0.002473
4 0.005297 0.355862 0.010687 0.085795 0.004070
4 0.013324 0.354047 0.026690 0.074358 0.010987
4 0.117767 0.379666 0.048229 0.140137 0.002473
4 0.120989 0.375364 0.053418 0.148545 0.004070
4 0.995733 0.368713 0.008579 0.126811 0.004070
4 0.005005 0.357335 0.010106 0.083319 0.004070
4 0.013422 0.357707 0.026919 0.077458 0.010987
4 0.115314 0.378477 0.041679 0.141772 0.029312
4 0.119990 0.378175 0.048688 0.142189 0.075858
4 0.120989 0.376038 0.051788 0.147985 0.075858
4 0.125081 0.375289 0.056609 0.150048 0.010987
4 0.995194 0.370188 0.009689 0.124252 0.006693
4 0.115161 0.381994 0.039543 0.134583 0.047426
4 0.120549 0.379842 0.049810 0.138584 0.047426
4 0.121679 0.377618 0.053380 0.143046 0.029312
4 0.122302 0.373202 0.053495 0.153313 0.010987
4 0.245348 0.427776 0.019126 0.056061 0.006693
4 0.995731 0.369926 0.008612 0.134398 0.004070
4 0.112605 0.382709 0.034420 0.132206 0.119203
4 0.117491 0.379782 0.043692 0.138135 0.119203
4 0.121613 0.380788 0.053564 0.135885 0.075858
4 0.245707 0.429065 0.019668 0.053482 0.029312
4 0.111859 0.388934 0.030306 0.121229 0.001501
4 0.112039 0.390713 0.031021 0.117592 0.006693
4 0.245098 0.428747 0.021168 0.054088 0.029312
4 0.245828 0.428295 0.022864 0.055019 0.002473
5 0.123528 0.333906 0.035982 0.089969 0.004070
5 0.133562 0.335812 0.035802 0.090475 0.001501
5 0.011773 0.350931 0.026721 0.082899 0.001501
5 0.099779 0.345031 0.030372 0.060049 0.001501
5 0.100367 0.343689 0.031553 0.062535 0.010987
5 0.104760 0.345172 0.038190 0.062361 0.017986
5 0.134701 0.342311 0.071761 0.086784 0.006693
5 0.147133 0.346943 0.055854 0.083558 0.004070
5 0.995183 0.351792 0.009714 0.149875 0.001501
5 0.098781 0.346292 0.028380 0.062554 0.001501
5 0.101015 0.345054 0.030138 0.060058 0.004070
5 0.107165 0.358920 0.034454 0.094445 0.047426
5 0.127261 0.363459 0.066509 0.125258 0.017986
5 0.139080 0.349761 0.074869 0.087445 0.006693
5 0.188944 0.337828 0.025473 0.050876 0.001501
5 0.670231 0.346479 0.009773 0.040876 0.010987
5 0.719432 0.339759 0.008093 0.044817 0.004070
5 0.865969 0.366829 0.022825 0.098677 0.001501
5 0.867463 0.364617 0.021326 0.099108 0.017986
5 0.875241 0.358552 0.019147 0.092160 0.002473
5 0.995955 0.362504 0.011206 0.131981 0.006693
5 0.101546 0.346764 0.031172 0.069382 0.029312
5 0.117767 0.379666 0.048229 0.140137 0.377541
5 0.120989 0.375364 0.053418 0.148545 0.268941
5 0.135590 0.358756 0.075606 0.111617 0.029312
5 0.668737 0.347709 0.009483 0.045237 0.001501
5 0.866893 0.369258 0.023274 0.103414 0.004070
5 0.867353 0.366905 0.022277 0.103623 0.047426
5 0.995733 0.368713 0.008579 0.126811 0.002473
5 0.115314 0.378477 0.041679 0.141772 0.182426
5 0.119990 0.378175 0.048688 0.142189 0.268941
5 0.120989 0.376038 0.051788 0.147985 0.268941
5 0.125081 0.375289 0.056609 0.150048 0.119203
5 0.157782 0.354987 0.030432 0.103539 0.001501
5 0.866610 0.369247 0.023830 0.107845 0.006693
5 0.867546 0.369654 0.022678 0.104663 0.029312
5 0.995194 0.370188 0.009689 0.124252 0.001501
5 0.104217 0.377607 0.034015 0.134140 0.001501
5 0.115161 0.381994 0.039543 0.134583 0.075858
5 0.120549 0.379842 0.049810 0.138584 0.119203
5 0.121679 0.377618 0.053380 0.143046 0.119203
5 0.122302 0.373202 0.053495 0.153313 0.047426
5 0.245348 0.427776 0.019126 0.056061 0.010987
5 0.249062 0.391615 0.036458 0.128259 0.001501
5 0.865388 0.369117 0.022952 0.105743 0.006693
5 0.865986 0.369846 0.021833 0.104223 0.029312
5 0.112605 0.382709 0.034420 0.132206 0.047426
5 0.117491 0.379782 0.043692 0.138135 0.047426
5 0.121613 0.380788 0.053564 0.135885 0.047426
5 0.240083 0.418682 0.032391 0.074236 0.002473
5 0.245707 0.429065 0.019668 0.053482 0.119203
5 0.246388 0.426539 0.021773 0.058522 0.004070
5 0.112039 0.390713 0.031021 0.117592 0.001501
5 0.239977 0.419301 0.031882 0.073174 0.002473
5 0.245098 0.428747 0.021168 0.054088 0.182426
5 0.245828 0.428295 0.022864 0.055019 0.006693
