0 0.011919 0.304014 0.018080 0.109142 0.047426
0 0.012609 0.302994 0.016871 0.106578 0.047426
0 0.011289 0.302185 0.019557 0.110656 0.017986
0 0.012617 0.302190 0.019086 0.109719 0.047426
0 0.301697 0.327206 0.018981 0.100002 0.010987
0 0.306135 0.325802 0.018804 0.096929 0.017986
0 0.321676 0.299160 0.012731 0.041048 0.004070
0 0.626407 0.326895 0.014257 0.123396 0.002473
0 0.010690 0.304645 0.018341 0.097557 0.017986
0 0.012019 0.301233 0.020454 0.100910 0.017986
0 0.030472 0.320595 0.011867 0.048553 0.001501
0 0.273948 0.331193 0.020058 0.079774 0.004070
0 0.276458 0.330376 0.019167 0.077886 0.004070
0 0.300645 0.328986 0.016800 0.081700 0.047426
0 0.304799 0.331706 0.018721 0.080766 0.075858
0 0.320981 0.307962 0.014084 0.037997 0.017986
0 0.324111 0.312434 0.017595 0.032134 0.006693
0 0.494927 0.323396 0.030396 0.054190 0.001501
0 0.627235 0.330836 0.014794 0.131127 0.004070
0 0.009721 0.307144 0.019474 0.091944 0.010987
0 0.012060 0.305579 0.020548 0.092341 0.017986
0 0.032549 0.324331 0.009509 0.051289 0.002473
0 0.275682 0.337909 0.023837 0.068719 0.002473
0 0.278184 0.339467 0.022472 0.065864 0.006693
0 0.300418 0.330914 0.017943 0.082770 0.047426
0 0.307127 0.331866 0.020757 0.080880 0.119203
0 0.312332 0.333971 0.022643 0.077323 0.029312
0 0.494338 0.326436 0.030231 0.054820 0.002473
0 0.628214 0.336211 0.015659 0.136376 0.002473
0 0.805600 0.343680 0.020786 0.049171 0.010987
0 0.809335 0.343014 0.028605 0.047898 0.001501
0 0.010496 0.310518 0.017953 0.097786 0.017986
0 0.011976 0.312798 0.020740 0.096049 0.010987
0 0.277472 0.342337 0.023890 0.060232 0.002473
0 0.301328 0.332220 0.019788 0.080240 0.047426
0 0.306071 0.333546 0.023653 0.082912 0.075858
0 0.310650 0.333920 0.023179 0.077088 0.029312
0 0.488848 0.327222 0.019787 0.059541 0.010987
0 0.806141 0.343881 0.021913 0.048999 0.010987
0 0.009862 0.326192 0.016784 0.161200 0.004070
0 0.014491 0.322475 0.025721 0.130604 0.002473
0 0.275788 0.342122 0.021032 0.060760 0.001501
0 0.276580 0.342357 0.022250 0.060279 0.002473
0 0.300618 0.333853 0.020863 0.082644 0.029312
0 0.306475 0.333581 0.022821 0.083023 0.075858
0 0.310160 0.335750 0.021898 0.073629 0.017986
0 0.647566 0.335778 0.055133 0.296618 0.731059
0 0.806145 0.343355 0.021877 0.047429 0.017986
0 0.009184 0.364561 0.018921 0.287667 0.002473
0 0.304780 0.338823 0.025405 0.102369 0.002473
0 0.646681 0.337564 0.053378 0.293201 0.817575
0 0.646682 0.335862 0.053640 0.296384 0.817575
0 0.646303 0.335981 0.053956 0.291675 0.731059
0 0.009727 0.367828 0.019953 0.318197 0.001501
0 0.646693 0.334796 0.053201 0.293999 0.817575
0 0.646706 0.334598 0.053384 0.294339 0.880797
0 0.646338 0.334649 0.054028 0.294161 0.817575
0 0.646649 0.336117 0.053323 0.291654 0.817575
0 0.646389 0.333384 0.051157 0.291769 0.880797
0 0.645931 0.334595 0.051841 0.294408 0.817575
0 0.646650 0.336391 0.053551 0.285696 0.017986
1 0.011919 0.304014 0.018080 0.109142 0.001501
1 0.011289 0.302185 0.019557 0.110656 0.001501
1 0.010690 0.304645 0.018341 0.097557 0.002473
1 0.012019 0.301233 0.020454 0.100910 0.001501
1 0.052184 0.327505 0.039665 0.058463 0.817575
1 0.051402 0.327502 0.038874 0.058456 0.817575
1 0.051319 0.328638 0.039443 0.060780 0.622459
1 0.104536 0.335254 0.075899 0.105027 0.880797
1 0.413283 0.318492 0.023538 0.034822 0.622459
1 0.413272 0.319322 0.023491 0.037671 0.622459
1 0.433487 0.313892 0.011369 0.025623 0.029312
1 0.470062 0.322861 0.024730 0.049185 0.731059
1 0.470945 0.322852 0.025254 0.049196 0.377541
1 0.494927 0.323396 0.030396 0.054190 0.029312
1 0.496778 0.317299 0.037724 0.046213 0.119203
1 0.502204 0.319533 0.041314 0.046452 0.010987
1 0.009721 0.307144 0.019474 0.091944 0.006693
1 0.012060 0.305579 0.020548 0.092341 0.004070
1 0.032549 0.324331 0.009509 0.051289 0.004070
1 0.051467 0.327502 0.039027 0.058446 0.731059
1 0.051662 0.327505 0.038606 0.058444 0.817575
1 0.051589 0.328644 0.038893 0.060694 0.622459
1 0.104138 0.334801 0.074929 0.104115 0.924142
1 0.105391 0.335749 0.075094 0.104135 0.952574
1 0.104913 0.335723 0.075141 0.104083 0.880797
1 0.188965 0.343270 0.122065 0.128857 0.924142
1 0.188966 0.343280 0.122087 0.128937 0.924142
1 0.189504 0.343224 0.120995 0.128764 0.880797
1 0.355027 0.344467 0.079186 0.086591 0.880797
1 0.354888 0.344494 0.078811 0.086646 0.924142
1 0.354998 0.344153 0.079130 0.087046 0.880797
1 0.393089 0.322399 0.008664 0.032683 0.001501
1 0.412498 0.318595 0.025034 0.034603 0.817575
1 0.413271 0.319910 0.023493 0.036496 0.817575
1 0.432784 0.315782 0.012603 0.025534 0.119203
1 0.470439 0.322960 0.023951 0.049189 0.731059
1 0.471105 0.322256 0.027052 0.047898 0.377541
1 0.494338 0.326436 0.030231 0.054820 0.029312
1 0.497650 0.320834 0.038439 0.044112 0.119203
1 0.500710 0.321555 0.040725 0.042264 0.017986
1 0.010496 0.310518 0.017953 0.097786 0.002473
1 0.011976 0.312798 0.020740 0.096049 0.004070
1 0.049869 0.325523 0.039155 0.057857 0.006693
1 0.051396 0.327513 0.039166 0.058431 0.817575
1 0.051127 0.327515 0.037980 0.058418 0.817575
1 0.051713 0.325352 0.038649 0.057640 0.622459
1 0.104864 0.335708 0.075064 0.104116 0.880797
1 0.104892 0.334830 0.075178 0.104168 0.880797
1 0.104914 0.334804 0.075141 0.104117 0.880797
1 0.188197 0.343656 0.120548 0.129707 0.924142
1 0.188276 0.343240 0.123460 0.128905 0.924142
1 0.188200 0.342561 0.120548 0.130086 0.924142
1 0.354186 0.344499 0.080151 0.086535 0.880797
1 0.354183 0.344019 0.080221 0.085682 0.924142
1 0.354175 0.343453 0.080175 0.085634 0.924142
1 0.468855 0.322379 0.025960 0.050471 0.002473
1 0.469738 0.323674 0.024184 0.047771 0.731059
1 0.472515 0.323877 0.027243 0.051161 0.075858
1 0.488848 0.327222 0.019787 0.059541 0.001501
1 0.495893 0.326047 0.037034 0.056851 0.010987
1 0.855105 0.344808 0.023464 0.039126 0.075858
1 0.855671 0.344784 0.023285 0.038878 0.880797
1 0.857014 0.345246 0.026597 0.040271 0.010987
1 0.104574 0.335265 0.074480 0.105144 0.880797
1 0.104839 0.334836 0.073979 0.104179 0.880797
1 0.104654 0.335281 0.075935 0.103372 0.924142
1 0.187516 0.343750 0.121913 0.127891 0.924142
1 0.188195 0.343426 0.120570 0.127349 0.952574
1 0.188212 0.343426 0.120511 0.127352 0.924142
1 0.355029 0.344592 0.079243 0.086558 0.817575
1 0.354842 0.344056 0.078838 0.085763 0.924142
1 0.354732 0.343826 0.078605 0.086224 0.880797
1 0.854908 0.345111 0.023517 0.040212 0.017986
1 0.855357 0.345228 0.022509 0.039941 0.075858
1 0.857498 0.345357 0.025741 0.040616 0.004070
1 0.188222 0.343830 0.120530 0.127874 0.952574
1 0.355381 0.344623 0.077662 0.086602 0.817575
1 0.929014 0.456161 0.141965 0.431906 0.851953
1 0.929437 0.458362 0.141198 0.431855 0.880797
1 0.929329 0.455755 0.144528 0.431116 0.880797
1 0.929101 0.454797 0.141074 0.428064 0.562177
1 0.929041 0.458598 0.141895 0.432734 0.851953
1 0.929440 0.459304 0.141158 0.433856 0.851953
1 0.929073 0.456349 0.141905 0.427995 0.817575
1 0.934560 0.454701 0.150524 0.427837 0.095349
1 0.929173 0.457617 0.141675 0.430801 0.817575
1 0.929107 0.457163 0.141819 0.429515 0.851953
1 0.928697 0.458385 0.142702 0.427243 0.851953
3 0.432784 0.315782 0.012603 0.025534 0.002473
3 0.855105 0.344808 0.023464 0.039126 0.002473
3 0.855671 0.344784 0.023285 0.038878 0.017986
3 0.855357 0.345228 0.022509 0.039941 0.001501
4 0.252979 0.334844 0.021367 0.056383 0.006693
4 0.275682 0.337909 0.023837 0.068719 0.010987
4 0.278184 0.339467 0.022472 0.065864 0.010987
4 0.494338 0.326436 0.030231 0.054820 0.004070
4 0.497650 0.320834 0.038439 0.044112 0.001501
4 0.500710 0.321555 0.040725 0.042264 0.001501
4 0.805600 0.343680 0.020786 0.049171 0.010987
4 0.809335 0.343014 0.028605 0.047898 0.010987
4 0.255284 0.336823 0.024401 0.059501 0.017986
4 0.275885 0.340700 0.024027 0.063517 0.029312
4 0.277472 0.342337 0.023890 0.060232 0.029312
4 0.488848 0.327222 0.019787 0.059541 0.010987
4 0.495893 0.326047 0.037034 0.056851 0.010987
4 0.502091 0.328460 0.038211 0.057105 0.002473
4 0.806141 0.343881 0.021913 0.048999 0.006693
4 0.809758 0.343316 0.027743 0.047505 0.006693
4 0.259660 0.337664 0.027166 0.061557 0.010987
4 0.275788 0.342122 0.021032 0.060760 0.029312
4 0.276580 0.342357 0.022250 0.060279 0.029312
4 0.300618 0.333853 0.020863 0.082644 0.004070
4 0.306475 0.333581 0.022821 0.083023 0.004070
4 0.310160 0.335750 0.021898 0.073629 0.001501
4 0.806145 0.343355 0.021877 0.047429 0.010987
4 0.809744 0.344026 0.027643 0.048744 0.010987
4 0.818454 0.345016 0.030256 0.044295 0.004070
5 0.010690 0.304645 0.018341 0.097557 0.001501
5 0.273948 0.331193 0.020058 0.079774 0.002473
5 0.276458 0.330376 0.019167 0.077886 0.002473
5 0.494927 0.323396 0.030396 0.054190 0.002473
5 0.805149 0.331553 0.018585 0.070316 0.004070
5 0.252979 0.334844 0.021367 0.056383 0.001501
5 0.275682 0.337909 0.023837 0.068719 0.010987
5 0.278184 0.339467 0.022472 0.065864 0.029312
5 0.300418 0.330914 0.017943 0.082770 0.004070
5 0.307127 0.331866 0.020757 0.080880 0.010987
5 0.312332 0.333971 0.022643 0.077323 0.004070
5 0.494338 0.326436 0.030231 0.054820 0.010987
5 0.804576 0.343397 0.022870 0.053013 0.004070
5 0.805600 0.343680 0.020786 0.049171 0.500000
5 0.809335 0.343014 0.028605 0.047898 0.182426
5 0.255284 0.336823 0.024401 0.059501 0.001501
5 0.275885 0.340700 0.024027 0.063517 0.004070
5 0.277472 0.342337 0.023890 0.060232 0.029312
5 0.301328 0.332220 0.019788 0.080240 0.002473
5 0.306071 0.333546 0.023653 0.082912 0.006693
5 0.310650 0.333920 0.023179 0.077088 0.006693
5 0.472515 0.323877 0.027243 0.051161 0.002473
5 0.488848 0.327222 0.019787 0.059541 0.075858
5 0.495893 0.326047 0.037034 0.056851 0.002473
5 0.804879 0.343848 0.023011 0.048925 0.006693
5 0.806141 0.343881 0.021913 0.048999 0.622459
5 0.809758 0.343316 0.027743 0.047505 0.268941
5 0.821350 0.344095 0.029581 0.043143 0.004070
5 0.259660 0.337664 0.027166 0.061557 0.002473
5 0.275788 0.342122 0.021032 0.060760 0.004070
5 0.276580 0.342357 0.022250 0.060279 0.029312
5 0.300618 0.333853 0.020863 0.082644 0.006693
5 0.306475 0.333581 0.022821 0.083023 0.006693
5 0.310160 0.335750 0.021898 0.073629 0.004070
5 0.804740 0.343026 0.023174 0.050746 0.010987
5 0.806145 0.343355 0.021877 0.047429 0.500000
5 0.809744 0.344026 0.027643 0.048744 0.268941
5 0.818454 0.345016 0.030256 0.044295 0.004070
