1 0.509221 0.338981 0.022090 0.040137 0.002473
1 0.513881 0.336185 0.020716 0.049339 0.004070
1 0.529862 0.330967 0.021622 0.047489 0.001501
1 0.636693 0.356583 0.089841 0.120211 0.924142
1 0.636972 0.356570 0.090420 0.120172 0.880797
1 0.452762 0.350479 0.022603 0.039424 0.731059
1 0.453446 0.350470 0.023899 0.039465 0.817575
1 0.467994 0.346280 0.011134 0.020933 0.119203
1 0.481885 0.342276 0.008392 0.023885 0.006693
1 0.497650 0.340268 0.012643 0.028010 0.006693
1 0.510506 0.348327 0.021026 0.024937 0.500000
1 0.511297 0.347018 0.019483 0.027569 0.622459
1 0.530917 0.336319 0.021436 0.049979 0.002473
1 0.636777 0.358837 0.089653 0.121039 0.880797
1 0.636907 0.359018 0.089864 0.125052 0.924142
1 0.636329 0.359936 0.091309 0.123297 0.880797
1 0.453438 0.350463 0.023956 0.039500 0.731059
1 0.452913 0.351733 0.024975 0.036936 0.817575
1 0.636685 0.357915 0.089570 0.122868 0.880797
1 0.636342 0.357895 0.090996 0.122835 0.880797
1 0.636983 0.357891 0.090364 0.122845 0.817575
1 0.636857 0.358827 0.089985 0.121023 0.880797
1 0.636897 0.359072 0.089907 0.125073 0.817575
1 0.839952 0.465145 0.323732 0.503440 0.880797
1 0.839091 0.465619 0.322004 0.504417 0.904651
1 0.837483 0.465411 0.325041 0.499171 0.924142
1 0.839027 0.463783 0.319155 0.500222 0.851953
1 0.840680 0.467457 0.325166 0.507907 0.880797
1 0.839069 0.467197 0.321978 0.507402 0.924142
1 0.839021 0.466336 0.325090 0.505598 0.924142
1 0.842050 0.466149 0.322408 0.509982 0.924142
1 0.840597 0.467145 0.322002 0.507055 0.904651
1 0.838278 0.467322 0.323475 0.502823 0.924142
3 0.379520 0.326939 0.131005 0.195764 0.924142
3 0.378311 0.326973 0.131631 0.195684 0.924142
3 0.378128 0.326374 0.131262 0.194490 0.880797
3 0.379454 0.326334 0.130870 0.194338 0.880797
3 0.379072 0.327608 0.130103 0.191790 0.880797
3 0.378186 0.328263 0.131422 0.193106 0.880797
3 0.453795 0.340725 0.020664 0.057434 0.001501
3 0.513881 0.336185 0.020716 0.049339 0.001501
3 0.378483 0.328704 0.131993 0.193877 0.880797
3 0.379073 0.327400 0.130106 0.196484 0.880797
3 0.377583 0.327402 0.133255 0.196654 0.817575
3 0.510506 0.348327 0.021026 0.024937 0.002473
3 0.511297 0.347018 0.019483 0.027569 0.001501
3 0.378994 0.331498 0.129984 0.188466 0.817575
5 0.564326 0.394307 0.100335 0.270908 0.817575
5 0.563375 0.394792 0.101885 0.271756 0.817575
5 0.563421 0.394287 0.101562 0.272147 0.731059
5 0.564186 0.393341 0.103001 0.274636 0.817575
5 0.562522 0.394019 0.100234 0.273277 0.880797
5 0.563335 0.393325 0.101768 0.274665 0.817575
5 0.564138 0.391017 0.103110 0.274784 0.817575
5 0.563245 0.392760 0.101870 0.272753 0.817575
5 0.563339 0.391498 0.102008 0.275738 0.731059
5 0.563313 0.391130 0.102012 0.281029 0.817575
