0 0.006864 0.351045 0.013858 0.349801 0.002473
0 0.007640 0.370805 0.015351 0.334026 0.010987
0 0.017011 0.344938 0.031364 0.447430 0.001501
0 0.505141 0.357328 0.010654 0.035491 0.001501
0 0.518220 0.359424 0.008468 0.036494 0.010987
0 0.543707 0.364454 0.012651 0.057584 0.010987
0 0.009064 0.392736 0.018199 0.350870 0.017986
0 0.017739 0.366202 0.035591 0.463742 0.002473
0 0.504229 0.363123 0.008682 0.023810 0.006693
0 0.518212 0.360964 0.005653 0.033416 0.075858
0 0.530510 0.359178 0.011114 0.026721 0.002473
0 0.543680 0.366465 0.015879 0.049233 0.006693
0 0.010280 0.388579 0.020604 0.354987 0.047426
0 0.021399 0.365009 0.039978 0.475167 0.004070
0 0.542966 0.367646 0.014160 0.051359 0.010987
0 0.009598 0.386952 0.019239 0.369454 0.075858
0 0.021199 0.352909 0.042626 0.456850 0.010987
0 0.009071 0.394624 0.018195 0.358638 0.182426
0 0.017759 0.357873 0.035707 0.411279 0.010987
0 0.009145 0.409396 0.018345 0.356165 0.268941
0 0.015716 0.395684 0.031589 0.358332 0.010987
0 0.009122 0.421303 0.018316 0.358403 0.268941
0 0.013239 0.414057 0.026553 0.346234 0.017986
0 0.043815 0.423259 0.084510 0.503468 0.047426
0 0.044015 0.423459 0.084080 0.500623 0.029312
0 0.008355 0.424320 0.019822 0.354582 0.500000
0 0.011409 0.421675 0.022915 0.355364 0.119203
0 0.045355 0.434032 0.084430 0.492933 0.006693
0 0.008933 0.425357 0.017907 0.354703 0.500000
0 0.010607 0.426116 0.021322 0.352996 0.182426
0 0.008814 0.435835 0.017699 0.338592 0.500000
0 0.009895 0.442469 0.019966 0.332425 0.119203
0 0.009062 0.446315 0.018246 0.311609 0.377541
0 0.009905 0.454272 0.020010 0.298879 0.075858
0 0.009259 0.461232 0.018590 0.276076 0.119203
0 0.010220 0.463286 0.020607 0.278796 0.006693
0 0.008925 0.499669 0.018012 0.205856 0.010987
0 0.042830 0.398877 0.082571 0.572435 0.437824
0 0.044025 0.398154 0.083828 0.568441 0.148047
0 0.041655 0.396089 0.083186 0.565498 0.777300
0 0.042663 0.396171 0.081749 0.565543 0.817575
0 0.042062 0.397441 0.083769 0.565867 0.731059
0 0.042418 0.397067 0.081482 0.563169 0.777300
0 0.042069 0.395835 0.083707 0.561471 0.777300
0 0.042417 0.397104 0.081490 0.562713 0.817575
0 0.043564 0.394184 0.080814 0.564978 0.731059
0 0.042970 0.394106 0.082469 0.564904 0.777300
0 0.042993 0.402866 0.079656 0.552320 0.008577
0 0.044008 0.396041 0.081245 0.565596 0.014064
1 0.602359 0.358848 0.039513 0.073866 0.500000
1 0.007640 0.370805 0.015351 0.334026 0.001501
1 0.417955 0.353766 0.011182 0.028141 0.002473
1 0.493999 0.359296 0.016567 0.045858 0.001501
1 0.505141 0.357328 0.010654 0.035491 0.001501
1 0.532918 0.358153 0.013394 0.033916 0.017986
1 0.603097 0.359133 0.040789 0.073414 0.880797
1 0.603060 0.358991 0.040810 0.073694 0.880797
1 0.603833 0.360267 0.042360 0.076271 0.880797
1 0.713411 0.377413 0.198731 0.171540 0.880797
1 0.713379 0.377412 0.198628 0.171548 0.924142
1 0.713447 0.375014 0.198298 0.176448 0.622459
1 0.415821 0.357756 0.012604 0.021356 0.047426
1 0.494526 0.368039 0.014069 0.032926 0.622459
1 0.504229 0.363123 0.008682 0.023810 0.047426
1 0.530510 0.359178 0.011114 0.026721 0.047426
1 0.543680 0.366465 0.015879 0.049233 0.002473
1 0.603099 0.360414 0.040763 0.075946 0.817575
1 0.602806 0.359185 0.041319 0.073307 0.880797
1 0.603851 0.358951 0.042326 0.073775 0.880797
1 0.713348 0.375018 0.198612 0.171857 0.924142
1 0.714115 0.373910 0.200133 0.174170 0.924142
1 0.714817 0.373875 0.198508 0.174141 0.880797
1 0.494425 0.369951 0.016990 0.032015 0.017986
1 0.602413 0.360348 0.039421 0.076121 0.880797
1 0.602377 0.360272 0.039433 0.076249 0.880797
1 0.603078 0.358697 0.040840 0.074293 0.817575
1 0.714002 0.376117 0.197212 0.174033 0.924142
1 0.714114 0.374992 0.200129 0.176318 0.924142
1 0.714884 0.374988 0.198377 0.171810 0.924142
1 0.714123 0.371656 0.200118 0.173429 0.880797
1 0.009071 0.394624 0.018195 0.358638 0.002473
1 0.017759 0.357873 0.035707 0.411279 0.001501
1 0.009145 0.409396 0.018345 0.356165 0.004070
1 0.015716 0.395684 0.031589 0.358332 0.001501
1 0.009122 0.421303 0.018316 0.358403 0.004070
1 0.008355 0.424320 0.019822 0.354582 0.002473
1 0.008933 0.425357 0.017907 0.354703 0.001501
1 0.714273 0.374983 0.199133 0.171957 0.679179
3 0.463040 0.341010 0.049355 0.099041 0.010987
3 0.453192 0.355275 0.065569 0.106661 0.817575
3 0.453701 0.354846 0.067652 0.107514 0.880797
3 0.452942 0.353365 0.066086 0.108489 0.731059
3 0.454851 0.354974 0.068401 0.107076 0.817575
3 0.454924 0.355454 0.068248 0.108755 0.817575
3 0.454105 0.354379 0.066822 0.111082 0.817575
3 0.453691 0.354504 0.067651 0.108031 0.817575
3 0.454852 0.353652 0.068379 0.109724 0.817575
3 0.453773 0.353649 0.067484 0.109740 0.731059
3 0.453777 0.354569 0.067426 0.107979 0.002473
3 0.453708 0.354265 0.067646 0.108614 0.817575
3 0.452935 0.353299 0.066059 0.108897 0.001501
4 0.832809 0.362197 0.025636 0.072350 0.001501
4 0.831461 0.361851 0.031163 0.073711 0.001501
5 0.532918 0.358153 0.013394 0.033916 0.006693
5 0.543707 0.364454 0.012651 0.057584 0.268941
5 0.504229 0.363123 0.008682 0.023810 0.001501
5 0.518212 0.360964 0.005653 0.033416 0.001501
5 0.530510 0.359178 0.011114 0.026721 0.017986
5 0.543680 0.366465 0.015879 0.049233 0.622459
5 0.548362 0.364091 0.020549 0.042108 0.004070
5 0.569488 0.363121 0.011182 0.029021 0.006693
5 0.538026 0.367455 0.018168 0.048280 0.017986
5 0.542966 0.367646 0.014160 0.051359 0.500000
5 0.547357 0.368227 0.019693 0.051707 0.006693
5 0.009071 0.394624 0.018195 0.358638 0.002473
5 0.017759 0.357873 0.035707 0.411279 0.002473
5 0.009145 0.409396 0.018345 0.356165 0.006693
5 0.015716 0.395684 0.031589 0.358332 0.004070
5 0.009122 0.421303 0.018316 0.358403 0.010987
5 0.013239 0.414057 0.026553 0.346234 0.006693
5 0.008355 0.424320 0.019822 0.354582 0.004070
5 0.011409 0.421675 0.022915 0.355364 0.006693
