0 0.137845 0.223018 0.109789 0.279619 0.001501
0 0.128181 0.259842 0.092771 0.290417 0.001501
0 0.138572 0.237974 0.111460 0.299409 0.001501
0 0.137638 0.231145 0.106654 0.291036 0.004070
0 0.004404 0.321972 0.008893 0.192444 0.004070
0 0.126099 0.274197 0.088308 0.312476 0.002473
0 0.004335 0.327793 0.008754 0.159621 0.006693
0 0.101936 0.310285 0.036200 0.279466 0.002473
0 0.122629 0.281822 0.079377 0.334576 0.004070
0 0.133310 0.260749 0.092099 0.361324 0.001501
0 0.143495 0.251467 0.086875 0.356857 0.002473
0 0.145097 0.246883 0.093515 0.343711 0.001501
0 0.006692 0.339786 0.013443 0.132127 0.004070
0 0.013792 0.346097 0.016845 0.107764 0.002473
0 0.097146 0.324350 0.029958 0.255745 0.001501
0 0.102577 0.313770 0.034785 0.284384 0.002473
0 0.123538 0.281315 0.080532 0.337427 0.006693
0 0.007726 0.339977 0.012457 0.119027 0.002473
0 0.015144 0.352085 0.013964 0.093893 0.010987
0 0.098175 0.319714 0.030005 0.259755 0.001501
0 0.108105 0.311167 0.046844 0.288466 0.002473
0 0.128569 0.288868 0.093368 0.330631 0.004070
0 0.006899 0.346547 0.010856 0.105628 0.002473
0 0.016373 0.357394 0.014230 0.087617 0.010987
0 0.005575 0.356558 0.011316 0.090469 0.004070
0 0.016279 0.358991 0.014473 0.088064 0.010987
0 0.295425 0.301414 0.074400 0.451523 0.002473
0 0.008815 0.361899 0.017791 0.084075 0.001501
0 0.015147 0.362510 0.016731 0.081392 0.006693
0 0.297934 0.331809 0.078316 0.415355 0.002473
0 0.459984 0.374503 0.012196 0.056398 0.004070
0 0.295895 0.342143 0.076188 0.418351 0.002473
0 0.299412 0.343013 0.081049 0.436841 0.010987
0 0.297585 0.347594 0.077977 0.399550 0.002473
0 0.299630 0.342780 0.081285 0.430752 0.004070
0 0.149622 0.402053 0.127193 0.648452 0.777300
0 0.150313 0.400575 0.128098 0.645892 0.731059
0 0.149959 0.400265 0.128442 0.645792 0.500000
0 0.348230 0.374410 0.184695 0.667949 0.010987
0 0.353406 0.366881 0.194839 0.667934 0.731059
0 0.353274 0.365318 0.193062 0.666556 0.731059
0 0.358068 0.367886 0.188614 0.665440 0.679179
0 0.366672 0.368764 0.167062 0.664013 0.679179
0 0.149758 0.401519 0.129912 0.648051 0.622459
0 0.150767 0.399654 0.128874 0.653489 0.777300
0 0.151117 0.398939 0.130162 0.655591 0.731059
0 0.150722 0.398080 0.128822 0.655258 0.777300
0 0.336156 0.380696 0.160745 0.666721 0.001501
0 0.351859 0.378255 0.192297 0.671875 0.320821
0 0.354412 0.375272 0.199055 0.672196 0.731059
0 0.356070 0.375273 0.191208 0.672074 0.679179
0 0.359727 0.375711 0.181573 0.665895 0.679179
0 0.371538 0.380407 0.154115 0.661586 0.731059
0 0.151274 0.405251 0.128338 0.639661 0.817575
0 0.150813 0.406990 0.129510 0.637832 0.731059
0 0.150957 0.400941 0.129206 0.648380 0.777300
0 0.351200 0.369529 0.199185 0.673025 0.037327
0 0.358450 0.372672 0.183600 0.666268 0.622459
0 0.365325 0.377373 0.167545 0.662132 0.679179
0 0.376536 0.380869 0.147074 0.655838 0.002473
0 0.151720 0.397555 0.128323 0.648733 0.182426
1 0.007726 0.339977 0.012457 0.119027 0.001501
1 0.006899 0.346547 0.010856 0.105628 0.002473
1 0.460009 0.363261 0.014358 0.047713 0.006693
1 0.720874 0.381665 0.166621 0.148030 0.924142
1 0.005575 0.356558 0.011316 0.090469 0.002473
1 0.430464 0.374062 0.014175 0.045440 0.001501
1 0.460408 0.366525 0.012896 0.039357 0.017986
1 0.529719 0.374975 0.012527 0.028534 0.377541
1 0.572590 0.371269 0.020221 0.029141 0.731059
1 0.572615 0.371257 0.020273 0.029161 0.731059
1 0.721066 0.381703 0.164061 0.148127 0.880797
1 0.721571 0.379669 0.165057 0.147670 0.924142
1 0.721984 0.379636 0.165974 0.147718 0.924142
1 0.008815 0.361899 0.017791 0.084075 0.002473
1 0.431253 0.377989 0.016089 0.049307 0.004070
1 0.459984 0.374503 0.012196 0.056398 0.004070
1 0.529027 0.375915 0.013896 0.030238 0.622459
1 0.572588 0.371543 0.020217 0.029744 0.377541
1 0.572616 0.372484 0.020256 0.027110 0.268941
1 0.721569 0.380576 0.165067 0.145837 0.880797
1 0.721562 0.379674 0.165079 0.147641 0.924142
1 0.721933 0.380112 0.165905 0.151263 0.924142
1 0.721576 0.380587 0.165052 0.145842 0.880797
1 0.721971 0.381693 0.165843 0.148141 0.924142
1 0.722002 0.380725 0.165943 0.150090 0.924142
3 0.006692 0.339786 0.013443 0.132127 0.001501
3 0.495196 0.358758 0.059610 0.106052 0.731059
3 0.493725 0.358723 0.056767 0.102501 0.817575
3 0.494517 0.358718 0.060970 0.106119 0.817575
3 0.493770 0.359855 0.056708 0.108388 0.817575
3 0.493731 0.360707 0.059432 0.102160 0.817575
3 0.493742 0.357834 0.059466 0.104349 0.817575
3 0.493757 0.359628 0.059423 0.104322 0.817575
3 0.492256 0.359924 0.059560 0.100229 0.817575
3 0.492284 0.360814 0.059674 0.102040 0.817575
3 0.492287 0.358783 0.059605 0.102531 0.731059
4 0.830842 0.366772 0.022518 0.057362 0.002473
5 0.619546 0.382021 0.047340 0.124449 0.731059
5 0.620080 0.381732 0.046195 0.127567 0.731059
5 0.619851 0.381492 0.047932 0.128048 0.731059
5 0.619826 0.380566 0.047884 0.127262 0.817575
5 0.619824 0.381341 0.047860 0.125714 0.731059
5 0.620638 0.381617 0.047503 0.127804 0.731059
5 0.619511 0.381154 0.047424 0.126032 0.817575
5 0.619798 0.381769 0.047986 0.124804 0.817575
5 0.620535 0.382025 0.049287 0.124292 0.817575
5 0.619822 0.380586 0.048027 0.129779 0.817575
