0 0.021604 0.362549 0.021693 0.087393 0.006693
0 0.022518 0.361713 0.020473 0.086142 0.004070
0 0.080477 0.344213 0.011002 0.054429 0.001501
0 0.020830 0.364495 0.022708 0.083535 0.010987
0 0.021918 0.363997 0.021661 0.084573 0.017986
0 0.081243 0.344802 0.009488 0.055373 0.004070
0 0.020078 0.378223 0.023548 0.056076 0.004070
0 0.021105 0.373164 0.023300 0.065468 0.004070
0 0.080569 0.345420 0.008114 0.054257 0.002473
0 0.553836 0.370306 0.007830 0.033624 0.002473
0 0.019945 0.379342 0.023113 0.053480 0.002473
0 0.020465 0.376859 0.024578 0.058941 0.002473
0 0.555019 0.370840 0.007031 0.034352 0.004070
0 0.020194 0.381970 0.021435 0.049864 0.001501
0 0.022264 0.379948 0.019883 0.054668 0.002473
0 0.705795 0.378765 0.106989 0.396649 0.010987
0 0.714088 0.375691 0.087273 0.397571 0.010987
0 0.721466 0.377685 0.072159 0.387849 0.004070
0 0.716392 0.375731 0.084466 0.403950 0.001501
0 0.719999 0.373445 0.078820 0.408053 0.006693
0 0.630596 0.419333 0.274345 0.739517 0.001501
0 0.642419 0.415855 0.276822 0.743815 0.029312
0 0.655551 0.416216 0.269413 0.746031 0.001927
0 0.690374 0.365154 0.195465 0.602959 0.001170
0 0.283116 0.479797 0.231109 0.870753 0.500000
0 0.293452 0.477026 0.215975 0.854226 0.731059
0 0.299034 0.476589 0.196859 0.855096 0.679179
0 0.612261 0.417557 0.247614 0.771169 0.047426
0 0.627996 0.416100 0.268225 0.740080 0.268941
0 0.632711 0.413068 0.265950 0.744127 0.377541
0 0.640114 0.413444 0.271603 0.751016 0.500000
0 0.657104 0.411744 0.250434 0.750316 0.182426
0 0.670471 0.418133 0.230414 0.734172 0.001927
0 0.245711 0.478383 0.293943 0.914595 0.005220
0 0.274181 0.468350 0.272801 0.868274 0.148047
0 0.297013 0.467285 0.224080 0.854365 0.731059
0 0.300146 0.465448 0.211870 0.852374 0.731059
0 0.305015 0.464400 0.196809 0.850832 0.777300
0 0.310536 0.459834 0.190890 0.860130 0.320821
0 0.613146 0.429025 0.239784 0.801334 0.222700
0 0.628597 0.421120 0.257775 0.762601 0.437824
0 0.630688 0.415739 0.256036 0.759876 0.562177
0 0.635687 0.416977 0.265673 0.764634 0.562177
0 0.646554 0.410703 0.260327 0.763949 0.119203
0 0.664310 0.408768 0.246494 0.753891 0.005220
0 0.225954 0.500693 0.364196 1.000361 0.004070
0 0.255651 0.474604 0.321496 0.919325 0.047426
0 0.296828 0.464112 0.230647 0.864887 0.500000
0 0.303719 0.462487 0.210717 0.852158 0.622459
0 0.307077 0.454875 0.199254 0.857572 0.622459
0 0.311195 0.445540 0.193911 0.873298 0.003173
0 0.626139 0.427526 0.250897 0.775299 0.095349
0 0.627837 0.419315 0.249938 0.759225 0.437824
0 0.634531 0.415093 0.258860 0.768542 0.010987
1 0.020830 0.364495 0.022708 0.083535 0.002473
1 0.130502 0.362349 0.014342 0.059372 0.002473
1 0.455702 0.351077 0.019728 0.032256 0.001501
1 0.466488 0.352232 0.015228 0.030473 0.001501
1 0.778364 0.379893 0.056945 0.134809 0.817575
1 0.015898 0.376210 0.028853 0.059537 0.002473
1 0.020078 0.378223 0.023548 0.056076 0.017986
1 0.021105 0.373164 0.023300 0.065468 0.004070
1 0.132812 0.361999 0.013090 0.058045 0.001501
1 0.464808 0.360644 0.014649 0.019675 0.004070
1 0.535292 0.376051 0.012651 0.034478 0.182426
1 0.543042 0.372189 0.011216 0.031281 0.047426
1 0.716377 0.385217 0.178938 0.162200 0.002473
1 0.777264 0.379727 0.057979 0.134530 0.731059
1 0.777531 0.380189 0.058355 0.135443 0.731059
1 0.778201 0.380059 0.056573 0.135708 0.817575
1 0.010502 0.382523 0.021157 0.046782 0.006693
1 0.019945 0.379342 0.023113 0.053480 0.047426
1 0.020465 0.376859 0.024578 0.058941 0.010987
1 0.501634 0.359733 0.056998 0.104257 0.001501
1 0.500975 0.358752 0.058053 0.102775 0.002473
1 0.535643 0.378296 0.013351 0.035104 0.377541
1 0.541511 0.373787 0.011508 0.034580 0.010987
1 0.777174 0.380992 0.058167 0.131995 0.622459
1 0.777482 0.378451 0.058455 0.137104 0.817575
1 0.778246 0.379643 0.056759 0.134741 0.731059
1 0.005920 0.386669 0.008847 0.053567 0.002473
1 0.020194 0.381970 0.021435 0.049864 0.017986
1 0.022264 0.379948 0.019883 0.054668 0.002473
1 0.776905 0.380182 0.058699 0.135552 0.500000
1 0.777252 0.380163 0.058746 0.135536 0.731059
1 0.778150 0.381365 0.056954 0.133182 0.731059
1 0.779207 0.381473 0.054852 0.132064 0.006693
1 0.675896 0.327099 0.256627 0.561865 0.004070
1 0.678552 0.345439 0.253208 0.499599 0.010987
1 0.681653 0.356756 0.249029 0.433565 0.017986
1 0.686201 0.353476 0.238124 0.350125 0.005220
1 0.675630 0.374939 0.254334 0.494790 0.005220
1 0.680139 0.378474 0.248937 0.436323 0.017986
1 0.680829 0.390086 0.242671 0.382098 0.047426
1 0.687108 0.385159 0.232589 0.318097 0.047426
1 0.711288 0.361890 0.191954 0.245620 0.003173
1 0.680066 0.396048 0.239796 0.435551 0.005220
1 0.687664 0.392681 0.218347 0.401496 0.002473
1 0.642419 0.415855 0.276822 0.743815 0.002473
1 0.627996 0.416100 0.268225 0.740080 0.002473
1 0.632711 0.413068 0.265950 0.744127 0.001501
3 0.502134 0.358793 0.057543 0.105893 0.817575
3 0.508043 0.350602 0.059078 0.089780 0.001501
3 0.502017 0.359875 0.057330 0.100100 0.817575
3 0.501198 0.359919 0.058334 0.108176 0.817575
3 0.501721 0.359665 0.056560 0.104131 0.731059
3 0.501972 0.360800 0.057420 0.101903 0.880797
3 0.501738 0.359646 0.056791 0.104197 0.880797
3 0.501771 0.359559 0.056769 0.104231 0.817575
3 0.019945 0.379342 0.023113 0.053480 0.001501
3 0.501634 0.359733 0.056998 0.104257 0.817575
3 0.501012 0.360851 0.058233 0.102013 0.880797
3 0.500975 0.358752 0.058053 0.102775 0.731059
3 0.675896 0.327099 0.256627 0.561865 0.001501
3 0.675630 0.374939 0.254334 0.494790 0.002473
3 0.680139 0.378474 0.248937 0.436323 0.001501
3 0.642419 0.415855 0.276822 0.743815 0.008577
3 0.612261 0.417557 0.247614 0.771169 0.001170
3 0.627996 0.416100 0.268225 0.740080 0.006693
3 0.632711 0.413068 0.265950 0.744127 0.006693
3 0.640114 0.413444 0.271603 0.751016 0.004070
3 0.613146 0.429025 0.239784 0.801334 0.001170
3 0.628597 0.421120 0.257775 0.762601 0.001927
3 0.630688 0.415739 0.256036 0.759876 0.001170
4 0.832281 0.367209 0.021249 0.058980 0.001501
5 0.019945 0.379342 0.023113 0.053480 0.001501
5 0.020194 0.381970 0.021435 0.049864 0.001501
5 0.630596 0.419333 0.274345 0.739517 0.002473
5 0.642419 0.415855 0.276822 0.743815 0.017986
5 0.612261 0.417557 0.247614 0.771169 0.008577
5 0.627996 0.416100 0.268225 0.740080 0.022977
5 0.632711 0.413068 0.265950 0.744127 0.010987
5 0.640114 0.413444 0.271603 0.751016 0.004070
5 0.613146 0.429025 0.239784 0.801334 0.003173
5 0.628597 0.421120 0.257775 0.762601 0.005220
5 0.630688 0.415739 0.256036 0.759876 0.001927
