0 0.583479 0.316360 0.014776 0.081894 0.002473
0 0.568761 0.322920 0.012539 0.062546 0.622459
0 0.584724 0.327772 0.011611 0.062787 0.268941
0 0.587370 0.327830 0.014668 0.062915 0.017986
0 0.133466 0.335509 0.011171 0.056459 0.004070
0 0.159419 0.356761 0.009327 0.079095 0.004070
0 0.404357 0.327662 0.005690 0.030511 0.010987
0 0.446926 0.326660 0.009383 0.023404 0.001501
0 0.512053 0.324172 0.013523 0.023688 0.002473
0 0.514285 0.324168 0.013566 0.023530 0.004070
0 0.530697 0.320464 0.005712 0.026083 0.010987
0 0.540912 0.320730 0.006863 0.030548 0.017986
0 0.567991 0.324216 0.011010 0.059928 0.622459
0 0.584731 0.329782 0.013773 0.062165 0.500000
0 0.586864 0.328852 0.015683 0.060701 0.029312
0 0.159456 0.361578 0.009423 0.079555 0.006693
0 0.405019 0.327371 0.007042 0.035138 0.002473
0 0.567985 0.325507 0.010999 0.062436 0.622459
0 0.585248 0.329731 0.012619 0.062308 0.500000
0 0.586882 0.329113 0.015671 0.063891 0.017986
0 0.159988 0.364316 0.012069 0.082580 0.004070
0 0.584168 0.331279 0.012619 0.068657 0.001501
1 0.330835 0.333931 0.033739 0.029857 0.001501
1 0.334068 0.332719 0.042954 0.031389 0.001501
1 0.356247 0.328811 0.016386 0.014972 0.004070
1 0.367733 0.328776 0.039904 0.019818 0.001501
1 0.480477 0.322890 0.011116 0.015868 0.004070
1 0.512053 0.324172 0.013523 0.023688 0.010987
1 0.514285 0.324168 0.013566 0.023530 0.047426
1 0.144876 0.365090 0.040104 0.059143 0.001501
1 0.875793 0.372557 0.248467 0.500383 0.924142
1 0.875786 0.372762 0.248410 0.500840 0.904651
1 0.878045 0.371289 0.247014 0.502785 0.924142
1 0.876542 0.372519 0.246957 0.494999 0.904651
1 0.875011 0.371255 0.249982 0.497648 0.880797
1 0.878789 0.372373 0.248550 0.494783 0.880797
1 0.878101 0.372978 0.246935 0.490785 0.904651
1 0.876556 0.371579 0.250011 0.486863 0.924142
1 0.875792 0.374344 0.248391 0.487952 0.880797
1 0.877334 0.374386 0.248436 0.487698 0.880797
2 0.367733 0.328776 0.039904 0.019818 0.001501
2 0.356063 0.335672 0.016823 0.027696 0.001501
2 0.007668 0.390471 0.015468 0.094580 0.001501
3 0.512053 0.324172 0.013523 0.023688 0.002473
3 0.514285 0.324168 0.013566 0.023530 0.010987
4 0.006456 0.405121 0.013004 0.076282 0.006693
4 0.132955 0.388385 0.019452 0.040656 0.006693
4 0.144204 0.383354 0.022219 0.044807 0.002473
4 0.170556 0.375550 0.017142 0.050354 0.001501
4 0.006540 0.406417 0.013177 0.072351 0.010987
4 0.132690 0.390071 0.019621 0.039979 0.006693
4 0.136452 0.386352 0.019464 0.043049 0.002473
4 0.006421 0.407234 0.012913 0.066100 0.010987
5 0.512053 0.324172 0.013523 0.023688 0.002473
5 0.514285 0.324168 0.013566 0.023530 0.006693
5 0.164911 0.364164 0.024001 0.074028 0.002473
5 0.135188 0.373192 0.018073 0.071986 0.002473
5 0.151323 0.371890 0.028534 0.064085 0.001501
5 0.167882 0.371754 0.022701 0.058035 0.010987
5 0.175948 0.369653 0.017839 0.057715 0.001501
5 0.006456 0.405121 0.013004 0.076282 0.002473
5 0.132955 0.388385 0.019452 0.040656 0.010987
5 0.144204 0.383354 0.022219 0.044807 0.006693
5 0.159442 0.366696 0.016184 0.076449 0.002473
5 0.170556 0.375550 0.017142 0.050354 0.017986
5 0.175144 0.370911 0.017299 0.055342 0.002473
5 0.006540 0.406417 0.013177 0.072351 0.004070
5 0.132690 0.390071 0.019621 0.039979 0.004070
5 0.136452 0.386352 0.019464 0.043049 0.002473
5 0.006421 0.407234 0.012913 0.066100 0.006693
