0 0.926929 0.339997 0.023394 0.140098 0.002473
0 0.004267 0.299671 0.008553 0.031599 0.001501
0 0.132709 0.324186 0.009680 0.065325 0.010987
0 0.179035 0.335725 0.013889 0.078551 0.622459
0 0.218750 0.334266 0.015577 0.094951 0.622459
0 0.236619 0.334430 0.012645 0.075925 0.377541
0 0.238535 0.334566 0.012346 0.080751 0.075858
0 0.252210 0.334464 0.012661 0.080556 0.500000
0 0.618079 0.326020 0.008183 0.055917 0.002473
0 0.650981 0.324987 0.015259 0.058058 0.002473
0 0.746896 0.342839 0.009284 0.102669 0.010987
0 0.924937 0.362250 0.019414 0.188893 0.002473
0 0.930481 0.368415 0.027867 0.201065 0.002473
0 0.939166 0.371241 0.022127 0.206537 0.001501
0 0.968858 0.366845 0.025576 0.203742 0.004070
0 0.131932 0.328997 0.008126 0.055612 0.017986
0 0.153585 0.331930 0.007237 0.033910 0.001501
0 0.170312 0.342784 0.007775 0.061692 0.002473
0 0.178355 0.337960 0.012530 0.079317 0.622459
0 0.218745 0.335315 0.015598 0.092694 0.731059
0 0.236525 0.334598 0.011749 0.075694 0.377541
0 0.237598 0.335641 0.013491 0.073618 0.119203
0 0.253324 0.335801 0.012605 0.078528 0.622459
0 0.282698 0.340230 0.009626 0.042253 0.017986
0 0.296904 0.339277 0.009318 0.044207 0.006693
0 0.604227 0.326800 0.008623 0.023607 0.002473
0 0.617525 0.333191 0.007032 0.036900 0.010987
0 0.646838 0.333333 0.018887 0.036642 0.004070
0 0.648376 0.332020 0.018792 0.039283 0.001501
0 0.747574 0.343490 0.010639 0.104044 0.017986
0 0.942133 0.368938 0.020717 0.201798 0.001501
0 0.956968 0.366302 0.021978 0.204854 0.001501
0 0.967700 0.371614 0.028349 0.217907 0.006693
0 0.973172 0.375365 0.025927 0.208173 0.001501
0 0.988950 0.378183 0.019146 0.223956 0.002473
0 0.130562 0.333357 0.008138 0.046890 0.010987
0 0.153802 0.331307 0.007923 0.037594 0.001501
0 0.173438 0.342025 0.014101 0.071360 0.004070
0 0.178349 0.338222 0.012547 0.083280 0.622459
0 0.218730 0.335368 0.015621 0.092540 0.731059
0 0.236844 0.336704 0.012380 0.076609 0.500000
0 0.237951 0.335858 0.013504 0.078297 0.182426
0 0.252776 0.334671 0.011530 0.080698 0.731059
0 0.283466 0.340061 0.011171 0.045535 0.029312
0 0.297218 0.341381 0.011543 0.041994 0.004070
0 0.616752 0.331926 0.008591 0.039472 0.010987
0 0.646674 0.332042 0.015355 0.039234 0.029312
0 0.648411 0.332040 0.018722 0.039309 0.001501
0 0.746896 0.343783 0.009295 0.098923 0.010987
0 0.929497 0.375455 0.028477 0.210651 0.001501
0 0.935442 0.376456 0.030251 0.214663 0.001501
0 0.961424 0.372918 0.027290 0.217236 0.006693
0 0.967639 0.375899 0.029566 0.227111 0.047426
0 0.970441 0.367785 0.028762 0.196902 0.004070
0 0.989331 0.374012 0.018474 0.208379 0.002473
0 0.177175 0.342541 0.018094 0.078548 0.004070
0 0.178345 0.339142 0.012554 0.081456 0.622459
0 0.213674 0.336992 0.016907 0.083689 0.004070
0 0.218706 0.335711 0.015665 0.088237 0.817575
0 0.236845 0.334552 0.012381 0.075838 0.377541
0 0.237756 0.333460 0.013188 0.078014 0.119203
0 0.252234 0.333482 0.012608 0.078051 0.731059
0 0.283495 0.343121 0.011294 0.051321 0.004070
0 0.746893 0.344699 0.009298 0.097167 0.006693
0 0.965799 0.376705 0.029207 0.221338 0.010987
0 0.967358 0.381410 0.031740 0.239731 0.119203
0 0.990301 0.368597 0.019645 0.204876 0.001501
0 0.746503 0.350455 0.010096 0.096787 0.004070
0 0.966154 0.382068 0.032952 0.242416 0.002473
0 0.967430 0.387002 0.031868 0.253519 0.182426
0 0.931281 0.390119 0.037620 0.245037 0.731059
0 0.931260 0.390511 0.037532 0.245548 0.817575
0 0.931318 0.390287 0.037722 0.245086 0.731059
0 0.966780 0.393803 0.034742 0.263138 0.119203
0 0.967402 0.395242 0.031919 0.271247 0.500000
0 0.967921 0.394899 0.033553 0.265864 0.010987
0 0.930536 0.388563 0.039159 0.246774 0.817575
0 0.931265 0.388452 0.037555 0.245820 0.817575
0 0.930476 0.388614 0.036054 0.246739 0.731059
0 0.966313 0.394017 0.036468 0.267681 0.500000
0 0.967176 0.394503 0.034575 0.272901 0.622459
0 0.966467 0.394346 0.036398 0.272515 0.377541
0 0.932041 0.388928 0.039125 0.248715 0.817575
0 0.930506 0.388716 0.039104 0.247205 0.817575
0 0.930466 0.388179 0.039119 0.251020 0.817575
0 0.966338 0.393282 0.036688 0.273277 0.622459
0 0.967180 0.392971 0.034730 0.276426 0.622459
0 0.967211 0.392936 0.034911 0.276461 0.500000
0 0.932043 0.387753 0.039201 0.252053 0.817575
0 0.966957 0.393019 0.035475 0.276615 0.500000
0 0.967012 0.391846 0.035067 0.281749 0.500000
0 0.967099 0.390810 0.035261 0.285775 0.075858
0 0.965994 0.382473 0.037162 0.299903 0.017986
1 0.005089 0.294612 0.007229 0.046979 0.001501
1 0.004267 0.299671 0.008553 0.031599 0.017986
1 0.055726 0.315644 0.019996 0.030489 0.001501
1 0.552029 0.328610 0.046003 0.056246 0.268941
1 0.551242 0.328617 0.044483 0.056255 0.377541
1 0.053851 0.319546 0.021430 0.027695 0.004070
1 0.054401 0.319169 0.019700 0.023298 0.182426
1 0.069340 0.318705 0.016276 0.024372 0.004070
1 0.082018 0.324199 0.017208 0.023502 0.119203
1 0.094471 0.324087 0.014903 0.023704 0.010987
1 0.188861 0.330586 0.032844 0.037394 0.004070
1 0.511239 0.329738 0.017117 0.016885 0.006693
1 0.513306 0.327469 0.020742 0.017062 0.001501
1 0.551975 0.328112 0.046022 0.052139 0.880797
1 0.552228 0.329393 0.048646 0.054661 0.880797
1 0.552755 0.329203 0.047568 0.055044 0.880797
1 0.552760 0.329385 0.047554 0.054710 0.880797
1 0.590654 0.326885 0.021794 0.028847 0.622459
1 0.590941 0.326891 0.021194 0.028811 0.817575
1 0.604227 0.326800 0.008623 0.023607 0.004070
1 0.637960 0.329109 0.036550 0.033741 0.006693
1 0.646838 0.333333 0.018887 0.036642 0.182426
1 0.648376 0.332020 0.018792 0.039283 0.075858
1 0.191406 0.334248 0.026753 0.026934 0.029312
1 0.237951 0.335858 0.013504 0.078297 0.001501
1 0.551992 0.329404 0.046051 0.054651 0.880797
1 0.551997 0.329214 0.046036 0.055028 0.880797
1 0.551447 0.329098 0.047118 0.055268 0.880797
1 0.551998 0.329208 0.046023 0.055056 0.817575
1 0.646674 0.332042 0.015355 0.039234 0.047426
1 0.648411 0.332040 0.018722 0.039309 0.047426
2 0.066634 0.314858 0.017193 0.033441 0.006693
3 0.005089 0.294612 0.007229 0.046979 0.001501
3 0.004267 0.299671 0.008553 0.031599 0.004070
3 0.066634 0.314858 0.017193 0.033441 0.002473
3 0.054401 0.319169 0.019700 0.023298 0.006693
3 0.188861 0.330586 0.032844 0.037394 0.001501
3 0.590654 0.326885 0.021794 0.028847 0.047426
3 0.590941 0.326891 0.021194 0.028811 0.075858
3 0.646838 0.333333 0.018887 0.036642 0.010987
3 0.648376 0.332020 0.018792 0.039283 0.006693
3 0.191406 0.334248 0.026753 0.026934 0.006693
3 0.646674 0.332042 0.015355 0.039234 0.001501
3 0.648411 0.332040 0.018722 0.039309 0.002473
5 0.646838 0.333333 0.018887 0.036642 0.002473
5 0.315683 0.346808 0.012925 0.040287 0.002473
5 0.616752 0.331926 0.008591 0.039472 0.002473
5 0.646674 0.332042 0.015355 0.039234 0.004070
