0 0.820892 0.285311 0.016929 0.144445 0.002473
0 0.925543 0.280177 0.027431 0.196468 0.001501
0 0.821909 0.297182 0.016079 0.173178 0.002473
0 0.992865 0.297752 0.014500 0.288765 0.002473
0 0.822465 0.297785 0.014268 0.174576 0.004070
0 0.897527 0.312943 0.027277 0.270160 0.001501
0 0.970031 0.307451 0.024493 0.237786 0.006693
0 0.993205 0.304078 0.013726 0.262265 0.010987
0 0.822459 0.283945 0.014257 0.122560 0.001501
0 0.865598 0.334959 0.026705 0.272063 0.002473
0 0.878237 0.341879 0.029676 0.289171 0.001501
0 0.899214 0.337572 0.027048 0.310424 0.001501
0 0.926526 0.306846 0.030166 0.258117 0.002473
0 0.970669 0.307701 0.026433 0.230225 0.029312
0 0.973065 0.307711 0.030512 0.241097 0.002473
0 0.993524 0.310651 0.013060 0.252156 0.017986
0 0.825681 0.317258 0.015726 0.056030 0.001501
0 0.867837 0.341499 0.027654 0.294175 0.002473
0 0.877069 0.354917 0.030490 0.328072 0.004070
0 0.899842 0.359067 0.026943 0.335420 0.002473
0 0.926199 0.305242 0.031284 0.261450 0.119203
0 0.927010 0.306697 0.029413 0.256819 0.182426
0 0.970535 0.307578 0.029834 0.239508 0.268941
0 0.973235 0.311282 0.034528 0.249261 0.047426
0 0.992719 0.317042 0.014676 0.269823 0.029312
0 0.115558 0.334383 0.009452 0.057529 0.002473
0 0.507493 0.333301 0.007098 0.036814 0.004070
0 0.517109 0.336030 0.006283 0.031271 0.006693
0 0.570263 0.335335 0.012602 0.032508 0.017986
0 0.577701 0.332080 0.009008 0.034161 0.006693
0 0.596406 0.332055 0.007222 0.044243 0.377541
0 0.605029 0.329650 0.007014 0.039432 0.182426
0 0.617061 0.333262 0.006419 0.032061 0.001501
0 0.632471 0.331687 0.007008 0.028780 0.047426
0 0.822690 0.319716 0.014651 0.051487 0.001501
0 0.869987 0.344051 0.034020 0.315380 0.006693
0 0.906778 0.318959 0.029360 0.259139 0.001501
0 0.927118 0.305985 0.029431 0.263079 0.731059
0 0.927819 0.305915 0.027781 0.257976 0.622459
0 0.965425 0.311124 0.029982 0.216424 0.006693
0 0.970341 0.306635 0.030532 0.238415 0.500000
0 0.973566 0.312563 0.038362 0.252086 0.268941
0 0.989621 0.319743 0.020875 0.280040 0.182426
0 0.102582 0.329590 0.016860 0.069269 0.006693
0 0.115298 0.335524 0.011680 0.056684 0.001501
0 0.290598 0.325666 0.009371 0.044077 0.001501
0 0.506250 0.337189 0.006763 0.028999 0.006693
0 0.517811 0.336403 0.004869 0.025965 0.017986
0 0.529179 0.336324 0.008759 0.022659 0.001501
0 0.570998 0.335529 0.008070 0.032306 0.075858
0 0.579324 0.333708 0.005776 0.031633 0.006693
0 0.596407 0.332040 0.007225 0.044310 0.500000
0 0.605709 0.329653 0.005667 0.039429 0.119203
0 0.631791 0.331783 0.005655 0.028946 0.047426
0 0.871562 0.354639 0.037148 0.339084 0.001501
0 0.904967 0.309887 0.028117 0.266260 0.001501
0 0.925833 0.305260 0.029807 0.259240 0.731059
0 0.925714 0.304799 0.029653 0.255647 0.731059
0 0.968721 0.308139 0.029690 0.223488 0.047426
0 0.971177 0.303652 0.032183 0.238222 0.377541
0 0.976912 0.310169 0.040897 0.257738 0.182426
0 0.986761 0.319578 0.023489 0.280444 0.182426
0 0.101553 0.346285 0.016214 0.037875 0.002473
0 0.570748 0.343932 0.008687 0.053376 0.001501
0 0.795365 0.334094 0.049167 0.304535 0.731059
0 0.796375 0.333037 0.048990 0.306195 0.731059
0 0.795316 0.332847 0.049208 0.307030 0.817575
0 0.904822 0.318388 0.029925 0.293921 0.001501
0 0.925840 0.305526 0.029792 0.254204 0.622459
0 0.925772 0.306633 0.029704 0.256438 0.731059
0 0.968092 0.308778 0.028359 0.226508 0.119203
0 0.970346 0.302600 0.030073 0.235247 0.377541
0 0.983156 0.316119 0.030276 0.271682 0.119203
0 0.988872 0.319721 0.022350 0.283932 0.182426
0 0.795820 0.333826 0.049881 0.307733 0.817575
0 0.795910 0.334633 0.048340 0.305663 0.817575
0 0.795023 0.334009 0.050075 0.307373 0.731059
0 0.885605 0.357709 0.065799 0.374785 0.731059
0 0.884741 0.353412 0.066582 0.383113 0.731059
0 0.883767 0.352443 0.064349 0.390631 0.731059
0 0.925941 0.307007 0.029995 0.251328 0.731059
0 0.926397 0.308212 0.030912 0.248786 0.622459
0 0.966792 0.305517 0.027981 0.232944 0.075858
0 0.969285 0.299635 0.026902 0.240022 0.268941
0 0.986734 0.314587 0.026281 0.272762 0.182426
0 0.988569 0.316831 0.020018 0.295316 0.268941
0 0.796223 0.333342 0.050887 0.306061 0.817575
0 0.796720 0.333220 0.049946 0.305842 0.817575
0 0.795361 0.333162 0.050751 0.305679 0.817575
0 0.884696 0.352618 0.066451 0.378777 0.731059
0 0.884753 0.350027 0.066514 0.383903 0.731059
0 0.884306 0.351056 0.065662 0.381976 0.731059
0 0.926362 0.310774 0.030914 0.248374 0.500000
0 0.925943 0.309651 0.030079 0.246232 0.500000
0 0.965818 0.306527 0.026050 0.231037 0.047426
0 0.967796 0.302400 0.025606 0.239034 0.182426
0 0.986950 0.313161 0.023067 0.279521 0.119203
0 0.992449 0.314655 0.015383 0.295364 0.377541
0 0.796313 0.331818 0.048863 0.311346 0.817575
0 0.885128 0.351379 0.067290 0.398864 0.731059
0 0.885176 0.350870 0.067410 0.405337 0.731059
0 0.884553 0.353491 0.066076 0.400483 0.817575
0 0.988794 0.311589 0.022532 0.301087 0.017986
0 0.993580 0.309158 0.013008 0.309178 0.377541
0 0.883659 0.351644 0.070509 0.410258 0.731059
0 0.885351 0.354417 0.067858 0.410807 0.002473
0 0.989384 0.311659 0.021791 0.300121 0.001501
0 0.993730 0.313841 0.012660 0.295978 0.182426
0 0.993820 0.350713 0.012846 0.321009 0.002473
1 0.013549 0.332621 0.027261 0.043769 0.002473
1 0.014856 0.335268 0.029565 0.043705 0.002473
1 0.063499 0.342637 0.067122 0.069956 0.880797
1 0.063517 0.343743 0.067127 0.072191 0.880797
1 0.063700 0.343720 0.066540 0.072232 0.731059
1 0.178017 0.346161 0.093999 0.067355 0.924142
1 0.178893 0.346154 0.095274 0.067352 0.924142
1 0.177261 0.345033 0.092453 0.065115 0.880797
1 0.555434 0.334420 0.027961 0.026241 0.377541
1 0.555902 0.333985 0.028655 0.027132 0.500000
1 0.570263 0.335335 0.012602 0.032508 0.047426
1 0.009760 0.341598 0.019620 0.031368 0.004070
1 0.014393 0.338453 0.028203 0.037186 0.001501
1 0.063457 0.343726 0.067283 0.072185 0.880797
1 0.062551 0.343744 0.066937 0.072155 0.880797
1 0.063467 0.342617 0.067156 0.069896 0.880797
1 0.063601 0.342485 0.066961 0.070188 0.880797
1 0.102582 0.329590 0.016860 0.069269 0.001501
1 0.177996 0.346149 0.093961 0.067359 0.924142
1 0.178056 0.346154 0.093908 0.067335 0.924142
1 0.177252 0.345025 0.092444 0.065069 0.880797
1 0.178061 0.347427 0.093903 0.064788 0.924142
1 0.395223 0.337758 0.015503 0.014007 0.182426
1 0.400413 0.336437 0.018560 0.016094 0.006693
1 0.450661 0.337365 0.020561 0.024007 0.731059
1 0.450031 0.337120 0.021921 0.020896 0.731059
1 0.467918 0.338020 0.011132 0.014663 0.029312
1 0.555545 0.334613 0.028178 0.025896 0.500000
1 0.555546 0.334253 0.026509 0.023967 0.731059
1 0.570998 0.335529 0.008070 0.032306 0.002473
1 0.063485 0.344858 0.067231 0.069957 0.880797
1 0.063457 0.343733 0.067266 0.072188 0.880797
1 0.063493 0.344863 0.067199 0.069928 0.880797
1 0.091271 0.344286 0.030853 0.045700 0.002473
1 0.101553 0.346285 0.016214 0.037875 0.002473
1 0.178059 0.346163 0.093903 0.067329 0.880797
1 0.178022 0.347436 0.093989 0.064780 0.880797
1 0.178023 0.346166 0.093990 0.067344 0.880797
2 0.014429 0.307685 0.025974 0.177138 0.002473
2 0.014401 0.307684 0.029050 0.176736 0.001501
2 0.296192 0.316758 0.023462 0.055934 0.002473
2 0.331968 0.320346 0.075304 0.062554 0.817575
2 0.332092 0.320499 0.076246 0.067331 0.880797
2 0.331984 0.320358 0.076456 0.062521 0.817575
2 0.290060 0.320546 0.011099 0.052694 0.006693
2 0.332221 0.321630 0.075791 0.065092 0.817575
2 0.332545 0.321635 0.076888 0.065071 0.880797
2 0.332375 0.320359 0.077222 0.062522 0.880797
2 0.332487 0.320359 0.077012 0.062528 0.817575
2 0.379445 0.324991 0.013416 0.032528 0.001501
2 0.469534 0.332537 0.011098 0.022650 0.004070
2 0.555434 0.334420 0.027961 0.026241 0.004070
2 0.555902 0.333985 0.028655 0.027132 0.004070
2 0.570263 0.335335 0.012602 0.032508 0.002473
2 0.332109 0.321647 0.076032 0.065113 0.880797
2 0.332468 0.321631 0.076980 0.065081 0.880797
2 0.332373 0.321631 0.077232 0.065085 0.817575
2 0.467918 0.338020 0.011132 0.014663 0.002473
3 0.014429 0.307685 0.025974 0.177138 0.002473
3 0.014401 0.307684 0.029050 0.176736 0.004070
3 0.014694 0.298472 0.029667 0.156891 0.006693
3 0.016095 0.296214 0.029319 0.157598 0.002473
3 0.071533 0.313189 0.082662 0.111132 0.004070
3 0.071872 0.311190 0.081372 0.106708 0.004070
3 0.072626 0.311168 0.083067 0.106657 0.029312
3 0.015433 0.295768 0.031018 0.152089 0.004070
3 0.015768 0.296205 0.031681 0.149198 0.001501
3 0.072953 0.316407 0.086866 0.109627 0.010987
3 0.072270 0.310676 0.080922 0.099878 0.268941
3 0.072361 0.311030 0.080448 0.100317 0.500000
3 0.071898 0.313382 0.081305 0.102413 0.731059
3 0.072056 0.313230 0.077836 0.101511 0.731059
3 0.073191 0.313304 0.078761 0.101336 0.622459
3 0.013193 0.306229 0.026537 0.105772 0.002473
3 0.017413 0.297832 0.034591 0.126747 0.001501
3 0.071900 0.318048 0.077930 0.101882 0.075858
3 0.071918 0.313203 0.078225 0.102664 0.731059
3 0.072831 0.312660 0.079359 0.100720 0.731059
3 0.072908 0.313489 0.079246 0.099153 0.622459
3 0.013549 0.332621 0.027261 0.043769 0.001501
3 0.068623 0.330304 0.075411 0.083841 0.001501
3 0.071867 0.312863 0.078235 0.102281 0.500000
3 0.073986 0.314377 0.074079 0.099223 0.268941
3 0.395456 0.332213 0.017116 0.024532 0.001501
3 0.449930 0.334707 0.019164 0.025818 0.001501
3 0.469534 0.332537 0.011098 0.022650 0.002473
3 0.555902 0.333985 0.028655 0.027132 0.001501
3 0.078239 0.319143 0.066211 0.091793 0.001501
3 0.102582 0.329590 0.016860 0.069269 0.001501
3 0.395223 0.337758 0.015503 0.014007 0.004070
3 0.450661 0.337365 0.020561 0.024007 0.004070
3 0.450031 0.337120 0.021921 0.020896 0.002473
3 0.467918 0.338020 0.011132 0.014663 0.004070
4 0.665607 0.333070 0.018842 0.026397 0.001501
5 0.102582 0.329590 0.016860 0.069269 0.004070
5 0.101553 0.346285 0.016214 0.037875 0.001501
