0 0.819454 0.268817 0.022184 0.107817 0.377541
0 0.820900 0.271407 0.025355 0.113073 0.017986
0 0.685219 0.299982 0.020620 0.142835 0.047426
0 0.687580 0.300049 0.019100 0.143116 0.004070
0 0.731237 0.303639 0.016005 0.161384 0.002473
0 0.773627 0.301191 0.012798 0.136656 0.004070
0 0.781165 0.297280 0.016213 0.127529 0.001501
0 0.819416 0.268493 0.021899 0.106978 0.500000
0 0.821056 0.267361 0.023452 0.104290 0.017986
0 0.685919 0.308396 0.022076 0.169175 0.029312
0 0.687646 0.308893 0.021774 0.166575 0.010987
0 0.732261 0.292601 0.014675 0.128034 0.001501
0 0.773499 0.302564 0.011463 0.137369 0.004070
0 0.819441 0.267540 0.021900 0.102410 0.377541
0 0.828431 0.268460 0.019935 0.095378 0.004070
0 0.841353 0.280004 0.011545 0.066472 0.002473
0 0.686600 0.317525 0.023439 0.177617 0.006693
0 0.685890 0.317178 0.022459 0.177324 0.004070
0 0.713815 0.303229 0.039130 0.220852 0.004070
0 0.733868 0.300138 0.018445 0.120466 0.001501
0 0.741053 0.320437 0.014865 0.096557 0.004070
0 0.773279 0.304096 0.012235 0.145149 0.001501
0 0.819194 0.266465 0.021423 0.102904 0.377541
0 0.833989 0.271701 0.018204 0.087239 0.002473
0 0.840661 0.279808 0.012948 0.066125 0.004070
0 0.606242 0.318664 0.006764 0.049044 0.006693
0 0.629253 0.317700 0.008589 0.047610 0.010987
0 0.685765 0.318530 0.025319 0.185050 0.622459
0 0.686553 0.319002 0.023840 0.180250 0.377541
0 0.742593 0.321077 0.011774 0.091582 0.006693
0 0.819197 0.269794 0.021415 0.106718 0.268941
0 0.834855 0.277624 0.014524 0.075258 0.002473
0 0.840003 0.282415 0.014265 0.066283 0.002473
0 0.305708 0.328694 0.005662 0.032654 0.017986
0 0.607469 0.321708 0.007014 0.045507 0.010987
0 0.630030 0.323182 0.007012 0.038318 0.029312
0 0.642882 0.317902 0.008590 0.052091 0.002473
0 0.685068 0.320089 0.026714 0.182556 0.731059
0 0.685859 0.319333 0.025239 0.180847 0.500000
0 0.713402 0.318967 0.042359 0.248050 0.622459
0 0.713781 0.318299 0.041505 0.250821 0.731059
0 0.742838 0.322048 0.011284 0.090947 0.002473
0 0.818843 0.310988 0.022328 0.199873 0.182426
0 0.829255 0.311795 0.024300 0.173214 0.001501
0 0.307479 0.329445 0.007026 0.033631 0.017986
0 0.607469 0.323674 0.007014 0.047822 0.006693
0 0.631250 0.323885 0.006771 0.041062 0.001501
0 0.680905 0.328298 0.031318 0.169061 0.001501
0 0.683912 0.320443 0.024131 0.182641 0.622459
0 0.685226 0.319773 0.023800 0.188740 0.500000
0 0.714267 0.317640 0.043430 0.254816 0.817575
0 0.713120 0.318317 0.042893 0.256174 0.817575
0 0.742064 0.320946 0.012900 0.090719 0.006693
0 0.817521 0.312834 0.024644 0.199974 0.001501
0 0.818871 0.332780 0.023101 0.238655 0.075858
0 0.824229 0.339969 0.032730 0.253270 0.006693
0 0.834906 0.350656 0.024744 0.247619 0.001501
0 0.681690 0.325369 0.030574 0.172281 0.002473
0 0.685051 0.324411 0.023943 0.174605 0.622459
0 0.685238 0.318922 0.023806 0.185864 0.500000
0 0.713314 0.318675 0.045332 0.257322 0.731059
0 0.712479 0.318662 0.044174 0.257310 0.817575
0 0.711331 0.317191 0.044423 0.259883 0.377541
0 0.742145 0.320009 0.012794 0.100478 0.010987
0 0.818369 0.337767 0.024361 0.253241 0.047426
0 0.824359 0.346998 0.035436 0.268758 0.004070
0 0.684544 0.325744 0.022865 0.176903 0.731059
0 0.686011 0.317203 0.022355 0.189467 0.377541
0 0.711878 0.317763 0.045506 0.260314 0.731059
0 0.712462 0.319026 0.043985 0.257779 0.731059
0 0.712605 0.316996 0.044054 0.260647 0.004070
0 0.818710 0.336559 0.025467 0.243803 0.010987
0 0.685068 0.325686 0.023948 0.177042 0.268941
0 0.712507 0.317809 0.041950 0.260284 0.817575
0 0.711950 0.317970 0.042881 0.260734 0.731059
1 0.517293 0.335366 0.171443 0.152907 0.924142
1 0.518307 0.336467 0.173002 0.155173 0.924142
1 0.359532 0.332975 0.027824 0.023436 0.006693
1 0.360845 0.333573 0.028587 0.023424 0.010987
1 0.413251 0.331291 0.048455 0.050892 0.880797
1 0.413178 0.333325 0.045559 0.054929 0.880797
1 0.411796 0.332432 0.045540 0.053128 0.880797
1 0.412513 0.333334 0.046946 0.054928 0.880797
1 0.445147 0.328056 0.034530 0.047325 0.002473
1 0.449395 0.326322 0.039651 0.046188 0.017986
1 0.452882 0.328295 0.045171 0.048937 0.002473
1 0.517747 0.334990 0.175259 0.153738 0.924142
1 0.517126 0.334907 0.171779 0.153874 0.880797
1 0.517633 0.335375 0.172769 0.157449 0.880797
1 0.356044 0.334517 0.031496 0.020505 0.017986
1 0.360142 0.334998 0.026527 0.019504 0.268941
1 0.360136 0.335286 0.026744 0.020115 0.182426
1 0.412488 0.332414 0.046930 0.053165 0.817575
1 0.413157 0.333313 0.045538 0.054960 0.880797
1 0.412478 0.332435 0.046902 0.053129 0.880797
1 0.413198 0.333317 0.045582 0.051367 0.817575
1 0.424479 0.332470 0.051611 0.053939 0.004070
1 0.449320 0.331628 0.040455 0.052857 0.002473
1 0.518033 0.334975 0.174737 0.153669 0.924142
1 0.517756 0.335399 0.172588 0.152856 0.924142
1 0.517633 0.335372 0.172769 0.152911 0.924142
1 0.517756 0.334999 0.172588 0.153684 0.924142
1 0.517647 0.335002 0.172800 0.153689 0.924142
1 0.099158 0.298476 0.201452 0.392677 0.014064
1 0.100759 0.298555 0.201592 0.392773 0.005220
1 0.100794 0.297603 0.201578 0.389488 0.004070
1 0.102336 0.297574 0.201537 0.389516 0.008577
1 0.100728 0.297577 0.201452 0.389934 0.014064
1 0.100762 0.298308 0.201579 0.393040 0.006693
1 0.100784 0.298448 0.201592 0.392454 0.005220
1 0.101562 0.297559 0.203093 0.389694 0.005220
1 0.100761 0.298266 0.201625 0.389075 0.010987
1 0.100793 0.298552 0.201621 0.388249 0.008577
2 0.099158 0.298476 0.201452 0.392677 0.851953
2 0.100759 0.298555 0.201592 0.392773 0.851953
2 0.100794 0.297603 0.201578 0.389488 0.880797
2 0.102336 0.297574 0.201537 0.389516 0.880797
2 0.100728 0.297577 0.201452 0.389934 0.777300
2 0.100762 0.298308 0.201579 0.393040 0.817575
2 0.100784 0.298448 0.201592 0.392454 0.817575
2 0.101562 0.297559 0.203093 0.389694 0.851953
2 0.100761 0.298266 0.201625 0.389075 0.731059
2 0.100793 0.298552 0.201621 0.388249 0.777300
3 0.334758 0.327962 0.012116 0.031240 0.001501
3 0.350093 0.329547 0.032708 0.029786 0.002473
3 0.359532 0.332975 0.027824 0.023436 0.010987
3 0.360845 0.333573 0.028587 0.023424 0.006693
3 0.356044 0.334517 0.031496 0.020505 0.002473
3 0.360142 0.334998 0.026527 0.019504 0.017986
3 0.360136 0.335286 0.026744 0.020115 0.017986
3 0.099158 0.298476 0.201452 0.392677 0.001501
3 0.100728 0.297577 0.201452 0.389934 0.002473
3 0.100762 0.298308 0.201579 0.393040 0.001501
3 0.100761 0.298266 0.201625 0.389075 0.004070
3 0.100793 0.298552 0.201621 0.388249 0.003173
