0 0.141430 0.268114 0.014101 0.042122 0.001501
0 0.006268 0.296922 0.009598 0.059039 0.001501
0 0.141433 0.269430 0.014090 0.039422 0.004070
0 0.004640 0.308167 0.006255 0.039584 0.017986
0 0.454050 0.326632 0.011185 0.064842 0.622459
0 0.466487 0.323420 0.011294 0.047694 0.182426
0 0.859038 0.363055 0.015757 0.144200 0.002473
0 0.008734 0.310979 0.007956 0.045441 0.010987
0 0.453358 0.327751 0.012532 0.062554 0.731059
0 0.467194 0.323815 0.012605 0.042409 0.075858
0 0.541509 0.332300 0.011245 0.049755 0.002473
0 0.858243 0.367189 0.017255 0.151229 0.004070
0 0.025746 0.314348 0.023462 0.062019 0.006693
0 0.449631 0.329485 0.016414 0.059238 0.001501
0 0.453356 0.326685 0.012515 0.064719 0.731059
0 0.466451 0.323737 0.011372 0.043248 0.029312
0 0.541738 0.336229 0.008618 0.047674 0.006693
0 0.858159 0.369104 0.017109 0.149990 0.001501
0 0.453350 0.329854 0.012529 0.071087 0.001501
0 0.005467 0.331448 0.011910 0.323915 0.001501
0 0.953592 0.384705 0.007218 0.043656 0.001501
0 0.004819 0.337002 0.010096 0.352731 0.001501
0 0.994374 0.396668 0.008278 0.119028 0.001501
0 0.004810 0.342877 0.009929 0.389505 0.004070
0 0.995701 0.398565 0.008680 0.121293 0.002473
0 0.003878 0.355756 0.007845 0.357804 0.002473
0 0.995727 0.399923 0.008591 0.120827 0.001501
1 0.004777 0.289283 0.009738 0.081421 0.004070
1 0.006268 0.296922 0.009598 0.059039 0.004070
1 0.025526 0.311641 0.023355 0.061605 0.001501
1 0.004640 0.308167 0.006255 0.039584 0.010987
1 0.025756 0.313570 0.023540 0.061602 0.731059
1 0.024998 0.313261 0.025039 0.060989 0.817575
1 0.497588 0.334817 0.045214 0.070477 0.731059
1 0.008734 0.310979 0.007956 0.045441 0.006693
1 0.024981 0.313391 0.025074 0.061603 0.731059
1 0.026530 0.313542 0.025040 0.059805 0.731059
1 0.467194 0.323815 0.012605 0.042409 0.047426
1 0.497319 0.335641 0.044663 0.069082 0.817575
1 0.498360 0.334471 0.043666 0.067798 0.880797
1 0.498358 0.335401 0.043673 0.069551 0.880797
1 0.025746 0.314348 0.023462 0.062019 0.182426
1 0.025775 0.314236 0.023506 0.062223 0.182426
1 0.466451 0.323737 0.011372 0.043248 0.029312
1 0.497579 0.335704 0.045170 0.068966 0.880797
1 0.497595 0.335708 0.045195 0.068953 0.880797
1 0.497323 0.335385 0.044661 0.069605 0.880797
1 0.497625 0.335449 0.045236 0.069508 0.001501
1 0.497554 0.335521 0.045121 0.069385 0.817575
1 0.497323 0.335529 0.044655 0.069329 0.880797
1 0.497306 0.335457 0.044630 0.069474 0.880797
2 0.004777 0.289283 0.009738 0.081421 0.002473
3 0.004775 0.279835 0.009863 0.100913 0.004070
3 0.004777 0.289283 0.009738 0.081421 0.017986
3 0.006268 0.296922 0.009598 0.059039 0.006693
3 0.004640 0.308167 0.006255 0.039584 0.001501
3 0.025756 0.313570 0.023540 0.061602 0.006693
3 0.024998 0.313261 0.025039 0.060989 0.006693
3 0.466487 0.323420 0.011294 0.047694 0.002473
3 0.024981 0.313391 0.025074 0.061603 0.010987
3 0.026530 0.313542 0.025040 0.059805 0.010987
3 0.467194 0.323815 0.012605 0.042409 0.075858
3 0.025746 0.314348 0.023462 0.062019 0.010987
3 0.025775 0.314236 0.023506 0.062223 0.006693
3 0.466451 0.323737 0.011372 0.043248 0.006693
4 0.992653 0.432086 0.014747 0.389579 0.001501
4 0.992797 0.447725 0.014513 0.385600 0.002473
4 0.992963 0.454940 0.014268 0.376321 0.001501
4 0.992964 0.470959 0.014266 0.339838 0.001501
5 0.467194 0.323815 0.012605 0.042409 0.006693
5 0.025746 0.314348 0.023462 0.062019 0.001501
5 0.466451 0.323737 0.011372 0.043248 0.002473
