0 0.190886 0.227776 0.032513 0.159003 0.006693
0 0.189007 0.230362 0.029254 0.159465 0.001501
0 0.191743 0.227766 0.030926 0.164225 0.010987
0 0.201225 0.227955 0.053576 0.164517 0.002473
0 0.190565 0.230095 0.032443 0.163606 0.006693
0 0.192038 0.229100 0.034453 0.166925 0.006693
0 0.202511 0.229211 0.052620 0.166922 0.010987
0 0.205621 0.233039 0.053922 0.174523 0.001501
0 0.190908 0.226791 0.032617 0.161387 0.006693
0 0.195316 0.227918 0.041012 0.164629 0.010987
0 0.203378 0.225560 0.054107 0.165367 0.010987
0 0.203463 0.230972 0.057341 0.170624 0.004070
0 0.189612 0.228162 0.032950 0.164931 0.001501
0 0.197239 0.227909 0.045155 0.170459 0.006693
0 0.201453 0.227683 0.053533 0.171059 0.006693
0 0.202101 0.228051 0.057823 0.170336 0.001501
0 0.020571 0.301540 0.038470 0.367670 0.001501
0 0.028763 0.278247 0.055092 0.307401 0.001501
0 0.487253 0.323965 0.013940 0.055345 0.006693
0 0.490296 0.323799 0.011478 0.051059 0.075858
0 0.500657 0.326149 0.012375 0.055838 0.075858
0 0.025402 0.318766 0.050957 0.391405 0.002473
0 0.486325 0.326046 0.013147 0.051030 0.006693
0 0.489315 0.325861 0.011853 0.051475 0.119203
0 0.500906 0.325243 0.012588 0.052253 0.047426
0 0.992901 0.355300 0.014247 0.181356 0.002473
0 0.487221 0.324679 0.013136 0.049438 0.010987
0 0.491736 0.324358 0.008616 0.054597 0.119203
0 0.500877 0.325299 0.012645 0.052974 0.075858
0 0.992960 0.357548 0.014106 0.167783 0.002473
0 0.022321 0.342340 0.044909 0.449905 0.004070
0 0.026951 0.331853 0.054084 0.429497 0.004070
0 0.993713 0.362734 0.012609 0.159982 0.004070
0 0.021706 0.349911 0.043672 0.471387 0.006693
0 0.025642 0.347536 0.051644 0.459601 0.002473
0 0.030195 0.337529 0.061787 0.439562 0.001501
0 0.992953 0.362753 0.011094 0.163725 0.004070
0 0.021543 0.366252 0.043588 0.516554 0.010987
0 0.026353 0.368915 0.053036 0.522544 0.010987
0 0.031353 0.356299 0.064318 0.496173 0.006693
0 0.993715 0.363451 0.012619 0.173146 0.004070
0 0.021603 0.383248 0.043737 0.528182 0.001501
0 0.027613 0.385679 0.055896 0.536682 0.010987
0 0.995180 0.366251 0.009688 0.181060 0.001501
0 0.995741 0.369189 0.008599 0.191922 0.002473
0 0.040140 0.398856 0.079647 0.598002 0.001170
1 0.551190 0.320513 0.044326 0.083550 0.010987
1 0.550231 0.320606 0.040974 0.083424 0.119203
1 0.551518 0.321328 0.043445 0.081708 0.377541
1 0.551123 0.321102 0.044273 0.082162 0.268941
1 0.914449 0.332127 0.114603 0.211202 0.817575
1 0.978307 0.325125 0.040628 0.144336 0.004070
1 0.990015 0.340050 0.020076 0.182834 0.002473
1 0.489315 0.325861 0.011853 0.051475 0.004070
1 0.518026 0.322891 0.017049 0.030751 0.500000
1 0.550450 0.321486 0.042991 0.083214 0.377541
1 0.551197 0.321273 0.044325 0.081756 0.268941
1 0.551197 0.321335 0.044409 0.081699 0.500000
1 0.552497 0.321092 0.045259 0.082125 0.268941
1 0.913123 0.334643 0.112285 0.211047 0.880797
1 0.913784 0.335937 0.113627 0.208457 0.880797
1 0.915166 0.334675 0.113509 0.211050 0.817575
1 0.969587 0.332456 0.026216 0.136132 0.001501
1 0.980896 0.339461 0.038425 0.161967 0.002473
1 0.992901 0.355300 0.014247 0.181356 0.004070
1 0.550860 0.321689 0.043797 0.082878 0.182426
1 0.551583 0.321321 0.043436 0.081686 0.377541
1 0.551061 0.321093 0.044136 0.082140 0.377541
1 0.912708 0.333346 0.111997 0.208523 0.880797
1 0.913801 0.334634 0.113660 0.211035 0.880797
1 0.915126 0.334716 0.113608 0.211197 0.817575
1 0.965148 0.345290 0.017097 0.118776 0.001501
1 0.987446 0.353333 0.025480 0.160581 0.001501
1 0.992960 0.357548 0.014106 0.167783 0.004070
1 0.912580 0.335783 0.111206 0.213264 0.817575
1 0.913652 0.334663 0.113640 0.211139 0.817575
1 0.914444 0.334667 0.114110 0.211012 0.731059
1 0.966397 0.348208 0.017769 0.111922 0.001501
1 0.993713 0.362734 0.012609 0.159982 0.006693
1 0.992953 0.362753 0.011094 0.163725 0.002473
1 0.995180 0.366251 0.009688 0.181060 0.002473
1 0.995741 0.369189 0.008599 0.191922 0.002473
1 0.633717 0.324160 0.164441 0.208577 0.008577
1 0.633443 0.321138 0.166962 0.206316 0.008577
1 0.633823 0.323206 0.164516 0.206622 0.008577
1 0.633125 0.323529 0.166845 0.210621 0.014064
1 0.632993 0.324219 0.166004 0.208419 0.008577
1 0.633031 0.323202 0.166122 0.206484 0.006693
1 0.633061 0.324191 0.166097 0.208464 0.006693
1 0.632866 0.324282 0.165996 0.211889 0.008577
1 0.632992 0.323366 0.166066 0.210239 0.004070
1 0.633049 0.323321 0.166058 0.214171 0.006693
2 0.913784 0.335937 0.113627 0.208457 0.002473
2 0.915166 0.334675 0.113509 0.211050 0.001501
2 0.992960 0.357548 0.014106 0.167783 0.001501
2 0.913652 0.334663 0.113640 0.211139 0.002473
2 0.914444 0.334667 0.114110 0.211012 0.004070
2 0.993713 0.362734 0.012609 0.159982 0.002473
2 0.992953 0.362753 0.011094 0.163725 0.001501
2 0.633717 0.324160 0.164441 0.208577 0.001170
2 0.632866 0.324282 0.165996 0.211889 0.001501
2 0.633049 0.323321 0.166058 0.214171 0.001501
3 0.551190 0.320513 0.044326 0.083550 0.268941
3 0.550469 0.320936 0.042887 0.082557 0.001501
3 0.550231 0.320606 0.040974 0.083424 0.500000
3 0.551518 0.321328 0.043445 0.081708 0.377541
3 0.551123 0.321102 0.044273 0.082162 0.500000
3 0.552870 0.321391 0.047495 0.081862 0.010987
3 0.518026 0.322891 0.017049 0.030751 0.075858
3 0.550450 0.321486 0.042991 0.083214 0.377541
3 0.551197 0.321273 0.044325 0.081756 0.377541
3 0.551197 0.321335 0.044409 0.081699 0.377541
3 0.552497 0.321092 0.045259 0.082125 0.268941
3 0.550860 0.321689 0.043797 0.082878 0.119203
3 0.551583 0.321321 0.043436 0.081686 0.500000
3 0.551061 0.321093 0.044136 0.082140 0.268941
3 0.992960 0.357548 0.014106 0.167783 0.001501
3 0.914444 0.334667 0.114110 0.211012 0.002473
3 0.633717 0.324160 0.164441 0.208577 0.904651
3 0.633443 0.321138 0.166962 0.206316 0.904651
3 0.633823 0.323206 0.164516 0.206622 0.880797
3 0.633125 0.323529 0.166845 0.210621 0.500000
3 0.632993 0.324219 0.166004 0.208419 0.880797
3 0.633031 0.323202 0.166122 0.206484 0.880797
3 0.633061 0.324191 0.166097 0.208464 0.880797
3 0.633213 0.323480 0.165831 0.210930 0.017986
3 0.632866 0.324282 0.165996 0.211889 0.904651
3 0.632992 0.323366 0.166066 0.210239 0.880797
3 0.633049 0.323321 0.166058 0.214171 0.904651
4 0.428525 0.341494 0.015754 0.040450 0.004070
4 0.447609 0.331310 0.010744 0.028191 0.001501
4 0.992901 0.355300 0.014247 0.181356 0.001501
4 0.424377 0.344667 0.013172 0.043799 0.002473
4 0.427718 0.343031 0.016810 0.040439 0.010987
4 0.447732 0.333538 0.012976 0.028184 0.002473
4 0.992960 0.357548 0.014106 0.167783 0.006693
4 0.993713 0.362734 0.012609 0.159982 0.010987
4 0.967196 0.357030 0.015906 0.091813 0.002473
4 0.988091 0.363572 0.023944 0.146925 0.001501
4 0.992953 0.362753 0.011094 0.163725 0.017986
4 0.993715 0.363451 0.012619 0.173146 0.010987
4 0.995180 0.366251 0.009688 0.181060 0.004070
5 0.489315 0.325861 0.011853 0.051475 0.001501
5 0.992901 0.355300 0.014247 0.181356 0.004070
5 0.424377 0.344667 0.013172 0.043799 0.001501
5 0.427718 0.343031 0.016810 0.040439 0.002473
5 0.447732 0.333538 0.012976 0.028184 0.001501
5 0.987446 0.353333 0.025480 0.160581 0.001501
5 0.992960 0.357548 0.014106 0.167783 0.006693
5 0.426430 0.344530 0.016613 0.045347 0.001501
5 0.993713 0.362734 0.012609 0.159982 0.010987
5 0.967196 0.357030 0.015906 0.091813 0.001501
5 0.992953 0.362753 0.011094 0.163725 0.004070
5 0.993715 0.363451 0.012619 0.173146 0.002473
5 0.995180 0.366251 0.009688 0.181060 0.002473
