0 0.011965 0.304881 0.016023 0.120506 0.002473
0 0.012607 0.318102 0.016907 0.147699 0.002473
0 0.011746 0.308388 0.015577 0.112589 0.004070
0 0.012961 0.319550 0.016175 0.140478 0.004070
0 0.542322 0.303819 0.009692 0.041016 0.006693
0 0.955966 0.337985 0.010158 0.101676 0.001501
0 0.012059 0.333408 0.016213 0.125644 0.004070
0 0.013213 0.337642 0.015684 0.145606 0.004070
0 0.145055 0.336653 0.007230 0.035235 0.004070
0 0.543752 0.306826 0.009466 0.035385 0.004070
0 0.011888 0.351412 0.018184 0.130246 0.002473
0 0.012565 0.348990 0.016991 0.135289 0.001501
0 0.145794 0.342546 0.008660 0.028561 0.010987
0 0.144442 0.346836 0.008142 0.038942 0.004070
1 0.393762 0.308267 0.012562 0.033659 0.002473
1 0.456332 0.338195 0.137634 0.166752 0.880797
1 0.457795 0.337028 0.137544 0.164422 0.880797
1 0.457703 0.337034 0.140482 0.164477 0.880797
1 0.145055 0.336653 0.007230 0.035235 0.001501
1 0.159319 0.334684 0.035435 0.028989 0.004070
1 0.170862 0.330719 0.020960 0.018813 0.017986
1 0.173365 0.330310 0.019118 0.019866 0.006693
1 0.209766 0.327327 0.020164 0.012053 0.004070
1 0.219666 0.326209 0.025216 0.014362 0.004070
1 0.229330 0.325315 0.017392 0.016089 0.017986
1 0.245659 0.325303 0.018030 0.016157 0.006693
1 0.264035 0.321601 0.022389 0.023530 0.047426
1 0.264964 0.320460 0.023870 0.025801 0.075858
1 0.286861 0.324175 0.018228 0.018430 0.119203
1 0.301375 0.321633 0.022234 0.018367 0.268941
1 0.302133 0.320495 0.020892 0.016091 0.500000
1 0.308888 0.317906 0.030786 0.021425 0.002473
1 0.393790 0.311475 0.012689 0.041252 0.001501
1 0.457045 0.337047 0.139049 0.169006 0.880797
1 0.457790 0.335908 0.137521 0.166749 0.880797
1 0.457784 0.337054 0.137524 0.169057 0.880797
1 0.634512 0.324050 0.015995 0.013499 0.268941
1 0.636003 0.321775 0.018725 0.013531 0.075858
1 0.648392 0.321604 0.022849 0.018443 0.006693
1 0.677260 0.321638 0.029547 0.023422 0.817575
1 0.677166 0.321630 0.029369 0.023432 0.817575
1 0.678797 0.319227 0.032969 0.023202 0.119203
1 0.701681 0.321564 0.022396 0.018609 0.010987
1 0.732049 0.321647 0.036248 0.023494 0.500000
1 0.734452 0.322902 0.034305 0.025996 0.622459
1 0.733097 0.321647 0.034086 0.023459 0.500000
1 0.764238 0.325472 0.022824 0.020925 0.047426
1 0.767292 0.324170 0.026549 0.023476 0.182426
1 0.784496 0.328614 0.025265 0.019133 0.075858
1 0.799102 0.329566 0.026699 0.020923 0.377541
1 0.801494 0.328711 0.028300 0.019239 0.377541
1 0.834756 0.331978 0.039553 0.039386 0.004070
1 0.837428 0.330767 0.036534 0.041762 0.002473
1 0.838608 0.329617 0.039922 0.039514 0.004070
1 0.865084 0.332360 0.021759 0.022156 0.004070
1 0.145794 0.342546 0.008660 0.028561 0.029312
1 0.152830 0.340095 0.022224 0.028543 0.017986
1 0.169997 0.334306 0.021578 0.022185 0.002473
1 0.457045 0.337070 0.139053 0.168972 0.880797
1 0.457788 0.338187 0.137525 0.166670 0.924142
1 0.457022 0.338191 0.135993 0.166710 0.880797
1 0.801499 0.331093 0.028268 0.027599 0.001501
1 0.803671 0.332268 0.028687 0.026301 0.002473
1 0.835116 0.332001 0.039628 0.039352 0.017986
1 0.837630 0.330731 0.036091 0.041792 0.006693
1 0.837191 0.332035 0.035915 0.039195 0.006693
1 0.838914 0.332493 0.039359 0.033840 0.010987
1 0.866248 0.334950 0.024264 0.019635 0.010987
1 0.937573 0.337547 0.019238 0.028335 0.001501
1 0.457026 0.337975 0.139039 0.170774 0.880797
2 0.268870 0.315927 0.025443 0.029736 0.004070
2 0.264964 0.320460 0.023870 0.025801 0.010987
3 0.709173 0.189510 0.056552 0.092704 0.002473
3 0.268870 0.315927 0.025443 0.029736 0.001501
3 0.264035 0.321601 0.022389 0.023530 0.002473
3 0.264964 0.320460 0.023870 0.025801 0.006693
3 0.734452 0.322902 0.034305 0.025996 0.001501
3 0.834756 0.331978 0.039553 0.039386 0.075858
3 0.837184 0.329643 0.035904 0.039461 0.731059
3 0.837428 0.330767 0.036534 0.041762 0.731059
3 0.838608 0.329617 0.039922 0.039514 0.119203
3 0.835116 0.332001 0.039628 0.039352 0.047426
3 0.837630 0.330731 0.036091 0.041792 0.731059
3 0.837191 0.332035 0.035915 0.039195 0.731059
3 0.838914 0.332493 0.039359 0.033840 0.047426
4 0.145794 0.342546 0.008660 0.028561 0.001501
5 0.145794 0.342546 0.008660 0.028561 0.006693
5 0.965131 0.358965 0.024375 0.083836 0.002473
5 0.958044 0.356596 0.013183 0.088264 0.001501
5 0.965571 0.359879 0.025247 0.082456 0.001501
