0 0.369430 0.317595 0.008089 0.057253 0.029312
0 0.396954 0.318491 0.016188 0.040731 0.001501
0 0.442523 0.314909 0.007048 0.037296 0.002473
0 0.593066 0.320915 0.008158 0.042679 0.002473
0 0.368745 0.320255 0.009479 0.056867 0.017986
0 0.396359 0.323292 0.015115 0.037026 0.002473
0 0.443090 0.318752 0.008157 0.029583 0.002473
0 0.585283 0.324480 0.011080 0.043469 0.002473
0 0.593751 0.322725 0.009468 0.041427 0.006693
0 0.367946 0.323336 0.011082 0.056893 0.010987
0 0.593038 0.323762 0.008226 0.043294 0.002473
1 0.479714 0.314818 0.023215 0.042187 0.001501
1 0.516744 0.332430 0.066531 0.094806 0.880797
1 0.994516 0.326667 0.011103 0.146325 0.004070
1 0.396359 0.323292 0.015115 0.037026 0.001501
1 0.398682 0.321946 0.019917 0.033627 0.004070
1 0.458923 0.321476 0.015149 0.018823 0.002473
1 0.474440 0.324033 0.015952 0.028292 0.500000
1 0.475580 0.324024 0.018084 0.028286 0.377541
1 0.517267 0.333322 0.065467 0.093038 0.880797
1 0.518065 0.333332 0.066946 0.092994 0.924142
1 0.517202 0.332437 0.062541 0.094812 0.880797
1 0.993750 0.340245 0.009486 0.112109 0.029312
1 0.515987 0.333326 0.064971 0.093000 0.880797
1 0.516759 0.332429 0.066494 0.094792 0.880797
1 0.517287 0.333323 0.065429 0.093000 0.924142
1 0.994520 0.348525 0.011007 0.096035 0.017986
1 0.517267 0.332419 0.065458 0.094834 0.880797
1 0.516757 0.332426 0.066509 0.094812 0.924142
1 0.517287 0.333305 0.065414 0.093064 0.880797
1 0.994524 0.350330 0.011011 0.092054 0.017986
1 0.994533 0.350851 0.011043 0.092086 0.017986
1 0.061731 0.244900 0.126640 0.460957 0.001170
2 0.994520 0.348525 0.011007 0.096035 0.002473
2 0.994524 0.350330 0.011011 0.092054 0.004070
2 0.994533 0.350851 0.011043 0.092086 0.001501
3 0.489462 0.305048 0.036372 0.055486 0.002473
3 0.271600 0.329855 0.143129 0.132017 0.924142
3 0.271860 0.329845 0.143773 0.132007 0.880797
3 0.271732 0.331171 0.143593 0.134453 0.880797
3 0.479714 0.314818 0.023215 0.042187 0.001501
3 0.773738 0.318845 0.074535 0.092698 0.004070
3 0.773225 0.319517 0.072655 0.090131 0.002473
3 0.994516 0.326667 0.011103 0.146325 0.004070
3 0.272349 0.330329 0.141637 0.136109 0.924142
3 0.271100 0.330448 0.145290 0.135872 0.924142
3 0.271671 0.331097 0.143428 0.134593 0.924142
3 0.475580 0.324024 0.018084 0.028286 0.001501
3 0.774127 0.326265 0.073096 0.076794 0.004070
3 0.773472 0.326652 0.075080 0.075939 0.002473
3 0.993750 0.340245 0.009486 0.112109 0.006693
3 0.272521 0.331133 0.142005 0.134531 0.924142
3 0.271694 0.331198 0.143392 0.134395 0.880797
3 0.271680 0.329924 0.143413 0.131859 0.817575
3 0.774041 0.326477 0.073303 0.075486 0.004070
3 0.774223 0.331145 0.073455 0.067146 0.004070
3 0.994520 0.348525 0.011007 0.096035 0.006693
3 0.272635 0.330797 0.142227 0.130107 0.880797
3 0.994524 0.350330 0.011011 0.092054 0.004070
3 0.994533 0.350851 0.011043 0.092086 0.002473
3 0.061592 0.244695 0.123596 0.459327 0.817575
3 0.061731 0.244900 0.126640 0.460957 0.817575
3 0.062367 0.245105 0.125613 0.458702 0.119203
3 0.034037 0.249511 0.181874 0.445614 0.004070
3 0.062462 0.247117 0.125003 0.450315 0.817575
3 0.062541 0.246612 0.128077 0.453710 0.851953
3 0.063243 0.247450 0.126688 0.452083 0.851953
3 0.061713 0.245650 0.126442 0.450041 0.817575
3 0.063325 0.244029 0.126558 0.456019 0.777300
3 0.063264 0.246131 0.126581 0.451882 0.817575
3 0.062420 0.247370 0.124950 0.450225 0.022977
3 0.063332 0.245140 0.126573 0.450519 0.437824
3 0.063294 0.248331 0.126555 0.444582 0.037327
5 0.140174 0.365060 0.035042 0.075742 0.002473
5 0.140241 0.370704 0.034309 0.064003 0.001501
5 0.141855 0.368882 0.030479 0.067656 0.002473
5 0.141104 0.373733 0.032874 0.058076 0.001501
5 0.142038 0.372962 0.031016 0.055967 0.002473
5 0.141967 0.367532 0.030555 0.071459 0.001501
