0 0.118214 0.287773 0.005661 0.028928 0.002473
0 0.118104 0.291174 0.008183 0.030817 0.002473
0 0.492306 0.319354 0.009650 0.045808 0.268941
0 0.618713 0.314938 0.012614 0.041500 0.029312
0 0.005502 0.347388 0.011021 0.119044 0.001501
0 0.193099 0.337829 0.008362 0.060757 0.001501
0 0.367553 0.320342 0.007075 0.020898 0.017986
0 0.392938 0.320492 0.017465 0.016092 0.002473
0 0.418082 0.316236 0.008126 0.024738 0.004070
0 0.481832 0.319178 0.005827 0.028417 0.002473
0 0.492302 0.319348 0.009627 0.045399 0.377541
0 0.618061 0.317483 0.008107 0.041847 0.075858
0 0.792300 0.318539 0.034638 0.206082 0.817575
0 0.793059 0.319715 0.033094 0.203907 0.817575
0 0.791536 0.317903 0.036187 0.202808 0.731059
0 0.006274 0.353407 0.012565 0.119320 0.001501
0 0.194674 0.341486 0.011419 0.057340 0.001501
0 0.491529 0.319877 0.011176 0.051211 0.075858
0 0.616517 0.323164 0.011206 0.052638 0.001501
0 0.792301 0.319194 0.034617 0.211084 0.817575
0 0.793739 0.319379 0.034457 0.208239 0.817575
0 0.791521 0.320350 0.036198 0.206278 0.731059
0 0.006354 0.354577 0.012741 0.126498 0.001501
0 0.792970 0.319500 0.035983 0.208002 0.731059
0 0.792963 0.319685 0.035972 0.207630 0.817575
0 0.791484 0.320049 0.036291 0.207185 0.731059
0 0.007128 0.358490 0.014320 0.122833 0.002473
0 0.792192 0.318658 0.037567 0.210002 0.017986
0 0.792951 0.319582 0.036030 0.208164 0.731059
1 0.004832 0.320396 0.009693 0.121848 0.004070
1 0.005497 0.342914 0.011010 0.115417 0.006693
1 0.450234 0.312076 0.054056 0.037604 0.001501
1 0.452005 0.312159 0.057219 0.037282 0.006693
1 0.451430 0.312258 0.056291 0.037082 0.006693
1 0.578000 0.306634 0.032280 0.043782 0.017986
1 0.582026 0.306658 0.023026 0.043742 0.029312
1 0.585413 0.306040 0.018649 0.044938 0.029312
1 0.005502 0.347388 0.011021 0.119044 0.002473
1 0.297211 0.341675 0.136401 0.113422 0.924142
1 0.296939 0.342593 0.134207 0.111576 0.880797
1 0.296056 0.342590 0.135967 0.111584 0.817575
1 0.358979 0.322341 0.010474 0.017149 0.001501
1 0.367553 0.320342 0.007075 0.020898 0.006693
1 0.381795 0.319092 0.028852 0.018943 0.017986
1 0.392938 0.320492 0.017465 0.016092 0.075858
1 0.398210 0.316362 0.019143 0.018432 0.001501
1 0.442331 0.318652 0.037911 0.029476 0.119203
1 0.443947 0.318618 0.037642 0.024368 0.075858
1 0.452001 0.316725 0.053981 0.028158 0.047426
1 0.453401 0.318832 0.055180 0.023974 0.075858
1 0.505453 0.320880 0.011051 0.011738 0.075858
1 0.545528 0.317670 0.021938 0.015469 0.622459
1 0.546081 0.317646 0.023342 0.015540 0.182426
1 0.578746 0.311020 0.030050 0.039653 0.029312
1 0.582129 0.306504 0.022124 0.044061 0.075858
1 0.585448 0.307665 0.018637 0.046314 0.029312
1 0.297198 0.340434 0.136409 0.110824 0.880797
1 0.297208 0.342608 0.136390 0.111566 0.880797
1 0.296561 0.341309 0.134951 0.109078 0.880797
1 0.296524 0.341697 0.135059 0.113390 0.817575
1 0.296548 0.342600 0.135007 0.111587 0.924142
1 0.296958 0.342604 0.134163 0.111595 0.880797
1 0.296632 0.342619 0.134914 0.111576 0.924142
2 0.578000 0.306634 0.032280 0.043782 0.006693
2 0.582026 0.306658 0.023026 0.043742 0.001501
2 0.585413 0.306040 0.018649 0.044938 0.001501
2 0.453401 0.318832 0.055180 0.023974 0.002473
2 0.582129 0.306504 0.022124 0.044061 0.001501
3 0.004871 0.289107 0.009784 0.150428 0.001501
3 0.004874 0.300413 0.009790 0.155912 0.001501
3 0.004832 0.320396 0.009693 0.121848 0.001501
3 0.451899 0.302721 0.064321 0.056493 0.004070
3 0.452830 0.301552 0.062265 0.058497 0.002473
3 0.454407 0.301195 0.065482 0.059098 0.004070
3 0.456688 0.301167 0.072432 0.059115 0.002473
3 0.578912 0.303100 0.030852 0.047093 0.004070
3 0.583950 0.305167 0.019634 0.051055 0.010987
3 0.585433 0.304299 0.018649 0.048116 0.002473
3 0.392019 0.312235 0.021879 0.032475 0.001501
3 0.450234 0.312076 0.054056 0.037604 0.017986
3 0.452005 0.312159 0.057219 0.037282 0.029312
3 0.451430 0.312258 0.056291 0.037082 0.017986
3 0.451395 0.312207 0.059314 0.032691 0.010987
3 0.569674 0.309353 0.041592 0.031769 0.004070
3 0.578000 0.306634 0.032280 0.043782 0.268941
3 0.582026 0.306658 0.023026 0.043742 0.377541
3 0.585413 0.306040 0.018649 0.044938 0.075858
3 0.442331 0.318652 0.037911 0.029476 0.006693
3 0.443947 0.318618 0.037642 0.024368 0.006693
3 0.452001 0.316725 0.053981 0.028158 0.010987
3 0.453401 0.318832 0.055180 0.023974 0.006693
3 0.578746 0.311020 0.030050 0.039653 0.075858
3 0.582129 0.306504 0.022124 0.044061 0.268941
3 0.585448 0.307665 0.018637 0.046314 0.047426
4 0.206121 0.344337 0.029112 0.048015 0.002473
4 0.211528 0.344343 0.024091 0.056196 0.002473
4 0.205712 0.347184 0.028093 0.046122 0.001501
4 0.212962 0.343597 0.021091 0.053247 0.002473
5 0.618713 0.314938 0.012614 0.041500 0.006693
5 0.005502 0.347388 0.011021 0.119044 0.001501
5 0.193099 0.337829 0.008362 0.060757 0.001501
5 0.205599 0.338829 0.037028 0.061034 0.006693
5 0.213255 0.337158 0.027894 0.064520 0.002473
5 0.367553 0.320342 0.007075 0.020898 0.001501
5 0.392938 0.320492 0.017465 0.016092 0.010987
5 0.582129 0.306504 0.022124 0.044061 0.002473
5 0.618061 0.317483 0.008107 0.041847 0.004070
5 0.006274 0.353407 0.012565 0.119320 0.004070
5 0.013002 0.354883 0.025397 0.111820 0.001501
5 0.182550 0.343871 0.028994 0.052339 0.001501
5 0.194674 0.341486 0.011419 0.057340 0.001501
5 0.206121 0.344337 0.029112 0.048015 0.004070
5 0.211528 0.344343 0.024091 0.056196 0.004070
5 0.006354 0.354577 0.012741 0.126498 0.010987
5 0.183706 0.342799 0.030309 0.054943 0.001501
5 0.196798 0.343275 0.015614 0.050246 0.002473
5 0.205712 0.347184 0.028093 0.046122 0.006693
5 0.212962 0.343597 0.021091 0.053247 0.006693
5 0.007128 0.358490 0.014320 0.122833 0.004070
