0 0.908555 0.334545 0.027194 0.179290 0.182426
0 0.909239 0.334581 0.028520 0.179267 0.002473
0 0.909983 0.334300 0.026990 0.178653 0.817575
0 0.908472 0.333436 0.027295 0.180371 0.731059
0 0.908948 0.334989 0.026343 0.179956 0.817575
0 0.908939 0.335020 0.026358 0.179881 0.622459
0 0.909486 0.333381 0.025233 0.180512 0.731059
0 0.909626 0.334010 0.027701 0.181901 0.731059
0 0.909626 0.334963 0.027685 0.180067 0.622459
0 0.910100 0.336025 0.026820 0.177642 0.622459
0 0.909567 0.337855 0.027846 0.175939 0.731059
0 0.908763 0.337502 0.026850 0.175232 0.182426
1 0.607916 0.331764 0.071691 0.096174 0.880797
1 0.608492 0.331758 0.070058 0.096161 0.924142
1 0.009825 0.357502 0.019694 0.137930 0.001501
1 0.234668 0.355754 0.119327 0.096190 0.880797
1 0.234744 0.356881 0.119474 0.093927 0.119203
1 0.329606 0.340416 0.068896 0.055882 0.880797
1 0.330682 0.339147 0.069467 0.058445 0.924142
1 0.328847 0.340411 0.067341 0.055891 0.817575
1 0.380416 0.333337 0.036143 0.036669 0.731059
1 0.381209 0.332034 0.034575 0.039213 0.817575
1 0.379611 0.333319 0.037768 0.036606 0.731059
1 0.406509 0.328888 0.024596 0.032824 0.731059
1 0.419916 0.326913 0.021774 0.028906 0.377541
1 0.422105 0.325295 0.022926 0.025851 0.377541
1 0.444584 0.326608 0.014602 0.018651 0.047426
1 0.450452 0.324188 0.014627 0.018357 0.010987
1 0.520317 0.321619 0.012625 0.018377 0.010987
1 0.543189 0.326148 0.030629 0.036986 0.622459
1 0.543347 0.325248 0.028711 0.038781 0.817575
1 0.543202 0.325269 0.030660 0.038814 0.731059
1 0.563761 0.322011 0.014579 0.033087 0.047426
1 0.576875 0.322727 0.015863 0.043574 0.006693
1 0.608605 0.330637 0.070300 0.093911 0.924142
1 0.608488 0.332420 0.070075 0.094841 0.924142
1 0.608308 0.331312 0.069743 0.092631 0.880797
1 0.009207 0.373435 0.018440 0.102905 0.010987
1 0.011511 0.372234 0.023060 0.104133 0.004070
1 0.084730 0.382639 0.166432 0.156624 0.817575
1 0.235422 0.356214 0.117814 0.092632 0.924142
1 0.234738 0.356230 0.119473 0.092602 0.924142
1 0.235006 0.356215 0.120038 0.092571 0.880797
1 0.329631 0.341322 0.068917 0.057725 0.880797
1 0.329603 0.340436 0.068896 0.055895 0.880797
1 0.329602 0.339776 0.068889 0.054577 0.880797
1 0.330683 0.339780 0.069438 0.054596 0.880797
1 0.380458 0.333317 0.036103 0.041753 0.731059
1 0.380447 0.334597 0.036042 0.039190 0.817575
1 0.380410 0.334583 0.036139 0.039219 0.817575
1 0.407136 0.330179 0.025074 0.030319 0.500000
1 0.409454 0.330216 0.023178 0.030306 0.182426
1 0.543186 0.326177 0.030609 0.037150 0.500000
1 0.543354 0.325272 0.028686 0.038944 0.500000
1 0.543214 0.326194 0.030635 0.037102 0.377541
1 0.569232 0.326307 0.020736 0.042966 0.002473
1 0.578496 0.327682 0.016483 0.052297 0.001501
1 0.608596 0.331249 0.070336 0.092665 0.924142
1 0.608485 0.332400 0.070094 0.094867 0.924142
1 0.607812 0.331735 0.071442 0.096184 0.924142
1 0.008000 0.373118 0.016049 0.098105 0.017986
1 0.012028 0.375916 0.024066 0.107450 0.006693
1 0.084506 0.381269 0.165977 0.154194 0.924142
1 0.083523 0.380893 0.167050 0.154937 0.880797
1 0.083731 0.382540 0.167494 0.156730 0.924142
1 0.235501 0.356205 0.117946 0.092558 0.880797
1 0.234738 0.356211 0.119473 0.092542 0.924142
1 0.235815 0.356195 0.118593 0.092554 0.924142
1 0.329930 0.341344 0.068242 0.057702 0.880797
1 0.329972 0.342618 0.068148 0.055146 0.880797
1 0.329537 0.339166 0.069010 0.058463 0.817575
1 0.608100 0.331754 0.072065 0.096208 0.924142
1 0.608601 0.331747 0.070309 0.096195 0.924142
1 0.008652 0.373429 0.017320 0.097566 0.017986
1 0.083339 0.382545 0.166695 0.156699 0.924142
1 0.083743 0.382615 0.167477 0.156551 0.880797
1 0.084493 0.382173 0.165976 0.157478 0.880797
1 0.234664 0.356220 0.119321 0.092636 0.029312
1 0.235508 0.356209 0.117937 0.092575 0.924142
1 0.234741 0.356243 0.119491 0.092678 0.880797
1 0.007643 0.374269 0.015344 0.106478 0.004070
1 0.083340 0.382454 0.166690 0.156939 0.880797
1 0.084109 0.382558 0.165157 0.156695 0.924142
1 0.083727 0.382571 0.167506 0.156712 0.880797
1 0.084287 0.381502 0.165523 0.158825 0.006693
1 0.745471 0.360489 0.208958 0.206245 0.924142
1 0.745152 0.358081 0.209652 0.205856 0.924142
1 0.746688 0.358068 0.209748 0.205845 0.924142
1 0.746225 0.359309 0.210733 0.208474 0.924142
1 0.744364 0.358076 0.208093 0.205868 0.924142
1 0.745149 0.359327 0.209650 0.208265 0.904651
1 0.745924 0.359328 0.208150 0.208292 0.924142
1 0.745914 0.358063 0.208246 0.205870 0.904651
1 0.745057 0.358239 0.209793 0.205909 0.924142
1 0.745426 0.359521 0.209228 0.208299 0.924142
3 0.160106 0.337007 0.076595 0.087729 0.004070
3 0.160830 0.338521 0.072556 0.084357 0.004070
3 0.576875 0.317167 0.017635 0.053318 0.001501
3 0.159843 0.339706 0.074097 0.084466 0.004070
3 0.161662 0.343113 0.073585 0.093371 0.006693
3 0.161181 0.342058 0.071712 0.087228 0.004070
3 0.422105 0.325295 0.022926 0.025851 0.002473
3 0.543189 0.326148 0.030629 0.036986 0.029312
3 0.543347 0.325248 0.028711 0.038781 0.029312
3 0.543202 0.325269 0.030660 0.038814 0.006693
3 0.563761 0.322011 0.014579 0.033087 0.017986
3 0.576875 0.322727 0.015863 0.043574 0.002473
3 0.159858 0.339896 0.073655 0.082478 0.001501
3 0.160668 0.343510 0.074768 0.092443 0.006693
3 0.160648 0.344137 0.072556 0.087233 0.004070
3 0.543186 0.326177 0.030609 0.037150 0.047426
3 0.543354 0.325272 0.028686 0.038944 0.017986
3 0.543214 0.326194 0.030635 0.037102 0.017986
5 0.422105 0.325295 0.022926 0.025851 0.001501
