0 0.579632 0.322427 0.006223 0.045669 0.182426
0 0.578867 0.323613 0.007748 0.047864 0.268941
0 0.578477 0.329717 0.010148 0.059518 0.182426
1 0.659803 0.340248 0.138751 0.138909 0.880797
1 0.289149 0.344886 0.093695 0.069987 0.924142
1 0.289546 0.344898 0.095894 0.069974 0.924142
1 0.289955 0.344920 0.095127 0.070031 0.880797
1 0.388736 0.330016 0.033396 0.035118 0.500000
1 0.389461 0.330009 0.034788 0.035121 0.731059
1 0.400355 0.328456 0.028700 0.031976 0.119203
1 0.424316 0.326589 0.020687 0.023185 0.268941
1 0.426081 0.326593 0.017101 0.023151 0.377541
1 0.443673 0.322915 0.015884 0.020888 0.182426
1 0.519560 0.320343 0.011124 0.020916 0.182426
1 0.533804 0.322909 0.017751 0.030585 0.182426
1 0.543183 0.322248 0.026166 0.035442 0.817575
1 0.543206 0.323538 0.028007 0.035594 0.377541
1 0.660277 0.339707 0.139685 0.137789 0.924142
1 0.659747 0.338438 0.138705 0.140337 0.952574
1 0.659717 0.339707 0.138635 0.137789 0.880797
1 0.013967 0.371684 0.028109 0.176536 0.622459
1 0.014723 0.371644 0.026512 0.176572 0.268941
1 0.151519 0.368404 0.162040 0.128496 0.880797
1 0.151022 0.369078 0.162749 0.127150 0.817575
1 0.151276 0.369039 0.162214 0.127186 0.817575
1 0.289081 0.344887 0.093556 0.070040 0.880797
1 0.289525 0.344866 0.095971 0.069934 0.880797
1 0.289527 0.344880 0.095948 0.069907 0.880797
1 0.290180 0.345781 0.094657 0.071719 0.924142
1 0.290212 0.344956 0.094578 0.070209 0.017986
1 0.388734 0.330000 0.033369 0.035140 0.731059
1 0.389626 0.330012 0.035122 0.035095 0.622459
1 0.390194 0.329386 0.036752 0.033919 0.119203
1 0.659799 0.340315 0.138776 0.139037 0.924142
1 0.659422 0.338427 0.140773 0.140343 0.952574
1 0.659045 0.340357 0.140001 0.139125 0.924142
1 0.013958 0.373932 0.028032 0.175296 0.731059
1 0.013940 0.372856 0.027970 0.181115 0.622459
1 0.151907 0.368399 0.162834 0.128438 0.817575
1 0.151074 0.368399 0.161993 0.128433 0.817575
1 0.151095 0.369516 0.162857 0.130739 0.924142
1 0.289145 0.345794 0.093683 0.071741 0.880797
1 0.289550 0.345792 0.095903 0.071739 0.880797
1 0.289926 0.345795 0.095170 0.071791 0.880797
1 0.659807 0.339676 0.138758 0.137683 0.924142
1 0.659723 0.339719 0.138649 0.137770 0.924142
1 0.659725 0.339665 0.138634 0.137709 0.924142
1 0.013727 0.374230 0.030593 0.174260 0.731059
1 0.013939 0.374081 0.027972 0.178659 0.622459
1 0.151350 0.367599 0.162526 0.126499 0.817575
1 0.150329 0.367604 0.163307 0.126519 0.924142
1 0.150643 0.368499 0.163760 0.128316 0.880797
1 0.659089 0.339670 0.140004 0.138039 0.004070
1 0.014495 0.372903 0.029058 0.176502 0.731059
1 0.014488 0.375805 0.029033 0.175038 0.731059
1 0.150162 0.371166 0.164748 0.127574 0.924142
1 0.014539 0.374702 0.029145 0.177489 0.731059
1 0.014524 0.375473 0.029070 0.175771 0.731059
1 0.014034 0.373364 0.028106 0.175965 0.029312
1 0.015319 0.376065 0.027598 0.170322 0.182426
2 0.519560 0.320343 0.011124 0.020916 0.004070
3 0.556852 0.314478 0.021741 0.037833 0.006693
3 0.377200 0.329554 0.024500 0.035313 0.001501
3 0.388736 0.330016 0.033396 0.035118 0.029312
3 0.389461 0.330009 0.034788 0.035121 0.029312
3 0.400355 0.328456 0.028700 0.031976 0.004070
3 0.443673 0.322915 0.015884 0.020888 0.002473
3 0.519560 0.320343 0.011124 0.020916 0.029312
3 0.533804 0.322909 0.017751 0.030585 0.010987
3 0.543183 0.322248 0.026166 0.035442 0.017986
3 0.543206 0.323538 0.028007 0.035594 0.006693
3 0.388734 0.330000 0.033369 0.035140 0.029312
3 0.389626 0.330012 0.035122 0.035095 0.029312
3 0.390194 0.329386 0.036752 0.033919 0.004070
5 0.424316 0.326589 0.020687 0.023185 0.001501
5 0.574925 0.334704 0.019309 0.054826 0.004070
5 0.578477 0.329717 0.010148 0.059518 0.001501
