0 0.048984 0.319787 0.011672 0.098586 0.029312
0 0.050262 0.329013 0.013944 0.123251 0.001501
0 0.048850 0.329170 0.012120 0.121840 0.029312
0 0.049819 0.337186 0.014815 0.134916 0.004070
0 0.048452 0.336654 0.011356 0.131982 0.017986
0 0.050485 0.337083 0.016329 0.140274 0.004070
0 0.048421 0.340289 0.012484 0.133650 0.010987
0 0.050709 0.339130 0.018628 0.137326 0.004070
0 0.049215 0.342861 0.015856 0.129901 0.006693
0 0.051232 0.343101 0.022090 0.132935 0.002473
0 0.050573 0.347416 0.020876 0.124322 0.002473
1 0.861879 0.204661 0.098942 0.029615 0.001501
1 0.868489 0.200889 0.081643 0.032202 0.002473
1 0.873207 0.198699 0.072493 0.032883 0.002473
1 0.878294 0.195713 0.061927 0.030506 0.002473
1 0.882819 0.195565 0.058579 0.030736 0.002473
1 0.642969 0.333287 0.089018 0.070030 0.880797
1 0.456254 0.326883 0.009477 0.012933 0.182426
1 0.467287 0.326881 0.009709 0.012934 0.029312
1 0.494510 0.322914 0.011004 0.011230 0.029312
1 0.514382 0.325316 0.018217 0.016091 0.182426
1 0.515420 0.325325 0.016116 0.016045 0.731059
1 0.529741 0.321510 0.010155 0.018727 0.001501
1 0.546238 0.325332 0.017516 0.025741 0.622459
1 0.562011 0.324056 0.014542 0.028339 0.500000
1 0.583246 0.326451 0.033572 0.037557 0.731059
1 0.582473 0.326446 0.032020 0.037555 0.817575
1 0.582707 0.326181 0.034643 0.037019 0.880797
1 0.642974 0.333312 0.085977 0.070049 0.924142
1 0.642212 0.333322 0.087509 0.067432 0.924142
1 0.641536 0.333307 0.088873 0.070011 0.880797
1 0.784562 0.350833 0.174990 0.131743 0.924142
1 0.783931 0.351738 0.173848 0.129875 0.924142
1 0.785037 0.350848 0.173929 0.131716 0.817575
1 0.583233 0.326940 0.033537 0.038609 0.731059
1 0.583234 0.326496 0.033520 0.037680 0.731059
1 0.582698 0.326208 0.034628 0.037078 0.731059
1 0.642299 0.333339 0.084621 0.067447 0.880797
1 0.642209 0.333338 0.087517 0.067442 0.924142
1 0.641538 0.332688 0.088869 0.068760 0.924142
1 0.784551 0.350829 0.174950 0.131656 0.880797
1 0.783605 0.350818 0.173127 0.131699 0.924142
1 0.785118 0.351428 0.173857 0.135575 0.924142
1 0.960006 0.349160 0.080009 0.234577 0.817575
1 0.960068 0.349174 0.079915 0.234633 0.817575
1 0.960419 0.349278 0.079190 0.234507 0.817575
1 0.640846 0.334010 0.087524 0.068770 0.880797
1 0.642204 0.333343 0.087503 0.070095 0.880797
1 0.642212 0.333373 0.087535 0.067404 0.880797
1 0.784550 0.349561 0.174952 0.129118 0.817575
1 0.784684 0.350840 0.172553 0.131679 0.924142
1 0.785173 0.350833 0.176469 0.131730 0.880797
1 0.960048 0.349620 0.079917 0.235282 0.817575
1 0.960861 0.347403 0.081387 0.236950 0.817575
1 0.959719 0.346380 0.077532 0.239046 0.817575
1 0.785869 0.350834 0.174927 0.131706 0.004070
1 0.784635 0.351739 0.172664 0.129899 0.924142
1 0.960473 0.348958 0.079065 0.233146 0.817575
1 0.960488 0.349009 0.079059 0.233830 0.817575
1 0.960456 0.347364 0.079109 0.237139 0.817575
1 0.960075 0.347266 0.079922 0.236568 0.817575
2 0.331719 0.326800 0.054723 0.038971 0.001501
2 0.333853 0.326805 0.053907 0.038947 0.002473
2 0.334753 0.325648 0.049253 0.036500 0.002473
2 0.347861 0.324652 0.031118 0.035373 0.004070
2 0.467287 0.326881 0.009709 0.012934 0.001501
2 0.494510 0.322914 0.011004 0.011230 0.004070
2 0.529741 0.321510 0.010155 0.018727 0.001501
3 0.398199 0.317064 0.040653 0.056092 0.817575
3 0.398335 0.317032 0.040839 0.056151 0.880797
3 0.397648 0.315634 0.042236 0.057774 0.817575
3 0.398440 0.315718 0.043662 0.058117 0.268941
3 0.398312 0.315963 0.040888 0.058507 0.817575
3 0.398329 0.315721 0.040854 0.057900 0.880797
3 0.398320 0.315725 0.040889 0.057927 0.817575
3 0.398847 0.315550 0.041730 0.057882 0.268941
3 0.456254 0.326883 0.009477 0.012933 0.004070
3 0.546238 0.325332 0.017516 0.025741 0.004070
3 0.562011 0.324056 0.014542 0.028339 0.004070
3 0.398135 0.315955 0.040527 0.058778 0.377541
3 0.398471 0.315992 0.041021 0.058688 0.622459
3 0.397772 0.315924 0.042445 0.058833 0.622459
3 0.399248 0.317621 0.042013 0.055569 0.004070
