0 0.292135 0.311536 0.006215 0.039851 0.010987
0 0.293070 0.318597 0.008100 0.043208 0.010987
0 0.529804 0.325306 0.009718 0.016166 0.004070
0 0.292305 0.325749 0.009690 0.057267 0.006693
1 0.166107 0.282480 0.047640 0.018463 0.004070
1 0.171062 0.282526 0.036329 0.018330 0.006693
1 0.172116 0.283660 0.033997 0.016053 0.002473
1 0.652612 0.332551 0.063884 0.068575 0.880797
1 0.652346 0.332625 0.064493 0.068716 0.880797
1 0.651753 0.332598 0.063441 0.068663 0.817575
1 0.721856 0.341106 0.081271 0.104201 0.001501
1 0.460536 0.326210 0.010494 0.014313 0.010987
1 0.466443 0.324945 0.011377 0.011717 0.017986
1 0.492243 0.322908 0.009885 0.011272 0.001501
1 0.508457 0.324048 0.011175 0.013520 0.268941
1 0.529804 0.325306 0.009718 0.016166 0.047426
1 0.547277 0.325315 0.016539 0.025694 0.731059
1 0.566756 0.327379 0.030467 0.029787 0.817575
1 0.567027 0.327652 0.031015 0.030365 0.880797
1 0.567109 0.327375 0.031265 0.029790 0.500000
1 0.601387 0.328519 0.039271 0.041681 0.817575
1 0.602022 0.328510 0.040104 0.041708 0.880797
1 0.601331 0.328513 0.039424 0.041706 0.880797
1 0.652377 0.332634 0.064444 0.068705 0.880797
1 0.652356 0.332202 0.064511 0.067824 0.880797
1 0.652370 0.332825 0.064411 0.066411 0.817575
1 0.722039 0.342412 0.080929 0.101632 0.924142
1 0.721104 0.341169 0.079738 0.104188 0.924142
1 0.721002 0.342448 0.079955 0.106710 0.880797
1 0.567033 0.327047 0.031011 0.034264 0.001501
1 0.567760 0.328621 0.031651 0.032330 0.004070
1 0.601880 0.329632 0.040384 0.043992 0.817575
1 0.601936 0.329650 0.040221 0.043954 0.880797
1 0.602051 0.328509 0.040135 0.041698 0.817575
1 0.652342 0.333328 0.064478 0.067405 0.880797
1 0.652388 0.333331 0.064457 0.067429 0.880797
1 0.652346 0.332222 0.064463 0.067853 0.880797
1 0.721226 0.341176 0.079513 0.104170 0.880797
1 0.721872 0.341170 0.081264 0.104198 0.880797
1 0.721005 0.340039 0.079951 0.101928 0.880797
1 0.652361 0.332688 0.064497 0.068767 0.817575
1 0.721881 0.341174 0.081290 0.104257 0.880797
1 0.720991 0.341187 0.079954 0.104226 0.924142
1 0.721769 0.341175 0.081475 0.104253 0.880797
1 0.720986 0.341204 0.079962 0.104218 0.924142
2 0.547277 0.325315 0.016539 0.025694 0.001501
3 0.427220 0.318204 0.023728 0.039945 0.622459
3 0.427784 0.317042 0.022558 0.037739 0.622459
3 0.427763 0.318262 0.022663 0.039812 0.731059
3 0.427772 0.317773 0.022583 0.036280 0.622459
3 0.529804 0.325306 0.009718 0.016166 0.002473
3 0.547277 0.325315 0.016539 0.025694 0.010987
