0 0.135110 0.340709 0.010750 0.069949 0.001501
0 0.198899 0.340886 0.012233 0.068414 0.006693
0 0.201010 0.339897 0.012400 0.070268 0.006693
0 0.314638 0.323095 0.010126 0.026461 0.010987
0 0.198972 0.339725 0.013513 0.070642 0.004070
0 0.200638 0.339360 0.013189 0.071351 0.004070
0 0.199115 0.339276 0.013762 0.071583 0.006693
0 0.200614 0.337472 0.013209 0.070112 0.001501
1 0.010851 0.330459 0.021731 0.078752 0.010987
1 0.021720 0.325434 0.043462 0.093132 0.002473
1 0.476899 0.305578 0.018210 0.033020 0.006693
1 0.477363 0.305247 0.017239 0.032319 0.010987
1 0.011072 0.331806 0.025242 0.076716 0.010987
1 0.023199 0.330379 0.046419 0.079488 0.006693
1 0.025791 0.327211 0.051750 0.085912 0.006693
1 0.014445 0.332179 0.028920 0.076113 0.010987
1 0.022964 0.332779 0.045932 0.074846 0.010987
1 0.023339 0.336354 0.046799 0.067729 0.017986
1 0.027554 0.347105 0.049694 0.046243 0.001501
1 0.015536 0.332676 0.031130 0.075530 0.006693
1 0.023972 0.338334 0.044858 0.063878 0.017986
1 0.023960 0.344586 0.048019 0.051293 0.017986
1 0.028769 0.353948 0.045834 0.032598 0.004070
2 0.476899 0.305578 0.018210 0.033020 0.010987
2 0.477363 0.305247 0.017239 0.032319 0.047426
2 0.478132 0.307383 0.018804 0.031584 0.001501
3 0.015532 0.308714 0.031141 0.127092 0.002473
3 0.028918 0.306927 0.057903 0.125169 0.004070
3 0.032314 0.307552 0.068047 0.120845 0.002473
3 0.010851 0.330459 0.021731 0.078752 0.010987
3 0.021720 0.325434 0.043462 0.093132 0.004070
3 0.029209 0.311518 0.061648 0.116354 0.002473
3 0.476899 0.305578 0.018210 0.033020 0.268941
3 0.477363 0.305247 0.017239 0.032319 0.622459
3 0.011072 0.331806 0.025242 0.076716 0.010987
3 0.023199 0.330379 0.046419 0.079488 0.006693
3 0.025791 0.327211 0.051750 0.085912 0.010987
3 0.476659 0.306067 0.018840 0.034306 0.002473
3 0.478132 0.307383 0.018804 0.031584 0.017986
3 0.014445 0.332179 0.028920 0.076113 0.006693
3 0.022964 0.332779 0.045932 0.074846 0.006693
3 0.023339 0.336354 0.046799 0.067729 0.004070
3 0.015536 0.332676 0.031130 0.075530 0.006693
3 0.023972 0.338334 0.044858 0.063878 0.006693
5 0.124101 0.361141 0.034255 0.095915 0.002473
5 0.125895 0.358134 0.030014 0.106747 0.002473
5 0.126196 0.359647 0.031591 0.104334 0.001501
