0 0.267807 0.311121 0.022406 0.122539 0.001501
0 0.283270 0.308040 0.019300 0.121534 0.001501
0 0.267331 0.343844 0.024130 0.187802 0.004070
0 0.284838 0.345660 0.020747 0.196565 0.001501
0 0.288188 0.342030 0.023904 0.189233 0.002473
0 0.264858 0.329395 0.020685 0.144241 0.001501
0 0.269969 0.337745 0.030118 0.175640 0.002473
0 0.289643 0.335615 0.024532 0.145458 0.002473
0 0.406245 0.314056 0.004594 0.029049 0.002473
0 0.118750 0.329832 0.006729 0.040270 0.004070
0 0.267396 0.338710 0.025840 0.161866 0.001501
0 0.276021 0.341084 0.042168 0.182358 0.004070
0 0.288110 0.339329 0.030769 0.168931 0.002473
0 0.406788 0.314754 0.005657 0.027649 0.004070
0 0.118070 0.337103 0.008100 0.049554 0.002473
0 0.275658 0.344547 0.040973 0.161507 0.002473
0 0.280412 0.341166 0.049832 0.187610 0.377541
0 0.281425 0.341106 0.050830 0.187611 0.880797
0 0.281131 0.341147 0.050961 0.187539 0.817575
0 0.280903 0.340831 0.050047 0.188015 0.817575
0 0.281360 0.338784 0.050240 0.187767 0.817575
0 0.281315 0.339939 0.050602 0.185464 0.817575
0 0.281145 0.341051 0.050991 0.187807 0.880797
0 0.281247 0.340015 0.050013 0.185357 0.817575
0 0.281133 0.340022 0.050241 0.185370 0.817575
0 0.280965 0.339836 0.050610 0.185745 0.817575
0 0.281135 0.341018 0.050241 0.187928 0.731059
1 0.206166 0.317652 0.040698 0.036422 0.002473
1 0.455053 0.316906 0.018144 0.032962 0.001501
1 0.500024 0.332177 0.055878 0.075970 0.880797
1 0.499999 0.333311 0.055847 0.073706 0.880797
1 0.031240 0.342122 0.062544 0.132977 0.817575
1 0.030480 0.342624 0.060995 0.133052 0.817575
1 0.031235 0.342273 0.062574 0.132601 0.817575
1 0.218779 0.324068 0.065691 0.036690 0.500000
1 0.217286 0.324531 0.065492 0.040133 0.500000
1 0.218035 0.325200 0.067100 0.038764 0.622459
1 0.216501 0.325523 0.063938 0.039432 0.500000
1 0.217944 0.325009 0.064244 0.038429 0.622459
1 0.455038 0.320472 0.018047 0.025771 0.880797
1 0.469612 0.319811 0.011464 0.023137 0.001501
1 0.500541 0.333329 0.056891 0.073701 0.924142
1 0.500684 0.333331 0.054461 0.073697 0.880797
1 0.499996 0.333316 0.055808 0.073728 0.924142
1 0.030484 0.342246 0.061010 0.131951 0.817575
1 0.030475 0.342610 0.060994 0.133077 0.880797
1 0.031239 0.343190 0.062561 0.134520 0.880797
1 0.217347 0.326142 0.065645 0.043625 0.182426
1 0.218672 0.326873 0.065783 0.042153 0.182426
1 0.218687 0.326985 0.065799 0.038762 0.119203
1 0.217269 0.326906 0.065609 0.042151 0.182426
1 0.217250 0.327094 0.065640 0.042530 0.182426
1 0.499999 0.332444 0.055832 0.071883 0.880797
1 0.500002 0.333338 0.055806 0.073705 0.880797
1 0.500672 0.332206 0.054443 0.075983 0.880797
1 0.031246 0.344529 0.062546 0.133231 0.817575
1 0.030471 0.343459 0.060992 0.131518 0.880797
1 0.030471 0.343596 0.061020 0.131514 0.880797
1 0.218227 0.344754 0.066190 0.078538 0.002473
1 0.216942 0.345120 0.066268 0.079309 0.004070
1 0.216685 0.345492 0.067378 0.081282 0.004070
1 0.500660 0.334475 0.054512 0.075969 0.880797
1 0.500522 0.333346 0.056923 0.073712 0.924142
1 0.030469 0.342983 0.060998 0.132992 0.880797
2 0.013716 0.329445 0.027488 0.117634 0.001501
3 0.218779 0.324068 0.065691 0.036690 0.029312
3 0.217286 0.324531 0.065492 0.040133 0.029312
3 0.218035 0.325200 0.067100 0.038764 0.010987
3 0.216501 0.325523 0.063938 0.039432 0.010987
3 0.217944 0.325009 0.064244 0.038429 0.004070
3 0.217347 0.326142 0.065645 0.043625 0.006693
3 0.218672 0.326873 0.065783 0.042153 0.010987
3 0.218687 0.326985 0.065799 0.038762 0.006693
3 0.217269 0.326906 0.065609 0.042151 0.006693
3 0.217250 0.327094 0.065640 0.042530 0.001501
4 0.069920 0.359548 0.025695 0.041081 0.004070
