0 0.003875 0.383874 0.007779 0.093674 0.001501
1 0.004313 0.383181 0.008656 0.103638 0.004070
1 0.012836 0.388078 0.022353 0.153767 0.001501
1 0.359794 0.359127 0.017020 0.057053 0.006693
1 0.432184 0.357452 0.027635 0.035177 0.001501
1 0.432765 0.358135 0.026422 0.033754 0.119203
1 0.432800 0.358747 0.026480 0.037629 0.119203
1 0.003875 0.383874 0.007779 0.093674 0.017986
1 0.013597 0.396699 0.020830 0.144623 0.001501
1 0.357657 0.360524 0.021309 0.060171 0.006693
1 0.432067 0.359398 0.027857 0.036371 0.004070
1 0.432789 0.357484 0.026361 0.035050 0.075858
1 0.432801 0.358127 0.026478 0.033787 0.119203
1 0.467274 0.364582 0.015508 0.020889 0.500000
1 0.485717 0.359438 0.013679 0.026144 0.002473
1 0.489085 0.358704 0.014004 0.027532 0.001501
1 0.004271 0.389595 0.008597 0.097709 0.010987
1 0.013792 0.396914 0.021222 0.144496 0.001501
1 0.356210 0.360616 0.023489 0.060964 0.001501
1 0.004866 0.392475 0.009897 0.101634 0.004070
1 0.004896 0.396616 0.009951 0.099263 0.006693
1 0.016070 0.399897 0.022538 0.167441 0.001501
1 0.005825 0.392693 0.011980 0.139537 0.001501
2 0.896054 0.312524 0.164382 0.089955 0.006693
2 0.901543 0.313032 0.155820 0.090392 0.017986
2 0.902938 0.314009 0.145497 0.087161 0.017986
2 0.904598 0.314085 0.138560 0.091947 0.017986
2 0.898835 0.318121 0.160576 0.095890 0.004070
2 0.902774 0.312421 0.155655 0.089313 0.010987
2 0.901539 0.313194 0.149497 0.090276 0.010987
2 0.903580 0.312564 0.143842 0.083714 0.002473
2 0.506291 0.346228 0.020641 0.047887 0.001501
2 0.917914 0.316845 0.119337 0.097422 0.002473
2 0.907775 0.311885 0.137047 0.087696 0.004070
2 0.432184 0.357452 0.027635 0.035177 0.001501
2 0.432765 0.358135 0.026422 0.033754 0.017986
2 0.432800 0.358747 0.026480 0.037629 0.029312
2 0.487679 0.352628 0.015964 0.035345 0.001501
2 0.493570 0.350327 0.020884 0.039729 0.001501
2 0.506264 0.347746 0.020583 0.044888 0.817575
2 0.507800 0.347654 0.023829 0.045064 0.029312
2 0.432067 0.359398 0.027857 0.036371 0.004070
2 0.432789 0.357484 0.026361 0.035050 0.029312
2 0.432801 0.358127 0.026478 0.033787 0.029312
2 0.506290 0.348262 0.020639 0.043871 0.880797
2 0.508572 0.348694 0.025049 0.047566 0.029312
3 0.006541 0.342407 0.013165 0.197269 0.001501
3 0.007317 0.360093 0.011638 0.156689 0.001501
3 0.004313 0.383181 0.008656 0.103638 0.002473
3 0.359794 0.359127 0.017020 0.057053 0.004070
3 0.432184 0.357452 0.027635 0.035177 0.010987
3 0.432765 0.358135 0.026422 0.033754 0.622459
3 0.432800 0.358747 0.026480 0.037629 0.622459
3 0.487679 0.352628 0.015964 0.035345 0.001501
3 0.003875 0.383874 0.007779 0.093674 0.002473
3 0.357657 0.360524 0.021309 0.060171 0.004070
3 0.432067 0.359398 0.027857 0.036371 0.017986
3 0.432789 0.357484 0.026361 0.035050 0.622459
3 0.432801 0.358127 0.026478 0.033787 0.500000
3 0.467274 0.364582 0.015508 0.020889 0.004070
3 0.485717 0.359438 0.013679 0.026144 0.001501
3 0.004271 0.389595 0.008597 0.097709 0.001501
3 0.188004 0.345512 0.356346 0.475682 0.880797
3 0.187866 0.346501 0.357246 0.479069 0.880797
3 0.190831 0.346496 0.362326 0.479067 0.904651
3 0.190264 0.346454 0.355521 0.478964 0.924142
3 0.187605 0.349239 0.355887 0.483440 0.880797
3 0.187697 0.348809 0.355433 0.484146 0.880797
3 0.190825 0.347640 0.362365 0.481850 0.904651
3 0.189991 0.348619 0.356035 0.484619 0.904651
3 0.187384 0.347426 0.354564 0.482154 0.880797
3 0.190031 0.347710 0.360667 0.481623 0.904651
3 0.189959 0.345286 0.355976 0.481571 0.001170
5 0.003875 0.383874 0.007779 0.093674 0.004070
5 0.004271 0.389595 0.008597 0.097709 0.002473
5 0.004866 0.392475 0.009897 0.101634 0.001501
5 0.004896 0.396616 0.009951 0.099263 0.001501
