0 0.032479 0.277594 0.007073 0.045890 0.001501
0 0.228438 0.290554 0.010244 0.065340 0.075858
0 0.570703 0.312628 0.027857 0.109615 0.001501
0 0.004823 0.311510 0.009732 0.085146 0.004070
0 0.032875 0.291318 0.006236 0.065162 0.002473
0 0.229006 0.293347 0.011239 0.068730 0.075858
0 0.459583 0.286740 0.009682 0.045874 0.001501
0 0.466415 0.292835 0.012164 0.049621 0.001501
0 0.497812 0.296102 0.011361 0.050821 0.002473
0 0.503151 0.301065 0.015788 0.055817 0.002473
0 0.517857 0.299439 0.011480 0.041398 0.001501
0 0.546043 0.300821 0.014773 0.044193 0.010987
0 0.570390 0.315855 0.031153 0.113003 0.622459
0 0.570886 0.313397 0.033237 0.109909 0.500000
0 0.629558 0.316204 0.026806 0.083431 0.002473
0 0.635345 0.319440 0.033443 0.090020 0.006693
0 0.652015 0.325222 0.029311 0.108967 0.268941
0 0.653340 0.324085 0.031586 0.111796 0.500000
0 0.655916 0.323891 0.030249 0.116107 0.010987
0 0.909777 0.306292 0.016531 0.071085 0.004070
0 0.005577 0.322626 0.008105 0.069267 0.075858
0 0.228332 0.292379 0.012641 0.070371 0.075858
0 0.467986 0.295587 0.014792 0.044044 0.001501
0 0.476487 0.298956 0.017504 0.037696 0.001501
0 0.497735 0.295853 0.011097 0.049261 0.004070
0 0.504847 0.305556 0.015987 0.050904 0.002473
0 0.519503 0.302120 0.011245 0.037577 0.010987
0 0.530343 0.304428 0.011388 0.030935 0.006693
0 0.546044 0.302296 0.011474 0.040258 0.047426
0 0.570001 0.314786 0.031945 0.110652 0.731059
0 0.570020 0.315931 0.031908 0.112956 0.731059
0 0.628660 0.322491 0.024435 0.069265 0.075858
0 0.629190 0.323342 0.023478 0.072402 0.075858
0 0.653079 0.322930 0.031273 0.104448 0.500000
0 0.654076 0.324062 0.030090 0.111623 0.817575
0 0.783992 0.324144 0.010123 0.046137 0.004070
0 0.909847 0.310108 0.016671 0.073721 0.004070
0 0.911319 0.307987 0.016766 0.074304 0.001501
0 0.004269 0.325093 0.008548 0.068061 0.075858
0 0.228927 0.295288 0.011454 0.071553 0.075858
0 0.504962 0.315650 0.016284 0.076544 0.001501
0 0.516140 0.304695 0.012252 0.044056 0.001501
0 0.546153 0.305925 0.011578 0.046313 0.006693
0 0.571124 0.316421 0.032779 0.107506 0.377541
0 0.571167 0.316110 0.032670 0.112643 0.817575
0 0.570762 0.315282 0.033485 0.109803 0.731059
0 0.628874 0.321237 0.024832 0.071397 0.047426
0 0.629306 0.324424 0.023713 0.069610 0.075858
0 0.653308 0.324987 0.031641 0.113530 0.817575
0 0.652844 0.324065 0.030670 0.111633 0.817575
0 0.653865 0.324135 0.032774 0.111759 0.010987
0 0.753589 0.333187 0.007222 0.042181 0.017986
0 0.768073 0.328833 0.008116 0.050717 0.010987
0 0.784396 0.324240 0.009283 0.043128 0.029312
0 0.909965 0.312798 0.016908 0.084059 0.001501
0 0.911618 0.313577 0.017279 0.085658 0.001501
0 0.004811 0.325515 0.009640 0.067180 0.075858
0 0.505510 0.315995 0.014638 0.076903 0.006693
0 0.569961 0.316453 0.032029 0.112027 0.731059
0 0.570397 0.315796 0.031141 0.108811 0.817575
0 0.571148 0.315790 0.032717 0.108814 0.817575
0 0.629483 0.321621 0.026047 0.070518 0.075858
0 0.629121 0.321529 0.024938 0.070926 0.075858
0 0.653121 0.324047 0.031267 0.111622 0.731059
0 0.652954 0.322907 0.030898 0.109383 0.817575
0 0.653593 0.324040 0.032226 0.111644 0.075858
0 0.753077 0.333709 0.009408 0.049452 0.017986
0 0.768064 0.329099 0.008278 0.052355 0.006693
0 0.785082 0.332061 0.010750 0.058067 0.010987
0 0.910140 0.316742 0.017316 0.086605 0.004070
0 0.911570 0.319529 0.017378 0.091772 0.002473
0 0.571141 0.316140 0.032710 0.112642 0.817575
0 0.570767 0.315977 0.033490 0.112995 0.731059
0 0.652941 0.322889 0.030918 0.113908 0.731059
0 0.653012 0.322900 0.031033 0.113889 0.817575
0 0.653607 0.322940 0.032224 0.109387 0.047426
0 0.752374 0.338400 0.010839 0.060626 0.004070
0 0.771278 0.337428 0.012099 0.071123 0.002473
0 0.784672 0.337496 0.011667 0.071503 0.002473
1 0.006325 0.301486 0.009999 0.103803 0.001501
1 0.004823 0.311510 0.009732 0.085146 0.006693
1 0.005577 0.322626 0.008105 0.069267 0.001501
1 0.131123 0.326887 0.053944 0.054715 0.001501
1 0.694565 0.319167 0.027837 0.041829 0.075858
1 0.695053 0.319784 0.026887 0.043032 0.817575
1 0.694996 0.319780 0.027092 0.043037 0.731059
1 0.129414 0.328907 0.044475 0.055759 0.001501
1 0.694691 0.320495 0.027627 0.041631 0.075858
1 0.695052 0.319140 0.026881 0.041673 0.731059
1 0.695540 0.319773 0.028154 0.040404 0.731059
2 0.730719 0.305295 0.044825 0.091983 0.001501
2 0.731236 0.305562 0.043568 0.087361 0.817575
2 0.729273 0.305486 0.041769 0.087506 0.817575
2 0.729267 0.305551 0.041743 0.087465 0.817575
2 0.694565 0.319167 0.027837 0.041829 0.001501
2 0.695053 0.319784 0.026887 0.043032 0.010987
2 0.694996 0.319780 0.027092 0.043037 0.029312
2 0.730688 0.305010 0.044570 0.085023 0.817575
2 0.730674 0.305900 0.044567 0.086776 0.817575
2 0.729988 0.305248 0.043197 0.088156 0.817575
2 0.695052 0.319140 0.026881 0.041673 0.006693
2 0.695540 0.319773 0.028154 0.040404 0.006693
2 0.730050 0.305622 0.043151 0.087476 0.731059
2 0.729244 0.305814 0.041720 0.087086 0.817575
2 0.729998 0.305361 0.043246 0.088000 0.817575
2 0.730637 0.305203 0.042491 0.088372 0.731059
3 0.729267 0.305551 0.041743 0.087465 0.002473
3 0.653079 0.322930 0.031273 0.104448 0.001501
3 0.694565 0.319167 0.027837 0.041829 0.002473
3 0.695053 0.319784 0.026887 0.043032 0.010987
3 0.694996 0.319780 0.027092 0.043037 0.017986
3 0.694691 0.320495 0.027627 0.041631 0.004070
3 0.695052 0.319140 0.026881 0.041673 0.029312
3 0.695540 0.319773 0.028154 0.040404 0.006693
3 0.730050 0.305622 0.043151 0.087476 0.001501
3 0.730637 0.305203 0.042491 0.088372 0.006693
4 0.186021 0.312250 0.056484 0.070112 0.004070
4 0.185135 0.321255 0.053641 0.060386 0.029312
4 0.190454 0.321421 0.052263 0.060207 0.500000
4 0.190635 0.320170 0.049645 0.058170 0.622459
4 0.190340 0.318123 0.050146 0.058703 0.500000
4 0.004269 0.325093 0.008548 0.068061 0.001501
4 0.146924 0.325107 0.059621 0.052678 0.001501
4 0.180847 0.326283 0.040240 0.055660 0.119203
4 0.190051 0.321602 0.050816 0.060063 0.500000
4 0.190717 0.320540 0.051563 0.057689 0.500000
4 0.192494 0.319301 0.047982 0.060159 0.622459
4 0.629306 0.324424 0.023713 0.069610 0.001501
4 0.004811 0.325515 0.009640 0.067180 0.017986
4 0.039706 0.331184 0.030688 0.046051 0.001501
4 0.135520 0.329373 0.025507 0.059373 0.001501
4 0.157822 0.326932 0.047728 0.054916 0.010987
4 0.176518 0.327980 0.028760 0.052464 0.119203
4 0.190024 0.322943 0.050970 0.057386 0.500000
4 0.190215 0.321609 0.050428 0.060057 0.622459
4 0.192576 0.320872 0.045652 0.057016 0.500000
4 0.629121 0.321529 0.024938 0.070926 0.001501
5 0.004823 0.311510 0.009732 0.085146 0.001501
5 0.183810 0.311779 0.064202 0.073169 0.004070
5 0.186021 0.312250 0.056484 0.070112 0.001501
5 0.005577 0.322626 0.008105 0.069267 0.002473
5 0.185135 0.321255 0.053641 0.060386 0.002473
5 0.190454 0.321421 0.052263 0.060207 0.004070
5 0.190340 0.318123 0.050146 0.058703 0.001501
5 0.004269 0.325093 0.008548 0.068061 0.001501
5 0.192494 0.319301 0.047982 0.060159 0.001501
5 0.571124 0.316421 0.032779 0.107506 0.001501
5 0.629306 0.324424 0.023713 0.069610 0.002473
5 0.004811 0.325515 0.009640 0.067180 0.002473
5 0.190215 0.321609 0.050428 0.060057 0.001501
5 0.192576 0.320872 0.045652 0.057016 0.001501
