0 0.228038 0.288854 0.009509 0.064639 0.010987
0 0.245725 0.293723 0.008661 0.082657 0.029312
0 0.005527 0.313081 0.011083 0.087721 0.010987
0 0.033243 0.282338 0.008555 0.053870 0.001501
0 0.227753 0.293905 0.011587 0.067140 0.017986
0 0.246497 0.299159 0.010074 0.083514 0.047426
0 0.467380 0.295485 0.010207 0.039777 0.001501
0 0.477313 0.297638 0.012533 0.040446 0.004070
0 0.005505 0.318264 0.011043 0.082521 0.017986
0 0.032777 0.305678 0.010150 0.094267 0.001501
0 0.227889 0.297719 0.012144 0.068201 0.010987
0 0.246474 0.301504 0.010140 0.082545 0.017986
0 0.465978 0.297252 0.010290 0.035977 0.004070
0 0.477756 0.300353 0.011570 0.038434 0.010987
0 0.504229 0.307829 0.017221 0.027400 0.001501
0 0.517783 0.305332 0.011588 0.032969 0.001501
0 0.662952 0.312458 0.013524 0.023995 0.001501
0 0.004850 0.319001 0.009756 0.075728 0.017986
0 0.228666 0.310604 0.015656 0.052127 0.002473
0 0.245162 0.307412 0.009737 0.073312 0.010987
0 0.004817 0.321425 0.009673 0.070979 0.017986
0 0.244449 0.321717 0.011285 0.055634 0.001501
0 0.756278 0.335157 0.009517 0.043950 0.004070
1 0.006456 0.302747 0.013016 0.110229 0.004070
1 0.005527 0.313081 0.011083 0.087721 0.029312
1 0.005505 0.318264 0.011043 0.082521 0.010987
1 0.661669 0.312621 0.012747 0.022323 0.006693
1 0.694651 0.319164 0.027541 0.041823 0.075858
1 0.694570 0.318884 0.026202 0.044833 0.817575
1 0.695070 0.319779 0.026936 0.043079 0.622459
1 0.004850 0.319001 0.009756 0.075728 0.002473
1 0.149467 0.327897 0.068069 0.057794 0.001501
1 0.189000 0.323361 0.050142 0.056472 0.002473
1 0.661877 0.314044 0.014245 0.019737 0.182426
1 0.662422 0.314032 0.013847 0.019760 0.075858
1 0.694277 0.319796 0.026794 0.043024 0.182426
1 0.694641 0.319803 0.026058 0.043010 0.817575
1 0.694999 0.319804 0.027071 0.043006 0.622459
1 0.004817 0.321425 0.009673 0.070979 0.002473
1 0.695374 0.320368 0.026353 0.048069 0.001501
2 0.727693 0.306424 0.038779 0.095322 0.017986
2 0.727791 0.305190 0.038661 0.088114 0.817575
2 0.727747 0.306460 0.038713 0.090271 0.817575
2 0.728441 0.306620 0.040099 0.089869 0.817575
2 0.694651 0.319164 0.027541 0.041823 0.006693
2 0.694570 0.318884 0.026202 0.044833 0.017986
2 0.695070 0.319779 0.026936 0.043079 0.047426
2 0.728058 0.305055 0.040856 0.088575 0.880797
2 0.727349 0.306289 0.039508 0.090596 0.817575
2 0.727362 0.306193 0.039522 0.090826 0.817575
2 0.694277 0.319796 0.026794 0.043024 0.001501
2 0.694641 0.319803 0.026058 0.043010 0.006693
2 0.694999 0.319804 0.027071 0.043006 0.010987
2 0.727770 0.305999 0.038702 0.091273 0.731059
2 0.727701 0.306006 0.038812 0.091234 0.731059
2 0.727727 0.305714 0.041550 0.091846 0.817575
2 0.727512 0.305724 0.039166 0.091857 0.731059
3 0.641947 0.303435 0.026049 0.046504 0.004070
3 0.641072 0.303440 0.025913 0.046425 0.001501
3 0.640286 0.305191 0.027636 0.040432 0.731059
3 0.641366 0.305834 0.026894 0.041782 0.731059
3 0.661669 0.312621 0.012747 0.022323 0.004070
3 0.662952 0.312458 0.013524 0.023995 0.001501
3 0.694570 0.318884 0.026202 0.044833 0.001501
3 0.695070 0.319779 0.026936 0.043079 0.002473
3 0.640308 0.305771 0.027748 0.041905 0.731059
3 0.641401 0.305126 0.026893 0.040554 0.817575
3 0.661877 0.314044 0.014245 0.019737 0.017986
3 0.662422 0.314032 0.013847 0.019760 0.017986
3 0.727512 0.305724 0.039166 0.091857 0.002473
4 0.005527 0.313081 0.011083 0.087721 0.004070
4 0.188559 0.313217 0.050889 0.071923 0.002473
4 0.005505 0.318264 0.011043 0.082521 0.010987
4 0.012383 0.318077 0.025103 0.077965 0.004070
4 0.186672 0.320141 0.054655 0.062899 0.006693
4 0.190466 0.320269 0.049927 0.062596 0.622459
4 0.189158 0.319104 0.049774 0.060452 0.731059
4 0.190667 0.319074 0.049471 0.060469 0.622459
4 0.501278 0.308028 0.020522 0.028028 0.001501
4 0.504229 0.307829 0.017221 0.027400 0.001501
4 0.004850 0.319001 0.009756 0.075728 0.017986
4 0.013520 0.321597 0.027130 0.071100 0.006693
4 0.189000 0.323361 0.050142 0.056472 0.268941
4 0.189863 0.321618 0.048450 0.060016 0.622459
4 0.189834 0.320275 0.051154 0.062728 0.731059
4 0.189977 0.320441 0.050840 0.057891 0.622459
4 0.004817 0.321425 0.009673 0.070979 0.047426
4 0.014109 0.321680 0.025187 0.071036 0.006693
4 0.157723 0.328865 0.047529 0.056679 0.006693
4 0.189594 0.325866 0.051473 0.056691 0.268941
4 0.190438 0.322894 0.049971 0.062584 0.622459
4 0.189883 0.321518 0.048375 0.060237 0.731059
4 0.191014 0.320407 0.048776 0.062460 0.622459
5 0.006456 0.302747 0.013016 0.110229 0.002473
5 0.005527 0.313081 0.011083 0.087721 0.006693
5 0.005505 0.318264 0.011043 0.082521 0.010987
5 0.012383 0.318077 0.025103 0.077965 0.002473
5 0.501278 0.308028 0.020522 0.028028 0.001501
5 0.504229 0.307829 0.017221 0.027400 0.002473
5 0.004850 0.319001 0.009756 0.075728 0.004070
5 0.189000 0.323361 0.050142 0.056472 0.002473
5 0.004817 0.321425 0.009673 0.070979 0.004070
5 0.189594 0.325866 0.051473 0.056691 0.001501
