0 0.880973 0.247343 0.020034 0.077377 0.002473
0 0.881043 0.259374 0.017911 0.088554 0.006693
0 0.881007 0.276161 0.020050 0.124021 0.004070
0 0.099482 0.314061 0.014526 0.029205 0.001501
0 0.102358 0.314561 0.010800 0.032613 0.002473
0 0.880764 0.277649 0.021252 0.120749 0.004070
0 0.884640 0.285287 0.028134 0.142310 0.002473
0 0.100199 0.314660 0.015984 0.029643 0.001501
0 0.101814 0.313323 0.011864 0.027072 0.002473
0 0.881502 0.281632 0.021263 0.118605 0.006693
0 0.885348 0.291587 0.027824 0.133103 0.001501
0 0.881746 0.291755 0.029474 0.141587 0.001501
1 0.914043 0.232265 0.088808 0.063446 0.002473
1 0.915541 0.224124 0.090434 0.047748 0.001501
1 0.908607 0.236639 0.076125 0.071769 0.010987
1 0.916564 0.234789 0.092830 0.067418 0.002473
1 0.917014 0.230947 0.094820 0.059254 0.001501
1 0.336244 0.325351 0.055570 0.047769 0.006693
1 0.336913 0.326568 0.056984 0.049755 0.006693
1 0.336266 0.326141 0.055596 0.046440 0.817575
1 0.336534 0.325953 0.057757 0.046809 0.880797
1 0.336246 0.325954 0.055606 0.046818 0.880797
1 0.336533 0.326135 0.057734 0.046486 0.880797
1 0.367897 0.324117 0.011367 0.023700 0.002473
1 0.389886 0.321977 0.020282 0.032380 0.377541
1 0.390261 0.320212 0.019498 0.031371 0.268941
1 0.431289 0.325063 0.012692 0.026516 0.001501
1 0.522307 0.325335 0.020225 0.025769 0.010987
1 0.527771 0.327461 0.025485 0.025132 0.004070
1 0.557773 0.324127 0.024162 0.023574 0.002473
1 0.336555 0.326399 0.057747 0.045940 0.880797
1 0.336250 0.327276 0.055601 0.048690 0.880797
1 0.335871 0.326144 0.056365 0.046428 0.924142
1 0.336532 0.326102 0.057737 0.046538 0.924142
2 0.466473 0.308726 0.063982 0.085739 0.880797
2 0.467287 0.308762 0.065445 0.085696 0.817575
2 0.466525 0.308719 0.063883 0.085757 0.817575
2 0.466479 0.307613 0.064002 0.083468 0.817575
2 0.467285 0.308774 0.065450 0.085677 0.817575
2 0.466522 0.307850 0.063892 0.087540 0.817575
2 0.389886 0.321977 0.020282 0.032380 0.047426
2 0.390261 0.320212 0.019498 0.031371 0.182426
2 0.467237 0.308753 0.065518 0.085735 0.817575
2 0.466521 0.308753 0.063910 0.085736 0.817575
2 0.467286 0.308751 0.065421 0.085750 0.817575
2 0.467954 0.309135 0.064124 0.090093 0.880797
3 0.390652 0.318676 0.021844 0.034550 0.001501
3 0.389886 0.321977 0.020282 0.032380 0.119203
3 0.390261 0.320212 0.019498 0.031371 0.119203
