0 0.735878 0.327498 0.019806 0.097671 0.006693
0 0.736661 0.325187 0.018869 0.096021 0.002473
0 0.710710 0.335536 0.013779 0.072168 0.004070
0 0.724204 0.335278 0.028588 0.079568 0.002473
0 0.735898 0.331616 0.016180 0.099650 0.119203
0 0.736941 0.332780 0.018210 0.104389 0.047426
0 0.107000 0.322982 0.014083 0.026107 0.010987
0 0.710649 0.339020 0.013405 0.066762 0.047426
0 0.713348 0.339866 0.012006 0.065234 0.017986
0 0.735897 0.333624 0.016197 0.104755 0.182426
0 0.737468 0.334782 0.017155 0.107079 0.119203
0 0.710073 0.341143 0.014575 0.067788 0.047426
0 0.713640 0.340173 0.012176 0.069779 0.010987
0 0.735860 0.334494 0.016265 0.106555 0.182426
0 0.735747 0.334742 0.019055 0.108255 0.075858
0 0.709417 0.339713 0.016015 0.065592 0.047426
0 0.714529 0.338705 0.013327 0.067732 0.010987
0 0.735741 0.336151 0.016501 0.108567 0.182426
0 0.736788 0.336562 0.018587 0.108437 0.075858
0 0.735848 0.338670 0.016610 0.109471 0.119203
0 0.736704 0.338979 0.018763 0.109108 0.017986
1 0.322860 0.316991 0.013093 0.019595 0.001501
1 0.330471 0.316250 0.017186 0.020954 0.029312
1 0.358457 0.324197 0.013906 0.018328 0.377541
1 0.530083 0.327576 0.023368 0.025350 0.001501
1 0.188157 0.384565 0.220172 0.246061 0.924142
1 0.186002 0.383618 0.218885 0.247859 0.924142
1 0.187500 0.383601 0.221819 0.247978 0.924142
1 0.187590 0.383365 0.221734 0.243682 0.182426
1 0.188236 0.384610 0.220353 0.245950 0.924142
1 0.186781 0.382450 0.217444 0.245539 0.924142
1 0.186719 0.383386 0.223421 0.243677 0.904651
1 0.187537 0.383423 0.218858 0.243678 0.924142
1 0.188220 0.381452 0.220324 0.247567 0.817575
1 0.186727 0.382466 0.220346 0.245434 0.924142
1 0.186751 0.383675 0.220364 0.247763 0.924142
2 0.303734 0.312300 0.021770 0.025663 0.004070
2 0.409778 0.313171 0.044575 0.056363 0.880797
2 0.409733 0.313624 0.044488 0.057263 0.817575
2 0.408832 0.313604 0.045762 0.057240 0.817575
2 0.409066 0.312505 0.046275 0.059507 0.500000
2 0.304425 0.315426 0.016530 0.019990 0.004070
2 0.330471 0.316250 0.017186 0.020954 0.017986
2 0.408969 0.313109 0.046037 0.056404 0.817575
2 0.409731 0.313596 0.044498 0.057264 0.817575
2 0.408968 0.312956 0.046030 0.058553 0.817575
2 0.409052 0.313592 0.046302 0.057367 0.500000
3 0.330471 0.316250 0.017186 0.020954 0.029312
3 0.358457 0.324197 0.013906 0.018328 0.001501
