0 0.986934 0.260810 0.015968 0.063805 0.006693
0 0.988995 0.262136 0.016238 0.066991 0.006693
0 0.987007 0.263405 0.016103 0.069239 0.004070
0 0.988344 0.263020 0.015375 0.068097 0.004070
0 0.750001 0.327783 0.019909 0.101025 0.001501
0 0.755386 0.329402 0.018548 0.101420 0.006693
0 0.763950 0.328573 0.016371 0.102868 0.029312
0 0.988002 0.277065 0.018111 0.101914 0.004070
0 0.988715 0.272296 0.016807 0.097357 0.004070
0 0.195744 0.322671 0.008569 0.046437 0.075858
0 0.749924 0.337564 0.015346 0.092492 0.377541
0 0.751510 0.335517 0.016254 0.097820 0.377541
0 0.762875 0.334390 0.014730 0.091047 0.119203
0 0.988057 0.298505 0.020790 0.139474 0.001501
0 0.989147 0.300893 0.018682 0.151084 0.002473
0 0.196131 0.324237 0.007745 0.041975 0.268941
0 0.318209 0.320408 0.005665 0.025972 0.017986
0 0.340094 0.321596 0.022984 0.023558 0.002473
0 0.575603 0.319183 0.027588 0.041654 0.010987
0 0.749557 0.336164 0.016182 0.099658 0.500000
0 0.750778 0.335603 0.015528 0.098860 0.377541
0 0.763056 0.335831 0.014371 0.088380 0.182426
0 0.195746 0.324460 0.008564 0.041756 0.182426
0 0.578463 0.326831 0.010292 0.043199 0.006693
0 0.749273 0.335793 0.015607 0.098495 0.622459
0 0.750110 0.336015 0.015277 0.098801 0.377541
0 0.762785 0.335447 0.013830 0.092728 0.182426
0 0.749298 0.335793 0.015662 0.098814 0.731059
0 0.751413 0.335700 0.016484 0.098269 0.377541
0 0.762969 0.336741 0.013463 0.090086 0.268941
0 0.774595 0.340255 0.028739 0.083115 0.001501
0 0.749411 0.336042 0.015991 0.100769 0.075858
0 0.751106 0.335293 0.017064 0.101500 0.075858
1 0.850749 0.288558 0.067305 0.054511 0.001501
1 0.474234 0.333288 0.048503 0.073648 0.880797
1 0.473536 0.332401 0.047098 0.071867 0.880797
1 0.783440 0.315004 0.029765 0.028080 0.002473
1 0.785873 0.313550 0.025591 0.026394 0.002473
1 0.807661 0.309520 0.020478 0.026189 0.006693
1 0.309653 0.322875 0.013800 0.015963 0.001501
1 0.338090 0.322871 0.024012 0.021122 0.029312
1 0.340094 0.321596 0.022984 0.023558 0.047426
1 0.356022 0.321864 0.015314 0.023369 0.002473
1 0.399633 0.328530 0.040042 0.038053 0.119203
1 0.398822 0.328708 0.041609 0.037725 0.731059
1 0.399763 0.328660 0.040982 0.037847 0.622459
1 0.439364 0.328662 0.018157 0.019302 0.029312
1 0.440491 0.328173 0.015979 0.015519 0.377541
1 0.474999 0.333318 0.050010 0.070076 0.924142
1 0.474229 0.333322 0.048468 0.070076 0.880797
1 0.474239 0.332390 0.048480 0.071890 0.924142
1 0.505487 0.329527 0.011012 0.020938 0.119203
1 0.521498 0.325471 0.018085 0.020875 0.622459
1 0.522914 0.326588 0.017883 0.018652 0.119203
1 0.571815 0.321561 0.034131 0.033239 0.006693
1 0.573848 0.319473 0.037835 0.032867 0.006693
1 0.575603 0.319183 0.027588 0.041654 0.002473
1 0.617594 0.325613 0.052320 0.031384 0.731059
1 0.617527 0.324476 0.051997 0.033598 0.880797
1 0.617514 0.323817 0.052017 0.032283 0.880797
1 0.617564 0.323813 0.052100 0.032291 0.880797
1 0.639291 0.326574 0.018681 0.023213 0.029312
1 0.688295 0.320347 0.042109 0.035666 0.001501
1 0.728275 0.320360 0.025820 0.026059 0.017986
1 0.731091 0.319819 0.028621 0.022020 0.029312
1 0.783276 0.318163 0.030391 0.021260 0.182426
1 0.785317 0.317655 0.029382 0.026408 0.182426
1 0.806944 0.311558 0.022626 0.026057 0.001501
1 0.399181 0.319909 0.040622 0.055335 0.047426
1 0.400006 0.329596 0.039226 0.039554 0.817575
1 0.399317 0.330902 0.040510 0.036937 0.817575
1 0.399702 0.330889 0.041093 0.036987 0.731059
1 0.474234 0.332437 0.048482 0.071887 0.924142
1 0.474231 0.332436 0.048470 0.071906 0.924142
1 0.474235 0.332433 0.048477 0.071925 0.880797
1 0.774970 0.334221 0.038294 0.059194 0.002473
1 0.783338 0.329252 0.030403 0.048364 0.006693
1 0.474997 0.332443 0.050019 0.071896 0.924142
1 0.473457 0.332440 0.050002 0.071908 0.880797
1 0.903491 0.391848 0.192965 0.278943 0.924142
1 0.903494 0.389756 0.193020 0.279783 0.924142
1 0.902992 0.391787 0.194123 0.278829 0.904651
1 0.903947 0.391076 0.191835 0.277371 0.904651
1 0.903973 0.393368 0.192003 0.276530 0.904651
1 0.903979 0.392092 0.192022 0.279054 0.904651
1 0.902938 0.391196 0.194189 0.277274 0.904651
1 0.903970 0.391271 0.191995 0.277266 0.924142
1 0.903493 0.391273 0.193016 0.277124 0.924142
1 0.903543 0.389921 0.192970 0.279776 0.904651
2 0.390100 0.310269 0.058323 0.060056 0.119203
2 0.390800 0.310626 0.056639 0.061961 0.182426
2 0.390982 0.310741 0.056988 0.062159 0.182426
2 0.390060 0.311218 0.058598 0.063146 0.047426
2 0.390722 0.310491 0.061126 0.066433 0.002473
2 0.034499 0.307145 0.027869 0.026467 0.001501
2 0.035584 0.308660 0.025856 0.024810 0.001501
2 0.385540 0.308475 0.065825 0.055011 0.004070
2 0.390271 0.310170 0.058765 0.060717 0.731059
2 0.390247 0.311679 0.058634 0.062918 0.817575
2 0.391894 0.311782 0.055336 0.062043 0.622459
2 0.392860 0.312647 0.054342 0.062200 0.182426
2 0.396421 0.315573 0.049365 0.061343 0.006693
2 0.730270 0.312405 0.033543 0.036842 0.001501
2 0.736498 0.312437 0.041774 0.036834 0.004070
2 0.807661 0.309520 0.020478 0.026189 0.001501
2 0.390797 0.310364 0.060102 0.060044 0.622459
2 0.392229 0.312757 0.054511 0.064084 0.500000
2 0.399633 0.328530 0.040042 0.038053 0.001501
2 0.399763 0.328660 0.040982 0.037847 0.001501
2 0.521498 0.325471 0.018085 0.020875 0.002473
2 0.688380 0.318604 0.042511 0.034619 0.002473
2 0.731091 0.319819 0.028621 0.022020 0.002473
2 0.783276 0.318163 0.030391 0.021260 0.001501
2 0.392202 0.313697 0.053915 0.063764 0.017986
2 0.399181 0.319909 0.040622 0.055335 0.029312
2 0.400006 0.329596 0.039226 0.039554 0.010987
2 0.399317 0.330902 0.040510 0.036937 0.010987
2 0.399702 0.330889 0.041093 0.036987 0.002473
3 0.577454 0.305482 0.048484 0.066085 0.006693
3 0.579471 0.305588 0.050963 0.060796 0.004070
3 0.579160 0.305975 0.051726 0.054772 0.001501
3 0.725219 0.303081 0.076170 0.055934 0.001501
3 0.575818 0.314645 0.043827 0.047174 0.119203
3 0.579810 0.313617 0.051375 0.044617 0.500000
3 0.579505 0.316082 0.048904 0.044387 0.377541
3 0.579818 0.312358 0.050420 0.047484 0.119203
3 0.689045 0.317669 0.043680 0.036519 0.377541
3 0.688592 0.317726 0.042039 0.036371 0.500000
3 0.688169 0.318184 0.042804 0.035434 0.377541
3 0.688249 0.318193 0.042779 0.035425 0.377541
3 0.730270 0.312405 0.033543 0.036842 0.119203
3 0.736498 0.312437 0.041774 0.036834 0.268941
3 0.749924 0.337564 0.015346 0.092492 0.001501
3 0.785873 0.313550 0.025591 0.026394 0.001501
3 0.807661 0.309520 0.020478 0.026189 0.006693
3 0.440491 0.328173 0.015979 0.015519 0.006693
3 0.505487 0.329527 0.011012 0.020938 0.002473
3 0.521498 0.325471 0.018085 0.020875 0.010987
3 0.522914 0.326588 0.017883 0.018652 0.002473
3 0.571815 0.321561 0.034131 0.033239 0.075858
3 0.573848 0.319473 0.037835 0.032867 0.182426
3 0.575603 0.319183 0.027588 0.041654 0.029312
3 0.688295 0.320347 0.042109 0.035666 0.500000
3 0.688574 0.318744 0.041979 0.034317 0.817575
3 0.687616 0.319742 0.041717 0.036832 0.817575
3 0.688380 0.318604 0.042511 0.034619 0.622459
3 0.728275 0.320360 0.025820 0.026059 0.047426
3 0.731091 0.319819 0.028621 0.022020 0.119203
3 0.783276 0.318163 0.030391 0.021260 0.006693
3 0.785317 0.317655 0.029382 0.026408 0.004070
4 0.167945 0.328810 0.014657 0.027691 0.006693
5 0.162814 0.328465 0.020164 0.027277 0.001501
5 0.167945 0.328810 0.014657 0.027691 0.010987
5 0.338090 0.322871 0.024012 0.021122 0.001501
5 0.340094 0.321596 0.022984 0.023558 0.017986
5 0.749557 0.336164 0.016182 0.099658 0.001501
