0 0.132828 0.334778 0.012841 0.097426 0.004070
0 0.290446 0.337844 0.016724 0.047201 0.004070
0 0.593710 0.328664 0.009538 0.027367 0.004070
0 0.134251 0.341359 0.015759 0.085273 0.001501
0 0.288775 0.342619 0.019802 0.040419 0.001501
0 0.290826 0.342890 0.015353 0.040702 0.017986
0 0.592900 0.330491 0.011169 0.031565 0.001501
0 0.290695 0.344792 0.012901 0.047350 0.006693
1 0.904079 0.291223 0.087154 0.036397 0.001501
1 0.910688 0.285628 0.080457 0.024634 0.002473
1 0.915356 0.283437 0.071807 0.020230 0.001501
1 0.472565 0.332035 0.054932 0.080786 0.880797
1 0.471511 0.330905 0.053909 0.078514 0.880797
1 0.901130 0.313051 0.086644 0.079390 0.002473
1 0.903016 0.311366 0.090001 0.076441 0.002473
1 0.904650 0.307832 0.093356 0.069068 0.001501
1 0.908236 0.304302 0.090782 0.061984 0.001501
1 0.261544 0.328958 0.038885 0.074276 0.002473
1 0.286413 0.339899 0.020275 0.046463 0.002473
1 0.290446 0.337844 0.016724 0.047201 0.001501
1 0.360004 0.325863 0.014455 0.032202 0.001501
1 0.374221 0.325509 0.026548 0.035786 0.500000
1 0.373483 0.325319 0.025101 0.035453 0.622459
1 0.399951 0.325166 0.025102 0.026305 0.047426
1 0.404637 0.324179 0.019240 0.023525 0.182426
1 0.417840 0.324185 0.011349 0.018347 0.075858
1 0.444688 0.320809 0.014423 0.025132 0.029312
1 0.472511 0.332032 0.055000 0.080829 0.817575
1 0.473321 0.330917 0.056438 0.078526 0.924142
1 0.472546 0.332053 0.054914 0.080787 0.880797
1 0.503084 0.319155 0.009342 0.018953 0.004070
1 0.523795 0.321638 0.014690 0.018323 0.119203
1 0.524831 0.321628 0.014039 0.018343 0.029312
1 0.901972 0.318279 0.090401 0.085043 0.002473
1 0.903709 0.313452 0.095099 0.075893 0.002473
1 0.906267 0.310779 0.092133 0.075585 0.002473
1 0.153267 0.356221 0.029080 0.052114 0.010987
1 0.155015 0.354472 0.032195 0.051743 0.010987
1 0.164036 0.343225 0.050625 0.074261 0.002473
1 0.261683 0.333204 0.038617 0.068070 0.004070
1 0.288775 0.342619 0.019802 0.040419 0.006693
1 0.290826 0.342890 0.015353 0.040702 0.001501
1 0.319404 0.335799 0.048850 0.036993 0.002473
1 0.373519 0.325808 0.027867 0.036680 0.075858
1 0.374236 0.324960 0.026625 0.038424 0.047426
1 0.472311 0.330920 0.055399 0.078533 0.880797
1 0.472289 0.332198 0.055459 0.075979 0.880797
1 0.472278 0.330921 0.055449 0.078539 0.880797
1 0.897952 0.321669 0.086661 0.089659 0.002473
1 0.900764 0.317526 0.090450 0.082611 0.001501
1 0.154118 0.356288 0.028217 0.052965 0.006693
1 0.155046 0.354898 0.031846 0.054344 0.010987
1 0.161077 0.351372 0.044218 0.057532 0.002473
1 0.471678 0.330776 0.053610 0.083357 0.880797
1 0.472102 0.330777 0.055802 0.083367 0.817575
2 0.452484 0.303827 0.026985 0.048453 0.047426
2 0.451682 0.306478 0.028383 0.055833 0.010987
2 0.450256 0.309506 0.028766 0.047613 0.377541
2 0.904650 0.307832 0.093356 0.069068 0.001501
2 0.908236 0.304302 0.090782 0.061984 0.002473
2 0.374221 0.325509 0.026548 0.035786 0.004070
2 0.373483 0.325319 0.025101 0.035453 0.002473
2 0.444688 0.320809 0.014423 0.025132 0.010987
2 0.472511 0.332032 0.055000 0.080829 0.002473
2 0.473321 0.330917 0.056438 0.078526 0.002473
2 0.503084 0.319155 0.009342 0.018953 0.001501
2 0.523795 0.321638 0.014690 0.018323 0.004070
2 0.903709 0.313452 0.095099 0.075893 0.002473
2 0.906267 0.310779 0.092133 0.075585 0.002473
2 0.472311 0.330920 0.055399 0.078533 0.010987
2 0.472278 0.330921 0.055449 0.078539 0.001501
3 0.207265 0.313960 0.125399 0.134328 0.001501
3 0.215152 0.315194 0.121500 0.131071 0.001501
3 0.146802 0.320191 0.042018 0.090821 0.001501
3 0.151172 0.323075 0.054390 0.099984 0.006693
3 0.159432 0.321939 0.068413 0.102805 0.017986
3 0.174545 0.321609 0.085315 0.102531 0.010987
3 0.196216 0.320450 0.119219 0.101130 0.017986
3 0.208482 0.321773 0.133686 0.111368 0.017986
3 0.452484 0.303827 0.026985 0.048453 0.004070
3 0.451682 0.306478 0.028383 0.055833 0.001501
3 0.068066 0.330969 0.136114 0.185685 0.817575
3 0.069537 0.331305 0.135993 0.181331 0.817575
3 0.068734 0.329058 0.137543 0.186187 0.731059
3 0.152061 0.325261 0.055544 0.104268 0.029312
3 0.164671 0.325206 0.070207 0.104750 0.029312
3 0.178488 0.324485 0.088828 0.108102 0.017986
3 0.199608 0.324096 0.127509 0.107514 0.029312
3 0.219018 0.331685 0.115339 0.096331 0.622459
3 0.222197 0.333797 0.111676 0.092085 0.731059
3 0.222351 0.334041 0.113659 0.091614 0.817575
3 0.256439 0.328593 0.047384 0.079164 0.002473
3 0.259987 0.325753 0.040096 0.078067 0.047426
3 0.320477 0.326182 0.055271 0.056068 0.010987
3 0.320249 0.326149 0.053538 0.056172 0.004070
3 0.320374 0.326086 0.052758 0.056423 0.002473
3 0.374198 0.321306 0.026593 0.043699 0.001501
3 0.398850 0.319009 0.023249 0.039516 0.006693
3 0.403552 0.316890 0.021812 0.033250 0.010987
3 0.450256 0.309506 0.028766 0.047613 0.010987
3 0.068781 0.331373 0.137567 0.180889 0.880797
3 0.069547 0.331116 0.136036 0.181860 0.817575
3 0.069534 0.330785 0.139111 0.182443 0.817575
3 0.150171 0.335057 0.037578 0.095773 0.002473
3 0.163580 0.325258 0.054336 0.105699 0.004070
3 0.173092 0.325783 0.072221 0.104755 0.006693
3 0.190736 0.323516 0.106037 0.104921 0.010987
3 0.222130 0.335422 0.108921 0.089051 0.731059
3 0.223247 0.335388 0.111802 0.088949 0.731059
3 0.222860 0.334265 0.112658 0.086722 0.731059
3 0.261544 0.328958 0.038885 0.074276 0.017986
3 0.319866 0.327301 0.054019 0.053868 0.029312
3 0.320213 0.327691 0.053724 0.053088 0.006693
3 0.320881 0.328364 0.052066 0.051741 0.002473
3 0.321192 0.329035 0.051976 0.050405 0.010987
3 0.374221 0.325509 0.026548 0.035786 0.119203
3 0.373483 0.325319 0.025101 0.035453 0.119203
3 0.399951 0.325166 0.025102 0.026305 0.029312
3 0.404637 0.324179 0.019240 0.023525 0.182426
3 0.417840 0.324185 0.011349 0.018347 0.017986
3 0.444688 0.320809 0.014423 0.025132 0.004070
3 0.523795 0.321638 0.014690 0.018323 0.010987
3 0.524831 0.321628 0.014039 0.018343 0.004070
3 0.962313 0.331464 0.075475 0.367765 0.268941
3 0.067267 0.332382 0.137594 0.186993 0.731059
3 0.068782 0.331772 0.137562 0.186411 0.731059
3 0.068762 0.333219 0.137568 0.183962 0.622459
3 0.164036 0.343225 0.050625 0.074261 0.004070
3 0.171967 0.335134 0.063527 0.086278 0.004070
3 0.223003 0.335504 0.107090 0.088700 0.622459
3 0.222263 0.334526 0.111831 0.086110 0.731059
3 0.222650 0.334410 0.113083 0.086342 0.622459
3 0.261683 0.333204 0.038617 0.068070 0.006693
3 0.319404 0.335799 0.048850 0.036993 0.002473
3 0.321088 0.330015 0.051649 0.053525 0.001501
3 0.373519 0.325808 0.027867 0.036680 0.029312
3 0.374236 0.324960 0.026625 0.038424 0.017986
3 0.962357 0.334133 0.075332 0.346821 0.622459
3 0.962512 0.333109 0.075031 0.363809 0.622459
3 0.962511 0.333580 0.075023 0.363660 0.500000
3 0.069529 0.330895 0.136020 0.189977 0.622459
3 0.154118 0.356288 0.028217 0.052965 0.001501
3 0.155046 0.354898 0.031846 0.054344 0.001501
3 0.161077 0.351372 0.044218 0.057532 0.002473
3 0.222704 0.337249 0.111216 0.085188 0.731059
3 0.222530 0.336156 0.111746 0.082897 0.001501
3 0.963189 0.326018 0.073632 0.336844 0.500000
3 0.962514 0.325397 0.075052 0.344288 0.622459
3 0.963273 0.324999 0.076546 0.356713 0.622459
3 0.963219 0.328312 0.073579 0.329206 0.622459
3 0.963299 0.328155 0.073480 0.335562 0.622459
3 0.963276 0.330491 0.073523 0.352793 0.500000
3 0.963267 0.329792 0.073543 0.335020 0.075858
3 0.956546 0.259125 0.086901 0.525800 0.001927
3 0.960343 0.279134 0.079290 0.466660 0.010987
3 0.965029 0.262939 0.079142 0.489931 0.001501
3 0.213669 0.290800 0.133038 0.174833 0.006693
3 0.069226 0.323264 0.138445 0.201961 0.437824
4 0.586920 0.327971 0.021026 0.026624 0.001501
4 0.593710 0.328664 0.009538 0.027367 0.006693
4 0.592900 0.330491 0.011169 0.031565 0.001501
5 0.374221 0.325509 0.026548 0.035786 0.001501
5 0.404637 0.324179 0.019240 0.023525 0.004070
5 0.288775 0.342619 0.019802 0.040419 0.002473
5 0.373519 0.325808 0.027867 0.036680 0.002473
