0 0.517132 0.315764 0.006232 0.035268 0.006693
0 0.517541 0.315860 0.004320 0.030044 0.006693
0 0.004292 0.345405 0.008601 0.067528 0.004070
0 0.004840 0.347424 0.009729 0.067944 0.004070
0 0.004481 0.373198 0.009041 0.186677 0.001501
0 0.003906 0.384518 0.007865 0.165930 0.004070
1 0.004306 0.342618 0.008622 0.072474 0.001501
1 0.261867 0.340567 0.051859 0.037701 0.002473
1 0.299314 0.327498 0.025772 0.025982 0.001501
1 0.318765 0.329432 0.037596 0.024281 0.622459
1 0.319516 0.329513 0.036048 0.024441 0.622459
1 0.318752 0.329424 0.037560 0.024260 0.622459
1 0.348695 0.326404 0.014656 0.014884 0.006693
1 0.352261 0.325277 0.018511 0.016372 0.004070
1 0.376525 0.321734 0.022722 0.013922 0.002473
1 0.379470 0.322893 0.020028 0.015871 0.006693
1 0.412024 0.325364 0.038458 0.041714 0.731059
1 0.412173 0.324922 0.037872 0.042583 0.880797
1 0.411794 0.324928 0.038916 0.042597 0.880797
1 0.411987 0.324572 0.039269 0.043153 0.268941
1 0.457699 0.317220 0.009660 0.014598 0.029312
1 0.478983 0.319579 0.011315 0.014341 0.004070
1 0.504038 0.316043 0.011186 0.016923 0.047426
1 0.004292 0.345405 0.008601 0.067528 0.004070
1 0.170522 0.356829 0.077778 0.056832 0.075858
1 0.172872 0.359317 0.082629 0.061679 0.731059
1 0.172656 0.358763 0.082855 0.060600 0.731059
1 0.171915 0.359528 0.081254 0.062108 0.731059
1 0.172197 0.359329 0.080726 0.057266 0.500000
1 0.221773 0.347022 0.018945 0.027660 0.017986
1 0.253239 0.343604 0.060597 0.034591 0.029312
1 0.259643 0.342658 0.052535 0.036390 0.731059
1 0.260392 0.342668 0.054173 0.036454 0.817575
1 0.259226 0.342772 0.053427 0.036631 0.817575
1 0.259985 0.343878 0.055097 0.039173 0.731059
1 0.319510 0.332516 0.039102 0.030507 0.119203
1 0.319521 0.333378 0.039101 0.028556 0.075858
1 0.318021 0.332704 0.039220 0.027290 0.075858
1 0.411640 0.324881 0.038765 0.042716 0.622459
1 0.412171 0.325332 0.037873 0.041807 0.817575
1 0.411936 0.324934 0.038174 0.042604 0.817575
1 0.411993 0.324923 0.039254 0.042703 0.182426
1 0.004840 0.347424 0.009729 0.067944 0.006693
1 0.116460 0.359751 0.030567 0.025946 0.004070
1 0.117435 0.359030 0.027992 0.026981 0.006693
1 0.122350 0.357690 0.033681 0.030690 0.001501
1 0.171199 0.358567 0.079390 0.060558 0.268941
1 0.172965 0.358733 0.082515 0.060543 0.731059
1 0.172208 0.359748 0.080845 0.062521 0.731059
1 0.171948 0.360849 0.081283 0.064731 0.817575
1 0.173156 0.359916 0.078791 0.058435 0.731059
1 0.259716 0.345780 0.052580 0.041045 0.017986
1 0.260895 0.345434 0.053226 0.040349 0.029312
1 0.259559 0.345009 0.052827 0.041198 0.029312
1 0.259578 0.346199 0.052845 0.041901 0.047426
1 0.004363 0.363403 0.008873 0.114654 0.002473
1 0.171916 0.360921 0.081600 0.060500 0.268941
1 0.172918 0.360821 0.082235 0.060473 0.622459
1 0.171895 0.360859 0.081224 0.060396 0.622459
2 0.319516 0.329513 0.036048 0.024441 0.002473
2 0.318752 0.329424 0.037560 0.024260 0.001501
2 0.376525 0.321734 0.022722 0.013922 0.001501
2 0.379470 0.322893 0.020028 0.015871 0.006693
2 0.457699 0.317220 0.009660 0.014598 0.002473
2 0.478983 0.319579 0.011315 0.014341 0.004070
2 0.504038 0.316043 0.011186 0.016923 0.004070
3 0.005175 0.323047 0.010392 0.151774 0.001501
3 0.012758 0.324003 0.025897 0.143290 0.001501
3 0.004475 0.325986 0.008979 0.113505 0.002473
3 0.019299 0.332736 0.038218 0.096534 0.002473
3 0.031895 0.335427 0.060042 0.083544 0.004070
3 0.505552 0.313206 0.011249 0.024355 0.010987
3 0.004306 0.342618 0.008622 0.072474 0.006693
3 0.025139 0.337929 0.050318 0.084855 0.006693
3 0.050325 0.340874 0.097655 0.083475 0.006693
3 0.050209 0.340386 0.096354 0.074797 0.622459
3 0.049912 0.340030 0.094366 0.075220 0.622459
3 0.051496 0.340328 0.093975 0.074667 0.622459
3 0.055162 0.340184 0.086579 0.075109 0.017986
3 0.318765 0.329432 0.037596 0.024281 0.002473
3 0.319516 0.329513 0.036048 0.024441 0.006693
3 0.318752 0.329424 0.037560 0.024260 0.010987
3 0.457699 0.317220 0.009660 0.014598 0.004070
3 0.504038 0.316043 0.011186 0.016923 0.119203
3 0.004292 0.345405 0.008601 0.067528 0.004070
3 0.022715 0.341751 0.045449 0.075225 0.002473
3 0.048972 0.341109 0.097930 0.080625 0.047426
3 0.050136 0.340289 0.096697 0.075319 0.731059
3 0.049550 0.338818 0.095094 0.072749 0.731059
3 0.050963 0.340336 0.094983 0.074584 0.622459
3 0.052437 0.338942 0.092085 0.072511 0.500000
3 0.068510 0.339223 0.060004 0.071807 0.006693
3 0.004840 0.347424 0.009729 0.067944 0.004070
3 0.022839 0.344445 0.045681 0.077912 0.002473
3 0.046595 0.342968 0.093188 0.085892 0.004070
3 0.049293 0.341188 0.098497 0.079605 0.622459
3 0.049369 0.339950 0.098171 0.075798 0.622459
3 0.050932 0.340382 0.095101 0.074699 0.622459
3 0.056403 0.341184 0.084111 0.077502 0.002473
3 0.004363 0.363403 0.008873 0.114654 0.001501
3 0.049073 0.354519 0.094795 0.100104 0.004070
3 0.029998 0.382769 0.060543 0.150441 0.001501
3 0.046081 0.325756 0.093679 0.262730 0.001501
5 0.319521 0.333378 0.039101 0.028556 0.001501
