0 0.723141 0.301384 0.018326 0.145096 0.010987
0 0.725259 0.302884 0.016611 0.149485 0.004070
0 0.601062 0.308368 0.017682 0.101071 0.001501
0 0.603935 0.309367 0.014377 0.102956 0.075858
0 0.622248 0.309610 0.019909 0.106123 0.268941
0 0.625940 0.309786 0.023218 0.106475 0.075858
0 0.640613 0.309670 0.019179 0.111108 0.002473
0 0.723228 0.308495 0.018481 0.158866 0.010987
0 0.724408 0.307939 0.020443 0.158133 0.010987
0 0.601395 0.310421 0.016480 0.092701 0.182426
0 0.602545 0.311537 0.016856 0.094933 0.622459
0 0.621523 0.309607 0.021218 0.102761 0.500000
0 0.625841 0.310362 0.023333 0.101259 0.268941
0 0.644017 0.310738 0.015800 0.101597 0.002473
0 0.722772 0.309210 0.020662 0.155391 0.006693
0 0.723634 0.305668 0.022065 0.163597 0.029312
0 0.744093 0.277957 0.031133 0.271374 0.002473
0 0.557467 0.313774 0.007022 0.044497 0.002473
0 0.601199 0.311493 0.016800 0.095211 0.268941
0 0.602474 0.312340 0.017001 0.096980 0.622459
0 0.621547 0.309637 0.021270 0.105376 0.500000
0 0.625097 0.311065 0.024822 0.102519 0.500000
0 0.644817 0.310981 0.017538 0.101185 0.004070
0 0.721872 0.307194 0.021946 0.156654 0.006693
0 0.723772 0.308750 0.022460 0.161223 0.017986
0 0.749210 0.284525 0.038780 0.294357 0.002473
0 0.557470 0.316259 0.007017 0.043928 0.004070
0 0.601212 0.313321 0.016824 0.095015 0.268941
0 0.602538 0.310881 0.016876 0.096237 0.731059
0 0.623498 0.309679 0.019066 0.102384 0.377541
0 0.625110 0.310639 0.021769 0.100557 0.377541
0 0.722471 0.307696 0.023218 0.159001 0.006693
0 0.726322 0.311191 0.027157 0.171562 0.010987
0 0.758568 0.282499 0.058630 0.291503 0.001501
0 0.762631 0.289272 0.061610 0.307786 0.500000
0 0.763361 0.289330 0.060134 0.310696 0.731059
0 0.764121 0.291515 0.057087 0.307015 0.500000
0 0.601920 0.312427 0.018247 0.096799 0.268941
0 0.602246 0.311749 0.017463 0.098104 0.731059
0 0.622258 0.310380 0.019750 0.101149 0.500000
0 0.626715 0.311001 0.021719 0.102344 0.377541
0 0.722701 0.308288 0.023666 0.152828 0.010987
0 0.730472 0.311255 0.033899 0.171035 0.006693
0 0.759948 0.281868 0.060936 0.289903 0.002473
0 0.763968 0.288770 0.058573 0.312504 0.731059
0 0.764788 0.290907 0.056229 0.310987 0.622459
0 0.765025 0.291108 0.054957 0.310607 0.731059
0 0.207717 0.361513 0.009837 0.039010 0.004070
0 0.763727 0.288555 0.056698 0.309346 0.731059
0 0.765031 0.290440 0.055246 0.311993 0.731059
0 0.765508 0.290869 0.052710 0.312940 0.731059
0 0.764891 0.290352 0.052182 0.309526 0.047426
0 0.765652 0.290975 0.052451 0.311015 0.731059
0 0.766209 0.291638 0.051028 0.311419 0.182426
0 0.073882 0.367685 0.032486 0.082289 0.006693
0 0.082466 0.364769 0.036170 0.094698 0.004070
1 0.012746 0.351899 0.025633 0.141853 0.010987
1 0.017457 0.346695 0.035221 0.145427 0.004070
1 0.014981 0.359893 0.030052 0.120429 0.377541
1 0.015923 0.363171 0.031946 0.117505 0.377541
1 0.025961 0.356969 0.052593 0.101139 0.029312
1 0.035290 0.352450 0.052359 0.074047 0.002473
1 0.082881 0.356321 0.067601 0.093453 0.001501
1 0.095696 0.358000 0.088376 0.096418 0.047426
1 0.096483 0.357490 0.089402 0.095579 0.017986
1 0.097962 0.357675 0.094190 0.095835 0.029312
1 0.355568 0.324334 0.015018 0.023986 0.006693
1 0.382178 0.328900 0.047416 0.050547 0.880797
1 0.382006 0.328900 0.047043 0.050544 0.880797
1 0.381565 0.329356 0.047755 0.049634 0.924142
1 0.382802 0.329299 0.048834 0.049900 0.075858
1 0.015360 0.362587 0.030811 0.109447 0.622459
1 0.015518 0.364407 0.031139 0.110130 0.622459
1 0.027320 0.368481 0.051456 0.081785 0.182426
1 0.027761 0.367352 0.050756 0.076082 0.075858
1 0.096664 0.358774 0.090282 0.097956 0.119203
1 0.098475 0.358470 0.090388 0.097364 0.075858
1 0.099206 0.359779 0.096192 0.094874 0.075858
1 0.329428 0.337640 0.030833 0.034139 0.001501
1 0.382135 0.329330 0.047331 0.049699 0.880797
1 0.382122 0.329328 0.047346 0.049694 0.880797
1 0.381760 0.329354 0.048079 0.049643 0.880797
1 0.382627 0.329330 0.048449 0.049836 0.119203
1 0.015176 0.365257 0.030446 0.108353 0.731059
1 0.014121 0.362376 0.031367 0.108853 0.622459
1 0.027999 0.368573 0.050086 0.080497 0.182426
1 0.029112 0.370437 0.049842 0.071504 0.075858
1 0.077613 0.359974 0.056460 0.095105 0.006693
1 0.096330 0.358506 0.089637 0.097504 0.075858
1 0.098347 0.358741 0.092868 0.098109 0.047426
1 0.100437 0.359713 0.099173 0.095071 0.029312
1 0.015362 0.363568 0.030781 0.106919 0.622459
1 0.015429 0.362606 0.030914 0.108771 0.622459
1 0.028386 0.367114 0.051843 0.080052 0.182426
1 0.031056 0.370024 0.046370 0.074658 0.075858
1 0.072832 0.363990 0.043207 0.086702 0.004070
1 0.075929 0.361321 0.049049 0.092415 0.017986
1 0.097100 0.358360 0.090398 0.097296 0.119203
1 0.015437 0.363741 0.030940 0.112203 0.622459
1 0.015197 0.365673 0.030436 0.108110 0.622459
1 0.028616 0.371930 0.048350 0.080130 0.047426
1 0.035874 0.374553 0.037021 0.068461 0.017986
1 0.070711 0.377817 0.038998 0.064567 0.004070
1 0.069966 0.373317 0.036903 0.070881 0.004070
1 0.013048 0.370570 0.026257 0.129564 0.004070
1 0.016166 0.374675 0.029383 0.114950 0.001501
2 0.082881 0.356321 0.067601 0.093453 0.004070
2 0.095029 0.358666 0.087341 0.092671 0.006693
2 0.095696 0.358000 0.088376 0.096418 0.268941
2 0.096483 0.357490 0.089402 0.095579 0.377541
2 0.097962 0.357675 0.094190 0.095835 0.182426
2 0.100352 0.350254 0.096575 0.080900 0.006693
2 0.096031 0.359255 0.089207 0.093908 0.001501
2 0.096664 0.358774 0.090282 0.097956 0.268941
2 0.098475 0.358470 0.090388 0.097364 0.268941
2 0.099206 0.359779 0.096192 0.094874 0.182426
2 0.100492 0.356760 0.098515 0.093856 0.006693
2 0.099841 0.349303 0.100272 0.073986 0.001501
2 0.096330 0.358506 0.089637 0.097504 0.075858
2 0.098347 0.358741 0.092868 0.098109 0.182426
2 0.100437 0.359713 0.099173 0.095071 0.182426
2 0.097100 0.358360 0.090398 0.097296 0.006693
3 0.012746 0.351899 0.025633 0.141853 0.004070
3 0.017457 0.346695 0.035221 0.145427 0.002473
3 0.014981 0.359893 0.030052 0.120429 0.001501
3 0.015923 0.363171 0.031946 0.117505 0.002473
3 0.025961 0.356969 0.052593 0.101139 0.001501
3 0.082881 0.356321 0.067601 0.093453 0.001501
3 0.095696 0.358000 0.088376 0.096418 0.017986
3 0.096483 0.357490 0.089402 0.095579 0.010987
3 0.097962 0.357675 0.094190 0.095835 0.010987
3 0.100352 0.350254 0.096575 0.080900 0.002473
3 0.104530 0.339562 0.090903 0.059690 0.002473
3 0.081683 0.357838 0.070680 0.096714 0.001501
3 0.096664 0.358774 0.090282 0.097956 0.029312
3 0.098475 0.358470 0.090388 0.097364 0.010987
3 0.099206 0.359779 0.096192 0.094874 0.017986
3 0.100492 0.356760 0.098515 0.093856 0.001501
3 0.099841 0.349303 0.100272 0.073986 0.004070
3 0.077613 0.359974 0.056460 0.095105 0.002473
3 0.096330 0.358506 0.089637 0.097504 0.017986
3 0.098347 0.358741 0.092868 0.098109 0.010987
3 0.100437 0.359713 0.099173 0.095071 0.006693
3 0.028386 0.367114 0.051843 0.080052 0.001501
3 0.072832 0.363990 0.043207 0.086702 0.001501
3 0.075929 0.361321 0.049049 0.092415 0.002473
3 0.097100 0.358360 0.090398 0.097296 0.047426
4 0.027761 0.367352 0.050756 0.076082 0.002473
4 0.029112 0.370437 0.049842 0.071504 0.001501
4 0.031056 0.370024 0.046370 0.074658 0.004070
5 0.025961 0.356969 0.052593 0.101139 0.001501
5 0.035290 0.352450 0.052359 0.074047 0.002473
5 0.027320 0.368481 0.051456 0.081785 0.001501
5 0.027761 0.367352 0.050756 0.076082 0.004070
5 0.029112 0.370437 0.049842 0.071504 0.001501
5 0.077613 0.359974 0.056460 0.095105 0.002473
5 0.031056 0.370024 0.046370 0.074658 0.004070
5 0.028616 0.371930 0.048350 0.080130 0.001501
5 0.073882 0.367685 0.032486 0.082289 0.004070
