0 0.960682 0.284582 0.011880 0.079655 0.006693
0 0.980451 0.287517 0.014131 0.086092 0.002473
0 0.960675 0.285224 0.011893 0.081924 0.006693
0 0.968668 0.287522 0.020339 0.085591 0.001501
0 0.981218 0.287384 0.015666 0.086804 0.002473
0 0.089487 0.333110 0.021189 0.120141 0.002473
0 0.090430 0.332878 0.019180 0.116087 0.006693
0 0.960652 0.285279 0.011836 0.082001 0.002473
0 0.980463 0.289214 0.014161 0.088307 0.001501
0 0.089508 0.335198 0.021153 0.115949 0.002473
0 0.090407 0.335744 0.022274 0.114749 0.004070
0 0.430031 0.323463 0.007010 0.033883 0.004070
0 0.089479 0.339941 0.021094 0.111705 0.006693
0 0.090336 0.337077 0.022421 0.112426 0.006693
0 0.088945 0.342136 0.022223 0.107407 0.006693
0 0.089571 0.337412 0.020921 0.111864 0.002473
0 0.088240 0.344960 0.023636 0.101876 0.001501
0 0.089067 0.338514 0.021904 0.114753 0.002473
1 0.519533 0.320513 0.011081 0.016059 0.010987
1 0.568154 0.329643 0.025053 0.039513 0.075858
1 0.568272 0.330021 0.023158 0.035102 0.622459
1 0.569038 0.328728 0.025233 0.037727 0.006693
1 0.594453 0.324645 0.018516 0.025106 0.001501
1 0.568161 0.329985 0.025024 0.035180 0.047426
1 0.568425 0.328740 0.023929 0.037651 0.731059
1 0.569039 0.330913 0.025176 0.036953 0.004070
2 0.519533 0.320513 0.011081 0.016059 0.006693
3 0.519533 0.320513 0.011081 0.016059 0.006693
3 0.568154 0.329643 0.025053 0.039513 0.017986
3 0.568272 0.330021 0.023158 0.035102 0.119203
3 0.569038 0.328728 0.025233 0.037727 0.002473
3 0.568161 0.329985 0.025024 0.035180 0.029312
3 0.568425 0.328740 0.023929 0.037651 0.182426
3 0.569039 0.330913 0.025176 0.036953 0.004070
5 0.003781 0.325649 0.008116 0.099766 0.001501
5 0.088240 0.344960 0.023636 0.101876 0.002473
