0 0.810442 0.326328 0.082271 0.092219 0.001501
0 0.763695 0.327895 0.017389 0.047774 0.001501
0 0.994957 0.360543 0.007063 0.070919 0.010987
0 0.996126 0.362887 0.007796 0.066265 0.017986
0 0.996132 0.365694 0.007758 0.065901 0.017986
1 0.405772 0.312687 0.025963 0.023253 0.001501
1 0.405655 0.312854 0.025473 0.024737 0.002473
1 0.406070 0.313138 0.027372 0.024176 0.001501
1 0.499975 0.318059 0.042027 0.062463 0.817575
1 0.499456 0.316275 0.043098 0.062496 0.880797
1 0.499594 0.317178 0.041244 0.060700 0.880797
1 0.810442 0.326328 0.082271 0.092219 0.002473
1 0.810493 0.326482 0.082283 0.091859 0.002473
1 0.809637 0.326651 0.081768 0.091474 0.004070
1 0.405771 0.313388 0.025962 0.024065 0.001501
1 0.405653 0.313605 0.025469 0.023602 0.006693
1 0.405941 0.313257 0.026838 0.022516 0.004070
1 0.499444 0.317184 0.043122 0.064334 0.731059
1 0.499466 0.317175 0.043112 0.060742 0.817575
1 0.499454 0.317196 0.043125 0.060716 0.817575
1 0.499469 0.316265 0.043125 0.062590 0.622459
1 0.763420 0.323624 0.017371 0.038923 0.006693
1 0.763273 0.323012 0.015542 0.037412 0.006693
1 0.810328 0.325092 0.082506 0.090177 0.004070
1 0.810361 0.325100 0.082460 0.090156 0.006693
1 0.809427 0.324754 0.081351 0.090880 0.006693
1 0.995111 0.356390 0.009957 0.085932 0.002473
1 0.005678 0.357537 0.008416 0.039312 0.029312
1 0.032582 0.366935 0.056836 0.052701 0.002473
1 0.270209 0.336820 0.034929 0.025182 0.002473
1 0.270340 0.337340 0.034677 0.024067 0.004070
1 0.271333 0.335956 0.035866 0.023233 0.004070
1 0.499975 0.317166 0.042022 0.064392 0.622459
1 0.500005 0.316277 0.042034 0.062554 0.622459
1 0.499991 0.318080 0.042028 0.062553 0.731059
1 0.763695 0.327895 0.017389 0.047774 0.002473
1 0.809559 0.324756 0.080960 0.090880 0.004070
1 0.809426 0.324750 0.081337 0.090893 0.006693
1 0.809596 0.324943 0.080953 0.090525 0.017986
1 0.945237 0.354165 0.021323 0.036624 0.817575
1 0.945361 0.354155 0.023741 0.036626 0.119203
1 0.994957 0.360543 0.007063 0.070919 0.010987
1 0.004390 0.360384 0.008935 0.044049 0.017986
1 0.036790 0.371451 0.050147 0.048749 0.017986
1 0.039553 0.370338 0.045994 0.045904 0.029312
1 0.039249 0.371206 0.046615 0.044215 0.047426
1 0.041659 0.371216 0.047789 0.044308 0.047426
1 0.045592 0.368654 0.051762 0.044754 0.002473
1 0.160963 0.356275 0.044735 0.024303 0.002473
1 0.161199 0.355794 0.039254 0.022571 0.002473
1 0.166285 0.354041 0.052363 0.026216 0.001501
1 0.810214 0.326360 0.082830 0.092208 0.029312
1 0.945351 0.352875 0.021536 0.039172 0.731059
1 0.945711 0.354167 0.022288 0.036619 0.119203
1 0.996126 0.362887 0.007796 0.066265 0.017986
1 0.005339 0.385772 0.010775 0.032705 0.004070
1 0.032569 0.371654 0.046009 0.048844 0.004070
1 0.038453 0.370881 0.047170 0.050055 0.006693
1 0.038587 0.369946 0.047066 0.042294 0.010987
1 0.041040 0.370292 0.049989 0.046244 0.029312
1 0.996132 0.365694 0.007758 0.065901 0.001501
2 0.405772 0.312687 0.025963 0.023253 0.047426
2 0.405655 0.312854 0.025473 0.024737 0.182426
2 0.406070 0.313138 0.027372 0.024176 0.029312
2 0.405771 0.313388 0.025962 0.024065 0.182426
2 0.405653 0.313605 0.025469 0.023602 0.377541
2 0.405941 0.313257 0.026838 0.022516 0.047426
2 0.499444 0.317184 0.043122 0.064334 0.002473
2 0.499466 0.317175 0.043112 0.060742 0.001501
2 0.499454 0.317196 0.043125 0.060716 0.001501
2 0.499975 0.317166 0.042022 0.064392 0.010987
2 0.500005 0.316277 0.042034 0.062554 0.006693
2 0.499991 0.318080 0.042028 0.062553 0.002473
2 0.945237 0.354165 0.021323 0.036624 0.001501
2 0.945351 0.352875 0.021536 0.039172 0.006693
2 0.945711 0.354167 0.022288 0.036619 0.001501
3 0.499975 0.318059 0.042027 0.062463 0.017986
3 0.499456 0.316275 0.043098 0.062496 0.029312
3 0.499594 0.317178 0.041244 0.060700 0.017986
3 0.810442 0.326328 0.082271 0.092219 0.500000
3 0.810493 0.326482 0.082283 0.091859 0.731059
3 0.809637 0.326651 0.081768 0.091474 0.731059
3 0.405771 0.313388 0.025962 0.024065 0.001501
3 0.405653 0.313605 0.025469 0.023602 0.001501
3 0.499444 0.317184 0.043122 0.064334 0.010987
3 0.499466 0.317175 0.043112 0.060742 0.010987
3 0.499454 0.317196 0.043125 0.060716 0.006693
3 0.499469 0.316265 0.043125 0.062590 0.029312
3 0.810328 0.325092 0.082506 0.090177 0.817575
3 0.810361 0.325100 0.082460 0.090156 0.817575
3 0.809427 0.324754 0.081351 0.090880 0.731059
3 0.005678 0.357537 0.008416 0.039312 0.001501
3 0.499975 0.317166 0.042022 0.064392 0.047426
3 0.500005 0.316277 0.042034 0.062554 0.047426
3 0.499991 0.318080 0.042028 0.062553 0.010987
3 0.809559 0.324756 0.080960 0.090880 0.731059
3 0.809426 0.324750 0.081337 0.090893 0.731059
3 0.809596 0.324943 0.080953 0.090525 0.731059
3 0.945237 0.354165 0.021323 0.036624 0.002473
3 0.810214 0.326360 0.082830 0.092208 0.731059
3 0.945351 0.352875 0.021536 0.039172 0.004070
4 0.763420 0.323624 0.017371 0.038923 0.001501
4 0.762953 0.329014 0.018186 0.051043 0.004070
4 0.763695 0.327895 0.017389 0.047774 0.006693
4 0.994957 0.360543 0.007063 0.070919 0.001501
4 0.036790 0.371451 0.050147 0.048749 0.002473
4 0.039249 0.371206 0.046615 0.044215 0.001501
4 0.996126 0.362887 0.007796 0.066265 0.010987
4 0.032569 0.371654 0.046009 0.048844 0.004070
4 0.038453 0.370881 0.047170 0.050055 0.004070
4 0.038587 0.369946 0.047066 0.042294 0.004070
4 0.996132 0.365694 0.007758 0.065901 0.017986
5 0.810328 0.325092 0.082506 0.090177 0.001501
5 0.763695 0.327895 0.017389 0.047774 0.002473
5 0.809426 0.324750 0.081337 0.090893 0.001501
5 0.994957 0.360543 0.007063 0.070919 0.002473
5 0.036790 0.371451 0.050147 0.048749 0.001501
5 0.039553 0.370338 0.045994 0.045904 0.001501
5 0.039249 0.371206 0.046615 0.044215 0.002473
5 0.996126 0.362887 0.007796 0.066265 0.010987
5 0.038453 0.370881 0.047170 0.050055 0.001501
5 0.038587 0.369946 0.047066 0.042294 0.001501
5 0.996132 0.365694 0.007758 0.065901 0.006693
