0 0.528185 0.319001 0.010788 0.080876 0.004070
0 0.897201 0.326858 0.013653 0.107048 0.377541
0 0.898590 0.324518 0.016584 0.102799 0.004070
0 0.494477 0.322791 0.008211 0.049203 0.002473
0 0.510347 0.328963 0.012787 0.065441 0.010987
0 0.528090 0.321721 0.009307 0.070224 0.377541
0 0.896519 0.329333 0.015008 0.111946 0.500000
0 0.898596 0.327608 0.016548 0.113449 0.010987
0 0.469299 0.329535 0.005692 0.029409 0.002473
0 0.494530 0.327725 0.011036 0.050332 0.004070
0 0.509750 0.328842 0.011579 0.065746 0.010987
0 0.528492 0.323960 0.010092 0.070139 0.377541
0 0.896531 0.329388 0.015055 0.112020 0.500000
0 0.898748 0.328644 0.016994 0.115602 0.010987
0 0.495905 0.330567 0.017331 0.053383 0.002473
0 0.509194 0.330769 0.012720 0.064233 0.010987
0 0.529243 0.321690 0.008601 0.070188 0.377541
0 0.889044 0.330008 0.028952 0.117062 0.001501
0 0.896047 0.328425 0.014125 0.115246 0.500000
0 0.897921 0.330589 0.017889 0.114330 0.017986
0 0.509222 0.333169 0.012828 0.070894 0.002473
0 0.888259 0.332254 0.030373 0.116346 0.002473
0 0.896041 0.330383 0.014140 0.114134 0.500000
0 0.898422 0.332085 0.018800 0.116562 0.017986
0 0.895434 0.332252 0.016112 0.117657 0.075858
1 0.009171 0.324024 0.018395 0.109945 0.004070
1 0.010183 0.326322 0.020424 0.106823 0.002473
2 0.009171 0.324024 0.018395 0.109945 0.001501
