0 0.789201 0.196801 0.013730 0.139396 0.001501
0 0.188158 0.349443 0.020575 0.105962 0.500000
0 0.188062 0.348371 0.018170 0.108360 0.622459
0 0.209260 0.350081 0.016308 0.101017 0.268941
0 0.209685 0.346765 0.021313 0.097481 0.006693
0 0.188035 0.348586 0.018155 0.104246 0.731059
0 0.188726 0.348587 0.019518 0.104196 0.622459
0 0.208265 0.350554 0.016580 0.095813 0.731059
0 0.210265 0.351065 0.017714 0.099367 0.017986
0 0.188043 0.348378 0.018152 0.108288 0.731059
0 0.188726 0.347487 0.019494 0.106464 0.622459
0 0.208660 0.351398 0.017376 0.098634 0.731059
0 0.210380 0.351431 0.017944 0.098675 0.029312
0 0.655025 0.344553 0.007017 0.035973 0.004070
0 0.667513 0.348241 0.007041 0.029921 0.001501
0 0.187499 0.349490 0.019226 0.105979 0.731059
0 0.187508 0.349501 0.019214 0.105995 0.731059
0 0.208937 0.350051 0.017901 0.096723 0.731059
0 0.209641 0.351068 0.019421 0.099229 0.047426
0 0.187491 0.348611 0.019218 0.104147 0.731059
0 0.187510 0.349515 0.019207 0.105948 0.817575
0 0.208962 0.351377 0.017959 0.098594 0.817575
0 0.209635 0.350976 0.019441 0.099505 0.047426
0 0.922850 0.394168 0.030558 0.086761 0.001501
1 0.510357 0.306051 0.025619 0.012940 0.004070
1 0.510451 0.305403 0.029373 0.014339 0.001501
1 0.125292 0.359911 0.111937 0.123235 0.924142
1 0.346585 0.334123 0.043184 0.059225 0.622459
1 0.346312 0.334167 0.042627 0.059315 0.622459
1 0.347008 0.333856 0.040980 0.058764 0.500000
1 0.348214 0.332601 0.043213 0.060133 0.004070
1 0.038385 0.364860 0.076796 0.258197 0.075858
1 0.038987 0.361960 0.078042 0.255462 0.075858
1 0.039106 0.361129 0.078237 0.254011 0.075858
1 0.124829 0.359905 0.112833 0.126774 0.924142
1 0.124824 0.359898 0.112154 0.123191 0.924142
1 0.125715 0.359909 0.110398 0.126784 0.880797
1 0.347349 0.334303 0.041668 0.059647 0.500000
1 0.347277 0.334773 0.041502 0.057947 0.500000
1 0.346516 0.334143 0.043047 0.059225 0.500000
1 0.347965 0.334073 0.042771 0.059942 0.004070
1 0.039038 0.361530 0.078088 0.260902 0.268941
1 0.038179 0.361515 0.079511 0.259110 0.268941
1 0.038971 0.361175 0.077985 0.258843 0.377541
1 0.124647 0.359902 0.112485 0.123188 0.880797
1 0.125179 0.358994 0.112151 0.125007 0.924142
1 0.125128 0.358994 0.110463 0.125032 0.924142
1 0.347187 0.334736 0.041348 0.061089 0.006693
1 0.346588 0.334251 0.043168 0.061934 0.029312
1 0.346312 0.334708 0.042669 0.061037 0.004070
1 0.039004 0.361588 0.078005 0.259184 0.377541
1 0.038261 0.362750 0.076589 0.259623 0.500000
1 0.038960 0.362701 0.077950 0.259733 0.500000
1 0.124706 0.359924 0.113079 0.123138 0.880797
1 0.124891 0.359904 0.112284 0.123164 0.924142
1 0.125426 0.359905 0.109873 0.123174 0.880797
1 0.038932 0.361695 0.077944 0.257785 0.047426
2 0.371641 0.314956 0.052362 0.069501 0.001501
2 0.036812 0.357917 0.073667 0.247215 0.001501
2 0.347738 0.331902 0.042360 0.062878 0.001501
2 0.357777 0.325637 0.058722 0.073381 0.010987
2 0.370530 0.311431 0.055971 0.055975 0.047426
2 0.369783 0.305527 0.054457 0.045953 0.029312
2 0.372322 0.304883 0.049613 0.044519 0.010987
2 0.038370 0.359621 0.076796 0.251448 0.377541
2 0.348214 0.332601 0.043213 0.060133 0.006693
2 0.366326 0.313641 0.057041 0.049952 0.017986
2 0.376008 0.311908 0.042443 0.050199 0.001501
2 0.038385 0.364860 0.076796 0.258197 0.622459
2 0.038987 0.361960 0.078042 0.255462 0.731059
2 0.039106 0.361129 0.078237 0.254011 0.622459
2 0.347277 0.334773 0.041502 0.057947 0.002473
2 0.346516 0.334143 0.043047 0.059225 0.002473
2 0.347965 0.334073 0.042771 0.059942 0.001501
2 0.039038 0.361530 0.078088 0.260902 0.182426
2 0.038179 0.361515 0.079511 0.259110 0.377541
2 0.038971 0.361175 0.077985 0.258843 0.377541
2 0.039004 0.361588 0.078005 0.259184 0.002473
2 0.038261 0.362750 0.076589 0.259623 0.010987
2 0.038960 0.362701 0.077950 0.259733 0.029312
2 0.037887 0.345690 0.081207 0.289958 0.003173
2 0.038119 0.361595 0.080189 0.252835 0.029312
2 0.038112 0.363802 0.080284 0.256903 0.008577
3 0.347738 0.331902 0.042360 0.062878 0.001501
3 0.346585 0.334123 0.043184 0.059225 0.119203
3 0.346312 0.334167 0.042627 0.059315 0.268941
3 0.347008 0.333856 0.040980 0.058764 0.268941
3 0.348214 0.332601 0.043213 0.060133 0.017986
3 0.038385 0.364860 0.076796 0.258197 0.004070
3 0.038987 0.361960 0.078042 0.255462 0.002473
3 0.039106 0.361129 0.078237 0.254011 0.004070
3 0.347349 0.334303 0.041668 0.059647 0.119203
3 0.347277 0.334773 0.041502 0.057947 0.182426
3 0.346516 0.334143 0.043047 0.059225 0.182426
3 0.347965 0.334073 0.042771 0.059942 0.029312
3 0.039038 0.361530 0.078088 0.260902 0.004070
3 0.038179 0.361515 0.079511 0.259110 0.004070
3 0.038971 0.361175 0.077985 0.258843 0.010987
3 0.347187 0.334736 0.041348 0.061089 0.006693
3 0.346588 0.334251 0.043168 0.061934 0.029312
3 0.346312 0.334708 0.042669 0.061037 0.006693
3 0.038960 0.362701 0.077950 0.259733 0.002473
4 0.939559 0.397695 0.043347 0.094968 0.001501
4 0.943970 0.396127 0.058554 0.104746 0.001501
4 0.922461 0.396385 0.028368 0.088307 0.002473
5 0.922473 0.393855 0.028203 0.087174 0.001501
5 0.922850 0.394168 0.030558 0.086761 0.006693
5 0.923120 0.395642 0.029508 0.089311 0.002473
