1 0.011588 0.331054 0.023670 0.063885 0.004070
1 0.012591 0.331081 0.024960 0.066898 0.004070
1 0.200029 0.336644 0.125093 0.136792 0.880797
1 0.200763 0.336637 0.126578 0.136801 0.029312
1 0.247372 0.308479 0.027999 0.020504 0.006693
1 0.264648 0.316442 0.052640 0.040029 0.004070
1 0.295206 0.330849 0.090745 0.078418 0.880797
1 0.295749 0.330878 0.091596 0.078461 0.880797
1 0.295783 0.329824 0.091794 0.076372 0.817575
1 0.358500 0.320965 0.070524 0.041016 0.017986
1 0.359654 0.320715 0.072380 0.038520 0.182426
1 0.360476 0.320842 0.070984 0.038278 0.268941
1 0.360965 0.321378 0.071951 0.039820 0.268941
1 0.361885 0.320525 0.070616 0.038888 0.182426
1 0.404723 0.316344 0.055097 0.034075 0.001501
1 0.413182 0.314720 0.045748 0.027650 0.001501
1 0.591524 0.325094 0.045717 0.048116 0.001501
1 0.592171 0.324928 0.047576 0.047733 0.001501
1 0.610652 0.325141 0.060915 0.051298 0.004070
1 0.617643 0.328556 0.060113 0.060672 0.001501
1 0.689580 0.335723 0.095979 0.078541 0.880797
1 0.781485 0.317338 0.072978 0.056652 0.004070
1 0.794629 0.318134 0.091650 0.053051 0.004070
1 0.800103 0.316894 0.087461 0.050567 0.010987
1 0.803457 0.316232 0.085407 0.054422 0.006693
1 0.805780 0.304119 0.075140 0.030474 0.001501
1 0.012510 0.335721 0.025052 0.056272 0.817575
1 0.013269 0.334824 0.026540 0.058015 0.817575
1 0.093806 0.346489 0.140659 0.218518 0.924142
1 0.095293 0.345322 0.137539 0.216188 0.880797
1 0.094544 0.346486 0.139109 0.218406 0.880797
1 0.200005 0.335933 0.121969 0.139882 0.924142
1 0.199997 0.336946 0.125023 0.137382 0.924142
1 0.200761 0.335810 0.126556 0.139654 0.924142
1 0.250164 0.321636 0.034135 0.050591 0.006693
1 0.295765 0.329346 0.091666 0.075385 0.880797
1 0.295731 0.329350 0.091574 0.075376 0.880797
1 0.295024 0.330003 0.093155 0.076682 0.880797
1 0.360054 0.321726 0.073272 0.039388 0.500000
1 0.360485 0.321756 0.070870 0.039072 0.817575
1 0.359680 0.321681 0.072564 0.039204 0.817575
1 0.360533 0.321565 0.070746 0.039445 0.880797
1 0.361039 0.321600 0.072053 0.039374 0.817575
1 0.411027 0.317599 0.047575 0.026398 0.500000
1 0.410981 0.318935 0.047078 0.028815 0.817575
1 0.410869 0.318304 0.046896 0.024987 0.731059
1 0.412718 0.317642 0.046523 0.026322 0.622459
1 0.499939 0.320495 0.013126 0.016121 0.006693
1 0.505982 0.319602 0.021794 0.014267 0.075858
1 0.507972 0.318294 0.024769 0.016988 0.004070
1 0.533292 0.320349 0.019734 0.020895 0.500000
1 0.553375 0.324065 0.034967 0.028274 0.817575
1 0.553329 0.324949 0.034809 0.030072 0.880797
1 0.553874 0.324166 0.036682 0.028515 0.377541
1 0.589482 0.327591 0.042241 0.043530 0.731059
1 0.589668 0.327543 0.042336 0.043615 0.731059
1 0.621362 0.332399 0.060955 0.053210 0.817575
1 0.621576 0.332654 0.060010 0.056286 0.924142
1 0.620241 0.331750 0.059639 0.054479 0.880797
1 0.621024 0.333317 0.061118 0.054942 0.880797
1 0.690281 0.337022 0.097585 0.081092 0.924142
1 0.689521 0.336653 0.096010 0.076729 0.880797
1 0.690687 0.335760 0.096761 0.078558 0.880797
1 0.777232 0.320107 0.065510 0.051649 0.001501
1 0.793315 0.319411 0.092928 0.055835 0.001501
1 0.796399 0.317662 0.091889 0.057267 0.004070
1 0.802387 0.318790 0.089754 0.054390 0.001501
1 0.013271 0.335662 0.026561 0.056387 0.817575
1 0.014041 0.335725 0.025007 0.056268 0.817575
1 0.094552 0.345356 0.139094 0.216249 0.924142
1 0.094530 0.345827 0.136000 0.215207 0.924142
1 0.094533 0.345821 0.139078 0.219446 0.924142
1 0.200009 0.335920 0.125017 0.139896 0.880797
1 0.199216 0.335814 0.126580 0.139646 0.924142
1 0.199964 0.335740 0.125132 0.139501 0.880797
1 0.295696 0.331295 0.091803 0.074160 0.817575
1 0.295015 0.330025 0.093006 0.076722 0.880797
1 0.296099 0.330641 0.092421 0.072870 0.924142
1 0.587835 0.329612 0.039724 0.044296 0.075858
1 0.588763 0.327510 0.040803 0.043716 0.817575
1 0.590315 0.328712 0.043915 0.045817 0.817575
1 0.620897 0.332653 0.058607 0.056344 0.731059
1 0.620814 0.333301 0.058463 0.055000 0.880797
1 0.620200 0.332652 0.059553 0.056275 0.880797
1 0.621539 0.332656 0.060055 0.056287 0.817575
1 0.689522 0.335750 0.096057 0.078522 0.880797
1 0.688974 0.336651 0.097087 0.076720 0.880797
1 0.689527 0.337925 0.096021 0.079278 0.880797
1 0.821991 0.365728 0.118968 0.125602 0.880797
1 0.821878 0.365728 0.118749 0.124414 0.880797
1 0.821862 0.365906 0.118784 0.124774 0.880797
1 0.885548 0.350659 0.021711 0.025404 0.002473
1 0.934082 0.385295 0.093111 0.182377 0.880797
1 0.012504 0.336225 0.025026 0.057716 0.075858
1 0.012545 0.336183 0.024968 0.057615 0.047426
1 0.094535 0.344933 0.139073 0.217163 0.924142
1 0.094523 0.346071 0.139055 0.219452 0.924142
1 0.094513 0.345139 0.139066 0.221295 0.880797
1 0.200680 0.335754 0.123690 0.139481 0.500000
1 0.199962 0.336880 0.125076 0.137226 0.952574
1 0.200416 0.336868 0.127296 0.137252 0.952574
1 0.294897 0.330020 0.093298 0.076740 0.880797
1 0.689528 0.334625 0.096032 0.080821 0.880797
1 0.690292 0.335745 0.097514 0.078552 0.880797
1 0.689572 0.335903 0.095929 0.083357 0.880797
1 0.821946 0.365727 0.118891 0.124411 0.924142
1 0.822641 0.365682 0.117222 0.125509 0.880797
1 0.821919 0.365932 0.118840 0.125011 0.924142
1 0.934873 0.384031 0.091706 0.184812 0.880797
1 0.934139 0.384077 0.093251 0.184965 0.880797
1 0.934930 0.385218 0.091802 0.182606 0.817575
1 0.093764 0.348496 0.137521 0.219649 0.880797
1 0.822059 0.366138 0.119118 0.123414 0.924142
1 0.821873 0.365730 0.118755 0.124408 0.952574
1 0.821918 0.365689 0.118841 0.124319 0.924142
1 0.934965 0.385407 0.091876 0.182340 0.880797
1 0.934886 0.385437 0.091692 0.182308 0.880797
1 0.933736 0.384302 0.092483 0.180038 0.880797
1 0.821898 0.366231 0.118713 0.123559 0.924142
1 0.935156 0.385436 0.092263 0.182180 0.880797
1 0.934392 0.385478 0.093773 0.182095 0.817575
1 0.934150 0.385475 0.093310 0.182010 0.880797
2 0.264648 0.316442 0.052640 0.040029 0.001501
2 0.610652 0.325141 0.060915 0.051298 0.001501
2 0.800103 0.316894 0.087461 0.050567 0.002473
2 0.803457 0.316232 0.085407 0.054422 0.010987
2 0.802333 0.309061 0.078255 0.044717 0.010987
2 0.805780 0.304119 0.075140 0.030474 0.004070
2 0.796399 0.317662 0.091889 0.057267 0.004070
2 0.802387 0.318790 0.089754 0.054390 0.006693
3 0.978909 0.322188 0.042513 0.090710 0.002473
3 0.979010 0.324899 0.042043 0.096882 0.002473
3 0.979215 0.320466 0.041670 0.089418 0.002473
3 0.591524 0.325094 0.045717 0.048116 0.002473
3 0.592171 0.324928 0.047576 0.047733 0.004070
3 0.610652 0.325141 0.060915 0.051298 0.006693
3 0.617643 0.328556 0.060113 0.060672 0.004070
3 0.781485 0.317338 0.072978 0.056652 0.029312
3 0.794629 0.318134 0.091650 0.053051 0.075858
3 0.800103 0.316894 0.087461 0.050567 0.119203
3 0.803457 0.316232 0.085407 0.054422 0.119203
3 0.802333 0.309061 0.078255 0.044717 0.047426
3 0.805780 0.304119 0.075140 0.030474 0.017986
3 0.852349 0.311012 0.056974 0.039589 0.001501
3 0.977839 0.330187 0.044903 0.100624 0.001501
3 0.978430 0.335352 0.043333 0.115805 0.002473
3 0.978496 0.332484 0.043143 0.111693 0.002473
3 0.505982 0.319602 0.021794 0.014267 0.004070
3 0.533292 0.320349 0.019734 0.020895 0.010987
3 0.589482 0.327591 0.042241 0.043530 0.001501
3 0.777232 0.320107 0.065510 0.051649 0.004070
3 0.793315 0.319411 0.092928 0.055835 0.017986
3 0.796399 0.317662 0.091889 0.057267 0.119203
3 0.802387 0.318790 0.089754 0.054390 0.047426
3 0.976853 0.336919 0.050232 0.113685 0.001501
3 0.977559 0.338489 0.045230 0.117976 0.002473
3 0.977444 0.338993 0.042663 0.120245 0.002473
3 0.588763 0.327510 0.040803 0.043716 0.001501
3 0.590315 0.328712 0.043915 0.045817 0.002473
3 0.788153 0.319150 0.071194 0.061913 0.004070
3 0.975374 0.350562 0.049632 0.142765 0.001501
5 0.781485 0.317338 0.072978 0.056652 0.001501
5 0.759469 0.323686 0.036127 0.044156 0.001501
5 0.777232 0.320107 0.065510 0.051649 0.001501
