0 0.328485 0.322343 0.010092 0.056348 0.006693
0 0.324783 0.326184 0.015147 0.056122 0.002473
0 0.329753 0.326281 0.009728 0.055624 0.006693
0 0.695001 0.343712 0.007069 0.057724 0.006693
0 0.703541 0.345516 0.008419 0.056874 0.001501
0 0.192491 0.333341 0.007169 0.046887 0.001501
0 0.328252 0.325804 0.012759 0.056924 0.006693
0 0.693799 0.347748 0.009558 0.054865 0.004070
0 0.694626 0.349184 0.011212 0.052656 0.004070
0 0.704374 0.355579 0.010549 0.045511 0.002473
0 0.919377 0.399517 0.011311 0.082436 0.002473
0 0.696743 0.358810 0.015570 0.070027 0.002473
0 0.701600 0.361611 0.018847 0.064415 0.002473
0 0.920265 0.407959 0.012598 0.073134 0.002473
0 0.919475 0.408363 0.011106 0.072634 0.006693
0 0.916749 0.408751 0.016596 0.073932 0.002473
1 0.016022 0.337067 0.032097 0.064919 0.017986
1 0.019172 0.339812 0.028641 0.060631 0.119203
1 0.020107 0.339799 0.026887 0.060757 0.119203
1 0.057316 0.338379 0.029560 0.067959 0.006693
1 0.058145 0.339053 0.030882 0.066710 0.006693
1 0.117208 0.339764 0.037513 0.054557 0.880797
1 0.116530 0.341004 0.038865 0.051980 0.924142
1 0.116511 0.341645 0.038972 0.053268 0.880797
1 0.255095 0.328508 0.050685 0.041673 0.731059
1 0.255133 0.327609 0.050611 0.043497 0.880797
1 0.255119 0.329647 0.050641 0.043956 0.924142
1 0.255097 0.328515 0.050584 0.041705 0.880797
1 0.255934 0.328412 0.051099 0.041921 0.017986
1 0.004826 0.348250 0.009706 0.048579 0.268941
1 0.020696 0.344172 0.025539 0.052092 0.500000
1 0.020898 0.344831 0.025281 0.055307 0.500000
1 0.057430 0.338646 0.032054 0.067645 0.001501
1 0.058583 0.338974 0.029809 0.066978 0.017986
1 0.058443 0.337833 0.030267 0.064729 0.017986
1 0.080463 0.353210 0.014131 0.030297 0.500000
1 0.117210 0.342833 0.037530 0.051102 0.924142
1 0.115848 0.342184 0.037520 0.049765 0.924142
1 0.115822 0.341038 0.037615 0.052082 0.880797
1 0.255094 0.330752 0.049594 0.041755 0.731059
1 0.255386 0.329629 0.050101 0.043987 0.880797
1 0.255134 0.329648 0.050608 0.043950 0.880797
1 0.254841 0.329644 0.050012 0.043970 0.817575
1 0.255983 0.328519 0.051275 0.041842 0.006693
1 0.004799 0.347424 0.009665 0.045608 0.268941
1 0.021376 0.346189 0.024241 0.052578 0.622459
1 0.021513 0.344246 0.026228 0.051950 0.622459
1 0.057399 0.339339 0.031938 0.066316 0.006693
1 0.057905 0.339674 0.028396 0.065577 0.017986
1 0.058451 0.339013 0.030246 0.066914 0.029312
1 0.080427 0.354054 0.014204 0.028695 0.622459
1 0.115855 0.342861 0.037530 0.051067 0.880797
1 0.115838 0.341723 0.037519 0.053336 0.880797
1 0.115831 0.341073 0.037582 0.052027 0.817575
2 0.014229 0.305943 0.028731 0.133510 0.002473
2 0.016419 0.333473 0.032876 0.067008 0.075858
2 0.016766 0.336100 0.033338 0.071880 0.119203
2 0.019527 0.335046 0.032230 0.074545 0.017986
2 0.055784 0.335334 0.035408 0.068662 0.006693
2 0.056163 0.335717 0.031751 0.068540 0.004070
2 0.056928 0.335708 0.030710 0.068558 0.002473
2 0.016022 0.337067 0.032097 0.064919 0.182426
2 0.019172 0.339812 0.028641 0.060631 0.017986
2 0.020107 0.339799 0.026887 0.060757 0.029312
2 0.057416 0.338324 0.032124 0.068050 0.268941
2 0.057316 0.338379 0.029560 0.067959 0.500000
2 0.058145 0.339053 0.030882 0.066710 0.377541
2 0.004826 0.348250 0.009706 0.048579 0.001501
2 0.020696 0.344172 0.025539 0.052092 0.006693
2 0.020898 0.344831 0.025281 0.055307 0.004070
2 0.057430 0.338646 0.032054 0.067645 0.268941
2 0.058583 0.338974 0.029809 0.066978 0.500000
2 0.058443 0.337833 0.030267 0.064729 0.182426
2 0.004799 0.347424 0.009665 0.045608 0.001501
2 0.021376 0.346189 0.024241 0.052578 0.006693
2 0.021513 0.344246 0.026228 0.051950 0.006693
2 0.057399 0.339339 0.031938 0.066316 0.029312
2 0.057905 0.339674 0.028396 0.065577 0.119203
2 0.058451 0.339013 0.030246 0.066914 0.075858
2 0.080427 0.354054 0.014204 0.028695 0.004070
3 0.016766 0.336100 0.033338 0.071880 0.001501
3 0.019527 0.335046 0.032230 0.074545 0.001501
3 0.016022 0.337067 0.032097 0.064919 0.004070
3 0.019172 0.339812 0.028641 0.060631 0.010987
3 0.020107 0.339799 0.026887 0.060757 0.010987
3 0.057416 0.338324 0.032124 0.068050 0.006693
3 0.057316 0.338379 0.029560 0.067959 0.047426
3 0.058145 0.339053 0.030882 0.066710 0.029312
3 0.004826 0.348250 0.009706 0.048579 0.006693
3 0.020696 0.344172 0.025539 0.052092 0.029312
3 0.020898 0.344831 0.025281 0.055307 0.017986
3 0.057430 0.338646 0.032054 0.067645 0.075858
3 0.058583 0.338974 0.029809 0.066978 0.182426
3 0.058443 0.337833 0.030267 0.064729 0.182426
3 0.080463 0.353210 0.014131 0.030297 0.004070
3 0.004799 0.347424 0.009665 0.045608 0.010987
3 0.021376 0.346189 0.024241 0.052578 0.075858
3 0.021513 0.344246 0.026228 0.051950 0.029312
3 0.057399 0.339339 0.031938 0.066316 0.075858
3 0.057905 0.339674 0.028396 0.065577 0.182426
3 0.058451 0.339013 0.030246 0.066914 0.268941
3 0.080427 0.354054 0.014204 0.028695 0.017986
3 0.115831 0.341073 0.037582 0.052027 0.001501
5 0.912245 0.405413 0.025609 0.075282 0.001501
5 0.910118 0.407913 0.030207 0.077071 0.010987
5 0.909305 0.408611 0.035861 0.068957 0.004070
5 0.909021 0.409834 0.029095 0.072240 0.010987
5 0.916749 0.408751 0.016596 0.073932 0.001501
