0 0.905331 0.333132 0.018489 0.152033 0.002473
0 0.717317 0.328645 0.015597 0.102755 0.017986
0 0.906218 0.341165 0.018512 0.151288 0.500000
0 0.583606 0.323560 0.011629 0.051290 0.004070
0 0.648422 0.332494 0.011285 0.064097 0.017986
0 0.651120 0.331799 0.011492 0.067221 0.001501
0 0.708841 0.334097 0.046986 0.071763 0.002473
0 0.717379 0.331432 0.034736 0.081262 0.017986
0 0.717138 0.331632 0.015833 0.091633 0.268941
0 0.905268 0.346064 0.020344 0.164935 0.500000
0 0.324882 0.332701 0.017050 0.063465 0.001501
0 0.331972 0.330284 0.008328 0.052715 0.010987
0 0.342763 0.327527 0.009242 0.046772 0.004070
0 0.582711 0.330575 0.009673 0.042140 0.029312
0 0.647578 0.335164 0.010643 0.058851 0.377541
0 0.649807 0.334917 0.013347 0.059339 0.006693
0 0.698232 0.336768 0.041130 0.059480 0.006693
0 0.697649 0.338907 0.010855 0.066819 0.182426
0 0.715625 0.333143 0.030037 0.075740 0.029312
0 0.716071 0.333127 0.018074 0.093625 0.268941
0 0.903516 0.346616 0.021483 0.164078 0.047426
0 0.904578 0.345923 0.018966 0.165409 0.622459
0 0.582702 0.333654 0.009634 0.036069 0.029312
0 0.647582 0.335196 0.010652 0.059293 0.500000
0 0.649806 0.333910 0.013646 0.059549 0.010987
0 0.694281 0.337472 0.039656 0.061398 0.006693
0 0.696907 0.339616 0.009325 0.070816 0.268941
0 0.714271 0.336243 0.022586 0.087817 0.029312
0 0.715572 0.338954 0.018891 0.104198 0.268941
0 0.903516 0.349851 0.021451 0.163840 0.119203
0 0.904257 0.346307 0.019586 0.165339 0.622459
0 0.648123 0.335557 0.011731 0.060044 0.047426
0 0.685558 0.338496 0.011617 0.063465 0.047426
0 0.696415 0.339302 0.007228 0.071475 0.268941
0 0.714490 0.339657 0.021140 0.109592 0.119203
0 0.715613 0.341181 0.018779 0.119870 0.500000
0 0.903471 0.347043 0.021371 0.164331 0.075858
0 0.904537 0.345811 0.019057 0.166293 0.731059
0 0.714524 0.342547 0.021154 0.117796 0.119203
0 0.715443 0.341807 0.019147 0.118334 0.377541
0 0.903468 0.345887 0.021367 0.166708 0.047426
0 0.903542 0.344712 0.018156 0.166750 0.622459
0 0.713127 0.346651 0.024190 0.128110 0.001501
0 0.714783 0.345023 0.021543 0.128126 0.004070
0 0.903223 0.345980 0.022013 0.166942 0.006693
0 0.904309 0.347921 0.019708 0.162798 0.622459
0 0.904166 0.350347 0.020457 0.158497 0.119203
1 0.714549 0.328665 0.085546 0.064838 0.029312
1 0.717022 0.328717 0.080715 0.061665 0.004070
1 0.377463 0.325997 0.051379 0.046423 0.001501
1 0.379547 0.326300 0.047966 0.046135 0.004070
1 0.380694 0.326191 0.049430 0.046449 0.002473
1 0.450700 0.328177 0.027866 0.026571 0.001501
1 0.516279 0.293914 0.067627 0.137616 0.001501
1 0.554031 0.326616 0.011184 0.018655 0.017986
1 0.698232 0.336768 0.041130 0.059480 0.001501
1 0.715625 0.333143 0.030037 0.075740 0.010987
1 0.712733 0.333228 0.082085 0.051929 0.377541
1 0.717494 0.332119 0.077929 0.054153 0.119203
1 0.763580 0.339060 0.035395 0.039921 0.731059
1 0.763371 0.339050 0.035111 0.039903 0.731059
1 0.763777 0.339965 0.038298 0.041738 0.075858
1 0.776349 0.339255 0.048391 0.040555 0.017986
1 0.380840 0.326655 0.051237 0.045465 0.001501
1 0.381271 0.326218 0.050841 0.046391 0.001501
1 0.382483 0.327176 0.052466 0.049027 0.001501
1 0.386969 0.327094 0.048719 0.041378 0.002473
1 0.531505 0.339915 0.031258 0.048810 0.010987
1 0.690867 0.335407 0.048873 0.052169 0.002473
1 0.694281 0.337472 0.039656 0.061398 0.004070
1 0.714271 0.336243 0.022586 0.087817 0.002473
1 0.715689 0.334706 0.071699 0.052323 0.268941
1 0.719265 0.333864 0.074594 0.054065 0.182426
1 0.762908 0.339062 0.035636 0.039898 0.817575
1 0.763100 0.339966 0.034555 0.041658 0.731059
1 0.764257 0.339097 0.038781 0.039912 0.119203
1 0.786238 0.341917 0.034577 0.035178 0.017986
1 0.793692 0.344674 0.029832 0.034451 0.004070
1 0.525207 0.341910 0.041447 0.047460 0.002473
2 0.516865 0.295960 0.072436 0.139191 0.880797
2 0.516866 0.296073 0.072440 0.139446 0.817575
2 0.515241 0.297195 0.069823 0.141673 0.731059
2 0.234435 0.276237 0.117947 0.032496 0.001501
2 0.516860 0.294456 0.072466 0.136487 0.817575
2 0.516834 0.293561 0.072337 0.139035 0.817575
2 0.515094 0.293571 0.069981 0.139014 0.731059
2 0.370210 0.322426 0.043714 0.048607 0.002473
2 0.379141 0.325142 0.047872 0.048148 0.006693
2 0.380867 0.324757 0.051308 0.048596 0.004070
2 0.517091 0.292937 0.071839 0.137593 0.731059
2 0.516259 0.294742 0.070912 0.136647 0.817575
2 0.515053 0.293544 0.069985 0.139013 0.731059
2 0.377463 0.325997 0.051379 0.046423 0.002473
2 0.379547 0.326300 0.047966 0.046135 0.006693
2 0.380694 0.326191 0.049430 0.046449 0.004070
2 0.382026 0.325997 0.051493 0.046933 0.006693
2 0.388186 0.324392 0.045964 0.042878 0.004070
2 0.516279 0.293914 0.067627 0.137616 0.731059
2 0.554031 0.326616 0.011184 0.018655 0.010987
2 0.380840 0.326655 0.051237 0.045465 0.006693
2 0.381271 0.326218 0.050841 0.046391 0.006693
2 0.382483 0.327176 0.052466 0.049027 0.004070
3 0.702807 0.320518 0.083684 0.102550 0.001501
3 0.705061 0.319329 0.096052 0.099924 0.002473
3 0.717478 0.317842 0.090102 0.083277 0.002473
3 0.702001 0.332041 0.061906 0.067882 0.017986
3 0.708841 0.334097 0.046986 0.071763 0.002473
3 0.714549 0.328665 0.085546 0.064838 0.029312
3 0.717022 0.328717 0.080715 0.061665 0.029312
3 0.379547 0.326300 0.047966 0.046135 0.002473
3 0.554031 0.326616 0.011184 0.018655 0.004070
3 0.694184 0.334822 0.055655 0.057622 0.006693
3 0.698232 0.336768 0.041130 0.059480 0.047426
3 0.715625 0.333143 0.030037 0.075740 0.001501
3 0.712733 0.333228 0.082085 0.051929 0.075858
3 0.717494 0.332119 0.077929 0.054153 0.075858
3 0.380840 0.326655 0.051237 0.045465 0.001501
3 0.381271 0.326218 0.050841 0.046391 0.001501
3 0.690867 0.335407 0.048873 0.052169 0.010987
3 0.694281 0.337472 0.039656 0.061398 0.047426
3 0.715689 0.334706 0.071699 0.052323 0.017986
3 0.719265 0.333864 0.074594 0.054065 0.017986
4 0.647582 0.335196 0.010652 0.059293 0.004070
4 0.791956 0.353039 0.025500 0.058142 0.001501
5 0.582711 0.330575 0.009673 0.042140 0.002473
5 0.647578 0.335164 0.010643 0.058851 0.002473
5 0.582702 0.333654 0.009634 0.036069 0.004070
5 0.647582 0.335196 0.010652 0.059293 0.002473
5 0.791956 0.353039 0.025500 0.058142 0.001501
5 0.781637 0.358854 0.019959 0.071580 0.002473
5 0.791083 0.358126 0.022984 0.066975 0.001501
