0 0.976319 0.236625 0.019617 0.124525 0.001501
0 0.975739 0.255237 0.023823 0.158647 0.002473
0 0.975780 0.253832 0.023537 0.155852 0.004070
0 0.975742 0.253810 0.023675 0.154882 0.029312
0 0.975801 0.251887 0.023560 0.151652 0.047426
0 0.975005 0.284260 0.025210 0.216096 0.006693
0 0.975789 0.267834 0.023581 0.183733 0.006693
0 0.974933 0.296528 0.025354 0.242858 0.001501
0 0.976553 0.288312 0.025156 0.226415 0.001501
0 0.975605 0.298218 0.027093 0.248888 0.006693
0 0.974935 0.300477 0.028850 0.257334 0.010987
0 0.974349 0.326677 0.045539 0.305697 0.817575
0 0.974940 0.325854 0.046928 0.307740 0.731059
0 0.040412 0.371681 0.009771 0.063939 0.001501
0 0.975012 0.325108 0.046864 0.302555 0.817575
0 0.974971 0.325103 0.046946 0.302545 0.731059
0 0.974271 0.329102 0.048444 0.314041 0.622459
0 0.974925 0.325350 0.046877 0.300044 0.002473
0 0.975774 0.325279 0.048380 0.300719 0.731059
0 0.974202 0.326016 0.048515 0.302156 0.817575
0 0.975104 0.331138 0.049817 0.318047 0.622459
0 0.976434 0.325333 0.047194 0.293929 0.731059
0 0.974985 0.327985 0.050029 0.303719 0.731059
0 0.985392 0.338033 0.029588 0.340276 0.004070
1 0.005523 0.340791 0.011203 0.055284 0.001501
1 0.878312 0.337985 0.018489 0.046551 0.001501
1 0.878244 0.344187 0.018548 0.036418 0.004070
1 0.004273 0.429391 0.008596 0.162886 0.001501
1 0.004810 0.476966 0.009714 0.071024 0.004070
1 0.005564 0.490158 0.008277 0.048951 0.004070
2 0.327987 0.343628 0.043025 0.026240 0.001501
2 0.333279 0.341375 0.045003 0.030714 0.001501
2 0.597914 0.324339 0.468279 0.634821 0.006693
2 0.610388 0.325783 0.472733 0.639052 0.006693
2 0.606957 0.324257 0.464023 0.646553 0.006693
2 0.593870 0.321075 0.444519 0.613753 0.029312
2 0.596568 0.324770 0.465401 0.606556 0.060087
2 0.610006 0.328798 0.477650 0.603400 0.010987
2 0.606417 0.329873 0.464526 0.601172 0.003173
2 0.595414 0.324829 0.461353 0.605977 0.017986
2 0.610919 0.329006 0.481946 0.602710 0.003173
3 0.849721 0.329750 0.033305 0.048883 0.002473
3 0.851848 0.334256 0.030699 0.039905 0.001501
3 0.610388 0.325783 0.472733 0.639052 0.002473
3 0.606957 0.324257 0.464023 0.646553 0.004070
3 0.593870 0.321075 0.444519 0.613753 0.001170
3 0.596568 0.324770 0.465401 0.606556 0.004070
3 0.610006 0.328798 0.477650 0.603400 0.004070
3 0.606417 0.329873 0.464526 0.601172 0.005220
3 0.595414 0.324829 0.461353 0.605977 0.003173
3 0.610919 0.329006 0.481946 0.602710 0.003173
3 0.605068 0.330287 0.467318 0.595147 0.002473
4 0.392816 0.344507 0.019072 0.048299 0.001501
4 0.006376 0.396656 0.012804 0.143870 0.001501
4 0.005604 0.404283 0.011317 0.142637 0.004070
4 0.025899 0.380687 0.034237 0.068064 0.002473
4 0.006286 0.412490 0.012638 0.155262 0.006693
4 0.022560 0.397638 0.039805 0.113490 0.001501
4 0.004819 0.417266 0.009705 0.164854 0.004070
4 0.005488 0.423462 0.011041 0.169731 0.002473
5 0.908527 0.361844 0.020601 0.078220 0.001501
5 0.005488 0.423462 0.011041 0.169731 0.001501
