0 0.793040 0.337616 0.017169 0.120546 0.029312
0 0.240127 0.328052 0.014007 0.072978 0.004070
0 0.331296 0.322125 0.012856 0.064340 0.001501
0 0.372236 0.321968 0.008898 0.047617 0.004070
0 0.377244 0.322732 0.011097 0.049290 0.001501
0 0.790721 0.341666 0.022099 0.118862 0.006693
0 0.792797 0.342717 0.020223 0.121925 0.268941
0 0.795560 0.336869 0.023395 0.111786 0.001501
0 0.235532 0.338601 0.013252 0.053310 0.002473
0 0.242967 0.334612 0.011324 0.059297 0.004070
0 0.252753 0.337648 0.011587 0.051503 0.010987
0 0.282018 0.337366 0.010997 0.049758 0.377541
0 0.325791 0.331766 0.017205 0.050358 0.001501
0 0.329669 0.330373 0.012678 0.047699 0.006693
0 0.340545 0.325351 0.011060 0.051725 0.002473
0 0.372232 0.325846 0.008873 0.046477 0.010987
0 0.376568 0.327233 0.011267 0.046190 0.006693
0 0.597761 0.324348 0.012658 0.024547 0.001501
0 0.790995 0.341838 0.021500 0.121202 0.010987
0 0.793181 0.342563 0.019479 0.121462 0.268941
0 0.795141 0.340293 0.024274 0.119702 0.001501
0 0.234793 0.342631 0.011691 0.045273 0.002473
0 0.243761 0.335673 0.016290 0.058040 0.002473
0 0.253445 0.340239 0.010225 0.047569 0.010987
0 0.282024 0.337344 0.011009 0.049738 0.268941
0 0.327949 0.336241 0.016255 0.041084 0.002473
0 0.373347 0.330085 0.012258 0.055968 0.010987
0 0.376748 0.331267 0.012043 0.055292 0.006693
0 0.520228 0.333144 0.009703 0.036973 0.001501
0 0.791015 0.342565 0.021494 0.122786 0.006693
0 0.792527 0.343258 0.018174 0.122913 0.268941
0 0.796017 0.340942 0.023564 0.117322 0.001501
0 0.253393 0.342872 0.010322 0.045540 0.002473
0 0.282044 0.338912 0.014156 0.052828 0.006693
0 0.790726 0.342950 0.022085 0.123417 0.006693
0 0.792592 0.342130 0.018306 0.121794 0.268941
0 0.795986 0.341805 0.025333 0.118926 0.002473
0 0.789593 0.342629 0.021434 0.125560 0.004070
0 0.792200 0.342644 0.019097 0.122790 0.377541
0 0.796713 0.342668 0.024618 0.122046 0.001501
1 0.425811 0.320777 0.042121 0.053162 0.002473
1 0.425879 0.321290 0.042157 0.049646 0.004070
1 0.426663 0.320714 0.043703 0.053129 0.010987
1 0.425793 0.320826 0.042091 0.053289 0.001501
1 0.425888 0.320836 0.042112 0.053256 0.001501
1 0.426856 0.320854 0.042981 0.053327 0.010987
1 0.427449 0.321938 0.045209 0.051170 0.017986
1 0.480486 0.332431 0.035990 0.053133 0.880797
1 0.481245 0.333325 0.034444 0.051327 0.880797
1 0.480479 0.333331 0.035989 0.051329 0.880797
1 0.509715 0.330953 0.011512 0.021153 0.047426
1 0.520195 0.334287 0.009678 0.034678 0.029312
1 0.426825 0.322929 0.042813 0.052907 0.006693
1 0.426583 0.320901 0.043525 0.053370 0.010987
1 0.427597 0.323043 0.044982 0.053481 0.006693
1 0.481246 0.334215 0.034453 0.053161 0.880797
1 0.481244 0.332422 0.034436 0.053139 0.880797
1 0.480481 0.333327 0.035985 0.051337 0.817575
1 0.509425 0.333486 0.009372 0.023817 0.006693
1 0.520228 0.333144 0.009703 0.036973 0.075858
1 0.577271 0.337873 0.018063 0.038235 0.001501
2 0.552055 0.303732 0.070946 0.117178 0.817575
2 0.550729 0.303686 0.070489 0.117101 0.880797
2 0.552055 0.303042 0.070923 0.115747 0.817575
2 0.551282 0.303738 0.069371 0.117163 0.731059
2 0.425811 0.320777 0.042121 0.053162 0.731059
2 0.426147 0.320814 0.041640 0.053218 0.731059
2 0.425879 0.321290 0.042157 0.049646 0.817575
2 0.426663 0.320714 0.043703 0.053129 0.622459
2 0.551498 0.304159 0.072027 0.113512 0.880797
2 0.552057 0.302993 0.070939 0.115673 0.880797
2 0.551259 0.303025 0.069425 0.115786 0.731059
2 0.425793 0.320826 0.042091 0.053289 0.622459
2 0.425888 0.320836 0.042112 0.053256 0.731059
2 0.426856 0.320854 0.042981 0.053327 0.880797
2 0.427449 0.321938 0.045209 0.051170 0.500000
2 0.552016 0.303017 0.070899 0.115816 0.817575
2 0.551282 0.303004 0.069408 0.115730 0.731059
2 0.550579 0.302074 0.068073 0.117529 0.817575
2 0.426226 0.321803 0.042951 0.055185 0.004070
2 0.426825 0.322929 0.042813 0.052907 0.731059
2 0.426583 0.320901 0.043525 0.053370 0.731059
2 0.427597 0.323043 0.044982 0.053481 0.075858
3 0.426663 0.320714 0.043703 0.053129 0.004070
3 0.427449 0.321938 0.045209 0.051170 0.004070
3 0.480486 0.332431 0.035990 0.053133 0.001501
3 0.480479 0.333331 0.035989 0.051329 0.001501
3 0.509715 0.330953 0.011512 0.021153 0.001501
3 0.426583 0.320901 0.043525 0.053370 0.002473
3 0.427597 0.323043 0.044982 0.053481 0.004070
5 0.282024 0.337344 0.011009 0.049738 0.002473
5 0.327949 0.336241 0.016255 0.041084 0.001501
5 0.792592 0.342130 0.018306 0.121794 0.001501
5 0.789593 0.342629 0.021434 0.125560 0.001501
5 0.792200 0.342644 0.019097 0.122790 0.001501
