0 0.006274 0.328373 0.009505 0.069713 0.002473
0 0.280885 0.304472 0.015988 0.031335 0.006693
0 0.293306 0.306570 0.016515 0.020362 0.002473
0 0.358650 0.309439 0.007786 0.025974 0.047426
0 0.367113 0.309028 0.006290 0.025204 0.029312
0 0.436630 0.328057 0.088501 0.130495 0.002473
0 0.004814 0.328947 0.009660 0.069855 0.001501
0 0.169889 0.319118 0.011868 0.034483 0.001501
0 0.357880 0.311129 0.006255 0.028663 0.029312
0 0.367800 0.311377 0.004890 0.025461 0.004070
0 0.004809 0.329522 0.009650 0.075602 0.002473
0 0.957852 0.358754 0.019755 0.085672 0.002473
0 0.990014 0.357625 0.023463 0.131963 0.004070
0 0.990182 0.371505 0.019885 0.169692 0.004070
0 0.990139 0.379194 0.020142 0.151054 0.006693
0 0.990874 0.375913 0.021607 0.184949 0.002473
1 0.005835 0.313231 0.011815 0.103597 0.006693
1 0.006274 0.328373 0.009505 0.069713 0.622459
1 0.293306 0.306570 0.016515 0.020362 0.002473
1 0.358650 0.309439 0.007786 0.025974 0.004070
1 0.386730 0.309384 0.020422 0.022236 0.500000
1 0.386829 0.308470 0.020579 0.024072 0.268941
1 0.436630 0.328057 0.088501 0.130495 0.924142
1 0.436385 0.328066 0.088108 0.130437 0.924142
1 0.436417 0.328718 0.088044 0.129110 0.880797
1 0.477781 0.290124 0.027648 0.074050 0.006693
1 0.479109 0.290491 0.024747 0.069781 0.029312
1 0.493333 0.311980 0.007718 0.037409 0.001501
1 0.974259 0.333004 0.051546 0.083750 0.001501
1 0.004814 0.328947 0.009660 0.069855 0.500000
1 0.384944 0.310817 0.019910 0.025013 0.001501
1 0.386966 0.311963 0.020358 0.024823 0.002473
1 0.436606 0.328030 0.088545 0.130438 0.924142
1 0.436168 0.329320 0.089255 0.133009 0.952574
1 0.436173 0.329308 0.089137 0.132990 0.924142
1 0.471963 0.299314 0.024477 0.059912 0.006693
1 0.480285 0.309136 0.017526 0.032551 0.182426
1 0.736795 0.332111 0.023703 0.023498 0.004070
1 0.737620 0.331597 0.025232 0.022504 0.004070
1 0.769609 0.323753 0.040607 0.047528 0.001501
1 0.004814 0.329508 0.009658 0.070616 0.622459
1 0.436499 0.328686 0.088331 0.129202 0.880797
1 0.436546 0.328049 0.088497 0.130463 0.952574
1 0.436172 0.328049 0.089246 0.130463 0.924142
1 0.736756 0.334429 0.026702 0.021960 0.004070
1 0.737706 0.334378 0.025397 0.021978 0.006693
1 0.769457 0.329211 0.039439 0.040388 0.006693
1 0.790427 0.337932 0.027068 0.027439 0.001501
1 0.939737 0.353586 0.023746 0.022908 0.029312
1 0.939830 0.353689 0.023713 0.023148 0.047426
1 0.974875 0.332023 0.050322 0.080863 0.002473
1 0.974174 0.329645 0.051687 0.081174 0.001501
1 0.974414 0.329582 0.051205 0.081571 0.001501
1 0.004809 0.329522 0.009650 0.075602 0.119203
1 0.436383 0.328694 0.088114 0.129186 0.924142
1 0.436064 0.327992 0.088927 0.130593 0.001501
1 0.939004 0.354789 0.022280 0.022916 0.029312
1 0.940536 0.354743 0.022091 0.022866 0.047426
1 0.990014 0.357625 0.023463 0.131963 0.001501
1 0.990182 0.371505 0.019885 0.169692 0.006693
1 0.990139 0.379194 0.020142 0.151054 0.002473
2 0.476471 0.288105 0.027964 0.066642 0.731059
2 0.476447 0.287167 0.027923 0.069265 0.731059
2 0.479235 0.289197 0.032164 0.073727 0.002473
2 0.476498 0.287510 0.028023 0.070172 0.731059
2 0.476253 0.289594 0.030475 0.069640 0.731059
2 0.486269 0.292997 0.019711 0.065730 0.001501
2 0.386730 0.309384 0.020422 0.022236 0.047426
2 0.386829 0.308470 0.020579 0.024072 0.010987
2 0.477781 0.290124 0.027648 0.074050 0.500000
2 0.479109 0.290491 0.024747 0.069781 0.268941
2 0.774182 0.324843 0.027621 0.048717 0.004070
2 0.773521 0.324385 0.029156 0.049607 0.001501
2 0.975775 0.331953 0.051633 0.080815 0.731059
2 0.974205 0.331933 0.051631 0.080936 0.731059
2 0.974259 0.333004 0.051546 0.083750 0.731059
2 0.471963 0.299314 0.024477 0.059912 0.002473
2 0.480285 0.309136 0.017526 0.032551 0.006693
2 0.975705 0.330753 0.048615 0.083582 0.017986
2 0.974962 0.330817 0.050180 0.078657 0.731059
2 0.974179 0.331999 0.051707 0.080877 0.731059
2 0.974254 0.330854 0.051541 0.078810 0.622459
2 0.974875 0.332023 0.050322 0.080863 0.731059
2 0.974174 0.329645 0.051687 0.081174 0.731059
2 0.974414 0.329582 0.051205 0.081571 0.500000
2 0.974922 0.329659 0.050096 0.081232 0.500000
2 0.623653 0.238872 0.261629 0.291687 0.014064
2 0.623042 0.236717 0.260307 0.291639 0.851953
2 0.622305 0.236729 0.258751 0.291632 0.851953
2 0.623797 0.237776 0.261649 0.293835 0.851953
2 0.624478 0.236730 0.257849 0.291825 0.437824
2 0.622136 0.235677 0.258453 0.293914 0.731059
2 0.622626 0.235566 0.261332 0.294027 0.817575
2 0.622277 0.236635 0.258700 0.296182 0.817575
2 0.623705 0.237822 0.259154 0.293810 0.777300
2 0.623798 0.237952 0.259134 0.293792 0.047426
2 0.621866 0.239065 0.259964 0.291521 0.148047
2 0.621413 0.239019 0.257058 0.291613 0.851953
2 0.623793 0.237968 0.259650 0.293663 0.377541
3 0.476471 0.288105 0.027964 0.066642 0.002473
3 0.005835 0.313231 0.011815 0.103597 0.002473
3 0.476498 0.287510 0.028023 0.070172 0.001501
3 0.006274 0.328373 0.009505 0.069713 0.017986
3 0.386730 0.309384 0.020422 0.022236 0.006693
3 0.386829 0.308470 0.020579 0.024072 0.002473
3 0.436630 0.328057 0.088501 0.130495 0.001501
3 0.477781 0.290124 0.027648 0.074050 0.010987
3 0.479109 0.290491 0.024747 0.069781 0.017986
3 0.770597 0.325395 0.038962 0.051729 0.006693
3 0.774182 0.324843 0.027621 0.048717 0.182426
3 0.773521 0.324385 0.029156 0.049607 0.182426
3 0.778393 0.325364 0.042183 0.051611 0.010987
3 0.004814 0.328947 0.009660 0.069855 0.029312
3 0.471963 0.299314 0.024477 0.059912 0.004070
3 0.480285 0.309136 0.017526 0.032551 0.029312
3 0.769609 0.323753 0.040607 0.047528 0.029312
3 0.773921 0.324485 0.030699 0.049729 0.119203
3 0.774979 0.324486 0.030071 0.049721 0.182426
3 0.781196 0.325180 0.040058 0.048331 0.006693
3 0.004814 0.329508 0.009658 0.070616 0.017986
3 0.769457 0.329211 0.039439 0.040388 0.004070
3 0.773332 0.323735 0.032572 0.047672 0.119203
3 0.774199 0.324641 0.034887 0.049463 0.075858
3 0.004809 0.329522 0.009650 0.075602 0.006693
3 0.411548 0.985534 0.050986 0.028988 0.001501
4 0.884365 0.356824 0.033869 0.047441 0.002473
4 0.875809 0.358382 0.035725 0.045181 0.006693
4 0.884513 0.360318 0.032008 0.044170 0.010987
4 0.890053 0.360895 0.038898 0.050094 0.002473
4 0.990014 0.357625 0.023463 0.131963 0.002473
4 0.990182 0.371505 0.019885 0.169692 0.006693
4 0.990455 0.377706 0.023067 0.142528 0.006693
4 0.990139 0.379194 0.020142 0.151054 0.010987
4 0.989548 0.368515 0.021320 0.174771 0.006693
4 0.990874 0.375913 0.021607 0.184949 0.010987
4 0.990684 0.392356 0.019058 0.222064 0.002473
5 0.006274 0.328373 0.009505 0.069713 0.004070
5 0.293306 0.306570 0.016515 0.020362 0.001501
5 0.358650 0.309439 0.007786 0.025974 0.006693
5 0.004814 0.328947 0.009660 0.069855 0.006693
5 0.282920 0.315111 0.031431 0.037097 0.001501
5 0.285334 0.317758 0.032755 0.037097 0.004070
5 0.357880 0.311129 0.006255 0.028663 0.017986
5 0.004814 0.329508 0.009658 0.070616 0.004070
5 0.004809 0.329522 0.009650 0.075602 0.006693
5 0.990014 0.357625 0.023463 0.131963 0.010987
5 0.990182 0.371505 0.019885 0.169692 0.010987
5 0.990455 0.377706 0.023067 0.142528 0.002473
5 0.990139 0.379194 0.020142 0.151054 0.002473
5 0.990874 0.375913 0.021607 0.184949 0.001501
