0 0.596934 0.313986 0.009497 0.029043 0.001501
0 0.921509 0.336617 0.010124 0.071075 0.029312
0 0.278463 0.337009 0.010168 0.039580 0.004070
0 0.515656 0.322898 0.012935 0.020936 0.002473
0 0.597359 0.317006 0.008412 0.023098 0.006693
0 0.696195 0.320063 0.007888 0.021583 0.010987
0 0.706249 0.321721 0.006729 0.028561 0.047426
0 0.839170 0.333147 0.012288 0.042105 0.001501
0 0.872655 0.334778 0.014878 0.045248 0.006693
0 0.881897 0.336252 0.008163 0.057953 0.017986
0 0.920965 0.337237 0.011168 0.065824 0.500000
0 0.982724 0.334006 0.009698 0.059369 0.017986
0 0.004270 0.360509 0.008595 0.061101 0.004070
0 0.279016 0.337401 0.011259 0.038812 0.004070
0 0.837166 0.337202 0.016187 0.034077 0.002473
0 0.871995 0.343153 0.019140 0.032633 0.001501
0 0.880250 0.337225 0.011501 0.058820 0.010987
0 0.921507 0.337881 0.010086 0.069178 0.500000
0 0.984740 0.334080 0.011595 0.060055 0.010987
0 0.004260 0.360595 0.008576 0.061032 0.010987
0 0.881240 0.344204 0.009610 0.045817 0.006693
0 0.920966 0.338343 0.011168 0.068268 0.500000
0 0.985510 0.338560 0.013247 0.061523 0.001501
0 0.005017 0.361967 0.007062 0.058493 0.010987
1 0.403482 0.329305 0.053914 0.059430 0.731059
1 0.403208 0.330209 0.053369 0.061238 0.731059
1 0.403205 0.330235 0.053288 0.061316 0.377541
1 0.004278 0.350993 0.008721 0.077290 0.004070
1 0.402758 0.329343 0.055533 0.059300 0.880797
1 0.403457 0.329324 0.053855 0.059321 0.924142
1 0.403456 0.329329 0.053858 0.059321 0.880797
1 0.403618 0.329775 0.054184 0.058443 0.880797
1 0.459776 0.320463 0.014190 0.016164 0.002473
1 0.498731 0.321639 0.016695 0.023412 0.731059
1 0.499349 0.321633 0.015706 0.023419 0.500000
1 0.515656 0.322898 0.012935 0.020936 0.075858
1 0.546062 0.317208 0.014393 0.014595 0.001501
1 0.623647 0.322874 0.019446 0.015897 0.001501
1 0.625132 0.321730 0.019392 0.013622 0.001501
1 0.004270 0.360509 0.008595 0.061101 0.047426
1 0.011367 0.360024 0.022430 0.054789 0.001501
1 0.177834 0.359933 0.097502 0.076950 0.880797
1 0.177876 0.359968 0.097398 0.076864 0.880797
1 0.177508 0.360355 0.095045 0.076215 0.817575
1 0.403773 0.329859 0.054497 0.058284 0.500000
1 0.403632 0.330716 0.054217 0.060156 0.880797
1 0.402719 0.330689 0.055443 0.060211 0.924142
1 0.404111 0.331346 0.052447 0.061535 0.880797
1 0.004260 0.360595 0.008576 0.061032 0.047426
1 0.112460 0.353772 0.019548 0.037443 0.001501
1 0.177807 0.360056 0.097453 0.076740 0.924142
1 0.177057 0.361060 0.095935 0.079185 0.880797
1 0.177279 0.361358 0.098536 0.078589 0.880797
1 0.178195 0.360270 0.096710 0.076252 0.880797
1 0.214607 0.338609 0.064292 0.055355 0.002473
1 0.005017 0.361967 0.007062 0.058493 0.029312
1 0.177798 0.359480 0.097520 0.077862 0.817575
1 0.176512 0.360651 0.097033 0.080017 0.817575
1 0.178233 0.360653 0.096668 0.080035 0.817575
2 0.183841 0.327811 0.093534 0.073599 0.004070
2 0.188438 0.320243 0.096322 0.067318 0.075858
2 0.189099 0.324797 0.103664 0.076673 0.500000
2 0.192503 0.327179 0.110538 0.076410 0.500000
2 0.193703 0.326989 0.109251 0.080588 0.622459
2 0.194430 0.326587 0.105305 0.079848 0.622459
2 0.194485 0.325935 0.110998 0.078525 0.731059
2 0.195936 0.327084 0.102438 0.076235 0.622459
2 0.203863 0.325609 0.085013 0.077869 0.002473
2 0.193213 0.326060 0.107369 0.079677 0.622459
2 0.193695 0.326757 0.109545 0.075687 0.731059
2 0.196647 0.326525 0.100982 0.074980 0.622459
2 0.206165 0.326936 0.082196 0.075299 0.010987
2 0.365417 0.318372 0.032376 0.030851 0.002473
2 0.367120 0.318135 0.033479 0.031304 0.001501
2 0.546062 0.317208 0.014393 0.014595 0.004070
2 0.193560 0.327235 0.107115 0.077036 0.377541
2 0.200796 0.327135 0.092339 0.075494 0.010987
2 0.004260 0.360595 0.008576 0.061032 0.001501
3 0.781177 0.325474 0.072329 0.062628 0.880797
3 0.781494 0.326583 0.072784 0.064828 0.880797
3 0.781627 0.326589 0.071425 0.064841 0.817575
3 0.004278 0.350993 0.008721 0.077290 0.001501
3 0.117843 0.344371 0.032277 0.055759 0.001501
3 0.781113 0.326629 0.071988 0.064892 0.010987
3 0.780580 0.326580 0.071936 0.064816 0.924142
3 0.780978 0.325466 0.072728 0.062513 0.880797
3 0.781242 0.327717 0.072137 0.062537 0.880797
3 0.781907 0.326593 0.071897 0.064787 0.880797
3 0.004270 0.360509 0.008595 0.061101 0.004070
3 0.117799 0.346655 0.029542 0.051692 0.001501
3 0.781223 0.326624 0.072238 0.064737 0.880797
3 0.781224 0.326612 0.072235 0.064751 0.817575
3 0.781231 0.326603 0.072221 0.064773 0.817575
3 0.004260 0.360595 0.008576 0.061032 0.006693
3 0.214607 0.338609 0.064292 0.055355 0.001501
3 0.005017 0.361967 0.007062 0.058493 0.006693
5 0.515656 0.322898 0.012935 0.020936 0.004070
5 0.004260 0.360595 0.008576 0.061032 0.002473
5 0.214607 0.338609 0.064292 0.055355 0.001501
