0 0.928741 0.315752 0.026318 0.092386 0.001501
0 0.928975 0.317322 0.017358 0.088410 0.017986
0 0.967155 0.320601 0.016357 0.091099 0.001501
0 0.522174 0.319323 0.008822 0.042510 0.006693
0 0.871495 0.321603 0.010182 0.070937 0.001501
0 0.927648 0.323575 0.022583 0.071911 0.004070
0 0.928820 0.319852 0.014662 0.082546 0.010987
0 0.522347 0.325624 0.008382 0.031636 0.029312
0 0.927315 0.335200 0.021748 0.054290 0.002473
0 0.928784 0.334571 0.021253 0.052731 0.004070
0 0.945731 0.335314 0.008546 0.055361 0.075858
0 0.968026 0.335013 0.014192 0.056770 0.006693
0 0.978770 0.334779 0.014476 0.061775 0.010987
0 0.995118 0.336321 0.009785 0.061572 0.001501
0 0.926709 0.336471 0.018919 0.049185 0.004070
0 0.928594 0.337174 0.020507 0.050118 0.004070
0 0.945163 0.336148 0.009698 0.057161 0.029312
0 0.967298 0.336467 0.012872 0.054534 0.010987
0 0.977882 0.335430 0.016722 0.060963 0.010987
0 0.943673 0.339367 0.012763 0.067438 0.002473
0 0.969165 0.338712 0.016625 0.057085 0.001501
0 0.976146 0.338676 0.017692 0.064993 0.002473
1 0.372459 0.328912 0.058174 0.055642 0.004070
1 0.415697 0.313392 0.025165 0.030306 0.001501
1 0.822005 0.333301 0.056073 0.070067 0.880797
1 0.822047 0.333935 0.055869 0.068737 0.731059
1 0.371401 0.329356 0.057220 0.054663 0.500000
1 0.370920 0.329399 0.055102 0.054649 0.880797
1 0.372411 0.329281 0.058247 0.054886 0.880797
1 0.371648 0.329327 0.056721 0.054813 0.880797
1 0.372534 0.329267 0.058010 0.054992 0.880797
1 0.415457 0.317462 0.025172 0.026773 0.010987
1 0.414821 0.317303 0.023584 0.027024 0.029312
1 0.433342 0.320056 0.012156 0.017042 0.001501
1 0.457762 0.319522 0.012817 0.014447 0.004070
1 0.485507 0.321637 0.017966 0.023432 0.817575
1 0.485444 0.321630 0.017805 0.023471 0.377541
1 0.522347 0.325624 0.008382 0.031636 0.001501
1 0.546550 0.320491 0.010227 0.016118 0.002473
1 0.556983 0.318030 0.014369 0.021038 0.004070
1 0.564367 0.317063 0.009959 0.019404 0.004070
1 0.822055 0.333992 0.055909 0.068751 0.880797
1 0.822752 0.333324 0.057568 0.070065 0.924142
1 0.821873 0.333979 0.056265 0.068732 0.880797
1 0.011810 0.355444 0.023777 0.055053 0.004070
1 0.012607 0.352168 0.025454 0.052771 0.002473
1 0.161215 0.352270 0.039658 0.026069 0.002473
1 0.165391 0.353176 0.031748 0.022096 0.047426
1 0.167480 0.352958 0.027121 0.021600 0.047426
1 0.169990 0.351682 0.026706 0.024168 0.006693
1 0.264377 0.341055 0.029865 0.026404 0.004070
1 0.268767 0.342463 0.021733 0.018390 0.075858
1 0.269823 0.342382 0.027781 0.018663 0.010987
1 0.371401 0.329406 0.057204 0.054659 0.377541
1 0.371688 0.329405 0.056637 0.054649 0.880797
1 0.371692 0.330535 0.056628 0.056907 0.880797
1 0.371804 0.329288 0.056398 0.054890 0.880797
1 0.371768 0.329409 0.056481 0.054701 0.880797
1 0.822055 0.335353 0.055912 0.069647 0.880797
1 0.821998 0.334451 0.056054 0.067862 0.880797
1 0.821949 0.333346 0.056128 0.070079 0.880797
1 0.012494 0.354764 0.025149 0.054589 0.006693
1 0.012664 0.355537 0.022378 0.050972 0.004070
1 0.052636 0.364724 0.045994 0.031091 0.119203
1 0.054700 0.362573 0.047695 0.030097 0.500000
1 0.053521 0.363705 0.046563 0.032398 0.377541
1 0.054261 0.363570 0.049372 0.028605 0.377541
1 0.081897 0.362034 0.041970 0.026264 0.006693
1 0.097218 0.360877 0.027194 0.023166 0.017986
1 0.098042 0.360856 0.026083 0.023208 0.006693
1 0.108148 0.358946 0.049267 0.027167 0.001501
1 0.158787 0.355300 0.033307 0.026307 0.006693
1 0.165103 0.354737 0.031218 0.022886 0.029312
1 0.168299 0.354453 0.024768 0.022250 0.017986
1 0.169388 0.354264 0.025705 0.022726 0.004070
1 0.822131 0.333367 0.055714 0.070047 0.075858
1 0.821874 0.334258 0.056274 0.071868 0.880797
1 0.821874 0.333372 0.056272 0.070043 0.880797
1 0.010169 0.361234 0.020610 0.066118 0.001501
1 0.053138 0.369140 0.048748 0.044591 0.004070
1 0.054449 0.369365 0.048758 0.040225 0.017986
1 0.053814 0.369332 0.048140 0.040158 0.010987
1 0.054107 0.369307 0.051443 0.040222 0.017986
1 0.683868 0.249777 0.229689 0.313701 0.001501
2 0.221756 0.329333 0.093906 0.059534 0.004070
2 0.224783 0.328727 0.100362 0.056488 0.002473
2 0.227904 0.328229 0.107063 0.057340 0.002473
2 0.229324 0.326946 0.106213 0.054832 0.001501
2 0.232299 0.326971 0.104833 0.054812 0.004070
2 0.415697 0.313392 0.025165 0.030306 0.002473
2 0.213086 0.331308 0.077441 0.055559 0.004070
2 0.218633 0.331092 0.088973 0.056136 0.119203
2 0.222586 0.329932 0.092143 0.053835 0.075858
2 0.224245 0.329693 0.096030 0.054167 0.075858
2 0.225339 0.329608 0.099937 0.054416 0.029312
2 0.227530 0.329697 0.104152 0.054253 0.010987
2 0.227922 0.328146 0.097209 0.052453 0.029312
2 0.245290 0.330096 0.083549 0.042452 0.001501
2 0.299196 0.326896 0.025117 0.023846 0.001501
2 0.317533 0.321818 0.039986 0.032811 0.004070
2 0.322962 0.320776 0.044990 0.030358 0.017986
2 0.328994 0.322679 0.048161 0.031466 0.002473
2 0.546550 0.320491 0.010227 0.016118 0.001501
2 0.556983 0.318030 0.014369 0.021038 0.017986
2 0.011810 0.355444 0.023777 0.055053 0.004070
2 0.012607 0.352168 0.025454 0.052771 0.001501
2 0.218981 0.332782 0.081363 0.052614 0.029312
2 0.220908 0.329899 0.084557 0.053804 0.029312
2 0.222826 0.331017 0.087849 0.056038 0.017986
2 0.223307 0.331295 0.090053 0.055481 0.017986
2 0.226972 0.331373 0.091540 0.055328 0.017986
2 0.264377 0.341055 0.029865 0.026404 0.001501
2 0.012494 0.354764 0.025149 0.054589 0.002473
2 0.684437 0.247561 0.230875 0.318118 0.851953
2 0.683754 0.248908 0.229374 0.311702 0.851953
2 0.683827 0.246637 0.229457 0.316385 0.817575
2 0.683868 0.249777 0.229689 0.313701 0.679179
2 0.685094 0.246728 0.229482 0.316318 0.880797
2 0.683823 0.246732 0.229396 0.316360 0.880797
2 0.683850 0.246728 0.229400 0.316412 0.851953
2 0.684648 0.246714 0.231125 0.316371 0.777300
2 0.683786 0.247960 0.229342 0.313928 0.880797
2 0.685293 0.247961 0.229710 0.313928 0.880797
3 0.415502 0.313417 0.025534 0.030460 0.047426
3 0.415697 0.313392 0.025165 0.030306 0.075858
3 0.415457 0.317462 0.025172 0.026773 0.029312
3 0.414821 0.317303 0.023584 0.027024 0.029312
3 0.011810 0.355444 0.023777 0.055053 0.001501
3 0.683868 0.249777 0.229689 0.313701 0.001170
3 0.684648 0.246714 0.231125 0.316371 0.001170
4 0.927315 0.335200 0.021748 0.054290 0.002473
4 0.928784 0.334571 0.021253 0.052731 0.002473
4 0.926709 0.336471 0.018919 0.049185 0.006693
4 0.928594 0.337174 0.020507 0.050118 0.004070
4 0.995677 0.344911 0.009038 0.057567 0.001501
5 0.522174 0.319323 0.008822 0.042510 0.001501
5 0.522347 0.325624 0.008382 0.031636 0.075858
5 0.927315 0.335200 0.021748 0.054290 0.010987
5 0.928784 0.334571 0.021253 0.052731 0.010987
5 0.926709 0.336471 0.018919 0.049185 0.010987
5 0.928594 0.337174 0.020507 0.050118 0.017986
5 0.967298 0.336467 0.012872 0.054534 0.001501
