0 0.785720 0.330362 0.019296 0.107445 0.002473
0 0.620793 0.324738 0.008862 0.053648 0.001501
0 0.658241 0.321990 0.008575 0.047490 0.047426
0 0.666312 0.321020 0.007862 0.045578 0.006693
0 0.685793 0.322468 0.013859 0.048810 0.001501
0 0.689451 0.322078 0.009798 0.047674 0.029312
0 0.703867 0.320667 0.011573 0.045032 0.004070
0 0.727518 0.327542 0.020938 0.063297 0.002473
0 0.727973 0.329393 0.014398 0.059737 0.010987
0 0.740793 0.330287 0.024696 0.061501 0.002473
0 0.785401 0.335007 0.020976 0.097689 0.047426
0 0.787751 0.333964 0.018768 0.098174 0.047426
0 0.622083 0.329073 0.009676 0.040468 0.002473
0 0.659010 0.324050 0.010101 0.044154 0.075858
0 0.667488 0.322599 0.007104 0.042522 0.017986
0 0.685729 0.323840 0.013607 0.043964 0.004070
0 0.689629 0.323268 0.010144 0.045598 0.047426
0 0.704245 0.324402 0.008577 0.037538 0.029312
0 0.726181 0.331038 0.017926 0.056396 0.001501
0 0.730413 0.331297 0.021895 0.055556 0.010987
0 0.744199 0.332545 0.017550 0.056742 0.010987
0 0.784602 0.337131 0.022584 0.095389 0.029312
0 0.787054 0.336193 0.023900 0.098520 0.047426
0 0.807466 0.344047 0.066471 0.088808 0.001501
0 0.581726 0.341802 0.038501 0.094369 0.001501
0 0.623229 0.329350 0.012012 0.044729 0.002473
0 0.659037 0.324390 0.010154 0.046401 0.075858
0 0.665010 0.323073 0.012072 0.046526 0.006693
0 0.686491 0.324165 0.013549 0.046934 0.001501
0 0.688893 0.323428 0.010907 0.045648 0.047426
0 0.704787 0.325287 0.009816 0.040228 0.001501
0 0.726974 0.333560 0.018378 0.054801 0.001501
0 0.733083 0.332913 0.027236 0.058613 0.002473
0 0.739146 0.333131 0.027663 0.058282 0.004070
0 0.784444 0.346446 0.024880 0.075564 0.010987
0 0.785031 0.341932 0.023608 0.084129 0.029312
0 0.800801 0.347874 0.041016 0.082413 0.004070
0 0.784503 0.347707 0.024913 0.071902 0.017986
0 0.785981 0.342854 0.028007 0.083774 0.017986
0 0.806913 0.350601 0.044509 0.090771 0.002473
0 0.815558 0.351531 0.033537 0.108337 0.119203
0 0.582820 0.342500 0.034511 0.101600 0.002473
0 0.583024 0.341358 0.037281 0.099368 0.006693
0 0.819915 0.353013 0.023874 0.108588 0.182426
0 0.819667 0.354420 0.024356 0.106846 0.010987
0 0.821971 0.352068 0.025322 0.113510 0.010987
1 0.986661 0.324067 0.026824 0.143049 0.002473
1 0.989422 0.326100 0.021220 0.148111 0.004070
1 0.280660 0.313777 0.035576 0.052968 0.004070
1 0.283719 0.316974 0.031976 0.046135 0.029312
1 0.286432 0.317184 0.035959 0.048437 0.017986
1 0.842186 0.343721 0.126170 0.099124 0.880797
1 0.902305 0.341729 0.051497 0.080556 0.017986
1 0.987163 0.344741 0.025836 0.108347 0.182426
1 0.988254 0.344262 0.023512 0.103820 0.182426
1 0.280949 0.324049 0.031315 0.036492 0.047426
1 0.281838 0.324286 0.027491 0.034032 0.268941
1 0.284098 0.323593 0.032362 0.035577 0.119203
1 0.390137 0.326980 0.044688 0.034887 0.017986
1 0.392107 0.326948 0.043920 0.038553 0.817575
1 0.392074 0.326947 0.043951 0.038579 0.880797
1 0.391800 0.326496 0.044476 0.037675 0.880797
1 0.424111 0.325353 0.026478 0.025734 0.622459
1 0.429204 0.325319 0.022665 0.025685 0.377541
1 0.448956 0.325466 0.017159 0.020852 0.622459
1 0.448390 0.325461 0.018706 0.020860 0.500000
1 0.463999 0.322913 0.014074 0.020874 0.377541
1 0.493755 0.322864 0.012548 0.020969 0.182426
1 0.505326 0.322817 0.011616 0.016056 0.001501
1 0.519299 0.326896 0.019406 0.028820 0.880797
1 0.531842 0.325436 0.008494 0.021033 0.006693
1 0.550648 0.325319 0.015704 0.025744 0.047426
1 0.552722 0.324953 0.016514 0.030063 0.268941
1 0.577713 0.336401 0.027512 0.083246 0.004070
1 0.842567 0.345029 0.127366 0.101644 0.731059
1 0.842717 0.347433 0.124780 0.101925 0.817575
1 0.841421 0.347437 0.126266 0.101911 0.817575
1 0.903463 0.342076 0.051172 0.079713 0.817575
1 0.902779 0.342860 0.052533 0.080811 0.817575
1 0.902767 0.342316 0.052451 0.079747 0.817575
1 0.946551 0.345789 0.060072 0.094957 0.880797
1 0.945986 0.346176 0.061129 0.099287 0.817575
1 0.987484 0.348262 0.025278 0.100510 0.377541
1 0.986743 0.349600 0.026550 0.097953 0.500000
1 0.281439 0.325604 0.027750 0.037858 0.001501
1 0.287520 0.325237 0.027633 0.040612 0.001501
1 0.390870 0.328397 0.046277 0.038640 0.010987
1 0.392118 0.326938 0.043869 0.038603 0.817575
1 0.392751 0.326953 0.045295 0.038570 0.817575
1 0.392477 0.328077 0.045830 0.036337 0.817575
1 0.800801 0.347874 0.041016 0.082413 0.001501
1 0.843297 0.346176 0.125898 0.099327 0.731059
1 0.842041 0.345032 0.125849 0.101607 0.880797
1 0.840501 0.345028 0.127648 0.101620 0.880797
1 0.903059 0.342193 0.050592 0.081053 0.500000
1 0.902800 0.342980 0.052606 0.080575 0.817575
1 0.902807 0.342439 0.052592 0.079494 0.817575
1 0.902797 0.342997 0.052540 0.081072 0.731059
1 0.945849 0.344938 0.058437 0.096714 0.817575
1 0.946543 0.344911 0.060027 0.096730 0.880797
1 0.946521 0.346161 0.060025 0.099332 0.817575
1 0.988232 0.351110 0.026776 0.095015 0.500000
1 0.987510 0.349876 0.025010 0.092520 0.500000
1 0.844699 0.346247 0.122201 0.099519 0.377541
1 0.842932 0.345030 0.124348 0.101643 0.817575
1 0.840899 0.342480 0.128177 0.101639 0.880797
1 0.903247 0.342819 0.053495 0.080753 0.817575
1 0.902067 0.342902 0.054253 0.080918 0.817575
1 0.902487 0.342895 0.054872 0.080901 0.731059
1 0.946075 0.344951 0.061053 0.096685 0.817575
1 0.946542 0.344912 0.060088 0.096770 0.817575
1 0.946520 0.343774 0.060059 0.099044 0.817575
1 0.986679 0.352442 0.026728 0.092105 0.500000
1 0.987497 0.351482 0.025035 0.094078 0.500000
1 0.844684 0.346330 0.121155 0.099094 0.268941
1 0.903943 0.347028 0.052034 0.080145 0.001501
1 0.946596 0.344989 0.060049 0.096655 0.817575
1 0.946214 0.344971 0.057608 0.096671 0.622459
1 0.987360 0.353695 0.025352 0.094115 0.377541
1 0.987513 0.352281 0.025019 0.092436 0.377541
1 0.142997 0.261202 0.282999 0.334536 0.001170
2 0.493912 0.316901 0.016021 0.032949 0.029312
2 0.503234 0.315300 0.019202 0.031607 0.004070
2 0.519200 0.319748 0.020455 0.040577 0.001501
2 0.493755 0.322864 0.012548 0.020969 0.010987
2 0.505326 0.322817 0.011616 0.016056 0.004070
2 0.531842 0.325436 0.008494 0.021033 0.002473
2 0.550648 0.325319 0.015704 0.025744 0.029312
2 0.552722 0.324953 0.016514 0.030063 0.029312
2 0.142997 0.261202 0.282999 0.334536 0.001927
3 0.032354 0.251227 0.067839 0.347865 0.001501
3 0.989770 0.319823 0.020568 0.197975 0.001501
3 0.290876 0.301664 0.046269 0.073133 0.001501
3 0.989422 0.326100 0.021220 0.148111 0.002473
3 0.334226 0.321413 0.071598 0.078833 0.924142
3 0.334011 0.321218 0.071111 0.079188 0.880797
3 0.333965 0.321431 0.071024 0.078867 0.817575
3 0.493912 0.316901 0.016021 0.032949 0.001501
3 0.987163 0.344741 0.025836 0.108347 0.004070
3 0.988254 0.344262 0.023512 0.103820 0.006693
3 0.281838 0.324286 0.027491 0.034032 0.001501
3 0.284098 0.323593 0.032362 0.035577 0.001501
3 0.334022 0.322057 0.071191 0.080101 0.924142
3 0.333851 0.321328 0.070822 0.078934 0.880797
3 0.333286 0.321328 0.072384 0.078936 0.817575
3 0.334248 0.321408 0.071583 0.078798 0.924142
3 0.463999 0.322913 0.014074 0.020874 0.004070
3 0.493755 0.322864 0.012548 0.020969 0.017986
3 0.550648 0.325319 0.015704 0.025744 0.017986
3 0.552722 0.324953 0.016514 0.030063 0.075858
3 0.987484 0.348262 0.025278 0.100510 0.004070
3 0.986743 0.349600 0.026550 0.097953 0.017986
3 0.334011 0.321401 0.071218 0.078798 0.880797
3 0.334006 0.321330 0.071123 0.078938 0.817575
3 0.333157 0.321330 0.072110 0.078942 0.817575
3 0.988232 0.351110 0.026776 0.095015 0.006693
3 0.987510 0.349876 0.025010 0.092520 0.010987
3 0.986679 0.352442 0.026728 0.092105 0.004070
3 0.987497 0.351482 0.025035 0.094078 0.006693
3 0.987360 0.353695 0.025352 0.094115 0.001501
3 0.987513 0.352281 0.025019 0.092436 0.004070
3 0.142997 0.261202 0.282999 0.334536 0.817575
3 0.140319 0.266630 0.283825 0.323712 0.851953
3 0.139206 0.273555 0.281734 0.313166 0.851953
3 0.139268 0.277758 0.284912 0.304939 0.006693
3 0.141669 0.259875 0.283431 0.337365 0.851953
3 0.139689 0.265516 0.282554 0.325807 0.851953
3 0.138427 0.272637 0.280120 0.311688 0.817575
3 0.139058 0.278052 0.281478 0.304365 0.817575
3 0.140350 0.260544 0.283998 0.336457 0.500000
3 0.139687 0.265899 0.282661 0.325116 0.851953
3 0.138425 0.272501 0.280136 0.312070 0.817575
3 0.137665 0.277613 0.281633 0.302292 0.268941
4 0.740793 0.330287 0.024696 0.061501 0.002473
4 0.730413 0.331297 0.021895 0.055556 0.006693
4 0.744199 0.332545 0.017550 0.056742 0.006693
4 0.746154 0.331210 0.023470 0.060385 0.001501
4 0.726974 0.333560 0.018378 0.054801 0.001501
4 0.733083 0.332913 0.027236 0.058613 0.006693
4 0.739146 0.333131 0.027663 0.058282 0.006693
4 0.784444 0.346446 0.024880 0.075564 0.006693
4 0.785031 0.341932 0.023608 0.084129 0.004070
4 0.800801 0.347874 0.041016 0.082413 0.004070
4 0.784503 0.347707 0.024913 0.071902 0.017986
4 0.785981 0.342854 0.028007 0.083774 0.010987
4 0.806913 0.350601 0.044509 0.090771 0.029312
4 0.815558 0.351531 0.033537 0.108337 0.002473
4 0.785475 0.349835 0.026940 0.076308 0.006693
4 0.802550 0.347902 0.039760 0.096670 0.017986
4 0.809669 0.353471 0.044597 0.100121 0.029312
4 0.819915 0.353013 0.023874 0.108588 0.010987
4 0.809476 0.356240 0.045424 0.107809 0.006693
4 0.819667 0.354420 0.024356 0.106846 0.004070
4 0.821971 0.352068 0.025322 0.113510 0.001501
5 0.582863 0.342230 0.037678 0.101662 0.017986
5 0.582954 0.341068 0.037641 0.099461 0.006693
5 0.727973 0.329393 0.014398 0.059737 0.006693
5 0.740793 0.330287 0.024696 0.061501 0.006693
5 0.281838 0.324286 0.027491 0.034032 0.001501
5 0.552722 0.324953 0.016514 0.030063 0.001501
5 0.577713 0.336401 0.027512 0.083246 0.029312
5 0.582871 0.342426 0.037548 0.101642 0.817575
5 0.582038 0.342344 0.039176 0.101780 0.817575
5 0.704245 0.324402 0.008577 0.037538 0.002473
5 0.726181 0.331038 0.017926 0.056396 0.017986
5 0.730413 0.331297 0.021895 0.055556 0.182426
5 0.744199 0.332545 0.017550 0.056742 0.075858
5 0.746154 0.331210 0.023470 0.060385 0.010987
5 0.784602 0.337131 0.022584 0.095389 0.017986
5 0.787054 0.336193 0.023900 0.098520 0.001501
5 0.807466 0.344047 0.066471 0.088808 0.002473
5 0.581726 0.341802 0.038501 0.094369 0.377541
5 0.582122 0.342579 0.038951 0.096852 0.817575
5 0.582773 0.341151 0.037592 0.104236 0.817575
5 0.625751 0.333187 0.015598 0.037497 0.001501
5 0.688893 0.323428 0.010907 0.045648 0.002473
5 0.704787 0.325287 0.009816 0.040228 0.002473
5 0.726974 0.333560 0.018378 0.054801 0.029312
5 0.733083 0.332913 0.027236 0.058613 0.268941
5 0.739146 0.333131 0.027663 0.058282 0.182426
5 0.747053 0.331312 0.023544 0.060360 0.006693
5 0.773935 0.339040 0.024855 0.061781 0.001501
5 0.784444 0.346446 0.024880 0.075564 0.047426
5 0.785031 0.341932 0.023608 0.084129 0.017986
5 0.800801 0.347874 0.041016 0.082413 0.017986
5 0.582820 0.341071 0.037635 0.099635 0.622459
5 0.582846 0.340038 0.037447 0.101981 0.817575
5 0.582830 0.341292 0.037510 0.099485 0.817575
5 0.733806 0.334966 0.028686 0.061586 0.001501
5 0.738039 0.334328 0.027261 0.062724 0.002473
5 0.780069 0.344663 0.031845 0.076466 0.001501
5 0.784503 0.347707 0.024913 0.071902 0.047426
5 0.785981 0.342854 0.028007 0.083774 0.006693
5 0.806913 0.350601 0.044509 0.090771 0.029312
5 0.815558 0.351531 0.033537 0.108337 0.006693
5 0.582820 0.342500 0.034511 0.101600 0.817575
5 0.583024 0.341358 0.037281 0.099368 0.622459
5 0.785475 0.349835 0.026940 0.076308 0.001501
5 0.802550 0.347902 0.039760 0.096670 0.010987
5 0.809669 0.353471 0.044597 0.100121 0.029312
5 0.819915 0.353013 0.023874 0.108588 0.047426
5 0.809476 0.356240 0.045424 0.107809 0.004070
5 0.819667 0.354420 0.024356 0.106846 0.017986
5 0.821971 0.352068 0.025322 0.113510 0.004070
