0 0.380030 0.314530 0.007020 0.032570 0.001501
0 0.567552 0.314815 0.007130 0.037119 0.004070
0 0.770768 0.321624 0.008616 0.046819 0.004070
0 0.797334 0.316237 0.009118 0.054440 0.002473
0 0.380569 0.316141 0.008095 0.029481 0.004070
0 0.564906 0.320033 0.010699 0.026806 0.010987
0 0.672960 0.327374 0.016429 0.029938 0.002473
0 0.744971 0.335823 0.007007 0.037130 0.010987
0 0.770051 0.324833 0.007207 0.041344 0.006693
0 0.792170 0.320864 0.016394 0.055922 0.001501
0 0.804399 0.327570 0.013407 0.049000 0.001501
0 0.879794 0.329366 0.009653 0.065759 0.001501
0 0.670752 0.331463 0.014140 0.032344 0.006693
0 0.744974 0.336686 0.007021 0.043501 0.029312
0 0.771140 0.327064 0.011687 0.045567 0.002473
0 0.745229 0.344070 0.009730 0.059069 0.001501
1 0.161660 0.320232 0.026746 0.039556 0.029312
1 0.161745 0.318865 0.026671 0.038663 0.029312
1 0.247512 0.321181 0.042034 0.040273 0.268941
1 0.247527 0.320526 0.041983 0.038886 0.182426
1 0.246785 0.320721 0.043667 0.038522 0.268941
1 0.247616 0.320190 0.044235 0.039671 0.017986
1 0.437483 0.319775 0.058120 0.043026 0.731059
1 0.437104 0.319116 0.058893 0.041708 0.731059
1 0.437491 0.319115 0.058103 0.041716 0.731059
1 0.437453 0.318215 0.058215 0.039933 0.622459
1 0.465583 0.310678 0.034944 0.028520 0.017986
1 0.469992 0.311617 0.029426 0.026964 0.006693
1 0.074933 0.323823 0.149871 0.217106 0.075858
1 0.075011 0.323889 0.150027 0.217302 0.817575
1 0.073456 0.322984 0.150032 0.218919 0.002473
1 0.162484 0.322846 0.025065 0.034248 0.500000
1 0.162496 0.322132 0.025066 0.035688 0.500000
1 0.206230 0.318252 0.012921 0.016985 0.001501
1 0.220319 0.321781 0.012628 0.028251 0.377541
1 0.247515 0.320891 0.042046 0.038211 0.817575
1 0.247517 0.321671 0.042018 0.039215 0.880797
1 0.245905 0.321670 0.044970 0.039237 0.880797
1 0.246441 0.321642 0.045814 0.039420 0.182426
1 0.436944 0.319791 0.057035 0.042994 0.880797
1 0.436954 0.319812 0.057014 0.042953 0.924142
1 0.437467 0.319165 0.058163 0.041686 0.880797
1 0.437473 0.319795 0.058062 0.043013 0.817575
1 0.468489 0.314309 0.024095 0.024933 0.006693
1 0.477351 0.316419 0.017581 0.017986 0.006693
1 0.564906 0.320033 0.010699 0.026806 0.001501
1 0.600549 0.322153 0.041771 0.035762 0.047426
1 0.601919 0.321997 0.040209 0.032351 0.500000
1 0.601063 0.322892 0.039707 0.034146 0.377541
1 0.601514 0.322900 0.041223 0.034150 0.377541
1 0.628986 0.321633 0.014229 0.023424 0.047426
1 0.651225 0.326477 0.033270 0.033110 0.731059
1 0.651122 0.325244 0.033069 0.035177 0.622459
1 0.672960 0.327374 0.016429 0.029938 0.047426
1 0.688316 0.333328 0.023646 0.028474 0.622459
1 0.689055 0.332421 0.025055 0.030264 0.622459
1 0.702707 0.326431 0.041099 0.038973 0.001501
1 0.717514 0.328673 0.028298 0.032931 0.002473
1 0.725023 0.331237 0.017093 0.028083 0.029312
1 0.781599 0.328802 0.026393 0.033544 0.001501
1 0.074240 0.323126 0.151551 0.218939 0.268941
1 0.074219 0.323304 0.151574 0.218631 0.119203
1 0.650959 0.327152 0.032767 0.034653 0.047426
1 0.651035 0.327045 0.032846 0.034248 0.047426
1 0.670752 0.331463 0.014140 0.032344 0.010987
1 0.689040 0.334221 0.025094 0.030292 0.731059
1 0.689052 0.333315 0.025058 0.028507 0.377541
1 0.707756 0.334980 0.020796 0.025223 0.029312
1 0.721564 0.332772 0.020212 0.026959 0.010987
1 0.725375 0.333274 0.014811 0.024129 0.075858
1 0.073978 0.318666 0.151494 0.216282 0.148047
1 0.074995 0.319936 0.149990 0.213185 0.817575
1 0.074203 0.320922 0.148521 0.215083 0.904651
1 0.073492 0.321082 0.149981 0.215377 0.037327
1 0.074021 0.321056 0.148586 0.215213 0.817575
1 0.074982 0.320955 0.149998 0.214939 0.880797
1 0.073423 0.322126 0.150066 0.212595 0.904651
1 0.075036 0.322012 0.153135 0.216933 0.924142
1 0.074178 0.320652 0.151609 0.219050 0.939913
1 0.075740 0.320713 0.148572 0.219168 0.880797
2 0.465583 0.310678 0.034944 0.028520 0.010987
2 0.469992 0.311617 0.029426 0.026964 0.001501
2 0.692744 0.322491 0.033218 0.049373 0.010987
2 0.698631 0.318535 0.035929 0.040792 0.268941
2 0.699806 0.321652 0.040804 0.044161 0.377541
2 0.703102 0.321272 0.047980 0.046171 0.119203
2 0.715473 0.320919 0.039150 0.049950 0.002473
2 0.601919 0.321997 0.040209 0.032351 0.002473
2 0.601063 0.322892 0.039707 0.034146 0.004070
2 0.601514 0.322900 0.041223 0.034150 0.002473
2 0.628986 0.321633 0.014229 0.023424 0.004070
2 0.672960 0.327374 0.016429 0.029938 0.002473
2 0.702707 0.326431 0.041099 0.038973 0.182426
2 0.717514 0.328673 0.028298 0.032931 0.075858
2 0.725023 0.331237 0.017093 0.028083 0.010987
2 0.707756 0.334980 0.020796 0.025223 0.002473
2 0.721564 0.332772 0.020212 0.026959 0.004070
2 0.725375 0.333274 0.014811 0.024129 0.006693
2 0.073978 0.318666 0.151494 0.216282 0.017986
2 0.074995 0.319936 0.149990 0.213185 0.010987
2 0.074203 0.320922 0.148521 0.215083 0.004070
2 0.074021 0.321056 0.148586 0.215213 0.014064
2 0.074982 0.320955 0.149998 0.214939 0.001927
3 0.325831 0.304492 0.065348 0.067367 0.924142
3 0.326598 0.305400 0.065990 0.069198 0.924142
3 0.326535 0.305430 0.066026 0.069311 0.880797
3 0.537501 0.306689 0.053187 0.058510 0.622459
3 0.536841 0.307344 0.054559 0.057187 0.731059
3 0.325927 0.305388 0.065132 0.069161 0.924142
3 0.326487 0.304493 0.066226 0.067331 0.880797
3 0.326021 0.305393 0.065013 0.069139 0.880797
3 0.326559 0.306662 0.066064 0.066597 0.880797
3 0.465583 0.310678 0.034944 0.028520 0.002473
3 0.469992 0.311617 0.029426 0.026964 0.002473
3 0.537477 0.306695 0.053201 0.058498 0.731059
3 0.536825 0.306690 0.054522 0.058448 0.622459
3 0.537504 0.305422 0.053184 0.055899 0.731059
3 0.537529 0.306674 0.053170 0.058491 0.731059
3 0.601516 0.319281 0.040723 0.037805 0.002473
3 0.600718 0.318492 0.040114 0.034915 0.001501
3 0.600948 0.319245 0.042569 0.037890 0.001501
3 0.325767 0.306671 0.065503 0.066579 0.880797
3 0.326493 0.305393 0.066229 0.069134 0.817575
3 0.326017 0.305398 0.064985 0.069146 0.880797
3 0.538113 0.307855 0.054641 0.060700 0.817575
3 0.536812 0.306717 0.054549 0.058386 0.731059
3 0.537508 0.306702 0.055902 0.058423 0.731059
3 0.538245 0.306716 0.054591 0.058387 0.731059
3 0.600549 0.322153 0.041771 0.035762 0.004070
3 0.601919 0.321997 0.040209 0.032351 0.029312
3 0.601063 0.322892 0.039707 0.034146 0.047426
3 0.601514 0.322900 0.041223 0.034150 0.029312
3 0.628986 0.321633 0.014229 0.023424 0.029312
3 0.651225 0.326477 0.033270 0.033110 0.017986
3 0.651122 0.325244 0.033069 0.035177 0.047426
3 0.672960 0.327374 0.016429 0.029938 0.010987
3 0.688316 0.333328 0.023646 0.028474 0.004070
3 0.689055 0.332421 0.025055 0.030264 0.001501
3 0.702707 0.326431 0.041099 0.038973 0.002473
3 0.717514 0.328673 0.028298 0.032931 0.006693
3 0.725023 0.331237 0.017093 0.028083 0.017986
3 0.650959 0.327152 0.032767 0.034653 0.002473
3 0.651035 0.327045 0.032846 0.034248 0.004070
3 0.689040 0.334221 0.025094 0.030292 0.010987
3 0.689052 0.333315 0.025058 0.028507 0.006693
3 0.707756 0.334980 0.020796 0.025223 0.002473
3 0.721564 0.332772 0.020212 0.026959 0.006693
3 0.725375 0.333274 0.014811 0.024129 0.017986
5 0.672960 0.327374 0.016429 0.029938 0.001501
5 0.670752 0.331463 0.014140 0.032344 0.002473
