0 0.994441 0.293021 0.008239 0.245119 0.004070
0 0.004820 0.320271 0.009725 0.128746 0.004070
0 0.020003 0.318075 0.016577 0.136278 0.001501
0 0.333259 0.297496 0.013971 0.086288 0.001501
0 0.388724 0.309626 0.019542 0.106073 0.622459
0 0.388995 0.308620 0.022036 0.107662 0.622459
0 0.948284 0.311253 0.013758 0.124712 0.004070
0 0.994524 0.300687 0.011062 0.226858 0.010987
0 0.004814 0.340610 0.009675 0.164673 0.029312
0 0.020297 0.346872 0.019365 0.188948 0.004070
0 0.272237 0.307735 0.011612 0.056541 0.004070
0 0.279756 0.305981 0.009780 0.054639 0.006693
0 0.335293 0.308386 0.012679 0.059861 0.017986
0 0.338625 0.308575 0.011447 0.059739 0.010987
0 0.388202 0.307861 0.020655 0.106101 0.731059
0 0.388742 0.307844 0.019471 0.106035 0.622459
0 0.632651 0.304588 0.016965 0.051808 0.002473
0 0.730602 0.301036 0.008183 0.044561 0.075858
0 0.744968 0.300332 0.007023 0.049511 0.075858
0 0.848053 0.300333 0.012121 0.049660 0.001501
0 0.925476 0.317238 0.018102 0.098371 0.001501
0 0.927109 0.322540 0.015047 0.090423 0.010987
0 0.948943 0.312562 0.013512 0.105508 0.004070
0 0.994511 0.302853 0.011043 0.183904 0.017986
0 0.005593 0.352468 0.011345 0.190956 0.029312
0 0.017713 0.348845 0.018139 0.193056 0.017986
0 0.096996 0.350946 0.022222 0.109508 0.047426
0 0.103374 0.335380 0.022310 0.074342 0.006693
0 0.136810 0.329432 0.014701 0.080632 0.001501
0 0.143719 0.325339 0.022750 0.090383 0.001501
0 0.270741 0.311259 0.008553 0.049317 0.119203
0 0.281238 0.309889 0.006859 0.047005 0.017986
0 0.306251 0.309806 0.006790 0.042178 0.004070
0 0.322362 0.308169 0.011858 0.040110 0.002473
0 0.335655 0.313470 0.011808 0.049437 0.119203
0 0.338147 0.311498 0.013118 0.053404 0.029312
0 0.388194 0.306715 0.020621 0.108289 0.731059
0 0.388200 0.306944 0.020557 0.104228 0.731059
0 0.406911 0.312449 0.008184 0.042213 0.010987
0 0.472443 0.306410 0.016037 0.040456 0.001501
0 0.480236 0.306319 0.020862 0.040277 0.001501
0 0.632727 0.309771 0.022426 0.042088 0.001501
0 0.730575 0.301719 0.008111 0.043728 0.182426
0 0.745734 0.301466 0.008538 0.050256 0.119203
0 0.925903 0.323682 0.017348 0.088203 0.004070
0 0.928340 0.328561 0.012558 0.073980 0.377541
0 0.948996 0.331104 0.011711 0.066911 0.029312
0 0.951494 0.329944 0.011422 0.067388 0.006693
0 0.970194 0.326737 0.009708 0.065344 0.002473
0 0.987328 0.335243 0.016847 0.082954 0.001501
0 0.994501 0.324455 0.011015 0.118715 0.047426
0 0.037486 0.363000 0.021962 0.124359 0.731059
0 0.038942 0.362635 0.022123 0.121968 0.731059
0 0.095823 0.358231 0.023207 0.109624 0.006693
0 0.112165 0.340827 0.022633 0.058458 0.006693
0 0.271901 0.311132 0.009304 0.049637 0.182426
0 0.280577 0.311020 0.008177 0.039589 0.017986
0 0.305570 0.307669 0.008231 0.042101 0.004070
0 0.323662 0.309539 0.014461 0.042876 0.001501
0 0.335691 0.313434 0.011875 0.049570 0.182426
0 0.337966 0.310399 0.013505 0.051202 0.029312
0 0.388954 0.306936 0.022137 0.104147 0.622459
0 0.388202 0.306700 0.020562 0.108229 0.731059
0 0.406275 0.310747 0.009522 0.050573 0.010987
0 0.730038 0.302406 0.007063 0.044207 0.029312
0 0.745732 0.302847 0.008552 0.047861 0.047426
0 0.925796 0.326903 0.017152 0.078947 0.001501
0 0.929023 0.330018 0.011207 0.071567 0.500000
0 0.948771 0.332824 0.010506 0.064737 0.047426
0 0.950900 0.331351 0.011897 0.065700 0.010987
0 0.970737 0.327321 0.008561 0.059180 0.004070
0 0.987789 0.337149 0.016203 0.086717 0.002473
0 0.994500 0.334068 0.011013 0.097129 0.029312
0 0.037480 0.360508 0.021916 0.117638 0.731059
0 0.038195 0.361611 0.020556 0.119834 0.731059
0 0.141009 0.346437 0.022992 0.057476 0.002473
0 0.388945 0.307866 0.022123 0.105913 0.731059
0 0.388202 0.307854 0.020562 0.102389 0.817575
0 0.863182 0.327550 0.048354 0.335956 0.002473
0 0.929018 0.330144 0.011208 0.071409 0.500000
0 0.948720 0.332768 0.010693 0.064481 0.075858
0 0.951738 0.331669 0.012065 0.065962 0.010987
0 0.970205 0.328021 0.009690 0.057928 0.004070
0 0.991499 0.334968 0.013956 0.090512 0.029312
0 0.017084 0.364904 0.031176 0.222821 0.731059
0 0.018124 0.363230 0.030467 0.220530 0.731059
0 0.037491 0.363223 0.021926 0.120367 0.731059
0 0.037514 0.361827 0.021918 0.119554 0.731059
0 0.144493 0.365785 0.034497 0.090846 0.001501
0 0.770344 0.327066 0.065876 0.321258 0.731059
0 0.768236 0.327260 0.064664 0.321635 0.377541
0 0.851576 0.337014 0.028632 0.183571 0.004070
0 0.928999 0.329085 0.011255 0.074171 0.268941
0 0.948998 0.333352 0.011719 0.065694 0.029312
0 0.951441 0.331771 0.011532 0.067672 0.006693
0 0.990976 0.340836 0.015008 0.082624 0.006693
0 0.016730 0.363384 0.033526 0.221423 0.817575
0 0.017480 0.363325 0.031880 0.221693 0.817575
0 0.037490 0.361157 0.021921 0.116175 0.622459
0 0.037510 0.361786 0.021929 0.119452 0.731059
0 0.769524 0.324781 0.064155 0.323200 0.817575
0 0.770370 0.326246 0.062764 0.319776 0.817575
0 0.768907 0.326418 0.065948 0.319907 0.731059
0 0.850656 0.317853 0.029786 0.223143 0.004070
0 0.871949 0.326163 0.074823 0.367339 0.817575
0 0.872085 0.326316 0.072399 0.367024 0.731059
0 0.870893 0.325617 0.073146 0.369604 0.622459
0 0.016735 0.362336 0.033554 0.223720 0.817575
0 0.017501 0.362072 0.031914 0.224148 0.817575
0 0.036234 0.359125 0.019456 0.124981 0.500000
0 0.037517 0.361340 0.021934 0.120368 0.731059
0 0.094652 0.368405 0.025775 0.091442 0.002473
0 0.769557 0.326350 0.064204 0.320085 0.817575
0 0.769601 0.326460 0.064277 0.319818 0.817575
0 0.768938 0.326380 0.062912 0.320024 0.817575
0 0.850759 0.306555 0.034959 0.290001 0.001501
0 0.871940 0.326012 0.072082 0.367160 0.119203
0 0.871888 0.324522 0.074655 0.368034 0.817575
0 0.871359 0.325074 0.073578 0.368739 0.731059
0 0.871435 0.326551 0.073759 0.367763 0.731059
0 0.016740 0.362030 0.033568 0.224476 0.817575
0 0.017135 0.360712 0.031129 0.226906 0.817575
0 0.770364 0.325305 0.062810 0.322215 0.047426
0 0.769736 0.325422 0.064544 0.317887 0.731059
0 0.770517 0.325847 0.063018 0.318376 0.731059
0 0.871289 0.323469 0.075680 0.368343 0.075858
0 0.871801 0.323365 0.074415 0.367240 0.817575
0 0.872083 0.323325 0.072274 0.367352 0.817575
0 0.871215 0.323209 0.073275 0.370262 0.731059
0 0.017487 0.361532 0.032027 0.222249 0.622459
0 0.017544 0.362336 0.031896 0.224095 0.817575
0 0.871257 0.324226 0.075489 0.365230 0.075858
0 0.871973 0.323506 0.074753 0.363788 0.817575
0 0.581712 0.376288 0.142742 0.407785 0.001170
0 0.581930 0.374898 0.142424 0.406238 0.001170
0 0.581140 0.372779 0.141110 0.409866 0.002473
1 0.506717 0.290428 0.028988 0.026053 0.001501
1 0.507948 0.294705 0.030823 0.034574 0.006693
1 0.508347 0.295774 0.033507 0.040402 0.004070
1 0.823077 0.304734 0.038276 0.052254 0.002473
1 0.823333 0.305931 0.038066 0.054458 0.001501
1 0.290597 0.312388 0.020290 0.032336 0.001501
1 0.357730 0.314477 0.032206 0.032553 0.017986
1 0.368309 0.314251 0.038479 0.038368 0.017986
1 0.508043 0.298264 0.031143 0.041664 0.001501
1 0.648845 0.306552 0.039309 0.036419 0.001501
1 0.822687 0.307694 0.039626 0.046114 0.017986
1 0.823522 0.309064 0.038709 0.048554 0.017986
1 0.824086 0.308742 0.038355 0.044120 0.017986
1 0.112165 0.340827 0.022633 0.058458 0.010987
1 0.115208 0.343617 0.025496 0.049150 0.029312
1 0.156043 0.334236 0.036031 0.050364 0.001501
1 0.187471 0.341153 0.055974 0.062540 0.004070
1 0.186941 0.337979 0.056985 0.064389 0.880797
1 0.186894 0.340027 0.057018 0.064837 0.880797
1 0.186909 0.338883 0.056969 0.062632 0.924142
1 0.291558 0.315055 0.017733 0.031662 0.001501
1 0.358029 0.316910 0.027549 0.032957 0.119203
1 0.360445 0.317112 0.029567 0.032901 0.047426
1 0.628413 0.311775 0.023963 0.043261 0.001501
1 0.632617 0.312287 0.020045 0.042161 0.001501
1 0.639276 0.311080 0.032528 0.039566 0.001501
1 0.643010 0.313161 0.036886 0.031050 0.002473
1 0.822953 0.308255 0.040153 0.050222 0.006693
1 0.823755 0.309022 0.037308 0.048704 0.010987
1 0.823448 0.309025 0.038426 0.048699 0.010987
1 0.834817 0.307168 0.030989 0.048792 0.002473
1 0.994500 0.334068 0.011013 0.097129 0.001501
1 0.085202 0.354785 0.039774 0.044113 0.004070
1 0.089679 0.372014 0.035871 0.083009 0.017986
1 0.115953 0.346690 0.024233 0.040773 0.622459
1 0.115396 0.346769 0.025095 0.043254 0.622459
1 0.127883 0.346874 0.026507 0.051494 0.002473
1 0.147956 0.344620 0.027884 0.049249 0.001501
1 0.186914 0.340001 0.057030 0.064910 0.880797
1 0.186939 0.340042 0.056989 0.064817 0.880797
1 0.187480 0.338911 0.058013 0.062565 0.880797
1 0.186931 0.340015 0.056929 0.060360 0.880797
1 0.991499 0.334968 0.013956 0.090512 0.004070
1 0.113697 0.350697 0.025658 0.049222 0.075858
1 0.115981 0.347481 0.024103 0.045426 0.731059
1 0.187435 0.340003 0.056038 0.064936 0.001501
1 0.187412 0.341169 0.056040 0.062581 0.817575
1 0.186900 0.338902 0.057032 0.062591 0.880797
1 0.186916 0.339959 0.056970 0.060473 0.880797
1 0.990976 0.340836 0.015008 0.082624 0.002473
1 0.017487 0.361532 0.032027 0.222249 0.001501
1 0.581712 0.376288 0.142742 0.407785 0.001170
1 0.581140 0.372779 0.141110 0.409866 0.001501
1 0.579692 0.376425 0.143235 0.415265 0.001170
2 0.823077 0.304734 0.038276 0.052254 0.001501
2 0.823333 0.305931 0.038066 0.054458 0.002473
2 0.822687 0.307694 0.039626 0.046114 0.006693
2 0.823522 0.309064 0.038709 0.048554 0.006693
2 0.824086 0.308742 0.038355 0.044120 0.006693
2 0.822953 0.308255 0.040153 0.050222 0.001501
2 0.823755 0.309022 0.037308 0.048704 0.002473
2 0.823448 0.309025 0.038426 0.048699 0.002473
2 0.994500 0.334068 0.011013 0.097129 0.002473
2 0.991499 0.334968 0.013956 0.090512 0.001501
3 0.823077 0.304734 0.038276 0.052254 0.002473
3 0.823333 0.305931 0.038066 0.054458 0.004070
3 0.824092 0.306389 0.039707 0.053573 0.001501
3 0.111165 0.331046 0.032954 0.069944 0.001501
3 0.822687 0.307694 0.039626 0.046114 0.006693
3 0.823522 0.309064 0.038709 0.048554 0.029312
3 0.824086 0.308742 0.038355 0.044120 0.017986
3 0.831341 0.305202 0.040805 0.051217 0.002473
3 0.115208 0.343617 0.025496 0.049150 0.002473
3 0.822953 0.308255 0.040153 0.050222 0.004070
3 0.823755 0.309022 0.037308 0.048704 0.017986
3 0.823448 0.309025 0.038426 0.048699 0.010987
3 0.115396 0.346769 0.025095 0.043254 0.002473
3 0.115981 0.347481 0.024103 0.045426 0.010987
3 0.581140 0.372779 0.141110 0.409866 0.001501
4 0.629046 0.310415 0.027510 0.045882 0.001501
4 0.632727 0.309771 0.022426 0.042088 0.002473
4 0.335691 0.313434 0.011875 0.049570 0.001501
4 0.358029 0.316910 0.027549 0.032957 0.002473
4 0.632617 0.312287 0.020045 0.042161 0.001501
4 0.085202 0.354785 0.039774 0.044113 0.004070
4 0.089679 0.372014 0.035871 0.083009 0.017986
4 0.095336 0.371375 0.024614 0.085148 0.006693
4 0.141009 0.346437 0.022992 0.057476 0.004070
4 0.147956 0.344620 0.027884 0.049249 0.001501
4 0.991499 0.334968 0.013956 0.090512 0.002473
4 0.059428 0.361893 0.014721 0.055888 0.001501
4 0.071430 0.361447 0.018548 0.050029 0.010987
4 0.089709 0.371045 0.035926 0.085909 0.002473
4 0.095221 0.370752 0.024706 0.082184 0.001501
4 0.131023 0.348459 0.031437 0.052214 0.002473
4 0.144493 0.365785 0.034497 0.090846 0.010987
4 0.149031 0.360929 0.034431 0.096825 0.006693
4 0.066848 0.369508 0.015124 0.060183 0.004070
4 0.091083 0.371273 0.033197 0.085622 0.001501
4 0.143583 0.370063 0.039256 0.092664 0.017986
4 0.145984 0.372159 0.039662 0.096634 0.029312
4 0.146023 0.367572 0.037301 0.108615 0.029312
4 0.091762 0.369565 0.031302 0.084653 0.004070
4 0.113146 0.360747 0.052379 0.109242 0.001501
4 0.143859 0.374427 0.039723 0.091877 0.047426
4 0.145333 0.374083 0.041244 0.093978 0.029312
4 0.146647 0.373425 0.036042 0.095513 0.017986
4 0.138437 0.381588 0.045200 0.113664 0.002473
4 0.145113 0.380760 0.039278 0.120169 0.004070
4 0.149924 0.379511 0.036984 0.119528 0.002473
5 0.632651 0.304588 0.016965 0.051808 0.010987
5 0.639044 0.303869 0.024380 0.053279 0.001501
5 0.096996 0.350946 0.022222 0.109508 0.006693
5 0.103374 0.335380 0.022310 0.074342 0.001501
5 0.335655 0.313470 0.011808 0.049437 0.047426
5 0.338147 0.311498 0.013118 0.053404 0.010987
5 0.357730 0.314477 0.032206 0.032553 0.002473
5 0.368309 0.314251 0.038479 0.038368 0.001501
5 0.629046 0.310415 0.027510 0.045882 0.002473
5 0.632727 0.309771 0.022426 0.042088 0.029312
5 0.637619 0.308472 0.029967 0.044671 0.010987
5 0.648845 0.306552 0.039309 0.036419 0.001501
5 0.090778 0.359819 0.035338 0.093566 0.006693
5 0.095823 0.358231 0.023207 0.109624 0.119203
5 0.112165 0.340827 0.022633 0.058458 0.010987
5 0.115208 0.343617 0.025496 0.049150 0.001501
5 0.323662 0.309539 0.014461 0.042876 0.001501
5 0.335691 0.313434 0.011875 0.049570 0.047426
5 0.337966 0.310399 0.013505 0.051202 0.017986
5 0.358029 0.316910 0.027549 0.032957 0.010987
5 0.360445 0.317112 0.029567 0.032901 0.006693
5 0.628413 0.311775 0.023963 0.043261 0.006693
5 0.632617 0.312287 0.020045 0.042161 0.017986
5 0.639276 0.311080 0.032528 0.039566 0.006693
5 0.643010 0.313161 0.036886 0.031050 0.002473
5 0.822953 0.308255 0.040153 0.050222 0.001501
5 0.823755 0.309022 0.037308 0.048704 0.002473
5 0.823448 0.309025 0.038426 0.048699 0.002473
5 0.089679 0.372014 0.035871 0.083009 0.268941
5 0.095336 0.371375 0.024614 0.085148 0.622459
5 0.115953 0.346690 0.024233 0.040773 0.006693
5 0.991499 0.334968 0.013956 0.090512 0.002473
5 0.089709 0.371045 0.035926 0.085909 0.377541
5 0.095221 0.370752 0.024706 0.082184 0.731059
5 0.113697 0.350697 0.025658 0.049222 0.017986
5 0.115981 0.347481 0.024103 0.045426 0.006693
5 0.131023 0.348459 0.031437 0.052214 0.001501
5 0.144493 0.365785 0.034497 0.090846 0.002473
5 0.149031 0.360929 0.034431 0.096825 0.001501
5 0.990976 0.340836 0.015008 0.082624 0.001501
5 0.066848 0.369508 0.015124 0.060183 0.001501
5 0.091083 0.371273 0.033197 0.085622 0.268941
5 0.094684 0.370800 0.027348 0.086638 0.622459
5 0.094793 0.363789 0.026063 0.096152 0.268941
5 0.117055 0.359225 0.031899 0.088247 0.006693
5 0.143583 0.370063 0.039256 0.092664 0.006693
5 0.091762 0.369565 0.031302 0.084653 0.377541
5 0.094652 0.368405 0.025775 0.091442 0.500000
5 0.095773 0.366810 0.025704 0.094661 0.182426
5 0.113146 0.360747 0.052379 0.109242 0.010987
5 0.143859 0.374427 0.039723 0.091877 0.002473
5 0.581712 0.376288 0.142742 0.407785 0.679179
5 0.581930 0.374898 0.142424 0.406238 0.622459
5 0.581140 0.372779 0.141110 0.409866 0.679179
5 0.579692 0.376425 0.143235 0.415265 0.679179
5 0.581620 0.377626 0.142903 0.412314 0.500000
5 0.581182 0.377629 0.143878 0.412058 0.437824
5 0.581207 0.374563 0.143830 0.412525 0.562177
5 0.584431 0.372175 0.148592 0.417947 0.006693
5 0.578609 0.376428 0.145487 0.419736 0.001501
5 0.582300 0.373997 0.144370 0.419720 0.500000
5 0.580821 0.372540 0.144641 0.411872 0.437824
5 0.580345 0.375058 0.145592 0.411549 0.562177
