0 0.865454 0.242946 0.030432 0.093367 0.001501
0 0.465128 0.270054 0.016883 0.026987 0.004070
0 0.541988 0.287310 0.013216 0.039419 0.001501
0 0.798524 0.282330 0.047726 0.133816 0.001501
0 0.960686 0.429068 0.079507 0.936279 0.006693
0 0.966893 0.423528 0.093974 0.913293 0.001927
0 0.919327 0.422189 0.177105 0.907927 0.002473
0 0.949043 0.426166 0.104868 0.910789 0.010987
0 0.955714 0.431113 0.109808 0.901905 0.003173
0 0.933512 0.434466 0.142056 0.888604 0.003173
0 0.942480 0.436657 0.118440 0.886587 0.017986
0 0.949673 0.449830 0.126863 0.892812 0.006693
0 0.940977 0.455640 0.121739 0.836683 0.003173
0 0.942430 0.452749 0.118427 0.844078 0.017986
0 0.948860 0.468488 0.128648 0.851143 0.008577
0 0.943337 0.477685 0.116958 0.781446 0.001170
1 0.422195 0.264625 0.096687 0.039241 0.001501
1 0.439912 0.265204 0.033325 0.025357 0.268941
1 0.439447 0.265072 0.032507 0.025070 0.377541
1 0.442263 0.267737 0.037729 0.025943 0.047426
1 0.465128 0.270054 0.016883 0.026987 0.017986
1 0.480599 0.268953 0.015466 0.024981 0.001501
1 0.496263 0.271431 0.017816 0.027202 0.004070
1 0.146318 0.275823 0.076876 0.062696 0.001501
1 0.150555 0.277056 0.084932 0.065191 0.001501
1 0.154826 0.278662 0.087400 0.068301 0.001501
1 0.448072 0.271988 0.054866 0.039087 0.004070
1 0.443720 0.269309 0.040541 0.029031 0.017986
1 0.456945 0.270307 0.036235 0.029609 0.017986
1 0.469168 0.273159 0.017755 0.023825 0.010987
1 0.487017 0.272653 0.021856 0.025003 0.001501
1 0.497219 0.273950 0.016456 0.019583 0.377541
1 0.497930 0.274612 0.017842 0.020931 0.047426
1 0.631922 0.284445 0.050774 0.038289 0.002473
1 0.632670 0.294126 0.053622 0.060343 0.001501
1 0.645838 0.309605 0.079881 0.094224 0.622459
1 0.653159 0.309469 0.094977 0.094514 0.731059
1 0.653674 0.308764 0.096683 0.090810 0.731059
1 0.652555 0.309028 0.093804 0.090388 0.731059
1 0.653493 0.308223 0.096728 0.091927 0.731059
1 0.653600 0.309459 0.096984 0.094569 0.622459
1 0.652433 0.308425 0.093116 0.091535 0.817575
1 0.654320 0.308881 0.097590 0.090598 0.817575
1 0.653925 0.308609 0.098056 0.091163 0.731059
1 0.652647 0.308251 0.095051 0.091889 0.817575
1 0.337574 0.341292 0.281464 0.197661 0.904651
1 0.338900 0.341715 0.283955 0.198456 0.924142
1 0.339440 0.342828 0.285083 0.195935 0.924142
1 0.340670 0.340839 0.284618 0.196778 0.904651
1 0.338976 0.339647 0.286046 0.194656 0.268941
1 0.097041 0.355825 0.194042 0.512629 0.880797
1 0.097055 0.354576 0.194183 0.511670 0.904651
1 0.096301 0.356313 0.195734 0.508276 0.904651
1 0.097067 0.361534 0.194187 0.498358 0.880797
1 0.338333 0.341822 0.282884 0.198659 0.924142
1 0.338214 0.343018 0.285391 0.196277 0.924142
1 0.338167 0.342570 0.285377 0.195339 0.924142
1 0.339940 0.341733 0.286107 0.193719 0.904651
1 0.339017 0.340480 0.286016 0.191686 0.005220
1 0.097046 0.358265 0.194070 0.505604 0.904651
1 0.097708 0.357847 0.195471 0.503802 0.880797
1 0.097085 0.358869 0.194162 0.504222 0.880797
1 0.096519 0.361630 0.193010 0.495923 0.880797
1 0.337639 0.342688 0.284503 0.200370 0.119203
1 0.338286 0.342684 0.280209 0.200772 0.148047
1 0.096461 0.353564 0.192975 0.514753 0.904651
1 0.097063 0.354141 0.194173 0.510679 0.880797
2 0.439912 0.265204 0.033325 0.025357 0.002473
2 0.439447 0.265072 0.032507 0.025070 0.004070
3 0.439912 0.265204 0.033325 0.025357 0.004070
3 0.439447 0.265072 0.032507 0.025070 0.010987
3 0.442263 0.267737 0.037729 0.025943 0.002473
3 0.465128 0.270054 0.016883 0.026987 0.002473
3 0.496263 0.271431 0.017816 0.027202 0.004070
3 0.497219 0.273950 0.016456 0.019583 0.017986
3 0.497930 0.274612 0.017842 0.020931 0.002473
5 0.465128 0.270054 0.016883 0.026987 0.001501
5 0.535352 0.290868 0.015200 0.033840 0.001501
