0 0.652844 0.405313 0.076679 0.123898 0.001501
0 0.653982 0.406888 0.069393 0.118790 0.004070
0 0.297112 0.415188 0.041914 0.061744 0.004070
0 0.312219 0.421581 0.017656 0.052717 0.017986
0 0.601054 0.415302 0.017227 0.049607 0.001501
0 0.651498 0.407040 0.071870 0.121702 0.001501
0 0.653781 0.410945 0.067890 0.108975 0.004070
0 0.303944 0.417284 0.033656 0.058982 0.004070
0 0.312370 0.420443 0.019522 0.055823 0.029312
0 0.600460 0.415620 0.016189 0.049001 0.001501
0 0.656741 0.409503 0.078800 0.118648 0.004070
0 0.310100 0.420526 0.021877 0.056809 0.010987
0 0.313836 0.421090 0.016614 0.056840 0.029312
0 0.650245 0.413982 0.068622 0.108610 0.004070
0 0.656918 0.413795 0.067750 0.110282 0.002473
1 0.145106 0.330916 0.040522 0.104816 0.001501
1 0.147415 0.329093 0.048158 0.101347 0.001501
1 0.007162 0.321163 0.014473 0.062383 0.001501
1 0.143943 0.336505 0.041233 0.109887 0.006693
1 0.143212 0.335331 0.039713 0.110561 0.006693
1 0.143317 0.330286 0.040274 0.100004 0.002473
1 0.007812 0.327549 0.012606 0.048893 0.004070
1 0.143786 0.338670 0.041100 0.108364 0.004070
1 0.142425 0.339581 0.037545 0.116542 0.006693
1 0.142287 0.337873 0.037864 0.113771 0.002473
1 0.209645 0.362170 0.130757 0.150711 0.924142
1 0.007031 0.328354 0.014094 0.052792 0.004070
1 0.025981 0.323348 0.048796 0.051683 0.001501
1 0.139919 0.354449 0.036221 0.082715 0.004070
1 0.141597 0.349995 0.035667 0.096800 0.010987
1 0.141569 0.342939 0.036515 0.106218 0.004070
1 0.209595 0.363438 0.127759 0.153331 0.924142
1 0.209176 0.361275 0.128592 0.152559 0.880797
1 0.208380 0.362549 0.127437 0.155107 0.880797
1 0.448068 0.382685 0.018701 0.111936 0.002473
1 0.131163 0.374869 0.015573 0.041969 0.119203
1 0.138959 0.369325 0.031183 0.058239 0.075858
1 0.140603 0.351792 0.038424 0.088868 0.004070
1 0.208611 0.363440 0.126981 0.153335 0.880797
1 0.209230 0.363664 0.128426 0.157332 0.924142
1 0.208488 0.362513 0.127185 0.155095 0.924142
1 0.390516 0.400408 0.094528 0.109774 0.004070
1 0.446577 0.396411 0.018690 0.106083 0.006693
1 0.447424 0.391497 0.020818 0.108735 0.001501
1 0.606644 0.387956 0.024774 0.092277 0.001501
1 0.130476 0.374739 0.019086 0.042227 0.182426
1 0.138686 0.372139 0.030523 0.047531 0.119203
1 0.209550 0.363449 0.127660 0.153403 0.924142
1 0.208522 0.362197 0.126990 0.150798 0.924142
1 0.208492 0.363424 0.127199 0.153374 0.924142
1 0.281961 0.408800 0.042303 0.062909 0.006693
1 0.287648 0.409989 0.031625 0.060377 0.377541
1 0.287698 0.410899 0.031986 0.066770 0.500000
1 0.296103 0.412509 0.045110 0.065689 0.029312
1 0.306484 0.407358 0.042373 0.074602 0.002473
1 0.392030 0.398378 0.097412 0.107394 0.006693
1 0.390907 0.400296 0.096563 0.109421 0.004070
1 0.391213 0.400465 0.096016 0.109740 0.006693
1 0.391880 0.401889 0.091652 0.112153 0.006693
1 0.444695 0.399264 0.020953 0.111563 0.010987
1 0.600071 0.407729 0.019638 0.069376 0.004070
1 0.600898 0.405307 0.017905 0.070830 0.004070
1 0.282341 0.411090 0.041601 0.062686 0.029312
1 0.286864 0.408825 0.030362 0.062547 0.500000
1 0.287822 0.409976 0.032177 0.064745 0.622459
1 0.297112 0.415188 0.041914 0.061744 0.010987
1 0.389998 0.398568 0.099136 0.108599 0.006693
1 0.390438 0.399897 0.097700 0.111265 0.004070
1 0.392137 0.401153 0.091308 0.109215 0.017986
1 0.443568 0.399949 0.021681 0.110566 0.002473
1 0.599874 0.415826 0.016875 0.053060 0.010987
1 0.601054 0.415302 0.017227 0.049607 0.017986
1 0.281728 0.410928 0.040187 0.066566 0.047426
1 0.287003 0.409998 0.032454 0.064724 0.622459
1 0.287643 0.412012 0.031859 0.064265 0.500000
1 0.303944 0.417284 0.033656 0.058982 0.006693
1 0.404438 0.400742 0.062132 0.110053 0.001501
1 0.599960 0.415888 0.017043 0.052929 0.029312
1 0.600460 0.415620 0.016189 0.049001 0.017986
1 0.989298 0.457135 0.019088 0.230640 0.001501
2 0.143943 0.336505 0.041233 0.109887 0.001501
2 0.143212 0.335331 0.039713 0.110561 0.001501
2 0.143786 0.338670 0.041100 0.108364 0.001501
2 0.142425 0.339581 0.037545 0.116542 0.002473
2 0.142287 0.337873 0.037864 0.113771 0.001501
2 0.390707 0.397022 0.097587 0.100393 0.010987
2 0.391415 0.397834 0.095846 0.104600 0.119203
2 0.390926 0.400239 0.096480 0.109451 0.119203
2 0.390516 0.400408 0.094528 0.109774 0.182426
2 0.391093 0.399731 0.093012 0.109777 0.001501
2 0.391377 0.395767 0.098674 0.101143 0.029312
2 0.392030 0.398378 0.097412 0.107394 0.182426
2 0.390907 0.400296 0.096563 0.109421 0.268941
2 0.391213 0.400465 0.096016 0.109740 0.119203
2 0.391880 0.401889 0.091652 0.112153 0.004070
2 0.389998 0.398568 0.099136 0.108599 0.182426
2 0.390438 0.399897 0.097700 0.111265 0.119203
2 0.392137 0.401153 0.091308 0.109215 0.010987
3 0.587558 0.304163 0.025636 0.090961 0.010987
3 0.587550 0.304379 0.025331 0.093175 0.006693
3 0.145817 0.331243 0.042323 0.109158 0.006693
3 0.145106 0.330916 0.040522 0.104816 0.006693
3 0.147415 0.329093 0.048158 0.101347 0.004070
3 0.587695 0.309623 0.025499 0.089008 0.017986
3 0.588578 0.310500 0.027187 0.086327 0.029312
3 0.596563 0.332970 0.046451 0.129307 0.006693
3 0.605902 0.320321 0.036471 0.112055 0.002473
3 0.143943 0.336505 0.041233 0.109887 0.029312
3 0.143212 0.335331 0.039713 0.110561 0.029312
3 0.143317 0.330286 0.040274 0.100004 0.017986
3 0.587872 0.320509 0.025931 0.101290 0.029312
3 0.587799 0.313604 0.025654 0.087000 0.029312
3 0.603879 0.346570 0.038887 0.128245 0.004070
3 0.610073 0.338636 0.024230 0.092149 0.002473
3 0.687405 0.317443 0.017215 0.046703 0.001501
3 0.143786 0.338670 0.041100 0.108364 0.017986
3 0.142425 0.339581 0.037545 0.116542 0.029312
3 0.142287 0.337873 0.037864 0.113771 0.006693
3 0.448335 0.368653 0.022500 0.099381 0.002473
3 0.449240 0.357570 0.020847 0.082565 0.001501
3 0.588345 0.332556 0.027334 0.124351 0.006693
3 0.589559 0.331868 0.022932 0.109888 0.004070
3 0.139919 0.354449 0.036221 0.082715 0.004070
3 0.141597 0.349995 0.035667 0.096800 0.004070
3 0.141569 0.342939 0.036515 0.106218 0.004070
3 0.448068 0.382685 0.018701 0.111936 0.002473
3 0.448736 0.371780 0.019726 0.102050 0.001501
3 0.131163 0.374869 0.015573 0.041969 0.006693
3 0.138959 0.369325 0.031183 0.058239 0.002473
3 0.130476 0.374739 0.019086 0.042227 0.010987
3 0.138686 0.372139 0.030523 0.047531 0.004070
3 0.287648 0.409989 0.031625 0.060377 0.002473
3 0.287698 0.410899 0.031986 0.066770 0.006693
3 0.286864 0.408825 0.030362 0.062547 0.004070
3 0.287822 0.409976 0.032177 0.064745 0.004070
3 0.287003 0.409998 0.032454 0.064724 0.004070
3 0.287643 0.412012 0.031859 0.064265 0.004070
3 0.521168 0.361397 0.154289 0.242418 0.924142
3 0.523431 0.362069 0.153074 0.243555 0.880797
3 0.522680 0.363159 0.151555 0.241391 0.880797
3 0.523480 0.362212 0.153097 0.239612 0.880797
3 0.521785 0.362516 0.153073 0.240247 0.924142
3 0.522071 0.363148 0.155808 0.241351 0.880797
3 0.522671 0.362641 0.151579 0.240347 0.880797
3 0.522787 0.363338 0.154544 0.237134 0.904651
3 0.521882 0.361586 0.153076 0.242617 0.924142
3 0.521925 0.361196 0.153085 0.241757 0.904651
4 0.600071 0.407729 0.019638 0.069376 0.001501
4 0.600898 0.405307 0.017905 0.070830 0.001501
4 0.297112 0.415188 0.041914 0.061744 0.002473
4 0.312219 0.421581 0.017656 0.052717 0.004070
4 0.599874 0.415826 0.016875 0.053060 0.006693
4 0.601054 0.415302 0.017227 0.049607 0.010987
4 0.303944 0.417284 0.033656 0.058982 0.004070
4 0.312370 0.420443 0.019522 0.055823 0.006693
4 0.339911 0.414905 0.017261 0.051187 0.001501
4 0.599960 0.415888 0.017043 0.052929 0.010987
4 0.600460 0.415620 0.016189 0.049001 0.010987
4 0.310100 0.420526 0.021877 0.056809 0.004070
4 0.313836 0.421090 0.016614 0.056840 0.006693
4 0.853384 0.446030 0.090073 0.180169 0.047426
4 0.852484 0.450007 0.088780 0.173039 0.029312
4 0.853424 0.448809 0.090192 0.175273 0.029312
4 0.854089 0.448782 0.092211 0.174526 0.017986
4 0.852018 0.451179 0.087786 0.167037 0.029312
4 0.853157 0.450223 0.090353 0.168861 0.047426
4 0.853327 0.453172 0.090696 0.160662 0.029312
4 0.989153 0.457940 0.019080 0.220704 0.001501
4 0.851946 0.463754 0.089618 0.142748 0.029312
4 0.852081 0.470740 0.089825 0.125755 0.029312
4 0.852214 0.474744 0.089842 0.120350 0.029312
5 0.287648 0.409989 0.031625 0.060377 0.001501
5 0.296103 0.412509 0.045110 0.065689 0.001501
5 0.600071 0.407729 0.019638 0.069376 0.010987
5 0.600898 0.405307 0.017905 0.070830 0.010987
5 0.652012 0.406626 0.077839 0.121364 0.004070
5 0.652844 0.405313 0.076679 0.123898 0.002473
5 0.663178 0.396235 0.070749 0.140559 0.002473
5 0.286864 0.408825 0.030362 0.062547 0.004070
5 0.287822 0.409976 0.032177 0.064745 0.004070
5 0.297112 0.415188 0.041914 0.061744 0.075858
5 0.312219 0.421581 0.017656 0.052717 0.075858
5 0.599874 0.415826 0.016875 0.053060 0.029312
5 0.601054 0.415302 0.017227 0.049607 0.029312
5 0.650300 0.409349 0.072802 0.117047 0.004070
5 0.651498 0.407040 0.071870 0.121702 0.004070
5 0.287003 0.409998 0.032454 0.064724 0.006693
5 0.287643 0.412012 0.031859 0.064265 0.010987
5 0.303944 0.417284 0.033656 0.058982 0.119203
5 0.312370 0.420443 0.019522 0.055823 0.047426
5 0.599960 0.415888 0.017043 0.052929 0.029312
5 0.600460 0.415620 0.016189 0.049001 0.029312
5 0.652295 0.412369 0.072718 0.109789 0.001501
5 0.310100 0.420526 0.021877 0.056809 0.029312
5 0.313836 0.421090 0.016614 0.056840 0.010987
5 0.853384 0.446030 0.090073 0.180169 0.010987
5 0.852484 0.450007 0.088780 0.173039 0.001501
5 0.853424 0.448809 0.090192 0.175273 0.002473
5 0.854089 0.448782 0.092211 0.174526 0.002473
5 0.852018 0.451179 0.087786 0.167037 0.002473
5 0.853157 0.450223 0.090353 0.168861 0.002473
5 0.851946 0.463754 0.089618 0.142748 0.004070
5 0.852081 0.470740 0.089825 0.125755 0.004070
5 0.852214 0.474744 0.089842 0.120350 0.001501
