0 0.453322 0.334068 0.012590 0.029988 0.002473
0 0.595994 0.328893 0.014090 0.068419 0.002473
0 0.337776 0.350128 0.051064 0.044497 0.001501
0 0.454781 0.335800 0.009697 0.027191 0.004070
0 0.566479 0.343231 0.020578 0.040516 0.001501
0 0.597164 0.337500 0.011628 0.060629 0.001501
0 0.322359 0.364435 0.019880 0.021211 0.002473
0 0.325157 0.361221 0.022134 0.022526 0.002473
0 0.564947 0.348465 0.020345 0.035576 0.001501
0 0.329663 0.372121 0.026791 0.052264 0.001501
1 0.571940 0.322284 0.038370 0.067226 0.004070
1 0.573894 0.319843 0.036104 0.062282 0.004070
1 0.573340 0.318129 0.036146 0.066578 0.004070
1 0.335719 0.343201 0.061501 0.052324 0.006693
1 0.336661 0.344211 0.060505 0.054040 0.004070
1 0.347973 0.341788 0.039441 0.045491 0.002473
1 0.374619 0.333915 0.033182 0.048429 0.002473
1 0.374893 0.333380 0.031884 0.042047 0.006693
1 0.383170 0.334555 0.037693 0.040778 0.001501
1 0.449719 0.335177 0.015064 0.032355 0.004070
1 0.453322 0.334068 0.012590 0.029988 0.029312
1 0.569757 0.327672 0.027217 0.064151 0.004070
1 0.574234 0.324717 0.034531 0.064930 0.006693
1 0.292399 0.349129 0.050957 0.041341 0.004070
1 0.294277 0.347491 0.048207 0.038064 0.006693
1 0.294785 0.346705 0.049274 0.036495 0.017986
1 0.315372 0.352627 0.034664 0.038996 0.010987
1 0.337776 0.350128 0.051064 0.044497 0.010987
1 0.340941 0.350268 0.053801 0.049276 0.010987
1 0.348204 0.351361 0.038416 0.046481 0.004070
1 0.364857 0.345539 0.025240 0.047142 0.002473
1 0.374532 0.338883 0.034006 0.046072 0.002473
1 0.449258 0.337867 0.014142 0.033296 0.004070
1 0.454781 0.335800 0.009697 0.027191 0.047426
1 0.540835 0.347193 0.012619 0.023652 0.010987
1 0.566479 0.343231 0.020578 0.040516 0.004070
1 0.575687 0.334598 0.025336 0.049827 0.002473
1 0.289265 0.358771 0.059141 0.056367 0.001501
1 0.292630 0.353551 0.055736 0.045769 0.004070
1 0.292584 0.350646 0.054217 0.044394 0.004070
1 0.299884 0.351641 0.041964 0.041948 0.004070
1 0.322359 0.364435 0.019880 0.021211 0.017986
1 0.325157 0.361221 0.022134 0.022526 0.006693
1 0.347878 0.358588 0.040539 0.033379 0.006693
1 0.349669 0.358393 0.036746 0.038707 0.006693
1 0.358362 0.356269 0.030871 0.043294 0.001501
2 0.453322 0.334068 0.012590 0.029988 0.010987
2 0.287850 0.350792 0.057720 0.040485 0.004070
2 0.292399 0.349129 0.050957 0.041341 0.017986
2 0.294277 0.347491 0.048207 0.038064 0.017986
2 0.294785 0.346705 0.049274 0.036495 0.017986
2 0.340941 0.350268 0.053801 0.049276 0.001501
2 0.454781 0.335800 0.009697 0.027191 0.004070
2 0.289265 0.358771 0.059141 0.056367 0.002473
2 0.292630 0.353551 0.055736 0.045769 0.010987
2 0.292584 0.350646 0.054217 0.044394 0.006693
2 0.299884 0.351641 0.041964 0.041948 0.002473
3 0.617042 0.296320 0.123364 0.151046 0.182426
3 0.617190 0.298539 0.120122 0.153347 0.268941
3 0.617705 0.300130 0.121226 0.156076 0.119203
3 0.497219 0.317022 0.077491 0.134079 0.817575
3 0.497235 0.317100 0.077480 0.134211 0.880797
3 0.616708 0.296833 0.122196 0.154676 0.182426
3 0.616025 0.295136 0.122592 0.149397 0.182426
3 0.617541 0.296764 0.120837 0.149405 0.047426
3 0.618908 0.299275 0.120306 0.150925 0.006693
3 0.497752 0.317677 0.076442 0.135482 0.880797
3 0.497767 0.317578 0.076408 0.135208 0.924142
3 0.497777 0.317811 0.076389 0.135686 0.817575
3 0.616385 0.294214 0.124281 0.145194 0.075858
3 0.615492 0.290294 0.121374 0.139335 0.119203
3 0.617455 0.294112 0.120431 0.140666 0.017986
3 0.621207 0.293670 0.119972 0.139164 0.001501
3 0.453322 0.334068 0.012590 0.029988 0.017986
3 0.497753 0.317488 0.076441 0.135102 0.924142
3 0.497779 0.317673 0.076393 0.135488 0.880797
3 0.498540 0.317683 0.077932 0.135467 0.817575
3 0.617258 0.290203 0.116938 0.131786 0.001501
3 0.294277 0.347491 0.048207 0.038064 0.001501
3 0.294785 0.346705 0.049274 0.036495 0.004070
3 0.315372 0.352627 0.034664 0.038996 0.001501
3 0.454781 0.335800 0.009697 0.027191 0.006693
3 0.497767 0.318890 0.076410 0.132585 0.817575
3 0.497758 0.318938 0.076428 0.132488 0.880797
3 0.540835 0.347193 0.012619 0.023652 0.001501
3 0.654452 0.300827 0.198793 0.161293 0.008577
3 0.672879 0.303677 0.232253 0.163725 0.003173
4 0.454781 0.335800 0.009697 0.027191 0.001501
4 0.540835 0.347193 0.012619 0.023652 0.002473
4 0.349669 0.358393 0.036746 0.038707 0.001501
5 0.453322 0.334068 0.012590 0.029988 0.004070
5 0.541077 0.333848 0.010695 0.046026 0.001501
5 0.567669 0.330679 0.032814 0.067714 0.004070
5 0.569757 0.327672 0.027217 0.064151 0.002473
5 0.348204 0.351361 0.038416 0.046481 0.002473
5 0.454781 0.335800 0.009697 0.027191 0.004070
5 0.540835 0.347193 0.012619 0.023652 0.017986
5 0.563947 0.344915 0.022515 0.040023 0.029312
5 0.566479 0.343231 0.020578 0.040516 0.029312
5 0.575687 0.334598 0.025336 0.049827 0.001501
5 0.322359 0.364435 0.019880 0.021211 0.001501
5 0.562221 0.350005 0.021507 0.034561 0.010987
5 0.564947 0.348465 0.020345 0.035576 0.017986
