0 0.571165 0.313059 0.007837 0.027061 0.001501
0 0.614035 0.317440 0.011337 0.047219 0.001501
0 0.794614 0.332492 0.011350 0.065927 0.001501
0 0.345281 0.319196 0.012523 0.024367 0.001501
0 0.508154 0.319288 0.005712 0.028242 0.001501
0 0.544687 0.317582 0.004858 0.021917 0.001501
0 0.570371 0.314461 0.006229 0.022058 0.001501
0 0.615296 0.320344 0.008819 0.040182 0.004070
0 0.794130 0.334942 0.014037 0.059035 0.002473
0 0.345977 0.334267 0.011236 0.051042 0.001501
0 0.992132 0.387852 0.015871 0.186058 0.004070
0 0.991581 0.394096 0.016886 0.193366 0.010987
0 0.989551 0.389574 0.021436 0.200390 0.002473
0 0.990888 0.392930 0.018272 0.193812 0.047426
0 0.989944 0.389743 0.020555 0.202583 0.006693
0 0.990620 0.388030 0.018796 0.203278 0.047426
0 0.989906 0.376547 0.020429 0.229421 0.017986
0 0.990628 0.367790 0.018795 0.244133 0.075858
0 0.989896 0.374126 0.020336 0.233507 0.017986
0 0.990267 0.364378 0.019519 0.249297 0.075858
0 0.989493 0.374375 0.021140 0.231640 0.004070
0 0.990396 0.364386 0.019246 0.251565 0.029312
0 0.990318 0.381516 0.019441 0.225460 0.006693
1 0.459667 0.322920 0.008744 0.015777 0.182426
1 0.482709 0.320878 0.009679 0.011735 0.002473
1 0.651303 0.333897 0.017058 0.027009 0.047426
1 0.652889 0.333275 0.016851 0.025723 0.268941
1 0.675775 0.335750 0.030319 0.036962 0.377541
1 0.675713 0.333330 0.030149 0.036631 0.377541
1 0.694512 0.337015 0.037027 0.039466 0.119203
1 0.695647 0.337011 0.036451 0.039543 0.119203
1 0.716946 0.339778 0.024366 0.038800 0.017986
1 0.726541 0.340084 0.040745 0.045906 0.004070
1 0.741331 0.340470 0.066130 0.046940 0.002473
1 0.818915 0.336652 0.045686 0.035299 0.002473
1 0.819970 0.335392 0.046618 0.032658 0.004070
1 0.819225 0.335414 0.047412 0.032650 0.006693
1 0.820850 0.335331 0.049348 0.032692 0.002473
1 0.651238 0.333354 0.016896 0.028462 0.047426
1 0.652644 0.334009 0.017065 0.027097 0.182426
1 0.676320 0.335903 0.030983 0.041726 0.377541
1 0.677113 0.335774 0.029500 0.036845 0.500000
1 0.694784 0.337135 0.037188 0.039261 0.182426
1 0.714842 0.341817 0.024535 0.038196 0.075858
1 0.716421 0.343724 0.023217 0.034336 0.268941
1 0.719147 0.342981 0.029818 0.039176 0.017986
1 0.742352 0.342412 0.068169 0.042757 0.002473
1 0.745771 0.342583 0.058464 0.041806 0.002473
1 0.818844 0.337670 0.042714 0.033586 0.002473
1 0.819849 0.335493 0.046396 0.032729 0.004070
1 0.819826 0.335468 0.046926 0.032666 0.004070
1 0.821497 0.336870 0.049802 0.035298 0.002473
1 0.992132 0.387852 0.015871 0.186058 0.006693
1 0.715145 0.344925 0.022449 0.043129 0.004070
1 0.716796 0.346061 0.022652 0.039159 0.006693
1 0.720017 0.345071 0.030481 0.042435 0.001501
1 0.743496 0.344436 0.061645 0.043765 0.001501
1 0.991581 0.394096 0.016886 0.193366 0.004070
1 0.990888 0.392930 0.018272 0.193812 0.002473
2 0.482709 0.320878 0.009679 0.011735 0.004070
3 0.652889 0.333275 0.016851 0.025723 0.006693
3 0.675775 0.335750 0.030319 0.036962 0.017986
3 0.675713 0.333330 0.030149 0.036631 0.017986
3 0.694512 0.337015 0.037027 0.039466 0.002473
3 0.695647 0.337011 0.036451 0.039543 0.002473
3 0.716946 0.339778 0.024366 0.038800 0.004070
3 0.819970 0.335392 0.046618 0.032658 0.001501
3 0.819225 0.335414 0.047412 0.032650 0.002473
3 0.652644 0.334009 0.017065 0.027097 0.004070
3 0.676320 0.335903 0.030983 0.041726 0.017986
3 0.677113 0.335774 0.029500 0.036845 0.010987
3 0.694784 0.337135 0.037188 0.039261 0.001501
3 0.714842 0.341817 0.024535 0.038196 0.004070
3 0.716421 0.343724 0.023217 0.034336 0.017986
3 0.719147 0.342981 0.029818 0.039176 0.001501
3 0.819849 0.335493 0.046396 0.032729 0.002473
3 0.819826 0.335468 0.046926 0.032666 0.002473
4 0.990888 0.392930 0.018272 0.193812 0.002473
4 0.990620 0.388030 0.018796 0.203278 0.002473
5 0.675775 0.335750 0.030319 0.036962 0.006693
5 0.675713 0.333330 0.030149 0.036631 0.001501
5 0.716946 0.339778 0.024366 0.038800 0.002473
5 0.110879 0.362671 0.046752 0.094043 0.001501
5 0.651238 0.333354 0.016896 0.028462 0.002473
5 0.676320 0.335903 0.030983 0.041726 0.004070
5 0.677113 0.335774 0.029500 0.036845 0.006693
5 0.714842 0.341817 0.024535 0.038196 0.002473
5 0.716421 0.343724 0.023217 0.034336 0.029312
5 0.716796 0.346061 0.022652 0.039159 0.002473
5 0.991581 0.394096 0.016886 0.193366 0.001501
5 0.990888 0.392930 0.018272 0.193812 0.002473
5 0.990620 0.388030 0.018796 0.203278 0.002473
