0 0.674319 0.304793 0.032396 0.168455 0.731059
0 0.673076 0.305258 0.032014 0.171170 0.817575
0 0.673929 0.306579 0.033172 0.173257 0.817575
0 0.672938 0.306487 0.032290 0.173540 0.731059
0 0.035564 0.338104 0.015471 0.113197 0.001501
0 0.516359 0.321507 0.007775 0.028990 0.002473
0 0.673288 0.306492 0.031893 0.173504 0.817575
0 0.672933 0.307438 0.032311 0.176618 0.731059
0 0.036396 0.355288 0.015053 0.132465 0.004070
0 0.189162 0.351424 0.022710 0.094043 0.001501
0 0.672981 0.305839 0.032334 0.179956 0.731059
0 0.673324 0.303916 0.034313 0.174152 0.817575
0 0.036550 0.361641 0.016573 0.115742 0.004070
0 0.037850 0.361064 0.016790 0.116647 0.002473
0 0.069199 0.366370 0.029413 0.100624 0.001501
0 0.190056 0.352167 0.024466 0.087411 0.002473
0 0.672906 0.304878 0.032659 0.176895 0.731059
0 0.672709 0.304599 0.033082 0.177455 0.731059
0 0.017204 0.392126 0.012625 0.074198 0.006693
0 0.036840 0.369464 0.016547 0.100054 0.002473
0 0.038167 0.366752 0.016094 0.105035 0.001501
0 0.018700 0.392139 0.012769 0.074658 0.004070
0 0.036414 0.369213 0.017460 0.095551 0.004070
0 0.038649 0.365726 0.015061 0.102043 0.002473
0 0.065927 0.368256 0.025657 0.096966 0.001501
0 0.017764 0.389550 0.014748 0.082765 0.002473
1 0.479722 0.326220 0.012572 0.014266 0.017986
