0 0.662439 0.321980 0.015570 0.047509 0.029312
0 0.663983 0.321505 0.012526 0.046461 0.377541
0 0.384128 0.328925 0.012698 0.040193 0.001501
0 0.662756 0.323084 0.014931 0.045262 0.029312
0 0.664776 0.322877 0.012515 0.046341 0.500000
0 0.655015 0.325460 0.028607 0.052668 0.010987
0 0.664364 0.323109 0.011771 0.048908 0.500000
1 0.626954 0.331629 0.059764 0.061087 0.075858
1 0.627528 0.330741 0.058173 0.060499 0.075858
1 0.662439 0.321980 0.015570 0.047509 0.010987
1 0.532730 0.321748 0.009706 0.013575 0.004070
1 0.552048 0.326616 0.017808 0.023270 0.010987
1 0.553480 0.327737 0.015007 0.020869 0.731059
1 0.570955 0.328634 0.011166 0.019058 0.182426
1 0.586732 0.327618 0.023511 0.039921 0.817575
1 0.587512 0.327598 0.022001 0.039907 0.880797
1 0.627036 0.332033 0.059888 0.060219 0.924142
1 0.627577 0.331985 0.058265 0.060293 0.924142
1 0.627539 0.331975 0.058164 0.060276 0.924142
1 0.626862 0.331971 0.059523 0.060288 0.880797
1 0.662756 0.323084 0.014931 0.045262 0.006693
1 0.588251 0.327557 0.023480 0.040016 0.731059
1 0.587516 0.328076 0.025006 0.036327 0.817575
1 0.627079 0.332456 0.059974 0.061227 0.880797
1 0.627577 0.332109 0.058265 0.060058 0.880797
1 0.627542 0.331913 0.058161 0.060427 0.924142
1 0.627428 0.332432 0.057940 0.061180 0.880797
1 0.655015 0.325460 0.028607 0.052668 0.001501
2 0.058398 0.375879 0.116479 0.058953 0.001501
3 0.662439 0.321980 0.015570 0.047509 0.004070
3 0.662756 0.323084 0.014931 0.045262 0.002473
3 0.057759 0.376228 0.116171 0.057646 0.001501
3 0.057098 0.376440 0.111664 0.055098 0.001501
3 0.058398 0.375879 0.116479 0.058953 0.002473
3 0.060185 0.378329 0.105587 0.051219 0.002473
3 0.092331 0.372237 0.036529 0.060591 0.001501
3 0.848022 0.344593 0.260182 0.315831 0.904651
3 0.846773 0.343093 0.259598 0.313745 0.880797
3 0.847507 0.344371 0.261146 0.316382 0.880797
3 0.848023 0.341584 0.260130 0.311681 0.037327
3 0.846791 0.343086 0.259628 0.313859 0.904651
3 0.846502 0.343088 0.257001 0.313859 0.904651
3 0.848006 0.342063 0.260153 0.310761 0.904651
3 0.848017 0.343239 0.260195 0.313536 0.880797
3 0.846757 0.343087 0.259704 0.313879 0.939913
3 0.848025 0.343246 0.260090 0.313541 0.904651
3 0.847501 0.343347 0.261197 0.313341 0.904651
5 0.663983 0.321505 0.012526 0.046461 0.001501
5 0.662756 0.323084 0.014931 0.045262 0.002473
5 0.664776 0.322877 0.012515 0.046341 0.002473
