0 0.549501 0.322822 0.020583 0.043581 0.001501
0 0.570382 0.311833 0.006266 0.027202 0.002473
0 0.594429 0.315091 0.008084 0.041754 0.268941
0 0.618744 0.318640 0.009516 0.036317 0.010987
0 0.647617 0.325162 0.010879 0.048192 0.004070
0 0.856353 0.357588 0.016470 0.137743 0.047426
0 0.861423 0.338405 0.021655 0.099974 0.004070
0 0.515961 0.319563 0.010240 0.027657 0.002473
0 0.593750 0.316230 0.006726 0.039450 0.500000
0 0.618070 0.322305 0.008092 0.033163 0.377541
0 0.646900 0.328492 0.009284 0.041721 0.377541
0 0.651237 0.329545 0.011222 0.043921 0.010987
0 0.850578 0.359440 0.020570 0.140713 0.017986
0 0.854714 0.361525 0.019316 0.145869 0.119203
0 0.861999 0.345263 0.026064 0.117456 0.002473
0 0.538518 0.324508 0.037393 0.043651 0.002473
0 0.593758 0.322285 0.009504 0.051344 0.017986
0 0.618029 0.327449 0.011190 0.044363 0.075858
0 0.646903 0.330839 0.009294 0.046677 0.268941
0 0.650449 0.330963 0.013614 0.046546 0.006693
0 0.852743 0.361746 0.021057 0.144708 0.047426
0 0.853869 0.361808 0.021009 0.146302 0.182426
0 0.863710 0.350124 0.025696 0.106888 0.001501
0 0.854105 0.360808 0.023745 0.143515 0.075858
0 0.854684 0.361667 0.022647 0.146080 0.119203
0 0.860068 0.358677 0.029973 0.129350 0.002473
0 0.853689 0.360718 0.024558 0.143927 0.047426
0 0.854176 0.360678 0.020922 0.143890 0.119203
0 0.862028 0.359184 0.026439 0.123158 0.001501
0 0.853373 0.360474 0.022354 0.144377 0.029312
0 0.854678 0.360762 0.022651 0.143815 0.119203
0 0.853873 0.363131 0.022225 0.143692 0.119203
1 0.054232 0.312425 0.067258 0.028934 0.002473
1 0.054853 0.314887 0.068647 0.031103 0.001501
1 0.438095 0.305764 0.014146 0.023142 0.010987
1 0.438678 0.305763 0.013132 0.023131 0.268941
1 0.468071 0.306547 0.008119 0.012158 0.001501
1 0.497243 0.308740 0.011573 0.020983 0.004070
1 0.503302 0.312345 0.012887 0.025608 0.010987
1 0.521565 0.317726 0.019139 0.036572 0.004070
1 0.537918 0.323108 0.035823 0.042519 0.075858
1 0.538023 0.322845 0.036023 0.042289 0.047426
1 0.055763 0.319579 0.070266 0.028226 0.029312
1 0.055038 0.320946 0.071510 0.030695 0.047426
1 0.054813 0.318396 0.069376 0.025166 0.075858
1 0.053468 0.319227 0.068339 0.023270 0.075858
1 0.053937 0.318324 0.067410 0.025089 0.075858
1 0.062642 0.321922 0.070096 0.030048 0.001501
1 0.509800 0.317132 0.013833 0.022817 0.119203
1 0.515961 0.319563 0.010240 0.027657 0.029312
1 0.538062 0.323545 0.035931 0.042002 0.880797
1 0.538132 0.323393 0.036253 0.041698 0.880797
1 0.538870 0.324464 0.037777 0.043319 0.119203
1 0.054939 0.327218 0.073128 0.044878 0.006693
1 0.055616 0.327350 0.072934 0.040735 0.017986
1 0.054647 0.328594 0.073441 0.042682 0.006693
1 0.055734 0.329873 0.076409 0.040501 0.001501
1 0.538172 0.323534 0.036147 0.042436 0.377541
1 0.537950 0.323793 0.036164 0.041905 0.377541
1 0.538518 0.324508 0.037393 0.043651 0.047426
1 0.738196 0.353339 0.018493 0.030151 0.001501
1 0.739951 0.352937 0.021925 0.034566 0.001501
1 0.957048 0.397253 0.085966 0.294267 0.880797
1 0.957698 0.393368 0.084619 0.286177 0.880797
1 0.957713 0.393485 0.084619 0.286622 0.880797
1 0.957705 0.393281 0.084613 0.286589 0.880797
1 0.957701 0.393262 0.084622 0.286630 0.880797
1 0.956951 0.393183 0.083074 0.286780 0.924142
1 0.959013 0.393128 0.085062 0.286983 0.880797
1 0.957703 0.394530 0.084603 0.284469 0.880797
1 0.957725 0.392456 0.084592 0.285013 0.880797
1 0.957038 0.393309 0.085970 0.286794 0.924142
2 0.438095 0.305764 0.014146 0.023142 0.001501
2 0.438678 0.305763 0.013132 0.023131 0.017986
2 0.468071 0.306547 0.008119 0.012158 0.002473
2 0.497243 0.308740 0.011573 0.020983 0.010987
2 0.503302 0.312345 0.012887 0.025608 0.004070
2 0.055763 0.319579 0.070266 0.028226 0.001501
2 0.054813 0.318396 0.069376 0.025166 0.002473
2 0.053468 0.319227 0.068339 0.023270 0.002473
3 0.275748 0.287122 0.051606 0.076270 0.001501
3 0.893039 0.326164 0.107035 0.111402 0.004070
3 0.892796 0.332090 0.107960 0.123731 0.002473
3 0.438095 0.305764 0.014146 0.023142 0.017986
3 0.438678 0.305763 0.013132 0.023131 0.500000
3 0.497243 0.308740 0.011573 0.020983 0.006693
3 0.503302 0.312345 0.012887 0.025608 0.002473
3 0.893270 0.328737 0.111749 0.121736 0.004070
3 0.893395 0.333136 0.107114 0.130282 0.004070
3 0.053468 0.319227 0.068339 0.023270 0.001501
3 0.053937 0.318324 0.067410 0.025089 0.001501
3 0.894244 0.337149 0.105432 0.138212 0.006693
3 0.894073 0.334856 0.106190 0.133646 0.001501
3 0.892782 0.335155 0.106023 0.130121 0.002473
4 0.739176 0.352034 0.020530 0.032568 0.010987
4 0.740332 0.352785 0.024610 0.034843 0.006693
4 0.738196 0.353339 0.018493 0.030151 0.010987
4 0.739951 0.352937 0.021925 0.034566 0.010987
5 0.739176 0.352034 0.020530 0.032568 0.004070
5 0.740332 0.352785 0.024610 0.034843 0.004070
5 0.738196 0.353339 0.018493 0.030151 0.004070
5 0.739951 0.352937 0.021925 0.034566 0.002473
