0 0.141763 0.297051 0.008543 0.047429 0.004070
0 0.143086 0.303296 0.008163 0.042163 0.001501
0 0.244292 0.307455 0.005648 0.026496 0.004070
0 0.503572 0.315622 0.007302 0.030387 0.001501
0 0.765963 0.333391 0.013467 0.067834 0.001501
0 0.786847 0.336377 0.012395 0.071818 0.029312
0 0.789041 0.335309 0.011323 0.074169 0.075858
0 0.838059 0.324914 0.015625 0.077628 0.004070
0 0.840281 0.324591 0.013678 0.076005 0.047426
0 0.931169 0.321590 0.012732 0.070278 0.006693
0 0.503565 0.316878 0.007276 0.023401 0.006693
0 0.744303 0.326566 0.005677 0.028242 0.029312
0 0.761000 0.339596 0.011408 0.054300 0.268941
0 0.764004 0.340392 0.011397 0.055851 0.377541
0 0.785560 0.337719 0.009819 0.069397 0.268941
0 0.788470 0.337236 0.011749 0.070426 0.119203
0 0.801493 0.342492 0.011424 0.055052 0.029312
0 0.837782 0.327709 0.016151 0.082728 0.006693
0 0.840541 0.324895 0.015889 0.076388 0.029312
0 0.930474 0.323547 0.014319 0.073776 0.006693
0 0.609793 0.327579 0.012042 0.035591 0.002473
0 0.615882 0.330145 0.012859 0.030430 0.002473
0 0.746054 0.333777 0.009223 0.042495 0.004070
0 0.760186 0.341017 0.010865 0.051998 0.377541
0 0.764818 0.342577 0.010854 0.055140 0.377541
0 0.786131 0.337764 0.010969 0.069317 0.268941
0 0.788417 0.337570 0.011858 0.069769 0.182426
0 0.801545 0.346100 0.011313 0.057475 0.047426
0 0.838152 0.337535 0.015818 0.097501 0.002473
0 0.840268 0.329484 0.016433 0.085975 0.017986
0 0.931249 0.326375 0.016083 0.075107 0.004070
0 0.761660 0.339787 0.012015 0.054575 0.268941
0 0.763998 0.340479 0.011405 0.055822 0.377541
0 0.786803 0.337762 0.012305 0.069447 0.182426
0 0.788519 0.338517 0.012367 0.067906 0.119203
0 0.801029 0.345067 0.013442 0.054939 0.047426
0 0.839000 0.350363 0.016291 0.128311 0.006693
0 0.930562 0.330930 0.018395 0.084917 0.001501
0 0.839287 0.359922 0.018512 0.144001 0.004070
1 0.422843 0.311573 0.012781 0.021072 0.001501
1 0.444527 0.307336 0.011000 0.015490 0.029312
1 0.422744 0.315505 0.012560 0.015710 0.017986
1 0.493764 0.318089 0.012567 0.020888 0.182426
1 0.536825 0.325857 0.029491 0.036390 0.880797
1 0.536814 0.326930 0.029499 0.034006 0.880797
1 0.595534 0.326233 0.035388 0.027601 0.006693
1 0.597495 0.325317 0.036157 0.025766 0.006693
1 0.598920 0.326258 0.037427 0.027745 0.004070
1 0.619913 0.328890 0.027328 0.027991 0.002473
1 0.536826 0.327336 0.029518 0.034928 0.377541
1 0.536825 0.327338 0.029472 0.034834 0.268941
2 0.444527 0.307336 0.011000 0.015490 0.017986
3 0.717836 0.297654 0.073465 0.067355 0.001501
3 0.444527 0.307336 0.011000 0.015490 0.006693
4 0.609793 0.327579 0.012042 0.035591 0.001501
4 0.622875 0.331907 0.023585 0.028937 0.001501
5 0.764004 0.340392 0.011397 0.055851 0.002473
5 0.760186 0.341017 0.010865 0.051998 0.004070
5 0.764818 0.342577 0.010854 0.055140 0.010987
5 0.801545 0.346100 0.011313 0.057475 0.001501
5 0.761660 0.339787 0.012015 0.054575 0.002473
5 0.763998 0.340479 0.011405 0.055822 0.004070
5 0.801029 0.345067 0.013442 0.054939 0.002473
