0 0.032787 0.345765 0.012553 0.053343 0.047426
0 0.416517 0.327168 0.013980 0.034595 0.002473
0 0.608718 0.325725 0.008028 0.032501 0.001501
0 0.032705 0.346052 0.009643 0.052830 0.075858
0 0.416478 0.327576 0.011291 0.035553 0.017986
0 0.033477 0.348038 0.011207 0.054012 0.119203
1 0.284035 0.339966 0.098918 0.083388 0.924142
1 0.370302 0.336568 0.087469 0.094985 0.924142
1 0.416577 0.322445 0.017038 0.044068 0.010987
1 0.459555 0.317087 0.019165 0.037638 0.047426
1 0.459854 0.317077 0.019727 0.037649 0.017986
1 0.284723 0.339071 0.097568 0.081575 0.924142
1 0.284734 0.339966 0.097566 0.083360 0.952574
1 0.284055 0.339120 0.101100 0.081646 0.880797
1 0.369522 0.337840 0.085992 0.092448 0.924142
1 0.370280 0.336509 0.087509 0.094822 0.952574
1 0.368766 0.337816 0.087494 0.092318 0.924142
1 0.410028 0.323569 0.013980 0.058115 0.010987
1 0.416517 0.327168 0.013980 0.034595 0.500000
1 0.432832 0.322908 0.012678 0.015793 0.268941
1 0.441681 0.320306 0.011058 0.016496 0.001501
1 0.458603 0.317118 0.020328 0.037571 0.119203
1 0.459840 0.317115 0.019756 0.037599 0.029312
1 0.684253 0.314172 0.097078 0.092546 0.002473
1 0.285277 0.339972 0.098653 0.083350 0.924142
1 0.284059 0.339065 0.098922 0.081536 0.924142
1 0.285273 0.339967 0.101360 0.083341 0.924142
1 0.370289 0.337784 0.087509 0.092278 0.924142
1 0.369517 0.336810 0.085981 0.095407 0.924142
1 0.368760 0.337772 0.087506 0.092234 0.924142
1 0.416478 0.327576 0.011291 0.035553 0.182426
1 0.684006 0.315591 0.095031 0.095460 0.002473
1 0.285948 0.340620 0.099979 0.084667 0.880797
1 0.284593 0.340627 0.100003 0.084668 0.880797
1 0.285242 0.340004 0.098621 0.083386 0.880797
1 0.370299 0.336545 0.087533 0.094924 0.924142
1 0.370290 0.336495 0.087494 0.094810 0.924142
1 0.369533 0.336545 0.089013 0.094910 0.924142
2 0.683105 0.301314 0.092406 0.066733 0.002473
2 0.683669 0.306715 0.093505 0.081843 0.002473
2 0.682793 0.305043 0.094461 0.073896 0.002473
2 0.459555 0.317087 0.019165 0.037638 0.119203
2 0.459854 0.317077 0.019727 0.037649 0.029312
2 0.681644 0.313980 0.094488 0.092573 0.006693
2 0.683816 0.314056 0.094086 0.092055 0.002473
2 0.683465 0.314001 0.096309 0.096297 0.001501
2 0.684420 0.314110 0.092537 0.092107 0.002473
2 0.432832 0.322908 0.012678 0.015793 0.001501
2 0.458603 0.317118 0.020328 0.037571 0.119203
2 0.459840 0.317115 0.019756 0.037599 0.017986
2 0.682366 0.313749 0.096214 0.092382 0.006693
2 0.683381 0.314084 0.096071 0.092402 0.004070
2 0.684253 0.314172 0.097078 0.092546 0.006693
3 0.416577 0.322445 0.017038 0.044068 0.001501
3 0.459555 0.317087 0.019165 0.037638 0.622459
3 0.459854 0.317077 0.019727 0.037649 0.182426
3 0.416517 0.327168 0.013980 0.034595 0.006693
3 0.432832 0.322908 0.012678 0.015793 0.006693
3 0.458603 0.317118 0.020328 0.037571 0.622459
3 0.459840 0.317115 0.019756 0.037599 0.182426
3 0.416478 0.327576 0.011291 0.035553 0.004070
5 0.416577 0.322445 0.017038 0.044068 0.001501
5 0.416517 0.327168 0.013980 0.034595 0.075858
5 0.416478 0.327576 0.011291 0.035553 0.029312
