0 0.767529 0.286006 0.007006 0.035557 0.002473
0 0.655429 0.316685 0.011093 0.064630 0.002473
0 0.767523 0.289261 0.007050 0.037409 0.006693
0 0.653858 0.317499 0.014259 0.067984 0.002473
0 0.652494 0.316530 0.014313 0.070331 0.006693
1 0.314137 0.333302 0.084230 0.073676 0.924142
1 0.398760 0.329991 0.064526 0.076688 0.924142
1 0.398510 0.331264 0.064032 0.074145 0.924142
1 0.464721 0.311081 0.023694 0.044558 0.001501
1 0.464722 0.309869 0.023657 0.046989 0.001501
1 0.314157 0.334225 0.084190 0.071897 0.924142
1 0.314092 0.334227 0.084034 0.071892 0.924142
1 0.313978 0.333337 0.083809 0.073688 0.924142
1 0.397917 0.330002 0.065044 0.076709 0.924142
1 0.398720 0.331291 0.064495 0.074154 0.924142
1 0.398636 0.331292 0.064318 0.074154 0.924142
1 0.434695 0.319220 0.011454 0.018651 0.182426
1 0.444501 0.317547 0.008369 0.022049 0.001501
1 0.463276 0.312264 0.023530 0.042169 0.010987
1 0.463960 0.310971 0.022135 0.044774 0.017986
1 0.313626 0.334242 0.085252 0.071896 0.924142
1 0.314090 0.334242 0.084038 0.071891 0.924142
1 0.314090 0.333341 0.084040 0.073704 0.924142
1 0.398634 0.332428 0.064321 0.071892 0.924142
1 0.398071 0.330645 0.065339 0.072843 0.924142
1 0.398458 0.330643 0.063962 0.072851 0.924142
1 0.398726 0.330031 0.064420 0.076728 0.006693
1 0.313626 0.333348 0.085253 0.073715 0.924142
1 0.314092 0.334242 0.084036 0.071906 0.924142
1 0.313511 0.333359 0.085026 0.073697 0.924142
1 0.398460 0.331303 0.063957 0.074169 0.924142
1 0.398505 0.331302 0.064040 0.074178 0.880797
1 0.079445 0.384219 0.159084 0.501384 0.005220
1 0.079479 0.385063 0.158939 0.504096 0.904651
1 0.079439 0.384618 0.158909 0.508190 0.904651
1 0.079473 0.386059 0.158892 0.501906 0.939913
1 0.079468 0.386265 0.158957 0.501435 0.880797
1 0.079814 0.384983 0.159577 0.503594 0.924142
1 0.078641 0.386775 0.160430 0.503271 0.924142
1 0.079819 0.386149 0.159585 0.501117 0.924142
1 0.079470 0.388475 0.158869 0.496605 0.924142
1 0.079792 0.387856 0.159604 0.497766 0.924142
1 0.079855 0.387196 0.159639 0.499156 0.880797
2 0.464746 0.308101 0.023761 0.055792 0.004070
2 0.464094 0.308069 0.025043 0.055685 0.004070
2 0.464721 0.311081 0.023694 0.044558 0.029312
2 0.464722 0.309869 0.023657 0.046989 0.010987
2 0.463276 0.312264 0.023530 0.042169 0.029312
2 0.463960 0.310971 0.022135 0.044774 0.010987
3 0.464746 0.308101 0.023761 0.055792 0.047426
3 0.464094 0.308069 0.025043 0.055685 0.075858
3 0.464721 0.311081 0.023694 0.044558 0.731059
3 0.464722 0.309869 0.023657 0.046989 0.731059
3 0.434695 0.319220 0.011454 0.018651 0.004070
3 0.463276 0.312264 0.023530 0.042169 0.622459
3 0.463960 0.310971 0.022135 0.044774 0.622459
