0 0.870196 0.301976 0.009708 0.095677 0.001501
0 0.735431 0.303390 0.012999 0.060349 0.001501
0 0.741531 0.305648 0.011222 0.069800 0.047426
0 0.757693 0.307140 0.013140 0.073347 0.001501
0 0.779805 0.304783 0.009649 0.062896 0.004070
0 0.790546 0.307367 0.009425 0.073065 0.001501
0 0.825020 0.305480 0.028141 0.152692 0.817575
0 0.825749 0.306196 0.026589 0.154205 0.817575
0 0.861884 0.310785 0.015956 0.106637 0.001501
0 0.868705 0.310098 0.009663 0.110246 0.001501
0 0.734885 0.304792 0.014058 0.062288 0.001501
0 0.740991 0.304558 0.010104 0.067282 0.075858
0 0.755679 0.305076 0.017468 0.073136 0.002473
0 0.779803 0.305015 0.009630 0.063247 0.010987
0 0.790569 0.308347 0.009364 0.070948 0.002473
0 0.825816 0.304817 0.026670 0.156500 0.817575
0 0.826523 0.305413 0.025084 0.152664 0.731059
0 0.733566 0.302673 0.014148 0.061453 0.002473
0 0.740593 0.304645 0.009307 0.067136 0.075858
0 0.779257 0.304974 0.008572 0.063122 0.006693
0 0.825785 0.306767 0.026731 0.150141 0.731059
0 0.826504 0.306157 0.025167 0.153999 0.731059
0 0.825012 0.307379 0.025182 0.151411 0.731059
0 0.826458 0.306088 0.028050 0.153872 0.731059
0 0.825721 0.308739 0.026848 0.148765 0.500000
0 0.826471 0.307991 0.025386 0.150248 0.622459
1 0.567875 0.307835 0.064208 0.060800 0.029312
1 0.567955 0.307821 0.064125 0.060764 0.622459
1 0.566519 0.308543 0.063892 0.059575 0.500000
1 0.626107 0.314879 0.066971 0.078558 0.880797
1 0.509227 0.312475 0.062695 0.051448 0.817575
1 0.508498 0.312493 0.063909 0.051347 0.880797
1 0.509040 0.311595 0.065021 0.053136 0.880797
1 0.508498 0.311596 0.063923 0.053144 0.817575
1 0.508505 0.312493 0.063878 0.051340 0.817575
1 0.567972 0.307847 0.064056 0.060624 0.731059
1 0.567189 0.307860 0.062575 0.060615 0.880797
1 0.567303 0.308500 0.065448 0.059339 0.880797
1 0.567299 0.308525 0.065413 0.059296 0.880797
1 0.568081 0.308561 0.066946 0.059260 0.817575
1 0.625764 0.314911 0.065501 0.078525 0.880797
1 0.625431 0.314908 0.066186 0.078519 0.880797
1 0.625993 0.314924 0.067194 0.078515 0.817575
1 0.669608 0.313922 0.017466 0.028829 0.010987
1 0.687189 0.306585 0.022667 0.030164 0.006693
1 0.689798 0.305459 0.017354 0.027724 0.006693
1 0.428290 0.326102 0.056639 0.032349 0.731059
1 0.428891 0.324972 0.054762 0.034609 0.880797
1 0.428137 0.326107 0.056248 0.032359 0.817575
1 0.428917 0.326145 0.054727 0.032435 0.817575
1 0.428952 0.326665 0.057593 0.033558 0.182426
1 0.508555 0.311514 0.064065 0.053347 0.817575
1 0.508532 0.312465 0.063946 0.051387 0.880797
1 0.509064 0.311591 0.065064 0.053146 0.817575
1 0.508524 0.312500 0.063972 0.051334 0.880797
1 0.509732 0.312493 0.063657 0.054936 0.817575
1 0.567306 0.308811 0.065406 0.062335 0.377541
1 0.567968 0.309429 0.064070 0.061065 0.817575
1 0.567314 0.308488 0.065435 0.059352 0.817575
1 0.566531 0.308760 0.063875 0.062473 0.880797
1 0.567306 0.309453 0.065435 0.061131 0.817575
1 0.626259 0.314544 0.066661 0.074150 0.817575
1 0.626240 0.314919 0.066722 0.078503 0.880797
1 0.625458 0.314543 0.066126 0.074172 0.880797
1 0.668096 0.316210 0.017155 0.029195 0.017986
1 0.683212 0.311754 0.027088 0.035426 0.001501
1 0.126451 0.345633 0.047325 0.038056 0.010987
1 0.128313 0.345459 0.047680 0.037613 0.029312
1 0.126765 0.344723 0.046684 0.038864 0.029312
1 0.126158 0.344526 0.048379 0.038521 0.017986
1 0.429150 0.327332 0.055313 0.034920 0.017986
1 0.428903 0.327151 0.054753 0.034502 0.047426
1 0.428318 0.327351 0.056642 0.034847 0.029312
1 0.428150 0.327349 0.056308 0.034843 0.047426
1 0.428884 0.327687 0.057740 0.035563 0.017986
1 0.625478 0.314918 0.066023 0.078521 0.880797
1 0.625705 0.314911 0.065643 0.078530 0.880797
1 0.625475 0.314927 0.065980 0.078526 0.880797
1 0.122567 0.346661 0.040779 0.041112 0.002473
1 0.127458 0.346834 0.044473 0.040508 0.004070
1 0.126980 0.346793 0.046884 0.040595 0.004070
1 0.127676 0.346742 0.050984 0.040727 0.002473
2 0.296465 0.208438 0.093578 0.047421 0.002473
2 0.294657 0.208456 0.086293 0.047149 0.010987
2 0.293776 0.208381 0.087522 0.046941 0.006693
2 0.293617 0.210772 0.087876 0.046612 0.004070
2 0.291292 0.209666 0.089398 0.044400 0.017986
2 0.292961 0.208379 0.089612 0.047156 0.006693
2 0.295682 0.210734 0.087476 0.046934 0.010987
2 0.295387 0.210760 0.087314 0.046695 0.006693
2 0.292663 0.210779 0.089836 0.046659 0.002473
2 0.291135 0.209490 0.089744 0.049165 0.004070
5 0.860991 0.314124 0.016449 0.100911 0.017986
5 0.863702 0.310208 0.017103 0.110557 0.002473
5 0.875907 0.315877 0.024034 0.103909 0.002473
5 0.860565 0.313140 0.018388 0.098698 0.029312
5 0.862921 0.311640 0.018663 0.104719 0.006693
5 0.860689 0.312673 0.018515 0.096750 0.029312
5 0.862749 0.311986 0.019160 0.102502 0.004070
