0 0.800993 0.297045 0.020211 0.084909 0.002473
0 0.806219 0.292266 0.024231 0.075017 0.047426
0 0.808129 0.289704 0.025862 0.070158 0.010987
0 0.747921 0.289190 0.012913 0.036873 0.017986
0 0.751087 0.290412 0.017310 0.034522 0.006693
0 0.798822 0.299102 0.017308 0.087741 0.006693
0 0.805024 0.294368 0.021897 0.078596 0.047426
0 0.811078 0.289955 0.019917 0.065709 0.017986
0 0.271443 0.329793 0.010292 0.058713 0.002473
0 0.749040 0.287965 0.015156 0.039546 0.010987
0 0.754134 0.291860 0.024385 0.036234 0.001501
0 0.800782 0.305641 0.020882 0.101110 0.006693
0 0.804733 0.299627 0.022041 0.085793 0.047426
0 0.808976 0.291732 0.022549 0.069200 0.010987
0 0.271896 0.333312 0.009284 0.051436 0.268941
0 0.802264 0.316539 0.021656 0.118815 0.010987
0 0.804547 0.305255 0.022875 0.096738 0.017986
0 0.808259 0.304519 0.025840 0.092861 0.004070
0 0.271899 0.333271 0.009286 0.051505 0.268941
0 0.799990 0.335796 0.022818 0.157406 0.002473
0 0.805404 0.320789 0.023476 0.127896 0.010987
0 0.808336 0.325173 0.028746 0.132664 0.001501
0 0.804597 0.334677 0.023890 0.163366 0.010987
1 0.500774 0.323598 0.051591 0.077165 0.924142
1 0.500766 0.324057 0.051570 0.078060 0.817575
1 0.500798 0.323005 0.051533 0.078648 0.880797
1 0.536106 0.320871 0.019396 0.045912 0.004070
1 0.592997 0.325410 0.048987 0.080762 0.880797
1 0.592529 0.324869 0.048316 0.082314 0.817575
1 0.592962 0.325275 0.048888 0.083133 0.880797
1 0.694639 0.341721 0.176783 0.173781 0.880797
1 0.068919 0.339824 0.137978 0.227919 0.377541
1 0.068587 0.338659 0.137107 0.226344 0.377541
1 0.066562 0.340249 0.133122 0.220804 0.119203
1 0.408236 0.327638 0.038562 0.030509 0.075858
1 0.411834 0.326143 0.032852 0.032444 0.731059
1 0.412253 0.326142 0.033753 0.032445 0.622459
1 0.426265 0.326704 0.017016 0.028988 0.001501
1 0.470971 0.318029 0.011231 0.021581 0.002473
1 0.501443 0.323530 0.052959 0.077240 0.880797
1 0.500681 0.324452 0.054464 0.075357 0.880797
1 0.501447 0.322933 0.052932 0.075806 0.817575
1 0.501451 0.322916 0.052893 0.075851 0.880797
1 0.536152 0.324548 0.016574 0.035929 0.017986
1 0.538758 0.322991 0.017869 0.040349 0.002473
1 0.554408 0.317640 0.025597 0.032314 0.001501
1 0.593111 0.325513 0.048753 0.081027 0.817575
1 0.593043 0.325514 0.048881 0.081027 0.880797
1 0.592609 0.325234 0.048189 0.080408 0.880797
1 0.594540 0.324765 0.049668 0.079747 0.002473
1 0.694538 0.342084 0.177330 0.174523 0.880797
1 0.694146 0.341539 0.176515 0.177980 0.924142
1 0.694885 0.342520 0.176151 0.175593 0.924142
1 0.069438 0.338597 0.138977 0.233010 0.622459
1 0.069180 0.339777 0.138372 0.229782 0.622459
1 0.067860 0.339810 0.138842 0.229948 0.500000
1 0.406830 0.329336 0.038770 0.034234 0.006693
1 0.411252 0.328605 0.033662 0.032360 0.017986
1 0.411450 0.327329 0.035834 0.034879 0.029312
1 0.501528 0.323572 0.050084 0.077133 0.817575
1 0.500674 0.324034 0.054456 0.078067 0.880797
1 0.500770 0.323528 0.051551 0.077246 0.880797
1 0.535351 0.326988 0.018197 0.051036 0.001501
1 0.593077 0.325546 0.049137 0.081100 0.817575
1 0.592603 0.325548 0.048174 0.081095 0.924142
1 0.592964 0.324608 0.048888 0.081861 0.817575
1 0.694714 0.342360 0.176955 0.171409 0.924142
1 0.694392 0.342361 0.176290 0.171412 0.924142
1 0.694900 0.343167 0.176572 0.170264 0.880797
1 0.069587 0.337244 0.139306 0.234454 0.731059
1 0.069812 0.337439 0.139670 0.230832 0.731059
1 0.068669 0.335804 0.137405 0.230068 0.622459
1 0.592666 0.325573 0.048304 0.081198 0.731059
1 0.695074 0.341489 0.176512 0.173141 0.924142
1 0.694574 0.341532 0.175926 0.173061 0.924142
1 0.695257 0.342146 0.176137 0.173648 0.817575
1 0.068857 0.341000 0.140807 0.235064 0.731059
1 0.069146 0.338410 0.141414 0.229520 0.777300
1 0.069146 0.337349 0.141413 0.236894 0.148047
1 0.897707 0.410377 0.204459 0.358628 0.851953
1 0.897736 0.409934 0.204520 0.356160 0.880797
1 0.897751 0.411531 0.204497 0.358003 0.880797
1 0.897761 0.410348 0.204582 0.355624 0.880797
1 0.897658 0.409445 0.204357 0.358032 0.880797
1 0.897662 0.411800 0.201527 0.361413 0.851953
1 0.898457 0.411088 0.203087 0.358660 0.851953
1 0.898538 0.410400 0.206121 0.358664 0.851953
1 0.898385 0.411755 0.203136 0.359362 0.880797
1 0.897709 0.409808 0.204611 0.356102 0.851953
2 0.068919 0.339824 0.137978 0.227919 0.001501
3 0.068857 0.341000 0.140807 0.235064 0.001501
4 0.406830 0.329336 0.038770 0.034234 0.001501
