0 0.419440 0.333684 0.035986 0.084385 0.001501
1 0.424198 0.318445 0.045358 0.053620 0.731059
1 0.424313 0.318000 0.045530 0.052734 0.817575
1 0.424962 0.318021 0.044145 0.052757 0.817575
1 0.425051 0.318696 0.044166 0.049036 0.731059
1 0.452002 0.314829 0.018959 0.037095 0.001501
1 0.494520 0.324185 0.039072 0.059973 0.880797
1 0.492987 0.325458 0.039063 0.062524 0.880797
1 0.493739 0.325487 0.040602 0.062602 0.817575
1 0.623293 0.340106 0.106517 0.091834 0.924142
1 0.266357 0.339097 0.086302 0.076947 0.377541
1 0.265890 0.337865 0.085162 0.074340 0.500000
1 0.265725 0.338194 0.085403 0.073813 0.377541
1 0.424245 0.318315 0.045463 0.053375 0.731059
1 0.424331 0.317769 0.045496 0.052248 0.817575
1 0.424269 0.318091 0.045531 0.052901 0.731059
1 0.425029 0.317493 0.046901 0.051748 0.622459
1 0.453967 0.322738 0.014219 0.026421 0.047426
1 0.464779 0.318932 0.017457 0.023896 0.004070
1 0.493755 0.324178 0.040601 0.059993 0.817575
1 0.493752 0.325327 0.040585 0.057728 0.817575
1 0.493734 0.324178 0.040604 0.060038 0.817575
1 0.523621 0.325430 0.016522 0.021009 0.268941
1 0.524657 0.322902 0.016179 0.020946 0.119203
1 0.562788 0.322863 0.017715 0.021062 0.002473
1 0.565727 0.321345 0.019201 0.018945 0.004070
1 0.623058 0.340416 0.107014 0.092420 0.924142
1 0.622318 0.341551 0.105394 0.090147 0.924142
1 0.622285 0.340493 0.105442 0.092556 0.880797
1 0.266667 0.339453 0.088222 0.076292 0.500000
1 0.265756 0.339142 0.085486 0.076848 0.500000
1 0.265920 0.338168 0.085154 0.073713 0.500000
1 0.265168 0.338237 0.086595 0.073575 0.731059
1 0.424014 0.323907 0.048067 0.064740 0.029312
1 0.424940 0.319680 0.046769 0.056083 0.182426
1 0.423497 0.319704 0.047069 0.056157 0.182426
1 0.494522 0.324206 0.039064 0.059992 0.817575
1 0.494524 0.324210 0.039061 0.059968 0.817575
1 0.492976 0.325472 0.039059 0.062574 0.817575
1 0.623051 0.340131 0.106987 0.091815 0.880797
1 0.622560 0.340424 0.104898 0.092408 0.880797
1 0.622286 0.340495 0.105448 0.092560 0.924142
1 0.265585 0.339220 0.087950 0.076742 0.377541
1 0.266397 0.338759 0.086315 0.077636 0.622459
1 0.265787 0.338065 0.085433 0.073973 0.731059
1 0.419440 0.333684 0.035986 0.084385 0.002473
1 0.623054 0.340470 0.106992 0.092536 0.880797
1 0.622319 0.340512 0.105399 0.092608 0.924142
1 0.622285 0.340520 0.105440 0.092627 0.924142
2 0.266357 0.339097 0.086302 0.076947 0.268941
2 0.265890 0.337865 0.085162 0.074340 0.268941
2 0.265725 0.338194 0.085403 0.073813 0.075858
2 0.266667 0.339453 0.088222 0.076292 0.182426
2 0.265756 0.339142 0.085486 0.076848 0.268941
2 0.265920 0.338168 0.085154 0.073713 0.182426
2 0.265168 0.338237 0.086595 0.073575 0.119203
2 0.265585 0.339220 0.087950 0.076742 0.075858
2 0.266397 0.338759 0.086315 0.077636 0.075858
2 0.265787 0.338065 0.085433 0.073973 0.017986
4 0.265168 0.338237 0.086595 0.073575 0.001501
4 0.265787 0.338065 0.085433 0.073973 0.004070
5 0.424940 0.319680 0.046769 0.056083 0.001501
5 0.419440 0.333684 0.035986 0.084385 0.010987
5 0.418945 0.334417 0.037940 0.086106 0.006693
