0 0.583231 0.317098 0.008577 0.046447 0.010987
0 0.583629 0.322880 0.007750 0.037344 0.047426
0 0.582694 0.324152 0.009676 0.042462 0.002473
1 0.430803 0.321622 0.034325 0.018651 0.001501
1 0.538203 0.324440 0.029513 0.037164 0.880797
1 0.538169 0.324434 0.029477 0.037176 0.817575
1 0.537539 0.324955 0.030907 0.038422 0.075858
1 0.538189 0.325086 0.029463 0.038574 0.047426
5 0.583629 0.322880 0.007750 0.037344 0.001501
5 0.610354 0.324402 0.012845 0.050181 0.002473
5 0.615540 0.325080 0.016100 0.048829 0.002473
