0 0.766426 0.341980 0.014140 0.096295 0.004070
0 0.822802 0.335856 0.012878 0.072597 0.001501
0 0.765491 0.343513 0.016011 0.094390 0.004070
0 0.822219 0.339096 0.011504 0.066606 0.182426
0 0.825737 0.339945 0.012928 0.065005 0.029312
0 0.764756 0.342574 0.014825 0.096585 0.004070
0 0.822759 0.339983 0.012598 0.064970 0.268941
0 0.827369 0.341264 0.012377 0.067658 0.029312
0 0.822688 0.340019 0.010864 0.064903 0.268941
0 0.825730 0.342563 0.014057 0.065072 0.029312
1 0.980762 0.285705 0.035595 0.182205 0.001501
1 0.992509 0.284529 0.015016 0.182892 0.001501
1 0.006588 0.341534 0.013328 0.111856 0.010987
1 0.504668 0.327584 0.037444 0.053045 0.075858
1 0.504048 0.327576 0.036102 0.052987 0.075858
1 0.504672 0.327605 0.037665 0.053162 0.119203
1 0.006596 0.349469 0.013285 0.100973 0.010987
1 0.011466 0.347993 0.023197 0.111421 0.002473
1 0.381261 0.326712 0.037544 0.041695 0.880797
1 0.382023 0.326045 0.035991 0.043012 0.880797
1 0.382012 0.327614 0.039048 0.043518 0.880797
1 0.410474 0.328174 0.020992 0.026268 0.817575
1 0.410512 0.328166 0.021063 0.026296 0.731059
1 0.430661 0.325470 0.017175 0.020873 0.377541
1 0.445213 0.325313 0.013151 0.016108 0.017986
1 0.450726 0.322891 0.012968 0.015870 0.010987
1 0.504712 0.328499 0.037505 0.051350 0.731059
1 0.504019 0.328444 0.036129 0.051552 0.817575
1 0.503328 0.328443 0.037580 0.051614 0.817575
1 0.588979 0.340414 0.078001 0.069256 0.924142
1 0.588950 0.340402 0.077925 0.069220 0.880797
1 0.590268 0.340368 0.077491 0.069275 0.880797
1 0.005960 0.350562 0.012001 0.099168 0.010987
1 0.010774 0.352179 0.021603 0.111813 0.002473
1 0.093989 0.367136 0.187962 0.150965 0.880797
1 0.097377 0.368316 0.191714 0.148212 0.924142
1 0.096619 0.365931 0.190137 0.148559 0.924142
1 0.382023 0.326927 0.036014 0.044894 0.880797
1 0.382018 0.326698 0.035989 0.041733 0.880797
1 0.381243 0.326699 0.037526 0.041739 0.817575
1 0.504020 0.328451 0.036139 0.051522 0.731059
1 0.504020 0.328747 0.036134 0.050928 0.817575
1 0.504018 0.328257 0.038918 0.051908 0.731059
1 0.588970 0.340377 0.077968 0.069263 0.880797
1 0.588954 0.340406 0.077922 0.069218 0.880797
1 0.588949 0.340420 0.077927 0.069181 0.924142
1 0.588278 0.340412 0.076554 0.069246 0.880797
1 0.005775 0.353037 0.011579 0.102046 0.017986
1 0.011627 0.353801 0.023273 0.106657 0.002473
1 0.094724 0.365852 0.189434 0.148443 0.880797
1 0.097183 0.365870 0.191358 0.148449 0.924142
1 0.096197 0.365888 0.192397 0.148516 0.880797
1 0.588966 0.341691 0.077958 0.071788 0.880797
1 0.588953 0.341659 0.077921 0.071824 0.880797
1 0.588960 0.341684 0.077948 0.071778 0.880797
1 0.004896 0.355273 0.012877 0.100290 0.006693
1 0.094671 0.365916 0.189298 0.148498 0.880797
1 0.097447 0.365894 0.189193 0.148453 0.880797
1 0.095844 0.367187 0.191689 0.145948 0.880797
1 0.096390 0.365868 0.189778 0.148488 0.817575
2 0.381261 0.326712 0.037544 0.041695 0.002473
2 0.382023 0.326927 0.036014 0.044894 0.001501
