1 0.956154 0.295878 0.087799 0.128802 0.001501
1 0.954289 0.296472 0.088750 0.125131 0.004070
1 0.956549 0.300295 0.086985 0.133213 0.010987
1 0.955722 0.302933 0.085618 0.137963 0.002473
1 0.954860 0.303977 0.090546 0.145750 0.017986
1 0.956811 0.304982 0.086477 0.142475 0.017986
1 0.956241 0.305032 0.087653 0.137823 0.004070
1 0.959223 0.312788 0.081656 0.148369 0.002473
1 0.220539 0.331368 0.038559 0.025029 0.001501
1 0.223248 0.331155 0.029258 0.024240 0.001501
1 0.224566 0.330547 0.026165 0.026600 0.001501
1 0.251297 0.325314 0.038777 0.025822 0.006693
1 0.255317 0.325320 0.030418 0.025719 0.017986
1 0.256429 0.325287 0.034856 0.025987 0.017986
1 0.296524 0.326568 0.047330 0.023271 0.119203
1 0.301855 0.326221 0.037775 0.027484 0.622459
1 0.302160 0.325312 0.037149 0.025708 0.622459
1 0.302124 0.325320 0.040021 0.025695 0.500000
1 0.355516 0.324952 0.058004 0.030080 0.817575
1 0.354990 0.323814 0.056862 0.032306 0.880797
1 0.355019 0.323817 0.056967 0.032296 0.880797
1 0.355550 0.324952 0.057924 0.030049 0.817575
1 0.355662 0.324967 0.057935 0.030127 0.731059
1 0.448269 0.320479 0.018693 0.016200 0.010987
1 0.449835 0.320492 0.015848 0.016171 0.006693
1 0.496007 0.316494 0.014081 0.017965 0.001501
1 0.951050 0.311422 0.095784 0.159345 0.006693
1 0.954861 0.307070 0.090394 0.145963 0.010987
1 0.955269 0.306132 0.089605 0.142369 0.006693
1 0.220124 0.335542 0.041364 0.027968 0.001501
1 0.221633 0.334266 0.032111 0.026769 0.001501
1 0.355482 0.326299 0.057963 0.037486 0.001501
1 0.355004 0.327514 0.056744 0.035233 0.001501
1 0.951819 0.312111 0.096582 0.158906 0.006693
1 0.954071 0.307818 0.088992 0.149033 0.006693
1 0.703919 0.368734 0.222102 0.203636 0.002473
1 0.703951 0.368094 0.223994 0.200309 0.904651
1 0.704651 0.368088 0.221179 0.200175 0.924142
1 0.704396 0.367276 0.223180 0.202175 0.904651
1 0.703933 0.368195 0.221957 0.200344 0.904651
1 0.704492 0.369026 0.223017 0.202066 0.904651
1 0.703822 0.366643 0.221722 0.198617 0.904651
1 0.704487 0.367969 0.223061 0.200584 0.880797
1 0.704416 0.367566 0.223058 0.201612 0.924142
1 0.704016 0.367517 0.222287 0.201404 0.904651
1 0.704093 0.368555 0.222439 0.203504 0.924142
2 0.371886 0.303037 0.109036 0.065675 0.002473
