1 0.105599 0.284125 0.211656 0.151563 0.001501
1 0.107186 0.281967 0.218993 0.141939 0.002473
1 0.402817 0.327800 0.080712 0.072334 0.924142
1 0.403712 0.327497 0.079363 0.071753 0.924142
1 0.403324 0.327503 0.078541 0.071748 0.880797
1 0.645286 0.335637 0.140591 0.139281 0.924142
1 0.259970 0.314181 0.092539 0.026733 0.001501
1 0.269664 0.344636 0.110792 0.086651 0.731059
1 0.268754 0.344300 0.112502 0.085996 0.817575
1 0.267114 0.344966 0.112601 0.087360 0.817575
1 0.346371 0.336648 0.045975 0.048373 0.731059
1 0.346782 0.336010 0.046804 0.052214 0.817575
1 0.346384 0.336624 0.046043 0.048352 0.731059
1 0.347841 0.335340 0.048614 0.050911 0.268941
1 0.403978 0.327875 0.080191 0.072668 0.377541
1 0.402760 0.329014 0.080532 0.069623 0.880797
1 0.402935 0.328719 0.080889 0.069028 0.880797
1 0.402768 0.328227 0.080516 0.068038 0.880797
1 0.403590 0.328997 0.081172 0.056051 0.047426
1 0.440514 0.325886 0.021483 0.036604 0.268941
1 0.453463 0.321813 0.018162 0.028454 0.075858
1 0.498759 0.327545 0.030573 0.039778 0.817575
1 0.498746 0.326871 0.030597 0.038474 0.817575
1 0.525653 0.324256 0.020662 0.018599 0.119203
1 0.527334 0.322906 0.017302 0.020915 0.182426
1 0.645301 0.335931 0.140579 0.139882 0.924142
1 0.645251 0.335819 0.140519 0.139633 0.952574
1 0.645220 0.334916 0.140465 0.141438 0.924142
1 0.268154 0.345087 0.110488 0.087258 0.731059
1 0.267955 0.344993 0.111001 0.087354 0.817575
1 0.267173 0.345086 0.112591 0.087254 0.817575
1 0.269583 0.344904 0.107781 0.086906 0.731059
1 0.331483 0.338956 0.036014 0.041116 0.006693
1 0.345668 0.337283 0.047402 0.049668 0.731059
1 0.346357 0.337283 0.046001 0.049688 0.817575
1 0.345427 0.337292 0.046744 0.049658 0.731059
1 0.347840 0.336612 0.048566 0.048375 0.268941
1 0.402833 0.329171 0.080676 0.069910 0.817575
1 0.402834 0.328990 0.080666 0.069522 0.880797
1 0.402833 0.328736 0.080665 0.069070 0.880797
1 0.442857 0.326325 0.018479 0.038049 0.075858
1 0.451645 0.327500 0.021838 0.035842 0.006693
1 0.497375 0.328297 0.033470 0.042508 0.002473
1 0.498759 0.328694 0.030567 0.037741 0.500000
1 0.499403 0.328715 0.031996 0.037704 0.500000
1 0.645802 0.335635 0.141595 0.139289 0.924142
1 0.645223 0.336873 0.140481 0.137236 0.924142
1 0.644528 0.335814 0.139079 0.139647 0.924142
1 0.268672 0.344575 0.112400 0.087511 0.622459
1 0.267782 0.344499 0.111346 0.086119 0.817575
1 0.268527 0.345268 0.112927 0.087173 0.817575
1 0.645296 0.335750 0.140590 0.139488 0.880797
1 0.645248 0.335829 0.140521 0.139624 0.924142
1 0.644520 0.336949 0.139097 0.137383 0.924142
1 0.268157 0.346466 0.113740 0.089518 0.268941
1 0.149434 0.376881 0.302105 0.332001 0.003173
1 0.150381 0.385170 0.303901 0.353680 0.075858
1 0.152424 0.388349 0.308049 0.360035 0.148047
1 0.153997 0.384484 0.310950 0.352079 0.182426
1 0.153849 0.383134 0.313044 0.343450 0.029312
1 0.145390 0.392718 0.291030 0.363412 0.005220
1 0.151797 0.393832 0.303654 0.370769 0.060087
1 0.154336 0.395865 0.308981 0.374938 0.095349
1 0.157324 0.396024 0.314555 0.369894 0.095349
1 0.160135 0.395980 0.328372 0.374367 0.010987
1 0.150358 0.406967 0.300779 0.385865 0.014064
1 0.154558 0.409026 0.312703 0.389795 0.047426
1 0.165258 0.413877 0.326641 0.402554 0.022977
