0 0.270300 0.325415 0.012562 0.057906 0.047426
0 0.270981 0.327160 0.011201 0.054074 0.047426
0 0.274673 0.329515 0.020737 0.055437 0.001501
0 0.271709 0.328495 0.012658 0.056544 0.119203
0 0.273757 0.331534 0.019806 0.055621 0.004070
1 0.380035 0.339785 0.093190 0.086663 0.880797
1 0.380063 0.339138 0.093173 0.081741 0.880797
1 0.380567 0.339145 0.091983 0.081727 0.880797
1 0.380577 0.340065 0.092010 0.083543 0.817575
1 0.443057 0.329629 0.033070 0.039452 0.731059
1 0.443064 0.328490 0.033066 0.041748 0.817575
1 0.443717 0.328506 0.034518 0.041727 0.731059
1 0.465036 0.326663 0.014183 0.023491 0.017986
1 0.494515 0.332038 0.036007 0.044333 0.817575
1 0.494522 0.332191 0.035984 0.049152 0.817575
1 0.493738 0.332211 0.037540 0.049159 0.817575
1 0.522885 0.324216 0.017961 0.023476 0.182426
1 0.523349 0.322926 0.018794 0.020933 0.119203
1 0.646748 0.340059 0.146574 0.143581 0.924142
1 0.646733 0.341173 0.146570 0.145834 0.924142
1 0.647155 0.341225 0.144397 0.140937 0.924142
1 0.380604 0.340068 0.092086 0.083531 0.817575
1 0.380039 0.338263 0.093100 0.083526 0.880797
1 0.380039 0.339123 0.093106 0.081661 0.880797
1 0.443738 0.329598 0.034453 0.039540 0.731059
1 0.443068 0.329630 0.033068 0.039468 0.731059
1 0.442973 0.329626 0.035996 0.039486 0.731059
1 0.494517 0.332159 0.036002 0.049225 0.817575
1 0.494522 0.334436 0.035984 0.049154 0.817575
1 0.494498 0.332181 0.036016 0.049208 0.817575
1 0.647145 0.341121 0.147372 0.145763 0.010987
1 0.647509 0.340032 0.145040 0.143553 0.924142
1 0.646735 0.340032 0.146565 0.143552 0.924142
1 0.646216 0.339950 0.145538 0.147960 0.952574
1 0.380159 0.340122 0.093358 0.083669 0.817575
1 0.380580 0.339137 0.092002 0.085318 0.880797
1 0.379280 0.339154 0.091625 0.085296 0.880797
1 0.647841 0.339159 0.145697 0.141762 0.924142
1 0.646671 0.341328 0.146423 0.141006 0.924142
1 0.647062 0.341310 0.144131 0.141033 0.924142
1 0.647825 0.340022 0.145653 0.143661 0.001501
1 0.647439 0.340013 0.144890 0.143690 0.817575
