0 0.197834 0.301085 0.012743 0.050956 0.002473
0 0.200114 0.298175 0.014198 0.049951 0.001501
0 0.197244 0.302051 0.011560 0.052667 0.006693
0 0.200535 0.300482 0.014426 0.048375 0.002473
0 0.197296 0.302688 0.011685 0.053690 0.010987
0 0.928933 0.342404 0.014092 0.055095 0.002473
0 0.931163 0.344997 0.012698 0.050416 0.004070
0 0.965519 0.349433 0.016003 0.097536 0.001501
0 0.984245 0.358617 0.031616 0.340795 0.001501
0 0.931943 0.345930 0.011172 0.044968 0.001501
0 0.963895 0.352237 0.014424 0.097534 0.002473
0 0.964060 0.349483 0.014376 0.101796 0.001501
1 0.984611 0.323704 0.030847 0.264294 0.001501
1 0.983671 0.336312 0.032730 0.269891 0.004070
1 0.989484 0.340185 0.021066 0.295304 0.002473
1 0.006176 0.344228 0.012880 0.146095 0.004070
1 0.119783 0.338503 0.092184 0.084870 0.002473
1 0.124966 0.334410 0.109219 0.076280 0.002473
1 0.509515 0.330543 0.074965 0.094107 0.924142
1 0.509022 0.331709 0.073937 0.096436 0.880797
1 0.509692 0.331733 0.072539 0.096333 0.880797
1 0.005419 0.350952 0.014268 0.121470 0.017986
1 0.097914 0.348098 0.055017 0.082841 0.001501
1 0.105784 0.346637 0.072196 0.087594 0.010987
1 0.122315 0.344472 0.107079 0.092332 0.047426
1 0.127790 0.345249 0.119532 0.093882 0.029312
1 0.129541 0.344970 0.124187 0.090454 0.006693
1 0.133265 0.324953 0.114282 0.049939 0.002473
1 0.253222 0.344845 0.121659 0.085839 0.880797
1 0.252416 0.344604 0.120218 0.086322 0.924142
1 0.252030 0.344223 0.120997 0.084807 0.880797
1 0.336014 0.330091 0.062819 0.045807 0.002473
1 0.342980 0.333327 0.067217 0.051333 0.880797
1 0.342201 0.332195 0.065620 0.049090 0.880797
1 0.342219 0.334219 0.065623 0.053152 0.817575
1 0.342230 0.333324 0.065559 0.051380 0.817575
1 0.342118 0.332184 0.065811 0.049170 0.731059
1 0.395725 0.324815 0.048001 0.037955 0.731059
1 0.396145 0.324914 0.048726 0.038271 0.731059
1 0.395815 0.324704 0.047799 0.037730 0.500000
1 0.398272 0.324487 0.051790 0.037434 0.119203
1 0.429027 0.319626 0.023195 0.027611 0.075858
1 0.435161 0.320823 0.030786 0.027231 0.001501
1 0.508632 0.329322 0.073131 0.091638 0.880797
1 0.508650 0.330619 0.073149 0.094053 0.880797
1 0.509033 0.330649 0.073913 0.094009 0.880797
1 0.005466 0.361454 0.011093 0.094603 0.119203
1 0.097146 0.347332 0.053502 0.080929 0.010987
1 0.101844 0.346343 0.065037 0.085622 0.029312
1 0.123286 0.343794 0.109043 0.090724 0.029312
1 0.130817 0.344900 0.125279 0.092132 0.075858
1 0.131980 0.344735 0.129975 0.092535 0.047426
1 0.135976 0.345287 0.123164 0.093516 0.010987
1 0.253219 0.344308 0.121651 0.084929 0.924142
1 0.252771 0.344162 0.122551 0.084933 0.924142
1 0.251481 0.343975 0.122061 0.085317 0.880797
1 0.252939 0.344321 0.122324 0.084982 0.622459
1 0.342111 0.332174 0.065850 0.049139 0.817575
1 0.342130 0.332425 0.065764 0.053148 0.817575
1 0.342218 0.333332 0.065617 0.051336 0.817575
1 0.342243 0.334235 0.065506 0.053152 0.880797
1 0.342194 0.333309 0.065660 0.051455 0.817575
1 0.395537 0.326180 0.047742 0.037463 0.119203
1 0.396049 0.325966 0.048966 0.036829 0.182426
1 0.396460 0.325091 0.046607 0.038581 0.119203
1 0.397475 0.326096 0.047460 0.040703 0.047426
1 0.430970 0.331104 0.027128 0.047686 0.001501
1 0.509028 0.331704 0.073921 0.096421 0.880797
1 0.509701 0.330668 0.072615 0.094151 0.880797
1 0.509310 0.330619 0.071779 0.094258 0.817575
1 0.983982 0.366281 0.032028 0.329006 0.119203
1 0.984245 0.358617 0.031616 0.340795 0.268941
1 0.006251 0.369874 0.012561 0.079060 0.182426
1 0.094234 0.349199 0.048744 0.080052 0.029312
1 0.095116 0.348754 0.051565 0.080938 0.075858
1 0.111158 0.345506 0.084696 0.087392 0.047426
1 0.128976 0.344739 0.118608 0.092508 0.047426
1 0.132475 0.346149 0.128272 0.094382 0.029312
1 0.253198 0.344368 0.121713 0.085070 0.880797
1 0.252417 0.344290 0.120219 0.085202 0.880797
1 0.252033 0.344149 0.121001 0.085390 0.880797
1 0.508071 0.331307 0.074252 0.097410 0.880797
1 0.984619 0.365887 0.030852 0.333445 0.268941
1 0.984591 0.362841 0.030872 0.351168 0.268941
1 0.007016 0.369338 0.014086 0.080819 0.119203
1 0.090350 0.366067 0.039498 0.046384 0.001501
1 0.090930 0.357649 0.040949 0.063185 0.010987
1 0.094486 0.350797 0.047776 0.076866 0.029312
1 0.252071 0.344392 0.120968 0.085375 0.182426
1 0.985191 0.356128 0.029695 0.328283 0.182426
1 0.984604 0.353849 0.030841 0.346088 0.182426
1 0.006256 0.370418 0.012553 0.079432 0.119203
1 0.985205 0.348078 0.029690 0.336178 0.119203
1 0.984822 0.350094 0.030414 0.353265 0.119203
1 0.986500 0.351691 0.030268 0.353490 0.029312
1 0.985793 0.350132 0.028617 0.356283 0.047426
1 0.985186 0.350648 0.029890 0.389144 0.001501
1 0.985327 0.357765 0.029725 0.388333 0.010987
2 0.984611 0.323704 0.030847 0.264294 0.001501
2 0.991372 0.319567 0.017276 0.275652 0.002473
2 0.983671 0.336312 0.032730 0.269891 0.001501
2 0.983982 0.366281 0.032028 0.329006 0.001501
2 0.984245 0.358617 0.031616 0.340795 0.002473
2 0.984619 0.365887 0.030852 0.333445 0.001501
2 0.984591 0.362841 0.030872 0.351168 0.004070
2 0.985191 0.356128 0.029695 0.328283 0.001501
2 0.984604 0.353849 0.030841 0.346088 0.004070
2 0.985205 0.348078 0.029690 0.336178 0.002473
2 0.984822 0.350094 0.030414 0.353265 0.004070
2 0.986500 0.351691 0.030268 0.353490 0.001501
2 0.985793 0.350132 0.028617 0.356283 0.004070
3 0.983982 0.366281 0.032028 0.329006 0.001501
3 0.984245 0.358617 0.031616 0.340795 0.002473
3 0.984619 0.365887 0.030852 0.333445 0.006693
3 0.984591 0.362841 0.030872 0.351168 0.006693
3 0.985191 0.356128 0.029695 0.328283 0.004070
3 0.984604 0.353849 0.030841 0.346088 0.004070
3 0.985205 0.348078 0.029690 0.336178 0.006693
3 0.984822 0.350094 0.030414 0.353265 0.006693
3 0.986500 0.351691 0.030268 0.353490 0.006693
3 0.985793 0.350132 0.028617 0.356283 0.004070
3 0.985327 0.357765 0.029725 0.388333 0.001501
5 0.396049 0.325966 0.048966 0.036829 0.002473
5 0.006256 0.370418 0.012553 0.079432 0.001501
