1 0.509701 0.327750 0.047511 0.062571 0.880797
1 0.510277 0.328637 0.048659 0.064342 0.880797
1 0.509043 0.328664 0.048928 0.064394 0.817575
1 0.237610 0.337995 0.047745 0.042212 0.001501
1 0.242167 0.339036 0.045797 0.039972 0.006693
1 0.242267 0.337021 0.043518 0.039530 0.010987
1 0.245443 0.335688 0.049814 0.046733 0.002473
1 0.276551 0.334357 0.080787 0.049426 0.002473
1 0.282489 0.333335 0.070269 0.051565 0.010987
1 0.283308 0.333342 0.069955 0.051662 0.010987
1 0.284786 0.333328 0.069666 0.051733 0.047426
1 0.359924 0.325464 0.036831 0.031252 0.002473
1 0.361618 0.325633 0.038973 0.026510 0.004070
1 0.393519 0.325480 0.034930 0.031230 0.029312
1 0.397281 0.325372 0.030646 0.025792 0.119203
1 0.398114 0.325045 0.032616 0.030266 0.075858
1 0.424810 0.320383 0.016937 0.021003 0.004070
1 0.427387 0.319218 0.017363 0.023184 0.010987
1 0.444775 0.318110 0.021532 0.020933 0.010987
1 0.448323 0.317194 0.025607 0.019162 0.017986
1 0.509052 0.327731 0.048907 0.062520 0.817575
1 0.510275 0.327741 0.048656 0.062518 0.880797
1 0.509056 0.327739 0.048921 0.062514 0.880797
1 0.509068 0.327736 0.048929 0.062554 0.880797
1 0.543804 0.320513 0.015735 0.016158 0.010987
1 0.600081 0.326895 0.022180 0.012967 0.017986
1 0.601600 0.325321 0.025149 0.016064 0.029312
1 0.624657 0.327649 0.029612 0.021152 0.002473
1 0.636308 0.326598 0.029146 0.018672 0.004070
1 0.639540 0.327750 0.035808 0.021062 0.004070
1 0.018857 0.353826 0.037851 0.070585 0.001501
1 0.149196 0.372571 0.173223 0.129883 0.924142
1 0.148330 0.373706 0.175208 0.127617 0.924142
1 0.147706 0.373849 0.173622 0.132434 0.880797
1 0.237329 0.342564 0.040515 0.036608 0.017986
1 0.239435 0.342788 0.040254 0.036046 0.119203
1 0.240436 0.342594 0.041660 0.036473 0.119203
1 0.243080 0.338786 0.046507 0.040794 0.029312
1 0.275828 0.336626 0.057977 0.048478 0.004070
1 0.284188 0.335227 0.069502 0.051276 0.006693
1 0.284948 0.334187 0.070257 0.053469 0.010987
1 0.283379 0.334346 0.070394 0.049710 0.047426
1 0.396585 0.329457 0.033022 0.034088 0.006693
1 0.399937 0.329571 0.034831 0.034327 0.002473
1 0.509597 0.327760 0.049986 0.062500 0.880797
1 0.509741 0.328648 0.047570 0.064292 0.880797
1 0.509058 0.327747 0.048919 0.062525 0.880797
1 0.877205 0.362814 0.023829 0.041472 0.029312
1 0.877256 0.363312 0.023618 0.040411 0.017986
1 0.149178 0.373691 0.173387 0.127569 0.880797
1 0.148404 0.371674 0.175052 0.131638 0.924142
1 0.149023 0.372547 0.173783 0.129909 0.924142
1 0.866843 0.361954 0.040030 0.045608 0.002473
1 0.877202 0.364051 0.023737 0.039919 0.119203
1 0.877219 0.363763 0.023646 0.038907 0.182426
1 0.942973 0.356215 0.114117 0.273109 0.880797
1 0.942977 0.357728 0.114053 0.273416 0.880797
1 0.944496 0.357867 0.114081 0.272449 0.880797
1 0.019477 0.399647 0.036127 0.230582 0.622459
1 0.017961 0.403541 0.036067 0.204341 0.377541
1 0.148565 0.372571 0.172089 0.129862 0.880797
1 0.147742 0.372572 0.173726 0.129865 0.924142
1 0.148325 0.372580 0.175168 0.129883 0.924142
1 0.875725 0.365378 0.023586 0.043430 0.006693
1 0.877249 0.365368 0.023636 0.043381 0.010987
1 0.942982 0.357458 0.114067 0.274764 0.880797
1 0.942980 0.358264 0.114044 0.277195 0.880797
1 0.942974 0.357950 0.114063 0.273900 0.880797
1 0.018709 0.396359 0.037629 0.220583 0.622459
1 0.017968 0.396201 0.036011 0.214644 0.622459
1 0.017956 0.396327 0.039338 0.196572 0.002473
1 0.147742 0.372592 0.173785 0.129854 0.880797
1 0.942990 0.355465 0.114082 0.275416 0.880797
1 0.942297 0.356778 0.115413 0.276126 0.880797
1 0.942961 0.356587 0.114095 0.275807 0.880797
1 0.017962 0.396945 0.036099 0.214949 0.622459
1 0.017976 0.396317 0.036028 0.218199 0.500000
1 0.018731 0.401396 0.037672 0.204091 0.622459
1 0.942967 0.356655 0.114077 0.275898 0.880797
1 0.017944 0.397880 0.036094 0.215553 0.622459
1 0.018736 0.398435 0.037548 0.215005 0.622459
1 0.017967 0.400143 0.036111 0.205307 0.017986
1 0.017977 0.400747 0.036126 0.211921 0.622459
1 0.017976 0.399946 0.036025 0.209315 0.622459
2 0.019920 0.237158 0.039986 0.297610 0.001501
2 0.020418 0.252819 0.041122 0.301289 0.001501
2 0.242267 0.337021 0.043518 0.039530 0.002473
2 0.245443 0.335688 0.049814 0.046733 0.004070
2 0.243080 0.338786 0.046507 0.040794 0.001501
3 0.242267 0.337021 0.043518 0.039530 0.001501
3 0.239435 0.342788 0.040254 0.036046 0.001501
3 0.240436 0.342594 0.041660 0.036473 0.002473
3 0.243080 0.338786 0.046507 0.040794 0.001501
3 0.017977 0.400747 0.036126 0.211921 0.001501
