0 0.929631 0.302409 0.020364 0.131323 0.002473
0 0.930213 0.314047 0.020419 0.139851 0.182426
0 0.868353 0.338500 0.021517 0.145166 0.377541
0 0.930550 0.317485 0.019780 0.145698 0.377541
0 0.868328 0.341100 0.021455 0.145810 0.817575
0 0.928508 0.315293 0.021467 0.144836 0.029312
0 0.930609 0.315781 0.019624 0.146005 0.377541
0 0.018746 0.360056 0.009520 0.082055 0.002473
0 0.047881 0.362913 0.010199 0.083328 0.010987
0 0.085912 0.360508 0.013938 0.087128 0.002473
0 0.088296 0.357756 0.015502 0.086601 0.001501
0 0.868339 0.340013 0.021369 0.148111 0.817575
0 0.869312 0.341050 0.025070 0.145735 0.004070
0 0.928505 0.314497 0.021463 0.139456 0.047426
0 0.929481 0.313530 0.019264 0.141006 0.377541
0 0.018749 0.364546 0.009448 0.072872 0.075858
0 0.047850 0.365863 0.010100 0.078779 0.182426
0 0.050187 0.366423 0.015145 0.078302 0.006693
0 0.070883 0.363973 0.008880 0.063207 0.001501
0 0.084701 0.365732 0.011473 0.070075 0.119203
0 0.088613 0.365565 0.014842 0.070403 0.029312
0 0.866264 0.342396 0.020796 0.142631 0.004070
0 0.868356 0.341129 0.021337 0.145844 0.817575
0 0.869721 0.341190 0.024254 0.150613 0.010987
0 0.928466 0.312858 0.021385 0.136864 0.047426
0 0.929482 0.312821 0.019278 0.140790 0.377541
0 0.018071 0.364350 0.008132 0.076314 0.182426
0 0.048393 0.365458 0.011196 0.080839 0.268941
0 0.051288 0.366673 0.017207 0.077266 0.004070
0 0.085092 0.365645 0.010695 0.070072 0.182426
0 0.090682 0.366981 0.012906 0.067498 0.029312
0 0.866149 0.343703 0.020999 0.146038 0.017986
0 0.868382 0.339955 0.021460 0.148253 0.731059
0 0.870076 0.342308 0.023564 0.143521 0.010987
0 0.928581 0.312117 0.021598 0.139958 0.017986
0 0.930423 0.311944 0.020048 0.140184 0.268941
0 0.019441 0.364360 0.008146 0.072722 0.075858
0 0.048141 0.365344 0.011771 0.081163 0.268941
0 0.051358 0.368313 0.016642 0.075376 0.002473
0 0.085114 0.366549 0.010730 0.071886 0.182426
0 0.090723 0.366068 0.010667 0.064803 0.017986
0 0.866871 0.340682 0.022461 0.146838 0.029312
0 0.867812 0.339839 0.020324 0.148597 0.622459
0 0.870266 0.339731 0.023993 0.148782 0.006693
0 0.929818 0.317879 0.018886 0.152425 0.017986
0 0.048234 0.366220 0.011970 0.083454 0.029312
0 0.868378 0.339406 0.021472 0.149482 0.622459
1 0.832600 0.320808 0.052139 0.042625 0.006693
1 0.833042 0.321651 0.052423 0.044241 0.010987
1 0.838420 0.321675 0.063627 0.047258 0.002473
1 0.342347 0.342327 0.053970 0.059764 0.004070
1 0.343533 0.341297 0.056233 0.057680 0.817575
1 0.344357 0.342444 0.057896 0.059954 0.731059
1 0.343655 0.342402 0.056460 0.059894 0.731059
1 0.823442 0.325817 0.036320 0.033134 0.002473
1 0.829091 0.325858 0.044553 0.037220 0.029312
1 0.829950 0.325075 0.046248 0.041821 0.029312
1 0.832398 0.323869 0.051591 0.047053 0.017986
1 0.272738 0.350100 0.030439 0.017831 0.001501
1 0.292458 0.348959 0.027789 0.015660 0.002473
1 0.343045 0.343666 0.055383 0.057458 0.622459
1 0.343546 0.343724 0.054087 0.057413 0.817575
1 0.344234 0.342472 0.057652 0.059985 0.817575
1 0.343650 0.345020 0.056459 0.060019 0.731059
1 0.345954 0.345001 0.058295 0.060084 0.047426
1 0.393541 0.345001 0.034072 0.018476 0.047426
1 0.393036 0.343724 0.032765 0.020916 0.075858
1 0.395347 0.343709 0.034545 0.020982 0.075858
1 0.550070 0.341596 0.019546 0.030894 0.001501
1 0.577973 0.341004 0.044789 0.021384 0.010987
1 0.580252 0.341122 0.042583 0.021056 0.017986
1 0.581282 0.341145 0.040607 0.021010 0.029312
1 0.642000 0.341007 0.019837 0.010507 0.001501
1 0.828545 0.332478 0.042092 0.030338 0.017986
1 0.828259 0.330278 0.041723 0.034615 0.010987
1 0.830074 0.327442 0.044973 0.040497 0.006693
1 0.168922 0.369424 0.059199 0.067475 0.075858
1 0.343613 0.342485 0.056360 0.059999 0.622459
1 0.343646 0.345042 0.056466 0.060009 0.622459
1 0.343598 0.345031 0.056286 0.060027 0.622459
2 0.343655 0.342402 0.056460 0.059894 0.001501
2 0.343045 0.343666 0.055383 0.057458 0.001501
2 0.344234 0.342472 0.057652 0.059985 0.004070
2 0.343650 0.345020 0.056459 0.060019 0.002473
2 0.345954 0.345001 0.058295 0.060084 0.002473
2 0.343613 0.342485 0.056360 0.059999 0.001501
2 0.343646 0.345042 0.056466 0.060009 0.002473
2 0.343598 0.345031 0.056286 0.060027 0.002473
3 0.343598 0.345031 0.056286 0.060027 0.002473
5 0.170092 0.358985 0.055292 0.080829 0.001501
5 0.166138 0.367021 0.063566 0.067855 0.006693
5 0.167938 0.367886 0.060819 0.069386 0.731059
5 0.168687 0.367916 0.062499 0.069496 0.622459
5 0.167249 0.367177 0.059544 0.068116 0.500000
5 0.168611 0.369207 0.062386 0.066892 0.377541
5 0.167994 0.368601 0.060841 0.070617 0.731059
5 0.167994 0.369272 0.060901 0.066822 0.731059
5 0.168016 0.368008 0.060855 0.069468 0.731059
5 0.168922 0.369424 0.059199 0.067475 0.017986
5 0.167667 0.370076 0.060434 0.067925 0.119203
5 0.168767 0.369882 0.059300 0.067975 0.817575
5 0.168005 0.369890 0.060863 0.068101 0.731059
5 0.168763 0.368612 0.059200 0.070884 0.731059
5 0.168208 0.369194 0.060700 0.068136 0.002473
5 0.168084 0.370626 0.060364 0.074633 0.004070
