1 0.429808 0.320859 0.040418 0.048783 0.817575
1 0.428489 0.320857 0.039977 0.048785 0.880797
1 0.430545 0.321313 0.041981 0.049693 0.817575
1 0.028567 0.331994 0.057267 0.241522 0.731059
1 0.028651 0.331282 0.057486 0.240289 0.817575
1 0.029236 0.332505 0.055894 0.237484 0.817575
1 0.393816 0.316297 0.009656 0.018619 0.002473
1 0.407054 0.316670 0.014348 0.020160 0.010987
1 0.429804 0.321325 0.040417 0.049752 0.817575
1 0.429254 0.320891 0.041502 0.048837 0.880797
1 0.429793 0.320881 0.040429 0.048899 0.880797
1 0.598316 0.317984 0.022031 0.021104 0.004070
1 0.600015 0.317984 0.025252 0.021102 0.004070
1 0.028670 0.333773 0.057464 0.239059 0.817575
1 0.029545 0.332719 0.056149 0.237611 0.817575
1 0.029402 0.332853 0.056000 0.237063 0.817575
1 0.429265 0.320923 0.041482 0.048835 0.817575
1 0.429790 0.319782 0.040434 0.051104 0.817575
1 0.429792 0.320625 0.040425 0.048240 0.731059
1 0.028400 0.334339 0.056921 0.234264 0.817575
1 0.028789 0.335259 0.057650 0.236173 0.880797
1 0.029122 0.334275 0.058458 0.238005 0.880797
1 0.028755 0.334821 0.057554 0.237020 0.880797
2 0.409674 0.302496 0.020470 0.045878 0.001501
2 0.410244 0.307439 0.021137 0.038184 0.017986
2 0.407054 0.316670 0.014348 0.020160 0.001501
2 0.221977 0.257233 0.334829 0.480171 0.880797
2 0.220720 0.257545 0.338463 0.484909 0.851953
2 0.220776 0.256704 0.335624 0.486654 0.851953
2 0.222298 0.263249 0.335605 0.468276 0.377541
2 0.222298 0.262523 0.332909 0.469731 0.851953
2 0.220752 0.262606 0.338353 0.474877 0.851953
2 0.219885 0.261712 0.336749 0.471476 0.817575
2 0.219908 0.260232 0.336497 0.469664 0.017986
2 0.222410 0.262332 0.333213 0.470197 0.851953
2 0.220782 0.262108 0.335361 0.470665 0.851953
2 0.219724 0.261482 0.336336 0.466938 0.851953
3 0.486720 0.313767 0.073472 0.122466 0.924142
3 0.486051 0.312502 0.072096 0.119898 0.880797
3 0.410244 0.307439 0.021137 0.038184 0.004070
3 0.487448 0.311235 0.071997 0.122377 0.731059
3 0.486729 0.313773 0.073484 0.122431 0.924142
3 0.487497 0.313773 0.071937 0.122432 0.880797
3 0.486060 0.313781 0.072088 0.122408 0.622459
3 0.487482 0.311253 0.071953 0.122402 0.047426
3 0.486049 0.312496 0.072124 0.125003 0.880797
3 0.487495 0.312491 0.071945 0.125018 0.880797
3 0.486721 0.311218 0.073443 0.122477 0.075858
3 0.486037 0.312549 0.072113 0.119810 0.880797
3 0.486049 0.314930 0.072121 0.120151 0.880797
4 0.635213 0.325296 0.017944 0.025858 0.006693
4 0.644729 0.323806 0.019363 0.029603 0.001501
