0 0.373152 0.309556 0.009540 0.037487 0.004070
0 0.374192 0.317352 0.011622 0.027031 0.002473
0 0.622101 0.321691 0.016259 0.028496 0.001501
1 0.413952 0.318084 0.047126 0.062515 0.924142
1 0.413946 0.318095 0.047120 0.062513 0.817575
1 0.413201 0.320346 0.045568 0.062550 0.817575
1 0.374192 0.317352 0.011622 0.027031 0.002473
1 0.375723 0.322640 0.014044 0.016403 0.002473
1 0.413941 0.319209 0.047123 0.064833 0.817575
1 0.414492 0.320351 0.046047 0.062530 0.880797
1 0.413180 0.319231 0.045592 0.060251 0.880797
1 0.413954 0.320353 0.047115 0.062539 0.880797
1 0.554831 0.314908 0.018896 0.021025 0.001501
1 0.622101 0.321691 0.016259 0.028496 0.002473
1 0.413955 0.320359 0.047122 0.062531 0.817575
1 0.413265 0.320357 0.048481 0.062533 0.880797
1 0.413963 0.320348 0.047112 0.062550 0.924142
2 0.183594 0.288936 0.370656 0.577648 0.622459
2 0.186694 0.288914 0.374035 0.577760 0.119203
2 0.183279 0.286982 0.366894 0.567830 0.817575
2 0.183854 0.287198 0.368092 0.564045 0.817575
2 0.185870 0.287262 0.375367 0.564088 0.817575
2 0.183744 0.290227 0.370962 0.565027 0.777300
2 0.182929 0.285649 0.366114 0.571730 0.851953
2 0.183141 0.287982 0.369594 0.570883 0.817575
2 0.185055 0.289394 0.376846 0.563533 0.817575
2 0.182959 0.290556 0.372520 0.560482 0.817575
2 0.183887 0.284521 0.367876 0.578167 0.437824
2 0.185014 0.289139 0.373590 0.568863 0.017986
3 0.483558 0.310051 0.104668 0.171515 0.924142
3 0.482615 0.310066 0.103887 0.171534 0.924142
3 0.482737 0.311181 0.103714 0.169287 0.880797
3 0.483552 0.310071 0.104628 0.171535 0.924142
3 0.482563 0.310074 0.104068 0.171542 0.952574
3 0.482562 0.310084 0.104074 0.171520 0.924142
3 0.483558 0.312452 0.104630 0.171851 0.880797
3 0.483413 0.311220 0.105063 0.169224 0.924142
3 0.483241 0.311350 0.105431 0.174062 0.880797
3 0.482337 0.312531 0.104445 0.166612 0.817575
4 0.622101 0.321691 0.016259 0.028496 0.001501
4 0.648680 0.325194 0.016756 0.026462 0.004070
4 0.653772 0.325047 0.023659 0.032223 0.001501
4 0.656074 0.330503 0.022046 0.037951 0.001501
5 0.622101 0.321691 0.016259 0.028496 0.001501
5 0.648680 0.325194 0.016756 0.026462 0.001501
5 0.810472 0.342371 0.036781 0.096763 0.002473
5 0.810361 0.345623 0.035654 0.090319 0.002473
5 0.807928 0.348393 0.033061 0.085381 0.001501
5 0.810000 0.347344 0.035146 0.087424 0.002473
