0 0.723315 0.309344 0.022387 0.151423 0.010987
0 0.728120 0.310429 0.018911 0.157853 0.004070
0 0.762798 0.294053 0.030311 0.202532 0.006693
0 0.909456 0.270990 0.034493 0.177565 0.001501
0 0.710448 0.318135 0.025253 0.155219 0.002473
0 0.722136 0.318652 0.026359 0.168880 0.006693
0 0.728195 0.320900 0.021838 0.174049 0.010987
0 0.748465 0.304855 0.026464 0.219101 0.002473
0 0.757929 0.304583 0.034209 0.225215 0.047426
0 0.770601 0.312158 0.016850 0.188042 0.119203
0 0.776213 0.321947 0.016961 0.151056 0.001501
0 0.908635 0.287529 0.036201 0.206399 0.001501
0 0.549279 0.310960 0.013010 0.070748 0.004070
0 0.552402 0.309947 0.010689 0.073176 0.182426
0 0.598704 0.308252 0.014534 0.075357 0.001501
0 0.624909 0.314907 0.014229 0.088251 0.268941
0 0.625743 0.314908 0.013997 0.088209 0.268941
0 0.708435 0.319635 0.021029 0.144885 0.006693
0 0.725766 0.322614 0.026971 0.182065 0.002473
0 0.752588 0.308297 0.036216 0.216710 0.010987
0 0.757639 0.306791 0.034681 0.228959 0.075858
0 0.770096 0.328653 0.015624 0.171200 0.268941
0 0.907882 0.292677 0.037751 0.221154 0.001501
0 0.543773 0.313548 0.006834 0.064773 0.004070
0 0.551599 0.311511 0.011205 0.071684 0.268941
0 0.583253 0.315408 0.008592 0.057930 0.004070
0 0.596035 0.312182 0.011450 0.069330 0.001501
0 0.624554 0.315102 0.014601 0.083360 0.268941
0 0.625470 0.314941 0.013458 0.088169 0.377541
0 0.651683 0.328931 0.012124 0.065575 0.004070
0 0.708051 0.316126 0.016724 0.135409 0.006693
0 0.722576 0.326026 0.036722 0.188542 0.001501
0 0.723939 0.324554 0.035859 0.191704 0.075858
0 0.753844 0.315270 0.039368 0.235382 0.029312
0 0.757583 0.311285 0.034781 0.246904 0.075858
0 0.769187 0.328182 0.019637 0.200834 0.182426
0 0.790813 0.315901 0.012761 0.121067 0.002473
0 0.890797 0.312869 0.020050 0.191812 0.001501
0 0.006676 0.375124 0.013370 0.183211 0.001501
0 0.548753 0.313016 0.013047 0.068320 0.006693
0 0.551598 0.311555 0.011206 0.071713 0.268941
0 0.584025 0.315053 0.010137 0.058827 0.006693
0 0.595273 0.316560 0.012697 0.064473 0.002473
0 0.601103 0.314031 0.012208 0.066678 0.002473
0 0.624624 0.316203 0.014741 0.085594 0.268941
0 0.625356 0.316215 0.013688 0.085565 0.500000
0 0.651772 0.329838 0.011946 0.066407 0.010987
0 0.706603 0.315139 0.016457 0.129387 0.004070
0 0.721895 0.325373 0.037432 0.188016 0.622459
0 0.722473 0.325146 0.036656 0.188432 0.731059
0 0.755810 0.312747 0.035041 0.248548 0.047426
0 0.756910 0.314381 0.036091 0.253713 0.377541
0 0.767963 0.320760 0.022131 0.228836 0.182426
0 0.772637 0.323882 0.019179 0.146202 0.002473
0 0.906627 0.308062 0.043240 0.258885 0.004070
0 0.908245 0.311609 0.041494 0.262498 0.004070
0 0.010431 0.380676 0.020880 0.197139 0.010987
0 0.549432 0.312968 0.013296 0.072979 0.010987
0 0.551570 0.310538 0.011263 0.074095 0.182426
0 0.600755 0.313156 0.012894 0.069013 0.002473
0 0.624832 0.315275 0.014072 0.082938 0.377541
0 0.625284 0.315110 0.013835 0.083264 0.377541
0 0.648920 0.327965 0.014977 0.066521 0.002473
0 0.651103 0.329673 0.012208 0.066170 0.006693
0 0.706807 0.319057 0.013899 0.134211 0.006693
0 0.720389 0.323938 0.034771 0.195322 0.731059
0 0.721661 0.325160 0.035272 0.193032 0.622459
0 0.754637 0.313358 0.037485 0.254086 0.010987
0 0.756947 0.316540 0.039020 0.259687 0.622459
0 0.759899 0.316079 0.036154 0.256491 0.047426
0 0.773028 0.313917 0.018374 0.156456 0.002473
0 0.906924 0.307657 0.043984 0.256343 0.182426
0 0.908294 0.309661 0.043047 0.260435 0.119203
0 0.012455 0.381275 0.024938 0.198953 0.029312
0 0.013321 0.384801 0.023525 0.189695 0.017986
0 0.716715 0.322373 0.030506 0.189836 0.017986
0 0.720284 0.322787 0.034725 0.201255 0.731059
0 0.720318 0.321191 0.034852 0.201037 0.622459
0 0.754739 0.315933 0.037575 0.257500 0.731059
0 0.755459 0.313182 0.039009 0.258898 0.622459
0 0.755468 0.314441 0.039151 0.260008 0.268941
0 0.772124 0.309690 0.021367 0.174816 0.001501
0 0.905015 0.303377 0.047246 0.225071 0.004070
0 0.908290 0.310401 0.043477 0.260141 0.182426
0 0.908933 0.314822 0.043764 0.268988 0.268941
0 0.012519 0.388473 0.025076 0.187927 0.075858
0 0.014039 0.386725 0.025031 0.185632 0.075858
0 0.720276 0.324248 0.034847 0.198430 0.047426
0 0.720268 0.322507 0.034733 0.198256 0.731059
0 0.721043 0.318691 0.034062 0.205898 0.500000
0 0.754795 0.314292 0.040424 0.260378 0.622459
0 0.754805 0.312313 0.040426 0.260702 0.731059
0 0.755422 0.314170 0.039241 0.260635 0.622459
0 0.904975 0.307670 0.050738 0.231817 0.002473
0 0.908337 0.316378 0.046074 0.257898 0.029312
0 0.908628 0.320582 0.044544 0.267277 0.047426
0 0.012508 0.394401 0.025054 0.169632 0.047426
0 0.012499 0.392752 0.025042 0.172831 0.029312
0 0.720337 0.321406 0.034858 0.204171 0.500000
0 0.721504 0.317859 0.037054 0.214540 0.268941
0 0.755509 0.314166 0.039160 0.260199 0.500000
0 0.754732 0.314269 0.037552 0.259960 0.622459
0 0.754755 0.313448 0.040633 0.258094 0.500000
0 0.902799 0.334634 0.059835 0.278567 0.017986
0 0.901925 0.336809 0.061673 0.292866 0.047426
0 0.907314 0.339380 0.050323 0.298239 0.047426
0 0.012501 0.399562 0.025040 0.159701 0.029312
0 0.013266 0.397944 0.026575 0.157399 0.017986
0 0.754700 0.311739 0.037536 0.265084 0.002473
0 0.892747 0.346460 0.083054 0.313701 0.006693
0 0.902977 0.346335 0.062928 0.318275 0.002473
0 0.012493 0.408240 0.025053 0.137290 0.017986
0 0.013274 0.406613 0.026559 0.140304 0.006693
0 0.891863 0.342980 0.087453 0.323580 0.001501
0 0.011711 0.402435 0.026615 0.149469 0.010987
0 0.012484 0.404005 0.025097 0.150945 0.001501
1 0.327153 0.322872 0.192532 0.182331 0.001501
1 0.325834 0.320424 0.190373 0.182567 0.880797
1 0.327803 0.321587 0.194283 0.184881 0.017986
1 0.326236 0.320313 0.191797 0.187429 0.010987
1 0.161596 0.336612 0.045227 0.035052 0.047426
1 0.164187 0.335345 0.050229 0.032565 0.047426
1 0.163957 0.335355 0.049637 0.032630 0.047426
1 0.165765 0.335359 0.052689 0.032587 0.017986
1 0.174440 0.333110 0.052941 0.032040 0.004070
1 0.213233 0.335967 0.032712 0.031330 0.006693
1 0.215652 0.335993 0.028693 0.031263 0.006693
1 0.325911 0.322833 0.189801 0.182315 0.029312
1 0.327053 0.321630 0.192782 0.184895 0.952574
1 0.326232 0.321769 0.191788 0.180087 0.817575
1 0.428628 0.319086 0.010507 0.023618 0.002473
1 0.453086 0.324040 0.040759 0.038993 0.817575
1 0.452374 0.324151 0.039433 0.039240 0.880797
1 0.452362 0.324049 0.039516 0.038992 0.880797
1 0.481976 0.319232 0.014409 0.018641 0.006693
1 0.500681 0.322923 0.020642 0.025981 0.622459
1 0.501471 0.324050 0.022091 0.028258 0.731059
1 0.986599 0.329482 0.023931 0.040578 0.004070
1 0.990034 0.330347 0.020124 0.042643 0.002473
1 0.161065 0.337442 0.044162 0.033600 0.119203
1 0.163231 0.335591 0.047942 0.032115 0.075858
1 0.164236 0.337544 0.050196 0.033321 0.075858
1 0.166575 0.336434 0.050988 0.030429 0.047426
1 0.173788 0.337133 0.050570 0.029124 0.017986
1 0.213981 0.339458 0.028990 0.029525 0.029312
1 0.215014 0.338989 0.026954 0.030406 0.017986
1 0.220042 0.337620 0.032446 0.028161 0.001501
1 0.327765 0.322843 0.194496 0.182214 0.029312
1 0.327081 0.321775 0.192851 0.180036 0.880797
1 0.452786 0.324622 0.038621 0.040281 0.119203
1 0.452378 0.325099 0.039433 0.038531 0.119203
1 0.452769 0.324443 0.038698 0.039857 0.182426
1 0.986884 0.333208 0.026869 0.044639 0.002473
1 0.991389 0.331636 0.017749 0.043796 0.002473
1 0.012455 0.381275 0.024938 0.198953 0.002473
1 0.012519 0.388473 0.025076 0.187927 0.004070
1 0.324920 0.321330 0.193720 0.185432 0.029312
1 0.325717 0.321477 0.192429 0.185058 0.817575
1 0.324274 0.322088 0.192374 0.183866 0.952574
1 0.325703 0.320918 0.192421 0.181225 0.939913
1 0.325034 0.320902 0.193822 0.181291 0.851953
1 0.324911 0.322566 0.190831 0.183478 0.500000
1 0.325709 0.321257 0.192428 0.180868 0.017986
2 0.164187 0.335345 0.050229 0.032565 0.001501
2 0.163957 0.335355 0.049637 0.032630 0.002473
2 0.165765 0.335359 0.052689 0.032587 0.001501
4 0.010431 0.380676 0.020880 0.197139 0.001501
4 0.012455 0.381275 0.024938 0.198953 0.006693
4 0.013321 0.384801 0.023525 0.189695 0.006693
4 0.012519 0.388473 0.025076 0.187927 0.010987
4 0.014039 0.386725 0.025031 0.185632 0.006693
4 0.012508 0.394401 0.025054 0.169632 0.002473
5 0.010431 0.380676 0.020880 0.197139 0.002473
5 0.012455 0.381275 0.024938 0.198953 0.004070
5 0.013321 0.384801 0.023525 0.189695 0.004070
5 0.012519 0.388473 0.025076 0.187927 0.004070
5 0.014039 0.386725 0.025031 0.185632 0.004070
