0 0.682710 0.309483 0.009667 0.093679 0.004070
0 0.682769 0.309590 0.009871 0.094552 0.002473
1 0.435841 0.314909 0.018677 0.046505 0.731059
1 0.436282 0.314891 0.019529 0.046543 0.622459
1 0.435057 0.315789 0.020131 0.048344 0.817575
1 0.435112 0.314878 0.020271 0.046577 0.622459
1 0.546061 0.316510 0.014130 0.017841 0.002473
1 0.349669 0.276052 0.153297 0.208595 0.004070
1 0.350708 0.276097 0.154913 0.213276 0.002473
1 0.105470 0.362497 0.210947 0.437292 0.904651
1 0.105649 0.360974 0.211366 0.435082 0.924142
1 0.105601 0.360940 0.211219 0.434921 0.939913
1 0.105771 0.362763 0.211524 0.436110 0.924142
1 0.105637 0.360992 0.211268 0.435027 0.904651
1 0.105654 0.362904 0.211358 0.435946 0.904651
1 0.105598 0.361648 0.211234 0.433346 0.904651
1 0.105771 0.362140 0.211529 0.432446 0.924142
1 0.105667 0.361670 0.211479 0.429275 0.904651
1 0.105831 0.360823 0.211664 0.430810 0.904651
2 0.486226 0.307808 0.094416 0.162428 0.010987
2 0.351638 0.278277 0.150142 0.207113 0.119203
2 0.351237 0.278389 0.155713 0.209530 0.017986
2 0.350444 0.274599 0.154977 0.211453 0.014064
2 0.352246 0.275932 0.154524 0.208486 0.880797
2 0.351561 0.275949 0.153169 0.208402 0.880797
2 0.351598 0.275964 0.153166 0.208424 0.904651
2 0.349669 0.276052 0.153297 0.208595 0.817575
2 0.351531 0.277159 0.153094 0.205993 0.880797
2 0.350775 0.275901 0.154695 0.203461 0.880797
2 0.351625 0.277172 0.153181 0.205961 0.880797
2 0.350708 0.276097 0.154913 0.213276 0.880797
2 0.350784 0.276039 0.151790 0.213209 0.904651
2 0.351093 0.276147 0.155300 0.213277 0.222700
3 0.486226 0.307808 0.094416 0.162428 0.268941
3 0.485498 0.307862 0.096000 0.162553 0.924142
3 0.486050 0.309134 0.097103 0.160010 0.880797
3 0.487506 0.308677 0.094182 0.164284 0.622459
3 0.486019 0.307858 0.097046 0.162639 0.182426
3 0.485504 0.307887 0.096005 0.162632 0.924142
3 0.486046 0.306764 0.097093 0.164877 0.924142
3 0.486061 0.307858 0.097080 0.162573 0.880797
3 0.435057 0.315789 0.020131 0.048344 0.004070
3 0.435112 0.314878 0.020271 0.046577 0.002473
3 0.485992 0.310022 0.097011 0.161843 0.017986
3 0.484739 0.308790 0.097544 0.164365 0.880797
3 0.484732 0.309160 0.097575 0.160016 0.817575
3 0.486038 0.307860 0.097109 0.162553 0.182426
3 0.484717 0.309161 0.097563 0.160019 0.182426
3 0.485219 0.309118 0.098673 0.160142 0.182426
3 0.352246 0.275932 0.154524 0.208486 0.001170
3 0.349669 0.276052 0.153297 0.208595 0.010987
3 0.351531 0.277159 0.153094 0.205993 0.001170
3 0.350708 0.276097 0.154913 0.213276 0.006693
3 0.350784 0.276039 0.151790 0.213209 0.002473
5 0.250464 0.327957 0.021398 0.035820 0.001501
5 0.256125 0.327578 0.016583 0.034978 0.006693
5 0.267990 0.330228 0.017602 0.048099 0.004070
5 0.699147 0.325528 0.017674 0.040899 0.002473
5 0.255952 0.330922 0.016939 0.033330 0.002473
5 0.266561 0.330944 0.014417 0.041680 0.002473
