0 0.446185 0.314584 0.017430 0.082979 0.182426
0 0.449423 0.310314 0.020496 0.069911 0.004070
0 0.882848 0.340947 0.019538 0.127503 0.004070
0 0.949356 0.282706 0.045367 0.317905 0.002473
0 0.951815 0.268943 0.041795 0.294520 0.006693
0 0.446268 0.314625 0.017747 0.079780 0.182426
0 0.447538 0.316742 0.020464 0.047792 0.017986
0 0.578866 0.316259 0.007766 0.055052 0.002473
0 0.594481 0.315465 0.011094 0.060937 0.002473
0 0.601936 0.311466 0.009821 0.068900 0.002473
0 0.705480 0.322976 0.011011 0.073683 0.001501
0 0.881988 0.342883 0.014346 0.121663 0.017986
0 0.885995 0.343674 0.022371 0.128939 0.002473
0 0.915630 0.353064 0.027703 0.183922 0.004070
0 0.949483 0.289773 0.045325 0.330677 0.002473
0 0.950378 0.272986 0.044355 0.303017 0.002473
0 0.160638 0.338161 0.018280 0.109175 0.001501
0 0.446911 0.315789 0.018862 0.072767 0.119203
0 0.577811 0.316910 0.008783 0.050908 0.002473
0 0.597198 0.317010 0.011522 0.060615 0.004070
0 0.601550 0.313871 0.011335 0.063762 0.002473
0 0.705570 0.325062 0.008130 0.074118 0.002473
0 0.744686 0.324849 0.004859 0.041856 0.001501
0 0.874862 0.342211 0.022007 0.114587 0.001501
0 0.882809 0.340228 0.012873 0.117919 0.010987
0 0.886205 0.343058 0.019830 0.127068 0.001501
0 0.911695 0.351133 0.037645 0.185760 0.006693
0 0.915116 0.351495 0.031010 0.184355 0.006693
0 0.947922 0.295517 0.048575 0.342310 0.006693
0 0.947844 0.284543 0.051527 0.325515 0.002473
0 0.446718 0.313439 0.018458 0.082872 0.182426
0 0.448159 0.329144 0.018142 0.052975 0.047426
0 0.601394 0.317305 0.010912 0.060568 0.001501
0 0.874101 0.344452 0.023607 0.119036 0.001501
0 0.882639 0.341639 0.015683 0.118991 0.017986
0 0.910712 0.354057 0.040168 0.185399 0.004070
0 0.913876 0.352365 0.033679 0.184828 0.004070
0 0.947214 0.298180 0.056095 0.354786 0.010987
0 0.945824 0.297251 0.055901 0.352868 0.001501
0 0.447614 0.315616 0.017455 0.104589 0.006693
0 0.448717 0.315013 0.019773 0.109282 0.002473
0 0.874605 0.343287 0.025895 0.115869 0.001501
0 0.883396 0.342266 0.014290 0.117300 0.006693
0 0.910797 0.358623 0.041262 0.194437 0.006693
0 0.912067 0.356550 0.037673 0.190326 0.002473
0 0.946185 0.306901 0.060285 0.372406 0.001501
0 0.945878 0.310486 0.062808 0.379896 0.002473
0 0.161118 0.357373 0.012766 0.072103 0.001501
0 0.878953 0.341093 0.017191 0.119504 0.004070
0 0.911027 0.354348 0.042834 0.191015 0.002473
0 0.947752 0.316703 0.065867 0.386438 0.017986
0 0.945486 0.316265 0.067427 0.391725 0.047426
0 0.943751 0.318004 0.076873 0.374944 0.001501
0 0.946906 0.321929 0.073334 0.404594 0.029312
0 0.945849 0.322679 0.069017 0.410772 0.017986
0 0.948848 0.319131 0.064775 0.409719 0.006693
0 0.947235 0.317690 0.074069 0.400696 0.010987
0 0.946824 0.319831 0.069940 0.402091 0.002473
0 0.317813 0.386585 0.278248 0.813754 0.003173
0 0.327951 0.397037 0.293260 0.844428 0.002473
0 0.309382 0.427706 0.317525 0.907740 0.002473
0 0.321594 0.429761 0.312984 0.954226 0.008577
0 0.337856 0.422527 0.337173 0.974364 0.006693
0 0.304009 0.467801 0.372630 0.983294 0.017986
0 0.320241 0.460924 0.375624 1.000289 0.022977
0 0.338134 0.455555 0.387753 1.004357 0.006693
0 0.298224 0.497892 0.426820 1.011718 0.008577
0 0.315154 0.492794 0.419415 1.005563 0.005220
0 0.337965 0.491426 0.428709 1.006320 0.001170
0 0.286893 0.515294 0.456900 0.971906 0.001501
0 0.301581 0.511516 0.432861 0.960318 0.001170
1 0.983272 0.289367 0.034032 0.133757 0.001501
1 0.982801 0.297688 0.034769 0.119809 0.001501
1 0.983320 0.294724 0.033540 0.119186 0.002473
1 0.982930 0.295313 0.034609 0.113579 0.001501
1 0.425256 0.313775 0.028619 0.039223 0.001501
1 0.427130 0.315075 0.029216 0.041859 0.002473
1 0.447538 0.316742 0.020464 0.047792 0.001501
1 0.398484 0.320363 0.022055 0.020922 0.017986
1 0.399330 0.320346 0.020634 0.020964 0.017986
1 0.425115 0.316328 0.025346 0.039331 0.017986
1 0.426297 0.317272 0.024328 0.037383 0.047426
1 0.446911 0.315789 0.018862 0.072767 0.004070
1 0.455667 0.324655 0.032991 0.031632 0.119203
1 0.461247 0.326266 0.029178 0.027632 0.268941
1 0.477852 0.322914 0.022426 0.030515 0.500000
1 0.499980 0.322931 0.025027 0.026004 0.622459
1 0.500777 0.324202 0.023469 0.023463 0.731059
1 0.461556 0.328524 0.024179 0.032813 0.004070
1 0.011582 0.403774 0.023258 0.150269 0.001501
2 0.425256 0.313775 0.028619 0.039223 0.377541
2 0.427130 0.315075 0.029216 0.041859 0.377541
2 0.425115 0.316328 0.025346 0.039331 0.075858
2 0.426297 0.317272 0.024328 0.037383 0.075858
3 0.426297 0.317272 0.024328 0.037383 0.001501
