0 0.458482 0.312298 0.011195 0.067139 0.182426
0 0.469474 0.312647 0.011078 0.067878 0.001501
0 0.459152 0.312983 0.012538 0.066087 0.500000
0 0.470280 0.315115 0.012509 0.060324 0.268941
0 0.459705 0.312950 0.011485 0.066518 0.500000
0 0.470963 0.315583 0.011163 0.058617 0.268941
0 0.459178 0.312506 0.012602 0.065693 0.377541
0 0.469519 0.315843 0.011027 0.063531 0.182426
1 0.309460 0.324185 0.090863 0.101654 0.924142
1 0.309695 0.325467 0.091315 0.104178 0.924142
1 0.310163 0.324189 0.089464 0.101618 0.880797
1 0.405410 0.313379 0.027948 0.023861 0.075858
1 0.405365 0.313430 0.025142 0.023937 0.047426
1 0.414386 0.314788 0.034022 0.027469 0.001501
1 0.423972 0.313482 0.024948 0.026450 0.002473
1 0.008668 0.331855 0.017417 0.161792 0.001501
1 0.310187 0.324212 0.089583 0.101661 0.880797
1 0.310377 0.325471 0.089951 0.104180 0.924142
1 0.309710 0.325323 0.091287 0.099361 0.880797
1 0.405526 0.314393 0.026562 0.024688 0.182426
1 0.405517 0.314468 0.024766 0.024505 0.377541
1 0.424428 0.316476 0.019907 0.024125 0.075858
1 0.425184 0.317122 0.021624 0.022846 0.182426
1 0.485174 0.317204 0.017820 0.019131 0.119203
1 0.485567 0.317175 0.018304 0.019127 0.029312
1 0.504318 0.321735 0.026811 0.013817 0.001501
1 0.546444 0.326791 0.040456 0.023638 0.002473
1 0.546716 0.326730 0.037349 0.023427 0.004070
1 0.547450 0.326713 0.039053 0.018885 0.004070
1 0.561483 0.328063 0.031646 0.021764 0.001501
1 0.757278 0.328687 0.026093 0.027333 0.001501
1 0.010194 0.332561 0.020481 0.161731 0.001501
1 0.309506 0.324196 0.090940 0.101662 0.880797
1 0.309720 0.324197 0.091330 0.106750 0.924142
1 0.309456 0.322918 0.090777 0.104188 0.880797
1 0.310213 0.325523 0.089543 0.104130 0.880797
1 0.113011 0.947654 0.222010 0.105109 0.006693
1 0.112525 0.947061 0.221326 0.101004 0.001501
1 0.116207 0.950157 0.230351 0.099999 0.004070
1 0.115167 0.949503 0.231997 0.096547 0.001501
1 0.132719 0.359123 0.268445 0.286764 0.924142
1 0.133081 0.357948 0.266045 0.289195 0.924142
1 0.134787 0.359055 0.266325 0.286792 0.880797
1 0.133957 0.359214 0.267934 0.286755 0.924142
1 0.133231 0.360305 0.269535 0.284644 0.924142
1 0.133079 0.359241 0.266135 0.286816 0.924142
1 0.133851 0.359247 0.264545 0.286928 0.904651
1 0.133491 0.356814 0.266949 0.286572 0.924142
1 0.134277 0.356784 0.265368 0.286553 0.924142
1 0.134276 0.356858 0.265378 0.286452 0.904651
1 0.894989 0.403950 0.209817 0.397087 0.005220
1 0.895252 0.403502 0.209444 0.395872 0.851953
1 0.895768 0.403467 0.208449 0.396922 0.851953
1 0.896082 0.402002 0.211018 0.398307 0.880797
1 0.896081 0.404134 0.210665 0.398390 0.777300
1 0.895036 0.402419 0.209878 0.401406 0.817575
1 0.895121 0.402071 0.209782 0.398934 0.851953
1 0.895064 0.401963 0.209949 0.399713 0.851953
1 0.894967 0.401086 0.209992 0.401891 0.817575
1 0.895798 0.400888 0.211500 0.401248 0.817575
1 0.895035 0.401626 0.210006 0.397883 0.377541
