0 0.492938 0.326819 0.011211 0.065891 0.001501
0 0.493745 0.338165 0.009481 0.047204 0.006693
0 0.492978 0.341110 0.011013 0.043425 0.004070
1 0.610479 0.333323 0.145756 0.088470 0.047426
1 0.611084 0.333299 0.144178 0.088467 0.880797
1 0.988133 0.310526 0.024171 0.100884 0.001501
1 0.989541 0.310450 0.021173 0.083078 0.001501
1 0.070366 0.362288 0.137674 0.125341 0.880797
1 0.358645 0.324996 0.032791 0.034705 0.268941
1 0.358150 0.323586 0.030638 0.035458 0.731059
1 0.358899 0.323606 0.032259 0.035483 0.731059
1 0.611030 0.332048 0.147057 0.085971 0.880797
1 0.611184 0.332079 0.144280 0.085972 0.924142
1 0.610371 0.332100 0.145670 0.086019 0.880797
1 0.722991 0.336752 0.068013 0.049309 0.010987
1 0.727409 0.337186 0.076676 0.054787 0.731059
1 0.727439 0.336006 0.076033 0.056692 0.731059
1 0.727707 0.334915 0.075611 0.058120 0.731059
1 0.728104 0.335818 0.076895 0.056331 0.731059
1 0.728626 0.335738 0.073873 0.056206 0.817575
1 0.787631 0.338170 0.053440 0.041760 0.622459
1 0.789675 0.337047 0.054276 0.039513 0.622459
1 0.789058 0.337038 0.052971 0.039487 0.622459
1 0.789777 0.337027 0.053502 0.039451 0.622459
1 0.070256 0.361610 0.140507 0.123778 0.924142
1 0.071015 0.361566 0.138985 0.126330 0.924142
1 0.069521 0.361648 0.139104 0.126605 0.880797
1 0.358592 0.326525 0.032682 0.037993 0.002473
1 0.358786 0.326019 0.032410 0.036835 0.002473
1 0.358716 0.326069 0.032615 0.036882 0.002473
1 0.611248 0.333341 0.144439 0.088504 0.880797
1 0.610825 0.332088 0.143577 0.085992 0.880797
1 0.610860 0.333354 0.143532 0.088545 0.880797
1 0.727445 0.335733 0.076599 0.056559 0.731059
1 0.727981 0.335927 0.077128 0.056589 0.622459
1 0.727794 0.336018 0.075333 0.056705 0.731059
1 0.727529 0.337079 0.075861 0.054307 0.817575
1 0.727841 0.337017 0.075330 0.054264 0.817575
1 0.787669 0.339047 0.053595 0.043572 0.500000
1 0.789680 0.339057 0.054289 0.043521 0.731059
1 0.789068 0.339959 0.053027 0.041702 0.731059
1 0.790439 0.338148 0.052356 0.041714 0.622459
1 0.813118 0.340260 0.035391 0.033193 0.001501
1 0.069610 0.361014 0.139221 0.125265 0.880797
1 0.070224 0.361571 0.140475 0.123875 0.924142
1 0.069532 0.360916 0.139106 0.125181 0.924142
1 0.611247 0.333437 0.144395 0.088694 0.880797
1 0.610826 0.333409 0.143574 0.088641 0.880797
1 0.611210 0.332219 0.144272 0.086288 0.817575
1 0.070295 0.361624 0.140593 0.123633 0.880797
1 0.070249 0.361628 0.140508 0.123793 0.880797
1 0.070198 0.362147 0.140497 0.123033 0.880797
1 0.909227 0.305116 0.151799 0.298012 0.003173
1 0.910075 0.305410 0.151995 0.298174 0.017986
1 0.909165 0.307374 0.152096 0.297070 0.005220
1 0.909423 0.306059 0.152752 0.294452 0.005220
1 0.909737 0.306042 0.153102 0.294644 0.008577
1 0.906733 0.310100 0.150535 0.305091 0.006693
1 0.908714 0.306598 0.153073 0.300042 0.006693
1 0.908966 0.305567 0.153938 0.297489 0.005220
1 0.909483 0.305473 0.156644 0.297623 0.005220
1 0.908834 0.307976 0.155730 0.306763 0.001170
1 0.909503 0.306444 0.157322 0.301615 0.004070
2 0.752813 0.308621 0.084732 0.071230 0.004070
2 0.754244 0.309201 0.087233 0.072207 0.004070
2 0.753781 0.309296 0.085669 0.072149 0.001501
2 0.758164 0.313134 0.095702 0.079835 0.004070
2 0.790439 0.338148 0.052356 0.041714 0.001501
2 0.909227 0.305116 0.151799 0.298012 0.075858
2 0.910075 0.305410 0.151995 0.298174 0.119203
2 0.910356 0.304327 0.152191 0.295907 0.006693
2 0.908075 0.306661 0.150642 0.301935 0.008577
2 0.909165 0.307374 0.152096 0.297070 0.037327
2 0.909423 0.306059 0.152752 0.294452 0.017986
2 0.909737 0.306042 0.153102 0.294644 0.014064
2 0.906733 0.310100 0.150535 0.305091 0.010987
2 0.908714 0.306598 0.153073 0.300042 0.008577
2 0.908966 0.305567 0.153938 0.297489 0.005220
2 0.909483 0.305473 0.156644 0.297623 0.003173
2 0.909503 0.306444 0.157322 0.301615 0.001170
3 0.909227 0.305116 0.151799 0.298012 0.022977
3 0.910075 0.305410 0.151995 0.298174 0.182426
3 0.910356 0.304327 0.152191 0.295907 0.022977
3 0.908075 0.306661 0.150642 0.301935 0.014064
3 0.909165 0.307374 0.152096 0.297070 0.222700
3 0.909423 0.306059 0.152752 0.294452 0.268941
3 0.909737 0.306042 0.153102 0.294644 0.377541
3 0.912580 0.307428 0.159087 0.298848 0.001927
3 0.906733 0.310100 0.150535 0.305091 0.095349
3 0.908714 0.306598 0.153073 0.300042 0.320821
3 0.908966 0.305567 0.153938 0.297489 0.320821
3 0.909483 0.305473 0.156644 0.297623 0.320821
3 0.908834 0.307976 0.155730 0.306763 0.148047
3 0.909503 0.306444 0.157322 0.301615 0.320821
3 0.910047 0.306569 0.157671 0.307122 0.006693
