1 0.347626 0.331279 0.050277 0.028343 0.004070
1 0.356000 0.332188 0.038180 0.034385 0.268941
1 0.356164 0.330909 0.037813 0.036963 0.182426
1 0.356055 0.332165 0.038549 0.034436 0.268941
1 0.378407 0.328812 0.018349 0.027583 0.119203
1 0.397444 0.324347 0.026958 0.019545 0.001501
1 0.401209 0.324163 0.019886 0.018590 0.002473
1 0.451223 0.322893 0.019818 0.015937 0.004070
1 0.453388 0.322900 0.015536 0.015835 0.010987
1 0.496783 0.324583 0.015572 0.033935 0.182426
1 0.521547 0.323825 0.043684 0.040396 0.817575
1 0.520827 0.323825 0.045111 0.040395 0.880797
1 0.521445 0.323704 0.043177 0.040201 0.817575
1 0.521504 0.323866 0.046459 0.040655 0.047426
1 0.666442 0.356739 0.182919 0.158513 0.377541
1 0.667731 0.355938 0.185600 0.156958 0.880797
1 0.667047 0.355189 0.184302 0.158999 0.731059
1 0.327321 0.338760 0.026953 0.021389 0.001501
1 0.343851 0.336488 0.049095 0.025850 0.010987
1 0.356018 0.332210 0.038220 0.034337 0.268941
1 0.355945 0.333346 0.038249 0.036599 0.268941
1 0.355376 0.333327 0.039426 0.032179 0.268941
1 0.378581 0.329874 0.021436 0.029897 0.010987
1 0.494907 0.326101 0.014855 0.037668 0.004070
1 0.521543 0.324586 0.043683 0.040325 0.182426
1 0.521449 0.324398 0.043436 0.039940 0.119203
1 0.520746 0.324616 0.044873 0.040268 0.182426
1 0.522518 0.324880 0.047370 0.041047 0.004070
1 0.666427 0.354070 0.185917 0.153264 0.731059
1 0.667862 0.353324 0.185895 0.155367 0.817575
1 0.666620 0.354734 0.183541 0.158192 0.817575
1 0.666419 0.353966 0.185908 0.156511 0.817575
1 0.667829 0.353684 0.185966 0.155864 0.880797
1 0.666412 0.355881 0.186214 0.156757 0.817575
1 0.667923 0.353888 0.189239 0.156356 0.817575
1 0.665929 0.353367 0.185201 0.159421 0.029312
3 0.356000 0.332188 0.038180 0.034385 0.002473
3 0.356164 0.330909 0.037813 0.036963 0.002473
3 0.356055 0.332165 0.038549 0.034436 0.002473
3 0.356018 0.332210 0.038220 0.034337 0.004070
3 0.355945 0.333346 0.038249 0.036599 0.002473
3 0.355376 0.333327 0.039426 0.032179 0.004070
