0 0.558708 0.317626 0.008225 0.036371 0.006693
0 0.770963 0.327857 0.011157 0.067428 0.047426
0 0.771506 0.327778 0.010089 0.062785 0.119203
0 0.770966 0.325644 0.011173 0.062733 0.182426
0 0.769533 0.329765 0.011090 0.076434 0.004070
1 0.384653 0.329298 0.022436 0.017765 0.182426
1 0.384743 0.328169 0.022621 0.015540 0.119203
1 0.460235 0.319581 0.017540 0.014355 0.001501
1 0.462791 0.319540 0.022303 0.014437 0.001501
1 0.504190 0.318204 0.021137 0.011539 0.010987
1 0.536077 0.323826 0.039292 0.032482 0.047426
1 0.539116 0.323582 0.034736 0.035427 0.880797
1 0.539070 0.322919 0.034655 0.034116 0.880797
1 0.539233 0.323578 0.037050 0.035630 0.268941
1 0.657781 0.317209 0.027260 0.019096 0.004070
1 0.666961 0.319218 0.029284 0.018849 0.002473
1 0.756756 0.321419 0.019730 0.024396 0.001501
1 0.885224 0.431678 0.232675 0.535502 0.817575
1 0.884704 0.431135 0.233647 0.534105 0.817575
1 0.884572 0.431043 0.230880 0.529192 0.777300
1 0.883889 0.427825 0.232313 0.522609 0.500000
1 0.884303 0.432237 0.231479 0.547939 0.777300
1 0.883841 0.435136 0.232285 0.548007 0.777300
1 0.883945 0.433662 0.232158 0.544926 0.679179
1 0.884431 0.432468 0.231302 0.537492 0.731059
1 0.882659 0.429072 0.234786 0.558593 0.003173
1 0.883200 0.431476 0.233540 0.553361 0.562177
1 0.883361 0.432262 0.233293 0.553643 0.437824
2 0.718193 0.298986 0.083550 0.046852 0.001501
2 0.725667 0.305547 0.066871 0.041014 0.001501
