1 0.633126 0.338887 0.124553 0.113613 0.880797
1 0.411071 0.324035 0.014251 0.013551 0.006693
1 0.411829 0.322851 0.015761 0.015956 0.004070
1 0.528529 0.319603 0.024146 0.027530 0.377541
1 0.529939 0.318320 0.023130 0.024961 0.817575
1 0.569705 0.315988 0.019385 0.048363 0.001501
1 0.633860 0.337647 0.123652 0.111281 0.817575
1 0.633838 0.339081 0.123688 0.113258 0.880797
1 0.633450 0.337625 0.126844 0.111252 0.817575
1 0.633849 0.337522 0.123682 0.111337 0.817575
1 0.633841 0.337527 0.123696 0.111344 0.880797
1 0.633900 0.337533 0.126153 0.111377 0.817575
1 0.633896 0.336392 0.123890 0.109063 0.817575
1 0.633307 0.337423 0.124774 0.111585 0.880797
1 0.633806 0.336376 0.126203 0.109492 0.817575
1 0.978151 0.873581 0.046868 0.254340 0.001501
2 0.688248 0.298781 0.089458 0.050894 0.004070
2 0.689298 0.299312 0.089813 0.051898 0.017986
2 0.689129 0.300284 0.091474 0.053842 0.006693
2 0.688009 0.299586 0.088173 0.052444 0.010987
2 0.689832 0.298004 0.086827 0.054426 0.010987
2 0.686034 0.300510 0.086933 0.054395 0.004070
2 0.689339 0.299732 0.091340 0.052795 0.017986
2 0.688919 0.300629 0.091908 0.054570 0.006693
2 0.689140 0.297752 0.088525 0.053842 0.004070
2 0.691507 0.299311 0.082421 0.050707 0.004070
2 0.759470 0.308981 0.048381 0.030182 0.004070
2 0.764058 0.307350 0.040575 0.031436 0.006693
2 0.765557 0.307420 0.042320 0.031693 0.002473
2 0.770939 0.312502 0.048022 0.043655 0.001501
2 0.763082 0.309334 0.045183 0.035412 0.002473
