0 0.059659 0.361625 0.011490 0.051862 0.010987
0 0.059112 0.361531 0.012594 0.050582 0.010987
0 0.055869 0.362565 0.016387 0.050718 0.001501
1 0.238726 0.336005 0.041043 0.031289 0.002473
1 0.240745 0.335995 0.037453 0.031201 0.004070
1 0.257008 0.332748 0.020356 0.022851 0.004070
1 0.260510 0.331382 0.025168 0.022031 0.002473
1 0.333319 0.328858 0.037042 0.027935 0.004070
1 0.337172 0.329486 0.026260 0.028939 0.010987
1 0.342594 0.331057 0.021899 0.027564 0.029312
1 0.351506 0.331676 0.031288 0.033528 0.006693
1 0.385261 0.330717 0.037629 0.041753 0.182426
1 0.386649 0.330764 0.034804 0.041747 0.817575
1 0.386348 0.330794 0.035432 0.041764 0.731059
1 0.388031 0.329477 0.038419 0.039373 0.006693
1 0.450855 0.316454 0.041122 0.033850 0.006693
1 0.450983 0.316404 0.042047 0.033923 0.004070
1 0.450600 0.317725 0.042902 0.036355 0.004070
1 0.451882 0.318833 0.043322 0.034139 0.004070
1 0.779749 0.351518 0.084535 0.068555 0.182426
1 0.781882 0.351943 0.082930 0.069362 0.377541
1 0.780571 0.352516 0.083007 0.066997 0.047426
1 0.150773 0.352899 0.051599 0.044277 0.731059
1 0.150791 0.352884 0.051571 0.044275 0.817575
1 0.149235 0.352888 0.051588 0.044317 0.817575
1 0.150035 0.352881 0.053071 0.044329 0.731059
1 0.196012 0.346518 0.039002 0.031513 0.731059
1 0.197241 0.344675 0.038712 0.032372 0.817575
1 0.196001 0.345325 0.038957 0.033671 0.817575
1 0.202556 0.342538 0.053318 0.033252 0.004070
1 0.238699 0.340370 0.033359 0.027631 0.075858
1 0.239414 0.340324 0.034924 0.027748 0.075858
1 0.252395 0.335705 0.020455 0.023718 0.010987
1 0.260716 0.333124 0.028736 0.024589 0.004070
1 0.339260 0.331329 0.028022 0.032671 0.006693
1 0.342668 0.333342 0.021814 0.032138 0.010987
1 0.355250 0.334653 0.036913 0.034999 0.010987
1 0.385320 0.330752 0.037750 0.041796 0.268941
1 0.386410 0.332030 0.035381 0.039196 0.731059
1 0.386486 0.330772 0.036728 0.041725 0.731059
1 0.387768 0.329685 0.038223 0.039760 0.017986
1 0.779932 0.352676 0.081849 0.066728 0.880797
1 0.780448 0.353024 0.085919 0.067219 0.731059
1 0.781223 0.352726 0.084400 0.066626 0.817575
1 0.779807 0.353065 0.084583 0.064757 0.817575
1 0.780573 0.353514 0.083008 0.064763 0.817575
1 0.150765 0.352875 0.051621 0.044339 0.622459
1 0.150788 0.354172 0.051627 0.041746 0.817575
1 0.150772 0.354172 0.051601 0.041753 0.817575
1 0.150082 0.354151 0.050163 0.041850 0.622459
1 0.196020 0.348262 0.039082 0.035245 0.004070
1 0.197268 0.348010 0.038645 0.034563 0.002473
1 0.780482 0.352745 0.082924 0.066282 0.817575
1 0.779760 0.353136 0.084541 0.067357 0.817575
1 0.780566 0.352839 0.083054 0.066770 0.817575
1 0.781260 0.353566 0.084443 0.065094 0.817575
1 0.780618 0.353682 0.082942 0.064616 0.622459
2 0.451529 0.317059 0.043578 0.037682 0.377541
2 0.450994 0.314902 0.042216 0.036908 0.500000
2 0.451613 0.315796 0.043473 0.035127 0.377541
2 0.451696 0.314840 0.043613 0.037078 0.268941
2 0.217158 0.335536 0.071257 0.037255 0.002473
2 0.450855 0.316454 0.041122 0.033850 0.268941
2 0.450983 0.316404 0.042047 0.033923 0.377541
2 0.450600 0.317725 0.042902 0.036355 0.268941
2 0.451882 0.318833 0.043322 0.034139 0.182426
2 0.196001 0.345325 0.038957 0.033671 0.001501
5 0.779749 0.351518 0.084535 0.068555 0.001501
5 0.050462 0.357622 0.027120 0.066645 0.001501
5 0.050636 0.364457 0.027058 0.053117 0.004070
5 0.050397 0.364078 0.029444 0.050322 0.001501
5 0.055869 0.362565 0.016387 0.050718 0.002473
