1 0.395780 0.326886 0.050263 0.054620 0.731059
1 0.395830 0.326875 0.050271 0.054592 0.622459
1 0.395871 0.326878 0.050092 0.054590 0.500000
1 0.330503 0.325327 0.039114 0.025706 0.622459
1 0.329032 0.326216 0.038884 0.027512 0.622459
1 0.330531 0.325341 0.042073 0.025757 0.500000
1 0.394495 0.327064 0.052702 0.054107 0.010987
1 0.395455 0.326937 0.050912 0.054494 0.817575
1 0.396436 0.326990 0.049053 0.054423 0.731059
1 0.395907 0.326944 0.050124 0.054506 0.817575
1 0.397711 0.327032 0.048824 0.054323 0.731059
1 0.396322 0.327451 0.051368 0.053486 0.731059
1 0.396915 0.328685 0.050291 0.056105 0.817575
1 0.395875 0.328233 0.050100 0.057017 0.731059
1 0.026216 0.367737 0.052424 0.114754 0.002473
1 0.026109 0.365428 0.052257 0.120119 0.002473
1 0.025965 0.368957 0.051968 0.123207 0.001501
2 0.330531 0.325341 0.042073 0.025757 0.001501
