0 0.006798 0.258808 0.013677 0.447460 0.002473
0 0.723912 0.314797 0.025763 0.080951 0.002473
0 0.726258 0.316011 0.019572 0.082462 0.001501
0 0.005638 0.303171 0.011303 0.405721 0.006693
0 0.016927 0.313507 0.033830 0.357743 0.001501
0 0.724733 0.318640 0.022883 0.073281 0.002473
0 0.726859 0.318207 0.018310 0.073083 0.001501
0 0.005637 0.322277 0.011301 0.408973 0.010987
0 0.020226 0.341207 0.037515 0.344214 0.001501
0 0.725756 0.319079 0.021424 0.075742 0.006693
0 0.726361 0.319403 0.016783 0.076434 0.004070
0 0.005761 0.324405 0.011548 0.403673 0.010987
0 0.018629 0.347755 0.037335 0.336545 0.002473
0 0.725751 0.326470 0.021162 0.088690 0.002473
0 0.726919 0.319368 0.019016 0.074527 0.004070
0 0.007173 0.340993 0.014371 0.371937 0.017986
0 0.019358 0.357316 0.038842 0.327244 0.006693
0 0.011161 0.350097 0.022348 0.352596 0.029312
0 0.018283 0.354998 0.033582 0.339551 0.047426
0 0.013663 0.354669 0.027379 0.332102 0.029312
0 0.015424 0.358545 0.030843 0.322148 0.047426
0 0.013548 0.356187 0.030221 0.339204 0.017986
0 0.014853 0.357109 0.029704 0.330439 0.017986
0 0.014301 0.360587 0.028714 0.320757 0.017986
0 0.014363 0.362053 0.028643 0.319529 0.017986
0 0.012720 0.368844 0.028633 0.308470 0.004070
0 0.015963 0.373196 0.025221 0.297692 0.002473
0 0.013310 0.381031 0.026956 0.277423 0.001501
1 0.008793 0.195374 0.017664 0.149689 0.002473
1 0.008580 0.212652 0.017206 0.185937 0.002473
1 0.214568 0.338754 0.132532 0.161298 0.880797
1 0.213164 0.337352 0.132293 0.158630 0.817575
1 0.213216 0.338050 0.130215 0.162509 0.817575
1 0.423938 0.318801 0.023563 0.038859 0.001501
1 0.431090 0.317768 0.022928 0.036546 0.001501
1 0.542210 0.319835 0.024949 0.040732 0.010987
1 0.543156 0.320967 0.025796 0.041063 0.017986
1 0.543332 0.321517 0.027851 0.042540 0.002473
1 0.639493 0.303701 0.040492 0.034226 0.001501
1 0.213152 0.338399 0.132203 0.163281 0.817575
1 0.212967 0.339890 0.129116 0.163748 0.817575
1 0.212212 0.338794 0.130438 0.161524 0.731059
1 0.324618 0.347264 0.185713 0.162654 0.924142
1 0.324331 0.347928 0.186148 0.163990 0.880797
1 0.324904 0.345904 0.185435 0.163550 0.817575
1 0.409762 0.318854 0.016927 0.034576 0.001501
1 0.423702 0.324025 0.019459 0.028332 0.075858
1 0.424303 0.323955 0.020673 0.028529 0.075858
1 0.437815 0.318175 0.016455 0.037746 0.001501
1 0.488269 0.347885 0.101574 0.154160 0.268941
1 0.486743 0.348922 0.101569 0.156203 0.880797
1 0.488267 0.349617 0.101573 0.157609 0.817575
1 0.542308 0.322179 0.026771 0.040354 0.017986
1 0.543109 0.322619 0.025599 0.039245 0.047426
1 0.545381 0.323359 0.023640 0.038168 0.006693
1 0.670754 0.322943 0.033615 0.043041 0.001501
1 0.674295 0.321281 0.029843 0.039756 0.001501
1 0.699764 0.322345 0.068598 0.068598 0.001501
1 0.108472 0.351513 0.056934 0.076639 0.001501
1 0.122515 0.358210 0.045458 0.080157 0.001501
1 0.129202 0.362952 0.041839 0.076006 0.001501
1 0.129855 0.364784 0.037559 0.072700 0.001501
1 0.213676 0.339948 0.130544 0.163609 0.817575
1 0.213011 0.339913 0.129201 0.163525 0.817575
1 0.212955 0.338838 0.129203 0.161397 0.731059
1 0.324306 0.345348 0.185543 0.158824 0.880797
1 0.324814 0.345161 0.186082 0.162059 0.880797
1 0.324050 0.344648 0.185556 0.161031 0.880797
1 0.487500 0.348263 0.103091 0.154966 0.880797
1 0.487508 0.348241 0.100047 0.154874 0.817575
1 0.488265 0.346973 0.101554 0.157440 0.817575
1 0.543971 0.323386 0.024614 0.042856 0.002473
1 0.128228 0.362293 0.044283 0.072452 0.002473
1 0.129649 0.364418 0.040775 0.063443 0.004070
1 0.129584 0.364712 0.041072 0.063590 0.004070
1 0.211608 0.338971 0.129060 0.161376 0.817575
1 0.324133 0.344512 0.186608 0.160826 0.817575
1 0.324322 0.345138 0.186176 0.158365 0.880797
1 0.324452 0.345104 0.184744 0.158297 0.880797
1 0.487504 0.350450 0.103119 0.154176 0.880797
1 0.488286 0.350079 0.101602 0.153341 0.880797
1 0.488267 0.349050 0.101566 0.151316 0.817575
1 0.034861 0.405452 0.064502 0.196137 0.001501
1 0.075308 0.413583 0.092071 0.215608 0.004070
1 0.128170 0.364450 0.040659 0.063381 0.001501
1 0.129238 0.363980 0.038904 0.064754 0.006693
1 0.324604 0.343887 0.186775 0.160484 0.880797
1 0.487537 0.348536 0.100164 0.150386 0.817575
1 0.488263 0.347365 0.101578 0.153222 0.017986
1 0.039704 0.410967 0.073079 0.200391 0.002473
1 0.072662 0.415032 0.098853 0.219885 0.002473
1 0.040083 0.407046 0.070406 0.226492 0.001501
1 0.069266 0.414069 0.108351 0.231931 0.002473
1 0.014301 0.360587 0.028714 0.320757 0.001501
1 0.064549 0.413208 0.117007 0.216660 0.006693
1 0.064896 0.414029 0.117560 0.222956 0.004070
1 0.065742 0.415888 0.115450 0.221055 0.006693
2 0.214568 0.338754 0.132532 0.161298 0.004070
2 0.213164 0.337352 0.132293 0.158630 0.001501
2 0.213152 0.338399 0.132203 0.163281 0.004070
2 0.212967 0.339890 0.129116 0.163748 0.001501
2 0.213676 0.339948 0.130544 0.163609 0.001501
3 0.542308 0.322179 0.026771 0.040354 0.001501
3 0.543109 0.322619 0.025599 0.039245 0.002473
4 0.744424 0.339651 0.037428 0.112666 0.001501
4 0.797391 0.350646 0.036751 0.086727 0.001501
4 0.075308 0.413583 0.092071 0.215608 0.002473
4 0.795672 0.361802 0.045013 0.104345 0.001501
4 0.795452 0.361935 0.044112 0.109468 0.002473
4 0.069075 0.413943 0.107694 0.215874 0.010987
4 0.070454 0.414663 0.106077 0.214518 0.004070
4 0.072662 0.415032 0.098853 0.219885 0.002473
4 0.794029 0.358206 0.049712 0.117691 0.001501
4 0.795097 0.361818 0.046170 0.110040 0.004070
4 0.795456 0.360874 0.044104 0.111796 0.001501
4 0.065523 0.413925 0.115006 0.230469 0.047426
4 0.065873 0.413641 0.115492 0.231057 0.010987
4 0.069266 0.414069 0.108351 0.231931 0.004070
4 0.064549 0.413208 0.117007 0.216660 0.047426
4 0.064896 0.414029 0.117560 0.222956 0.029312
4 0.065742 0.415888 0.115450 0.221055 0.006693
5 0.767493 0.331529 0.023388 0.092894 0.002473
5 0.783913 0.322935 0.035811 0.104183 0.001501
5 0.744424 0.339651 0.037428 0.112666 0.002473
5 0.754983 0.336220 0.046395 0.105041 0.006693
5 0.770481 0.337849 0.018563 0.090631 0.010987
5 0.792707 0.341959 0.036026 0.066554 0.006693
5 0.797391 0.350646 0.036751 0.086727 0.047426
5 0.803182 0.352871 0.027832 0.095398 0.006693
5 0.743314 0.340260 0.037202 0.114558 0.004070
5 0.756309 0.334681 0.045281 0.104543 0.004070
5 0.769430 0.338048 0.022636 0.089083 0.006693
5 0.795444 0.344899 0.041505 0.070919 0.017986
5 0.796261 0.357422 0.041439 0.100054 0.119203
5 0.797416 0.357873 0.040469 0.105231 0.047426
5 0.760081 0.335080 0.038896 0.103629 0.006693
5 0.771324 0.338295 0.021080 0.085529 0.010987
5 0.793922 0.353939 0.042030 0.093533 0.010987
5 0.796050 0.360075 0.042004 0.105927 0.047426
5 0.795931 0.359541 0.041562 0.108604 0.047426
5 0.821231 0.343191 0.022420 0.059919 0.002473
5 0.075308 0.413583 0.092071 0.215608 0.268941
5 0.795403 0.359173 0.045792 0.109519 0.004070
5 0.795672 0.361802 0.045013 0.104345 0.010987
5 0.795452 0.361935 0.044112 0.109468 0.010987
5 0.039704 0.410967 0.073079 0.200391 0.001501
5 0.069075 0.413943 0.107694 0.215874 0.268941
5 0.070454 0.414663 0.106077 0.214518 0.377541
5 0.072662 0.415032 0.098853 0.219885 0.377541
5 0.794029 0.358206 0.049712 0.117691 0.004070
5 0.795097 0.361818 0.046170 0.110040 0.004070
5 0.795456 0.360874 0.044104 0.111796 0.002473
5 0.065523 0.413925 0.115006 0.230469 0.268941
5 0.065873 0.413641 0.115492 0.231057 0.377541
5 0.069266 0.414069 0.108351 0.231931 0.500000
5 0.064549 0.413208 0.117007 0.216660 0.268941
5 0.064896 0.414029 0.117560 0.222956 0.377541
5 0.065742 0.415888 0.115450 0.221055 0.268941
5 0.064247 0.413291 0.116172 0.224011 0.004070
5 0.064973 0.408763 0.115350 0.234770 0.002473
