0 0.719514 0.312307 0.017222 0.078318 0.075858
0 0.720238 0.312370 0.015587 0.078445 0.075858
0 0.719454 0.312498 0.017049 0.078375 0.075858
0 0.719971 0.311268 0.018175 0.081367 0.075858
0 0.719439 0.337097 0.018325 0.144022 0.001501
1 0.208452 0.340901 0.179544 0.168515 0.880797
1 0.207656 0.340133 0.178963 0.166941 0.047426
1 0.351452 0.338502 0.102947 0.115022 0.924142
1 0.407811 0.318181 0.019356 0.040350 0.002473
1 0.469297 0.340426 0.105455 0.144345 0.622459
1 0.519958 0.320319 0.014983 0.039727 0.006693
1 0.526035 0.321020 0.026289 0.041281 0.004070
1 0.619416 0.297840 0.022589 0.030823 0.001501
1 0.634580 0.309401 0.053020 0.050254 0.001501
1 0.665366 0.307941 0.031917 0.027601 0.001501
1 0.206750 0.340010 0.177814 0.170364 0.880797
1 0.207778 0.339839 0.178556 0.169955 0.924142
1 0.207744 0.339237 0.178720 0.168796 0.924142
1 0.351500 0.341146 0.103031 0.119805 0.880797
1 0.350693 0.338581 0.104480 0.114675 0.880797
1 0.351459 0.336894 0.102958 0.111773 0.817575
1 0.408803 0.322853 0.017671 0.030848 0.029312
1 0.468736 0.341030 0.106633 0.145539 0.817575
1 0.468755 0.340000 0.106671 0.143504 0.880797
1 0.468750 0.340229 0.106670 0.143968 0.817575
1 0.521512 0.320751 0.018119 0.038774 0.010987
1 0.533891 0.323454 0.015203 0.035974 0.002473
1 0.664303 0.316947 0.036774 0.040796 0.001501
1 0.667497 0.315214 0.029633 0.037274 0.001501
1 0.207099 0.339176 0.177408 0.168615 0.880797
1 0.207759 0.339144 0.178501 0.168531 0.924142
1 0.207924 0.339184 0.178365 0.165006 0.924142
1 0.350712 0.338642 0.104506 0.114841 0.817575
1 0.350689 0.338457 0.104450 0.114464 0.880797
1 0.351463 0.337181 0.102947 0.112651 0.880797
1 0.468040 0.340500 0.108011 0.149027 0.731059
1 0.468081 0.339700 0.108036 0.142934 0.880797
1 0.468758 0.338306 0.106687 0.144637 0.880797
1 0.016535 0.383019 0.033131 0.181412 0.001501
1 0.022736 0.382758 0.042409 0.154680 0.001501
1 0.207085 0.339276 0.177387 0.165104 0.622459
1 0.208415 0.338311 0.179833 0.166762 0.924142
1 0.207751 0.339332 0.178713 0.164735 0.924142
1 0.352087 0.338677 0.104200 0.114864 0.817575
1 0.350693 0.338685 0.104479 0.115348 0.817575
1 0.351465 0.338666 0.102937 0.115312 0.817575
1 0.468040 0.340277 0.108008 0.144016 0.817575
1 0.468077 0.338251 0.108044 0.139952 0.880797
1 0.468759 0.339631 0.106668 0.137674 0.880797
1 0.019971 0.400534 0.040045 0.208694 0.010987
1 0.024235 0.403435 0.045420 0.197737 0.006693
1 0.467556 0.341316 0.106915 0.146211 0.029312
1 0.020017 0.405033 0.040137 0.214404 0.010987
1 0.026822 0.405885 0.053665 0.203721 0.006693
1 0.047387 0.410789 0.091691 0.214205 0.002473
1 0.047202 0.411082 0.093892 0.211885 0.001501
1 0.014916 0.404774 0.032957 0.228232 0.010987
1 0.028566 0.404901 0.057168 0.222531 0.010987
1 0.047177 0.412709 0.093959 0.218068 0.002473
1 0.047860 0.411069 0.091890 0.213425 0.001501
1 0.050857 0.412534 0.084096 0.209647 0.001501
1 0.008958 0.404507 0.021042 0.230598 0.006693
1 0.027730 0.407709 0.052422 0.227409 0.006693
1 0.047058 0.412455 0.091287 0.217809 0.004070
1 0.048124 0.413173 0.092050 0.216402 0.002473
1 0.048007 0.413399 0.091565 0.210200 0.002473
1 0.051495 0.412668 0.083398 0.208429 0.002473
1 0.007686 0.401738 0.015426 0.245360 0.002473
1 0.021297 0.404940 0.042500 0.240692 0.002473
1 0.049815 0.415155 0.089108 0.210755 0.006693
1 0.050371 0.414559 0.086838 0.206078 0.002473
1 0.007940 0.391857 0.015941 0.263246 0.004070
1 0.007211 0.391999 0.014530 0.270287 0.001501
2 0.208452 0.340901 0.179544 0.168515 0.004070
2 0.206750 0.340010 0.177814 0.170364 0.004070
2 0.207099 0.339176 0.177408 0.168615 0.002473
2 0.207085 0.339276 0.177387 0.165104 0.002473
3 0.021986 0.343850 0.040893 0.070544 0.001501
3 0.521512 0.320751 0.018119 0.038774 0.001501
3 0.022282 0.349068 0.041505 0.085106 0.001501
3 0.022710 0.345147 0.042393 0.077176 0.001501
3 0.016535 0.383019 0.033131 0.181412 0.001501
3 0.022736 0.382758 0.042409 0.154680 0.006693
3 0.022622 0.387101 0.045266 0.166623 0.001501
3 0.019971 0.400534 0.040045 0.208694 0.001501
4 0.794559 0.357789 0.045191 0.111642 0.001501
4 0.791288 0.359282 0.049314 0.104936 0.001501
4 0.793174 0.361503 0.047404 0.110398 0.002473
4 0.047387 0.410789 0.091691 0.214205 0.001501
4 0.047202 0.411082 0.093892 0.211885 0.002473
4 0.788688 0.357436 0.058632 0.114407 0.002473
4 0.792837 0.361553 0.046309 0.110816 0.002473
4 0.793145 0.361617 0.046535 0.110541 0.001501
4 0.047177 0.412709 0.093959 0.218068 0.004070
4 0.047860 0.411069 0.091890 0.213425 0.002473
4 0.050857 0.412534 0.084096 0.209647 0.002473
4 0.047058 0.412455 0.091287 0.217809 0.002473
4 0.048124 0.413173 0.092050 0.216402 0.006693
4 0.048007 0.413399 0.091565 0.210200 0.002473
4 0.051495 0.412668 0.083398 0.208429 0.004070
4 0.049815 0.415155 0.089108 0.210755 0.004070
4 0.050371 0.414559 0.086838 0.206078 0.002473
5 0.533891 0.323454 0.015203 0.035974 0.002473
5 0.761174 0.340887 0.018561 0.108038 0.001501
5 0.765741 0.344917 0.017288 0.090395 0.002473
5 0.786360 0.344619 0.026989 0.075395 0.001501
5 0.790578 0.342344 0.028128 0.074240 0.001501
5 0.769170 0.347764 0.025999 0.095100 0.001501
5 0.788255 0.348668 0.032629 0.087512 0.001501
5 0.794158 0.352312 0.042975 0.094785 0.004070
5 0.799718 0.353299 0.046009 0.102430 0.002473
5 0.022736 0.382758 0.042409 0.154680 0.002473
5 0.022622 0.387101 0.045266 0.166623 0.004070
5 0.775195 0.349388 0.038040 0.099647 0.002473
5 0.788067 0.355088 0.041653 0.101318 0.002473
5 0.793328 0.357366 0.047271 0.106204 0.002473
5 0.794559 0.357789 0.045191 0.111642 0.002473
5 0.024235 0.403435 0.045420 0.197737 0.010987
5 0.028717 0.404887 0.057480 0.204473 0.004070
5 0.044505 0.408078 0.088975 0.210033 0.017986
5 0.779839 0.352406 0.049156 0.106388 0.001501
5 0.787469 0.356970 0.055205 0.106560 0.001501
5 0.791288 0.359282 0.049314 0.104936 0.001501
5 0.793174 0.361503 0.047404 0.110398 0.004070
5 0.020017 0.405033 0.040137 0.214404 0.001501
5 0.026822 0.405885 0.053665 0.203721 0.010987
5 0.041841 0.408768 0.083811 0.209836 0.010987
5 0.047387 0.410789 0.091691 0.214205 0.500000
5 0.047202 0.411082 0.093892 0.211885 0.377541
5 0.788688 0.357436 0.058632 0.114407 0.001501
5 0.014916 0.404774 0.032957 0.228232 0.001501
5 0.028566 0.404901 0.057168 0.222531 0.010987
5 0.045535 0.409028 0.091376 0.220799 0.075858
5 0.047177 0.412709 0.093959 0.218068 0.500000
5 0.047860 0.411069 0.091890 0.213425 0.268941
5 0.050857 0.412534 0.084096 0.209647 0.047426
5 0.027730 0.407709 0.052422 0.227409 0.002473
5 0.047058 0.412455 0.091287 0.217809 0.047426
5 0.048124 0.413173 0.092050 0.216402 0.377541
5 0.048007 0.413399 0.091565 0.210200 0.182426
5 0.051495 0.412668 0.083398 0.208429 0.075858
5 0.049815 0.415155 0.089108 0.210755 0.182426
5 0.050371 0.414559 0.086838 0.206078 0.119203
5 0.052648 0.413735 0.082276 0.200394 0.002473
5 0.046441 0.404517 0.093806 0.239280 0.001501
