0 0.603040 0.066842 0.025299 0.140015 0.001501
0 0.491635 0.302015 0.019981 0.133509 0.006693
0 0.826235 0.293909 0.019587 0.119937 0.119203
0 0.825659 0.294933 0.018009 0.121976 0.119203
0 0.845689 0.292635 0.016680 0.122021 0.075858
0 0.488735 0.301854 0.019621 0.125472 0.029312
0 0.491207 0.301962 0.020688 0.127184 0.075858
0 0.798977 0.303438 0.017336 0.101884 0.075858
0 0.800594 0.301847 0.018069 0.103830 0.075858
0 0.826243 0.302958 0.019602 0.134311 0.119203
0 0.826646 0.311122 0.018697 0.150658 0.182426
0 0.844983 0.291896 0.018270 0.125558 0.047426
0 0.261066 0.321140 0.019825 0.085291 0.004070
0 0.262035 0.322337 0.018131 0.087936 0.002473
0 0.489487 0.303360 0.021069 0.129390 0.119203
0 0.490260 0.303042 0.019504 0.128778 0.182426
0 0.799388 0.307901 0.018159 0.110900 0.119203
0 0.800062 0.310817 0.016959 0.121719 0.182426
0 0.827001 0.310638 0.021092 0.149524 0.500000
0 0.826246 0.312601 0.019478 0.153541 0.622459
0 0.844752 0.299058 0.018628 0.139832 0.075858
0 0.260513 0.323837 0.017995 0.078385 0.047426
0 0.260933 0.325015 0.018628 0.082109 0.029312
0 0.399225 0.326236 0.012922 0.078720 0.002473
0 0.400782 0.327378 0.014355 0.075703 0.002473
0 0.488722 0.303304 0.019541 0.129017 0.119203
0 0.490264 0.302550 0.019513 0.130559 0.182426
0 0.558330 0.305778 0.008796 0.049881 0.001501
0 0.762494 0.320112 0.030892 0.168394 0.817575
0 0.761762 0.320310 0.029577 0.168798 0.817575
0 0.799034 0.309313 0.017333 0.113491 0.119203
0 0.800109 0.309707 0.016881 0.119478 0.182426
0 0.827390 0.310415 0.020278 0.148656 0.622459
0 0.826244 0.309709 0.019473 0.151317 0.622459
0 0.844523 0.301597 0.019191 0.139604 0.075858
0 0.260844 0.325344 0.018659 0.084369 0.047426
0 0.260669 0.325177 0.018084 0.083976 0.047426
0 0.399179 0.330576 0.012811 0.070096 0.004070
0 0.401054 0.330091 0.013561 0.069085 0.002473
0 0.447841 0.342995 0.011191 0.058295 0.002473
0 0.488452 0.307106 0.017428 0.121370 0.047426
0 0.489504 0.303408 0.018008 0.129643 0.182426
0 0.762463 0.322537 0.031016 0.173158 0.817575
0 0.761216 0.321818 0.030670 0.171852 0.817575
0 0.798984 0.307793 0.017233 0.115484 0.119203
0 0.799661 0.310327 0.016172 0.120791 0.119203
0 0.826229 0.311046 0.019549 0.146733 0.500000
0 0.826226 0.311114 0.019505 0.147401 0.622459
0 0.844044 0.304103 0.018156 0.138984 0.047426
0 0.260751 0.326855 0.018471 0.080804 0.029312
0 0.261615 0.326074 0.017276 0.083545 0.029312
0 0.399351 0.331152 0.012413 0.067790 0.006693
0 0.400889 0.331945 0.013900 0.065409 0.002473
0 0.447903 0.342747 0.013002 0.063720 0.002473
0 0.487654 0.311353 0.018949 0.117100 0.004070
0 0.489879 0.303190 0.017312 0.129933 0.182426
0 0.761234 0.321885 0.030748 0.175160 0.731059
0 0.761170 0.323700 0.030789 0.175136 0.731059
0 0.798971 0.310751 0.017235 0.116437 0.075858
0 0.800051 0.311459 0.016976 0.117617 0.075858
0 0.826241 0.310264 0.019571 0.147889 0.622459
0 0.827414 0.310267 0.020244 0.147889 0.731059
0 0.840208 0.307908 0.026165 0.145649 0.047426
0 0.260359 0.328587 0.017703 0.083756 0.017986
0 0.261614 0.328474 0.017275 0.088418 0.017986
0 0.399350 0.333401 0.012413 0.065682 0.004070
0 0.447621 0.342860 0.014855 0.074469 0.001501
0 0.489900 0.305261 0.017495 0.126321 0.075858
0 0.761109 0.320958 0.030982 0.177602 0.622459
0 0.761784 0.322006 0.032321 0.175482 0.731059
0 0.798585 0.312903 0.019748 0.125762 0.047426
0 0.799466 0.312976 0.018186 0.130904 0.017986
0 0.826273 0.311468 0.019655 0.145580 0.119203
0 0.826927 0.310626 0.018998 0.146982 0.500000
0 0.835383 0.309779 0.030955 0.149646 0.029312
0 0.759859 0.321809 0.030493 0.179401 0.500000
0 0.760923 0.322217 0.028383 0.175541 0.622459
1 0.574178 0.313672 0.024150 0.034573 0.006693
1 0.595233 0.315062 0.044403 0.041964 0.047426
1 0.601084 0.316183 0.034265 0.043964 0.622459
1 0.602089 0.317312 0.033371 0.041706 0.622459
1 0.602432 0.317300 0.035638 0.041761 0.182426
1 0.693745 0.333354 0.065636 0.088532 0.817575
1 0.173935 0.361833 0.158133 0.156667 0.924142
1 0.575346 0.315983 0.022897 0.035123 0.017986
1 0.594215 0.317417 0.044291 0.041728 0.029312
1 0.600995 0.317306 0.034821 0.041709 0.622459
1 0.601203 0.316191 0.035141 0.039421 0.500000
1 0.601985 0.316194 0.036526 0.039550 0.182426
1 0.692986 0.332093 0.064083 0.086050 0.880797
1 0.693081 0.333408 0.066988 0.088610 0.817575
1 0.692283 0.333450 0.065389 0.088709 0.817575
1 0.009309 0.346403 0.015992 0.044249 0.002473
1 0.173993 0.362651 0.157939 0.160415 0.817575
1 0.173904 0.362430 0.158059 0.160859 0.880797
1 0.173241 0.363723 0.156701 0.162634 0.880797
1 0.693746 0.333398 0.065601 0.088651 0.817575
1 0.692991 0.333467 0.064082 0.088733 0.880797
1 0.692284 0.333483 0.065420 0.088794 0.817575
1 0.173314 0.364243 0.156575 0.163106 0.817575
1 0.173694 0.363646 0.158440 0.162089 0.924142
1 0.173297 0.364311 0.156543 0.163425 0.880797
1 0.693689 0.333579 0.065507 0.089055 0.817575
1 0.692988 0.333454 0.064114 0.088763 0.817575
1 0.693733 0.334586 0.065604 0.091062 0.817575
1 0.173924 0.363292 0.158081 0.162848 0.880797
1 0.174443 0.363655 0.159146 0.162097 0.924142
1 0.173813 0.364584 0.158236 0.162895 0.880797
4 0.464679 0.339826 0.044078 0.064943 0.002473
5 0.462955 0.327166 0.043102 0.089431 0.004070
5 0.466661 0.320331 0.047762 0.107944 0.004070
5 0.316592 0.341829 0.016501 0.056728 0.017986
5 0.324261 0.341718 0.032647 0.061479 0.004070
5 0.447841 0.342995 0.011191 0.058295 0.001501
5 0.464679 0.339826 0.044078 0.064943 0.017986
5 0.465880 0.330857 0.047510 0.082748 0.010987
5 0.488452 0.307106 0.017428 0.121370 0.002473
5 0.316344 0.348345 0.015819 0.048221 0.047426
5 0.323894 0.348752 0.031125 0.047520 0.017986
5 0.399351 0.331152 0.012413 0.067790 0.001501
5 0.400889 0.331945 0.013900 0.065409 0.001501
5 0.467168 0.339582 0.048162 0.070809 0.029312
5 0.467907 0.332736 0.049789 0.079356 0.029312
5 0.487654 0.311353 0.018949 0.117100 0.047426
5 0.489879 0.303190 0.017312 0.129933 0.004070
5 0.578550 0.321187 0.022651 0.054764 0.001501
5 0.314645 0.349888 0.018780 0.045243 0.004070
5 0.315703 0.352640 0.016112 0.035123 0.029312
5 0.324431 0.349771 0.029951 0.045517 0.010987
5 0.399350 0.333401 0.012413 0.065682 0.001501
5 0.400912 0.332907 0.013968 0.066567 0.002473
5 0.447621 0.342860 0.014855 0.074469 0.001501
5 0.466549 0.337343 0.047459 0.075513 0.029312
5 0.467646 0.331778 0.050829 0.081642 0.075858
5 0.469485 0.310499 0.050385 0.119660 0.047426
5 0.489900 0.305261 0.017495 0.126321 0.010987
