0 0.778993 0.291321 0.011287 0.063836 0.002473
0 0.353098 0.296619 0.009297 0.051641 0.006693
0 0.404368 0.317193 0.019709 0.080078 0.001501
0 0.778496 0.292422 0.010097 0.062151 0.017986
0 0.797179 0.311472 0.011603 0.091430 0.002473
0 0.018238 0.356518 0.019591 0.129918 0.377541
0 0.352826 0.298101 0.008753 0.049024 0.010987
0 0.400384 0.322877 0.030512 0.062892 0.006693
0 0.430026 0.319630 0.007021 0.046352 0.029312
0 0.779038 0.294307 0.011216 0.065836 0.006693
0 0.018254 0.363252 0.019553 0.148398 0.377541
0 0.353190 0.303455 0.009575 0.053923 0.004070
0 0.402030 0.329805 0.028073 0.058822 0.006693
0 0.430031 0.321339 0.007006 0.045132 0.047426
0 0.444409 0.317829 0.008477 0.038729 0.001501
0 0.018780 0.368404 0.020677 0.158706 0.377541
0 0.396846 0.327444 0.031624 0.059519 0.001501
0 0.406098 0.330566 0.016140 0.057417 0.017986
0 0.409863 0.327573 0.020813 0.048749 0.001501
0 0.430029 0.322628 0.007046 0.047598 0.017986
0 0.017352 0.368235 0.024171 0.153597 0.006693
0 0.018211 0.366737 0.019658 0.155581 0.500000
0 0.020175 0.365912 0.024153 0.154672 0.010987
0 0.016653 0.370424 0.025444 0.157934 0.017986
0 0.018680 0.369223 0.020770 0.155351 0.377541
0 0.020185 0.366538 0.024135 0.155900 0.010987
0 0.016028 0.369237 0.026380 0.156541 0.029312
0 0.018593 0.368044 0.020868 0.158094 0.500000
0 0.020214 0.369358 0.024285 0.157378 0.004070
0 0.015413 0.369147 0.027904 0.156557 0.029312
0 0.017634 0.370253 0.022859 0.153326 0.268941
0 0.017106 0.371576 0.024618 0.167262 0.002473
1 0.609892 0.318858 0.033480 0.038600 0.047426
1 0.611241 0.317744 0.033371 0.036308 0.731059
1 0.610513 0.318873 0.032096 0.038565 0.731059
1 0.396285 0.330436 0.042977 0.052681 0.004070
1 0.397302 0.328174 0.040566 0.057715 0.017986
1 0.402675 0.326705 0.036926 0.045093 0.004070
1 0.541936 0.320431 0.017811 0.016262 0.001501
1 0.553295 0.320472 0.015919 0.016184 0.001501
1 0.570970 0.319195 0.020140 0.023217 0.377541
1 0.572301 0.318290 0.019835 0.025035 0.075858
1 0.609877 0.318905 0.033461 0.038581 0.047426
1 0.610564 0.318203 0.032016 0.035398 0.817575
1 0.610558 0.318879 0.032005 0.038557 0.817575
1 0.617833 0.318163 0.029995 0.036157 0.002473
1 0.691755 0.343750 0.141604 0.136138 0.924142
1 0.692476 0.343732 0.143138 0.136130 0.880797
1 0.691837 0.344814 0.144404 0.138293 0.880797
1 0.692503 0.343690 0.143103 0.136087 0.880797
1 0.692477 0.344550 0.143148 0.134206 0.880797
1 0.691187 0.343652 0.142638 0.136027 0.880797
1 0.691746 0.343733 0.141579 0.132414 0.880797
1 0.692475 0.344644 0.143142 0.134311 0.880797
1 0.690311 0.344639 0.141337 0.134250 0.880797
1 0.692377 0.343769 0.143337 0.136063 0.880797
3 0.570970 0.319195 0.020140 0.023217 0.002473
4 0.396285 0.330436 0.042977 0.052681 0.002473
4 0.390779 0.331597 0.031960 0.050536 0.006693
4 0.396846 0.327444 0.031624 0.059519 0.002473
4 0.406098 0.330566 0.016140 0.057417 0.001501
4 0.409863 0.327573 0.020813 0.048749 0.004070
5 0.471463 0.325500 0.019037 0.029370 0.002473
5 0.409863 0.327573 0.020813 0.048749 0.001501
