0 0.994966 0.300857 0.007153 0.200751 0.001501
0 0.996131 0.305072 0.007777 0.153260 0.002473
0 0.620987 0.306782 0.011278 0.058902 0.001501
0 0.678864 0.297165 0.007774 0.067214 0.010987
0 0.996130 0.312333 0.007762 0.152495 0.002473
0 0.318070 0.325317 0.008097 0.057756 0.017986
0 0.568214 0.313760 0.005679 0.044468 0.002473
0 0.581800 0.313700 0.005688 0.039338 0.004070
0 0.608481 0.313648 0.011213 0.049139 0.029312
0 0.619428 0.308681 0.008135 0.049391 0.004070
0 0.678867 0.299563 0.007781 0.062467 0.010987
0 0.995737 0.311689 0.008606 0.162327 0.004070
0 0.121909 0.349304 0.009304 0.068574 0.001501
0 0.319433 0.326355 0.008105 0.055682 0.010987
0 0.344299 0.327876 0.005690 0.042710 0.001501
0 0.351940 0.325655 0.009840 0.036869 0.001501
0 0.383968 0.323601 0.012973 0.029524 0.001501
0 0.570016 0.317126 0.007119 0.042301 0.002473
0 0.581246 0.314559 0.006809 0.037797 0.006693
0 0.607705 0.314894 0.009698 0.046652 0.017986
0 0.619432 0.310058 0.008110 0.051751 0.006693
0 0.679262 0.299164 0.008590 0.058782 0.004070
0 0.995742 0.315306 0.008697 0.173142 0.002473
0 0.122175 0.351790 0.008749 0.069067 0.004070
0 0.318766 0.328319 0.006802 0.056980 0.006693
0 0.351852 0.328463 0.009997 0.038724 0.001501
0 0.993781 0.314361 0.009801 0.186550 0.001501
0 0.122623 0.352899 0.010734 0.071187 0.006693
0 0.122384 0.352444 0.011962 0.077510 0.002473
1 0.368437 0.325424 0.035744 0.021222 0.001501
1 0.398326 0.324125 0.021111 0.023649 0.001501
1 0.402981 0.322877 0.022614 0.015957 0.002473
1 0.439406 0.324197 0.018249 0.023455 0.377541
1 0.439501 0.322909 0.017990 0.020899 0.731059
1 0.466375 0.321540 0.014427 0.018611 0.002473
1 0.484789 0.322914 0.019616 0.020905 0.500000
1 0.485903 0.321630 0.018712 0.023514 0.268941
1 0.509700 0.322849 0.014088 0.016065 0.004070
4 0.165509 0.361604 0.019047 0.043594 0.001501
5 0.538972 0.330712 0.019246 0.058984 0.002473
