0 0.220733 0.323453 0.008558 0.058724 0.004070
0 0.221142 0.324364 0.007826 0.059755 0.006693
0 0.220814 0.330243 0.008817 0.048038 0.004070
1 0.422154 0.320966 0.044375 0.049464 0.119203
1 0.422613 0.323299 0.045200 0.045600 0.731059
1 0.423341 0.324218 0.043649 0.046253 0.817575
1 0.421877 0.323050 0.046747 0.045264 0.001501
1 0.264712 0.333323 0.048657 0.036610 0.817575
1 0.264503 0.333321 0.046034 0.036607 0.880797
1 0.264719 0.332051 0.048650 0.039177 0.880797
1 0.265394 0.332051 0.050005 0.039185 0.880797
1 0.380021 0.321750 0.027545 0.028374 0.182426
1 0.382352 0.321785 0.031742 0.028246 0.817575
1 0.382002 0.319605 0.033022 0.027536 0.622459
1 0.421810 0.324071 0.046708 0.046944 0.817575
1 0.422602 0.323385 0.045220 0.045685 0.880797
1 0.422590 0.323685 0.045207 0.045098 0.880797
1 0.422632 0.323698 0.045221 0.045125 0.817575
1 0.461071 0.318051 0.012626 0.021020 0.119203
1 0.483646 0.314689 0.032791 0.056658 0.002473
1 0.527416 0.302450 0.020322 0.066938 0.001501
1 0.527267 0.300828 0.017530 0.070192 0.002473
1 0.264710 0.334588 0.048654 0.039182 0.817575
1 0.265268 0.332052 0.047565 0.039146 0.880797
1 0.264716 0.333325 0.048656 0.041710 0.817575
1 0.264720 0.332016 0.048648 0.039234 0.880797
1 0.422551 0.324100 0.045126 0.046934 0.731059
1 0.422602 0.323411 0.045220 0.045654 0.880797
1 0.422594 0.323412 0.045204 0.045655 0.817575
1 0.422634 0.323288 0.045215 0.044124 0.880797
1 0.077590 0.345297 0.158824 0.210731 0.904651
1 0.079004 0.344395 0.157978 0.208276 0.904651
1 0.078477 0.343419 0.157011 0.206325 0.904651
1 0.079023 0.343268 0.158000 0.206250 0.904651
1 0.077671 0.344263 0.156325 0.208246 0.880797
1 0.078485 0.343459 0.157033 0.206343 0.904651
1 0.078476 0.343409 0.157051 0.206296 0.904651
1 0.079819 0.343312 0.156491 0.206418 0.904651
1 0.078123 0.343818 0.160102 0.211326 0.777300
1 0.078410 0.343750 0.157442 0.211251 0.817575
2 0.528008 0.287728 0.019964 0.114984 0.001501
2 0.611481 0.276845 0.160571 0.173524 0.880797
2 0.610164 0.276829 0.162198 0.173539 0.817575
2 0.527427 0.297416 0.020369 0.081945 0.119203
2 0.527778 0.294948 0.019532 0.076975 0.268941
2 0.532767 0.292990 0.029473 0.087841 0.006693
2 0.613210 0.278251 0.158321 0.171903 0.075858
2 0.612781 0.277016 0.160310 0.173942 0.817575
2 0.610534 0.278138 0.161511 0.171681 0.817575
2 0.610885 0.278134 0.162203 0.171696 0.500000
2 0.419417 0.305778 0.039013 0.051174 0.119203
2 0.418263 0.293754 0.033550 0.027024 0.119203
2 0.420046 0.300667 0.047536 0.042219 0.047426
2 0.512086 0.299139 0.019196 0.047960 0.002473
2 0.527400 0.298781 0.020298 0.074581 0.377541
2 0.527946 0.298532 0.019142 0.074932 0.622459
2 0.532129 0.295197 0.028015 0.084118 0.004070
2 0.613437 0.277064 0.155529 0.173815 0.017986
2 0.612697 0.278189 0.159405 0.171570 0.817575
2 0.611513 0.278484 0.161776 0.172212 0.817575
2 0.611132 0.278669 0.161633 0.172603 0.182426
2 0.361850 0.316132 0.029543 0.029346 0.119203
2 0.361861 0.317234 0.029532 0.032346 0.119203
2 0.403935 0.313391 0.040100 0.034576 0.006693
2 0.422154 0.320966 0.044375 0.049464 0.182426
2 0.484877 0.313063 0.033449 0.061380 0.002473
2 0.510754 0.306316 0.013609 0.030374 0.075858
2 0.527414 0.298691 0.020320 0.074467 0.500000
2 0.527781 0.298041 0.019533 0.075733 0.731059
2 0.613534 0.277158 0.158915 0.174100 0.622459
2 0.612466 0.277146 0.159810 0.174122 0.817575
2 0.360525 0.318128 0.029061 0.030429 0.731059
2 0.380021 0.321750 0.027545 0.028374 0.006693
2 0.382352 0.321785 0.031742 0.028246 0.001501
2 0.382002 0.319605 0.033022 0.027536 0.010987
2 0.508526 0.315894 0.011356 0.025786 0.010987
2 0.527416 0.302450 0.020322 0.066938 0.377541
2 0.527267 0.300828 0.017530 0.070192 0.500000
2 0.926229 0.245708 0.146558 0.491424 0.377541
2 0.927351 0.247315 0.148374 0.494399 0.731059
2 0.927319 0.247565 0.145645 0.495023 0.731059
2 0.925907 0.248073 0.148381 0.490906 0.679179
2 0.927731 0.246551 0.146459 0.487720 0.679179
2 0.928061 0.247971 0.146939 0.490088 0.679179
2 0.927263 0.250482 0.145523 0.490365 0.679179
2 0.927319 0.248910 0.145455 0.486998 0.679179
2 0.927871 0.249568 0.143852 0.487177 0.679179
2 0.927325 0.249596 0.145533 0.487185 0.731059
2 0.927984 0.248555 0.143963 0.489753 0.001501
3 0.419417 0.305778 0.039013 0.051174 0.001501
3 0.484748 0.311187 0.033910 0.061979 0.029312
3 0.484798 0.311195 0.033581 0.063139 0.047426
3 0.484502 0.311666 0.034257 0.064132 0.047426
3 0.422154 0.320966 0.044375 0.049464 0.002473
3 0.484877 0.313063 0.033449 0.061380 0.500000
3 0.484717 0.313419 0.033676 0.059905 0.880797
3 0.484690 0.313345 0.033697 0.060084 0.880797
3 0.510754 0.306316 0.013609 0.030374 0.002473
3 0.360525 0.318128 0.029061 0.030429 0.006693
3 0.461071 0.318051 0.012626 0.021020 0.002473
3 0.483646 0.314689 0.032791 0.056658 0.182426
3 0.483949 0.314225 0.032144 0.059097 0.817575
3 0.483919 0.314158 0.032185 0.058939 0.817575
3 0.484711 0.315621 0.033118 0.058638 0.006693
3 0.484897 0.314489 0.033336 0.059296 0.182426
3 0.484466 0.314431 0.034170 0.059891 0.182426
5 0.811796 0.332473 0.015710 0.058204 0.002473
