0 0.996131 0.323204 0.007845 0.153821 0.001501
0 0.570212 0.310231 0.009664 0.065649 0.017986
0 0.581201 0.310189 0.012666 0.074283 0.010987
0 0.620205 0.307015 0.009649 0.062821 0.075858
0 0.996126 0.327400 0.007771 0.142663 0.002473
0 0.569435 0.311049 0.008115 0.061696 0.029312
0 0.582014 0.319485 0.010996 0.055922 0.182426
0 0.607101 0.312477 0.011179 0.046903 0.047426
0 0.619513 0.307626 0.011009 0.056684 0.119203
0 0.996888 0.334204 0.009332 0.153194 0.004070
0 0.569997 0.310122 0.007061 0.057388 0.047426
0 0.582009 0.319369 0.011009 0.056374 0.119203
0 0.607748 0.312394 0.009768 0.051653 0.029312
0 0.620198 0.307655 0.009642 0.056593 0.119203
0 0.995732 0.334090 0.008638 0.160921 0.004070
0 0.571038 0.314269 0.011459 0.070579 0.006693
0 0.582017 0.319055 0.011004 0.060637 0.075858
0 0.995226 0.337379 0.009847 0.166835 0.001501
0 0.315362 0.337380 0.025879 0.221582 0.001501
1 0.013746 0.345011 0.027631 0.299960 0.002473
1 0.015451 0.349359 0.030997 0.328689 0.001501
1 0.394030 0.313339 0.036985 0.030351 0.001501
1 0.013749 0.357056 0.027652 0.370270 0.006693
1 0.016032 0.355183 0.032160 0.395516 0.004070
1 0.395509 0.317127 0.022444 0.027453 0.001501
1 0.485277 0.322920 0.023672 0.020942 0.377541
1 0.486788 0.320369 0.023513 0.020972 0.377541
1 0.013730 0.357465 0.027596 0.402640 0.004070
1 0.016211 0.355465 0.032520 0.414885 0.006693
1 0.012604 0.355360 0.025338 0.424686 0.004070
1 0.017065 0.352214 0.034219 0.439707 0.006693
1 0.010742 0.352254 0.024646 0.426541 0.004070
1 0.017462 0.356585 0.035019 0.427514 0.002473
1 0.009817 0.362742 0.019711 0.416269 0.004070
1 0.018233 0.359742 0.036564 0.418417 0.001501
1 0.007974 0.373880 0.015993 0.389462 0.004070
1 0.006741 0.391658 0.013512 0.357949 0.004070
1 0.005737 0.402570 0.011506 0.370500 0.001501
1 0.167970 0.353405 0.336014 0.408837 0.437824
1 0.167347 0.353005 0.331601 0.407637 0.904651
1 0.167013 0.352828 0.333993 0.405617 0.029312
1 0.167746 0.355671 0.335617 0.414330 0.904651
1 0.168493 0.353955 0.333879 0.412490 0.880797
1 0.166556 0.353613 0.333134 0.411761 0.904651
1 0.166504 0.353660 0.333175 0.410546 0.904651
1 0.167264 0.354957 0.334706 0.413975 0.500000
1 0.168486 0.353979 0.333878 0.412368 0.880797
1 0.167338 0.351840 0.331579 0.409371 0.880797
1 0.166518 0.352138 0.333152 0.408617 0.880797
1 0.166984 0.352724 0.334165 0.410171 0.047426
1 0.167473 0.351561 0.331794 0.406776 0.500000
2 0.402795 0.315787 0.022784 0.025665 0.001501
5 0.582017 0.319055 0.011004 0.060637 0.001501
