0 0.209898 0.334318 0.027000 0.044931 0.004070
0 0.228934 0.335152 0.017452 0.045545 0.010987
0 0.209035 0.342493 0.028907 0.028523 0.001501
0 0.230761 0.338851 0.016928 0.047913 0.017986
0 0.232257 0.340140 0.015653 0.058163 0.004070
1 0.417534 0.321010 0.043025 0.045478 0.817575
1 0.417305 0.321675 0.040414 0.044156 0.880797
1 0.417518 0.321674 0.043032 0.044154 0.880797
1 0.040013 0.316428 0.080553 0.101123 0.001501
1 0.040704 0.325288 0.079715 0.077185 0.001501
1 0.055200 0.331136 0.049399 0.063947 0.001501
1 0.220567 0.334256 0.034036 0.034599 0.004070
1 0.264071 0.326977 0.043675 0.034083 0.731059
1 0.264147 0.328340 0.043670 0.031709 0.880797
1 0.263047 0.326757 0.043052 0.033650 0.817575
1 0.264564 0.326873 0.045901 0.033885 0.817575
1 0.295111 0.326611 0.026701 0.023137 0.500000
1 0.295152 0.327734 0.026837 0.020892 0.377541
1 0.368185 0.319241 0.026873 0.023169 0.731059
1 0.368201 0.320359 0.025662 0.020889 0.880797
1 0.368557 0.320353 0.027296 0.020914 0.182426
1 0.388585 0.319492 0.013346 0.014475 0.029312
1 0.417538 0.321874 0.043036 0.044569 0.880797
1 0.417298 0.321757 0.040427 0.044305 0.880797
1 0.418202 0.321680 0.044383 0.044184 0.880797
1 0.446039 0.316040 0.011391 0.017041 0.047426
1 0.457781 0.317187 0.012509 0.019075 0.377541
1 0.514008 0.309708 0.028177 0.031658 0.002473
1 0.517581 0.310432 0.022892 0.032600 0.010987
1 0.042970 0.327297 0.077480 0.070747 0.002473
1 0.054303 0.331251 0.052961 0.062504 0.001501
1 0.205918 0.343566 0.038001 0.026472 0.004070
1 0.209035 0.342493 0.028907 0.028523 0.029312
1 0.208879 0.343581 0.029396 0.026636 0.029312
1 0.264055 0.329363 0.043698 0.033802 0.182426
1 0.264120 0.328914 0.043710 0.032867 0.268941
1 0.263742 0.327644 0.044452 0.035420 0.268941
1 0.263799 0.328925 0.044363 0.032919 0.377541
1 0.418072 0.322220 0.041940 0.045119 0.182426
1 0.417526 0.322007 0.043020 0.044720 0.268941
1 0.417121 0.321234 0.043831 0.045826 0.268941
2 0.636198 0.281147 0.138877 0.177601 0.817575
2 0.637275 0.281224 0.139585 0.181979 0.001501
2 0.636870 0.281193 0.138807 0.177809 0.817575
2 0.635071 0.280067 0.138770 0.180059 0.817575
2 0.634935 0.281185 0.138820 0.182296 0.731059
2 0.413170 0.306660 0.035322 0.054228 0.010987
2 0.416719 0.305515 0.039702 0.050597 0.029312
2 0.417677 0.308744 0.039952 0.059445 0.002473
2 0.480298 0.310917 0.029927 0.061410 0.002473
2 0.546506 0.305401 0.035080 0.055917 0.500000
2 0.546522 0.306665 0.035032 0.058462 0.622459
2 0.546510 0.304490 0.035059 0.057732 0.731059
2 0.637233 0.281270 0.139801 0.177785 0.817575
2 0.635475 0.281267 0.137597 0.177729 0.817575
2 0.634450 0.282355 0.138007 0.179960 0.880797
2 0.410979 0.306471 0.048002 0.037246 0.017986
2 0.417534 0.321010 0.043025 0.045478 0.010987
2 0.479626 0.312003 0.031231 0.060376 0.006693
2 0.513979 0.308431 0.028082 0.033713 0.377541
2 0.516071 0.309148 0.025912 0.035137 0.622459
2 0.546503 0.304484 0.035082 0.057707 0.731059
2 0.546526 0.306678 0.035032 0.058421 0.731059
2 0.546508 0.305770 0.035061 0.060242 0.817575
2 0.636479 0.282442 0.139884 0.179792 0.731059
2 0.635078 0.282375 0.136820 0.179937 0.817575
2 0.634363 0.281319 0.137496 0.177562 0.731059
2 0.388585 0.319492 0.013346 0.014475 0.004070
2 0.417538 0.321874 0.043036 0.044569 0.001501
2 0.446039 0.316040 0.011391 0.017041 0.002473
2 0.480022 0.311751 0.032028 0.059093 0.001501
2 0.514008 0.309708 0.028177 0.031658 0.377541
2 0.517581 0.310432 0.022892 0.032600 0.622459
2 0.545745 0.305797 0.033561 0.060185 0.731059
2 0.546533 0.305796 0.035012 0.060192 0.817575
2 0.545748 0.305780 0.033540 0.060225 0.817575
3 0.029350 0.304804 0.058769 0.121463 0.001501
3 0.479966 0.311059 0.031889 0.060857 0.029312
3 0.480000 0.311015 0.031932 0.060767 0.029312
3 0.480298 0.310917 0.029927 0.061410 0.004070
3 0.458170 0.313254 0.013395 0.030587 0.001501
3 0.480016 0.311024 0.031982 0.057897 0.817575
3 0.479609 0.311934 0.031173 0.058704 0.880797
3 0.479626 0.312003 0.031231 0.060376 0.500000
3 0.388585 0.319492 0.013346 0.014475 0.001501
3 0.446039 0.316040 0.011391 0.017041 0.006693
3 0.457781 0.317187 0.012509 0.019075 0.010987
3 0.480695 0.311861 0.030626 0.058831 0.817575
3 0.479990 0.312317 0.031933 0.059727 0.817575
3 0.480022 0.311751 0.032028 0.059093 0.622459
3 0.514008 0.309708 0.028177 0.031658 0.001501
4 0.205918 0.343566 0.038001 0.026472 0.001501
4 0.209035 0.342493 0.028907 0.028523 0.004070
4 0.208879 0.343581 0.029396 0.026636 0.002473
5 0.029350 0.304804 0.058769 0.121463 0.002473
5 0.033894 0.305142 0.068283 0.119879 0.001501
5 0.034959 0.311328 0.069983 0.112522 0.006693
5 0.038133 0.313080 0.079741 0.112600 0.006693
5 0.040121 0.317449 0.080343 0.097499 0.001501
5 0.036287 0.315971 0.072564 0.100539 0.002473
5 0.040013 0.316428 0.080553 0.101123 0.002473
5 0.204649 0.335255 0.037885 0.038210 0.002473
5 0.209898 0.334318 0.027000 0.044931 0.010987
5 0.220567 0.334256 0.034036 0.034599 0.029312
5 0.228934 0.335152 0.017452 0.045545 0.001501
5 0.030542 0.320899 0.058119 0.096402 0.001501
5 0.039670 0.322224 0.079776 0.089694 0.001501
5 0.205918 0.343566 0.038001 0.026472 0.002473
5 0.209035 0.342493 0.028907 0.028523 0.047426
5 0.208879 0.343581 0.029396 0.026636 0.047426
5 0.230761 0.338851 0.016928 0.047913 0.004070
5 0.232257 0.340140 0.015653 0.058163 0.002473
