0 0.438884 0.311146 0.023197 0.106810 0.001501
0 0.995372 0.318143 0.006337 0.168161 0.001501
0 0.359540 0.314627 0.025027 0.092736 0.731059
0 0.360223 0.314618 0.023783 0.092754 0.622459
0 0.436028 0.315345 0.027906 0.094237 0.622459
0 0.437475 0.315911 0.025064 0.095391 0.622459
0 0.486649 0.316442 0.013791 0.075392 0.268941
0 0.487393 0.316437 0.014615 0.075390 0.119203
0 0.620981 0.308932 0.011213 0.063065 0.017986
0 0.995730 0.332478 0.008589 0.160231 0.002473
0 0.233469 0.334412 0.011184 0.080615 0.002473
0 0.355936 0.315675 0.028984 0.087582 0.004070
0 0.359578 0.314966 0.025000 0.088418 0.731059
0 0.359592 0.315978 0.025044 0.090332 0.731059
0 0.435953 0.315783 0.025080 0.095170 0.731059
0 0.437479 0.317086 0.025050 0.092577 0.622459
0 0.486645 0.315361 0.013781 0.072536 0.500000
0 0.487605 0.317096 0.014187 0.074193 0.268941
0 0.521608 0.321062 0.015306 0.060973 0.001501
0 0.537096 0.325182 0.016364 0.069438 0.010987
0 0.539386 0.326703 0.018199 0.067089 0.001501
0 0.608267 0.312480 0.008613 0.051374 0.029312
0 0.620961 0.308267 0.011179 0.055402 0.075858
0 0.995722 0.336355 0.008619 0.163719 0.004070
0 0.081972 0.346351 0.008214 0.051886 0.002473
0 0.093764 0.351645 0.009489 0.068693 0.119203
0 0.105199 0.352123 0.011655 0.063525 0.006693
0 0.159702 0.351338 0.011477 0.068171 0.001501
0 0.234145 0.336166 0.012526 0.077952 0.006693
0 0.317223 0.330608 0.009846 0.057374 0.001501
0 0.354296 0.319464 0.025697 0.083092 0.002473
0 0.359589 0.316534 0.024980 0.091412 0.731059
0 0.360278 0.316533 0.023673 0.091416 0.731059
0 0.435967 0.317216 0.025041 0.092822 0.731059
0 0.437473 0.315813 0.025068 0.095146 0.622459
0 0.486581 0.317110 0.013653 0.074140 0.500000
0 0.487674 0.317124 0.014054 0.074123 0.268941
0 0.520314 0.326011 0.015790 0.051111 0.002473
0 0.537994 0.330153 0.020317 0.067979 0.004070
0 0.539577 0.331265 0.020902 0.063136 0.001501
0 0.608267 0.313522 0.008627 0.049360 0.029312
0 0.620198 0.308313 0.009642 0.055244 0.075858
0 0.995166 0.334085 0.009771 0.170018 0.002473
0 0.081939 0.347343 0.008113 0.049689 0.004070
0 0.095199 0.351299 0.009666 0.072559 0.119203
0 0.106243 0.354052 0.009475 0.058109 0.017986
0 0.160181 0.350313 0.010865 0.070255 0.004070
0 0.234178 0.338387 0.012607 0.078388 0.006693
0 0.347914 0.319921 0.013023 0.081857 0.006693
0 0.359589 0.317185 0.024979 0.087729 0.731059
0 0.360278 0.316620 0.023672 0.091579 0.731059
0 0.433178 0.319409 0.033685 0.087009 0.002473
0 0.435939 0.317226 0.025007 0.092935 0.622459
0 0.436727 0.317523 0.023497 0.093527 0.622459
0 0.486917 0.316243 0.013232 0.070772 0.500000
0 0.487671 0.316971 0.014058 0.074445 0.268941
0 0.521825 0.327849 0.015927 0.052970 0.001501
0 0.536770 0.329840 0.020531 0.066953 0.002473
0 0.994515 0.335499 0.011269 0.175847 0.001501
0 0.082074 0.351980 0.008476 0.059342 0.006693
0 0.095197 0.353183 0.009681 0.071680 0.268941
0 0.107000 0.353970 0.011187 0.060367 0.017986
0 0.161127 0.352885 0.012750 0.063246 0.001501
0 0.235287 0.338561 0.012681 0.073077 0.006693
0 0.359531 0.318219 0.024954 0.094888 0.006693
0 0.359554 0.319805 0.025134 0.092870 0.004070
0 0.435940 0.318550 0.025049 0.095420 0.029312
0 0.436637 0.319818 0.026740 0.092896 0.029312
0 0.095214 0.352264 0.009885 0.074075 0.047426
1 0.374442 0.323185 0.032511 0.032556 0.001501
1 0.458505 0.318785 0.014618 0.019956 0.010987
1 0.467911 0.318021 0.014602 0.017585 0.006693
1 0.506778 0.321917 0.018603 0.024883 0.001501
1 0.008449 0.362404 0.014061 0.041959 0.002473
5 0.539577 0.331265 0.020902 0.063136 0.001501
5 0.539083 0.329472 0.021897 0.069066 0.002473
