0 0.018193 0.153599 0.036601 0.302555 0.001501
0 0.524078 0.307752 0.023496 0.102676 0.002473
0 0.526514 0.307684 0.022971 0.102713 0.002473
0 0.664086 0.302805 0.013924 0.086030 0.010987
0 0.683648 0.300446 0.014485 0.085148 0.006693
0 0.688663 0.300126 0.013360 0.082712 0.001501
0 0.525764 0.314915 0.023485 0.088261 0.731059
0 0.526527 0.314939 0.025032 0.088329 0.731059
0 0.571914 0.308474 0.009345 0.059574 0.017986
0 0.606253 0.308478 0.009651 0.059533 0.006693
0 0.620197 0.305863 0.009641 0.060470 0.182426
0 0.647979 0.305000 0.013239 0.068431 0.004070
0 0.652401 0.306273 0.010689 0.076079 0.377541
0 0.663931 0.303484 0.014209 0.081278 0.731059
0 0.685104 0.304323 0.014497 0.076888 0.268941
0 0.687680 0.303276 0.012873 0.078233 0.119203
0 0.318747 0.327309 0.006740 0.058194 0.002473
0 0.384087 0.318273 0.012550 0.040140 0.001501
0 0.525779 0.313624 0.023510 0.090850 0.731059
0 0.525770 0.314952 0.026545 0.088301 0.731059
0 0.571511 0.308227 0.010099 0.050335 0.075858
0 0.606971 0.312335 0.008193 0.047153 0.075858
0 0.620194 0.305486 0.009646 0.055753 0.377541
0 0.653064 0.306270 0.009355 0.076111 0.377541
0 0.663537 0.304229 0.013430 0.080270 0.731059
0 0.686352 0.304155 0.013207 0.076494 0.500000
0 0.687567 0.304186 0.013100 0.076410 0.075858
0 0.133495 0.351686 0.011241 0.078418 0.500000
0 0.136350 0.351323 0.016821 0.078239 0.006693
0 0.157731 0.350681 0.009769 0.066854 0.001501
0 0.319427 0.327039 0.008116 0.054451 0.002473
0 0.351848 0.327172 0.009540 0.039313 0.006693
0 0.385205 0.322947 0.012603 0.031379 0.006693
0 0.525767 0.315845 0.023486 0.090042 0.731059
0 0.525776 0.314957 0.023471 0.088306 0.731059
0 0.572862 0.309413 0.010125 0.052999 0.075858
0 0.607724 0.312279 0.009710 0.051882 0.047426
0 0.620200 0.306791 0.009638 0.058245 0.268941
0 0.649275 0.304413 0.014112 0.072072 0.001501
0 0.651836 0.305704 0.011814 0.074983 0.377541
0 0.663928 0.304314 0.014213 0.080439 0.622459
0 0.686356 0.305393 0.013200 0.074376 0.500000
0 0.687564 0.305326 0.013106 0.074173 0.119203
0 0.892049 0.274852 0.025645 0.307199 0.001501
0 0.134156 0.351700 0.012575 0.078565 0.622459
0 0.136699 0.350845 0.017415 0.076178 0.002473
0 0.351933 0.328441 0.009826 0.042192 0.004070
0 0.383533 0.326208 0.011531 0.040504 0.001501
0 0.525762 0.315828 0.026543 0.090054 0.731059
0 0.525776 0.314655 0.023481 0.092840 0.731059
0 0.649741 0.307349 0.015164 0.078277 0.002473
0 0.652742 0.305589 0.011600 0.079505 0.119203
0 0.664197 0.304398 0.013685 0.080711 0.377541
0 0.685730 0.306302 0.011974 0.076225 0.047426
0 0.687595 0.305017 0.013503 0.078268 0.010987
0 0.134149 0.352134 0.012550 0.074174 0.731059
0 0.525840 0.316805 0.026549 0.097831 0.010987
0 0.134142 0.350864 0.012558 0.076730 0.731059
0 0.136468 0.351858 0.016676 0.074805 0.002473
1 0.391728 0.324094 0.029726 0.023747 0.004070
1 0.438550 0.321729 0.017294 0.013698 0.002473
1 0.492107 0.318909 0.022369 0.019563 0.004070
1 0.502166 0.319454 0.015699 0.023306 0.004070
4 0.164068 0.359658 0.021972 0.048594 0.004070
4 0.163716 0.362710 0.019547 0.043677 0.010987
4 0.164956 0.362924 0.020128 0.040954 0.029312
4 0.165013 0.363317 0.020083 0.047543 0.001501
