0 0.238264 0.332017 0.017783 0.115229 0.001501
0 0.506322 0.311422 0.012758 0.071838 0.029312
0 0.519555 0.312422 0.014503 0.065550 0.002473
0 0.525388 0.313058 0.013638 0.071395 0.010987
0 0.620205 0.307110 0.009649 0.063013 0.029312
0 0.996400 0.321173 0.007222 0.134393 0.001501
0 0.221832 0.325478 0.015816 0.067815 0.001501
0 0.235502 0.339118 0.017961 0.095000 0.731059
0 0.235882 0.337758 0.018718 0.097724 0.500000
0 0.318748 0.326056 0.009453 0.055604 0.017986
0 0.383583 0.316241 0.009354 0.039774 0.001501
0 0.496955 0.318687 0.011058 0.050800 0.001501
0 0.506276 0.318075 0.012592 0.058714 0.182426
0 0.515133 0.317526 0.008421 0.056985 0.119203
0 0.525173 0.317891 0.014058 0.067015 0.029312
0 0.607721 0.312518 0.009704 0.046879 0.075858
0 0.619516 0.307628 0.011002 0.056688 0.047426
0 0.996127 0.326593 0.007811 0.144579 0.001501
0 0.159100 0.349883 0.010279 0.069894 0.001501
0 0.236111 0.339192 0.016470 0.095151 0.731059
0 0.236289 0.338386 0.016821 0.098582 0.500000
0 0.318750 0.325366 0.009469 0.057592 0.017986
0 0.353591 0.327616 0.007220 0.035816 0.004070
0 0.384336 0.321621 0.013083 0.033772 0.001501
0 0.507793 0.318102 0.012576 0.058837 0.268941
0 0.515311 0.319048 0.008777 0.060041 0.119203
0 0.526995 0.323105 0.013146 0.062111 0.006693
0 0.581244 0.315410 0.009514 0.036095 0.001501
0 0.608266 0.314481 0.008626 0.051093 0.047426
0 0.620200 0.307665 0.009639 0.056615 0.075858
0 0.236003 0.339671 0.016254 0.096016 0.731059
0 0.236560 0.338389 0.017366 0.098604 0.500000
0 0.318750 0.326554 0.006770 0.055482 0.010987
0 0.352807 0.327512 0.008789 0.040413 0.002473
0 0.499249 0.320779 0.015636 0.057747 0.002473
0 0.508521 0.318033 0.014033 0.059060 0.119203
0 0.518017 0.317980 0.011117 0.062768 0.047426
0 0.235503 0.339698 0.017962 0.096208 0.731059
0 0.235886 0.339678 0.018715 0.096108 0.500000
0 0.235360 0.339760 0.017705 0.096303 0.622459
0 0.235883 0.339822 0.018735 0.096199 0.119203
1 0.393463 0.322605 0.024046 0.026784 0.001501
1 0.484881 0.319137 0.014145 0.018916 0.001501
4 0.164614 0.354669 0.020869 0.057790 0.001501
4 0.164582 0.356672 0.017902 0.053464 0.004070
5 0.538350 0.328519 0.015479 0.062353 0.002473
5 0.164582 0.356672 0.017902 0.053464 0.001501
