0 0.620203 0.305866 0.009652 0.060524 0.017986
0 0.680028 0.302071 0.007071 0.072398 0.029312
0 0.687394 0.304030 0.014614 0.072263 0.017986
0 0.566360 0.311150 0.007777 0.044361 0.001501
0 0.579254 0.308731 0.008564 0.044074 0.002473
0 0.609021 0.312469 0.010122 0.046889 0.029312
0 0.619518 0.307488 0.011020 0.056873 0.047426
0 0.685346 0.302084 0.012771 0.072524 0.075858
0 0.687565 0.304309 0.014275 0.071535 0.029312
0 0.578462 0.311832 0.010155 0.038127 0.002473
0 0.609417 0.312397 0.009336 0.047113 0.029312
0 0.619519 0.307665 0.010989 0.056539 0.047426
0 0.686658 0.304663 0.013800 0.067176 0.119203
0 0.687567 0.306225 0.014270 0.064177 0.047426
0 0.686330 0.306935 0.013154 0.075983 0.001501
1 0.460714 0.324187 0.018385 0.023454 0.119203
1 0.461598 0.324152 0.017305 0.023543 0.119203
1 0.236243 0.390137 0.387944 0.470187 0.880797
1 0.239626 0.390772 0.390154 0.469916 0.880797
1 0.236605 0.389985 0.386034 0.472324 0.777300
1 0.235297 0.393361 0.383418 0.475445 0.851953
1 0.236453 0.394224 0.387573 0.478988 0.851953
1 0.239700 0.394585 0.390047 0.482681 0.880797
1 0.236159 0.394337 0.389445 0.484878 0.880797
1 0.236836 0.396377 0.383719 0.479317 0.001170
1 0.236409 0.396530 0.385167 0.478403 0.851953
1 0.238601 0.396869 0.390459 0.478433 0.880797
1 0.236617 0.395975 0.388686 0.474149 0.880797
2 0.459900 0.317048 0.020139 0.037926 0.001501
2 0.462732 0.313563 0.019098 0.039595 0.001501
5 0.687565 0.304309 0.014275 0.071535 0.001501
5 0.687567 0.306225 0.014270 0.064177 0.002473
