0 0.996141 0.317427 0.007829 0.184193 0.002473
0 0.449231 0.315744 0.020492 0.076823 0.047426
0 0.448029 0.314441 0.021038 0.074424 0.029312
0 0.620964 0.307009 0.011174 0.062838 0.017986
0 0.679254 0.297146 0.008573 0.067234 0.004070
0 0.996130 0.322658 0.007777 0.152937 0.001501
0 0.318745 0.328098 0.009481 0.057161 0.004070
0 0.448745 0.320853 0.019451 0.066680 0.029312
0 0.448827 0.320034 0.019418 0.063302 0.075858
0 0.522766 0.319613 0.014864 0.061237 0.001501
0 0.532706 0.325494 0.009732 0.064268 0.006693
0 0.608559 0.313620 0.011381 0.049191 0.029312
0 0.620961 0.308060 0.011179 0.055716 0.075858
0 0.678862 0.301642 0.007791 0.058308 0.004070
0 0.892228 0.297190 0.023724 0.363587 0.001501
0 0.995726 0.327802 0.008629 0.161286 0.002473
0 0.318762 0.329042 0.009493 0.050289 0.010987
0 0.447980 0.326326 0.020978 0.050712 0.010987
0 0.448808 0.326911 0.019459 0.049529 0.017986
0 0.533548 0.327490 0.011428 0.059372 0.004070
0 0.607102 0.313529 0.011194 0.049382 0.029312
0 0.620196 0.309275 0.009630 0.057807 0.119203
0 0.678507 0.305552 0.010124 0.050515 0.001501
0 0.891624 0.295403 0.024933 0.352586 0.002473
0 0.995717 0.321674 0.008750 0.171306 0.002473
0 0.319468 0.328910 0.008226 0.050594 0.017986
0 0.448747 0.328605 0.019446 0.051189 0.029312
0 0.449350 0.325552 0.020545 0.052273 0.029312
0 0.533576 0.326417 0.014143 0.061570 0.002473
0 0.890425 0.281640 0.032102 0.314188 0.001501
1 0.362438 0.334589 0.041949 0.039200 0.377541
1 0.362981 0.334452 0.041055 0.034348 0.817575
1 0.362571 0.333323 0.041843 0.036611 0.817575
1 0.362976 0.333322 0.041121 0.036609 0.817575
1 0.447980 0.326326 0.020978 0.050712 0.075858
1 0.448808 0.326911 0.019459 0.049529 0.047426
1 0.469215 0.321757 0.016197 0.019103 0.001501
1 0.487533 0.321775 0.017466 0.013633 0.001501
1 0.495166 0.321535 0.030805 0.018826 0.001501
1 0.506614 0.321629 0.018356 0.018498 0.006693
1 0.362859 0.335721 0.041211 0.036944 0.500000
1 0.363260 0.334598 0.040496 0.039155 0.817575
1 0.362541 0.335735 0.041933 0.036880 0.817575
1 0.363239 0.335714 0.040590 0.036936 0.731059
1 0.448747 0.328605 0.019446 0.051189 0.075858
1 0.449350 0.325552 0.020545 0.052273 0.029312
1 0.141261 0.398704 0.282540 0.509800 0.731059
1 0.141563 0.398476 0.283119 0.509231 0.904651
1 0.141034 0.399134 0.282063 0.512206 0.904651
1 0.141817 0.397492 0.280517 0.514852 0.880797
1 0.140476 0.404863 0.284088 0.517807 0.880797
1 0.140848 0.404121 0.284807 0.517850 0.880797
1 0.141065 0.402118 0.282132 0.516569 0.851953
1 0.141852 0.400613 0.280584 0.514435 0.851953
1 0.141012 0.404327 0.285118 0.518527 0.851953
1 0.142467 0.404631 0.281849 0.518899 0.851953
1 0.141745 0.400962 0.283461 0.512052 0.017986
4 0.447980 0.326326 0.020978 0.050712 0.002473
4 0.448808 0.326911 0.019459 0.049529 0.002473
4 0.448747 0.328605 0.019446 0.051189 0.004070
4 0.449350 0.325552 0.020545 0.052273 0.006693
5 0.449231 0.315744 0.020492 0.076823 0.002473
5 0.448029 0.314441 0.021038 0.074424 0.002473
5 0.448745 0.320853 0.019451 0.066680 0.182426
5 0.448827 0.320034 0.019418 0.063302 0.075858
5 0.362438 0.334589 0.041949 0.039200 0.004070
5 0.447980 0.326326 0.020978 0.050712 0.500000
5 0.448808 0.326911 0.019459 0.049529 0.377541
5 0.362859 0.335721 0.041211 0.036944 0.002473
5 0.448747 0.328605 0.019446 0.051189 0.500000
5 0.449350 0.325552 0.020545 0.052273 0.377541
