0 0.306951 0.252933 0.036355 0.054920 0.004070
0 0.307552 0.246911 0.021381 0.053441 0.004070
0 0.313091 0.262080 0.030996 0.078707 0.002473
0 0.310749 0.254569 0.026024 0.066265 0.006693
0 0.313999 0.272341 0.032295 0.096752 0.004070
0 0.312462 0.296060 0.042374 0.109632 0.006693
0 0.996130 0.309274 0.007778 0.125780 0.001501
0 0.313302 0.330938 0.083936 0.134362 0.002473
0 0.335169 0.323535 0.040896 0.114428 0.002473
0 0.459787 0.316060 0.013836 0.077455 0.017986
0 0.605457 0.308579 0.011242 0.059734 0.004070
0 0.620737 0.306787 0.008562 0.058734 0.047426
0 0.678096 0.297161 0.009298 0.067260 0.006693
0 0.722167 0.301253 0.008784 0.049961 0.001501
0 0.996125 0.314302 0.007774 0.126598 0.002473
0 0.459161 0.318658 0.012559 0.071258 0.075858
0 0.462751 0.318939 0.016605 0.065705 0.002473
0 0.607839 0.313580 0.012670 0.049204 0.119203
0 0.620194 0.306325 0.009646 0.054078 0.182426
0 0.678867 0.298736 0.007762 0.059587 0.004070
0 0.692266 0.309733 0.009771 0.047104 0.001501
0 0.722345 0.305438 0.008379 0.042127 0.004070
0 0.996130 0.324763 0.007820 0.143857 0.002473
0 0.053869 0.348478 0.007765 0.058871 0.001501
0 0.459749 0.317758 0.011576 0.067802 0.075858
0 0.462750 0.319714 0.016691 0.061829 0.001501
0 0.607067 0.312264 0.011125 0.051834 0.075858
0 0.620198 0.307843 0.009642 0.056140 0.119203
0 0.678098 0.300788 0.009304 0.055515 0.004070
0 0.722346 0.304798 0.008393 0.044078 0.004070
0 0.892652 0.291761 0.026926 0.332579 0.001501
0 0.995751 0.331526 0.008675 0.159152 0.001501
0 0.053868 0.349869 0.007758 0.061004 0.001501
0 0.459792 0.317239 0.011656 0.068911 0.075858
0 0.461693 0.319232 0.017109 0.070880 0.010987
0 0.053500 0.350975 0.010094 0.059875 0.002473
0 0.307879 0.344475 0.090712 0.209920 0.010987
0 0.307111 0.338580 0.089092 0.221032 0.075858
0 0.338921 0.339518 0.030961 0.102846 0.004070
0 0.054778 0.354958 0.009798 0.066530 0.002473
0 0.307780 0.351058 0.088077 0.201054 0.002473
0 0.307269 0.341841 0.089072 0.217061 0.006693
0 0.307108 0.338241 0.086066 0.222363 0.119203
0 0.345507 0.337542 0.019016 0.107677 0.029312
0 0.344423 0.332630 0.026804 0.122913 0.001501
0 0.891973 0.283849 0.031949 0.309106 0.001501
0 0.307177 0.341695 0.085925 0.218839 0.006693
0 0.307101 0.339426 0.086059 0.222518 0.075858
0 0.331900 0.335123 0.042503 0.189650 0.001501
0 0.891318 0.281362 0.030225 0.314202 0.002473
1 0.312392 0.342535 0.088043 0.123782 0.010987
1 0.311141 0.342767 0.092125 0.129395 0.075858
1 0.311125 0.341606 0.090722 0.132076 0.047426
1 0.311197 0.338303 0.090267 0.115055 0.075858
1 0.309380 0.332369 0.092186 0.110293 0.004070
1 0.167959 0.357457 0.211736 0.159997 0.268941
1 0.167629 0.355263 0.214891 0.159234 0.817575
1 0.310333 0.353721 0.091923 0.141487 0.006693
1 0.309988 0.355658 0.091168 0.150528 0.047426
1 0.309187 0.345722 0.093242 0.139643 0.182426
1 0.310284 0.340420 0.090950 0.119267 0.268941
1 0.308055 0.337722 0.094939 0.107181 0.029312
1 0.371176 0.329916 0.031065 0.035038 0.006693
1 0.376210 0.330021 0.035538 0.035092 0.817575
1 0.376578 0.330015 0.034362 0.035130 0.731059
1 0.376808 0.328734 0.035101 0.037689 0.268941
1 0.416495 0.326553 0.025280 0.023336 0.002473
1 0.422221 0.326896 0.027498 0.028841 0.731059
1 0.423533 0.326901 0.027974 0.028894 0.622459
1 0.445292 0.323326 0.020716 0.023396 0.001501
1 0.486489 0.320506 0.013490 0.016125 0.004070
1 0.488348 0.321731 0.015558 0.013723 0.004070
1 0.505454 0.321567 0.022013 0.018589 0.001501
1 0.167386 0.356623 0.213182 0.161951 0.880797
1 0.166436 0.356620 0.214171 0.161970 0.880797
1 0.167452 0.357898 0.212069 0.164509 0.817575
1 0.309502 0.356291 0.091219 0.156625 0.001501
1 0.308013 0.360574 0.093868 0.173602 0.075858
1 0.309203 0.346437 0.088510 0.143826 0.075858
1 0.308820 0.335689 0.093391 0.108172 0.004070
1 0.370102 0.330817 0.029637 0.037218 0.004070
1 0.376166 0.332181 0.035452 0.034362 0.731059
1 0.376626 0.330003 0.034720 0.035113 0.731059
1 0.376506 0.331279 0.036393 0.032593 0.268941
1 0.423501 0.329579 0.027902 0.029233 0.001501
1 0.422763 0.329494 0.026445 0.029061 0.002473
1 0.168228 0.357422 0.214828 0.159903 0.924142
1 0.167009 0.356579 0.213012 0.161799 0.924142
1 0.167653 0.356604 0.211706 0.161806 0.817575
1 0.307653 0.358296 0.090891 0.186760 0.029312
1 0.307879 0.344475 0.090712 0.209920 0.010987
1 0.307111 0.338580 0.089092 0.221032 0.001501
1 0.338921 0.339518 0.030961 0.102846 0.001501
1 0.167188 0.354217 0.212959 0.161530 0.006693
1 0.166791 0.355493 0.213290 0.164044 0.731059
1 0.307780 0.351058 0.088077 0.201054 0.006693
1 0.307041 0.344484 0.089391 0.213015 0.001501
1 0.166993 0.357510 0.209572 0.158573 0.500000
1 0.166368 0.356795 0.208230 0.159983 0.022977
4 0.311141 0.342767 0.092125 0.129395 0.004070
4 0.311125 0.341606 0.090722 0.132076 0.002473
4 0.309988 0.355658 0.091168 0.150528 0.004070
4 0.309187 0.345722 0.093242 0.139643 0.004070
4 0.308013 0.360574 0.093868 0.173602 0.002473
4 0.370102 0.330817 0.029637 0.037218 0.001501
4 0.307653 0.358296 0.090891 0.186760 0.002473
4 0.307879 0.344475 0.090712 0.209920 0.002473
4 0.307111 0.338580 0.089092 0.221032 0.001501
4 0.338921 0.339518 0.030961 0.102846 0.001501
5 0.311141 0.342767 0.092125 0.129395 0.004070
5 0.309988 0.355658 0.091168 0.150528 0.006693
5 0.309187 0.345722 0.093242 0.139643 0.001501
5 0.308013 0.360574 0.093868 0.173602 0.075858
5 0.307653 0.358296 0.090891 0.186760 0.377541
5 0.307879 0.344475 0.090712 0.209920 0.500000
5 0.307111 0.338580 0.089092 0.221032 0.182426
5 0.338921 0.339518 0.030961 0.102846 0.004070
5 0.307780 0.351058 0.088077 0.201054 0.731059
5 0.307269 0.341841 0.089072 0.217061 0.731059
5 0.307108 0.338241 0.086066 0.222363 0.119203
5 0.307041 0.344484 0.089391 0.213015 0.622459
5 0.307177 0.341695 0.085925 0.218839 0.731059
5 0.307101 0.339426 0.086059 0.222518 0.182426
5 0.307257 0.340318 0.085964 0.225918 0.268941
