0 0.657738 0.307326 0.015810 0.098930 0.017986
0 0.707197 0.316273 0.023146 0.138498 0.119203
0 0.709179 0.313777 0.022145 0.133639 0.002473
0 0.647599 0.298871 0.012570 0.067905 0.002473
0 0.657710 0.303293 0.015526 0.084699 0.017986
0 0.705376 0.316315 0.027968 0.133336 0.047426
0 0.706535 0.315113 0.025634 0.140578 0.622459
0 0.707556 0.316320 0.024293 0.137793 0.010987
0 0.907275 0.317402 0.027324 0.180526 0.001501
0 0.165195 0.325814 0.012096 0.089425 0.006693
0 0.645496 0.299912 0.013278 0.069870 0.001501
0 0.657036 0.303109 0.014261 0.087246 0.017986
0 0.705616 0.312967 0.026748 0.135336 0.377541
0 0.705902 0.314542 0.026187 0.135192 0.622459
0 0.815958 0.322804 0.010165 0.057756 0.029312
0 0.906430 0.330092 0.029138 0.203469 0.002473
0 0.965403 0.338341 0.022998 0.176737 0.001501
0 0.165285 0.328145 0.013797 0.094052 0.010987
0 0.656847 0.309262 0.014492 0.097796 0.010987
0 0.705220 0.314689 0.027529 0.135020 0.377541
0 0.705561 0.313709 0.025957 0.137670 0.500000
0 0.706686 0.315450 0.026051 0.135087 0.047426
0 0.816528 0.329149 0.011183 0.050076 0.075858
0 0.905675 0.327855 0.030654 0.205986 0.006693
0 0.165280 0.330129 0.011555 0.094837 0.017986
0 0.654899 0.315736 0.021531 0.113544 0.004070
0 0.705101 0.314946 0.027311 0.137159 0.268941
0 0.705667 0.312717 0.026199 0.139706 0.500000
0 0.706227 0.317157 0.027002 0.133134 0.004070
0 0.811991 0.331239 0.016170 0.046125 0.001501
0 0.815979 0.329292 0.010119 0.049796 0.075858
0 0.905660 0.329770 0.030460 0.204741 0.017986
0 0.906085 0.318330 0.030040 0.177399 0.002473
0 0.165799 0.328286 0.012693 0.094050 0.010987
0 0.704823 0.314555 0.026783 0.136406 0.182426
0 0.705306 0.314001 0.025758 0.140090 0.377541
0 0.906084 0.334345 0.031584 0.217061 0.029312
0 0.905622 0.331871 0.030536 0.213437 0.029312
0 0.906475 0.328415 0.029259 0.200219 0.047426
0 0.705557 0.319660 0.026515 0.139216 0.010987
0 0.906086 0.336088 0.031592 0.223649 0.029312
0 0.906183 0.335835 0.031419 0.221266 0.029312
0 0.905777 0.334675 0.030835 0.223248 0.047426
0 0.905402 0.332712 0.030323 0.228195 0.029312
0 0.906109 0.333890 0.029422 0.225924 0.047426
0 0.905820 0.332984 0.030967 0.228842 0.004070
0 0.904085 0.333195 0.030748 0.226996 0.001501
0 0.905804 0.335199 0.028984 0.224745 0.029312
1 0.108612 0.320630 0.026076 0.094799 0.001501
1 0.123906 0.320881 0.054063 0.100633 0.001501
1 0.126587 0.310979 0.060201 0.075505 0.001501
1 0.187661 0.303556 0.070335 0.052497 0.002473
1 0.192776 0.308115 0.069297 0.061848 0.004070
1 0.195034 0.306254 0.065990 0.058130 0.002473
1 0.589837 0.319439 0.064472 0.092232 0.001501
1 0.054194 0.301546 0.108494 0.364326 0.004070
1 0.057148 0.301980 0.114351 0.362491 0.004070
1 0.059111 0.301544 0.118127 0.358366 0.004070
1 0.109635 0.325603 0.025402 0.097522 0.006693
1 0.118766 0.325910 0.043608 0.097902 0.006693
1 0.129324 0.325279 0.061686 0.090358 0.010987
1 0.142757 0.312006 0.041936 0.055202 0.004070
1 0.153682 0.317774 0.043110 0.067695 0.004070
1 0.187876 0.308053 0.068639 0.052100 0.002473
1 0.193777 0.312119 0.069213 0.060339 0.010987
1 0.203904 0.311996 0.048200 0.054735 0.010987
1 0.219366 0.303153 0.017111 0.032672 0.029312
1 0.229629 0.301810 0.030037 0.030457 0.001501
1 0.278684 0.334285 0.120879 0.094919 0.500000
1 0.278640 0.336014 0.120813 0.093899 0.880797
1 0.279112 0.335374 0.116792 0.092628 0.880797
1 0.535621 0.315803 0.018289 0.035205 0.017986
1 0.540585 0.314818 0.023840 0.037092 0.004070
1 0.554283 0.313605 0.016592 0.039246 0.006693
1 0.990593 0.316439 0.021915 0.058304 0.001501
1 0.991195 0.316029 0.017689 0.054449 0.010987
1 0.055001 0.306360 0.110065 0.353118 0.002473
1 0.055176 0.309166 0.110372 0.346905 0.002473
1 0.057765 0.309041 0.112464 0.340671 0.001501
1 0.109569 0.325485 0.025269 0.093201 0.006693
1 0.111812 0.326124 0.027148 0.097979 0.006693
1 0.128048 0.330574 0.059555 0.098811 0.017986
1 0.143586 0.326421 0.053397 0.081018 0.010987
1 0.154727 0.327324 0.042101 0.083774 0.002473
1 0.181548 0.320597 0.063129 0.071330 0.004070
1 0.194107 0.321127 0.069411 0.075487 0.010987
1 0.202928 0.323518 0.050156 0.074564 0.017986
1 0.218652 0.321238 0.018671 0.069061 0.017986
1 0.225323 0.320700 0.026092 0.064122 0.001501
1 0.279121 0.335380 0.122558 0.092631 0.880797
1 0.278715 0.335374 0.120656 0.092544 0.880797
1 0.279206 0.335384 0.116593 0.092565 0.880797
1 0.384722 0.322904 0.033864 0.030530 0.119203
1 0.386197 0.323814 0.033456 0.032290 0.880797
1 0.385943 0.324946 0.033954 0.030037 0.880797
1 0.407973 0.319157 0.010668 0.018819 0.001501
1 0.417089 0.320847 0.012962 0.011776 0.017986
1 0.436608 0.319419 0.015592 0.014795 0.006693
1 0.448175 0.318296 0.013478 0.016883 0.017986
1 0.450089 0.317604 0.015320 0.015646 0.006693
1 0.535019 0.320333 0.020078 0.026067 0.377541
1 0.536290 0.320310 0.019498 0.026099 0.182426
1 0.555011 0.314955 0.018224 0.037091 0.010987
1 0.990163 0.324788 0.019762 0.038326 0.006693
1 0.990918 0.326152 0.018188 0.034645 0.047426
1 0.053009 0.307344 0.106109 0.344930 0.001501
1 0.053860 0.311307 0.107742 0.336437 0.002473
1 0.054257 0.313980 0.108565 0.331578 0.002473
1 0.109605 0.326810 0.025352 0.091560 0.010987
1 0.111550 0.326900 0.026478 0.091298 0.004070
1 0.124042 0.331975 0.045136 0.098906 0.004070
1 0.149568 0.328187 0.056997 0.086227 0.010987
1 0.178437 0.325624 0.050288 0.076139 0.002473
1 0.192422 0.323982 0.070176 0.079728 0.006693
1 0.210933 0.323121 0.031631 0.079549 0.006693
1 0.219287 0.323630 0.017540 0.074962 0.017986
1 0.278451 0.334252 0.121183 0.094834 0.880797
1 0.278712 0.334241 0.120651 0.094815 0.924142
1 0.279208 0.335368 0.116598 0.092565 0.880797
1 0.990634 0.326204 0.021815 0.041647 0.002473
1 0.990809 0.327068 0.018420 0.035770 0.017986
1 0.110306 0.327815 0.023878 0.095603 0.001501
1 0.110444 0.327413 0.024244 0.090566 0.002473
1 0.278905 0.334243 0.120282 0.094839 0.924142
1 0.279656 0.334253 0.115698 0.094884 0.075858
1 0.056535 0.271588 0.113513 0.426761 0.001170
1 0.056488 0.271306 0.116148 0.425112 0.001927
1 0.055919 0.287071 0.111945 0.394310 0.002473
1 0.055692 0.283577 0.114459 0.399749 0.001927
1 0.055196 0.300000 0.110533 0.368683 0.002473
1 0.055585 0.297797 0.110969 0.371376 0.003173
2 0.054194 0.301546 0.108494 0.364326 0.268941
2 0.057148 0.301980 0.114351 0.362491 0.182426
2 0.059111 0.301544 0.118127 0.358366 0.075858
2 0.062225 0.309419 0.118800 0.302664 0.002473
2 0.219366 0.303153 0.017111 0.032672 0.001501
2 0.991195 0.316029 0.017689 0.054449 0.001501
2 0.055001 0.306360 0.110065 0.353118 0.268941
2 0.055176 0.309166 0.110372 0.346905 0.268941
2 0.057765 0.309041 0.112464 0.340671 0.119203
2 0.990918 0.326152 0.018188 0.034645 0.001501
2 0.053009 0.307344 0.106109 0.344930 0.119203
2 0.053860 0.311307 0.107742 0.336437 0.182426
2 0.054257 0.313980 0.108565 0.331578 0.182426
2 0.051826 0.322169 0.103670 0.314743 0.010987
2 0.057109 0.250334 0.117227 0.471941 0.001170
2 0.057936 0.251520 0.120768 0.469800 0.001501
2 0.056535 0.271588 0.113513 0.426761 0.047426
2 0.056488 0.271306 0.116148 0.425112 0.060087
2 0.063337 0.273805 0.127302 0.419248 0.004070
2 0.055919 0.287071 0.111945 0.394310 0.268941
2 0.055692 0.283577 0.114459 0.399749 0.268941
2 0.059973 0.281951 0.120021 0.404967 0.014064
2 0.055196 0.300000 0.110533 0.368683 0.377541
2 0.055585 0.297797 0.110969 0.371376 0.500000
2 0.060239 0.296257 0.120394 0.376597 0.005220
3 0.589837 0.319439 0.064472 0.092232 0.880797
3 0.054194 0.301546 0.108494 0.364326 0.001501
3 0.057148 0.301980 0.114351 0.362491 0.002473
3 0.059111 0.301544 0.118127 0.358366 0.002473
3 0.219366 0.303153 0.017111 0.032672 0.001501
3 0.535621 0.315803 0.018289 0.035205 0.004070
3 0.540585 0.314818 0.023840 0.037092 0.001501
3 0.554283 0.313605 0.016592 0.039246 0.010987
3 0.590183 0.320422 0.063760 0.089552 0.880797
3 0.589855 0.320307 0.064409 0.089312 0.924142
3 0.589814 0.319176 0.064389 0.091580 0.880797
3 0.055001 0.306360 0.110065 0.353118 0.001501
3 0.055176 0.309166 0.110372 0.346905 0.002473
3 0.555011 0.314955 0.018224 0.037091 0.004070
3 0.590227 0.320437 0.063669 0.089526 0.880797
3 0.589871 0.320313 0.064442 0.089305 0.817575
3 0.589820 0.319177 0.064403 0.091586 0.880797
3 0.053860 0.311307 0.107742 0.336437 0.001501
3 0.590162 0.320518 0.063713 0.089715 0.880797
3 0.589292 0.320443 0.063376 0.089591 0.817575
3 0.589283 0.319319 0.063322 0.091853 0.880797
3 0.056535 0.271588 0.113513 0.426761 0.001927
3 0.056488 0.271306 0.116148 0.425112 0.003173
3 0.055919 0.287071 0.111945 0.394310 0.002473
3 0.055692 0.283577 0.114459 0.399749 0.002473
3 0.055196 0.300000 0.110533 0.368683 0.002473
3 0.055585 0.297797 0.110969 0.371376 0.002473
