0 0.943699 0.346677 0.012712 0.115585 0.047426
0 0.803281 0.337574 0.021669 0.050264 0.006693
0 0.944479 0.348237 0.014291 0.112918 0.029312
0 0.801667 0.339241 0.028221 0.047148 0.002473
0 0.943748 0.371519 0.012562 0.065235 0.119203
0 0.946735 0.369337 0.023745 0.067224 0.001501
0 0.942987 0.371984 0.014082 0.064041 0.182426
0 0.947448 0.372918 0.024462 0.062488 0.002473
0 0.944541 0.371638 0.014146 0.062526 0.182426
0 0.948523 0.375143 0.022495 0.058207 0.001501
0 0.943811 0.374653 0.015912 0.066533 0.001501
1 0.384990 0.316934 0.033234 0.032929 0.182426
1 0.385822 0.316921 0.034162 0.032871 0.622459
1 0.385636 0.317219 0.034521 0.032261 0.622459
1 0.384976 0.317015 0.033197 0.032681 0.268941
1 0.385148 0.318596 0.032809 0.034617 0.924142
1 0.384956 0.318667 0.033172 0.034497 0.924142
1 0.413356 0.315595 0.018906 0.019756 0.017986
1 0.417067 0.314878 0.019029 0.018077 0.029312
1 0.458518 0.310918 0.014012 0.029000 0.006693
1 0.473504 0.318105 0.014078 0.020871 0.731059
1 0.474180 0.318325 0.015335 0.016808 0.182426
1 0.499946 0.317192 0.013129 0.022697 0.182426
1 0.500587 0.318093 0.013225 0.020867 0.268941
2 0.574886 0.183458 0.075074 0.045928 0.029312
2 0.573460 0.184925 0.071961 0.042626 0.010987
2 0.574932 0.183994 0.075208 0.047662 0.002473
2 0.574237 0.186583 0.070587 0.041073 0.002473
2 0.459064 0.309812 0.015095 0.031242 0.817575
2 0.413356 0.315595 0.018906 0.019756 0.004070
2 0.417067 0.314878 0.019029 0.018077 0.047426
2 0.458518 0.310918 0.014012 0.029000 0.731059
2 0.499946 0.317192 0.013129 0.022697 0.001501
2 0.500587 0.318093 0.013225 0.020867 0.002473
3 0.459064 0.309812 0.015095 0.031242 0.001501
3 0.417067 0.314878 0.019029 0.018077 0.006693
3 0.458518 0.310918 0.014012 0.029000 0.006693
3 0.499946 0.317192 0.013129 0.022697 0.029312
3 0.500587 0.318093 0.013225 0.020867 0.075858
4 0.800317 0.338746 0.029219 0.048028 0.004070
4 0.800947 0.339013 0.030668 0.045823 0.010987
4 0.801667 0.339241 0.028221 0.047148 0.002473
4 0.800916 0.345952 0.034750 0.049858 0.001501
