0 0.419996 0.312508 0.007062 0.025954 0.017986
0 0.421213 0.315457 0.007962 0.020010 0.006693
0 0.735417 0.348264 0.010244 0.025426 0.002473
0 0.739469 0.348568 0.009757 0.021039 0.010987
1 0.402808 0.319604 0.027577 0.027527 0.880797
1 0.402774 0.320222 0.027499 0.031365 0.880797
1 0.421213 0.315457 0.007962 0.020010 0.004070
1 0.432750 0.316882 0.015771 0.014090 0.010987
1 0.473505 0.319230 0.014077 0.018616 0.731059
1 0.474206 0.320503 0.015283 0.016068 0.119203
1 0.499274 0.318264 0.012242 0.025094 0.268941
1 0.500103 0.317119 0.013491 0.022872 0.010987
1 0.144422 0.347517 0.058085 0.041724 0.817575
1 0.144997 0.346874 0.056938 0.043020 0.817575
1 0.145004 0.347543 0.056935 0.041698 0.817575
1 0.144999 0.347529 0.056908 0.041752 0.880797
1 0.145039 0.346821 0.056866 0.040516 0.880797
1 0.144942 0.348413 0.056963 0.043561 0.731059
1 0.144995 0.347527 0.056937 0.041725 0.817575
1 0.144986 0.349330 0.056959 0.041721 0.817575
1 0.144701 0.347539 0.054791 0.041711 0.880797
1 0.145434 0.348413 0.056084 0.039967 0.817575
2 0.458807 0.311603 0.017663 0.030285 0.817575
2 0.465649 0.313217 0.019135 0.030719 0.004070
2 0.499479 0.314775 0.012668 0.027468 0.006693
2 0.500931 0.314765 0.013757 0.027475 0.004070
2 0.421213 0.315457 0.007962 0.020010 0.004070
2 0.432750 0.316882 0.015771 0.014090 0.006693
2 0.458407 0.311567 0.016866 0.030333 0.731059
2 0.499274 0.318264 0.012242 0.025094 0.017986
2 0.500103 0.317119 0.013491 0.022872 0.004070
3 0.499479 0.314775 0.012668 0.027468 0.017986
3 0.500931 0.314765 0.013757 0.027475 0.001501
3 0.421213 0.315457 0.007962 0.020010 0.006693
3 0.458407 0.311567 0.016866 0.030333 0.001501
3 0.499274 0.318264 0.012242 0.025094 0.268941
3 0.500103 0.317119 0.013491 0.022872 0.029312
3 0.494465 0.973252 0.064765 0.053574 0.004070
3 0.492582 0.972762 0.068519 0.054512 0.001501
3 0.493953 0.972833 0.063628 0.054394 0.004070
5 0.735417 0.348264 0.010244 0.025426 0.001501
5 0.739469 0.348568 0.009757 0.021039 0.001501
5 0.892614 0.377258 0.021315 0.032192 0.002473
