0 0.231981 0.329669 0.014145 0.071587 0.006693
0 0.231961 0.333277 0.014186 0.064743 0.017986
0 0.231968 0.336245 0.014199 0.060276 0.004070
0 0.232755 0.340140 0.012660 0.060295 0.004070
1 0.010472 0.338002 0.021103 0.113509 0.002473
1 0.010287 0.349544 0.023748 0.092050 0.017986
1 0.014578 0.347596 0.029210 0.091826 0.006693
1 0.101252 0.367156 0.191445 0.171851 0.817575
1 0.494529 0.335609 0.039154 0.046809 0.001501
1 0.500936 0.334570 0.035649 0.049465 0.010987
1 0.502671 0.335494 0.031051 0.051220 0.006693
1 0.505649 0.334566 0.029352 0.049579 0.001501
1 0.009777 0.349025 0.022732 0.089772 0.017986
1 0.013129 0.348855 0.026278 0.093606 0.004070
1 0.100997 0.367197 0.189616 0.171964 0.924142
1 0.101609 0.367010 0.190803 0.172361 0.924142
1 0.100872 0.365806 0.190278 0.171139 0.500000
1 0.272367 0.339047 0.047250 0.030438 0.001501
1 0.495835 0.334630 0.038758 0.045138 0.002473
1 0.500666 0.335681 0.035113 0.046956 0.006693
1 0.503099 0.336678 0.029095 0.048590 0.004070
1 0.009168 0.347033 0.018428 0.094181 0.017986
1 0.015041 0.348266 0.030131 0.096094 0.004070
1 0.100587 0.365572 0.188768 0.169416 0.924142
1 0.100794 0.367146 0.190244 0.172559 0.924142
1 0.100851 0.367116 0.190311 0.172500 0.880797
1 0.008541 0.351225 0.017180 0.097941 0.004070
1 0.100887 0.365886 0.189430 0.171226 0.880797
1 0.101303 0.366188 0.191290 0.170636 0.880797
1 0.101118 0.366082 0.189763 0.170857 0.880797
1 0.387430 0.374967 0.215897 0.255327 0.939913
1 0.386087 0.374998 0.216087 0.255245 0.924142
1 0.385385 0.372465 0.217598 0.255224 0.924142
1 0.386212 0.373703 0.216010 0.257788 0.939913
1 0.098496 0.365385 0.193881 0.170787 0.010987
1 0.099230 0.366370 0.195344 0.168859 0.119203
1 0.386759 0.375034 0.217418 0.255320 0.924142
1 0.386012 0.373742 0.218915 0.252678 0.924142
1 0.385380 0.373767 0.217639 0.257790 0.924142
1 0.386065 0.374987 0.218880 0.255318 0.924142
1 0.385528 0.373778 0.214923 0.257696 0.924142
1 0.386138 0.373795 0.216111 0.257708 0.924142
4 0.500666 0.335681 0.035113 0.046956 0.001501
4 0.503099 0.336678 0.029095 0.048590 0.004070
5 0.500936 0.334570 0.035649 0.049465 0.004070
5 0.502671 0.335494 0.031051 0.051220 0.017986
5 0.505649 0.334566 0.029352 0.049579 0.004070
5 0.500666 0.335681 0.035113 0.046956 0.010987
5 0.503099 0.336678 0.029095 0.048590 0.047426
5 0.505708 0.336175 0.028106 0.052844 0.017986
