0 0.622155 0.327676 0.016463 0.104612 0.002473
0 0.649552 0.326380 0.013541 0.101691 0.029312
0 0.650645 0.325932 0.013111 0.105281 0.047426
0 0.621810 0.329596 0.012881 0.097349 0.004070
0 0.649423 0.324017 0.013266 0.096494 0.017986
0 0.650408 0.324342 0.012872 0.101932 0.029312
0 0.597175 0.335202 0.008760 0.032817 0.004070
0 0.621737 0.330931 0.012764 0.099162 0.004070
0 0.625763 0.331136 0.017803 0.087947 0.002473
0 0.649351 0.323057 0.013125 0.099013 0.029312
0 0.650584 0.322820 0.012524 0.098775 0.029312
0 0.736554 0.340337 0.034491 0.213219 0.006693
0 0.353472 0.340883 0.010193 0.043492 0.001501
0 0.596903 0.336787 0.009336 0.035098 0.002473
0 0.620434 0.331460 0.012954 0.097569 0.002473
0 0.625228 0.331641 0.016636 0.091779 0.002473
0 0.649354 0.324325 0.013120 0.095971 0.047426
0 0.650289 0.324130 0.013118 0.096257 0.017986
0 0.737420 0.350001 0.035003 0.229359 0.075858
0 0.736473 0.351077 0.034931 0.226709 0.182426
0 0.005575 0.379270 0.008109 0.050435 0.002473
0 0.620355 0.333569 0.012779 0.096686 0.002473
0 0.625452 0.331199 0.014595 0.087823 0.001501
0 0.649106 0.324964 0.013710 0.095869 0.010987
0 0.650290 0.324727 0.013132 0.096502 0.010987
0 0.736792 0.355549 0.036319 0.241425 0.119203
0 0.736616 0.358495 0.036267 0.238592 0.075858
0 0.006256 0.381173 0.009464 0.048546 0.002473
0 0.736807 0.350550 0.035549 0.219313 0.119203
0 0.736060 0.355826 0.036037 0.223783 0.075858
0 0.736808 0.352487 0.035546 0.214786 0.377541
0 0.736552 0.355737 0.034843 0.213854 0.268941
0 0.735620 0.360859 0.035718 0.222368 0.377541
0 0.736156 0.364548 0.037745 0.223257 0.377541
0 0.735782 0.369534 0.038331 0.266371 0.002473
0 0.735645 0.377477 0.040287 0.277868 0.004070
1 0.394756 0.330463 0.070450 0.094216 0.001501
1 0.531806 0.336543 0.028046 0.035374 0.017986
1 0.535950 0.337296 0.028121 0.033795 0.268941
1 0.537481 0.337757 0.021995 0.032863 0.377541
1 0.395642 0.330452 0.069487 0.094224 0.002473
1 0.435732 0.344616 0.013533 0.032384 0.377541
1 0.438360 0.344979 0.011981 0.023573 0.029312
1 0.467935 0.339160 0.011114 0.016850 0.004070
1 0.530796 0.338498 0.025286 0.031490 0.047426
1 0.535872 0.337915 0.025229 0.032571 0.500000
1 0.536722 0.338150 0.023504 0.032062 0.622459
1 0.394963 0.330088 0.070952 0.094968 0.001501
2 0.394823 0.328722 0.070581 0.092606 0.817575
2 0.395045 0.330071 0.070967 0.094980 0.880797
2 0.394857 0.329862 0.070520 0.095396 0.880797
2 0.394756 0.330463 0.070450 0.094216 0.880797
2 0.395052 0.329186 0.070948 0.091662 0.880797
2 0.395677 0.329894 0.069529 0.095366 0.817575
2 0.535950 0.337296 0.028121 0.033795 0.002473
2 0.537481 0.337757 0.021995 0.032863 0.002473
2 0.395642 0.330452 0.069487 0.094224 0.880797
2 0.394728 0.330459 0.070342 0.094211 0.880797
2 0.395009 0.329063 0.070866 0.091916 0.880797
2 0.536722 0.338150 0.023504 0.032062 0.004070
2 0.394963 0.330088 0.070952 0.094968 0.880797
2 0.394708 0.330036 0.070374 0.095142 0.006693
3 0.531806 0.336543 0.028046 0.035374 0.006693
3 0.535950 0.337296 0.028121 0.033795 0.047426
3 0.537481 0.337757 0.021995 0.032863 0.075858
3 0.395642 0.330452 0.069487 0.094224 0.001501
3 0.530796 0.338498 0.025286 0.031490 0.004070
3 0.535872 0.337915 0.025229 0.032571 0.047426
3 0.536722 0.338150 0.023504 0.032062 0.075858
3 0.394963 0.330088 0.070952 0.094968 0.004070
