0 0.505976 0.314664 0.012385 0.052029 0.001501
0 0.520960 0.314934 0.011166 0.046599 0.047426
0 0.519429 0.315834 0.008091 0.048387 0.029312
0 0.519520 0.318556 0.011068 0.053980 0.001501
1 0.371960 0.326673 0.090863 0.124955 0.880797
1 0.371922 0.328497 0.090775 0.124978 0.880797
1 0.371943 0.328456 0.090735 0.124891 0.880797
1 0.284198 0.316445 0.012892 0.018118 0.001501
1 0.372205 0.328476 0.091357 0.124946 0.924142
1 0.371923 0.328499 0.090775 0.124994 0.924142
1 0.371928 0.329584 0.090724 0.127167 0.924142
1 0.371561 0.327587 0.090074 0.126802 0.880797
1 0.372205 0.327585 0.088628 0.126796 0.924142
1 0.371523 0.326683 0.089952 0.124994 0.880797
1 0.372604 0.328520 0.089414 0.125028 0.880797
4 0.451273 0.328599 0.034643 0.050791 0.001501
4 0.427999 0.329956 0.023246 0.058960 0.002473
4 0.428320 0.330576 0.023011 0.057716 0.004070
4 0.451481 0.329742 0.038052 0.055759 0.002473
