0 0.816770 0.329247 0.019957 0.153341 0.001501
0 0.532777 0.317147 0.012608 0.046019 0.017986
0 0.817315 0.330406 0.021602 0.156146 0.002473
0 0.005532 0.344205 0.011115 0.114440 0.001501
0 0.015312 0.342069 0.008779 0.049829 0.002473
0 0.532778 0.318468 0.012565 0.043344 0.010987
0 0.816431 0.328044 0.026290 0.165010 0.001501
0 0.816964 0.324769 0.022333 0.160198 0.004070
0 0.005521 0.353831 0.011198 0.100887 0.002473
0 0.015511 0.345411 0.009494 0.056560 0.004070
0 0.531147 0.323375 0.016069 0.052821 0.002473
0 0.816748 0.327446 0.026393 0.166192 0.001501
0 0.816886 0.326234 0.022789 0.160003 0.004070
0 0.816119 0.324982 0.027650 0.165974 0.004070
0 0.816207 0.325818 0.026900 0.159255 0.006693
0 0.816389 0.330568 0.027230 0.148917 0.001501
1 0.218406 0.307550 0.035310 0.026988 0.002473
1 0.302220 0.341402 0.139654 0.192570 0.924142
1 0.385862 0.318719 0.035386 0.041025 0.002473
1 0.301351 0.341726 0.139292 0.196792 0.924142
1 0.301953 0.341746 0.140233 0.196837 0.880797
1 0.302907 0.340458 0.141078 0.194216 0.880797
1 0.376326 0.323399 0.017054 0.031619 0.006693
1 0.385028 0.325449 0.033759 0.039963 0.006693
1 0.301919 0.341831 0.140319 0.196982 0.880797
1 0.302024 0.342687 0.140097 0.195027 0.924142
1 0.302040 0.341420 0.140140 0.192516 0.924142
1 0.389256 0.327709 0.035445 0.048303 0.004070
1 0.301540 0.341612 0.138955 0.197136 0.880797
1 0.301733 0.341679 0.140680 0.196837 0.880797
1 0.301427 0.341644 0.139197 0.196951 0.924142
2 0.385028 0.325449 0.033759 0.039963 0.001501
4 0.395801 0.324260 0.027121 0.052016 0.001501
4 0.385028 0.325449 0.033759 0.039963 0.002473
4 0.391667 0.328803 0.027604 0.050561 0.017986
4 0.402090 0.325679 0.034337 0.057565 0.004070
4 0.408553 0.326818 0.036424 0.060057 0.017986
4 0.389256 0.327709 0.035445 0.048303 0.029312
4 0.394008 0.328604 0.023780 0.051323 0.075858
4 0.404193 0.329220 0.039326 0.061057 0.017986
4 0.408655 0.328804 0.039024 0.063916 0.047426
4 0.007148 0.366571 0.011356 0.070715 0.006693
4 0.410715 0.330986 0.037070 0.072366 0.004070
4 0.006281 0.376550 0.012674 0.053539 0.006693
