0 0.764618 0.332145 0.027410 0.091916 0.001501
0 0.996130 0.337637 0.007802 0.138732 0.004070
0 0.840123 0.335851 0.016756 0.088595 0.001501
0 0.996128 0.343510 0.007782 0.126522 0.002473
0 0.839862 0.336019 0.017363 0.083482 0.001501
0 0.996399 0.349353 0.007223 0.121753 0.004070
0 0.763816 0.334805 0.039567 0.091616 0.001501
0 0.996405 0.353375 0.007236 0.120255 0.001501
0 0.996138 0.357178 0.007805 0.116717 0.002473
5 0.761628 0.331393 0.034130 0.092911 0.002473
5 0.764618 0.332145 0.027410 0.091916 0.002473
5 0.763055 0.331685 0.036417 0.092453 0.047426
5 0.762729 0.334287 0.034516 0.091586 0.047426
5 0.762966 0.333024 0.036689 0.094041 0.017986
5 0.763388 0.333035 0.037585 0.094080 0.017986
5 0.764329 0.333349 0.040809 0.094127 0.004070
5 0.763374 0.332302 0.037032 0.096037 0.029312
5 0.762715 0.331303 0.037277 0.093471 0.029312
5 0.763816 0.334805 0.039567 0.091616 0.006693
