0 0.267101 0.328639 0.006300 0.037686 0.002473
0 0.529635 0.317136 0.006222 0.027413 0.002473
1 0.612145 0.304786 0.043836 0.026554 0.001501
1 0.615257 0.300829 0.041347 0.023594 0.006693
1 0.618487 0.300801 0.032123 0.018347 0.006693
1 0.621529 0.300803 0.028931 0.018407 0.010987
1 0.023925 0.348121 0.044830 0.077363 0.017986
1 0.023545 0.348827 0.044033 0.075089 0.017986
1 0.306387 0.324386 0.040840 0.029001 0.001501
1 0.360057 0.325456 0.023919 0.020917 0.001501
1 0.381323 0.324196 0.025539 0.018358 0.002473
1 0.408959 0.322899 0.022321 0.020981 0.002473
1 0.416426 0.319230 0.014409 0.018632 0.017986
1 0.431847 0.320856 0.011471 0.011754 0.004070
1 0.453437 0.315932 0.015095 0.025205 0.002473
1 0.468728 0.320869 0.006911 0.011746 0.006693
1 0.477129 0.321785 0.010147 0.013488 0.377541
1 0.495731 0.318311 0.008633 0.016877 0.075858
1 0.506243 0.316753 0.006775 0.013648 0.002473
1 0.022774 0.352695 0.045611 0.070450 0.017986
1 0.022746 0.352943 0.045512 0.070896 0.047426
1 0.022779 0.350884 0.045693 0.071469 0.017986
1 0.025774 0.347216 0.048466 0.070962 0.002473
1 0.142510 0.344276 0.043251 0.043365 0.002473
1 0.143760 0.344600 0.040849 0.042276 0.004070
1 0.168108 0.346334 0.015020 0.026195 0.002473
1 0.182345 0.340390 0.038852 0.028162 0.001501
1 0.242971 0.341232 0.038539 0.025954 0.001501
1 0.243729 0.341111 0.038817 0.021121 0.002473
1 0.245226 0.339901 0.041693 0.023633 0.002473
1 0.303216 0.328755 0.050765 0.037824 0.001501
1 0.307751 0.329378 0.044812 0.033941 0.002473
1 0.022861 0.353486 0.045830 0.070529 0.017986
1 0.023519 0.353284 0.043990 0.070578 0.017986
1 0.022872 0.352495 0.045875 0.069560 0.010987
1 0.023878 0.353518 0.047240 0.062710 0.006693
1 0.138096 0.344507 0.052239 0.045219 0.002473
1 0.140318 0.344544 0.047580 0.043347 0.004070
1 0.143247 0.345722 0.041873 0.042860 0.004070
1 0.022753 0.355819 0.045684 0.071189 0.017986
1 0.022740 0.354381 0.045551 0.069917 0.010987
1 0.022772 0.355279 0.045708 0.071709 0.006693
1 0.025185 0.359398 0.047611 0.069110 0.001501
2 0.084445 0.317031 0.168652 0.110757 0.817575
2 0.084932 0.318818 0.163787 0.107227 0.817575
2 0.083818 0.317854 0.163506 0.104529 0.731059
2 0.012260 0.329244 0.024603 0.112341 0.001501
2 0.085018 0.318390 0.166405 0.113152 0.731059
2 0.084223 0.319213 0.165262 0.111394 0.817575
2 0.082360 0.317673 0.163723 0.104696 0.731059
2 0.452056 0.316113 0.017853 0.029451 0.006693
2 0.453440 0.314995 0.015104 0.027085 0.182426
2 0.495817 0.313825 0.008821 0.025705 0.002473
2 0.023925 0.348121 0.044830 0.077363 0.001501
2 0.085430 0.316821 0.166731 0.111220 0.622459
2 0.083835 0.316784 0.164321 0.111155 0.731059
2 0.082714 0.316515 0.163021 0.107023 0.731059
2 0.306387 0.324386 0.040840 0.029001 0.010987
2 0.304746 0.323248 0.041287 0.031209 0.017986
2 0.309309 0.324314 0.041536 0.033493 0.010987
2 0.416426 0.319230 0.014409 0.018632 0.006693
2 0.451208 0.317341 0.016855 0.026955 0.029312
2 0.453437 0.315932 0.015095 0.025205 0.731059
2 0.495731 0.318311 0.008633 0.016877 0.017986
2 0.506243 0.316753 0.006775 0.013648 0.047426
2 0.085085 0.316724 0.162061 0.106890 0.500000
2 0.300271 0.328669 0.054947 0.038150 0.002473
2 0.303216 0.328755 0.050765 0.037824 0.002473
3 0.453440 0.314995 0.015104 0.027085 0.002473
3 0.023925 0.348121 0.044830 0.077363 0.017986
3 0.023545 0.348827 0.044033 0.075089 0.017986
3 0.416426 0.319230 0.014409 0.018632 0.002473
3 0.451208 0.317341 0.016855 0.026955 0.002473
3 0.453437 0.315932 0.015095 0.025205 0.047426
3 0.477129 0.321785 0.010147 0.013488 0.001501
3 0.495731 0.318311 0.008633 0.016877 0.017986
3 0.506243 0.316753 0.006775 0.013648 0.001501
3 0.022774 0.352695 0.045611 0.070450 0.029312
3 0.022746 0.352943 0.045512 0.070896 0.029312
3 0.022779 0.350884 0.045693 0.071469 0.029312
3 0.025774 0.347216 0.048466 0.070962 0.001501
3 0.022861 0.353486 0.045830 0.070529 0.047426
3 0.023519 0.353284 0.043990 0.070578 0.029312
3 0.022872 0.352495 0.045875 0.069560 0.029312
3 0.023878 0.353518 0.047240 0.062710 0.006693
3 0.022753 0.355819 0.045684 0.071189 0.047426
3 0.022740 0.354381 0.045551 0.069917 0.047426
3 0.022772 0.355279 0.045708 0.071709 0.017986
