0 0.670528 0.294258 0.008959 0.056946 0.001501
0 0.852186 0.323479 0.029631 0.145306 0.001501
0 0.851838 0.326004 0.034923 0.154582 0.119203
0 0.851762 0.326069 0.034739 0.156594 0.119203
0 0.851665 0.326148 0.036743 0.154494 0.622459
0 0.851201 0.326286 0.037405 0.156159 0.731059
0 0.851596 0.328241 0.038487 0.154829 0.622459
0 0.851135 0.327446 0.039122 0.158797 0.731059
0 0.851330 0.326642 0.039423 0.160413 0.268941
0 0.851206 0.323504 0.039250 0.165534 0.731059
0 0.850636 0.325012 0.038809 0.162507 0.731059
0 0.850937 0.325991 0.038653 0.160622 0.377541
0 0.850963 0.324186 0.039929 0.166358 0.622459
0 0.851079 0.323764 0.039692 0.165970 0.622459
1 0.985666 0.290478 0.025814 0.110482 0.004070
1 0.986630 0.291697 0.026847 0.112682 0.004070
1 0.768423 0.297805 0.055749 0.050154 0.001501
1 0.771029 0.296967 0.051301 0.047370 0.002473
1 0.781358 0.297573 0.053123 0.048466 0.002473
1 0.792034 0.296912 0.071126 0.047224 0.002473
1 0.792795 0.297587 0.072218 0.048980 0.002473
1 0.985458 0.305253 0.029228 0.102806 0.004070
1 0.985481 0.301447 0.029096 0.103311 0.004070
1 0.562297 0.313019 0.019010 0.027188 0.004070
1 0.565465 0.312878 0.020367 0.025011 0.010987
1 0.680330 0.312064 0.039041 0.025216 0.001501
1 0.748533 0.307872 0.019468 0.032725 0.001501
1 0.749538 0.307286 0.020919 0.037654 0.001501
1 0.770999 0.298859 0.054947 0.046162 0.004070
1 0.776232 0.298781 0.060274 0.046265 0.002473
1 0.789434 0.299478 0.076357 0.047669 0.001501
1 0.792748 0.299064 0.073702 0.051544 0.001501
1 0.985999 0.313123 0.028115 0.093344 0.002473
1 0.986034 0.315961 0.027968 0.088757 0.004070
1 0.377756 0.324136 0.027897 0.018485 0.001501
1 0.397936 0.322883 0.025752 0.015849 0.001501
1 0.401263 0.321767 0.022641 0.013543 0.001501
1 0.502141 0.319169 0.021475 0.023571 0.006693
1 0.507925 0.320499 0.016089 0.025708 0.075858
1 0.527701 0.321779 0.030637 0.028247 0.731059
1 0.528176 0.321774 0.028277 0.028257 0.622459
1 0.529538 0.320533 0.029642 0.025854 0.010987
1 0.562429 0.316192 0.016951 0.021122 0.119203
1 0.563315 0.317120 0.017652 0.019214 0.119203
1 0.572604 0.314822 0.022153 0.024240 0.001501
1 0.986707 0.317254 0.029769 0.088425 0.006693
1 0.986013 0.317856 0.028077 0.085817 0.004070
1 0.985745 0.319461 0.028145 0.083278 0.001501
1 0.985861 0.316855 0.028655 0.092955 0.001501
2 0.650120 0.291521 0.054318 0.051552 0.001501
2 0.651060 0.292291 0.055672 0.048316 0.002473
2 0.649539 0.292434 0.051755 0.048807 0.002473
