0 0.005585 0.376101 0.011330 0.136189 0.002473
0 0.005594 0.387781 0.011289 0.113809 0.004070
0 0.086649 0.387686 0.042956 0.124756 0.002473
0 0.087290 0.389032 0.043726 0.124759 0.002473
0 0.086067 0.385763 0.044222 0.131565 0.001501
0 0.006372 0.412109 0.012799 0.060953 0.002473
0 0.084860 0.383109 0.042232 0.134145 0.001501
0 0.086777 0.385269 0.042999 0.132601 0.002473
0 0.086584 0.374542 0.045226 0.151257 0.001501
1 0.259485 0.312156 0.140234 0.106775 0.001501
1 0.509248 0.327507 0.134823 0.089838 0.880797
1 0.509130 0.326874 0.134941 0.086596 0.880797
1 0.509538 0.326341 0.136851 0.087555 0.880797
1 0.557498 0.307703 0.061719 0.045850 0.002473
1 0.568448 0.311152 0.042939 0.039298 0.004070
1 0.575135 0.314494 0.033960 0.032646 0.004070
1 0.673580 0.314303 0.047952 0.032462 0.001501
1 0.675196 0.315121 0.047032 0.031255 0.002473
1 0.673337 0.314484 0.047389 0.032658 0.001501
1 0.261936 0.314233 0.138786 0.103895 0.002473
1 0.405786 0.332035 0.069564 0.044297 0.817575
1 0.405593 0.330904 0.067057 0.046561 0.880797
1 0.406830 0.330910 0.069539 0.046552 0.817575
1 0.406265 0.330914 0.068385 0.046540 0.817575
1 0.405721 0.332040 0.069443 0.044289 0.880797
1 0.509837 0.326387 0.136310 0.087579 0.880797
1 0.508591 0.326389 0.136063 0.087584 0.817575
1 0.509175 0.326390 0.134854 0.087596 0.880797
1 0.568605 0.314209 0.034992 0.044419 0.004070
1 0.575254 0.315298 0.030929 0.036220 0.017986
1 0.581796 0.317676 0.021429 0.031352 0.010987
1 0.611516 0.314274 0.043996 0.025004 0.002473
1 0.673539 0.317134 0.044358 0.027417 0.006693
1 0.674468 0.317938 0.049067 0.030862 0.006693
1 0.682245 0.320578 0.038868 0.030803 0.006693
1 0.693493 0.319546 0.024074 0.027624 0.006693
1 0.707354 0.322732 0.051342 0.035071 0.006693
1 0.708268 0.323498 0.053130 0.033950 0.010987
1 0.817533 0.331755 0.060992 0.039233 0.047426
1 0.816102 0.332034 0.060698 0.039309 0.075858
1 0.816366 0.333323 0.060609 0.041817 0.119203
1 0.817631 0.333318 0.059082 0.041820 0.119203
1 0.820308 0.334581 0.062471 0.044401 0.119203
1 0.831779 0.332844 0.067162 0.042677 0.002473
1 0.883992 0.336307 0.051782 0.045999 0.006693
1 0.888160 0.336973 0.052251 0.048396 0.004070
1 0.890608 0.337697 0.047344 0.046911 0.006693
1 0.892788 0.338704 0.043386 0.047999 0.001501
1 0.181016 0.352704 0.041177 0.049803 0.006693
1 0.196811 0.352879 0.065673 0.049592 0.010987
1 0.201397 0.353408 0.060956 0.043383 0.017986
1 0.208631 0.353943 0.046479 0.037100 0.010987
1 0.208385 0.352805 0.047915 0.039468 0.006693
1 0.220052 0.344991 0.046036 0.041385 0.004070
1 0.245868 0.343177 0.086231 0.046918 0.004070
1 0.307302 0.335256 0.057362 0.052540 0.001501
1 0.308882 0.334511 0.051050 0.049930 0.001501
1 0.314566 0.332040 0.042911 0.045272 0.001501
1 0.405798 0.330900 0.069586 0.046588 0.817575
1 0.405750 0.333301 0.069493 0.046862 0.880797
1 0.405760 0.332047 0.069494 0.044263 0.880797
1 0.406270 0.332046 0.068360 0.044272 0.817575
1 0.406251 0.332189 0.068386 0.049093 0.880797
1 0.509841 0.326092 0.136317 0.088194 0.817575
1 0.509875 0.327228 0.136141 0.090453 0.924142
1 0.509973 0.327444 0.135981 0.090033 0.880797
1 0.816822 0.331945 0.060194 0.039540 0.047426
1 0.816784 0.333323 0.059414 0.041872 0.075858
1 0.816192 0.333323 0.060742 0.041795 0.119203
1 0.816690 0.333337 0.061242 0.041772 0.075858
1 0.822025 0.333330 0.067061 0.041786 0.075858
1 0.830253 0.335965 0.068140 0.042173 0.006693
1 0.884244 0.342865 0.049455 0.036230 0.017986
1 0.887326 0.342456 0.047641 0.039923 0.006693
1 0.889913 0.341812 0.045585 0.041208 0.010987
1 0.891670 0.341242 0.045609 0.044480 0.004070
1 0.179809 0.353801 0.042462 0.047642 0.002473
1 0.197939 0.353943 0.064712 0.047450 0.010987
1 0.202190 0.355086 0.058276 0.045093 0.010987
1 0.207912 0.355442 0.048415 0.039218 0.010987
1 0.208894 0.355381 0.046103 0.039561 0.010987
1 0.212192 0.353928 0.045489 0.042766 0.006693
1 0.248173 0.344907 0.087103 0.044499 0.001501
1 0.509461 0.327166 0.137162 0.090605 0.924142
1 0.889878 0.344532 0.046420 0.043708 0.001501
1 0.890622 0.344895 0.044341 0.041442 0.001501
2 0.543087 0.274152 0.200320 0.106894 0.004070
2 0.556205 0.274371 0.168889 0.106800 0.006693
2 0.258293 0.311389 0.141764 0.110138 0.377541
2 0.553981 0.279781 0.183537 0.100672 0.002473
2 0.562816 0.279235 0.156101 0.101315 0.002473
2 0.082653 0.308825 0.165754 0.215884 0.002473
2 0.259085 0.312573 0.143178 0.107840 0.817575
2 0.258719 0.313673 0.142497 0.108331 0.817575
2 0.259130 0.313141 0.140132 0.109343 0.817575
2 0.469074 0.295965 0.091316 0.065488 0.001501
2 0.477341 0.287250 0.078839 0.050880 0.002473
2 0.084401 0.312228 0.170221 0.229919 0.001501
2 0.257696 0.313133 0.144431 0.107506 0.002473
2 0.259012 0.312925 0.142719 0.107136 0.731059
2 0.258438 0.313298 0.141733 0.109034 0.880797
2 0.259485 0.312156 0.140234 0.106775 0.817575
2 0.557498 0.307703 0.061719 0.045850 0.001501
2 0.260897 0.313054 0.138066 0.106936 0.500000
2 0.260021 0.313020 0.138491 0.109645 0.622459
2 0.261936 0.314233 0.138786 0.103895 0.268941
2 0.263116 0.319886 0.128712 0.093876 0.001501
2 0.086241 0.257111 0.173773 0.347273 0.001501
2 0.085240 0.258848 0.170699 0.359152 0.005220
2 0.083888 0.265209 0.168101 0.347755 0.001501
3 0.258438 0.313298 0.141733 0.109034 0.001501
3 0.259485 0.312156 0.140234 0.106775 0.002473
3 0.260897 0.313054 0.138066 0.106936 0.001501
3 0.260021 0.313020 0.138491 0.109645 0.001501
3 0.261936 0.314233 0.138786 0.103895 0.002473
