0 0.691752 0.319239 0.008560 0.045146 0.001501
1 0.397469 0.314769 0.055027 0.059940 0.268941
1 0.397293 0.315718 0.052417 0.058047 0.500000
1 0.396929 0.315574 0.053050 0.057695 0.500000
1 0.397090 0.314975 0.053018 0.056511 0.268941
1 0.449700 0.318487 0.046694 0.034960 0.004070
1 0.449981 0.318176 0.046812 0.035486 0.006693
1 0.449996 0.318474 0.049904 0.034983 0.006693
1 0.450247 0.318092 0.046718 0.035682 0.002473
1 0.169105 0.339585 0.051273 0.055565 0.001501
1 0.186876 0.342327 0.068139 0.050077 0.500000
1 0.189143 0.341526 0.072102 0.053024 0.731059
1 0.190615 0.340943 0.072215 0.051853 0.622459
1 0.189117 0.342079 0.071403 0.049621 0.622459
1 0.191267 0.340746 0.071181 0.051531 0.001501
1 0.251647 0.331586 0.054602 0.049403 0.002473
1 0.253040 0.330918 0.056123 0.047029 0.004070
1 0.254384 0.332177 0.059368 0.049501 0.004070
1 0.263415 0.331294 0.076535 0.051673 0.006693
1 0.298129 0.332247 0.064925 0.049363 0.017986
1 0.301918 0.332228 0.057446 0.049323 0.017986
1 0.302152 0.331324 0.055990 0.051133 0.017986
1 0.306161 0.330932 0.059319 0.047023 0.010987
1 0.314501 0.330766 0.084233 0.047148 0.002473
1 0.340751 0.331840 0.047685 0.039376 0.002473
1 0.391573 0.315792 0.063620 0.060136 0.029312
1 0.396665 0.316188 0.053675 0.059115 0.500000
1 0.398255 0.317034 0.053504 0.056090 0.500000
1 0.397827 0.316936 0.054352 0.055921 0.377541
1 0.397046 0.315779 0.053026 0.058254 0.268941
1 0.450706 0.320200 0.048390 0.031472 0.817575
1 0.450001 0.320160 0.046905 0.031493 0.731059
1 0.449200 0.321286 0.048453 0.033763 0.817575
1 0.450795 0.320187 0.048425 0.031523 0.731059
1 0.500801 0.318310 0.023865 0.016854 0.017986
1 0.499272 0.318314 0.023920 0.016827 0.017986
1 0.521974 0.316086 0.022558 0.016850 0.017986
1 0.523243 0.317205 0.025783 0.014645 0.006693
1 0.591438 0.318386 0.030176 0.030152 0.004070
1 0.593019 0.318638 0.029892 0.029543 0.002473
1 0.616377 0.322677 0.040307 0.027083 0.004070
1 0.628821 0.322972 0.036495 0.026117 0.377541
1 0.627610 0.322941 0.036692 0.026108 0.268941
1 0.628144 0.325342 0.037982 0.025798 0.182426
1 0.072914 0.350891 0.051345 0.043004 0.001501
1 0.078266 0.357350 0.048263 0.035452 0.029312
1 0.078396 0.357389 0.050218 0.035347 0.017986
1 0.078771 0.356044 0.052802 0.038074 0.010987
1 0.189692 0.340972 0.073379 0.051903 0.622459
1 0.189038 0.342775 0.071886 0.050961 0.731059
1 0.189710 0.341647 0.070847 0.053222 0.731059
1 0.189656 0.342147 0.070284 0.049738 0.731059
1 0.190115 0.340890 0.070304 0.051947 0.002473
1 0.251400 0.334812 0.054094 0.050795 0.002473
1 0.253879 0.334425 0.058494 0.050095 0.006693
1 0.257632 0.332456 0.065238 0.053642 0.006693
1 0.275254 0.332275 0.095504 0.054017 0.010987
1 0.293761 0.333303 0.070238 0.051948 0.047426
1 0.299681 0.333328 0.059825 0.051561 0.029312
1 0.302194 0.331309 0.057489 0.051040 0.047426
1 0.305567 0.331312 0.061600 0.051178 0.017986
1 0.318053 0.333246 0.081054 0.047331 0.010987
1 0.341015 0.333216 0.049145 0.042139 0.002473
1 0.345007 0.330630 0.042402 0.042510 0.001501
1 0.391973 0.318450 0.057971 0.058600 0.004070
1 0.397298 0.317499 0.052004 0.057563 0.047426
1 0.398031 0.317571 0.053809 0.057406 0.182426
1 0.397643 0.317082 0.054604 0.056601 0.119203
1 0.398348 0.318223 0.053740 0.059094 0.006693
1 0.628376 0.328272 0.038275 0.036961 0.004070
1 0.627736 0.329525 0.038595 0.034232 0.002473
1 0.628013 0.330337 0.038383 0.035880 0.001501
1 0.078119 0.358719 0.050667 0.032900 0.010987
1 0.080313 0.358265 0.048435 0.033578 0.075858
1 0.079736 0.357713 0.047387 0.034662 0.047426
1 0.080176 0.357637 0.049750 0.034811 0.047426
1 0.185365 0.342975 0.069395 0.054718 0.001501
1 0.189224 0.342214 0.072276 0.049770 0.377541
1 0.189747 0.342856 0.070925 0.051098 0.500000
1 0.995721 0.395280 0.008570 0.080882 0.004070
1 0.995183 0.403244 0.009648 0.083092 0.006693
1 0.995178 0.413005 0.009682 0.101789 0.004070
1 0.317848 0.281277 0.214203 0.145855 0.003173
1 0.318141 0.280808 0.214652 0.144921 0.003173
2 0.315852 0.284435 0.207246 0.152703 0.002473
2 0.319006 0.281837 0.221672 0.147508 0.377541
2 0.319784 0.282096 0.222122 0.137558 0.622459
2 0.319853 0.283197 0.211483 0.130124 0.001501
2 0.317577 0.283550 0.211092 0.150963 0.500000
2 0.320770 0.286619 0.220527 0.152396 0.622459
2 0.320793 0.284382 0.220448 0.142869 0.731059
2 0.319674 0.283474 0.211865 0.134901 0.377541
2 0.121993 0.322780 0.149888 0.099348 0.500000
2 0.121756 0.325131 0.146707 0.099539 0.500000
2 0.318905 0.282885 0.209974 0.149369 0.010987
2 0.322265 0.282117 0.218076 0.147705 0.622459
2 0.322718 0.283117 0.217657 0.143701 0.500000
2 0.321749 0.283031 0.211064 0.135430 0.017986
2 0.121611 0.322759 0.149398 0.104636 0.075858
2 0.121476 0.324277 0.148938 0.101404 0.817575
2 0.121721 0.326463 0.146602 0.097028 0.817575
2 0.121921 0.326415 0.147231 0.091648 0.731059
2 0.122817 0.321792 0.144064 0.079959 0.010987
2 0.322234 0.290383 0.198407 0.131980 0.001501
2 0.322853 0.284366 0.206746 0.131260 0.017986
2 0.323210 0.289410 0.206375 0.114029 0.001501
2 0.397469 0.314769 0.055027 0.059940 0.002473
2 0.397293 0.315718 0.052417 0.058047 0.006693
2 0.396929 0.315574 0.053050 0.057695 0.006693
2 0.397090 0.314975 0.053018 0.056511 0.010987
2 0.120336 0.326739 0.147027 0.096728 0.029312
2 0.122473 0.325253 0.148817 0.094386 0.731059
2 0.121905 0.324614 0.147140 0.095654 0.817575
2 0.122200 0.327023 0.147542 0.090056 0.731059
2 0.169105 0.339585 0.051273 0.055565 0.004070
2 0.391573 0.315792 0.063620 0.060136 0.001501
2 0.396665 0.316188 0.053675 0.059115 0.006693
2 0.398255 0.317034 0.053504 0.056090 0.006693
2 0.397827 0.316936 0.054352 0.055921 0.002473
2 0.397046 0.315779 0.053026 0.058254 0.004070
2 0.121405 0.326000 0.146161 0.092937 0.377541
2 0.122151 0.326063 0.144493 0.092820 0.377541
2 0.131923 0.329146 0.125995 0.086636 0.006693
2 0.317900 0.273420 0.217551 0.162966 0.001927
2 0.318530 0.282830 0.215678 0.143925 0.119203
2 0.317848 0.281277 0.214203 0.145855 0.731059
2 0.318141 0.280808 0.214652 0.144921 0.622459
3 0.397469 0.314769 0.055027 0.059940 0.002473
3 0.397293 0.315718 0.052417 0.058047 0.002473
3 0.396929 0.315574 0.053050 0.057695 0.002473
3 0.397090 0.314975 0.053018 0.056511 0.001501
3 0.391573 0.315792 0.063620 0.060136 0.002473
3 0.396665 0.316188 0.053675 0.059115 0.010987
3 0.398255 0.317034 0.053504 0.056090 0.006693
3 0.397827 0.316936 0.054352 0.055921 0.002473
3 0.397046 0.315779 0.053026 0.058254 0.001501
3 0.397298 0.317499 0.052004 0.057563 0.002473
3 0.398031 0.317571 0.053809 0.057406 0.006693
3 0.397643 0.317082 0.054604 0.056601 0.002473
3 0.318141 0.280808 0.214652 0.144921 0.001501
4 0.397298 0.317499 0.052004 0.057563 0.001501
4 0.398031 0.317571 0.053809 0.057406 0.001501
4 0.995721 0.395280 0.008570 0.080882 0.002473
4 0.995183 0.403244 0.009648 0.083092 0.004070
4 0.995178 0.413005 0.009682 0.101789 0.004070
5 0.397298 0.317499 0.052004 0.057563 0.010987
5 0.398031 0.317571 0.053809 0.057406 0.017986
5 0.397643 0.317082 0.054604 0.056601 0.006693
