0 0.335116 0.320038 0.010728 0.093575 0.047426
0 0.090876 0.326819 0.010352 0.094239 0.002473
0 0.245300 0.316035 0.018791 0.100348 0.001501
0 0.335099 0.321332 0.010690 0.090278 0.119203
0 0.337629 0.323866 0.015379 0.085906 0.002473
0 0.371929 0.330861 0.009374 0.069255 0.006693
0 0.656961 0.319873 0.014163 0.079298 0.001501
0 0.027765 0.312323 0.025003 0.117012 0.001501
0 0.090995 0.344952 0.010075 0.065450 0.029312
0 0.244266 0.316871 0.016725 0.097478 0.002473
0 0.336074 0.324310 0.010837 0.084843 0.075858
0 0.338627 0.332932 0.015870 0.068117 0.002473
0 0.372588 0.335284 0.010669 0.058644 0.010987
0 0.656198 0.320635 0.012642 0.080750 0.002473
0 0.028444 0.344180 0.026390 0.191423 0.001501
0 0.085419 0.349055 0.021275 0.072594 0.004070
0 0.091755 0.347495 0.008562 0.065030 0.047426
0 0.244687 0.318587 0.017716 0.095412 0.002473
0 0.335928 0.324999 0.011261 0.081975 0.119203
0 0.337835 0.332990 0.013767 0.070535 0.010987
0 0.371909 0.335694 0.009310 0.057897 0.010987
0 0.655388 0.320849 0.014317 0.080453 0.001501
0 0.028738 0.345169 0.030293 0.207496 0.001501
0 0.028488 0.349277 0.029617 0.207785 0.002473
0 0.084371 0.352165 0.021976 0.068968 0.002473
0 0.090984 0.347596 0.010129 0.064794 0.075858
0 0.244057 0.322421 0.016901 0.095824 0.001501
0 0.335672 0.326321 0.011877 0.084157 0.047426
0 0.337750 0.333412 0.013920 0.070016 0.004070
0 0.372215 0.337436 0.011634 0.057490 0.002473
0 0.886652 0.372533 0.030857 0.140108 0.001501
0 0.028902 0.349312 0.030011 0.208066 0.001501
0 0.088968 0.350629 0.014170 0.075652 0.001501
0 0.756143 0.355587 0.009779 0.064652 0.001501
0 0.887137 0.376896 0.029963 0.147044 0.001501
1 0.007543 0.274823 0.015223 0.142048 0.001501
1 0.037204 0.298596 0.052184 0.070282 0.001501
1 0.439946 0.325322 0.054903 0.057713 0.880797
1 0.440702 0.327730 0.053376 0.062525 0.880797
1 0.439906 0.326609 0.054772 0.060285 0.880797
1 0.439972 0.325308 0.055015 0.057760 0.817575
1 0.439918 0.327501 0.054850 0.058444 0.880797
1 0.439912 0.326602 0.054863 0.060248 0.817575
1 0.440163 0.326220 0.055343 0.055909 0.880797
1 0.516297 0.322830 0.020855 0.026416 0.004070
1 0.517523 0.321646 0.020839 0.023485 0.731059
1 0.439937 0.327528 0.054917 0.058402 0.817575
1 0.439155 0.327512 0.056377 0.058430 0.880797
1 0.439906 0.326614 0.054817 0.060238 0.880797
1 0.989017 0.459270 0.022024 0.521015 0.001501
1 0.991276 0.469149 0.017520 0.512991 0.002473
1 0.992766 0.482482 0.014511 0.506572 0.002473
1 0.993625 0.481667 0.012793 0.455938 0.001501
4 0.992766 0.482482 0.014511 0.506572 0.002473
4 0.993625 0.481667 0.012793 0.455938 0.001501
5 0.747987 0.344683 0.029130 0.080373 0.002473
5 0.084371 0.352165 0.021976 0.068968 0.002473
5 0.749736 0.348269 0.025591 0.073358 0.002473
5 0.750189 0.349554 0.025089 0.074361 0.001501
