0 0.297492 0.232396 0.017283 0.053774 0.001501
0 0.303977 0.237654 0.026299 0.054232 0.002473
0 0.321133 0.241976 0.023370 0.057873 0.017986
0 0.322191 0.243359 0.025004 0.060588 0.017986
0 0.337062 0.244961 0.023271 0.060550 0.001501
0 0.297392 0.234901 0.020450 0.058901 0.002473
0 0.309933 0.241979 0.032873 0.052220 0.002473
0 0.320601 0.242332 0.027448 0.057065 0.017986
0 0.322264 0.242372 0.028239 0.057149 0.017986
0 0.340768 0.250143 0.015602 0.047538 0.017986
0 0.355946 0.258044 0.017973 0.062986 0.029312
0 0.364229 0.301165 0.024772 0.139605 0.075858
0 0.319352 0.243095 0.028126 0.055523 0.010987
0 0.323770 0.243343 0.033572 0.055549 0.010987
0 0.341185 0.249431 0.018734 0.050377 0.010987
0 0.360179 0.298970 0.026315 0.139751 0.119203
0 0.365840 0.304291 0.024201 0.136842 0.377541
0 0.333132 0.261038 0.045069 0.089880 0.002473
0 0.349503 0.265816 0.033281 0.082610 0.001501
0 0.363218 0.303345 0.029597 0.148733 0.622459
0 0.365105 0.306162 0.025609 0.142904 0.622459
0 0.464857 0.304670 0.010773 0.051905 0.006693
0 0.363224 0.304731 0.029786 0.145927 0.622459
0 0.364103 0.307044 0.027692 0.145610 0.731059
0 0.396122 0.311006 0.011599 0.055506 0.001501
0 0.406247 0.307677 0.009476 0.037308 0.002473
0 0.455548 0.307982 0.008384 0.041011 0.001501
0 0.464885 0.304050 0.010714 0.048995 0.017986
0 0.362508 0.304820 0.028789 0.145826 0.622459
0 0.363157 0.306010 0.029663 0.143197 0.731059
0 0.407015 0.312405 0.011084 0.041641 0.002473
0 0.461753 0.305716 0.015693 0.045999 0.001501
0 0.465258 0.304679 0.011577 0.047799 0.029312
0 0.363179 0.307858 0.029897 0.139423 0.377541
0 0.364051 0.307881 0.027979 0.139470 0.731059
0 0.364158 0.311152 0.025836 0.133065 0.006693
0 0.366070 0.310851 0.023806 0.133461 0.500000
1 0.596183 0.317380 0.057656 0.083521 0.880797
1 0.507878 0.312495 0.031252 0.041709 0.377541
1 0.509013 0.312498 0.032003 0.041713 0.817575
1 0.509073 0.315051 0.031920 0.041735 0.817575
1 0.540519 0.313581 0.025389 0.026229 0.182426
1 0.541273 0.313156 0.023982 0.027140 0.268941
1 0.554439 0.313109 0.019609 0.027084 0.075858
1 0.567744 0.312279 0.011437 0.042500 0.002473
1 0.595823 0.317140 0.058346 0.087537 0.817575
1 0.596167 0.318251 0.057679 0.085212 0.880797
1 0.595022 0.318322 0.056881 0.085365 0.817575
1 0.508911 0.313755 0.032238 0.039181 0.500000
1 0.509013 0.313768 0.032003 0.044260 0.817575
1 0.509010 0.313764 0.032045 0.039188 0.731059
1 0.540536 0.314664 0.025369 0.027771 0.268941
1 0.542191 0.314979 0.023729 0.027088 0.500000
1 0.554380 0.314300 0.019726 0.028477 0.029312
1 0.595461 0.317351 0.056009 0.083402 0.817575
1 0.595402 0.317382 0.056154 0.083455 0.817575
1 0.595025 0.316251 0.056887 0.085726 0.880797
1 0.595111 0.317122 0.056647 0.087463 0.731059
1 0.594354 0.318248 0.055529 0.085188 0.817575
1 0.595779 0.318263 0.058382 0.085256 0.817575
1 0.182840 0.330647 0.368903 0.406180 0.924142
1 0.182910 0.331929 0.369004 0.408625 0.924142
1 0.181571 0.330736 0.366792 0.406171 0.924142
1 0.179999 0.331758 0.369199 0.403189 0.006693
1 0.182411 0.334544 0.368065 0.408843 0.924142
1 0.183885 0.333319 0.367849 0.411457 0.924142
1 0.181243 0.334496 0.369051 0.404034 0.924142
1 0.179336 0.333352 0.370640 0.406416 0.904651
1 0.732910 0.362522 0.265859 0.240204 0.924142
1 0.731509 0.363059 0.266102 0.241155 0.904651
1 0.730944 0.362574 0.264978 0.240159 0.924142
1 0.732506 0.362559 0.261891 0.240302 0.924142
1 0.182959 0.331184 0.366072 0.401749 0.817575
1 0.184127 0.332283 0.365204 0.403896 0.924142
1 0.181330 0.332271 0.369109 0.403926 0.904651
1 0.731851 0.362486 0.266854 0.239998 0.924142
1 0.731123 0.362217 0.265350 0.239420 0.924142
1 0.730906 0.362226 0.264896 0.239436 0.924142
1 0.732425 0.362462 0.261652 0.240079 0.924142
1 0.731872 0.361140 0.263725 0.241548 0.939913
1 0.730797 0.362209 0.264603 0.239407 0.924142
4 0.366070 0.310851 0.023806 0.133461 0.002473
