0 0.341472 0.247082 0.017530 0.042298 0.002473
0 0.356153 0.249845 0.013122 0.042183 0.004070
0 0.371787 0.255693 0.012986 0.040204 0.004070
0 0.375486 0.257616 0.016185 0.041379 0.002473
0 0.344191 0.245721 0.023102 0.045678 0.002473
0 0.357407 0.249892 0.015463 0.047327 0.004070
0 0.372282 0.257629 0.011649 0.036349 0.010987
0 0.375938 0.259563 0.015191 0.036340 0.006693
0 0.373817 0.263285 0.019954 0.054952 0.002473
0 0.462363 0.304064 0.014162 0.053494 0.004070
0 0.464342 0.306035 0.011803 0.054593 0.119203
0 0.462049 0.305507 0.013517 0.050618 0.017986
0 0.464099 0.305811 0.011202 0.049997 0.268941
0 0.462540 0.303501 0.013791 0.050216 0.010987
0 0.464370 0.305781 0.011750 0.050058 0.377541
0 0.485170 0.312894 0.010946 0.041469 0.004070
1 0.010102 0.313487 0.023883 0.164350 0.017986
1 0.010644 0.311167 0.029176 0.148402 0.004070
1 0.010775 0.317329 0.022122 0.148845 0.017986
1 0.010122 0.312978 0.024304 0.154811 0.017986
1 0.592635 0.317363 0.054493 0.083470 0.029312
1 0.592368 0.318250 0.053949 0.085232 0.817575
1 0.009965 0.334629 0.020022 0.101307 0.075858
1 0.011060 0.324138 0.022173 0.125309 0.075858
1 0.507858 0.311220 0.031211 0.039160 0.622459
1 0.507897 0.313767 0.031144 0.039164 0.731059
1 0.507926 0.313771 0.031124 0.039176 0.731059
1 0.541861 0.314889 0.028096 0.036970 0.182426
1 0.542698 0.315805 0.026456 0.035102 0.500000
1 0.544832 0.316125 0.027550 0.039620 0.119203
1 0.591618 0.318234 0.055183 0.081579 0.880797
1 0.592636 0.317352 0.054497 0.083406 0.880797
1 0.592911 0.318322 0.052872 0.081748 0.880797
1 0.010359 0.344632 0.020812 0.083444 0.500000
1 0.010504 0.345146 0.021079 0.082463 0.268941
1 0.507466 0.313740 0.032019 0.039224 0.622459
1 0.507522 0.313762 0.031892 0.039170 0.731059
1 0.507518 0.312491 0.031941 0.041726 0.731059
1 0.542051 0.315837 0.028449 0.035061 0.268941
1 0.543294 0.317149 0.025254 0.037492 0.500000
1 0.544713 0.315854 0.026114 0.035067 0.119203
1 0.592438 0.318241 0.054100 0.081556 0.817575
1 0.592365 0.318256 0.053950 0.081606 0.880797
1 0.592374 0.316206 0.053957 0.081115 0.817575
1 0.010365 0.344209 0.020790 0.082608 0.500000
1 0.011059 0.344161 0.022135 0.082623 0.268941
1 0.592912 0.318250 0.052874 0.085149 0.817575
1 0.592531 0.319141 0.054271 0.083363 0.880797
1 0.592100 0.317356 0.053374 0.083385 0.817575
1 0.986669 0.392258 0.023911 0.177856 0.001501
1 0.990535 0.394368 0.018991 0.176695 0.002473
1 0.010258 0.344229 0.020548 0.082822 0.500000
1 0.011834 0.343753 0.020621 0.083877 0.377541
1 0.988249 0.396595 0.023865 0.177719 0.002473
1 0.989320 0.398006 0.021466 0.175770 0.002473
1 0.008534 0.342458 0.017123 0.091273 0.075858
1 0.012650 0.344069 0.022047 0.091342 0.017986
1 0.207730 0.339786 0.374721 0.376044 0.817575
1 0.209422 0.340600 0.375316 0.377757 0.904651
1 0.211758 0.341210 0.383324 0.376074 0.924142
1 0.210101 0.341869 0.379887 0.377411 0.182426
1 0.209298 0.342262 0.374917 0.383402 0.924142
1 0.209438 0.341231 0.375182 0.381299 0.924142
1 0.213106 0.341257 0.383160 0.381245 0.924142
1 0.208684 0.341887 0.379569 0.380303 0.924142
1 0.720439 0.356662 0.249921 0.218692 0.904651
1 0.721203 0.356668 0.251452 0.218566 0.904651
1 0.719832 0.354254 0.248720 0.218760 0.924142
1 0.721207 0.355397 0.251412 0.221123 0.924142
1 0.209317 0.340701 0.375045 0.378667 0.010987
1 0.210982 0.341819 0.375281 0.380390 0.904651
1 0.211032 0.340838 0.384474 0.378461 0.924142
1 0.209440 0.342939 0.381195 0.382808 0.006693
1 0.721154 0.357751 0.251420 0.220813 0.924142
1 0.721203 0.357727 0.251458 0.220651 0.924142
1 0.719852 0.357734 0.248695 0.220658 0.924142
1 0.721198 0.356522 0.251421 0.223264 0.924142
1 0.720446 0.355447 0.250057 0.225679 0.924142
1 0.719810 0.356612 0.248655 0.223316 0.924142
2 0.231974 0.181474 0.112328 0.133924 0.001501
2 0.240865 0.186282 0.133361 0.155615 0.001501
3 0.009965 0.334629 0.020022 0.101307 0.002473
3 0.010359 0.344632 0.020812 0.083444 0.004070
3 0.010365 0.344209 0.020790 0.082608 0.002473
3 0.010258 0.344229 0.020548 0.082822 0.002473
3 0.008534 0.342458 0.017123 0.091273 0.001501
4 0.988249 0.396595 0.023865 0.177719 0.002473
4 0.989320 0.398006 0.021466 0.175770 0.004070
4 0.988293 0.398622 0.023780 0.175302 0.017986
4 0.988332 0.398061 0.023468 0.173410 0.029312
4 0.988273 0.400421 0.023665 0.163145 0.017986
4 0.987525 0.400839 0.022025 0.162565 0.047426
4 0.987482 0.403855 0.022088 0.160904 0.017986
4 0.988966 0.406061 0.022204 0.152494 0.047426
4 0.987440 0.408413 0.022081 0.147080 0.010987
4 0.988275 0.410540 0.023689 0.143816 0.029312
4 0.986385 0.412785 0.019865 0.142840 0.006693
4 0.987548 0.415142 0.022266 0.139963 0.010987
5 0.405986 0.317882 0.019022 0.058901 0.001501
5 0.408381 0.323895 0.014584 0.064821 0.002473
5 0.407961 0.325936 0.017611 0.062536 0.004070
5 0.411270 0.322971 0.020155 0.070111 0.001501
5 0.988293 0.398622 0.023780 0.175302 0.002473
5 0.988332 0.398061 0.023468 0.173410 0.004070
5 0.988273 0.400421 0.023665 0.163145 0.001501
5 0.987525 0.400839 0.022025 0.162565 0.006693
5 0.988966 0.406061 0.022204 0.152494 0.004070
5 0.988275 0.410540 0.023689 0.143816 0.001501
5 0.987548 0.415142 0.022266 0.139963 0.001501
