0 0.163147 0.290792 0.020902 0.119355 0.002473
0 0.165134 0.289229 0.019925 0.115627 0.002473
0 0.162289 0.299690 0.024683 0.092284 0.002473
0 0.164436 0.299263 0.024500 0.136171 0.029312
0 0.835547 0.313709 0.018388 0.138452 0.004070
0 0.837560 0.299895 0.019171 0.111232 0.006693
0 0.161151 0.305097 0.022349 0.078502 0.047426
0 0.164094 0.314800 0.025041 0.100624 0.119203
0 0.568644 0.311642 0.016554 0.068628 0.017986
0 0.581913 0.303155 0.014739 0.059934 0.017986
0 0.665737 0.314624 0.022128 0.088803 0.017986
0 0.666965 0.313817 0.019235 0.086163 0.075858
0 0.836322 0.315964 0.021119 0.146889 0.004070
0 0.836650 0.314981 0.023736 0.135584 0.004070
0 0.162420 0.309575 0.024920 0.091216 0.075858
0 0.163319 0.321682 0.026498 0.115143 0.075858
0 0.567867 0.315843 0.011323 0.058800 0.119203
0 0.567821 0.310303 0.043961 0.052209 0.002473
0 0.665702 0.313747 0.021987 0.086234 0.029312
0 0.666956 0.315065 0.019189 0.083486 0.075858
0 0.670423 0.312431 0.026347 0.084162 0.001501
0 0.834429 0.328421 0.025195 0.150573 0.004070
0 0.835705 0.324601 0.025641 0.147780 0.004070
0 0.163257 0.317829 0.026705 0.108647 0.119203
0 0.163348 0.319192 0.026547 0.115670 0.075858
0 0.566884 0.317425 0.016497 0.061997 0.075858
0 0.666403 0.314945 0.023372 0.088265 0.029312
0 0.666953 0.315067 0.019220 0.083441 0.075858
0 0.670170 0.315042 0.026853 0.088502 0.001501
0 0.821042 0.335670 0.024937 0.124248 0.001501
0 0.832105 0.328649 0.030013 0.141944 0.004070
0 0.835487 0.332421 0.026086 0.143042 0.004070
0 0.852380 0.336873 0.071209 0.145119 0.002473
0 0.163296 0.329325 0.026793 0.136303 0.047426
0 0.163992 0.323001 0.027995 0.128527 0.029312
0 0.562348 0.324272 0.019956 0.060379 0.010987
0 0.566260 0.318077 0.014505 0.067515 0.119203
0 0.571679 0.317598 0.028685 0.064386 0.006693
0 0.665769 0.316337 0.022145 0.085697 0.017986
0 0.667254 0.313836 0.021377 0.086006 0.047426
0 0.825992 0.337876 0.038228 0.123539 0.002473
0 0.832651 0.333349 0.031535 0.135338 0.004070
0 0.836471 0.329816 0.027331 0.137854 0.004070
0 0.853214 0.339338 0.069628 0.154057 0.001501
0 0.163940 0.341843 0.028359 0.162639 0.047426
0 0.162705 0.336648 0.028108 0.152506 0.017986
0 0.826896 0.337774 0.040049 0.126999 0.001501
0 0.831494 0.335825 0.034044 0.134610 0.004070
0 0.835655 0.335847 0.029790 0.140995 0.001501
0 0.162558 0.355406 0.032030 0.217692 0.017986
0 0.163554 0.354745 0.027879 0.211733 0.017986
0 0.831394 0.341840 0.038569 0.142676 0.001501
0 0.160673 0.362066 0.036722 0.208390 0.006693
0 0.164097 0.360255 0.031039 0.207264 0.010987
0 0.168433 0.354580 0.036268 0.201428 0.001501
0 0.158388 0.368003 0.041207 0.205783 0.001501
0 0.162594 0.363466 0.033807 0.206131 0.010987
0 0.164470 0.375112 0.032429 0.191064 0.001501
1 0.309843 0.333295 0.161335 0.166608 0.880797
1 0.310668 0.332031 0.159592 0.164085 0.924142
1 0.311129 0.332003 0.160929 0.164085 0.880797
1 0.403905 0.332028 0.051982 0.067516 0.817575
1 0.403884 0.332029 0.051910 0.067523 0.880797
1 0.404031 0.330994 0.049920 0.069079 0.731059
1 0.431040 0.314076 0.024538 0.029118 0.002473
1 0.534643 0.314524 0.044346 0.032545 0.622459
1 0.535180 0.315802 0.042151 0.035091 0.731059
1 0.534572 0.315806 0.044202 0.035093 0.622459
1 0.538167 0.316417 0.047075 0.033898 0.182426
1 0.567821 0.310303 0.043961 0.052209 0.006693
1 0.601755 0.306907 0.028163 0.030673 0.002473
1 0.604623 0.306585 0.029160 0.030172 0.006693
1 0.607195 0.305463 0.025031 0.034083 0.004070
1 0.310703 0.330776 0.161630 0.166686 0.880797
1 0.310432 0.330770 0.160003 0.166674 0.924142
1 0.310560 0.330754 0.159802 0.166709 0.880797
1 0.403853 0.331130 0.051973 0.069363 0.377541
1 0.403862 0.332152 0.051895 0.067749 0.880797
1 0.403833 0.332154 0.051915 0.067752 0.880797
1 0.403862 0.332043 0.051821 0.067548 0.817575
1 0.434101 0.318263 0.018374 0.025262 0.047426
1 0.440214 0.318233 0.025579 0.025239 0.010987
1 0.454772 0.317126 0.018775 0.022805 0.075858
1 0.463161 0.317090 0.018069 0.022956 0.004070
1 0.485613 0.318163 0.018296 0.025396 0.010987
1 0.488203 0.316649 0.017976 0.023829 0.010987
1 0.502256 0.317291 0.018640 0.022751 0.001501
1 0.534549 0.316477 0.044169 0.033736 0.622459
1 0.535438 0.316949 0.042755 0.032798 0.731059
1 0.535316 0.316486 0.042682 0.033719 0.731059
1 0.536108 0.315353 0.043909 0.031001 0.182426
1 0.566884 0.317425 0.016497 0.061997 0.001501
1 0.567346 0.315398 0.044871 0.047168 0.017986
1 0.579679 0.315422 0.059991 0.042517 0.006693
1 0.605079 0.312814 0.029962 0.037300 0.004070
1 0.310178 0.332030 0.160575 0.164042 0.880797
1 0.311006 0.332041 0.160985 0.164070 0.924142
1 0.310490 0.332039 0.159942 0.164080 0.880797
1 0.404006 0.332175 0.050025 0.067733 0.880797
1 0.403838 0.332175 0.051906 0.067768 0.880797
1 0.403857 0.331685 0.051834 0.066797 0.880797
1 0.310917 0.330904 0.161201 0.161862 0.924142
1 0.403189 0.332246 0.053237 0.067858 0.268941
2 0.376639 0.290453 0.031691 0.026254 0.001501
2 0.392450 0.291550 0.055531 0.029279 0.006693
2 0.397804 0.293558 0.041306 0.032627 0.029312
2 0.404006 0.310213 0.045977 0.066124 0.017986
2 0.408191 0.307294 0.043516 0.064890 0.001501
3 0.604623 0.306585 0.029160 0.030172 0.001501
4 0.566884 0.317425 0.016497 0.061997 0.001501
4 0.562348 0.324272 0.019956 0.060379 0.002473
4 0.566260 0.318077 0.014505 0.067515 0.004070
4 0.571679 0.317598 0.028685 0.064386 0.002473
4 0.110179 0.410522 0.138856 0.243159 0.002473
4 0.109377 0.410581 0.141459 0.247578 0.182426
4 0.109566 0.411628 0.140723 0.245340 0.119203
4 0.108613 0.411118 0.136803 0.244601 0.047426
4 0.109343 0.411182 0.144051 0.245732 0.268941
4 0.109637 0.410402 0.138450 0.247342 0.182426
4 0.108091 0.409093 0.137894 0.246013 0.047426
4 0.109063 0.410208 0.132377 0.243906 0.004070
4 0.110040 0.410945 0.144372 0.239121 0.182426
4 0.109019 0.410451 0.139700 0.239898 0.182426
4 0.108362 0.411171 0.137436 0.234644 0.075858
4 0.109062 0.408980 0.139324 0.246173 0.017986
5 0.567821 0.310303 0.043961 0.052209 0.002473
5 0.566884 0.317425 0.016497 0.061997 0.002473
5 0.567346 0.315398 0.044871 0.047168 0.002473
5 0.562348 0.324272 0.019956 0.060379 0.002473
5 0.566260 0.318077 0.014505 0.067515 0.004070
5 0.110179 0.410522 0.138856 0.243159 0.010987
5 0.112294 0.413306 0.129651 0.241503 0.001501
5 0.109377 0.410581 0.141459 0.247578 0.075858
5 0.109566 0.411628 0.140723 0.245340 0.268941
5 0.108613 0.411118 0.136803 0.244601 0.377541
5 0.109343 0.411182 0.144051 0.245732 0.047426
5 0.109637 0.410402 0.138450 0.247342 0.268941
5 0.108091 0.409093 0.137894 0.246013 0.500000
5 0.109063 0.410208 0.132377 0.243906 0.119203
5 0.110040 0.410945 0.144372 0.239121 0.029312
5 0.109019 0.410451 0.139700 0.239898 0.268941
5 0.108362 0.411171 0.137436 0.234644 0.377541
5 0.109062 0.408980 0.139324 0.246173 0.010987
5 0.107585 0.405630 0.138352 0.250309 0.119203
