0 0.032492 0.334895 0.018249 0.028965 0.001501
0 0.172189 0.333293 0.008784 0.036545 0.004070
0 0.177079 0.333222 0.010243 0.036454 0.001501
0 0.173095 0.333391 0.009890 0.036643 0.004070
0 0.177744 0.333502 0.011613 0.036369 0.001501
1 0.013472 0.335618 0.017431 0.027423 0.182426
1 0.013902 0.334436 0.016481 0.026237 0.268941
1 0.032492 0.334895 0.018249 0.028965 0.268941
1 0.034310 0.335963 0.022103 0.031754 0.006693
1 0.351952 0.322906 0.018356 0.015853 0.075858
1 0.352530 0.324048 0.016930 0.013538 0.268941
1 0.402796 0.320506 0.022672 0.025721 0.817575
1 0.403841 0.319240 0.023138 0.023169 0.880797
1 0.464609 0.318914 0.010183 0.013015 0.004070
1 0.477111 0.319612 0.010183 0.014259 0.047426
1 0.013454 0.335815 0.017397 0.027128 0.268941
1 0.013777 0.335936 0.016683 0.026847 0.500000
1 0.032498 0.336757 0.018234 0.029768 0.500000
1 0.035398 0.337260 0.023403 0.029308 0.010987
1 0.054975 0.338913 0.018223 0.020932 0.119203
1 0.994509 0.362094 0.011008 0.053748 0.029312
1 0.994515 0.362981 0.011032 0.060898 0.029312
1 0.994508 0.364034 0.011062 0.059308 0.017986
2 0.438947 0.311219 0.022135 0.039140 0.731059
2 0.439716 0.309946 0.023652 0.041686 0.731059
2 0.437498 0.309914 0.021966 0.041753 0.817575
2 0.438970 0.311200 0.022116 0.039188 0.817575
2 0.984443 0.339501 0.016036 0.044610 0.001501
2 0.993476 0.347305 0.013226 0.070588 0.001501
2 0.994515 0.362981 0.011032 0.060898 0.002473
3 0.013472 0.335618 0.017431 0.027423 0.001501
3 0.013902 0.334436 0.016481 0.026237 0.002473
3 0.032492 0.334895 0.018249 0.028965 0.010987
3 0.984443 0.339501 0.016036 0.044610 0.002473
3 0.993476 0.347305 0.013226 0.070588 0.001501
3 0.013777 0.335936 0.016683 0.026847 0.001501
3 0.032498 0.336757 0.018234 0.029768 0.010987
3 0.983279 0.340388 0.017215 0.044292 0.004070
3 0.994509 0.362094 0.011008 0.053748 0.002473
3 0.994515 0.362981 0.011032 0.060898 0.002473
3 0.994508 0.364034 0.011062 0.059308 0.001501
5 0.032492 0.334895 0.018249 0.028965 0.001501
5 0.032498 0.336757 0.018234 0.029768 0.004070
5 0.800833 0.360531 0.020908 0.034320 0.001501
5 0.994515 0.362981 0.011032 0.060898 0.001501
5 0.987616 0.362887 0.019899 0.067072 0.002473
5 0.994508 0.364034 0.011062 0.059308 0.002473
