0 0.227659 0.290576 0.019728 0.071639 0.268941
0 0.228123 0.289326 0.018767 0.073600 0.731059
0 0.733049 0.272962 0.020210 0.062830 0.001501
0 0.163053 0.317350 0.020797 0.093667 0.001501
0 0.167217 0.318962 0.012534 0.091221 0.622459
0 0.198422 0.307025 0.016131 0.072860 0.006693
0 0.203328 0.305804 0.019395 0.070720 0.002473
0 0.227390 0.289588 0.020272 0.073648 0.268941
0 0.228888 0.290384 0.020295 0.075637 0.622459
0 0.167221 0.318479 0.012530 0.090251 0.817575
0 0.200019 0.310009 0.017172 0.072569 0.010987
0 0.203315 0.308477 0.019268 0.068589 0.004070
0 0.227408 0.291668 0.020304 0.073322 0.377541
0 0.228302 0.290734 0.018409 0.071735 0.731059
0 0.540833 0.313910 0.010428 0.058140 0.001501
0 0.163737 0.317715 0.019910 0.093867 0.001501
0 0.166545 0.318685 0.013917 0.090580 0.817575
0 0.199412 0.315685 0.018141 0.066712 0.004070
0 0.204218 0.315839 0.019970 0.059986 0.002473
0 0.227724 0.293516 0.022800 0.080075 0.119203
0 0.228071 0.289383 0.018892 0.078364 0.377541
0 0.540217 0.314887 0.011680 0.058352 0.001501
0 0.163483 0.318911 0.017597 0.090867 0.004070
0 0.167204 0.318830 0.012581 0.090827 0.731059
0 0.218476 0.311989 0.041793 0.127189 0.002473
0 0.166503 0.319389 0.013960 0.091731 0.029312
0 0.969347 0.359978 0.014378 0.072527 0.004070
0 0.968822 0.367718 0.009905 0.057043 0.001501
1 0.981106 0.329518 0.037849 0.157098 0.001501
1 0.982738 0.329051 0.031545 0.175906 0.001501
1 0.367354 0.331252 0.050077 0.074111 0.880797
1 0.366956 0.332155 0.049181 0.075917 0.817575
1 0.366989 0.329899 0.048991 0.076573 0.880797
1 0.398428 0.317810 0.031779 0.047208 0.622459
1 0.399339 0.318253 0.032831 0.043576 0.622459
1 0.401797 0.317035 0.035861 0.045920 0.075858
1 0.432211 0.314374 0.018311 0.032497 0.002473
1 0.479998 0.328709 0.074797 0.106060 0.924142
1 0.980389 0.328820 0.039284 0.142092 0.002473
1 0.981576 0.334363 0.036886 0.140371 0.002473
1 0.276334 0.356826 0.161687 0.156063 0.924142
1 0.276247 0.355063 0.162736 0.155179 0.924142
1 0.275863 0.356177 0.162403 0.157435 0.880797
1 0.366984 0.331273 0.049068 0.074128 0.880797
1 0.366920 0.331276 0.050741 0.074137 0.880797
1 0.366927 0.330629 0.050677 0.072868 0.817575
1 0.398555 0.318915 0.031317 0.044926 0.731059
1 0.398899 0.317782 0.030537 0.047125 0.731059
1 0.409738 0.319283 0.021055 0.037910 0.047426
1 0.431245 0.317326 0.015989 0.026964 0.017986
1 0.444522 0.319395 0.011099 0.033415 0.004070
1 0.480249 0.328712 0.074187 0.102440 0.880797
1 0.480433 0.328715 0.074837 0.102450 0.880797
1 0.480012 0.329597 0.074765 0.104204 0.817575
1 0.979533 0.337146 0.041092 0.124368 0.001501
1 0.980337 0.337559 0.036367 0.125805 0.004070
1 0.983131 0.340439 0.030819 0.134461 0.002473
1 0.276204 0.355094 0.162356 0.155194 0.924142
1 0.276071 0.355063 0.163187 0.155228 0.924142
1 0.275971 0.355289 0.162183 0.159288 0.880797
1 0.367358 0.332433 0.049966 0.071898 0.880797
1 0.366941 0.330023 0.049157 0.076722 0.880797
1 0.366533 0.331286 0.049904 0.074207 0.817575
1 0.397623 0.319654 0.029644 0.050445 0.002473
1 0.398298 0.319354 0.031575 0.049637 0.010987
1 0.480160 0.328698 0.074301 0.106004 0.817575
1 0.479769 0.327776 0.073499 0.104236 0.880797
1 0.480169 0.327799 0.075367 0.104139 0.880797
1 0.927453 0.361471 0.078467 0.124521 0.002473
1 0.929216 0.367490 0.078554 0.104235 0.002473
1 0.979005 0.347956 0.037355 0.102606 0.001501
1 0.980497 0.343675 0.039129 0.115322 0.004070
1 0.982988 0.345021 0.034327 0.126764 0.001501
1 0.275931 0.356241 0.161814 0.157371 0.880797
1 0.276383 0.356215 0.162557 0.157388 0.924142
1 0.276042 0.356200 0.162042 0.157454 0.880797
1 0.366653 0.330939 0.049781 0.078525 0.817575
1 0.479971 0.328764 0.074739 0.105839 0.817575
1 0.480361 0.328685 0.073962 0.105945 0.880797
1 0.480184 0.329611 0.074312 0.104103 0.880797
1 0.927990 0.373256 0.073205 0.085482 0.002473
1 0.928622 0.374498 0.073085 0.081345 0.001501
1 0.979515 0.351404 0.038127 0.112606 0.004070
1 0.984952 0.355437 0.027177 0.117797 0.002473
1 0.276088 0.355125 0.163055 0.155100 0.924142
1 0.276203 0.354221 0.162642 0.156917 0.001501
1 0.928195 0.379460 0.069363 0.076539 0.001501
1 0.983812 0.359473 0.032910 0.110388 0.006693
1 0.989710 0.378042 0.020884 0.082276 0.006693
1 0.988129 0.380622 0.021407 0.072136 0.002473
1 0.990621 0.393787 0.019079 0.051056 0.006693
1 0.083886 0.357245 0.167765 0.462720 0.017986
1 0.083134 0.357697 0.169491 0.462221 0.075858
1 0.085028 0.351783 0.170171 0.469826 0.851953
1 0.084543 0.353493 0.169061 0.470880 0.880797
1 0.084552 0.352386 0.169162 0.468063 0.904651
1 0.084031 0.352770 0.167985 0.467636 0.904651
1 0.085017 0.353545 0.169973 0.466329 0.851953
1 0.084530 0.354538 0.168992 0.468927 0.880797
1 0.084570 0.352108 0.169177 0.468666 0.880797
1 0.083808 0.354795 0.170683 0.463328 0.880797
1 0.083934 0.348479 0.167824 0.476348 0.060087
1 0.085196 0.350957 0.170439 0.466689 0.562177
2 0.980389 0.328820 0.039284 0.142092 0.002473
2 0.981576 0.334363 0.036886 0.140371 0.006693
2 0.984943 0.337700 0.030150 0.135343 0.004070
2 0.979533 0.337146 0.041092 0.124368 0.002473
2 0.980337 0.337559 0.036367 0.125805 0.004070
2 0.983131 0.340439 0.030819 0.134461 0.006693
2 0.979005 0.347956 0.037355 0.102606 0.001501
2 0.980497 0.343675 0.039129 0.115322 0.010987
2 0.982988 0.345021 0.034327 0.126764 0.006693
2 0.979515 0.351404 0.038127 0.112606 0.010987
2 0.984952 0.355437 0.027177 0.117797 0.004070
3 0.398428 0.317810 0.031779 0.047208 0.001501
3 0.399339 0.318253 0.032831 0.043576 0.002473
3 0.398899 0.317782 0.030537 0.047125 0.001501
4 0.204218 0.315839 0.019970 0.059986 0.001501
4 0.720899 0.352056 0.095826 0.140642 0.001501
4 0.721886 0.354319 0.095716 0.139070 0.006693
4 0.721988 0.355833 0.093852 0.136637 0.029312
4 0.721304 0.353853 0.096773 0.140090 0.001501
4 0.721686 0.354628 0.097716 0.138533 0.004070
4 0.722784 0.355157 0.095558 0.134657 0.017986
4 0.722026 0.352379 0.095827 0.139081 0.001501
4 0.721123 0.354774 0.097203 0.140477 0.002473
4 0.722933 0.356974 0.095645 0.133946 0.010987
4 0.722709 0.355724 0.095643 0.138799 0.006693
5 0.719761 0.338999 0.085063 0.116235 0.001501
5 0.721177 0.355510 0.093877 0.132870 0.017986
5 0.720899 0.352056 0.095826 0.140642 0.500000
5 0.721886 0.354319 0.095716 0.139070 0.622459
5 0.721988 0.355833 0.093852 0.136637 0.377541
5 0.721304 0.353853 0.096773 0.140090 0.622459
5 0.721686 0.354628 0.097716 0.138533 0.500000
5 0.722784 0.355157 0.095558 0.134657 0.377541
5 0.722026 0.352379 0.095827 0.139081 0.500000
5 0.721123 0.354774 0.097203 0.140477 0.500000
5 0.722933 0.356974 0.095645 0.133946 0.268941
5 0.722709 0.355724 0.095643 0.138799 0.377541
