0 0.203724 0.295444 0.033190 0.118412 0.001501
0 0.205240 0.292613 0.032329 0.116648 0.010987
0 0.207169 0.294758 0.032946 0.109043 0.002473
0 0.205241 0.297506 0.035828 0.121884 0.004070
0 0.205428 0.298494 0.035783 0.124393 0.017986
0 0.206362 0.294283 0.037669 0.114499 0.006693
0 0.205433 0.300300 0.036074 0.130347 0.006693
0 0.204783 0.297020 0.034551 0.124648 0.029312
0 0.205579 0.295997 0.036161 0.118140 0.010987
0 0.205451 0.301535 0.036027 0.130055 0.010987
0 0.204755 0.304545 0.034550 0.136910 0.017986
0 0.205576 0.301569 0.033337 0.134571 0.029312
0 0.205523 0.310057 0.036167 0.154683 0.017986
0 0.205508 0.309256 0.036054 0.150210 0.029312
0 0.206554 0.307465 0.038380 0.150899 0.010987
0 0.206694 0.317377 0.038583 0.176929 0.006693
0 0.207021 0.316075 0.039109 0.175118 0.010987
0 0.210269 0.315204 0.045878 0.173790 0.002473
1 0.237366 0.297876 0.084073 0.074014 0.001501
1 0.234752 0.300891 0.089174 0.083347 0.002473
1 0.346471 0.341306 0.174013 0.182637 0.924142
1 0.446974 0.325383 0.040966 0.077126 0.731059
1 0.447671 0.326804 0.039625 0.075504 0.817575
1 0.446227 0.326816 0.042546 0.075543 0.731059
1 0.468659 0.318352 0.017044 0.044597 0.004070
1 0.503421 0.331279 0.065059 0.092567 0.880797
1 0.503431 0.331265 0.065082 0.092610 0.880797
1 0.538428 0.319963 0.017445 0.039149 0.006693
1 0.539644 0.322410 0.017704 0.042697 0.006693
1 0.575534 0.337169 0.059175 0.100707 0.817575
1 0.575266 0.337254 0.060161 0.100851 0.817575
1 0.979447 0.348952 0.041173 0.207966 0.001501
1 0.346442 0.342420 0.173777 0.184880 0.880797
1 0.346099 0.341184 0.173204 0.187503 0.924142
1 0.347690 0.341171 0.176513 0.187506 0.880797
1 0.446225 0.326519 0.042520 0.074967 0.731059
1 0.447007 0.326532 0.040957 0.074927 0.817575
1 0.446975 0.326835 0.041067 0.075585 0.817575
1 0.466634 0.325295 0.013926 0.049725 0.010987
1 0.503455 0.329969 0.065019 0.090116 0.880797
1 0.504222 0.331296 0.066558 0.092555 0.817575
1 0.503440 0.330012 0.065052 0.090104 0.817575
1 0.538015 0.322109 0.018165 0.038272 0.047426
1 0.539677 0.322559 0.017604 0.038319 0.182426
1 0.575735 0.337178 0.059575 0.100708 0.880797
1 0.575554 0.337259 0.059118 0.100836 0.880797
1 0.576111 0.337254 0.058076 0.100848 0.817575
1 0.977838 0.363764 0.044389 0.222564 0.001501
1 0.345919 0.341181 0.174823 0.187491 0.924142
1 0.347186 0.342468 0.172649 0.184935 0.924142
1 0.347683 0.342470 0.173781 0.184941 0.924142
1 0.447062 0.326557 0.041121 0.075018 0.731059
1 0.447000 0.327155 0.040985 0.076231 0.817575
1 0.447057 0.326835 0.041176 0.075645 0.817575
1 0.457327 0.326348 0.027502 0.062213 0.010987
1 0.503034 0.332147 0.065869 0.090855 0.880797
1 0.503475 0.331273 0.064991 0.092614 0.880797
1 0.503043 0.331234 0.065853 0.092685 0.880797
1 0.539586 0.326193 0.017903 0.046422 0.047426
1 0.575156 0.338200 0.059892 0.098214 0.880797
1 0.575555 0.337181 0.059120 0.100715 0.880797
1 0.575269 0.336716 0.058623 0.099842 0.880797
1 0.977803 0.373870 0.044513 0.277928 0.001501
1 0.347607 0.342385 0.173413 0.185001 0.924142
1 0.346498 0.342443 0.174001 0.184940 0.924142
1 0.346990 0.341181 0.175117 0.187457 0.924142
1 0.447108 0.328713 0.041496 0.079445 0.268941
1 0.502699 0.331258 0.063784 0.092676 0.924142
1 0.502759 0.330610 0.063714 0.093916 0.924142
1 0.575218 0.337220 0.058639 0.100789 0.880797
1 0.574844 0.337930 0.059382 0.102249 0.880797
1 0.977436 0.377851 0.045285 0.315091 0.001501
1 0.975414 0.386623 0.049417 0.273057 0.001501
1 0.977152 0.387906 0.048934 0.329754 0.001501
1 0.975541 0.395747 0.049057 0.269758 0.001501
1 0.975844 0.397720 0.048478 0.329731 0.002473
1 0.973729 0.403895 0.052768 0.267986 0.002473
1 0.976179 0.407643 0.050815 0.310849 0.004070
1 0.973121 0.407381 0.053887 0.256773 0.002473
1 0.974603 0.411269 0.050894 0.289531 0.006693
1 0.977296 0.410946 0.045494 0.310758 0.001501
1 0.973698 0.415475 0.052733 0.315174 0.002473
1 0.098626 0.350055 0.197310 0.683839 0.002473
1 0.088485 0.348143 0.176954 0.689502 0.817575
1 0.087289 0.347295 0.177849 0.688595 0.777300
1 0.090945 0.347788 0.184995 0.689085 0.817575
1 0.104994 0.348458 0.212978 0.684811 0.817575
1 0.136320 0.351822 0.258954 0.685065 0.006693
1 0.769181 0.435309 0.368878 0.390133 0.904651
1 0.769310 0.435469 0.374059 0.394423 0.924142
1 0.769110 0.435320 0.365047 0.394628 0.904651
1 0.087252 0.350207 0.174444 0.680553 0.777300
1 0.087976 0.348933 0.176039 0.683510 0.777300
1 0.089313 0.347616 0.178647 0.685293 0.817575
1 0.094456 0.347103 0.188732 0.684813 0.817575
1 0.769114 0.435837 0.368961 0.395395 0.562177
1 0.768369 0.433513 0.367343 0.393771 0.880797
1 0.769225 0.432739 0.374063 0.395136 0.904651
1 0.768615 0.432656 0.365983 0.395478 0.904651
1 0.955631 0.391629 0.093324 0.438337 0.001501
1 0.087195 0.343745 0.174521 0.697568 0.777300
1 0.087576 0.345635 0.175196 0.693762 0.731059
1 0.768051 0.434129 0.367939 0.388322 0.880797
1 0.769269 0.434190 0.373739 0.392512 0.880797
1 0.768269 0.435265 0.366685 0.395396 0.880797
3 0.977436 0.377851 0.045285 0.315091 0.002473
3 0.975414 0.386623 0.049417 0.273057 0.002473
3 0.977152 0.387906 0.048934 0.329754 0.002473
3 0.975844 0.397720 0.048478 0.329731 0.002473
