0 0.211513 0.316293 0.023439 0.116895 0.001501
0 0.767184 0.279735 0.012611 0.118455 0.001501
0 0.210862 0.323129 0.025092 0.125604 0.010987
0 0.212510 0.317148 0.021974 0.113677 0.010987
0 0.520960 0.311908 0.011209 0.066439 0.006693
0 0.543739 0.312129 0.009527 0.065046 0.006693
0 0.562405 0.310800 0.015375 0.074987 0.004070
0 0.565838 0.311073 0.012621 0.080530 0.377541
0 0.589048 0.313550 0.019103 0.080710 0.017986
0 0.590964 0.313732 0.015043 0.080761 0.500000
0 0.766529 0.279332 0.011249 0.114718 0.001501
0 0.211660 0.326822 0.023584 0.134797 0.029312
0 0.211763 0.323618 0.023504 0.127171 0.017986
0 0.245573 0.332090 0.016381 0.072185 0.001501
0 0.492235 0.313490 0.012598 0.049595 0.017986
0 0.521502 0.312784 0.010083 0.063245 0.006693
0 0.543753 0.313629 0.009466 0.060286 0.182426
0 0.561345 0.311206 0.013739 0.075602 0.004070
0 0.565845 0.311174 0.012576 0.080702 0.500000
0 0.587870 0.315490 0.021056 0.077429 0.010987
0 0.591503 0.314919 0.013964 0.078579 0.622459
0 0.211739 0.332334 0.023623 0.145221 0.075858
0 0.212523 0.325641 0.021991 0.130521 0.075858
0 0.243750 0.333660 0.012740 0.079906 0.002473
0 0.491552 0.313525 0.011277 0.049831 0.010987
0 0.521508 0.313589 0.010154 0.066450 0.010987
0 0.543078 0.314148 0.008116 0.059326 0.182426
0 0.562172 0.311267 0.016771 0.075488 0.006693
0 0.565814 0.313767 0.012615 0.080781 0.500000
0 0.587787 0.315428 0.021466 0.082488 0.017986
0 0.590822 0.315093 0.012606 0.083295 0.622459
0 0.212506 0.332262 0.025158 0.143721 0.119203
0 0.211739 0.329781 0.023628 0.138723 0.075858
0 0.244839 0.334010 0.014951 0.087614 0.004070
0 0.521716 0.316053 0.012848 0.067110 0.001501
0 0.543763 0.314736 0.009506 0.061249 0.017986
0 0.563762 0.313911 0.016992 0.080782 0.017986
0 0.565879 0.311234 0.015202 0.080888 0.500000
0 0.587905 0.315209 0.018618 0.078313 0.017986
0 0.590277 0.314940 0.013693 0.078544 0.622459
0 0.210934 0.337497 0.025211 0.155928 0.017986
0 0.212586 0.335197 0.025340 0.151416 0.029312
0 0.208515 0.336876 0.023808 0.159603 0.004070
0 0.212562 0.335463 0.025711 0.159070 0.004070
0 0.213604 0.337175 0.024669 0.165709 0.002473
1 0.259639 0.318531 0.030786 0.048718 0.010987
1 0.259822 0.318191 0.030511 0.048147 0.004070
1 0.308482 0.332161 0.079951 0.104554 0.924142
1 0.348058 0.318549 0.013201 0.044589 0.010987
1 0.355185 0.319007 0.018028 0.045380 0.004070
1 0.380459 0.326875 0.039158 0.054590 0.622459
1 0.380489 0.326885 0.039092 0.054589 0.622459
1 0.381220 0.326219 0.040662 0.055930 0.500000
1 0.410692 0.323089 0.018727 0.047034 0.075858
1 0.412713 0.322048 0.016713 0.047685 0.075858
1 0.443957 0.320357 0.049306 0.062511 0.880797
1 0.444312 0.320354 0.048882 0.062523 0.880797
1 0.444039 0.321641 0.049444 0.065097 0.817575
1 0.259073 0.318780 0.028897 0.049167 0.004070
1 0.259950 0.318278 0.030205 0.048326 0.002473
1 0.307384 0.332011 0.077287 0.103057 0.924142
1 0.308602 0.332301 0.079718 0.103805 0.924142
1 0.308252 0.331848 0.080447 0.102900 0.880797
1 0.348049 0.325723 0.013183 0.041994 0.047426
1 0.351315 0.326016 0.014448 0.038702 0.029312
1 0.380483 0.327395 0.039074 0.053598 0.731059
1 0.380468 0.326942 0.039074 0.054502 0.731059
1 0.381198 0.328662 0.040691 0.056170 0.731059
1 0.411423 0.322912 0.017233 0.042977 0.182426
1 0.413340 0.324025 0.015384 0.044027 0.182426
1 0.444031 0.321625 0.049445 0.065081 0.817575
1 0.444037 0.321645 0.049430 0.065078 0.817575
1 0.444041 0.321639 0.049433 0.065099 0.817575
1 0.444645 0.321676 0.049414 0.065350 0.119203
1 0.587787 0.315428 0.021466 0.082488 0.001501
1 0.258992 0.321453 0.028742 0.049738 0.002473
1 0.307929 0.332084 0.078370 0.102939 0.817575
1 0.307738 0.332121 0.078734 0.104649 0.880797
1 0.308428 0.331712 0.080089 0.103661 0.880797
1 0.345987 0.329167 0.011850 0.057503 0.010987
1 0.350956 0.327520 0.015208 0.048350 0.006693
1 0.379802 0.328236 0.040434 0.057026 0.731059
1 0.380476 0.328732 0.039066 0.056029 0.731059
1 0.380459 0.328265 0.039145 0.056950 0.731059
1 0.411289 0.323179 0.017312 0.044380 0.075858
1 0.413805 0.323615 0.014460 0.043442 0.075858
1 0.443915 0.322912 0.049686 0.067650 0.817575
1 0.444036 0.322914 0.049434 0.062538 0.880797
1 0.443865 0.321639 0.049503 0.065112 0.880797
1 0.308396 0.331507 0.080032 0.102474 0.817575
1 0.308514 0.332044 0.079817 0.103115 0.924142
1 0.307747 0.332144 0.078727 0.103022 0.880797
3 0.259639 0.318531 0.030786 0.048718 0.047426
3 0.259822 0.318191 0.030511 0.048147 0.010987
3 0.259073 0.318780 0.028897 0.049167 0.047426
3 0.259950 0.318278 0.030205 0.048326 0.029312
3 0.258992 0.321453 0.028742 0.049738 0.010987
3 0.260327 0.320867 0.029810 0.054466 0.001501
5 0.491552 0.313525 0.011277 0.049831 0.001501
5 0.587787 0.315428 0.021466 0.082488 0.001501
