0 0.389887 0.308113 0.020363 0.112729 0.010987
0 0.391233 0.310936 0.020757 0.113045 0.075858
0 0.389940 0.312279 0.020382 0.104541 0.075858
0 0.391280 0.314439 0.020524 0.100290 0.500000
0 0.390692 0.312510 0.021887 0.104182 0.182426
0 0.390634 0.312854 0.018788 0.102259 0.622459
0 0.390970 0.312729 0.021357 0.102655 0.119203
0 0.390676 0.312672 0.018885 0.100073 0.622459
0 0.389961 0.313138 0.020415 0.103077 0.182426
0 0.391243 0.313759 0.020740 0.101985 0.622459
0 0.402160 0.325060 0.015638 0.070391 0.001501
0 0.390695 0.314799 0.021902 0.107354 0.047426
0 0.390373 0.312895 0.019478 0.108401 0.119203
1 0.349581 0.318246 0.025952 0.049352 0.001501
1 0.360703 0.318415 0.025653 0.049537 0.006693
1 0.365825 0.317131 0.031518 0.053330 0.004070
1 0.440648 0.318481 0.064767 0.034966 0.006693
1 0.441248 0.319296 0.061137 0.037758 0.001501
1 0.441847 0.318171 0.063642 0.035478 0.001501
1 0.456636 0.316380 0.055184 0.033976 0.002473
1 0.484135 0.316393 0.025707 0.033967 0.010987
1 0.488948 0.315605 0.016439 0.030426 0.004070
1 0.529018 0.318301 0.029663 0.035699 0.001501
1 0.673803 0.343778 0.169339 0.182426 0.924142
1 0.350814 0.320114 0.028286 0.044691 0.002473
1 0.359965 0.323448 0.023457 0.041263 0.017986
1 0.363644 0.322809 0.027517 0.044327 0.017986
1 0.405549 0.320524 0.012807 0.040949 0.001501
1 0.440863 0.321338 0.065144 0.033662 0.731059
1 0.441349 0.320864 0.064170 0.034589 0.817575
1 0.440163 0.321332 0.063826 0.033649 0.817575
1 0.440044 0.321333 0.063956 0.033667 0.817575
1 0.440185 0.321761 0.063895 0.036451 0.731059
1 0.487910 0.319486 0.018359 0.027760 0.182426
1 0.488867 0.319156 0.016513 0.023291 0.119203
1 0.502888 0.318894 0.013948 0.023935 0.002473
1 0.527913 0.321249 0.027818 0.034222 0.047426
1 0.529903 0.320110 0.028911 0.031933 0.047426
1 0.532084 0.321228 0.032859 0.034269 0.029312
1 0.567901 0.324924 0.033841 0.027699 0.001501
1 0.579076 0.322940 0.033338 0.026055 0.500000
1 0.579076 0.325331 0.033350 0.025720 0.622459
1 0.579641 0.324103 0.037784 0.028350 0.268941
1 0.675629 0.344859 0.170407 0.180074 0.952574
1 0.675000 0.344865 0.169147 0.180117 0.924142
1 0.675686 0.343718 0.170550 0.182355 0.924142
1 0.360822 0.325454 0.021809 0.044529 0.001501
1 0.579133 0.329537 0.033433 0.034256 0.001501
1 0.582282 0.330835 0.036319 0.036951 0.002473
1 0.674968 0.344894 0.169115 0.180094 0.924142
1 0.674991 0.344887 0.169196 0.180106 0.924142
1 0.676441 0.345788 0.172085 0.178296 0.924142
1 0.030882 0.363234 0.061833 0.207287 0.001501
1 0.675619 0.344892 0.170426 0.179977 0.924142
1 0.675000 0.344894 0.169208 0.180032 0.924142
1 0.675009 0.344919 0.171894 0.179982 0.924142
1 0.030003 0.375331 0.060103 0.259824 0.001501
1 0.037958 0.356538 0.076469 0.248241 0.001501
1 0.027465 0.431190 0.051926 0.430110 0.002473
1 0.036297 0.412785 0.076078 0.369412 0.001501
1 0.025214 0.432393 0.047426 0.468464 0.002473
1 0.034198 0.418869 0.071917 0.415152 0.001501
1 0.088206 0.415182 0.176489 0.383234 0.029312
1 0.087399 0.417878 0.175186 0.376475 0.014064
1 0.088322 0.417385 0.176675 0.372743 0.022977
1 0.086718 0.411659 0.173691 0.410091 0.002473
1 0.086682 0.416180 0.176409 0.394721 0.022977
1 0.087444 0.416709 0.175108 0.384680 0.008577
1 0.087514 0.417906 0.178155 0.381207 0.008577
1 0.087946 0.415073 0.177602 0.374180 0.003173
1 0.872883 0.427777 0.257390 0.517080 0.851953
1 0.872740 0.430992 0.254499 0.518345 0.851953
1 0.872735 0.431115 0.254535 0.517996 0.880797
1 0.087465 0.413630 0.174701 0.405335 0.037327
1 0.087426 0.414652 0.175115 0.392193 0.008577
1 0.086763 0.412904 0.176566 0.381392 0.006693
1 0.872076 0.425628 0.255811 0.519234 0.029312
1 0.871535 0.428988 0.257029 0.519700 0.817575
1 0.872098 0.432795 0.255815 0.521694 0.817575
1 0.872731 0.432899 0.254547 0.521865 0.777300
1 0.873548 0.436598 0.256062 0.524542 0.777300
1 0.872098 0.426807 0.255911 0.527367 0.880797
1 0.871514 0.431938 0.256943 0.524980 0.817575
1 0.873424 0.433429 0.253178 0.522712 0.777300
1 0.867951 0.528368 0.265144 0.760360 0.001927
1 0.872357 0.534117 0.252581 0.817781 0.010987
1 0.886778 0.531636 0.227056 0.869949 0.003173
3 0.363644 0.322809 0.027517 0.044327 0.002473
4 0.390373 0.312895 0.019478 0.108401 0.001501
5 0.360703 0.318415 0.025653 0.049537 0.006693
5 0.365825 0.317131 0.031518 0.053330 0.001501
5 0.359965 0.323448 0.023457 0.041263 0.002473
5 0.363644 0.322809 0.027517 0.044327 0.001501
5 0.360822 0.325454 0.021809 0.044529 0.004070
5 0.367611 0.325900 0.025354 0.047074 0.004070
5 0.389961 0.313138 0.020415 0.103077 0.001501
5 0.088206 0.415182 0.176489 0.383234 0.268941
5 0.087399 0.417878 0.175186 0.376475 0.320821
5 0.088322 0.417385 0.176675 0.372743 0.148047
5 0.086718 0.411659 0.173691 0.410091 0.029312
5 0.086682 0.416180 0.176409 0.394721 0.377541
5 0.087444 0.416709 0.175108 0.384680 0.437824
5 0.087514 0.417906 0.178155 0.381207 0.437824
5 0.087946 0.415073 0.177602 0.374180 0.148047
5 0.087465 0.413630 0.174701 0.405335 0.268941
5 0.087426 0.414652 0.175115 0.392193 0.437824
5 0.086763 0.412904 0.176566 0.381392 0.437824
5 0.089114 0.411572 0.175171 0.378870 0.001170
