0 0.823832 0.320264 0.015556 0.094990 0.002473
0 0.824803 0.323681 0.014814 0.092609 0.001501
1 0.014531 0.333765 0.029096 0.075092 0.006693
1 0.016568 0.333932 0.033147 0.071500 0.006693
1 0.024400 0.330450 0.045816 0.064408 0.001501
1 0.014142 0.334478 0.028332 0.076042 0.017986
1 0.014359 0.335990 0.028731 0.072556 0.017986
1 0.097922 0.336201 0.077244 0.052825 0.002473
1 0.101206 0.339258 0.083598 0.053598 0.731059
1 0.102316 0.339288 0.086117 0.053642 0.731059
1 0.103201 0.337718 0.087448 0.055623 0.731059
1 0.103790 0.338548 0.088921 0.052153 0.817575
1 0.105872 0.335164 0.085117 0.050512 0.075858
1 0.122116 0.330578 0.053181 0.041390 0.006693
1 0.178274 0.331828 0.049803 0.038929 0.001501
1 0.180428 0.330668 0.048297 0.041972 0.001501
1 0.258605 0.331220 0.036852 0.027909 0.075858
1 0.260277 0.331761 0.029777 0.028918 0.622459
1 0.260253 0.331311 0.029742 0.028018 0.622459
1 0.287782 0.326730 0.021495 0.019018 0.017986
1 0.290598 0.321767 0.018970 0.013537 0.017986
1 0.307989 0.321542 0.031300 0.019052 0.001501
1 0.317456 0.320443 0.021431 0.016206 0.001501
1 0.338355 0.321800 0.021350 0.013640 0.004070
1 0.340925 0.321764 0.023021 0.013570 0.004070
1 0.345392 0.320812 0.028506 0.011880 0.002473
1 0.387911 0.318369 0.017957 0.016967 0.029312
1 0.388704 0.318319 0.016844 0.016905 0.029312
1 0.461579 0.315494 0.012559 0.015645 0.119203
1 0.462558 0.315490 0.013119 0.015662 0.006693
1 0.480575 0.317829 0.008107 0.010684 0.010987
1 0.491482 0.316552 0.011299 0.013335 0.001501
1 0.697491 0.324351 0.037170 0.024670 0.001501
1 0.703575 0.326309 0.046618 0.028213 0.001501
1 0.014004 0.334598 0.028053 0.071341 0.029312
1 0.014031 0.335616 0.028075 0.073770 0.029312
1 0.102284 0.338076 0.083042 0.056350 0.731059
1 0.103008 0.339096 0.087244 0.053234 0.731059
1 0.103040 0.338888 0.087064 0.052813 0.731059
1 0.103096 0.339104 0.087320 0.053262 0.817575
1 0.103901 0.338671 0.086029 0.052435 0.500000
1 0.121429 0.336213 0.054192 0.041978 0.004070
1 0.177188 0.333512 0.048137 0.036495 0.002473
1 0.180314 0.334753 0.050217 0.039379 0.001501
1 0.180964 0.333398 0.049329 0.042094 0.002473
1 0.230229 0.338825 0.034121 0.038280 0.001501
1 0.233166 0.339864 0.028066 0.039350 0.001501
1 0.256690 0.333481 0.036227 0.028379 0.029312
1 0.260266 0.331322 0.029759 0.028025 0.622459
1 0.260293 0.331324 0.029823 0.028025 0.622459
1 0.266645 0.334199 0.036693 0.033535 0.006693
1 0.014043 0.335001 0.028140 0.071252 0.029312
1 0.014824 0.336555 0.026648 0.072127 0.017986
1 0.102957 0.340481 0.087310 0.055989 0.047426
1 0.103782 0.340460 0.085985 0.055952 0.182426
2 0.422201 0.304764 0.038637 0.052036 0.622459
2 0.421663 0.304106 0.037539 0.053351 0.622459
2 0.421643 0.304104 0.037516 0.053371 0.622459
2 0.014531 0.333765 0.029096 0.075092 0.182426
2 0.016568 0.333932 0.033147 0.071500 0.119203
2 0.024400 0.330450 0.045816 0.064408 0.029312
2 0.040459 0.330101 0.080949 0.061083 0.004070
2 0.051063 0.324867 0.094287 0.050647 0.001501
2 0.422191 0.304784 0.038618 0.052007 0.817575
2 0.421663 0.304140 0.037543 0.053294 0.731059
2 0.422182 0.306081 0.038599 0.054516 0.817575
2 0.014142 0.334478 0.028332 0.076042 0.047426
2 0.014359 0.335990 0.028731 0.072556 0.029312
2 0.022707 0.331969 0.045553 0.064720 0.029312
2 0.041770 0.328602 0.081806 0.057402 0.006693
2 0.063884 0.327045 0.071597 0.047101 0.004070
2 0.097922 0.336201 0.077244 0.052825 0.001501
2 0.101206 0.339258 0.083598 0.053598 0.001501
2 0.388704 0.318319 0.016844 0.016905 0.001501
2 0.422742 0.306081 0.037556 0.054520 0.817575
2 0.422748 0.304170 0.037536 0.053236 0.731059
2 0.422186 0.305422 0.038612 0.055833 0.817575
2 0.014004 0.334598 0.028053 0.071341 0.047426
2 0.014031 0.335616 0.028075 0.073770 0.029312
2 0.021468 0.332870 0.039383 0.067463 0.006693
2 0.014043 0.335001 0.028140 0.071252 0.010987
2 0.014824 0.336555 0.026648 0.072127 0.004070
3 0.014531 0.333765 0.029096 0.075092 0.017986
3 0.016568 0.333932 0.033147 0.071500 0.010987
3 0.014142 0.334478 0.028332 0.076042 0.075858
3 0.014359 0.335990 0.028731 0.072556 0.029312
3 0.461579 0.315494 0.012559 0.015645 0.001501
3 0.014004 0.334598 0.028053 0.071341 0.119203
3 0.014031 0.335616 0.028075 0.073770 0.119203
3 0.260266 0.331322 0.029759 0.028025 0.001501
3 0.260293 0.331324 0.029823 0.028025 0.001501
3 0.014043 0.335001 0.028140 0.071252 0.182426
3 0.014824 0.336555 0.026648 0.072127 0.182426
3 0.012272 0.349154 0.025030 0.107201 0.002473
3 0.013634 0.348736 0.027640 0.101741 0.001501
4 0.799021 0.328702 0.034577 0.074765 0.017986
4 0.798928 0.327704 0.034247 0.078012 0.017986
4 0.388704 0.318319 0.016844 0.016905 0.001501
4 0.795959 0.328534 0.034112 0.073606 0.001501
4 0.798553 0.328385 0.034645 0.073200 0.010987
4 0.798816 0.327235 0.035191 0.076688 0.029312
4 0.796303 0.328150 0.033137 0.071963 0.002473
4 0.797831 0.327225 0.033912 0.076158 0.010987
4 0.798630 0.327266 0.035560 0.077201 0.006693
4 0.235611 0.347661 0.023090 0.050149 0.002473
4 0.234197 0.346994 0.024149 0.054654 0.002473
4 0.799171 0.327729 0.036620 0.077019 0.004070
4 0.800470 0.326152 0.037227 0.080128 0.002473
5 0.792781 0.324257 0.033484 0.072811 0.006693
5 0.799021 0.328702 0.034577 0.074765 0.029312
5 0.798928 0.327704 0.034247 0.078012 0.017986
5 0.233229 0.332216 0.029720 0.035086 0.002473
5 0.387911 0.318369 0.017957 0.016967 0.001501
5 0.795959 0.328534 0.034112 0.073606 0.029312
5 0.798553 0.328385 0.034645 0.073200 0.029312
5 0.798816 0.327235 0.035191 0.076688 0.029312
5 0.230229 0.338825 0.034121 0.038280 0.001501
5 0.233166 0.339864 0.028066 0.039350 0.006693
5 0.796303 0.328150 0.033137 0.071963 0.017986
5 0.797831 0.327225 0.033912 0.076158 0.075858
5 0.798630 0.327266 0.035560 0.077201 0.010987
5 0.235611 0.347661 0.023090 0.050149 0.006693
5 0.234197 0.346994 0.024149 0.054654 0.006693
5 0.799171 0.327729 0.036620 0.077019 0.004070
5 0.800470 0.326152 0.037227 0.080128 0.004070
