0 0.005496 0.279304 0.011054 0.067404 0.001501
0 0.005480 0.278380 0.011066 0.062025 0.001501
0 0.719336 0.319260 0.017178 0.091885 0.006693
0 0.711997 0.321032 0.018274 0.087476 0.001501
0 0.718672 0.319426 0.015831 0.092140 0.017986
0 0.713825 0.326482 0.019742 0.082394 0.004070
0 0.717252 0.321963 0.015562 0.088431 0.029312
0 0.715191 0.333944 0.019834 0.062903 0.001501
0 0.715939 0.336748 0.015111 0.059835 0.010987
0 0.716705 0.343829 0.016852 0.046558 0.001501
1 0.332989 0.329560 0.072003 0.062592 0.182426
1 0.333006 0.329538 0.074044 0.062523 0.924142
1 0.333196 0.329552 0.072283 0.062558 0.817575
1 0.427463 0.329403 0.116950 0.096321 0.924142
1 0.426683 0.329516 0.115848 0.096081 0.924142
1 0.426777 0.329391 0.118329 0.096304 0.880797
1 0.266662 0.333283 0.055633 0.036644 0.006693
1 0.270322 0.333326 0.049432 0.041711 0.880797
1 0.270340 0.333321 0.049388 0.046818 0.817575
1 0.270022 0.332050 0.050049 0.044265 0.880797
1 0.270408 0.331996 0.049745 0.044374 0.500000
1 0.332659 0.329546 0.073356 0.062498 0.880797
1 0.332773 0.329543 0.073588 0.062495 0.880797
1 0.333262 0.330200 0.072434 0.061183 0.880797
1 0.332651 0.329546 0.073392 0.062495 0.817575
1 0.428305 0.328127 0.118370 0.093759 0.880797
1 0.427475 0.329403 0.116996 0.096312 0.924142
1 0.426451 0.328130 0.116315 0.093767 0.924142
1 0.796660 0.336819 0.053151 0.039871 0.001501
1 0.792643 0.337785 0.054964 0.037998 0.002473
1 0.792932 0.337722 0.066508 0.046389 0.001501
1 0.267619 0.333340 0.054649 0.041939 0.006693
1 0.269784 0.333316 0.049405 0.046830 0.817575
1 0.270461 0.334604 0.049304 0.044249 0.880797
1 0.269658 0.333325 0.049114 0.041712 0.880797
1 0.270225 0.333298 0.048956 0.041761 0.500000
1 0.332468 0.330218 0.073031 0.061151 0.880797
1 0.332665 0.330209 0.073361 0.061161 0.880797
1 0.333196 0.330862 0.072288 0.062490 0.880797
1 0.333200 0.330221 0.072305 0.063794 0.500000
1 0.427471 0.328128 0.116964 0.093765 0.880797
1 0.427432 0.329402 0.117079 0.096314 0.924142
1 0.426494 0.327818 0.116227 0.094385 0.880797
1 0.783792 0.342122 0.051541 0.033980 0.001501
1 0.793230 0.338046 0.047606 0.037402 0.002473
1 0.792269 0.339430 0.041668 0.039189 0.002473
1 0.795296 0.342555 0.036298 0.036608 0.001501
1 0.815686 0.341098 0.056948 0.039934 0.001501
1 0.841672 0.350007 0.033679 0.028435 0.010987
1 0.843827 0.349911 0.034832 0.028238 0.010987
1 0.844855 0.348891 0.040202 0.031520 0.010987
1 0.855726 0.349003 0.051417 0.033996 0.002473
1 0.427474 0.329536 0.116978 0.096102 0.952574
1 0.841643 0.350636 0.033626 0.029915 0.004070
1 0.844144 0.349426 0.034893 0.032345 0.004070
1 0.845398 0.349449 0.041757 0.032358 0.004070
1 0.121967 0.419333 0.247039 0.387028 0.924142
1 0.122657 0.420747 0.248453 0.387822 0.939913
1 0.123463 0.419844 0.246887 0.386042 0.924142
1 0.123427 0.419491 0.243811 0.387253 0.939913
1 0.122735 0.420771 0.245472 0.388467 0.924142
1 0.123440 0.420495 0.246886 0.389194 0.939913
1 0.123461 0.420855 0.246891 0.388318 0.924142
1 0.121937 0.420285 0.247013 0.386047 0.924142
1 0.121936 0.419740 0.246964 0.387074 0.924142
1 0.123457 0.419374 0.246884 0.387792 0.924142
3 0.263822 0.273325 0.083133 0.141484 0.017986
3 0.264766 0.274968 0.082081 0.142905 0.006693
3 0.264084 0.276631 0.083370 0.148033 0.010987
3 0.264121 0.276734 0.082056 0.149374 0.047426
3 0.264075 0.279801 0.080611 0.153762 0.029312
3 0.263057 0.280002 0.080947 0.143109 0.006693
3 0.263509 0.278399 0.080009 0.146307 0.047426
3 0.264461 0.280161 0.075345 0.149763 0.029312
3 0.269151 0.280621 0.058706 0.141039 0.006693
3 0.270555 0.280449 0.059557 0.145797 0.006693
4 0.715939 0.336748 0.015111 0.059835 0.001501
