0 0.267981 0.308005 0.019435 0.047282 0.002473
0 0.283530 0.304750 0.011441 0.036274 0.001501
0 0.565243 0.322210 0.017078 0.048002 0.002473
0 0.575738 0.323424 0.020307 0.051016 0.001501
0 0.597938 0.318651 0.013175 0.044482 0.006693
0 0.268379 0.311949 0.022219 0.051313 0.001501
0 0.566064 0.324568 0.018640 0.045202 0.002473
0 0.576825 0.327889 0.013652 0.047459 0.004070
0 0.596770 0.320753 0.010696 0.040634 0.010987
0 0.271708 0.322299 0.025603 0.072301 0.001501
0 0.572161 0.325687 0.019732 0.052017 0.004070
0 0.576310 0.328526 0.011818 0.046243 0.006693
0 0.596624 0.324384 0.010703 0.046794 0.002473
1 0.860337 0.255740 0.271226 0.136634 0.001501
1 0.389727 0.316762 0.107405 0.160394 0.004070
1 0.384486 0.336190 0.112988 0.190897 0.817575
1 0.449489 0.323978 0.024431 0.070728 0.004070
1 0.455704 0.322944 0.033363 0.068595 0.006693
1 0.464682 0.323818 0.042657 0.054932 0.004070
1 0.476251 0.318495 0.030410 0.044231 0.004070
1 0.535430 0.327016 0.067826 0.075880 0.880797
1 0.536183 0.326011 0.066598 0.078371 0.880797
1 0.536001 0.326004 0.066219 0.078390 0.880797
1 0.565243 0.322210 0.017078 0.048002 0.017986
1 0.575738 0.323424 0.020307 0.051016 0.001501
1 0.601588 0.312481 0.025836 0.036999 0.004070
1 0.384366 0.337458 0.112825 0.189541 0.817575
1 0.384331 0.336508 0.112867 0.191588 0.817575
1 0.385458 0.335541 0.112838 0.197868 0.817575
1 0.450670 0.327194 0.023538 0.065965 0.010987
1 0.456737 0.326436 0.035454 0.062800 0.006693
1 0.462798 0.327033 0.044847 0.060801 0.006693
1 0.473137 0.318475 0.032998 0.043899 0.006693
1 0.536182 0.326944 0.066601 0.075753 0.817575
1 0.535325 0.327152 0.067596 0.076094 0.880797
1 0.535936 0.327153 0.066088 0.076100 0.817575
1 0.535955 0.327035 0.066061 0.075885 0.880797
1 0.566064 0.324568 0.018640 0.045202 0.047426
1 0.576825 0.327889 0.013652 0.047459 0.002473
1 0.603154 0.321526 0.022663 0.029103 0.002473
1 0.712584 0.332492 0.046914 0.056817 0.010987
1 0.725576 0.330632 0.027522 0.046405 0.010987
1 0.726154 0.329143 0.029040 0.043265 0.017986
1 0.733888 0.326966 0.047067 0.048585 0.004070
1 0.384881 0.337764 0.113938 0.183497 0.817575
1 0.384429 0.336864 0.113071 0.186577 0.817575
1 0.385586 0.336660 0.113150 0.191184 0.817575
1 0.451335 0.329049 0.024761 0.062292 0.006693
1 0.453286 0.328749 0.028568 0.062885 0.006693
1 0.461927 0.329306 0.045315 0.065556 0.006693
1 0.471346 0.326944 0.036839 0.065744 0.004070
1 0.535546 0.328427 0.068046 0.073602 0.880797
1 0.535506 0.327276 0.067951 0.076361 0.880797
1 0.535440 0.327232 0.067798 0.076285 0.817575
1 0.572161 0.325687 0.019732 0.052017 0.029312
1 0.719491 0.334329 0.041843 0.049897 0.029312
1 0.723608 0.334420 0.035826 0.049835 0.017986
1 0.730482 0.330863 0.046989 0.051686 0.001501
1 0.384423 0.339418 0.113030 0.179985 0.731059
1 0.384456 0.338632 0.113117 0.182932 0.817575
1 0.385235 0.338926 0.112460 0.185295 0.731059
1 0.140294 0.393776 0.249668 0.371996 0.003173
1 0.134393 0.392984 0.263996 0.375563 0.006693
1 0.137029 0.394329 0.256509 0.367740 0.022977
1 0.142089 0.394191 0.244248 0.372301 0.010987
1 0.149416 0.392943 0.231655 0.362663 0.075858
1 0.852410 0.423744 0.298603 0.485447 0.148047
1 0.852299 0.424157 0.295534 0.490062 0.851953
1 0.851605 0.423954 0.296870 0.485407 0.817575
1 0.137704 0.391731 0.258132 0.377145 0.003173
1 0.139128 0.394137 0.252177 0.367655 0.008577
1 0.142964 0.393265 0.243392 0.369180 0.008577
1 0.150666 0.394536 0.228106 0.360849 0.037327
1 0.853112 0.423823 0.297230 0.491820 0.817575
1 0.851574 0.425125 0.296947 0.499718 0.777300
1 0.851589 0.426848 0.296895 0.503147 0.777300
1 0.851608 0.427613 0.296882 0.506838 0.731059
1 0.139149 0.394162 0.253568 0.367440 0.014064
1 0.145179 0.394235 0.240171 0.364876 0.022977
1 0.852412 0.423824 0.298618 0.494857 0.851953
1 0.851559 0.426318 0.296952 0.502233 0.817575
1 0.853090 0.428390 0.297032 0.506745 0.777300
1 0.851570 0.430089 0.296922 0.512315 0.622459
2 0.867418 0.256674 0.259297 0.134446 0.001501
2 0.860337 0.255740 0.271226 0.136634 0.002473
3 0.565243 0.322210 0.017078 0.048002 0.001501
3 0.462798 0.327033 0.044847 0.060801 0.001501
3 0.473137 0.318475 0.032998 0.043899 0.001501
4 0.576310 0.328526 0.011818 0.046243 0.001501
4 0.690325 0.339588 0.019463 0.043840 0.001501
4 0.701609 0.334386 0.024220 0.055829 0.001501
5 0.566064 0.324568 0.018640 0.045202 0.004070
5 0.576825 0.327889 0.013652 0.047459 0.004070
5 0.693581 0.334674 0.028794 0.053031 0.001501
5 0.572161 0.325687 0.019732 0.052017 0.004070
5 0.576310 0.328526 0.011818 0.046243 0.004070
5 0.690325 0.339588 0.019463 0.043840 0.001501
5 0.137704 0.391731 0.258132 0.377145 0.001170
