0 0.007124 0.291735 0.014273 0.206939 0.002473
0 0.721181 0.306751 0.017711 0.137674 0.119203
0 0.007050 0.321933 0.011061 0.190151 0.006693
0 0.701177 0.307533 0.019529 0.116358 0.047426
0 0.702650 0.308579 0.019723 0.117679 0.268941
0 0.721221 0.305997 0.017558 0.132912 0.500000
0 0.006293 0.328545 0.012615 0.196428 0.006693
0 0.020251 0.348035 0.016084 0.166901 0.001501
0 0.199582 0.332658 0.014730 0.110824 0.001501
0 0.203048 0.334346 0.015926 0.111500 0.010987
0 0.359734 0.315676 0.017342 0.080572 0.004070
0 0.365739 0.324437 0.024624 0.100075 0.001501
0 0.699936 0.307848 0.019122 0.110390 0.182426
0 0.702154 0.307821 0.020709 0.110506 0.377541
0 0.721917 0.305776 0.015797 0.133139 0.622459
0 0.722820 0.305901 0.017599 0.133110 0.010987
0 0.006276 0.348011 0.012568 0.182746 0.006693
0 0.018363 0.357749 0.022058 0.178615 0.010987
0 0.201140 0.337377 0.016724 0.110603 0.010987
0 0.203543 0.336218 0.017972 0.108885 0.075858
0 0.220677 0.339694 0.019851 0.091108 0.017986
0 0.236057 0.339869 0.012710 0.083258 0.047426
0 0.237255 0.338519 0.016028 0.084647 0.010987
0 0.352552 0.329587 0.033950 0.067438 0.002473
0 0.360060 0.327952 0.036678 0.069865 0.004070
0 0.643529 0.303845 0.013110 0.052860 0.002473
0 0.700654 0.308359 0.020547 0.111277 0.268941
0 0.701391 0.305360 0.019169 0.115457 0.377541
0 0.720773 0.307718 0.016565 0.134347 0.731059
0 0.722752 0.305964 0.017447 0.132772 0.010987
0 0.007039 0.346218 0.011038 0.153721 0.004070
0 0.016948 0.354688 0.025339 0.164720 0.010987
0 0.126335 0.357809 0.019807 0.090780 0.010987
0 0.128435 0.356963 0.021296 0.094219 0.029312
0 0.202936 0.336177 0.020301 0.109743 0.029312
0 0.205578 0.336063 0.020964 0.109275 0.047426
0 0.223381 0.343483 0.028004 0.087656 0.017986
0 0.232744 0.343673 0.017628 0.086426 0.047426
0 0.236764 0.340820 0.015903 0.087358 0.010987
0 0.357393 0.332342 0.043134 0.056474 0.002473
0 0.359133 0.333138 0.042903 0.060172 0.002473
0 0.644596 0.305647 0.011358 0.055924 0.002473
0 0.700523 0.307918 0.018134 0.109631 0.268941
0 0.701787 0.306388 0.018372 0.112632 0.377541
0 0.721150 0.305355 0.017326 0.129601 0.817575
0 0.722743 0.305066 0.017467 0.130180 0.010987
0 0.005626 0.345041 0.011302 0.145851 0.010987
0 0.017605 0.351743 0.027719 0.160028 0.017986
0 0.044666 0.368032 0.020635 0.132546 0.006693
0 0.127789 0.357718 0.022684 0.090610 0.029312
0 0.128436 0.357714 0.021251 0.090620 0.047426
0 0.203767 0.336135 0.023138 0.109619 0.006693
0 0.208413 0.337539 0.025064 0.102984 0.017986
0 0.224387 0.344537 0.030015 0.084218 0.010987
0 0.224498 0.343650 0.032239 0.085589 0.029312
0 0.235935 0.341502 0.019013 0.084673 0.006693
0 0.357082 0.333905 0.042511 0.059646 0.001501
0 0.359688 0.333432 0.043790 0.056772 0.001501
0 0.701214 0.307776 0.019517 0.109546 0.268941
0 0.701322 0.306064 0.019300 0.110792 0.500000
0 0.721191 0.306321 0.017418 0.132256 0.817575
0 0.722068 0.306800 0.019108 0.131295 0.029312
0 0.007541 0.339879 0.015178 0.185580 0.006693
0 0.016449 0.348736 0.028938 0.150851 0.017986
0 0.045362 0.369442 0.022051 0.135619 0.006693
0 0.127882 0.358941 0.022851 0.087792 0.047426
0 0.128916 0.356912 0.020397 0.093993 0.047426
0 0.204270 0.337344 0.025915 0.107169 0.004070
0 0.208192 0.339323 0.026709 0.099559 0.010987
0 0.225057 0.345893 0.031634 0.081121 0.010987
0 0.225473 0.344767 0.032790 0.085856 0.029312
0 0.234596 0.342080 0.021947 0.082858 0.004070
0 0.704606 0.306303 0.016157 0.124223 0.017986
0 0.721948 0.306491 0.015915 0.131964 0.731059
0 0.009811 0.350464 0.019730 0.243449 0.004070
0 0.017920 0.357352 0.029053 0.149665 0.010987
0 0.044507 0.368565 0.021061 0.133003 0.010987
0 0.127904 0.357700 0.022893 0.090389 0.075858
0 0.128261 0.356320 0.021821 0.092847 0.075858
0 0.207857 0.339400 0.024923 0.097039 0.002473
0 0.222988 0.346024 0.032077 0.081999 0.001501
0 0.224242 0.345747 0.033501 0.084451 0.002473
0 0.013047 0.391386 0.026160 0.406703 0.002473
0 0.019140 0.366468 0.030805 0.211931 0.004070
0 0.045192 0.368988 0.021305 0.137343 0.006693
0 0.018311 0.434664 0.035852 0.395602 0.001501
0 0.045938 0.370571 0.018191 0.139435 0.001501
0 0.056430 0.373107 0.024011 0.129524 0.001501
1 0.633522 0.294597 0.029929 0.043454 0.001501
1 0.427925 0.311996 0.028422 0.031117 0.006693
1 0.428474 0.313264 0.029278 0.030188 0.006693
1 0.491524 0.332014 0.086145 0.122453 0.880797
1 0.491507 0.330893 0.086113 0.120170 0.924142
1 0.492189 0.330771 0.087496 0.119909 0.817575
1 0.602782 0.334316 0.094525 0.094975 0.880797
1 0.602765 0.333394 0.094473 0.096768 0.880797
1 0.357393 0.332342 0.043134 0.056474 0.002473
1 0.359133 0.333138 0.042903 0.060172 0.002473
1 0.363597 0.333642 0.051687 0.064319 0.002473
1 0.395640 0.343975 0.051265 0.091022 0.010987
1 0.423152 0.324425 0.032834 0.051544 0.006693
1 0.427490 0.316266 0.027105 0.035130 0.017986
1 0.433346 0.318119 0.033966 0.037901 0.001501
1 0.491530 0.332031 0.086143 0.127521 0.817575
1 0.492294 0.333305 0.084613 0.124971 0.880797
1 0.491512 0.333264 0.086104 0.124911 0.924142
1 0.544703 0.320329 0.017578 0.031289 0.006693
1 0.602954 0.333476 0.094178 0.093306 0.880797
1 0.602777 0.333424 0.094498 0.093180 0.880797
1 0.603272 0.333476 0.096580 0.093334 0.880797
1 0.359688 0.333432 0.043790 0.056772 0.002473
1 0.361488 0.335891 0.048429 0.064982 0.001501
1 0.403827 0.339574 0.065043 0.086861 0.006693
1 0.426521 0.331033 0.029131 0.065340 0.001501
1 0.491531 0.332031 0.086142 0.127579 0.817575
1 0.492295 0.330764 0.084612 0.125015 0.880797
1 0.491526 0.330756 0.086131 0.125033 0.880797
1 0.603538 0.332590 0.096056 0.095143 0.880797
1 0.602780 0.332523 0.094496 0.095013 0.880797
1 0.603497 0.334278 0.096117 0.095169 0.924142
1 0.491513 0.332060 0.086109 0.127578 0.924142
1 0.602973 0.332562 0.094201 0.095127 0.880797
1 0.602564 0.332537 0.094881 0.095140 0.924142
1 0.017193 0.419139 0.034562 0.453967 0.017986
1 0.016700 0.418265 0.033487 0.431785 0.047426
1 0.017237 0.441379 0.034578 0.421307 0.500000
1 0.016715 0.435434 0.033485 0.418544 0.377541
1 0.016507 0.457858 0.036148 0.378189 0.500000
1 0.016672 0.453550 0.033392 0.385930 0.500000
1 0.016781 0.451414 0.033836 0.368069 0.182426
1 0.015960 0.460028 0.035052 0.368807 0.500000
1 0.016328 0.459800 0.032674 0.370098 0.500000
1 0.016782 0.455498 0.033833 0.364773 0.119203
1 0.017276 0.463094 0.034668 0.371275 0.500000
1 0.015962 0.459594 0.035036 0.369333 0.622459
1 0.016752 0.463588 0.033573 0.369305 0.182426
1 0.016721 0.460441 0.033515 0.366900 0.075858
3 0.017193 0.419139 0.034562 0.453967 0.001501
3 0.017237 0.441379 0.034578 0.421307 0.002473
3 0.016507 0.457858 0.036148 0.378189 0.002473
3 0.015960 0.460028 0.035052 0.368807 0.001501
4 0.360060 0.327952 0.036678 0.069865 0.001501
4 0.372861 0.331678 0.049734 0.071999 0.001501
4 0.223381 0.343483 0.028004 0.087656 0.002473
4 0.357393 0.332342 0.043134 0.056474 0.002473
4 0.359133 0.333138 0.042903 0.060172 0.006693
4 0.363597 0.333642 0.051687 0.064319 0.010987
4 0.391294 0.344389 0.043620 0.091415 0.004070
4 0.392257 0.344681 0.044509 0.095663 0.006693
4 0.395640 0.343975 0.051265 0.091022 0.017986
4 0.208413 0.337539 0.025064 0.102984 0.001501
4 0.224387 0.344537 0.030015 0.084218 0.004070
4 0.224498 0.343650 0.032239 0.085589 0.001501
4 0.357082 0.333905 0.042511 0.059646 0.004070
4 0.359688 0.333432 0.043790 0.056772 0.017986
4 0.361488 0.335891 0.048429 0.064982 0.006693
4 0.391312 0.345905 0.043672 0.094321 0.001501
4 0.392530 0.345806 0.045084 0.094166 0.002473
4 0.395625 0.342430 0.051173 0.096375 0.010987
4 0.403827 0.339574 0.065043 0.086861 0.017986
4 0.208192 0.339323 0.026709 0.099559 0.004070
4 0.225057 0.345893 0.031634 0.081121 0.006693
4 0.225473 0.344767 0.032790 0.085856 0.006693
4 0.344688 0.344671 0.021434 0.082139 0.004070
4 0.365745 0.343481 0.055804 0.089831 0.006693
4 0.376692 0.346029 0.053386 0.093457 0.004070
4 0.390761 0.344970 0.043161 0.096321 0.001501
4 0.393932 0.343560 0.049332 0.094225 0.004070
4 0.404427 0.339284 0.064662 0.090601 0.004070
4 0.127904 0.357700 0.022893 0.090389 0.001501
4 0.128261 0.356320 0.021821 0.092847 0.001501
4 0.207857 0.339400 0.024923 0.097039 0.010987
4 0.222988 0.346024 0.032077 0.081999 0.010987
4 0.224242 0.345747 0.033501 0.084451 0.010987
4 0.343331 0.350835 0.022993 0.080896 0.001501
4 0.367809 0.346511 0.056980 0.094615 0.004070
4 0.379912 0.347123 0.042186 0.092460 0.006693
4 0.390283 0.345284 0.041754 0.096073 0.006693
5 0.203543 0.336218 0.017972 0.108885 0.001501
5 0.220677 0.339694 0.019851 0.091108 0.017986
5 0.352552 0.329587 0.033950 0.067438 0.006693
5 0.360060 0.327952 0.036678 0.069865 0.010987
5 0.372861 0.331678 0.049734 0.071999 0.029312
5 0.391247 0.341891 0.043676 0.090941 0.006693
5 0.392518 0.341923 0.045169 0.091064 0.029312
5 0.205578 0.336063 0.020964 0.109275 0.047426
5 0.223381 0.343483 0.028004 0.087656 0.182426
5 0.232744 0.343673 0.017628 0.086426 0.029312
5 0.357393 0.332342 0.043134 0.056474 0.047426
5 0.359133 0.333138 0.042903 0.060172 0.047426
5 0.363597 0.333642 0.051687 0.064319 0.075858
5 0.391294 0.344389 0.043620 0.091415 0.622459
5 0.392257 0.344681 0.044509 0.095663 0.500000
5 0.395640 0.343975 0.051265 0.091022 0.268941
5 0.423152 0.324425 0.032834 0.051544 0.001501
5 0.128436 0.357714 0.021251 0.090620 0.010987
5 0.138421 0.357376 0.021668 0.087621 0.004070
5 0.148956 0.352694 0.035771 0.098735 0.002473
5 0.208413 0.337539 0.025064 0.102984 0.075858
5 0.224387 0.344537 0.030015 0.084218 0.182426
5 0.224498 0.343650 0.032239 0.085589 0.075858
5 0.357082 0.333905 0.042511 0.059646 0.010987
5 0.359688 0.333432 0.043790 0.056772 0.075858
5 0.361488 0.335891 0.048429 0.064982 0.047426
5 0.391312 0.345905 0.043672 0.094321 0.622459
5 0.392530 0.345806 0.045084 0.094166 0.500000
5 0.395625 0.342430 0.051173 0.096375 0.268941
5 0.403827 0.339574 0.065043 0.086861 0.017986
5 0.045362 0.369442 0.022051 0.135619 0.001501
5 0.059324 0.372915 0.019023 0.099617 0.004070
5 0.127882 0.358941 0.022851 0.087792 0.004070
5 0.128916 0.356912 0.020397 0.093993 0.010987
5 0.141651 0.358130 0.024569 0.089334 0.004070
5 0.147549 0.352737 0.033005 0.101084 0.004070
5 0.204270 0.337344 0.025915 0.107169 0.004070
5 0.208192 0.339323 0.026709 0.099559 0.075858
5 0.225057 0.345893 0.031634 0.081121 0.119203
5 0.225473 0.344767 0.032790 0.085856 0.119203
5 0.234596 0.342080 0.021947 0.082858 0.001501
5 0.344688 0.344671 0.021434 0.082139 0.002473
5 0.365745 0.343481 0.055804 0.089831 0.017986
5 0.376692 0.346029 0.053386 0.093457 0.047426
5 0.391356 0.345168 0.042843 0.096001 0.377541
5 0.390761 0.344970 0.043161 0.096321 0.500000
5 0.393932 0.343560 0.049332 0.094225 0.377541
5 0.404427 0.339284 0.064662 0.090601 0.010987
5 0.059262 0.375684 0.019146 0.106418 0.006693
5 0.062252 0.369157 0.014965 0.116231 0.001501
5 0.127904 0.357700 0.022893 0.090389 0.004070
5 0.128261 0.356320 0.021821 0.092847 0.006693
5 0.142238 0.357879 0.026151 0.090054 0.004070
5 0.146222 0.353924 0.030454 0.098801 0.002473
5 0.202943 0.337567 0.025801 0.107423 0.001501
5 0.207857 0.339400 0.024923 0.097039 0.017986
5 0.222988 0.346024 0.032077 0.081999 0.047426
5 0.224242 0.345747 0.033501 0.084451 0.047426
5 0.343331 0.350835 0.022993 0.080896 0.001501
5 0.367809 0.346511 0.056980 0.094615 0.010987
5 0.379912 0.347123 0.042186 0.092460 0.075858
5 0.387127 0.345664 0.036052 0.095281 0.047426
5 0.390283 0.345284 0.041754 0.096073 0.377541
5 0.393680 0.345244 0.048191 0.096289 0.006693
5 0.404088 0.342248 0.060401 0.099663 0.001501
5 0.058315 0.376619 0.020374 0.114637 0.004070
