0 0.227494 0.274917 0.014255 0.045707 0.002473
0 0.226069 0.287481 0.019659 0.039304 0.004070
0 0.227868 0.284997 0.013499 0.033720 0.029312
0 0.007217 0.366879 0.014479 0.098670 0.004070
0 0.131254 0.338927 0.009484 0.067068 0.004070
0 0.008093 0.372470 0.013163 0.097945 0.017986
0 0.059673 0.344404 0.011632 0.085540 0.001501
0 0.132083 0.339923 0.011167 0.070168 0.004070
0 0.009991 0.375656 0.017053 0.102648 0.006693
0 0.059196 0.347563 0.012687 0.078232 0.001501
0 0.132751 0.338969 0.009773 0.067171 0.001501
1 0.343533 0.324648 0.029190 0.066900 0.001501
1 0.407647 0.330909 0.099497 0.141771 0.880797
1 0.407480 0.329729 0.100148 0.138647 0.880797
1 0.407928 0.329513 0.101092 0.138213 0.817575
1 0.473435 0.316038 0.028115 0.050694 0.004070
1 0.474636 0.313554 0.028017 0.051963 0.002473
1 0.517209 0.327552 0.076918 0.100182 0.817575
1 0.517641 0.328690 0.077238 0.102463 0.880797
1 0.517785 0.327573 0.076951 0.100217 0.817575
1 0.007217 0.366879 0.014479 0.098670 0.002473
1 0.345214 0.323632 0.028874 0.059388 0.004070
1 0.407770 0.329398 0.099231 0.138797 0.817575
1 0.408528 0.329368 0.101973 0.138409 0.817575
1 0.407993 0.329279 0.100944 0.138519 0.880797
1 0.471961 0.320893 0.025000 0.046112 0.001501
1 0.472763 0.323072 0.023805 0.043525 0.004070
1 0.517849 0.327601 0.075641 0.100251 0.817575
1 0.517841 0.327562 0.077277 0.100193 0.880797
1 0.517198 0.327609 0.077670 0.100272 0.817575
1 0.008093 0.372470 0.013163 0.097945 0.006693
1 0.011945 0.368431 0.024132 0.085836 0.001501
1 0.164177 0.351291 0.047462 0.047234 0.001501
1 0.346112 0.327458 0.030442 0.074310 0.001501
1 0.407441 0.329636 0.099874 0.138926 0.817575
1 0.407997 0.329497 0.100917 0.138637 0.880797
1 0.408040 0.328437 0.100854 0.136047 0.817575
1 0.472214 0.327799 0.024588 0.067658 0.001501
1 0.475271 0.326490 0.032636 0.064316 0.002473
1 0.516513 0.327567 0.078746 0.100228 0.731059
1 0.517710 0.326700 0.075926 0.102098 0.880797
1 0.517079 0.327573 0.077901 0.100234 0.817575
1 0.009991 0.375656 0.017053 0.102648 0.001501
1 0.244636 0.359056 0.214410 0.176497 0.047426
1 0.408325 0.329455 0.100266 0.138832 0.817575
1 0.516351 0.327631 0.078648 0.100217 0.817575
1 0.009418 0.380532 0.018949 0.101355 0.002473
1 0.246036 0.360089 0.214284 0.176955 0.939913
1 0.246283 0.359312 0.213904 0.174715 0.952574
1 0.246940 0.360799 0.215398 0.179735 0.562177
1 0.246052 0.360320 0.214030 0.172654 0.924142
1 0.245933 0.360515 0.214313 0.172326 0.924142
1 0.246355 0.360605 0.213616 0.172189 0.924142
1 0.246813 0.360539 0.215665 0.172289 0.924142
1 0.246696 0.361019 0.215575 0.171793 0.904651
1 0.245532 0.361006 0.212504 0.171741 0.904651
1 0.246607 0.361989 0.213570 0.173839 0.880797
4 0.008093 0.372470 0.013163 0.097945 0.029312
4 0.011945 0.368431 0.024132 0.085836 0.017986
4 0.009991 0.375656 0.017053 0.102648 0.119203
4 0.015455 0.375251 0.030953 0.089343 0.075858
4 0.021089 0.372463 0.042027 0.077454 0.010987
4 0.011004 0.377800 0.022108 0.103999 0.119203
4 0.014677 0.378355 0.029378 0.090967 0.075858
4 0.021284 0.374532 0.042540 0.074264 0.017986
4 0.010250 0.379380 0.020600 0.102173 0.182426
4 0.012406 0.380404 0.024826 0.092040 0.119203
4 0.022232 0.376994 0.043331 0.070419 0.047426
4 0.030633 0.371669 0.030915 0.074405 0.004070
4 0.009418 0.380532 0.018949 0.101355 0.047426
4 0.010630 0.382286 0.021392 0.098361 0.047426
4 0.024136 0.387764 0.031907 0.117301 0.002473
5 0.008093 0.372470 0.013163 0.097945 0.004070
5 0.011945 0.368431 0.024132 0.085836 0.004070
5 0.009991 0.375656 0.017053 0.102648 0.002473
5 0.021089 0.372463 0.042027 0.077454 0.002473
5 0.021284 0.374532 0.042540 0.074264 0.001501
5 0.031289 0.363280 0.031922 0.092784 0.001501
5 0.010250 0.379380 0.020600 0.102173 0.002473
5 0.022232 0.376994 0.043331 0.070419 0.002473
5 0.030633 0.371669 0.030915 0.074405 0.002473
5 0.009418 0.380532 0.018949 0.101355 0.002473
5 0.010630 0.382286 0.021392 0.098361 0.001501
