0 0.195153 0.263389 0.018869 0.157119 0.001501
0 0.198574 0.257962 0.022135 0.164718 0.001501
0 0.174661 0.284117 0.037415 0.209612 0.004070
0 0.199830 0.285067 0.024898 0.223739 0.001501
0 0.245258 0.305927 0.015776 0.167921 0.001501
0 0.170895 0.287909 0.033545 0.211156 0.001501
0 0.173134 0.288195 0.036477 0.215097 0.002473
0 0.237669 0.301944 0.024824 0.199244 0.004070
0 0.244531 0.310743 0.014452 0.176152 0.006693
0 0.670998 0.283666 0.011228 0.057781 0.010987
0 0.674568 0.284785 0.018317 0.061056 0.001501
0 0.172194 0.292636 0.034248 0.220543 0.500000
0 0.171848 0.293252 0.035565 0.222233 0.377541
0 0.238643 0.296049 0.023072 0.199719 0.006693
0 0.243317 0.306119 0.019332 0.169268 0.006693
0 0.286676 0.313474 0.015468 0.086127 0.001501
0 0.289716 0.309886 0.012646 0.078401 0.017986
0 0.329721 0.304500 0.012543 0.072766 0.047426
0 0.353297 0.306734 0.012653 0.058605 0.119203
0 0.647810 0.285575 0.022679 0.044304 0.001501
0 0.670341 0.286437 0.012632 0.052209 0.029312
0 0.673815 0.290051 0.019509 0.050261 0.006693
0 0.171908 0.294674 0.032139 0.225735 0.622459
0 0.172315 0.294137 0.034666 0.227598 0.377541
0 0.216396 0.285976 0.061136 0.244998 0.010987
0 0.237461 0.291894 0.025189 0.207978 0.001501
0 0.241646 0.307393 0.019883 0.169669 0.004070
0 0.286409 0.310851 0.017081 0.086058 0.001501
0 0.289718 0.307804 0.012650 0.079387 0.029312
0 0.329722 0.305459 0.012581 0.069448 0.047426
0 0.343663 0.308435 0.010139 0.050194 0.001501
0 0.352779 0.307958 0.011515 0.055913 0.268941
0 0.671074 0.288263 0.014142 0.053784 0.017986
0 0.674277 0.291493 0.020858 0.047683 0.001501
0 0.169916 0.290516 0.032051 0.213451 0.006693
0 0.172264 0.292120 0.031114 0.225483 0.500000
0 0.172119 0.292917 0.032707 0.227095 0.268941
0 0.215141 0.286102 0.052518 0.246127 0.119203
0 0.215711 0.283813 0.056848 0.246436 0.075858
0 0.224215 0.285131 0.048504 0.228411 0.002473
0 0.241645 0.307391 0.019902 0.165230 0.002473
0 0.289718 0.308793 0.012651 0.081159 0.010987
0 0.329721 0.305149 0.012549 0.066596 0.047426
0 0.345290 0.307398 0.010065 0.052232 0.002473
0 0.352797 0.307849 0.011491 0.056130 0.268941
0 0.172539 0.293328 0.027118 0.227850 0.268941
0 0.173320 0.293933 0.029705 0.233607 0.182426
0 0.214678 0.284714 0.054526 0.248606 0.182426
0 0.215603 0.283511 0.056562 0.246016 0.119203
0 0.218033 0.284074 0.060265 0.233048 0.017986
0 0.240592 0.308985 0.019099 0.158181 0.001501
0 0.290218 0.309323 0.011640 0.076543 0.006693
0 0.172634 0.293199 0.026828 0.229336 0.268941
0 0.173539 0.291981 0.025926 0.232317 0.182426
0 0.215462 0.282153 0.052963 0.254645 0.182426
0 0.214303 0.281773 0.056911 0.248289 0.119203
0 0.217096 0.281931 0.058689 0.243617 0.029312
0 0.172646 0.295702 0.023830 0.229495 0.119203
0 0.173556 0.293399 0.025858 0.229874 0.047426
0 0.214661 0.287141 0.054543 0.264461 0.119203
0 0.213865 0.285634 0.053130 0.258438 0.075858
0 0.215866 0.286238 0.056252 0.250638 0.006693
0 0.213979 0.304339 0.053738 0.290970 0.001501
0 0.991811 0.358320 0.013735 0.181970 0.001501
1 0.984675 0.317248 0.030725 0.146627 0.006693
1 0.989035 0.321976 0.021963 0.155413 0.004070
1 0.387727 0.315900 0.039871 0.058145 0.731059
1 0.387125 0.315971 0.041175 0.058267 0.880797
1 0.387102 0.317148 0.041228 0.056099 0.880797
1 0.387548 0.315971 0.041978 0.058285 0.817575
1 0.427815 0.312460 0.033739 0.028380 0.731059
1 0.428699 0.311576 0.032419 0.030233 0.731059
1 0.428800 0.310917 0.032901 0.028954 0.500000
1 0.452615 0.314856 0.016841 0.036891 0.010987
1 0.459306 0.311734 0.029549 0.049943 0.001501
1 0.987043 0.339247 0.026004 0.119785 0.075858
1 0.989014 0.338257 0.021984 0.131390 0.047426
1 0.387469 0.317588 0.040449 0.057104 0.731059
1 0.387787 0.317187 0.039888 0.056199 0.880797
1 0.387888 0.317191 0.041234 0.056164 0.880797
1 0.387529 0.317173 0.042012 0.056233 0.731059
1 0.428697 0.311857 0.032423 0.027164 0.731059
1 0.428702 0.311844 0.032426 0.027135 0.731059
1 0.428043 0.310954 0.034413 0.028920 0.377541
1 0.453027 0.315944 0.016108 0.034976 0.029312
1 0.459961 0.315388 0.028712 0.043942 0.001501
1 0.980162 0.337577 0.037157 0.057359 0.004070
1 0.987360 0.345970 0.025400 0.108527 0.119203
1 0.988292 0.344954 0.023436 0.115673 0.182426
1 0.387857 0.317185 0.041200 0.060789 0.010987
1 0.387906 0.316059 0.041221 0.058556 0.731059
1 0.387099 0.316072 0.041228 0.058530 0.731059
1 0.976960 0.344221 0.036834 0.046922 0.004070
1 0.987507 0.353815 0.022102 0.095819 0.182426
1 0.989014 0.355265 0.022008 0.094127 0.268941
1 0.975406 0.356862 0.040109 0.068570 0.001501
1 0.988275 0.356142 0.023641 0.085310 0.268941
1 0.989744 0.356706 0.023644 0.084302 0.377541
1 0.988903 0.357278 0.022313 0.084376 0.119203
1 0.989080 0.356221 0.021886 0.085537 0.268941
1 0.990984 0.362246 0.018139 0.133588 0.006693
1 0.600841 0.383310 0.304799 0.286340 0.924142
1 0.600794 0.383446 0.304740 0.286316 0.924142
1 0.601452 0.381808 0.306145 0.287054 0.924142
1 0.600101 0.383433 0.306347 0.286331 0.904651
1 0.600773 0.383506 0.304709 0.286418 0.924142
1 0.601510 0.382493 0.303150 0.288266 0.904651
1 0.601423 0.382296 0.306110 0.288718 0.880797
1 0.600848 0.380524 0.304819 0.287755 0.952574
1 0.600777 0.381698 0.304736 0.290003 0.939913
1 0.600710 0.381943 0.307619 0.287243 0.924142
3 0.988292 0.344954 0.023436 0.115673 0.002473
3 0.989014 0.355265 0.022008 0.094127 0.002473
3 0.988275 0.356142 0.023641 0.085310 0.001501
3 0.989744 0.356706 0.023644 0.084302 0.002473
3 0.989080 0.356221 0.021886 0.085537 0.002473
5 0.286409 0.310851 0.017081 0.086058 0.001501
5 0.286561 0.312069 0.015209 0.082661 0.004070
5 0.266209 0.334440 0.029079 0.158526 0.001501
5 0.285620 0.319291 0.015614 0.096489 0.006693
5 0.277505 0.334859 0.028701 0.145960 0.004070
5 0.276207 0.334469 0.032503 0.149927 0.001501
5 0.277309 0.348353 0.030340 0.127295 0.002473
