0 0.485076 0.303183 0.010651 0.055090 0.500000
0 0.543746 0.298151 0.012531 0.049694 0.001501
0 0.995728 0.353457 0.008572 0.241033 0.001501
0 0.485073 0.304497 0.010656 0.057715 0.622459
0 0.545290 0.300553 0.012594 0.048819 0.002473
0 0.974109 0.339594 0.048441 0.483883 0.001501
0 0.485080 0.304547 0.010646 0.057595 0.622459
0 0.973330 0.355935 0.050432 0.476970 0.001501
0 0.974921 0.363402 0.050311 0.480116 0.001501
0 0.973204 0.354661 0.050707 0.479108 0.002473
0 0.973978 0.351761 0.052197 0.495995 0.002473
0 0.973373 0.361099 0.053402 0.459562 0.001501
0 0.974366 0.362772 0.048469 0.472986 0.001501
1 0.995728 0.353457 0.008572 0.241033 0.001501
1 0.359778 0.325959 0.030661 0.050995 0.010987
1 0.360646 0.326756 0.032049 0.054498 0.017986
1 0.420466 0.328650 0.094013 0.106025 0.880797
1 0.420034 0.327524 0.093133 0.108278 0.924142
1 0.420470 0.327561 0.094024 0.108350 0.880797
1 0.806188 0.320211 0.040967 0.057888 0.002473
1 0.809627 0.320102 0.050440 0.062653 0.004070
1 0.821961 0.321356 0.072966 0.060370 0.001501
1 0.827627 0.321104 0.069920 0.059883 0.001501
1 0.240438 0.330193 0.025138 0.019899 0.075858
1 0.241101 0.330241 0.023614 0.019700 0.075858
1 0.299948 0.325318 0.022154 0.025768 0.029312
1 0.301482 0.325318 0.022093 0.025770 0.029312
1 0.311036 0.325166 0.029171 0.026308 0.001501
1 0.335412 0.326604 0.020920 0.023151 0.182426
1 0.335919 0.324221 0.018658 0.023521 0.075858
1 0.359638 0.326838 0.030890 0.045044 0.731059
1 0.360536 0.326885 0.032145 0.044967 0.817575
1 0.366397 0.326169 0.032713 0.045782 0.006693
1 0.421440 0.328659 0.092885 0.106012 0.924142
1 0.421934 0.328649 0.090818 0.105992 0.924142
1 0.421169 0.328673 0.092348 0.106050 0.924142
1 0.670390 0.319042 0.034269 0.023552 0.001501
1 0.671300 0.318848 0.036239 0.024017 0.002473
1 0.807897 0.321471 0.044384 0.060217 0.006693
1 0.809590 0.321438 0.047512 0.060247 0.004070
1 0.818668 0.321479 0.066028 0.060334 0.002473
1 0.825155 0.320423 0.073901 0.058007 0.001501
1 0.240441 0.333696 0.025208 0.026214 0.002473
1 0.241353 0.332664 0.023191 0.024441 0.004070
1 0.358002 0.330389 0.030536 0.042719 0.017986
1 0.359805 0.326779 0.030511 0.045179 0.731059
1 0.360565 0.327981 0.032191 0.047294 0.731059
1 0.369996 0.327799 0.029572 0.049022 0.004070
1 0.421463 0.328658 0.092949 0.106022 0.880797
1 0.420384 0.326612 0.093853 0.106468 0.924142
1 0.420390 0.327508 0.093838 0.108256 0.924142
1 0.807300 0.321278 0.043189 0.060913 0.002473
1 0.811691 0.321402 0.051983 0.060625 0.001501
1 0.825117 0.318695 0.074587 0.061529 0.001501
1 0.973204 0.354661 0.050707 0.479108 0.002473
1 0.973978 0.351761 0.052197 0.495995 0.004070
1 0.421168 0.328682 0.092347 0.106003 0.924142
1 0.973765 0.352567 0.051552 0.382722 0.002473
1 0.973383 0.361037 0.053344 0.442305 0.029312
1 0.973373 0.361099 0.053402 0.459562 0.119203
1 0.974366 0.362772 0.048469 0.472986 0.010987
1 0.972855 0.355092 0.052105 0.355375 0.001501
1 0.974121 0.366322 0.052024 0.428077 0.029312
1 0.972748 0.372590 0.051666 0.454706 0.119203
1 0.973575 0.370110 0.053131 0.455312 0.047426
1 0.973570 0.370792 0.053383 0.432543 0.010987
1 0.973559 0.372891 0.053135 0.451051 0.119203
1 0.973486 0.374549 0.050368 0.454228 0.119203
1 0.973484 0.380403 0.050432 0.412178 0.010987
1 0.973579 0.384277 0.053172 0.441966 0.047426
1 0.973584 0.391143 0.053154 0.428180 0.047426
1 0.974291 0.398290 0.052062 0.364942 0.010987
1 0.972776 0.401472 0.051665 0.389720 0.047426
1 0.973529 0.408922 0.050297 0.388207 0.029312
1 0.974199 0.414458 0.052166 0.334452 0.017986
1 0.973587 0.415147 0.053288 0.354120 0.075858
1 0.973677 0.420019 0.053315 0.362838 0.047426
1 0.974336 0.414355 0.055009 0.336892 0.002473
1 0.977484 0.288584 0.056290 0.605954 0.001927
1 0.975593 0.301111 0.054517 0.597359 0.014064
1 0.974029 0.307449 0.054348 0.576960 0.047426
1 0.975905 0.326750 0.055589 0.556151 0.022977
2 0.973383 0.361037 0.053344 0.442305 0.001501
2 0.973373 0.361099 0.053402 0.459562 0.004070
2 0.974366 0.362772 0.048469 0.472986 0.001501
2 0.974121 0.366322 0.052024 0.428077 0.002473
2 0.972748 0.372590 0.051666 0.454706 0.004070
2 0.973575 0.370110 0.053131 0.455312 0.004070
2 0.973570 0.370792 0.053383 0.432543 0.001501
2 0.973559 0.372891 0.053135 0.451051 0.002473
2 0.973486 0.374549 0.050368 0.454228 0.004070
2 0.977484 0.288584 0.056290 0.605954 0.002473
2 0.975593 0.301111 0.054517 0.597359 0.006693
2 0.974029 0.307449 0.054348 0.576960 0.008577
2 0.975905 0.326750 0.055589 0.556151 0.001927
3 0.973373 0.361099 0.053402 0.459562 0.002473
3 0.974121 0.366322 0.052024 0.428077 0.004070
3 0.972748 0.372590 0.051666 0.454706 0.010987
3 0.973575 0.370110 0.053131 0.455312 0.004070
3 0.973570 0.370792 0.053383 0.432543 0.002473
3 0.973559 0.372891 0.053135 0.451051 0.017986
3 0.973486 0.374549 0.050368 0.454228 0.004070
3 0.973579 0.384277 0.053172 0.441966 0.002473
3 0.977484 0.288584 0.056290 0.605954 0.003173
3 0.975593 0.301111 0.054517 0.597359 0.010987
3 0.974029 0.307449 0.054348 0.576960 0.010987
3 0.975905 0.326750 0.055589 0.556151 0.003173
4 0.013716 0.351918 0.028194 0.084346 0.002473
4 0.014541 0.373008 0.029362 0.071291 0.268941
4 0.014508 0.373983 0.029202 0.072602 0.182426
4 0.013985 0.374436 0.028126 0.070671 0.377541
4 0.013946 0.374043 0.028025 0.071137 0.268941
4 0.014551 0.375486 0.029204 0.069024 0.377541
4 0.013789 0.374482 0.030715 0.071204 0.268941
4 0.019185 0.371415 0.035823 0.074038 0.001501
4 0.015348 0.374973 0.027707 0.070701 0.268941
4 0.014011 0.375573 0.028092 0.069082 0.182426
4 0.018073 0.377273 0.036620 0.066020 0.002473
5 0.973383 0.361037 0.053344 0.442305 0.001501
5 0.973373 0.361099 0.053402 0.459562 0.002473
