0 0.586695 0.270753 0.026736 0.041697 0.017986
0 0.591702 0.270046 0.016618 0.045297 0.268941
0 0.602671 0.290868 0.035894 0.082211 0.004070
0 0.618740 0.292865 0.015622 0.090866 0.622459
0 0.588196 0.276458 0.029932 0.053199 0.002473
0 0.592146 0.269935 0.019573 0.045162 0.119203
0 0.619509 0.291696 0.014089 0.088586 0.731059
0 0.603452 0.289081 0.042989 0.073979 0.004070
0 0.617979 0.292993 0.014105 0.086030 0.731059
0 0.617981 0.294091 0.014072 0.088330 0.731059
0 0.617198 0.298159 0.012573 0.096668 0.006693
1 0.356096 0.325091 0.043197 0.080498 0.002473
1 0.363994 0.301619 0.059280 0.067986 0.002473
1 0.787954 0.309890 0.045555 0.041779 0.029312
1 0.789095 0.309941 0.041040 0.041722 0.006693
1 0.788636 0.307680 0.041930 0.041735 0.010987
1 0.789532 0.309941 0.043294 0.041723 0.010987
1 0.347216 0.338554 0.025510 0.064399 0.017986
1 0.349515 0.340361 0.032276 0.075367 0.017986
1 0.357814 0.336296 0.050447 0.095156 0.029312
1 0.369215 0.318454 0.072042 0.144435 0.002473
1 0.788013 0.309812 0.045438 0.042036 0.006693
1 0.789401 0.309922 0.043249 0.041786 0.006693
1 0.789335 0.311215 0.043192 0.039194 0.004070
1 0.790058 0.309935 0.042582 0.041757 0.004070
1 0.029419 0.351599 0.059064 0.092585 0.002473
1 0.029009 0.339586 0.062135 0.068531 0.001501
1 0.346395 0.341525 0.025944 0.066563 0.010987
1 0.351916 0.342461 0.037053 0.076127 0.017986
1 0.357879 0.340203 0.049009 0.086605 0.029312
1 0.029594 0.359085 0.062750 0.105048 0.002473
1 0.346826 0.344605 0.026729 0.066857 0.006693
1 0.351681 0.341155 0.036566 0.078836 0.017986
1 0.354421 0.340365 0.043537 0.083208 0.004070
1 0.473652 0.363783 0.288227 0.321448 0.924142
1 0.472820 0.362797 0.286582 0.324067 0.924142
1 0.474583 0.362184 0.283071 0.322813 0.924142
1 0.473185 0.360114 0.284457 0.318942 0.924142
1 0.474603 0.361424 0.287650 0.326222 0.001170
1 0.474864 0.361390 0.288101 0.329563 0.924142
1 0.472439 0.361854 0.285810 0.326583 0.924142
1 0.472813 0.361247 0.283912 0.325384 0.924142
1 0.472840 0.359377 0.283922 0.321854 0.952574
1 0.473779 0.363572 0.285924 0.325929 0.008577
1 0.472766 0.362985 0.283877 0.324902 0.924142
1 0.472765 0.362384 0.283860 0.323552 0.939913
3 0.588196 0.276458 0.029932 0.053199 0.001501
3 0.788636 0.307680 0.041930 0.041735 0.001501
4 0.033378 0.364177 0.065143 0.098481 0.001501
4 0.045289 0.382922 0.045195 0.055566 0.004070
4 0.046017 0.381048 0.040322 0.057551 0.001501
4 0.046528 0.389175 0.040663 0.048297 0.010987
4 0.045942 0.388482 0.039596 0.046678 0.010987
4 0.046552 0.387573 0.040716 0.048458 0.006693
4 0.044591 0.391780 0.045022 0.050328 0.002473
4 0.045207 0.389863 0.041098 0.048844 0.004070
4 0.045626 0.390263 0.042666 0.053518 0.001501
