0 0.606960 0.314034 0.008413 0.028986 0.002473
0 0.606945 0.316094 0.008142 0.029460 0.004070
1 0.753959 0.282133 0.115205 0.061117 0.001501
1 0.511963 0.327732 0.060462 0.072453 0.006693
1 0.511693 0.327372 0.059171 0.076743 0.731059
1 0.511023 0.328344 0.057754 0.078624 0.731059
1 0.512105 0.322474 0.057870 0.061879 0.017986
1 0.548512 0.315621 0.016332 0.030362 0.006693
1 0.552263 0.314484 0.020640 0.028057 0.006693
1 0.020511 0.349966 0.041515 0.095223 0.029312
1 0.020041 0.351112 0.040578 0.088636 0.017986
1 0.512193 0.328414 0.061299 0.079040 0.622459
1 0.512065 0.329553 0.059929 0.075917 0.622459
1 0.511740 0.330257 0.059225 0.077303 0.731059
1 0.512128 0.326245 0.057828 0.069317 0.622459
1 0.548628 0.316476 0.016489 0.024125 0.182426
1 0.552170 0.317126 0.020757 0.022805 0.182426
1 0.568984 0.317170 0.021001 0.019177 0.004070
1 0.576739 0.315770 0.018590 0.016315 0.006693
1 0.623169 0.320492 0.022223 0.027022 0.001501
1 0.947920 0.314646 0.101129 0.239323 0.001501
1 0.020265 0.362890 0.040708 0.080587 0.268941
1 0.019573 0.362460 0.039298 0.082951 0.182426
1 0.018817 0.358680 0.041071 0.080910 0.029312
1 0.156995 0.351970 0.085972 0.059395 0.880797
1 0.156225 0.350950 0.087522 0.057792 0.880797
1 0.155475 0.351557 0.085977 0.060187 0.880797
1 0.154704 0.350993 0.087486 0.057715 0.880797
1 0.156291 0.351892 0.084334 0.059598 0.880797
1 0.512658 0.330376 0.061140 0.077838 0.119203
1 0.512495 0.329333 0.061860 0.080556 0.622459
1 0.512608 0.328431 0.060520 0.078801 0.622459
1 0.512565 0.328610 0.060747 0.074493 0.182426
1 0.949739 0.318264 0.100557 0.233225 0.002473
1 0.949017 0.317108 0.102061 0.236076 0.004070
1 0.019539 0.365373 0.039248 0.079257 0.377541
1 0.019513 0.364882 0.039186 0.081347 0.377541
1 0.018797 0.363073 0.040827 0.085135 0.182426
1 0.156254 0.351970 0.087487 0.059356 0.817575
1 0.154706 0.351861 0.087505 0.059594 0.880797
1 0.156247 0.352557 0.087511 0.060806 0.880797
1 0.155469 0.352563 0.086017 0.060826 0.880797
1 0.156328 0.351652 0.084280 0.060214 0.880797
1 0.512778 0.331000 0.062098 0.078870 0.004070
1 0.512986 0.330840 0.061680 0.083636 0.002473
1 0.949044 0.337657 0.101987 0.193711 0.002473
1 0.948906 0.325661 0.099147 0.218833 0.006693
1 0.948111 0.325091 0.103863 0.221216 0.002473
1 0.020211 0.365477 0.040523 0.080958 0.377541
1 0.019559 0.366656 0.039190 0.080304 0.377541
1 0.019601 0.366168 0.039350 0.083510 0.119203
1 0.948850 0.345183 0.102296 0.173876 0.001501
1 0.019498 0.366460 0.039082 0.096475 0.047426
1 0.021001 0.368155 0.039010 0.089360 0.047426
1 0.820743 0.296995 0.354589 0.264377 0.008577
1 0.826791 0.295880 0.333744 0.264605 0.075858
1 0.835783 0.301051 0.322403 0.269200 0.148047
1 0.844442 0.300699 0.305181 0.273843 0.119203
1 0.847283 0.302899 0.302332 0.273568 0.037327
1 0.824475 0.324095 0.344927 0.315922 0.037327
1 0.847429 0.309430 0.302160 0.285739 0.095349
1 0.854162 0.304065 0.291649 0.276040 0.014064
1 0.764198 0.384350 0.275138 0.258667 0.880797
1 0.763831 0.384437 0.271409 0.258754 0.880797
1 0.774429 0.381120 0.289660 0.265346 0.817575
1 0.853455 0.312277 0.293432 0.289914 0.029312
1 0.764793 0.383678 0.273474 0.257164 0.880797
1 0.764123 0.383612 0.275083 0.256978 0.880797
1 0.762733 0.383632 0.269284 0.256935 0.851953
1 0.764307 0.381313 0.266860 0.257756 0.777300
1 0.764919 0.382447 0.273616 0.259346 0.904651
1 0.764259 0.382385 0.272257 0.259213 0.880797
1 0.764844 0.381486 0.267931 0.257367 0.880797
2 0.753217 0.281940 0.109436 0.059569 0.001501
2 0.834507 0.260050 0.325996 0.254025 0.001927
2 0.840412 0.261113 0.304852 0.242568 0.005220
2 0.843614 0.272430 0.305430 0.262537 0.001170
2 0.820743 0.296995 0.354589 0.264377 0.014064
2 0.826791 0.295880 0.333744 0.264605 0.029312
2 0.835783 0.301051 0.322403 0.269200 0.008577
2 0.844442 0.300699 0.305181 0.273843 0.001927
2 0.824475 0.324095 0.344927 0.315922 0.003173
2 0.847429 0.309430 0.302160 0.285739 0.003173
3 0.826791 0.295880 0.333744 0.264605 0.001927
4 0.347775 0.321604 0.018041 0.018475 0.002473
4 0.350178 0.321484 0.016893 0.018648 0.001501
4 0.019601 0.366168 0.039350 0.083510 0.001501
5 0.512193 0.328414 0.061299 0.079040 0.002473
5 0.512065 0.329553 0.059929 0.075917 0.010987
5 0.511740 0.330257 0.059225 0.077303 0.004070
5 0.020265 0.362890 0.040708 0.080587 0.001501
5 0.019573 0.362460 0.039298 0.082951 0.002473
5 0.512658 0.330376 0.061140 0.077838 0.004070
5 0.512495 0.329333 0.061860 0.080556 0.017986
5 0.512608 0.328431 0.060520 0.078801 0.006693
5 0.019539 0.365373 0.039248 0.079257 0.004070
5 0.019513 0.364882 0.039186 0.081347 0.004070
5 0.018797 0.363073 0.040827 0.085135 0.001501
5 0.512778 0.331000 0.062098 0.078870 0.010987
5 0.512986 0.330840 0.061680 0.083636 0.010987
5 0.020211 0.365477 0.040523 0.080958 0.006693
5 0.019559 0.366656 0.039190 0.080304 0.006693
5 0.019601 0.366168 0.039350 0.083510 0.002473
5 0.019498 0.366460 0.039082 0.096475 0.002473
5 0.021001 0.368155 0.039010 0.089360 0.001501
