1 0.552445 0.302861 0.024409 0.046418 0.001501
1 0.311821 0.311128 0.036871 0.025806 0.001501
1 0.322547 0.311739 0.024635 0.022509 0.002473
1 0.328295 0.311712 0.029532 0.021275 0.004070
1 0.333618 0.311529 0.037109 0.022190 0.002473
1 0.513072 0.330614 0.068022 0.094056 0.880797
1 0.513093 0.330629 0.068012 0.094097 0.880797
1 0.555045 0.305199 0.029499 0.045149 0.004070
1 0.562452 0.306556 0.034875 0.043913 0.010987
1 0.566182 0.311191 0.033735 0.039353 0.029312
1 0.567197 0.311072 0.034905 0.039364 0.006693
1 0.641998 0.339307 0.130728 0.113160 0.047426
1 0.021020 0.349944 0.042466 0.107889 0.010987
1 0.022211 0.349776 0.045314 0.107942 0.010987
1 0.322614 0.313765 0.024117 0.021505 0.001501
1 0.328386 0.313888 0.026080 0.021268 0.002473
1 0.337495 0.314881 0.032177 0.021200 0.002473
1 0.513126 0.330620 0.067970 0.094058 0.880797
1 0.513100 0.330598 0.068010 0.094014 0.817575
1 0.513144 0.329358 0.067907 0.091540 0.880797
1 0.552439 0.311114 0.024810 0.045951 0.006693
1 0.562118 0.311157 0.030777 0.044909 0.029312
1 0.566142 0.312562 0.032119 0.041965 0.029312
1 0.568784 0.312600 0.031699 0.036692 0.006693
1 0.641971 0.340991 0.130839 0.114796 0.924142
1 0.643111 0.339293 0.130412 0.113101 0.880797
1 0.642932 0.339253 0.132749 0.113158 0.880797
1 0.744233 0.349561 0.124749 0.102544 0.817575
1 0.745284 0.350408 0.124186 0.104239 0.817575
1 0.747444 0.349499 0.119898 0.102434 0.817575
1 0.020991 0.359932 0.042273 0.088405 0.029312
1 0.019836 0.361815 0.043034 0.084559 0.047426
1 0.019808 0.359455 0.043468 0.084320 0.029312
1 0.156179 0.351070 0.084298 0.057595 0.880797
1 0.155464 0.351961 0.085991 0.059355 0.817575
1 0.155528 0.350990 0.085871 0.057690 0.817575
1 0.155505 0.351183 0.085921 0.057335 0.880797
1 0.157164 0.352158 0.082588 0.059076 0.880797
1 0.513119 0.330584 0.067985 0.094166 0.880797
1 0.513493 0.331284 0.067223 0.092921 0.880797
1 0.513102 0.328850 0.068009 0.092529 0.880797
1 0.561456 0.319172 0.026767 0.057309 0.004070
1 0.565178 0.321888 0.030996 0.062137 0.002473
1 0.641766 0.339275 0.130428 0.113172 0.880797
1 0.643150 0.339269 0.130505 0.113170 0.924142
1 0.642462 0.339227 0.131735 0.113277 0.880797
1 0.745072 0.348686 0.123534 0.104331 0.817575
1 0.745618 0.349516 0.123806 0.106025 0.880797
1 0.747147 0.349509 0.119670 0.102434 0.880797
1 0.020868 0.363379 0.042020 0.081925 0.029312
1 0.020900 0.364913 0.041877 0.078472 0.075858
1 0.020244 0.363694 0.043888 0.081282 0.075858
1 0.156247 0.351068 0.087358 0.057550 0.817575
1 0.155479 0.350997 0.085994 0.057691 0.817575
1 0.156287 0.352083 0.087429 0.059103 0.817575
1 0.155491 0.351906 0.085981 0.059506 0.817575
1 0.157180 0.352584 0.082538 0.060876 0.880797
1 0.512569 0.330169 0.069050 0.095123 0.817575
1 0.513492 0.330179 0.067213 0.094975 0.880797
1 0.642046 0.339228 0.130963 0.113252 0.880797
1 0.642486 0.339007 0.131848 0.113707 0.924142
1 0.642481 0.340438 0.131700 0.115963 0.880797
1 0.744756 0.349542 0.124160 0.106103 0.731059
1 0.745383 0.348627 0.123362 0.104291 0.880797
1 0.747119 0.348634 0.119901 0.104305 0.817575
1 0.020894 0.363408 0.041957 0.083789 0.047426
1 0.020147 0.367239 0.043428 0.076385 0.029312
1 0.021249 0.366649 0.042747 0.076803 0.047426
1 0.642416 0.339075 0.131533 0.113622 0.622459
1 0.745375 0.350497 0.124014 0.104284 0.880797
1 0.019528 0.367580 0.039205 0.088112 0.002473
1 0.021238 0.369604 0.042493 0.081905 0.001501
1 0.848606 0.297431 0.293137 0.261658 0.008577
1 0.849388 0.297839 0.295178 0.257160 0.008577
1 0.851682 0.297497 0.296647 0.261678 0.010987
1 0.850511 0.298782 0.298949 0.259329 0.017986
1 0.848721 0.296592 0.293380 0.259804 0.006693
1 0.851720 0.297874 0.296661 0.257172 0.005220
1 0.851798 0.296592 0.296426 0.259746 0.002473
1 0.852494 0.297867 0.298116 0.257311 0.004070
1 0.853075 0.296706 0.293829 0.259620 0.008577
1 0.852542 0.296642 0.294960 0.259611 0.002473
2 0.552232 0.301557 0.026726 0.043896 0.006693
2 0.552445 0.302861 0.024409 0.046418 0.010987
2 0.555045 0.305199 0.029499 0.045149 0.010987
2 0.562452 0.306556 0.034875 0.043913 0.002473
2 0.848606 0.297431 0.293137 0.261658 0.500000
2 0.849388 0.297839 0.295178 0.257160 0.562177
2 0.851682 0.297497 0.296647 0.261678 0.562177
2 0.850511 0.298782 0.298949 0.259329 0.500000
2 0.848721 0.296592 0.293380 0.259804 0.679179
2 0.851720 0.297874 0.296661 0.257172 0.731059
2 0.851798 0.296592 0.296426 0.259746 0.679179
2 0.852494 0.297867 0.298116 0.257311 0.679179
2 0.853075 0.296706 0.293829 0.259620 0.562177
2 0.852542 0.296642 0.294960 0.259611 0.622459
3 0.552232 0.301557 0.026726 0.043896 0.001501
3 0.552445 0.302861 0.024409 0.046418 0.004070
3 0.562357 0.305609 0.039836 0.053893 0.001501
3 0.555045 0.305199 0.029499 0.045149 0.001501
3 0.848606 0.297431 0.293137 0.261658 0.001170
3 0.848721 0.296592 0.293380 0.259804 0.001170
3 0.853075 0.296706 0.293829 0.259620 0.001501
5 0.020868 0.363379 0.042020 0.081925 0.002473
5 0.020900 0.364913 0.041877 0.078472 0.004070
5 0.020244 0.363694 0.043888 0.081282 0.001501
5 0.020894 0.363408 0.041957 0.083789 0.001501
5 0.020147 0.367239 0.043428 0.076385 0.002473
5 0.021249 0.366649 0.042747 0.076803 0.004070
