0 0.271293 0.340042 0.011873 0.050360 0.010987
0 0.280070 0.336669 0.020771 0.054707 0.001501
0 0.315757 0.341423 0.012765 0.052903 0.002473
0 0.272481 0.340368 0.014223 0.050624 0.004070
0 0.314618 0.344088 0.015069 0.052047 0.001501
1 0.532783 0.320786 0.009898 0.011914 0.001501
1 0.555501 0.322907 0.014179 0.020871 0.119203
1 0.573821 0.325654 0.031045 0.031455 0.377541
1 0.574888 0.325658 0.033481 0.031490 0.377541
1 0.576307 0.326322 0.036833 0.028249 0.010987
2 0.573821 0.325654 0.031045 0.031455 0.002473
2 0.574888 0.325658 0.033481 0.031490 0.002473
4 0.159482 0.343567 0.097962 0.063454 0.001501
4 0.358425 0.333276 0.043457 0.042141 0.001501
4 0.366353 0.330593 0.030182 0.041504 0.004070
4 0.366946 0.331876 0.030953 0.038983 0.004070
4 0.384050 0.329311 0.028409 0.033937 0.002473
4 0.159159 0.347798 0.098431 0.064800 0.002473
4 0.161756 0.347081 0.093379 0.061501 0.010987
4 0.184965 0.348775 0.046959 0.052828 0.004070
4 0.193106 0.349430 0.033135 0.051125 0.002473
4 0.279425 0.341201 0.021590 0.043337 0.002473
4 0.293360 0.342152 0.051720 0.050120 0.002473
4 0.301791 0.344655 0.040530 0.047115 0.002473
4 0.314618 0.344088 0.015069 0.052047 0.002473
4 0.355042 0.337660 0.039153 0.043640 0.002473
4 0.365323 0.334619 0.032364 0.044494 0.010987
4 0.367065 0.331989 0.030718 0.039399 0.010987
4 0.378536 0.330864 0.031554 0.037320 0.006693
4 0.384374 0.330077 0.033284 0.035363 0.001501
4 0.163281 0.349627 0.090301 0.062311 0.006693
4 0.165511 0.351141 0.085926 0.059273 0.010987
4 0.186851 0.349773 0.041567 0.050789 0.004070
4 0.193097 0.352023 0.031073 0.046442 0.006693
4 0.278835 0.347150 0.026490 0.040068 0.004070
4 0.295467 0.344385 0.056745 0.048286 0.004070
4 0.310578 0.345687 0.023491 0.045476 0.004070
4 0.313937 0.345517 0.016551 0.049408 0.004070
4 0.169662 0.364305 0.079684 0.082777 0.004070
4 0.175136 0.365446 0.066656 0.081032 0.002473
