0 0.302906 0.320295 0.025550 0.039677 0.001501
0 0.552640 0.317814 0.008409 0.021512 0.004070
0 0.443714 0.988276 0.010124 0.023533 0.004070
1 0.600784 0.298709 0.033666 0.039963 0.001501
1 0.241095 0.311325 0.028089 0.040380 0.001501
1 0.302906 0.320295 0.025550 0.039677 0.029312
1 0.329437 0.322211 0.049235 0.047885 0.880797
1 0.329679 0.321763 0.048667 0.046979 0.880797
1 0.329418 0.320862 0.049145 0.048789 0.880797
1 0.418729 0.317087 0.029526 0.037654 0.731059
1 0.419117 0.314905 0.028695 0.036875 0.880797
1 0.418775 0.317084 0.029594 0.037636 0.817575
1 0.455809 0.320717 0.028712 0.038522 0.268941
1 0.455841 0.320712 0.028721 0.038488 0.268941
1 0.455718 0.319812 0.030652 0.036708 0.182426
1 0.006713 0.340677 0.010578 0.059253 0.006693
1 0.015293 0.341099 0.030091 0.052995 0.001501
1 0.042629 0.345050 0.043349 0.065167 0.731059
1 0.043344 0.345014 0.044792 0.065139 0.731059
1 0.043853 0.343718 0.043667 0.062622 0.731059
1 0.174664 0.331299 0.032592 0.050875 0.622459
1 0.174547 0.331290 0.032549 0.050893 0.622459
1 0.220945 0.332188 0.064076 0.049067 0.731059
1 0.220173 0.332192 0.065512 0.049098 0.817575
1 0.219521 0.332187 0.064139 0.049110 0.817575
1 0.220197 0.332200 0.065445 0.049111 0.817575
1 0.220180 0.332160 0.065446 0.049214 0.731059
1 0.257724 0.327176 0.026521 0.034508 0.731059
1 0.258722 0.326855 0.026822 0.033846 0.731059
1 0.289610 0.325727 0.037239 0.036094 0.817575
1 0.290185 0.325481 0.036304 0.035639 0.880797
1 0.290818 0.325272 0.040354 0.035491 0.500000
1 0.329803 0.321795 0.050015 0.047041 0.880797
1 0.329411 0.321790 0.049214 0.047019 0.880797
1 0.330049 0.321794 0.049462 0.047080 0.880797
1 0.363391 0.321569 0.017279 0.018577 0.182426
1 0.364851 0.320352 0.017267 0.020898 0.500000
1 0.377233 0.318760 0.015872 0.013483 0.001501
1 0.397618 0.317640 0.014499 0.015571 0.075858
1 0.418736 0.317075 0.029543 0.037645 0.817575
1 0.418343 0.317087 0.028714 0.037621 0.817575
1 0.418372 0.315825 0.028751 0.035053 0.731059
1 0.456236 0.320943 0.029539 0.038028 0.817575
1 0.455842 0.320895 0.028741 0.038116 0.817575
1 0.455711 0.320099 0.030642 0.036124 0.817575
1 0.477764 0.315582 0.011535 0.019815 0.006693
1 0.004314 0.346113 0.008722 0.048421 0.010987
1 0.013112 0.341698 0.026338 0.052802 0.001501
1 0.043375 0.345019 0.044750 0.060021 0.817575
1 0.043298 0.346298 0.044633 0.062528 0.817575
1 0.043399 0.346287 0.044808 0.062554 0.817575
1 0.045858 0.345004 0.049798 0.060046 0.075858
1 0.164223 0.333917 0.027107 0.055464 0.001501
1 0.175069 0.332400 0.033909 0.053203 0.622459
1 0.176158 0.332424 0.033863 0.053151 0.500000
1 0.219414 0.333289 0.064387 0.046911 0.731059
1 0.219530 0.333316 0.064130 0.051365 0.817575
1 0.220197 0.333328 0.065454 0.046826 0.731059
1 0.220227 0.332204 0.065401 0.049106 0.731059
1 0.220199 0.333277 0.065401 0.047056 0.731059
1 0.257369 0.327132 0.029305 0.034517 0.377541
1 0.258905 0.327333 0.029193 0.034846 0.377541
1 0.289662 0.327011 0.037368 0.034277 0.075858
1 0.290689 0.325903 0.037264 0.036477 0.047426
1 0.320903 0.324649 0.049098 0.041439 0.002473
1 0.329401 0.322269 0.049229 0.047945 0.731059
1 0.329409 0.322272 0.049213 0.047936 0.880797
1 0.329398 0.320927 0.049212 0.048826 0.817575
1 0.003856 0.349780 0.007820 0.045981 0.006693
1 0.044396 0.345039 0.044626 0.065136 0.731059
1 0.043274 0.346322 0.044637 0.062520 0.817575
1 0.043855 0.345027 0.045757 0.065077 0.817575
2 0.500730 0.303349 0.029532 0.059980 0.817575
2 0.500014 0.302074 0.028135 0.062550 0.817575
2 0.503011 0.303227 0.034568 0.060162 0.006693
2 0.600784 0.298709 0.033666 0.039963 0.004070
2 0.606035 0.299952 0.047505 0.042487 0.006693
2 0.634827 0.291580 0.046607 0.036442 0.017986
2 0.636053 0.284138 0.044327 0.026647 0.010987
2 0.635742 0.284195 0.046882 0.026806 0.006693
2 0.636277 0.287540 0.045120 0.028560 0.002473
2 0.241095 0.311325 0.028089 0.040380 0.001501
2 0.302906 0.320295 0.025550 0.039677 0.004070
2 0.500738 0.303336 0.029572 0.060022 0.817575
2 0.501230 0.303367 0.030547 0.059960 0.880797
2 0.502755 0.303644 0.033937 0.059554 0.006693
2 0.602669 0.300071 0.034685 0.040374 0.006693
2 0.603384 0.300834 0.039429 0.041525 0.010987
2 0.617490 0.299287 0.048447 0.049705 0.006693
2 0.633812 0.299168 0.047905 0.051375 0.004070
2 0.634824 0.296311 0.042747 0.049602 0.002473
2 0.006713 0.340677 0.010578 0.059253 0.002473
2 0.397618 0.317640 0.014499 0.015571 0.006693
2 0.501270 0.302071 0.030647 0.062544 0.817575
2 0.501458 0.303362 0.027968 0.059964 0.731059
2 0.508186 0.309350 0.025913 0.043067 0.001501
3 0.500730 0.303349 0.029532 0.059980 0.002473
3 0.500014 0.302074 0.028135 0.062550 0.001501
3 0.113981 0.325479 0.103030 0.104231 0.880797
3 0.114057 0.326601 0.100071 0.101933 0.880797
3 0.113965 0.326603 0.102991 0.101914 0.880797
3 0.241095 0.311325 0.028089 0.040380 0.006693
3 0.302906 0.320295 0.025550 0.039677 0.004070
3 0.500738 0.303336 0.029572 0.060022 0.001501
3 0.501230 0.303367 0.030547 0.059960 0.001501
3 0.006713 0.340677 0.010578 0.059253 0.002473
3 0.113960 0.325506 0.102992 0.104217 0.880797
3 0.114748 0.325476 0.101359 0.104185 0.924142
3 0.113957 0.325328 0.102955 0.099375 0.880797
3 0.174664 0.331299 0.032592 0.050875 0.002473
3 0.174547 0.331290 0.032549 0.050893 0.001501
3 0.257724 0.327176 0.026521 0.034508 0.010987
3 0.258722 0.326855 0.026822 0.033846 0.006693
3 0.290818 0.325272 0.040354 0.035491 0.001501
3 0.364851 0.320352 0.017267 0.020898 0.002473
3 0.501270 0.302071 0.030647 0.062544 0.001501
3 0.113872 0.325487 0.103154 0.104282 0.817575
3 0.113954 0.322924 0.103009 0.104216 0.817575
3 0.113915 0.324210 0.103039 0.101641 0.817575
3 0.175069 0.332400 0.033909 0.053203 0.001501
3 0.257369 0.327132 0.029305 0.034517 0.006693
3 0.258905 0.327333 0.029193 0.034846 0.004070
3 0.113905 0.324239 0.103350 0.101621 0.880797
4 0.004314 0.346113 0.008722 0.048421 0.001501
5 0.006713 0.340677 0.010578 0.059253 0.002473
5 0.364851 0.320352 0.017267 0.020898 0.001501
5 0.004314 0.346113 0.008722 0.048421 0.010987
5 0.003856 0.349780 0.007820 0.045981 0.004070
