0 0.368762 0.316298 0.006883 0.037690 0.001501
0 0.432025 0.325399 0.014274 0.025857 0.001501
1 0.491527 0.324467 0.036158 0.046024 0.268941
1 0.490850 0.324471 0.037489 0.046007 0.377541
1 0.491504 0.324446 0.038944 0.045981 0.377541
1 0.222750 0.334607 0.051319 0.044252 0.731059
1 0.222775 0.333327 0.051374 0.046830 0.880797
1 0.222734 0.333328 0.051380 0.046862 0.817575
1 0.223551 0.333334 0.052977 0.046895 0.731059
1 0.427025 0.323232 0.018513 0.026944 0.001501
1 0.432025 0.325399 0.014274 0.025857 0.006693
1 0.492216 0.324571 0.037512 0.045960 0.880797
1 0.491528 0.324738 0.036146 0.045622 0.880797
1 0.492197 0.324684 0.037550 0.045756 0.880797
1 0.525820 0.321633 0.015350 0.018401 0.119203
1 0.527089 0.320360 0.015074 0.020883 0.817575
1 0.549042 0.324046 0.015249 0.013525 0.268941
1 0.549678 0.325304 0.016146 0.016098 0.182426
1 0.600045 0.329166 0.033057 0.028269 0.622459
1 0.600039 0.330296 0.033039 0.026013 0.731059
1 0.601318 0.330539 0.036104 0.027047 0.006693
1 0.737480 0.354168 0.125008 0.096618 0.924142
1 0.735950 0.354166 0.125000 0.096621 0.880797
1 0.222755 0.334590 0.051328 0.044318 0.817575
1 0.222765 0.334614 0.051389 0.044284 0.880797
1 0.222748 0.334617 0.051406 0.044312 0.880797
1 0.222775 0.335741 0.051424 0.046619 0.731059
1 0.491529 0.325645 0.036149 0.047428 0.817575
1 0.491514 0.325529 0.036162 0.047662 0.880797
1 0.492200 0.324629 0.037546 0.045873 0.880797
1 0.600091 0.330736 0.033145 0.026883 0.075858
1 0.600633 0.331659 0.031954 0.024973 0.075858
1 0.736723 0.353023 0.126548 0.090775 0.924142
1 0.735955 0.354165 0.125015 0.093021 0.880797
1 0.736728 0.353275 0.123491 0.094846 0.924142
1 0.884674 0.378376 0.127430 0.099842 0.952574
1 0.884658 0.378073 0.127489 0.099253 0.880797
1 0.735285 0.354158 0.126371 0.093002 0.880797
1 0.735965 0.353259 0.125013 0.094816 0.924142
1 0.736735 0.353233 0.123474 0.094873 0.924142
1 0.884720 0.378246 0.127472 0.099620 0.924142
1 0.884042 0.377488 0.126112 0.101607 0.924142
1 0.883996 0.377462 0.124019 0.101663 0.924142
1 0.736726 0.352127 0.126544 0.092587 0.924142
1 0.736717 0.353265 0.123491 0.094864 0.924142
1 0.884323 0.377265 0.128261 0.101161 0.924142
1 0.885252 0.377066 0.126427 0.100802 0.924142
1 0.884503 0.377048 0.125186 0.100842 0.924142
1 0.884304 0.377249 0.128280 0.101229 0.880797
1 0.885232 0.377571 0.126461 0.101809 0.924142
2 0.222750 0.334607 0.051319 0.044252 0.006693
2 0.381903 0.320386 0.020436 0.021243 0.001501
2 0.600045 0.329166 0.033057 0.028269 0.002473
2 0.600039 0.330296 0.033039 0.026013 0.001501
2 0.222755 0.334590 0.051328 0.044318 0.006693
3 0.527089 0.320360 0.015074 0.020883 0.002473
3 0.549042 0.324046 0.015249 0.013525 0.002473
3 0.549678 0.325304 0.016146 0.016098 0.002473
3 0.600045 0.329166 0.033057 0.028269 0.029312
3 0.600039 0.330296 0.033039 0.026013 0.029312
3 0.222755 0.334590 0.051328 0.044318 0.001501
3 0.222765 0.334614 0.051389 0.044284 0.001501
3 0.222748 0.334617 0.051406 0.044312 0.002473
3 0.600091 0.330736 0.033145 0.026883 0.006693
3 0.600633 0.331659 0.031954 0.024973 0.002473
4 0.432025 0.325399 0.014274 0.025857 0.010987
4 0.432797 0.330192 0.012747 0.030458 0.002473
5 0.432025 0.325399 0.014274 0.025857 0.004070
5 0.549042 0.324046 0.015249 0.013525 0.004070
5 0.549678 0.325304 0.016146 0.016098 0.002473
5 0.600039 0.330296 0.033039 0.026013 0.002473
5 0.600091 0.330736 0.033145 0.026883 0.001501
5 0.600633 0.331659 0.031954 0.024973 0.004070
5 0.605830 0.332083 0.027038 0.024608 0.001501
