0 0.128936 0.287529 0.018709 0.132327 0.001501
0 0.141326 0.286359 0.060119 0.115895 0.001501
0 0.148103 0.292889 0.066894 0.138526 0.002473
0 0.009166 0.350545 0.018435 0.108883 0.001501
0 0.124859 0.384771 0.159174 0.294191 0.001501
0 0.126242 0.383229 0.161674 0.290161 0.001170
1 0.420874 0.314688 0.044988 0.068908 0.001501
1 0.278035 0.333310 0.115826 0.093041 0.017986
1 0.278409 0.332183 0.115129 0.090747 0.924142
1 0.278007 0.332174 0.115900 0.090738 0.924142
1 0.420139 0.316004 0.046075 0.066655 0.880797
1 0.419862 0.316004 0.045518 0.066649 0.817575
1 0.419785 0.316489 0.045416 0.065714 0.817575
1 0.552806 0.310091 0.022766 0.039844 0.002473
1 0.557688 0.313406 0.015472 0.030292 0.119203
1 0.029732 0.358670 0.059558 0.110821 0.924142
1 0.279006 0.332187 0.113920 0.090777 0.924142
1 0.278461 0.332047 0.115019 0.085921 0.924142
1 0.278041 0.332200 0.115855 0.090737 0.880797
1 0.372998 0.320488 0.028990 0.025743 0.880797
1 0.373774 0.320475 0.030557 0.025763 0.880797
1 0.420065 0.316017 0.045934 0.066660 0.880797
1 0.420469 0.314823 0.044029 0.065453 0.817575
1 0.420475 0.316022 0.044046 0.066671 0.817575
1 0.422371 0.317397 0.044706 0.068570 0.002473
1 0.491556 0.344650 0.150092 0.175945 0.952574
1 0.491557 0.344640 0.149922 0.176007 0.924142
1 0.491989 0.345309 0.149056 0.174677 0.924142
1 0.553948 0.312583 0.025287 0.045973 0.002473
1 0.558992 0.317248 0.014998 0.032451 0.119203
1 0.716042 0.338425 0.092967 0.073163 0.924142
1 0.715820 0.337145 0.093392 0.070612 0.952574
1 0.716594 0.337265 0.094946 0.070389 0.924142
1 0.828033 0.353474 0.084179 0.063118 0.268941
1 0.828457 0.353490 0.085008 0.064324 0.119203
1 0.029210 0.358492 0.058548 0.110953 0.880797
1 0.029996 0.359197 0.056994 0.109725 0.924142
1 0.029762 0.358748 0.059637 0.110654 0.817575
1 0.278461 0.333321 0.115005 0.088472 0.924142
1 0.278477 0.332195 0.114988 0.090723 0.924142
1 0.278065 0.333313 0.115806 0.088496 0.880797
1 0.419466 0.315907 0.044744 0.066910 0.817575
1 0.419461 0.315609 0.044739 0.067504 0.817575
1 0.419401 0.314584 0.044611 0.065942 0.731059
1 0.491913 0.346504 0.149274 0.176874 0.924142
1 0.491517 0.346925 0.149938 0.176015 0.880797
1 0.491408 0.346926 0.148049 0.176015 0.924142
1 0.716805 0.338464 0.094490 0.073064 0.924142
1 0.716041 0.338471 0.092967 0.073069 0.924142
1 0.715861 0.337194 0.093297 0.070516 0.924142
1 0.716513 0.338543 0.095066 0.072928 0.924142
1 0.716216 0.338772 0.092634 0.072665 0.004070
1 0.829620 0.353569 0.087331 0.063223 0.924142
1 0.827775 0.353400 0.086362 0.064035 0.880797
1 0.827798 0.353623 0.086419 0.063297 0.880797
1 0.827788 0.353474 0.086403 0.062948 0.924142
1 0.828434 0.353657 0.084998 0.063129 0.880797
1 0.974231 0.371255 0.051603 0.081081 0.182426
1 0.974217 0.373664 0.051561 0.085988 0.880797
1 0.029233 0.358673 0.058540 0.110849 0.880797
1 0.029767 0.358004 0.059628 0.107657 0.880797
1 0.030520 0.358673 0.058091 0.110836 0.817575
1 0.278435 0.332189 0.115061 0.090768 0.924142
1 0.278038 0.331296 0.115847 0.092585 0.924142
1 0.491517 0.346984 0.150066 0.175848 0.924142
1 0.491506 0.346940 0.149983 0.175935 0.952574
1 0.491000 0.345806 0.148830 0.173670 0.924142
1 0.716764 0.338354 0.094586 0.073314 0.880797
1 0.716584 0.339438 0.094920 0.076243 0.924142
1 0.715755 0.338237 0.093536 0.073557 0.880797
1 0.828932 0.353603 0.085969 0.063195 0.924142
1 0.827772 0.353423 0.086375 0.064010 0.880797
1 0.827791 0.353794 0.086394 0.063565 0.924142
1 0.827789 0.353713 0.086439 0.063472 0.924142
1 0.827775 0.353596 0.086406 0.063807 0.268941
1 0.974228 0.372407 0.051571 0.083416 0.880797
1 0.974233 0.374982 0.051557 0.083383 0.880797
1 0.974234 0.373709 0.051554 0.080860 0.817575
1 0.029751 0.357921 0.059648 0.107944 0.817575
1 0.029220 0.359170 0.058504 0.109945 0.880797
1 0.030504 0.359161 0.058046 0.109938 0.817575
1 0.491001 0.345593 0.151093 0.174149 0.924142
1 0.973471 0.373729 0.050050 0.080815 0.880797
1 0.973469 0.372445 0.050022 0.083374 0.880797
1 0.974234 0.372592 0.051551 0.078624 0.817575
1 0.974228 0.373744 0.051585 0.080910 0.817575
1 0.974218 0.373736 0.051535 0.085970 0.880797
1 0.972814 0.372479 0.051426 0.083561 0.377541
1 0.124859 0.384771 0.159174 0.294191 0.003173
1 0.126279 0.383909 0.161725 0.292167 0.001501
1 0.126242 0.383229 0.161674 0.290161 0.001501
2 0.150143 0.293584 0.101345 0.120109 0.002473
2 0.140621 0.299082 0.123378 0.126701 0.002473
2 0.150109 0.301067 0.097795 0.139576 0.010987
2 0.140834 0.304380 0.121475 0.127085 0.004070
2 0.420874 0.314688 0.044988 0.068908 0.004070
2 0.144056 0.309091 0.117021 0.149165 0.004070
2 0.136394 0.313266 0.131116 0.138615 0.002473
2 0.420139 0.316004 0.046075 0.066655 0.010987
2 0.419862 0.316004 0.045518 0.066649 0.017986
2 0.419785 0.316489 0.045416 0.065714 0.010987
2 0.557688 0.313406 0.015472 0.030292 0.002473
2 0.598534 0.308812 0.037555 0.039428 0.731059
2 0.598573 0.307679 0.037473 0.041688 0.817575
2 0.598557 0.308816 0.037511 0.039426 0.817575
2 0.599260 0.308776 0.040218 0.044045 0.001501
2 0.420065 0.316017 0.045934 0.066660 0.017986
2 0.420469 0.314823 0.044029 0.065453 0.029312
2 0.420475 0.316022 0.044046 0.066671 0.029312
2 0.558992 0.317248 0.014998 0.032451 0.001501
2 0.599092 0.311195 0.037593 0.044312 0.731059
2 0.598844 0.309931 0.036931 0.041726 0.817575
2 0.598159 0.311212 0.036662 0.044261 0.880797
2 0.419466 0.315907 0.044744 0.066910 0.006693
2 0.419461 0.315609 0.044739 0.067504 0.017986
2 0.419401 0.314584 0.044611 0.065942 0.017986
3 0.557688 0.313406 0.015472 0.030292 0.002473
3 0.558992 0.317248 0.014998 0.032451 0.001501
3 0.419461 0.315609 0.044739 0.067504 0.001501
3 0.419401 0.314584 0.044611 0.065942 0.001501
3 0.126279 0.383909 0.161725 0.292167 0.001501
3 0.126242 0.383229 0.161674 0.290161 0.001501
5 0.124859 0.384771 0.159174 0.294191 0.731059
5 0.125659 0.385058 0.160318 0.293767 0.377541
5 0.126371 0.385102 0.158943 0.289909 0.268941
5 0.125687 0.385001 0.160343 0.289968 0.437824
5 0.125553 0.383727 0.160489 0.292350 0.731059
5 0.125662 0.384118 0.160353 0.291845 0.377541
5 0.125656 0.382456 0.160376 0.291797 0.320821
5 0.125701 0.383206 0.160375 0.290169 0.500000
5 0.126279 0.383909 0.161725 0.292167 0.731059
5 0.126242 0.383229 0.161674 0.290161 0.679179
5 0.125805 0.384817 0.160601 0.290222 0.001170
