0 0.126086 0.384209 0.164017 0.288273 0.001170
1 0.032548 0.337225 0.062163 0.136867 0.001501
1 0.056879 0.337380 0.110718 0.139445 0.001501
1 0.258902 0.333207 0.092827 0.069903 0.924142
1 0.259190 0.332399 0.093386 0.071871 0.952574
1 0.258301 0.332383 0.094732 0.071838 0.880797
1 0.321701 0.321742 0.043667 0.042505 0.731059
1 0.320943 0.321700 0.045154 0.042406 0.622459
1 0.320769 0.321742 0.044829 0.042501 0.622459
1 0.322429 0.319223 0.044657 0.042152 0.006693
1 0.379811 0.320561 0.040417 0.044575 0.880797
1 0.379255 0.320561 0.041504 0.044574 0.880797
1 0.378464 0.320587 0.040031 0.044629 0.880797
1 0.420306 0.315099 0.046452 0.064860 0.817575
1 0.420128 0.316010 0.046089 0.066660 0.880797
1 0.419246 0.316059 0.046492 0.066581 0.880797
1 0.557662 0.310687 0.015468 0.024885 0.001501
1 0.031285 0.340530 0.059566 0.127699 0.010987
1 0.032261 0.342400 0.061511 0.125290 0.017986
1 0.032393 0.343792 0.061736 0.122982 0.006693
1 0.067951 0.333984 0.130623 0.140609 0.001501
1 0.258308 0.332660 0.094706 0.068758 0.924142
1 0.258241 0.333311 0.094569 0.070051 0.924142
1 0.258203 0.332665 0.094472 0.068750 0.924142
1 0.312162 0.323211 0.044589 0.040321 0.001501
1 0.320751 0.322226 0.044854 0.042129 0.880797
1 0.320758 0.322256 0.044825 0.042081 0.924142
1 0.320979 0.321959 0.045106 0.042700 0.880797
1 0.323268 0.321957 0.045617 0.039259 0.047426
1 0.379265 0.320755 0.041494 0.044964 0.817575
1 0.379250 0.321419 0.041492 0.043636 0.880797
1 0.379244 0.320553 0.041540 0.044623 0.880797
1 0.420132 0.316016 0.046097 0.066659 0.817575
1 0.419856 0.316022 0.045542 0.066666 0.880797
1 0.419796 0.316022 0.045405 0.066672 0.817575
1 0.421845 0.317414 0.046874 0.068634 0.010987
1 0.491555 0.345324 0.150090 0.174659 0.924142
1 0.491015 0.345308 0.148837 0.174616 0.880797
1 0.491717 0.345293 0.147428 0.174645 0.880797
1 0.558425 0.313642 0.014000 0.030533 0.004070
1 0.576349 0.318066 0.016415 0.021078 0.010987
1 0.577399 0.316502 0.014430 0.024058 0.182426
1 0.647469 0.341371 0.141843 0.125052 0.817575
1 0.648033 0.340671 0.140270 0.123716 0.952574
1 0.647683 0.341330 0.139587 0.125032 0.924142
1 0.808496 0.346302 0.138910 0.122787 0.924142
1 0.808491 0.345990 0.136167 0.122043 0.880797
1 0.808586 0.346214 0.136223 0.122492 0.924142
1 0.031325 0.344538 0.062672 0.122257 0.010987
1 0.032907 0.345396 0.062790 0.119297 0.029312
1 0.032201 0.345202 0.061377 0.120164 0.017986
1 0.259074 0.333341 0.093174 0.070072 0.924142
1 0.259009 0.333338 0.093036 0.070086 0.924142
1 0.258199 0.332677 0.094477 0.068775 0.924142
1 0.320732 0.322544 0.045306 0.043682 0.075858
1 0.320824 0.322428 0.045402 0.043412 0.075858
1 0.320721 0.322388 0.044922 0.043509 0.047426
1 0.379238 0.321175 0.041430 0.045679 0.017986
1 0.379010 0.321242 0.038882 0.045802 0.017986
1 0.379123 0.320444 0.039120 0.047871 0.047426
1 0.419564 0.316259 0.044969 0.066227 0.817575
1 0.419847 0.315906 0.045547 0.066909 0.880797
1 0.419460 0.314881 0.044767 0.065349 0.817575
1 0.491506 0.345816 0.150025 0.173692 0.924142
1 0.490976 0.346926 0.148855 0.176015 0.924142
1 0.491399 0.346091 0.148031 0.173160 0.924142
1 0.647359 0.339830 0.141616 0.122055 0.880797
1 0.647958 0.340671 0.140136 0.123723 0.924142
1 0.646946 0.340667 0.140785 0.123729 0.924142
1 0.808472 0.346330 0.136157 0.122725 0.924142
1 0.807807 0.345688 0.137514 0.124009 0.924142
1 0.808506 0.345625 0.136129 0.123960 0.924142
1 0.032152 0.345818 0.061281 0.118949 0.010987
1 0.032155 0.345808 0.064354 0.118498 0.029312
1 0.031568 0.346807 0.063125 0.116498 0.010987
1 0.258309 0.331782 0.094717 0.070580 0.924142
1 0.490974 0.345852 0.148980 0.173582 0.880797
1 0.490964 0.345791 0.148899 0.173638 0.952574
1 0.490328 0.345807 0.147486 0.173668 0.924142
1 0.647479 0.339801 0.141829 0.121806 0.924142
1 0.648140 0.341118 0.140483 0.122732 0.924142
1 0.647624 0.341143 0.139430 0.122786 0.924142
1 0.808474 0.346052 0.136177 0.122099 0.880797
1 0.808495 0.346374 0.138866 0.122746 0.924142
1 0.807837 0.346941 0.137440 0.120326 0.924142
1 0.032342 0.349426 0.061758 0.112522 0.017986
1 0.032508 0.352149 0.061694 0.106553 0.006693
1 0.491000 0.345147 0.148922 0.171430 0.924142
1 0.648170 0.340776 0.140420 0.123580 0.924142
1 0.809214 0.346380 0.137479 0.122786 0.924142
1 0.125654 0.384944 0.163118 0.293974 0.001170
1 0.126086 0.384209 0.164017 0.288273 0.001170
2 0.124495 0.305439 0.158459 0.135999 0.002473
2 0.126334 0.302946 0.149953 0.136539 0.004070
2 0.130085 0.305390 0.144498 0.129764 0.001501
2 0.126102 0.311490 0.157598 0.140551 0.002473
2 0.320769 0.321742 0.044829 0.042501 0.001501
2 0.322429 0.319223 0.044657 0.042152 0.001501
2 0.378464 0.320587 0.040031 0.044629 0.002473
2 0.420306 0.315099 0.046452 0.064860 0.001501
2 0.420128 0.316010 0.046089 0.066660 0.004070
2 0.419246 0.316059 0.046492 0.066581 0.006693
2 0.553167 0.309084 0.021921 0.032529 0.001501
2 0.557662 0.310687 0.015468 0.024885 0.075858
2 0.379265 0.320755 0.041494 0.044964 0.004070
2 0.379250 0.321419 0.041492 0.043636 0.001501
2 0.379244 0.320553 0.041540 0.044623 0.004070
2 0.420132 0.316016 0.046097 0.066659 0.001501
2 0.419856 0.316022 0.045542 0.066666 0.004070
2 0.419796 0.316022 0.045405 0.066672 0.006693
2 0.558425 0.313642 0.014000 0.030533 0.029312
2 0.419564 0.316259 0.044969 0.066227 0.002473
2 0.419847 0.315906 0.045547 0.066909 0.004070
2 0.419460 0.314881 0.044767 0.065349 0.006693
2 0.897300 0.296458 0.208373 0.245028 0.003173
2 0.894935 0.294216 0.206910 0.250030 0.817575
2 0.895612 0.295486 0.208790 0.252606 0.851953
2 0.894849 0.295433 0.210368 0.252978 0.880797
2 0.894090 0.293161 0.211706 0.241816 0.377541
2 0.895851 0.293080 0.208198 0.247301 0.777300
2 0.895059 0.293047 0.209895 0.252798 0.777300
2 0.894734 0.294246 0.210602 0.255446 0.777300
2 0.895463 0.292842 0.212451 0.253438 0.008577
2 0.894958 0.289508 0.213006 0.249023 0.731059
2 0.894724 0.290534 0.210614 0.257477 0.817575
2 0.895007 0.291796 0.210158 0.255299 0.679179
3 0.028663 0.329544 0.054384 0.153564 0.001501
3 0.034164 0.326144 0.068656 0.157527 0.004070
3 0.045549 0.323206 0.091389 0.168949 0.004070
3 0.064957 0.321921 0.132384 0.171220 0.004070
3 0.031269 0.335338 0.062575 0.140037 0.001501
3 0.032548 0.337225 0.062163 0.136867 0.075858
3 0.033466 0.340086 0.066938 0.132317 0.010987
3 0.056879 0.337380 0.110718 0.139445 0.017986
3 0.070824 0.330111 0.141562 0.154498 0.002473
3 0.557662 0.310687 0.015468 0.024885 0.002473
3 0.030295 0.335457 0.060867 0.126799 0.002473
3 0.031285 0.340530 0.059566 0.127699 0.182426
3 0.032261 0.342400 0.061511 0.125290 0.268941
3 0.032393 0.343792 0.061736 0.122982 0.119203
3 0.042027 0.342265 0.080955 0.125520 0.002473
3 0.067951 0.333984 0.130623 0.140609 0.001501
3 0.558425 0.313642 0.014000 0.030533 0.002473
3 0.030182 0.341683 0.060645 0.122197 0.001501
3 0.031325 0.344538 0.062672 0.122257 0.119203
3 0.032907 0.345396 0.062790 0.119297 0.047426
3 0.032201 0.345202 0.061377 0.120164 0.047426
3 0.035271 0.346568 0.067392 0.115603 0.002473
3 0.419847 0.315906 0.045547 0.066909 0.004070
3 0.419460 0.314881 0.044767 0.065349 0.001501
3 0.032152 0.345818 0.061281 0.118949 0.047426
3 0.032155 0.345808 0.064354 0.118498 0.047426
3 0.031568 0.346807 0.063125 0.116498 0.047426
3 0.032342 0.349426 0.061758 0.112522 0.010987
3 0.054706 0.309410 0.120163 0.194113 0.005220
3 0.093843 0.312772 0.185063 0.183522 0.010987
3 0.058963 0.315366 0.133493 0.182109 0.002473
3 0.125654 0.384944 0.163118 0.293974 0.001927
3 0.126086 0.384209 0.164017 0.288273 0.001501
5 0.031285 0.340530 0.059566 0.127699 0.001501
5 0.067951 0.333984 0.130623 0.140609 0.001501
5 0.063957 0.336008 0.114251 0.137467 0.001501
5 0.032342 0.349426 0.061758 0.112522 0.001501
5 0.032508 0.352149 0.061694 0.106553 0.001501
5 0.123386 0.385851 0.162171 0.296041 0.679179
5 0.125540 0.386204 0.162880 0.295938 0.320821
5 0.125582 0.386113 0.162803 0.291789 0.268941
5 0.125618 0.386156 0.162849 0.287749 0.500000
5 0.126070 0.384808 0.161805 0.290279 0.679179
5 0.125583 0.386029 0.162850 0.291827 0.377541
5 0.126090 0.384121 0.163844 0.291773 0.320821
5 0.125643 0.384053 0.162874 0.291866 0.500000
5 0.125654 0.384944 0.163118 0.293974 0.679179
5 0.126086 0.384209 0.164017 0.288273 0.679179
