0 0.125551 0.383885 0.160470 0.292167 0.001170
0 0.127383 0.383984 0.161332 0.295665 0.001170
1 0.421109 0.315131 0.045310 0.064796 0.880797
1 0.420927 0.316037 0.044944 0.066605 0.880797
1 0.420737 0.316060 0.044600 0.066585 0.880797
1 0.599623 0.318490 0.033834 0.034804 0.731059
1 0.599971 0.318492 0.034618 0.034801 0.731059
1 0.242664 0.317209 0.023097 0.019243 0.006693
1 0.384169 0.319165 0.021480 0.023290 0.500000
1 0.384740 0.318969 0.022604 0.023665 0.119203
1 0.420140 0.316022 0.046093 0.066669 0.817575
1 0.420815 0.315120 0.044715 0.064860 0.880797
1 0.420552 0.316049 0.044193 0.066616 0.880797
1 0.421595 0.317138 0.046256 0.069226 0.010987
1 0.491407 0.345309 0.148214 0.174627 0.924142
1 0.491943 0.345299 0.149109 0.174690 0.924142
1 0.491509 0.345293 0.147843 0.174646 0.880797
1 0.572250 0.317214 0.013777 0.014640 0.004070
1 0.600008 0.319846 0.034603 0.036611 0.924142
1 0.599573 0.319658 0.033831 0.036995 0.924142
1 0.775787 0.359170 0.170460 0.135065 0.924142
1 0.420658 0.316359 0.044417 0.066021 0.817575
1 0.420817 0.315687 0.044719 0.067359 0.880797
1 0.420464 0.314705 0.044060 0.065700 0.817575
1 0.491902 0.345364 0.149232 0.174596 0.924142
1 0.491378 0.346926 0.148075 0.176014 0.924142
1 0.491399 0.345792 0.148031 0.173747 0.924142
1 0.777284 0.356956 0.173648 0.140259 0.924142
1 0.776662 0.356961 0.168663 0.140246 0.924142
1 0.776640 0.358203 0.168629 0.138234 0.924142
1 0.490960 0.345861 0.148950 0.173601 0.880797
1 0.490979 0.345807 0.148870 0.173670 0.924142
1 0.490727 0.346970 0.146688 0.175818 0.924142
1 0.776543 0.358087 0.172068 0.137995 0.880797
1 0.776253 0.358281 0.169439 0.138363 0.924142
1 0.777034 0.357149 0.170913 0.140629 0.924142
1 0.490984 0.346056 0.148892 0.173247 0.952574
1 0.777051 0.358285 0.170921 0.138368 0.924142
1 0.777446 0.359491 0.170167 0.135666 0.924142
1 0.777078 0.359558 0.170844 0.135830 0.924142
1 0.125551 0.383885 0.160470 0.292167 0.001927
1 0.127383 0.383984 0.161332 0.295665 0.001501
2 0.131584 0.304200 0.146005 0.135028 0.002473
2 0.131962 0.305896 0.140749 0.133503 0.004070
2 0.420737 0.316060 0.044600 0.066585 0.001501
2 0.672445 0.315404 0.059560 0.053713 0.001501
2 0.673086 0.315590 0.056958 0.057552 0.880797
2 0.673328 0.315474 0.056446 0.057319 0.880797
2 0.673048 0.315599 0.056983 0.057544 0.880797
2 0.673054 0.315603 0.056977 0.057549 0.880797
2 0.384740 0.318969 0.022604 0.023665 0.002473
2 0.420140 0.316022 0.046093 0.066669 0.001501
2 0.420552 0.316049 0.044193 0.066616 0.001501
2 0.672223 0.315610 0.058961 0.053786 0.004070
2 0.673058 0.315463 0.057018 0.057390 0.880797
2 0.673018 0.315529 0.057092 0.057416 0.880797
2 0.672108 0.316626 0.055812 0.055059 0.880797
2 0.672881 0.315554 0.057340 0.057482 0.924142
2 0.420658 0.316359 0.044417 0.066021 0.002473
2 0.420464 0.314705 0.044060 0.065700 0.001501
2 0.672174 0.316901 0.055701 0.055699 0.119203
2 0.672929 0.315778 0.057206 0.057933 0.377541
3 0.384169 0.319165 0.021480 0.023290 0.010987
3 0.384740 0.318969 0.022604 0.023665 0.006693
3 0.127383 0.383984 0.161332 0.295665 0.001170
5 0.384169 0.319165 0.021480 0.023290 0.001501
5 0.126215 0.383865 0.161593 0.291599 0.008577
5 0.126981 0.382282 0.160185 0.291528 0.014064
5 0.125551 0.383885 0.160470 0.292167 0.731059
5 0.126245 0.385080 0.161516 0.293725 0.377541
5 0.126256 0.384155 0.161534 0.291775 0.268941
5 0.127493 0.384991 0.161126 0.289979 0.437824
5 0.127383 0.383984 0.161332 0.295665 0.731059
5 0.126139 0.383230 0.163867 0.293526 0.377541
5 0.126757 0.381726 0.162550 0.293251 0.320821
5 0.126810 0.382390 0.162570 0.291793 0.500000
5 0.126864 0.384942 0.162915 0.293976 0.437824
5 0.126804 0.383157 0.162785 0.290301 0.182426
