0 0.521001 0.321927 0.017191 0.041720 0.004070
0 0.621565 0.323148 0.010223 0.047161 0.002473
0 0.627340 0.319560 0.014656 0.042628 0.001501
0 0.007202 0.359453 0.014428 0.127235 0.004070
0 0.109015 0.347811 0.010136 0.075909 0.006693
0 0.139885 0.343668 0.010732 0.062781 0.002473
0 0.620357 0.326176 0.012778 0.042666 0.001501
0 0.007324 0.362481 0.014678 0.103289 0.004070
0 0.010227 0.366599 0.020293 0.094758 0.002473
0 0.108474 0.354212 0.011437 0.089260 0.010987
0 0.139077 0.342933 0.011283 0.059141 0.002473
0 0.522925 0.328286 0.017801 0.032211 0.002473
0 0.619496 0.327203 0.014136 0.044331 0.004070
0 0.954803 0.358778 0.021937 0.084511 0.002473
0 0.008023 0.367186 0.016078 0.099739 0.006693
0 0.010658 0.368530 0.018199 0.091822 0.004070
0 0.107570 0.355666 0.015881 0.090603 0.004070
0 0.139071 0.348805 0.011278 0.052607 0.006693
0 0.953858 0.357922 0.024311 0.089370 0.002473
0 0.007124 0.372619 0.014303 0.088904 0.010987
0 0.010669 0.369961 0.018127 0.094204 0.006693
0 0.106812 0.358852 0.014750 0.079733 0.004070
0 0.955001 0.358189 0.021538 0.085564 0.004070
0 0.009193 0.372754 0.015416 0.089538 0.010987
0 0.010910 0.371969 0.018726 0.092292 0.004070
0 0.009228 0.384554 0.018928 0.131705 0.001501
1 0.318000 0.321494 0.057956 0.046459 0.017986
1 0.318754 0.321614 0.059386 0.046693 0.029312
1 0.318756 0.320420 0.059412 0.047897 0.002473
1 0.318764 0.320301 0.059375 0.047667 0.004070
1 0.318838 0.320108 0.059317 0.047290 0.029312
1 0.570275 0.331424 0.062538 0.066305 0.500000
1 0.570301 0.331547 0.062535 0.066546 0.924142
1 0.570197 0.331732 0.059619 0.066929 0.880797
1 0.318631 0.321775 0.059251 0.046889 0.029312
1 0.319311 0.320547 0.055566 0.048147 0.017986
1 0.318780 0.321416 0.056624 0.046261 0.004070
1 0.318764 0.321162 0.056647 0.045762 0.004070
1 0.320291 0.320148 0.059482 0.047564 0.047426
1 0.354684 0.329530 0.012704 0.020957 0.119203
1 0.375856 0.326611 0.023862 0.023226 0.500000
1 0.376573 0.325470 0.022254 0.020893 0.377541
1 0.398956 0.324159 0.017630 0.018404 0.047426
1 0.401969 0.321631 0.015309 0.018322 0.377541
1 0.416477 0.319232 0.014037 0.018600 0.622459
1 0.431304 0.320496 0.013004 0.016092 0.268941
1 0.442925 0.320365 0.014188 0.020904 0.731059
1 0.474145 0.318232 0.011533 0.017056 0.001501
1 0.476410 0.317595 0.010869 0.015626 0.010987
1 0.495204 0.317222 0.009646 0.014576 0.047426
1 0.509860 0.319135 0.009130 0.023496 0.004070
1 0.524009 0.327457 0.017255 0.029958 0.377541
1 0.524077 0.326286 0.017340 0.027657 0.500000
1 0.570283 0.332333 0.062515 0.065446 0.880797
1 0.570963 0.332476 0.063869 0.065738 0.924142
1 0.570281 0.332219 0.062508 0.065212 0.880797
1 0.570974 0.332248 0.061128 0.065211 0.952574
1 0.289698 0.336415 0.039076 0.030943 0.006693
1 0.307621 0.324361 0.037603 0.046462 0.004070
1 0.318752 0.321858 0.056640 0.046963 0.004070
1 0.318786 0.321855 0.059235 0.046982 0.001501
1 0.522925 0.328286 0.017801 0.032211 0.029312
1 0.523798 0.328394 0.019485 0.032142 0.010987
1 0.569518 0.332493 0.060983 0.065735 0.924142
1 0.570288 0.332533 0.062514 0.065830 0.924142
1 0.570961 0.332495 0.061148 0.065758 0.880797
1 0.570974 0.332325 0.061131 0.065373 0.004070
2 0.318000 0.321494 0.057956 0.046459 0.500000
2 0.318754 0.321614 0.059386 0.046693 0.817575
2 0.318756 0.320420 0.059412 0.047897 0.731059
2 0.318764 0.320301 0.059375 0.047667 0.817575
2 0.318838 0.320108 0.059317 0.047290 0.731059
2 0.477335 0.313136 0.010951 0.024309 0.006693
2 0.495358 0.312310 0.013256 0.022561 0.002473
2 0.318631 0.321775 0.059251 0.046889 0.377541
2 0.319311 0.320547 0.055566 0.048147 0.731059
2 0.318780 0.321416 0.056624 0.046261 0.817575
2 0.318764 0.321162 0.056647 0.045762 0.817575
2 0.320291 0.320148 0.059482 0.047564 0.731059
2 0.476410 0.317595 0.010869 0.015626 0.002473
2 0.495204 0.317222 0.009646 0.014576 0.010987
2 0.307621 0.324361 0.037603 0.046462 0.001501
2 0.319423 0.321037 0.057819 0.048629 0.006693
2 0.318752 0.321858 0.056640 0.046963 0.268941
2 0.318786 0.321855 0.059235 0.046982 0.119203
3 0.318000 0.321494 0.057956 0.046459 0.010987
3 0.318838 0.320108 0.059317 0.047290 0.001501
3 0.318631 0.321775 0.059251 0.046889 0.010987
3 0.320291 0.320148 0.059482 0.047564 0.001501
3 0.354684 0.329530 0.012704 0.020957 0.006693
3 0.375856 0.326611 0.023862 0.023226 0.010987
3 0.376573 0.325470 0.022254 0.020893 0.002473
3 0.398956 0.324159 0.017630 0.018404 0.001501
3 0.401969 0.321631 0.015309 0.018322 0.017986
3 0.416477 0.319232 0.014037 0.018600 0.002473
3 0.442925 0.320365 0.014188 0.020904 0.001501
3 0.476410 0.317595 0.010869 0.015626 0.002473
3 0.495204 0.317222 0.009646 0.014576 0.004070
3 0.524009 0.327457 0.017255 0.029958 0.001501
3 0.524077 0.326286 0.017340 0.027657 0.002473
4 0.620357 0.326176 0.012778 0.042666 0.006693
4 0.629173 0.321881 0.017118 0.036766 0.001501
4 0.942714 0.350855 0.035828 0.099870 0.002473
4 0.612951 0.328867 0.016595 0.041959 0.006693
4 0.619496 0.327203 0.014136 0.044331 0.017986
4 0.712956 0.337400 0.018048 0.034148 0.001501
5 0.521001 0.321927 0.017191 0.041720 0.006693
5 0.354684 0.329530 0.012704 0.020957 0.002473
5 0.524009 0.327457 0.017255 0.029958 0.075858
5 0.524077 0.326286 0.017340 0.027657 0.010987
5 0.620357 0.326176 0.012778 0.042666 0.017986
5 0.629173 0.321881 0.017118 0.036766 0.006693
5 0.712754 0.330653 0.018243 0.046951 0.001501
5 0.718502 0.333450 0.024948 0.046786 0.004070
5 0.834864 0.330708 0.016859 0.093893 0.001501
5 0.939854 0.351311 0.030451 0.098962 0.029312
5 0.942714 0.350855 0.035828 0.099870 0.010987
5 0.510893 0.327119 0.011214 0.039698 0.001501
5 0.522925 0.328286 0.017801 0.032211 0.119203
5 0.523798 0.328394 0.019485 0.032142 0.010987
5 0.612951 0.328867 0.016595 0.041959 0.002473
5 0.619496 0.327203 0.014136 0.044331 0.017986
5 0.712956 0.337400 0.018048 0.034148 0.002473
5 0.717637 0.334722 0.023997 0.039222 0.004070
5 0.835339 0.332465 0.017818 0.085129 0.006693
5 0.922159 0.350802 0.026502 0.095439 0.001501
5 0.938846 0.352169 0.025002 0.097200 0.017986
5 0.943709 0.353511 0.033748 0.094536 0.017986
5 0.954803 0.358778 0.021937 0.084511 0.001501
5 0.835157 0.336720 0.017548 0.076650 0.004070
5 0.938182 0.352561 0.026462 0.096281 0.017986
5 0.944813 0.353856 0.035779 0.093780 0.017986
5 0.953858 0.357922 0.024311 0.089370 0.001501
5 0.935392 0.353747 0.020935 0.093899 0.017986
5 0.943920 0.355256 0.032409 0.091195 0.006693
