0 0.655575 0.324173 0.008138 0.046194 0.119203
0 0.479242 0.315583 0.008617 0.019719 0.004070
0 0.655029 0.325279 0.007008 0.044554 0.500000
0 0.655027 0.325120 0.007021 0.044880 0.622459
0 0.818922 0.345382 0.012938 0.031440 0.001501
1 0.374228 0.318304 0.051548 0.058406 0.880797
1 0.372778 0.320461 0.051355 0.057637 0.880797
1 0.372766 0.319585 0.051394 0.055879 0.880797
1 0.403263 0.325459 0.065319 0.062581 0.731059
1 0.405477 0.326597 0.064066 0.064804 0.880797
1 0.404708 0.325477 0.062497 0.062564 0.880797
1 0.458170 0.313603 0.019570 0.026276 0.004070
1 0.492277 0.314093 0.015512 0.025281 0.047426
1 0.074234 0.344099 0.148478 0.193368 0.880797
1 0.074999 0.346491 0.146951 0.193073 0.731059
1 0.243075 0.334750 0.016979 0.025664 0.500000
1 0.265992 0.330131 0.024312 0.016485 0.047426
1 0.266915 0.330948 0.022247 0.018074 0.182426
1 0.307378 0.324748 0.047778 0.037759 0.880797
1 0.307239 0.324741 0.047578 0.037767 0.880797
1 0.307281 0.325532 0.047665 0.035741 0.880797
1 0.307786 0.324677 0.048843 0.037765 0.182426
1 0.373564 0.319586 0.052963 0.055921 0.817575
1 0.374203 0.318324 0.051507 0.058441 0.880797
1 0.373553 0.319227 0.052960 0.060253 0.817575
1 0.405320 0.325469 0.064342 0.062513 0.817575
1 0.405485 0.325468 0.064050 0.062513 0.880797
1 0.405480 0.325465 0.064044 0.062525 0.880797
1 0.406245 0.325450 0.062519 0.062595 0.880797
1 0.441566 0.316472 0.011233 0.017878 0.268941
1 0.457203 0.317162 0.020223 0.022752 0.880797
1 0.459277 0.316854 0.020906 0.023532 0.004070
1 0.479242 0.315583 0.008617 0.019719 0.029312
1 0.492287 0.316021 0.015461 0.025027 0.731059
1 0.772307 0.330913 0.055407 0.046538 0.006693
1 0.074228 0.346828 0.148447 0.198747 0.924142
1 0.074241 0.347391 0.148486 0.194781 0.880797
1 0.074994 0.346944 0.150011 0.193889 0.924142
1 0.241762 0.335030 0.016510 0.025072 0.731059
1 0.307263 0.325877 0.047549 0.036548 0.182426
1 0.307353 0.325898 0.047796 0.036484 0.119203
1 0.306818 0.325899 0.048429 0.036486 0.075858
1 0.307577 0.326021 0.048543 0.036816 0.017986
1 0.374228 0.320507 0.051548 0.057728 0.731059
1 0.374140 0.319606 0.051366 0.055903 0.817575
1 0.374366 0.320502 0.052005 0.057716 0.622459
1 0.404752 0.325485 0.065499 0.062531 0.817575
1 0.405486 0.326612 0.064050 0.064763 0.924142
1 0.404713 0.326603 0.062510 0.064774 0.880797
1 0.772252 0.329423 0.058211 0.044696 0.001501
1 0.772153 0.330871 0.055802 0.046645 0.006693
1 0.818922 0.345382 0.012938 0.031440 0.001501
1 0.074201 0.349192 0.148407 0.198388 0.029312
1 0.074240 0.349502 0.148490 0.193862 0.880797
1 0.074999 0.347594 0.150002 0.195116 0.924142
1 0.074240 0.347056 0.148509 0.199332 0.880797
1 0.074207 0.346252 0.148510 0.197724 0.047426
1 0.074974 0.346786 0.149917 0.194120 0.182426
1 0.074214 0.346500 0.148485 0.198591 0.004070
2 0.461916 0.312266 0.016785 0.025547 0.002473
3 0.492277 0.314093 0.015512 0.025281 0.004070
3 0.243075 0.334750 0.016979 0.025664 0.006693
3 0.266915 0.330948 0.022247 0.018074 0.002473
3 0.441566 0.316472 0.011233 0.017878 0.006693
3 0.492287 0.316021 0.015461 0.025027 0.001501
3 0.772307 0.330913 0.055407 0.046538 0.817575
3 0.772589 0.332178 0.054972 0.049104 0.880797
3 0.772318 0.330011 0.055419 0.048342 0.817575
3 0.772299 0.332192 0.055458 0.049077 0.880797
3 0.777845 0.330950 0.063712 0.047139 0.001501
3 0.241762 0.335030 0.016510 0.025072 0.010987
3 0.772252 0.329423 0.058211 0.044696 0.001501
3 0.772153 0.330871 0.055802 0.046645 0.817575
3 0.772309 0.332186 0.055390 0.049099 0.880797
3 0.771378 0.330908 0.054181 0.046548 0.817575
3 0.772571 0.330904 0.054916 0.046542 0.817575
4 0.818922 0.345382 0.012938 0.031440 0.001501
5 0.821631 0.338313 0.018806 0.048394 0.002473
5 0.307353 0.325898 0.047796 0.036484 0.006693
5 0.818922 0.345382 0.012938 0.031440 0.029312
