0 0.698573 0.319239 0.032587 0.039467 0.002473
1 0.010477 0.327760 0.020989 0.062754 0.731059
1 0.010518 0.327754 0.021063 0.062652 0.622459
1 0.039679 0.319349 0.030515 0.042319 0.002473
1 0.045804 0.313960 0.028112 0.031397 0.006693
1 0.055129 0.315546 0.053216 0.038308 0.001501
1 0.083117 0.340545 0.097915 0.088219 0.880797
1 0.010485 0.326588 0.021028 0.060398 0.731059
1 0.011272 0.326606 0.019537 0.060323 0.622459
1 0.030543 0.331875 0.014343 0.023126 0.047426
1 0.039579 0.320432 0.030189 0.039985 0.004070
1 0.083398 0.339492 0.098239 0.090620 0.924142
1 0.083066 0.339435 0.099193 0.090442 0.952574
1 0.083076 0.339626 0.099234 0.090819 0.924142
1 0.204940 0.329601 0.031854 0.029137 0.119203
1 0.204939 0.328263 0.031857 0.031571 0.182426
1 0.205577 0.329402 0.033174 0.028767 0.119203
1 0.231161 0.329610 0.012776 0.021059 0.004070
1 0.264891 0.329304 0.020411 0.018030 0.004070
1 0.265985 0.329739 0.015090 0.016841 0.377541
1 0.284679 0.326596 0.016415 0.018612 0.268941
1 0.294937 0.326594 0.016443 0.018643 0.047426
1 0.311023 0.327503 0.016309 0.016810 0.075858
1 0.313163 0.327487 0.017974 0.016841 0.075858
1 0.335303 0.325310 0.026459 0.025725 0.500000
1 0.336718 0.325312 0.026656 0.025712 0.500000
1 0.350849 0.326568 0.012763 0.018774 0.004070
1 0.565600 0.323446 0.037569 0.038027 0.002473
1 0.572163 0.323577 0.022676 0.035462 0.817575
1 0.572141 0.322878 0.022826 0.034210 0.817575
1 0.620739 0.322848 0.026309 0.030685 0.119203
1 0.646089 0.330779 0.051983 0.041706 0.880797
1 0.646105 0.330770 0.051999 0.041715 0.880797
1 0.645853 0.330778 0.052487 0.041721 0.880797
1 0.646526 0.330774 0.053895 0.041702 0.817575
1 0.682914 0.328589 0.026141 0.032205 0.817575
1 0.682948 0.328866 0.026212 0.032836 0.622459
1 0.698045 0.323417 0.032448 0.036044 0.029312
1 0.731116 0.331134 0.029496 0.024100 0.075858
1 0.732581 0.330230 0.030303 0.025884 0.075858
1 0.745967 0.328377 0.032329 0.026716 0.010987
1 0.751350 0.325591 0.025646 0.021164 0.017986
1 0.010488 0.326666 0.021021 0.060216 0.731059
1 0.010514 0.326658 0.021052 0.060227 0.500000
1 0.029520 0.333096 0.016207 0.024818 0.010987
1 0.036298 0.332145 0.026914 0.037683 0.001501
1 0.083505 0.339150 0.098026 0.089839 0.817575
1 0.083623 0.339394 0.098143 0.090349 0.924142
1 0.083618 0.340524 0.098151 0.088091 0.880797
1 0.161835 0.337641 0.023916 0.020027 0.002473
1 0.206099 0.329865 0.031472 0.029804 0.075858
1 0.205421 0.329893 0.032793 0.029719 0.119203
1 0.204262 0.329726 0.033673 0.029355 0.047426
1 0.571982 0.325073 0.025149 0.038661 0.001501
1 0.572609 0.325099 0.024033 0.038905 0.001501
1 0.646125 0.332046 0.051949 0.044293 0.817575
1 0.645853 0.333331 0.052479 0.041695 0.880797
1 0.645870 0.334604 0.052452 0.044250 0.880797
1 0.645843 0.333315 0.052543 0.041722 0.731059
1 0.682517 0.328590 0.026906 0.032312 0.622459
1 0.683764 0.328909 0.026699 0.032860 0.622459
1 0.702880 0.329985 0.030830 0.029923 0.004070
1 0.731344 0.332241 0.029797 0.026297 0.029312
1 0.733852 0.332255 0.032566 0.026216 0.029312
1 0.739490 0.331482 0.040613 0.032893 0.004070
1 0.751540 0.332405 0.027179 0.034476 0.001501
1 0.082958 0.339453 0.099111 0.090465 0.924142
1 0.083097 0.339397 0.099202 0.090382 0.924142
1 0.083607 0.339633 0.098115 0.090843 0.924142
2 0.510383 0.306688 0.110808 0.081563 0.817575
2 0.508955 0.306059 0.108225 0.080249 0.817575
2 0.508981 0.306006 0.108194 0.080184 0.731059
2 0.010477 0.327760 0.020989 0.062754 0.002473
2 0.010518 0.327754 0.021063 0.062652 0.001501
2 0.045804 0.313960 0.028112 0.031397 0.004070
2 0.509259 0.305864 0.107887 0.080479 0.817575
2 0.510327 0.306669 0.110670 0.077159 0.817575
2 0.509306 0.307157 0.107741 0.077993 0.817575
2 0.508494 0.307176 0.105676 0.077859 0.731059
2 0.698573 0.319239 0.032587 0.039467 0.010987
2 0.697324 0.319855 0.031082 0.040635 0.017986
2 0.039579 0.320432 0.030189 0.039985 0.004070
2 0.204940 0.329601 0.031854 0.029137 0.047426
2 0.204939 0.328263 0.031857 0.031571 0.119203
2 0.205577 0.329402 0.033174 0.028767 0.182426
2 0.284679 0.326596 0.016415 0.018612 0.001501
2 0.335303 0.325310 0.026459 0.025725 0.004070
2 0.336718 0.325312 0.026656 0.025712 0.002473
2 0.463901 0.322691 0.019919 0.031922 0.002473
2 0.509724 0.305631 0.109210 0.079358 0.817575
2 0.509144 0.307181 0.107237 0.078057 0.731059
2 0.508272 0.306740 0.105880 0.077185 0.817575
2 0.698045 0.323417 0.032448 0.036044 0.017986
2 0.206099 0.329865 0.031472 0.029804 0.017986
2 0.205421 0.329893 0.032793 0.029719 0.017986
2 0.204262 0.329726 0.033673 0.029355 0.017986
2 0.508504 0.307178 0.104406 0.078155 0.002473
3 0.010682 0.314381 0.018681 0.086554 0.001501
3 0.010477 0.327760 0.020989 0.062754 0.119203
3 0.010518 0.327754 0.021063 0.062652 0.075858
3 0.039679 0.319349 0.030515 0.042319 0.001501
3 0.045804 0.313960 0.028112 0.031397 0.002473
3 0.623786 0.317019 0.029214 0.037887 0.002473
3 0.698573 0.319239 0.032587 0.039467 0.017986
3 0.697324 0.319855 0.031082 0.040635 0.029312
3 0.010485 0.326588 0.021028 0.060398 0.182426
3 0.011272 0.326606 0.019537 0.060323 0.119203
3 0.030543 0.331875 0.014343 0.023126 0.001501
3 0.039579 0.320432 0.030189 0.039985 0.002473
3 0.204940 0.329601 0.031854 0.029137 0.182426
3 0.204939 0.328263 0.031857 0.031571 0.182426
3 0.205577 0.329402 0.033174 0.028767 0.047426
3 0.265985 0.329739 0.015090 0.016841 0.002473
3 0.284679 0.326596 0.016415 0.018612 0.047426
3 0.294937 0.326594 0.016443 0.018643 0.002473
3 0.335303 0.325310 0.026459 0.025725 0.006693
3 0.336718 0.325312 0.026656 0.025712 0.010987
3 0.620739 0.322848 0.026309 0.030685 0.017986
3 0.682914 0.328589 0.026141 0.032205 0.001501
3 0.682948 0.328866 0.026212 0.032836 0.010987
3 0.698045 0.323417 0.032448 0.036044 0.377541
3 0.731116 0.331134 0.029496 0.024100 0.001501
3 0.732581 0.330230 0.030303 0.025884 0.001501
3 0.010488 0.326666 0.021021 0.060216 0.119203
3 0.010514 0.326658 0.021052 0.060227 0.075858
3 0.206099 0.329865 0.031472 0.029804 0.182426
3 0.205421 0.329893 0.032793 0.029719 0.075858
3 0.204262 0.329726 0.033673 0.029355 0.029312
3 0.682517 0.328590 0.026906 0.032312 0.004070
3 0.683764 0.328909 0.026699 0.032860 0.010987
5 0.614280 0.322769 0.017270 0.026473 0.002473
5 0.620739 0.322848 0.026309 0.030685 0.017986
