0 0.517924 0.313466 0.011108 0.022093 0.001501
0 0.529360 0.317562 0.005682 0.022056 0.001501
0 0.543750 0.316047 0.004579 0.025169 0.002473
0 0.554632 0.319095 0.006225 0.028627 0.002473
1 0.290815 0.329589 0.106574 0.095943 0.880797
1 0.291586 0.329777 0.105070 0.095552 0.880797
1 0.291481 0.328423 0.104828 0.093150 0.880797
1 0.357681 0.303362 0.031631 0.018475 0.001501
1 0.502218 0.317403 0.023676 0.031905 0.377541
1 0.501474 0.317214 0.022105 0.032257 0.377541
1 0.519477 0.312709 0.011102 0.023249 0.029312
1 0.291503 0.329708 0.104947 0.095707 0.924142
1 0.290700 0.327041 0.106387 0.090824 0.924142
1 0.290670 0.328362 0.106338 0.093287 0.880797
1 0.438953 0.320505 0.022147 0.025720 0.817575
1 0.440286 0.320508 0.022512 0.025704 0.880797
1 0.456850 0.317267 0.008356 0.014732 0.002473
1 0.467297 0.317910 0.009688 0.010899 0.001501
1 0.501449 0.318788 0.022131 0.034219 0.880797
1 0.501993 0.317698 0.021035 0.031299 0.880797
1 0.517924 0.313466 0.011108 0.022093 0.075858
1 0.290625 0.328503 0.106249 0.093014 0.880797
1 0.291578 0.328505 0.105087 0.093006 0.952574
1 0.291435 0.328320 0.104809 0.093387 0.880797
1 0.290746 0.329602 0.106471 0.095941 0.924142
2 0.304889 0.283770 0.090323 0.068441 0.002473
2 0.304491 0.281612 0.085611 0.063615 0.006693
2 0.307133 0.278744 0.086983 0.057832 0.004070
2 0.305801 0.276712 0.085905 0.053993 0.004070
2 0.310568 0.279637 0.079516 0.060787 0.004070
2 0.302379 0.281345 0.093283 0.055750 0.002473
2 0.357681 0.303362 0.031631 0.018475 0.002473
2 0.519477 0.312709 0.011102 0.023249 0.017986
2 0.517924 0.313466 0.011108 0.022093 0.006693
3 0.519477 0.312709 0.011102 0.023249 0.017986
3 0.517924 0.313466 0.011108 0.022093 0.010987
