0 0.764820 0.296581 0.010862 0.051941 0.004070
0 0.764821 0.298554 0.010860 0.050103 0.004070
1 0.236863 0.304317 0.041541 0.026037 0.002473
1 0.238056 0.303244 0.042375 0.023673 0.001501
1 0.481329 0.311898 0.009649 0.022873 0.001501
1 0.495314 0.316467 0.023633 0.033752 0.817575
1 0.495627 0.318195 0.024247 0.035399 0.731059
1 0.134237 0.356639 0.190179 0.181348 0.880797
1 0.430029 0.320507 0.023302 0.025725 0.182426
1 0.430193 0.320505 0.022618 0.025689 0.924142
1 0.444957 0.318324 0.007249 0.016868 0.004070
1 0.480572 0.315147 0.008094 0.018718 0.075858
1 0.496141 0.318222 0.023120 0.035342 0.880797
1 0.495354 0.318250 0.023698 0.035296 0.731059
1 0.135814 0.356754 0.188649 0.181560 0.924142
1 0.134550 0.356645 0.190864 0.181348 0.924142
1 0.135230 0.355743 0.189332 0.183154 0.047426
1 0.135271 0.357132 0.189720 0.182333 0.924142
1 0.134550 0.358277 0.190865 0.180055 0.924142
1 0.135504 0.358375 0.189871 0.180294 0.880797
1 0.135011 0.357012 0.189171 0.182568 0.006693
1 0.135416 0.357104 0.189878 0.182390 0.880797
1 0.134703 0.357375 0.190846 0.183033 0.029312
1 0.135720 0.357293 0.187599 0.182629 0.952574
1 0.135730 0.356376 0.187546 0.180620 0.939913
1 0.135727 0.357358 0.187587 0.182527 0.001170
3 0.480572 0.315147 0.008094 0.018718 0.001501
