0 0.903825 0.299027 0.029933 0.244838 0.004070
0 0.904561 0.301506 0.028425 0.242511 0.006693
0 0.903703 0.302608 0.029381 0.242773 0.002473
0 0.903614 0.301991 0.029203 0.229576 0.004070
0 0.903955 0.303466 0.027156 0.231960 0.006693
0 0.903171 0.302764 0.025614 0.228296 0.017986
0 0.902526 0.304088 0.027020 0.230768 0.017986
0 0.903023 0.310828 0.025432 0.212408 0.017986
0 0.903087 0.311726 0.025394 0.215411 0.029312
0 0.902424 0.338782 0.024345 0.162108 0.002473
0 0.903360 0.337871 0.026130 0.163695 0.010987
1 0.320687 0.321640 0.024788 0.023470 0.006693
1 0.323137 0.322948 0.030538 0.026264 0.004070
1 0.327628 0.329503 0.039293 0.024693 0.002473
1 0.443755 0.331312 0.015588 0.019972 0.622459
1 0.468748 0.328907 0.009489 0.013981 0.017986
1 0.496903 0.328616 0.009296 0.014573 0.075858
1 0.035990 0.347041 0.072187 0.055395 0.004070
1 0.038951 0.347903 0.074790 0.052830 0.010987
1 0.041834 0.348234 0.083053 0.053166 0.010987
1 0.040334 0.349705 0.076374 0.055642 0.010987
1 0.042159 0.347769 0.076526 0.053654 0.010987
1 0.329683 0.334667 0.034996 0.026121 0.002473
1 0.037737 0.348901 0.072620 0.057838 0.002473
1 0.040092 0.347965 0.080159 0.054442 0.006693
1 0.045612 0.349674 0.087885 0.056002 0.017986
1 0.045386 0.348375 0.087194 0.053406 0.017986
1 0.047436 0.349795 0.089656 0.055822 0.017986
3 0.318319 0.322833 0.028921 0.021201 0.001501
3 0.320687 0.321640 0.024788 0.023470 0.010987
3 0.323137 0.322948 0.030538 0.026264 0.002473
3 0.443755 0.331312 0.015588 0.019972 0.004070
3 0.496903 0.328616 0.009296 0.014573 0.001501
