1 0.637461 0.325189 0.050006 0.048233 0.119203
1 0.636727 0.324904 0.051530 0.048827 0.731059
1 0.635941 0.325190 0.050047 0.048214 0.731059
1 0.492306 0.318302 0.009650 0.024984 0.017986
1 0.566545 0.318940 0.014051 0.012940 0.029312
1 0.584139 0.322914 0.015540 0.015900 0.010987
1 0.587037 0.320321 0.018342 0.016576 0.002473
1 0.636714 0.325257 0.051527 0.048216 0.880797
1 0.637489 0.324357 0.050021 0.046394 0.880797
1 0.635933 0.325454 0.050013 0.047831 0.817575
1 0.636754 0.325312 0.051568 0.048157 0.817575
1 0.671571 0.321770 0.034987 0.028287 0.817575
1 0.671760 0.320872 0.034648 0.030067 0.817575
1 0.715416 0.325912 0.050072 0.036472 0.817575
1 0.716491 0.324355 0.050047 0.039605 0.817575
1 0.715943 0.325795 0.051099 0.036246 0.880797
1 0.715398 0.325836 0.050004 0.036339 0.880797
1 0.636723 0.326133 0.051562 0.051005 0.880797
1 0.636729 0.325295 0.051542 0.048130 0.924142
1 0.635943 0.325269 0.049995 0.048187 0.880797
1 0.636737 0.326476 0.051533 0.050321 0.880797
1 0.715445 0.326491 0.050127 0.037709 0.268941
1 0.715415 0.326207 0.050031 0.037080 0.377541
1 0.715265 0.325119 0.052460 0.038493 0.377541
1 0.715945 0.325309 0.051088 0.038881 0.377541
2 0.491761 0.316126 0.008571 0.029352 0.002473
2 0.492306 0.318302 0.009650 0.024984 0.119203
3 0.491761 0.316126 0.008571 0.029352 0.002473
3 0.492306 0.318302 0.009650 0.024984 0.622459
3 0.671760 0.320872 0.034648 0.030067 0.001501
4 0.903943 0.359801 0.027578 0.100595 0.002473
4 0.908642 0.359133 0.036541 0.099755 0.075858
4 0.909110 0.357316 0.037282 0.102237 0.029312
4 0.908693 0.359296 0.036812 0.100421 0.004070
4 0.909449 0.359366 0.038107 0.104335 0.182426
4 0.909524 0.359222 0.038304 0.104234 0.182426
4 0.916962 0.357678 0.052456 0.102961 0.001501
4 0.909345 0.360564 0.037985 0.102172 0.047426
4 0.908938 0.360553 0.037051 0.102072 0.182426
4 0.909445 0.360240 0.038073 0.102299 0.182426
4 0.916635 0.356641 0.054955 0.103122 0.006693
4 0.906912 0.362144 0.033135 0.099105 0.029312
4 0.908923 0.360780 0.037024 0.101941 0.075858
4 0.910656 0.360579 0.040531 0.102479 0.029312
4 0.916736 0.359001 0.054977 0.101346 0.002473
4 0.901172 0.361498 0.021923 0.100900 0.001501
4 0.909648 0.362784 0.038461 0.098214 0.029312
4 0.912213 0.364988 0.041512 0.098423 0.017986
5 0.908642 0.359133 0.036541 0.099755 0.017986
5 0.909110 0.357316 0.037282 0.102237 0.004070
5 0.908693 0.359296 0.036812 0.100421 0.004070
5 0.909449 0.359366 0.038107 0.104335 0.010987
5 0.909524 0.359222 0.038304 0.104234 0.002473
5 0.909345 0.360564 0.037985 0.102172 0.017986
5 0.908938 0.360553 0.037051 0.102072 0.004070
5 0.909445 0.360240 0.038073 0.102299 0.001501
5 0.906912 0.362144 0.033135 0.099105 0.002473
