0 0.912652 0.316868 0.024734 0.125656 0.002473
0 0.916547 0.320338 0.017046 0.128467 0.029312
0 0.677298 0.298028 0.014919 0.038614 0.001501
0 0.912517 0.323159 0.022056 0.108218 0.047426
0 0.915822 0.322800 0.015322 0.104729 0.268941
0 0.917369 0.318480 0.033811 0.099072 0.004070
0 0.913258 0.324186 0.020833 0.107192 0.047426
0 0.915826 0.327622 0.015331 0.108333 0.377541
0 0.916523 0.322801 0.036447 0.089012 0.002473
0 0.742993 0.302678 0.032654 0.045576 0.001501
0 0.768321 0.299010 0.026153 0.051097 0.017986
0 0.912605 0.324360 0.022239 0.107265 0.047426
0 0.915834 0.325420 0.015350 0.109157 0.268941
0 0.920680 0.332413 0.030675 0.091183 0.004070
0 0.912485 0.324362 0.021985 0.106713 0.047426
0 0.915495 0.325383 0.016253 0.109123 0.377541
0 0.922567 0.330982 0.027247 0.103683 0.002473
0 0.913211 0.326781 0.023654 0.102102 0.047426
0 0.916825 0.325534 0.017324 0.109382 0.119203
0 0.923536 0.331771 0.025484 0.101806 0.001501
1 0.739568 0.299386 0.029481 0.047855 0.002473
1 0.764453 0.298329 0.068109 0.049940 0.182426
1 0.764455 0.298333 0.067960 0.049934 0.047426
1 0.766289 0.297836 0.064424 0.048944 0.006693
1 0.770065 0.297538 0.059906 0.048373 0.004070
1 0.775899 0.298674 0.048285 0.046109 0.004070
1 0.359648 0.306489 0.016638 0.012062 0.001501
1 0.570893 0.296183 0.040075 0.027698 0.001501
1 0.582572 0.296242 0.019141 0.022926 0.001501
1 0.610938 0.297315 0.041517 0.025385 0.017986
1 0.613192 0.296798 0.036899 0.026327 0.029312
1 0.615754 0.297455 0.039159 0.025025 0.029312
1 0.620038 0.298281 0.035327 0.023420 0.029312
1 0.663986 0.315189 0.034108 0.042199 0.001501
1 0.670779 0.312318 0.029626 0.036567 0.002473
1 0.686992 0.306973 0.036864 0.036001 0.006693
1 0.686137 0.306665 0.040473 0.030189 0.017986
1 0.688807 0.305289 0.040206 0.032547 0.001501
1 0.720188 0.311494 0.041163 0.040465 0.002473
1 0.734104 0.308927 0.021466 0.029773 0.075858
1 0.763554 0.298415 0.069664 0.049828 0.182426
1 0.764541 0.299493 0.070753 0.047751 0.119203
1 0.766686 0.299098 0.066730 0.046949 0.010987
1 0.770715 0.298839 0.055543 0.046417 0.002473
1 0.776063 0.298816 0.047920 0.046462 0.002473
1 0.867049 0.312465 0.053353 0.046917 0.731059
1 0.868165 0.311355 0.053008 0.049090 0.880797
1 0.867683 0.313613 0.054439 0.049088 0.817575
1 0.868218 0.312476 0.053379 0.046848 0.817575
1 0.868391 0.313616 0.055342 0.049110 0.500000
1 0.210905 0.321518 0.061840 0.024134 0.001501
1 0.686573 0.313741 0.043409 0.043989 0.002473
1 0.733604 0.309842 0.023178 0.031148 0.047426
1 0.742993 0.302678 0.032654 0.045576 0.010987
1 0.867520 0.312427 0.054283 0.047001 0.622459
1 0.868076 0.313603 0.052828 0.049127 0.817575
1 0.867757 0.313629 0.054550 0.049066 0.880797
1 0.868044 0.313625 0.052909 0.049070 0.817575
1 0.868385 0.314892 0.055314 0.046548 0.377541
2 0.764455 0.298333 0.067960 0.049934 0.002473
2 0.562079 0.299839 0.024319 0.030521 0.001501
2 0.570893 0.296183 0.040075 0.027698 0.010987
2 0.582572 0.296242 0.019141 0.022926 0.006693
2 0.610938 0.297315 0.041517 0.025385 0.010987
2 0.613192 0.296798 0.036899 0.026327 0.017986
2 0.615754 0.297455 0.039159 0.025025 0.002473
2 0.763554 0.298415 0.069664 0.049828 0.002473
2 0.764541 0.299493 0.070753 0.047751 0.002473
3 0.469969 0.306668 0.032008 0.058455 0.817575
3 0.469974 0.306666 0.031987 0.058451 0.817575
3 0.469973 0.306054 0.032007 0.054595 0.731059
3 0.615605 0.295089 0.039228 0.029724 0.001501
3 0.620429 0.294739 0.035497 0.030381 0.002473
3 0.764453 0.298329 0.068109 0.049940 0.047426
3 0.764455 0.298333 0.067960 0.049934 0.500000
3 0.766289 0.297836 0.064424 0.048944 0.622459
3 0.770065 0.297538 0.059906 0.048373 0.731059
3 0.775899 0.298674 0.048285 0.046109 0.622459
3 0.469429 0.305398 0.033089 0.055882 0.731059
3 0.469976 0.306695 0.031992 0.058389 0.817575
3 0.469429 0.306063 0.033087 0.054550 0.731059
3 0.570893 0.296183 0.040075 0.027698 0.002473
3 0.610938 0.297315 0.041517 0.025385 0.002473
3 0.613192 0.296798 0.036899 0.026327 0.010987
3 0.615754 0.297455 0.039159 0.025025 0.010987
3 0.620038 0.298281 0.035327 0.023420 0.006693
3 0.763554 0.298415 0.069664 0.049828 0.075858
3 0.764541 0.299493 0.070753 0.047751 0.500000
3 0.766686 0.299098 0.066730 0.046949 0.622459
3 0.770715 0.298839 0.055543 0.046417 0.622459
3 0.776063 0.298816 0.047920 0.046462 0.500000
3 0.469969 0.307347 0.032003 0.057082 0.731059
3 0.469981 0.307365 0.031980 0.057045 0.817575
3 0.469971 0.306706 0.032006 0.058375 0.817575
3 0.760874 0.299440 0.063177 0.052107 0.001501
3 0.768321 0.299010 0.026153 0.051097 0.004070
3 0.769298 0.298508 0.061387 0.050297 0.002473
3 0.776385 0.298722 0.044278 0.050732 0.001501
4 0.663986 0.315189 0.034108 0.042199 0.010987
4 0.670779 0.312318 0.029626 0.036567 0.006693
4 0.686992 0.306973 0.036864 0.036001 0.001501
4 0.734104 0.308927 0.021466 0.029773 0.001501
4 0.656122 0.319635 0.033070 0.044944 0.001501
4 0.661463 0.322059 0.028846 0.042229 0.119203
4 0.661538 0.321026 0.031277 0.043104 0.075858
4 0.677404 0.317384 0.019993 0.045599 0.010987
4 0.686573 0.313741 0.043409 0.043989 0.004070
4 0.709913 0.329092 0.032682 0.069044 0.001501
4 0.912605 0.324360 0.022239 0.107265 0.001501
4 0.920680 0.332413 0.030675 0.091183 0.006693
4 0.662903 0.324785 0.029186 0.045993 0.017986
4 0.662636 0.322696 0.031127 0.050289 0.010987
4 0.676657 0.326088 0.019820 0.063522 0.010987
4 0.692228 0.329857 0.038510 0.065701 0.004070
4 0.912485 0.324362 0.021985 0.106713 0.001501
4 0.922567 0.330982 0.027247 0.103683 0.017986
4 0.948245 0.343274 0.034885 0.110255 0.001501
4 0.006236 0.360247 0.009552 0.065228 0.001501
4 0.913211 0.326781 0.023654 0.102102 0.004070
4 0.923536 0.331771 0.025484 0.101806 0.017986
4 0.006255 0.389342 0.012818 0.135020 0.001501
4 0.928805 0.333624 0.036189 0.125584 0.002473
4 0.006256 0.388138 0.009670 0.131044 0.002473
5 0.663986 0.315189 0.034108 0.042199 0.001501
5 0.670779 0.312318 0.029626 0.036567 0.001501
5 0.720188 0.311494 0.041163 0.040465 0.001501
5 0.734104 0.308927 0.021466 0.029773 0.017986
5 0.686573 0.313741 0.043409 0.043989 0.001501
5 0.709913 0.329092 0.032682 0.069044 0.017986
5 0.716019 0.332176 0.026366 0.075550 0.047426
5 0.733604 0.309842 0.023178 0.031148 0.010987
5 0.742993 0.302678 0.032654 0.045576 0.010987
5 0.760874 0.299440 0.063177 0.052107 0.001501
5 0.768321 0.299010 0.026153 0.051097 0.002473
5 0.920680 0.332413 0.030675 0.091183 0.004070
5 0.943647 0.338091 0.029354 0.099512 0.004070
5 0.958715 0.338565 0.021406 0.118285 0.002473
5 0.692228 0.329857 0.038510 0.065701 0.004070
5 0.714056 0.332356 0.022543 0.075588 0.047426
5 0.714631 0.330305 0.021229 0.079795 0.075858
5 0.725364 0.327092 0.029376 0.078947 0.004070
5 0.811070 0.324679 0.017113 0.060497 0.002473
5 0.922567 0.330982 0.027247 0.103683 0.001501
5 0.948245 0.343274 0.034885 0.110255 0.002473
5 0.702347 0.331687 0.041299 0.074254 0.001501
5 0.713814 0.334030 0.019805 0.072357 0.047426
5 0.713281 0.333691 0.020725 0.073035 0.075858
5 0.722229 0.327942 0.033326 0.084980 0.006693
5 0.923536 0.331771 0.025484 0.101806 0.001501
