0 0.931205 0.330278 0.012834 0.062011 0.006693
0 0.993521 0.304450 0.013041 0.079623 0.002473
0 0.929778 0.333290 0.009714 0.052221 0.006693
0 0.928860 0.333219 0.007780 0.051866 0.047426
0 0.993768 0.337214 0.012692 0.079511 0.002473
1 0.559335 0.308919 0.019043 0.025114 0.002473
1 0.567080 0.312768 0.016116 0.023425 0.002473
1 0.624360 0.327733 0.088779 0.062545 0.119203
1 0.624760 0.325339 0.089845 0.057729 0.500000
1 0.623886 0.327740 0.091599 0.062570 0.500000
1 0.789867 0.319669 0.045278 0.037216 0.500000
1 0.788975 0.320453 0.047058 0.041729 0.500000
1 0.789032 0.321187 0.046938 0.040191 0.268941
1 0.788965 0.320453 0.047090 0.041727 0.500000
1 0.852941 0.327617 0.030891 0.053054 0.268941
1 0.853128 0.327619 0.031246 0.053053 0.268941
1 0.853418 0.326469 0.031874 0.053812 0.047426
1 0.993521 0.304450 0.013041 0.079623 0.006693
1 0.565601 0.314914 0.013114 0.021005 0.017986
1 0.623542 0.325329 0.091156 0.067326 0.500000
1 0.624749 0.327732 0.089819 0.062505 0.731059
1 0.623876 0.327735 0.091563 0.062490 0.500000
1 0.624562 0.325331 0.089166 0.057693 0.500000
1 0.788940 0.321389 0.047130 0.039869 0.268941
1 0.788949 0.321274 0.047105 0.040090 0.500000
1 0.788983 0.321256 0.047065 0.040060 0.500000
1 0.788989 0.320506 0.047073 0.041564 0.500000
1 0.853125 0.326947 0.031254 0.054433 0.500000
1 0.852942 0.327960 0.030881 0.052401 0.500000
1 0.853413 0.327690 0.031869 0.052924 0.017986
1 0.884580 0.321639 0.024998 0.033039 0.017986
1 0.884614 0.319788 0.025088 0.036762 0.047426
1 0.906886 0.320428 0.020041 0.025857 0.006693
1 0.914198 0.320529 0.015926 0.025746 0.017986
1 0.939755 0.320033 0.021726 0.027462 0.002473
1 0.961286 0.320537 0.016822 0.025762 0.006693
1 0.624929 0.327759 0.090191 0.062491 0.731059
1 0.624548 0.327735 0.089150 0.062496 0.500000
1 0.624480 0.327736 0.089280 0.062497 0.500000
1 0.624550 0.327742 0.089146 0.062494 0.017986
1 0.854388 0.327812 0.028005 0.052715 0.500000
1 0.852941 0.327702 0.030883 0.052947 0.500000
1 0.853417 0.327051 0.031857 0.054300 0.017986
1 0.211783 0.358602 0.285334 0.313943 0.924142
1 0.213674 0.357036 0.289251 0.310395 0.939913
1 0.215514 0.357850 0.290133 0.312219 0.939913
1 0.211678 0.366368 0.282609 0.301010 0.939913
1 0.213669 0.362728 0.289138 0.298521 0.924142
1 0.218271 0.363594 0.286360 0.300210 0.924142
1 0.211417 0.363361 0.280841 0.304655 0.924142
1 0.210731 0.366051 0.284227 0.295442 0.952574
1 0.213972 0.365258 0.290015 0.298380 0.939913
1 0.217732 0.366917 0.285182 0.297230 0.924142
2 0.657753 0.301729 0.051362 0.046257 0.047426
2 0.659616 0.302732 0.056859 0.048007 0.017986
2 0.658597 0.299504 0.059294 0.057429 0.017986
2 0.886279 0.306881 0.028706 0.053335 0.002473
2 0.992035 0.297699 0.016006 0.071950 0.006693
2 0.593862 0.315141 0.032014 0.037562 0.002473
2 0.655023 0.305841 0.053966 0.046596 0.006693
2 0.658224 0.301844 0.059851 0.052040 0.047426
2 0.662567 0.304588 0.068878 0.057858 0.002473
2 0.885966 0.308444 0.027935 0.049742 0.006693
2 0.886112 0.307708 0.028233 0.051262 0.006693
2 0.892962 0.312106 0.030524 0.042365 0.002473
2 0.993521 0.304450 0.013041 0.079623 0.006693
2 0.884614 0.319788 0.025088 0.036762 0.002473
3 0.657753 0.301729 0.051362 0.046257 0.017986
3 0.658597 0.299504 0.059294 0.057429 0.002473
3 0.885996 0.309182 0.028357 0.058128 0.002473
3 0.886279 0.306881 0.028706 0.053335 0.017986
3 0.655023 0.305841 0.053966 0.046596 0.002473
3 0.658224 0.301844 0.059851 0.052040 0.006693
3 0.662567 0.304588 0.068878 0.057858 0.006693
3 0.681106 0.306369 0.099872 0.053715 0.002473
3 0.885966 0.308444 0.027935 0.049742 0.119203
3 0.886112 0.307708 0.028233 0.051262 0.119203
3 0.892962 0.312106 0.030524 0.042365 0.002473
3 0.993521 0.304450 0.013041 0.079623 0.002473
3 0.884580 0.321639 0.024998 0.033039 0.119203
3 0.884614 0.319788 0.025088 0.036762 0.119203
4 0.995184 0.334481 0.009861 0.093159 0.002473
4 0.993768 0.337214 0.012692 0.079511 0.002473
5 0.929778 0.333290 0.009714 0.052221 0.006693
5 0.928860 0.333219 0.007780 0.051866 0.017986
5 0.993768 0.337214 0.012692 0.079511 0.002473
