0 0.682813 0.298003 0.010120 0.039072 0.002473
0 0.695380 0.289658 0.010250 0.028257 0.002473
0 0.605301 0.302078 0.004922 0.031299 0.006693
0 0.667278 0.297964 0.009947 0.029337 0.002473
0 0.691278 0.295133 0.008047 0.035130 0.002473
0 0.336270 0.339180 0.059326 0.123245 0.002473
1 0.569187 0.302207 0.014423 0.021224 0.006693
1 0.578627 0.302115 0.016066 0.021041 0.002473
1 0.592249 0.299836 0.015935 0.016809 0.002473
2 0.521751 0.309188 0.012742 0.016277 0.002473
2 0.546746 0.310036 0.012751 0.021112 0.002473
2 0.569187 0.302207 0.014423 0.021224 0.002473
3 0.546746 0.310036 0.012751 0.021112 0.002473
4 0.336280 0.340683 0.059333 0.126262 0.017986
4 0.336292 0.340737 0.059349 0.126314 0.017986
4 0.336270 0.339180 0.059326 0.123245 0.047426
4 0.337045 0.339227 0.060852 0.123113 0.017986
4 0.337125 0.339264 0.060731 0.123014 0.017986
4 0.336749 0.339237 0.058454 0.123116 0.006693
4 0.336237 0.339251 0.059261 0.123125 0.017986
4 0.336107 0.340888 0.058978 0.119614 0.017986
4 0.337131 0.342489 0.060744 0.122816 0.047426
4 0.336752 0.339267 0.058460 0.123059 0.006693
4 0.337500 0.340608 0.059965 0.120353 0.017986
4 0.336362 0.340604 0.059208 0.120356 0.006693
5 0.336280 0.340683 0.059333 0.126262 0.268941
5 0.336292 0.340737 0.059349 0.126314 0.119203
5 0.336270 0.339180 0.059326 0.123245 0.119203
5 0.337045 0.339227 0.060852 0.123113 0.500000
5 0.337125 0.339264 0.060731 0.123014 0.500000
5 0.336749 0.339237 0.058454 0.123116 0.017986
5 0.336237 0.339251 0.059261 0.123125 0.047426
5 0.336107 0.340888 0.058978 0.119614 0.268941
5 0.337131 0.342489 0.060744 0.122816 0.268941
5 0.336752 0.339267 0.058460 0.123059 0.017986
5 0.337500 0.340608 0.059965 0.120353 0.119203
5 0.336362 0.340604 0.059208 0.120356 0.047426
