0 0.626689 0.301920 0.010333 0.062617 0.002473
0 0.741338 0.292594 0.012178 0.044042 0.002473
0 0.753996 0.295287 0.011660 0.051533 0.002473
0 0.782603 0.297920 0.015651 0.045259 0.006693
0 0.627322 0.306923 0.010861 0.062518 0.002473
0 0.743578 0.304908 0.013218 0.058474 0.006693
0 0.779776 0.302983 0.015499 0.037752 0.006693
0 0.020177 0.364535 0.009809 0.062690 0.002473
1 0.003848 0.137319 0.007840 0.070735 0.002473
1 0.004802 0.137026 0.009747 0.075630 0.002473
1 0.482190 0.325377 0.054720 0.067451 0.731059
1 0.482185 0.326894 0.054808 0.070511 0.500000
1 0.480414 0.324532 0.054646 0.075406 0.268941
1 0.531106 0.306950 0.013169 0.021024 0.002473
1 0.411719 0.316487 0.018382 0.017934 0.002473
1 0.445175 0.320486 0.021139 0.025704 0.500000
1 0.452966 0.322165 0.018446 0.037276 0.006693
1 0.481252 0.326889 0.052930 0.070459 0.731059
1 0.481253 0.326890 0.052970 0.070434 0.500000
1 0.480346 0.326907 0.054771 0.070487 0.500000
1 0.482237 0.327676 0.054793 0.072133 0.500000
1 0.601173 0.322748 0.028353 0.021618 0.002473
1 0.481225 0.326892 0.056629 0.070454 0.731059
1 0.482197 0.326882 0.054819 0.070450 0.731059
1 0.481275 0.326886 0.056621 0.070443 0.500000
2 0.589184 0.096543 0.147052 0.161825 0.006693
2 0.587152 0.114900 0.152890 0.192124 0.002473
2 0.467840 0.299753 0.031582 0.048901 0.006693
2 0.466480 0.291459 0.026870 0.031787 0.119203
2 0.470174 0.290679 0.031848 0.030332 0.017986
2 0.074858 0.329161 0.050366 0.075382 0.006693
2 0.457714 0.314600 0.013569 0.036727 0.017986
2 0.531106 0.306950 0.013169 0.021024 0.002473
2 0.073536 0.333200 0.053813 0.082564 0.002473
3 0.467840 0.299753 0.031582 0.048901 0.002473
3 0.466480 0.291459 0.026870 0.031787 0.006693
3 0.470174 0.290679 0.031848 0.030332 0.002473
3 0.457714 0.314600 0.013569 0.036727 0.002473
4 0.366087 0.333129 0.032180 0.051739 0.002473
4 0.367086 0.332821 0.028350 0.052327 0.006693
4 0.367288 0.330717 0.034680 0.046920 0.006693
4 0.955273 0.356488 0.050216 0.078588 0.006693
4 0.954080 0.356766 0.051545 0.088697 0.500000
4 0.954588 0.354629 0.046779 0.085131 0.002473
4 0.365638 0.333165 0.031247 0.051647 0.002473
4 0.366395 0.333165 0.032729 0.051647 0.002473
4 0.955150 0.354275 0.049673 0.083541 0.268941
4 0.954571 0.356557 0.052343 0.078613 0.268941
4 0.955073 0.358845 0.049546 0.083443 0.268941
4 0.955604 0.359099 0.050566 0.083279 0.119203
4 0.955156 0.354158 0.049663 0.083382 0.500000
4 0.955067 0.356557 0.049557 0.088133 0.500000
4 0.971848 0.349185 0.043943 0.084401 0.002473
4 0.956196 0.356896 0.050128 0.087793 0.119203
4 0.955579 0.360545 0.050619 0.086733 0.268941
4 0.955605 0.356779 0.050565 0.088502 0.268941
4 0.960739 0.354791 0.044817 0.098953 0.002473
5 0.365663 0.327726 0.031351 0.062757 0.017986
5 0.366131 0.325338 0.032189 0.057814 0.017986
5 0.367341 0.329196 0.034801 0.059539 0.006693
5 0.366087 0.333129 0.032180 0.051739 0.500000
5 0.367086 0.332821 0.028350 0.052327 0.500000
5 0.367288 0.330717 0.034680 0.046920 0.047426
5 0.366088 0.332858 0.032191 0.052267 0.500000
5 0.365638 0.333165 0.031247 0.051647 0.268941
5 0.366395 0.333165 0.032729 0.051647 0.017986
