0 0.984127 0.310770 0.019317 0.147974 0.006693
0 0.985768 0.312835 0.015988 0.147928 0.006693
0 0.991597 0.316830 0.016980 0.161830 0.006693
0 0.987101 0.316932 0.019024 0.158008 0.047426
0 0.989633 0.318286 0.020906 0.159449 0.047426
0 0.729795 0.302108 0.009728 0.032505 0.002473
0 0.985808 0.315513 0.022571 0.161590 0.268941
0 0.987457 0.320214 0.019405 0.161813 0.047426
0 0.986879 0.315609 0.026181 0.161783 0.119203
0 0.987646 0.318506 0.024764 0.165289 0.119203
0 0.979578 0.315609 0.034408 0.160279 0.017986
0 0.986880 0.318436 0.026179 0.165117 0.119203
0 0.986579 0.318487 0.021161 0.165200 0.268941
0 0.980707 0.318231 0.036861 0.154927 0.017986
0 0.985820 0.318820 0.022565 0.165716 0.119203
0 0.988074 0.318212 0.023909 0.165970 0.268941
0 0.986826 0.318972 0.026071 0.165596 0.119203
0 0.989615 0.320696 0.020825 0.160864 0.119203
0 0.986672 0.321737 0.025848 0.174360 0.006693
0 0.990666 0.326386 0.019100 0.183807 0.006693
1 0.155868 0.268125 0.113495 0.026670 0.002473
1 0.175896 0.278583 0.157267 0.047665 0.002473
1 0.179492 0.301044 0.162727 0.092325 0.002473
1 0.236257 0.285030 0.068828 0.029262 0.002473
1 0.312687 0.295222 0.055958 0.034024 0.002473
1 0.022894 0.337914 0.046235 0.066219 0.047426
1 0.025124 0.341153 0.050395 0.058105 0.017986
1 0.024752 0.337160 0.051124 0.064956 0.006693
1 0.359522 0.320345 0.025017 0.026132 0.002473
1 0.637656 0.320711 0.025951 0.016738 0.002473
1 0.024616 0.346453 0.049370 0.057512 0.017986
1 0.025060 0.343806 0.044396 0.052653 0.017986
1 0.024782 0.343808 0.050069 0.052702 0.017986
1 0.025561 0.336601 0.052373 0.059461 0.006693
1 0.026414 0.344259 0.047292 0.052622 0.047426
1 0.025015 0.346426 0.050101 0.057984 0.047426
1 0.023135 0.346662 0.047853 0.057554 0.047426
1 0.025037 0.344119 0.051875 0.052913 0.002473
1 0.022815 0.357256 0.050082 0.087970 0.002473
1 0.024039 0.353287 0.048797 0.079353 0.017986
1 0.023327 0.355842 0.054029 0.082286 0.002473
2 0.155868 0.268125 0.113495 0.026670 0.002473
2 0.160896 0.269108 0.119611 0.028633 0.017986
2 0.168618 0.271414 0.133027 0.033248 0.047426
2 0.175896 0.278583 0.157267 0.047665 0.047426
2 0.178459 0.290217 0.166606 0.064801 0.006693
2 0.187397 0.291513 0.168654 0.073885 0.002473
2 0.156815 0.275415 0.112931 0.041245 0.002473
2 0.166251 0.283472 0.128175 0.057184 0.017986
2 0.175788 0.297195 0.147079 0.084634 0.047426
2 0.179492 0.301044 0.162727 0.092325 0.268941
2 0.179776 0.307883 0.169245 0.098286 0.119203
2 0.183308 0.311372 0.167406 0.097803 0.119203
2 0.192605 0.313070 0.160027 0.094271 0.119203
2 0.201552 0.306956 0.134755 0.082045 0.119203
2 0.210927 0.292336 0.116131 0.052762 0.047426
2 0.218514 0.286103 0.106509 0.040303 0.047426
2 0.227655 0.284263 0.088276 0.026958 0.017986
2 0.236257 0.285030 0.068828 0.029262 0.006693
2 0.138302 0.303902 0.148918 0.097291 0.002473
2 0.159183 0.302393 0.134947 0.094912 0.006693
2 0.173494 0.306771 0.146313 0.103679 0.017986
2 0.177628 0.308819 0.163988 0.100142 0.047426
2 0.180995 0.310066 0.163854 0.099958 0.047426
2 0.188670 0.313002 0.161194 0.096254 0.047426
2 0.195711 0.312596 0.151761 0.094200 0.119203
2 0.201515 0.312311 0.134827 0.083568 0.268941
2 0.209739 0.307146 0.122188 0.082438 0.119203
2 0.212741 0.299562 0.118125 0.058013 0.017986
2 0.223016 0.296517 0.094085 0.051181 0.017986
2 0.191601 0.319935 0.131878 0.089531 0.017986
2 0.197494 0.317662 0.138299 0.091087 0.017986
2 0.204267 0.317180 0.133411 0.090619 0.047426
2 0.206136 0.315827 0.125527 0.093042 0.119203
2 0.209942 0.311702 0.122330 0.084334 0.017986
2 0.204527 0.327480 0.109604 0.074534 0.002473
2 0.205770 0.322156 0.116409 0.082193 0.006693
2 0.207913 0.322067 0.117400 0.082148 0.017986
3 0.179492 0.301044 0.162727 0.092325 0.002473
