0 0.645207 0.294371 0.009721 0.028338 0.006693
0 0.706166 0.293282 0.012723 0.035365 0.002473
0 0.761897 0.289975 0.018062 0.039094 0.002473
0 0.767302 0.293297 0.009653 0.044988 0.119203
0 0.645207 0.301669 0.009723 0.036672 0.047426
0 0.706246 0.297367 0.012880 0.042127 0.006693
0 0.767271 0.300929 0.015478 0.060284 0.047426
0 0.057917 0.350045 0.010190 0.075238 0.002473
0 0.065765 0.348158 0.012798 0.081082 0.017986
0 0.645390 0.317161 0.010233 0.044248 0.002473
0 0.767225 0.311742 0.015718 0.081706 0.006693
0 0.054789 0.351359 0.009742 0.067521 0.002473
0 0.065541 0.351052 0.013186 0.077720 0.006693
0 0.765570 0.319347 0.019033 0.079388 0.002473
0 0.056215 0.350017 0.006893 0.070978 0.002473
0 0.066652 0.352117 0.011078 0.089283 0.006693
0 0.283804 0.337855 0.018397 0.068345 0.002473
1 0.401782 0.312453 0.028501 0.032008 0.002473
1 0.407541 0.312289 0.041089 0.025650 0.002473
1 0.428648 0.312011 0.018077 0.021855 0.002473
1 0.582185 0.304495 0.016874 0.016284 0.002473
1 0.234605 0.339708 0.074968 0.054450 0.731059
1 0.233650 0.342110 0.076878 0.049641 0.500000
1 0.234549 0.339691 0.075005 0.054492 0.500000
1 0.234545 0.338948 0.074998 0.052982 0.268941
1 0.293770 0.328511 0.043387 0.041665 0.268941
1 0.293780 0.328507 0.043366 0.041661 0.500000
1 0.294683 0.326931 0.045221 0.044759 0.500000
1 0.342786 0.325341 0.029810 0.025717 0.268941
1 0.341340 0.329305 0.032685 0.024036 0.268941
1 0.342293 0.324490 0.034653 0.033659 0.268941
1 0.373499 0.322917 0.027943 0.020864 0.268941
1 0.374999 0.325321 0.025018 0.025676 0.500000
1 0.401475 0.314452 0.028116 0.028193 0.006693
1 0.402545 0.314963 0.029932 0.027168 0.006693
1 0.405726 0.316018 0.034338 0.025239 0.006693
1 0.428122 0.314167 0.018917 0.019512 0.002473
1 0.489452 0.315472 0.009848 0.015703 0.002473
1 0.507692 0.315780 0.009693 0.016312 0.006693
1 0.120293 0.358175 0.090589 0.059354 0.500000
1 0.118772 0.356620 0.093262 0.062465 0.268941
1 0.118753 0.359730 0.087579 0.062488 0.500000
1 0.236011 0.341277 0.077993 0.057598 0.268941
1 0.234573 0.342182 0.075051 0.049737 0.500000
1 0.234564 0.339775 0.075050 0.054549 0.500000
1 0.234569 0.339769 0.075058 0.054506 0.500000
1 0.234547 0.341414 0.075012 0.048241 0.500000
1 0.296155 0.326952 0.042366 0.044811 0.500000
1 0.296142 0.328521 0.042286 0.041673 0.500000
1 0.296123 0.328516 0.042337 0.041697 0.500000
1 0.120263 0.359693 0.090600 0.062628 0.880797
1 0.120226 0.358193 0.090454 0.065624 0.500000
1 0.118759 0.358196 0.087512 0.059375 0.500000
1 0.120183 0.356637 0.090437 0.062495 0.500000
1 0.234543 0.341330 0.075012 0.057717 0.500000
1 0.234486 0.339798 0.075176 0.054557 0.731059
1 0.120220 0.359753 0.090718 0.062548 0.500000
1 0.118763 0.358187 0.087558 0.059430 0.731059
1 0.118698 0.358187 0.087689 0.059430 0.731059
2 0.402641 0.313962 0.030492 0.028945 0.268941
2 0.401782 0.312453 0.028501 0.032008 0.500000
2 0.407541 0.312289 0.041089 0.025650 0.017986
2 0.428648 0.312011 0.018077 0.021855 0.017986
2 0.490127 0.310033 0.011234 0.021118 0.002473
2 0.507654 0.310786 0.009774 0.022620 0.017986
2 0.582185 0.304495 0.016874 0.016284 0.006693
2 0.401475 0.314452 0.028116 0.028193 0.047426
2 0.402545 0.314963 0.029932 0.027168 0.268941
2 0.405726 0.316018 0.034338 0.025239 0.006693
2 0.428122 0.314167 0.018917 0.019512 0.002473
2 0.507692 0.315780 0.009693 0.016312 0.002473
3 0.401782 0.312453 0.028501 0.032008 0.002473
3 0.428648 0.312011 0.018077 0.021855 0.002473
3 0.084991 0.337286 0.072289 0.061463 0.002473
4 0.653914 0.328211 0.017391 0.042909 0.002473
