0 0.182657 0.347827 0.010433 0.055027 0.002473
0 0.143554 0.361736 0.013034 0.047370 0.047426
0 0.147269 0.359700 0.025810 0.044570 0.002473
0 0.180317 0.358941 0.004891 0.041764 0.006693
0 0.193601 0.358063 0.007074 0.033933 0.006693
0 0.218737 0.352513 0.006795 0.028999 0.002473
0 0.244013 0.350788 0.013053 0.026409 0.006693
0 0.145063 0.364888 0.016083 0.042339 0.017986
0 0.146049 0.365639 0.023730 0.039695 0.002473
0 0.180317 0.358596 0.004892 0.032856 0.017986
0 0.193694 0.362499 0.006852 0.034651 0.002473
0 0.241362 0.351921 0.007777 0.027386 0.002473
1 0.314915 0.338223 0.095176 0.093149 0.880797
1 0.489876 0.326865 0.060578 0.086553 0.731059
1 0.490837 0.326864 0.062506 0.086550 0.500000
1 0.489883 0.326859 0.060659 0.086575 0.268941
1 0.517239 0.310685 0.009850 0.038713 0.002473
1 0.314928 0.338235 0.095174 0.093136 0.731059
1 0.313479 0.339893 0.092275 0.086826 0.500000
1 0.314990 0.339893 0.095052 0.086817 0.500000
1 0.370272 0.327738 0.015700 0.020941 0.017986
1 0.384316 0.325298 0.013445 0.016214 0.006693
1 0.396803 0.326885 0.018981 0.012926 0.047426
1 0.415763 0.322917 0.012795 0.011260 0.006693
1 0.459220 0.322771 0.012770 0.021187 0.006693
1 0.488961 0.326177 0.062502 0.087986 0.731059
1 0.488981 0.324573 0.062502 0.084953 0.500000
1 0.489900 0.326746 0.060622 0.086792 0.500000
1 0.316367 0.340830 0.098054 0.088706 0.500000
1 0.313982 0.338116 0.097036 0.092906 0.731059
1 0.314928 0.340641 0.095177 0.088325 0.500000
1 0.490823 0.326768 0.062434 0.086805 0.500000
1 0.488985 0.326767 0.062507 0.086806 0.500000
1 0.489889 0.326137 0.060683 0.088075 0.500000
1 0.089021 0.381417 0.071966 0.054600 0.500000
1 0.089024 0.381405 0.071962 0.054561 0.500000
1 0.088489 0.381413 0.067314 0.054608 0.500000
1 0.089803 0.383799 0.069676 0.049785 0.500000
1 0.314056 0.338237 0.096930 0.093142 0.500000
1 0.314894 0.340830 0.095212 0.088705 0.500000
1 0.314919 0.338245 0.095167 0.093142 0.731059
1 0.490812 0.326477 0.062554 0.087424 0.731059
1 0.089040 0.381448 0.071923 0.054560 0.731059
1 0.087536 0.381442 0.069175 0.054548 0.500000
1 0.088454 0.385401 0.067240 0.052875 0.500000
1 0.088994 0.383827 0.071819 0.049738 0.500000
1 0.014459 0.390911 0.029126 0.042553 0.002473
1 0.087562 0.381461 0.069028 0.054546 0.731059
1 0.089041 0.383868 0.071929 0.049737 0.500000
2 0.443688 0.312294 0.046444 0.032325 0.006693
2 0.443714 0.310826 0.047390 0.028933 0.006693
2 0.447489 0.312434 0.040914 0.031959 0.006693
2 0.259246 0.337284 0.044548 0.049864 0.006693
2 0.259388 0.335648 0.049480 0.046465 0.002473
2 0.430163 0.322757 0.017414 0.021247 0.002473
2 0.439754 0.315981 0.035213 0.025150 0.002473
2 0.602284 0.322932 0.030006 0.030560 0.002473
3 0.517239 0.310685 0.009850 0.038713 0.017986
3 0.259246 0.337284 0.044548 0.049864 0.002473
3 0.370272 0.327738 0.015700 0.020941 0.002473
3 0.384316 0.325298 0.013445 0.016214 0.002473
4 0.145063 0.364888 0.016083 0.042339 0.002473
4 0.041084 0.388101 0.034502 0.047451 0.006693
4 0.140620 0.369038 0.019136 0.044029 0.002473
4 0.038902 0.386605 0.035083 0.050592 0.002473
5 0.017426 0.387008 0.034576 0.057497 0.002473
5 0.037806 0.385349 0.033213 0.053006 0.002473
5 0.040070 0.382450 0.028854 0.057022 0.006693
5 0.145063 0.364888 0.016083 0.042339 0.006693
5 0.016252 0.389207 0.032223 0.045163 0.002473
5 0.041084 0.388101 0.034502 0.047451 0.006693
5 0.016255 0.390687 0.032230 0.042417 0.002473
