0 0.220492 0.288057 0.016146 0.060323 0.002473
0 0.656216 0.291171 0.006894 0.042786 0.002473
0 0.333641 0.317331 0.007891 0.052196 0.006693
0 0.357595 0.320057 0.010070 0.047425 0.017986
0 0.378775 0.314927 0.008058 0.036939 0.017986
0 0.659275 0.298031 0.012914 0.030888 0.006693
0 0.336847 0.329351 0.014314 0.038501 0.006693
0 0.349772 0.325181 0.019723 0.037270 0.006693
0 0.378862 0.316951 0.007886 0.032891 0.006693
0 0.336813 0.330836 0.014129 0.037336 0.002473
0 0.347755 0.325802 0.023759 0.038052 0.002473
0 0.379780 0.321780 0.009789 0.049100 0.002473
1 0.442801 0.317317 0.029832 0.041695 0.500000
1 0.442292 0.317317 0.034585 0.041694 0.268941
1 0.442297 0.318876 0.034642 0.038573 0.500000
1 0.488922 0.319639 0.033648 0.046353 0.500000
1 0.488480 0.318893 0.032730 0.044854 0.500000
1 0.624968 0.339802 0.125022 0.112251 0.731059
1 0.336847 0.329351 0.014314 0.038501 0.002473
1 0.345784 0.328113 0.022810 0.031324 0.017986
1 0.349772 0.325181 0.019723 0.037270 0.002473
1 0.406730 0.320512 0.020392 0.016071 0.002473
1 0.418162 0.325313 0.013834 0.016172 0.006693
1 0.443736 0.318876 0.031706 0.038556 0.500000
1 0.443736 0.318882 0.031699 0.038545 0.500000
1 0.441374 0.317335 0.032749 0.041629 0.268941
1 0.468731 0.318920 0.012600 0.013075 0.047426
1 0.489914 0.318914 0.029856 0.044812 0.500000
1 0.490371 0.318902 0.030742 0.044835 0.500000
1 0.514816 0.320502 0.014598 0.016039 0.268941
1 0.556197 0.316487 0.012744 0.017883 0.006693
1 0.626388 0.339768 0.121991 0.112181 0.500000
1 0.626439 0.342185 0.122122 0.116943 0.731059
1 0.626459 0.341437 0.122114 0.118439 0.731059
1 0.345154 0.333362 0.022263 0.032053 0.002473
1 0.625001 0.339780 0.124992 0.112195 0.731059
1 0.625007 0.339764 0.125015 0.112162 0.731059
1 0.623569 0.339031 0.122109 0.113624 0.731059
1 0.625055 0.338982 0.125088 0.113781 0.500000
1 0.624997 0.339714 0.125006 0.112249 0.731059
1 0.626449 0.339712 0.122143 0.112245 0.731059
1 0.624994 0.342021 0.124995 0.117327 0.006693
3 0.675326 0.272481 0.108137 0.077666 0.002473
3 0.681027 0.271302 0.102595 0.084564 0.002473
3 0.676860 0.272482 0.105312 0.085773 0.002473
3 0.686074 0.275436 0.094923 0.083007 0.002473
3 0.514816 0.320502 0.014598 0.016039 0.002473
4 0.684401 0.335613 0.049644 0.068659 0.002473
4 0.345154 0.333362 0.022263 0.032053 0.006693
4 0.347755 0.325802 0.023759 0.038052 0.002473
4 0.686715 0.335656 0.045001 0.068481 0.002473
4 0.691898 0.334633 0.035338 0.071142 0.002473
5 0.349772 0.325181 0.019723 0.037270 0.002473
5 0.345154 0.333362 0.022263 0.032053 0.002473
