0 0.096799 0.296060 0.019428 0.075020 0.002473
0 0.397608 0.287930 0.010758 0.033551 0.006693
0 0.959084 0.359994 0.065800 0.177737 0.002473
0 0.015622 0.320141 0.031297 0.068110 0.002473
0 0.015634 0.317678 0.031239 0.063377 0.002473
0 0.754209 0.333099 0.011089 0.042189 0.002473
0 0.950633 0.360011 0.061927 0.169080 0.002473
0 0.729262 0.332390 0.017705 0.079273 0.002473
0 0.940316 0.367012 0.048823 0.155858 0.006693
0 0.945106 0.391865 0.044622 0.106153 0.002473
0 0.947821 0.393500 0.021029 0.118783 0.002473
0 0.949226 0.397315 0.025785 0.109293 0.002473
0 0.946368 0.401371 0.020239 0.114787 0.006693
0 0.951136 0.398700 0.029649 0.121625 0.002473
1 0.015114 0.297809 0.030726 0.110670 0.006693
1 0.016354 0.302152 0.031899 0.103562 0.002473
1 0.015654 0.309424 0.031358 0.079537 0.017986
1 0.015660 0.313947 0.031216 0.080080 0.002473
1 0.017854 0.307339 0.029909 0.093502 0.006693
1 0.427883 0.283655 0.025082 0.025695 0.002473
1 0.015630 0.316472 0.031276 0.065589 0.119203
1 0.015634 0.317471 0.031241 0.063676 0.047426
1 0.016363 0.317174 0.032791 0.064263 0.017986
1 0.015633 0.319895 0.031282 0.068408 0.119203
1 0.015634 0.317623 0.031241 0.063409 0.119203
1 0.016311 0.319860 0.032908 0.068525 0.006693
1 0.696048 0.317480 0.017173 0.032245 0.002473
1 0.015622 0.320141 0.031297 0.068110 0.047426
1 0.015634 0.317678 0.031239 0.063377 0.047426
1 0.015912 0.317687 0.031891 0.063523 0.017986
1 0.714816 0.319615 0.038806 0.061794 0.002473
1 0.724954 0.327452 0.039627 0.053610 0.002473
1 0.777877 0.331576 0.034449 0.045233 0.002473
1 0.968428 0.398877 0.063403 0.092875 0.006693
1 0.993637 0.407597 0.018856 0.077083 0.002473
2 0.736907 0.289215 0.093018 0.120144 0.500000
2 0.752989 0.289162 0.125213 0.120038 0.731059
2 0.753468 0.291559 0.132185 0.124852 0.731059
2 0.753021 0.294244 0.131825 0.119850 0.017986
2 0.753922 0.299001 0.129778 0.110353 0.119203
2 0.428689 0.283649 0.027326 0.025730 0.006693
2 0.427883 0.283655 0.025082 0.025695 0.047426
2 0.729459 0.288760 0.083932 0.119349 0.017986
2 0.745322 0.289094 0.109847 0.119883 0.268941
2 0.753014 0.289062 0.131042 0.119957 0.500000
2 0.753602 0.293975 0.132246 0.119895 0.500000
2 0.753683 0.292594 0.131978 0.112914 0.119203
2 0.754596 0.301558 0.130171 0.104772 0.017986
2 0.767780 0.302046 0.103877 0.094124 0.002473
2 0.745287 0.289207 0.109755 0.120087 0.268941
2 0.752918 0.289207 0.130925 0.120087 0.268941
2 0.754479 0.289301 0.134040 0.119898 0.500000
2 0.754630 0.295327 0.132040 0.117555 0.017986
2 0.771454 0.302782 0.096497 0.102448 0.002473
2 0.702966 0.300188 0.030789 0.071172 0.002473
2 0.731564 0.288585 0.081589 0.121324 0.017986
2 0.739557 0.289165 0.104720 0.120159 0.047426
3 0.427883 0.283655 0.025082 0.025695 0.002473
3 0.696048 0.317480 0.017173 0.032245 0.002473
3 0.739557 0.289165 0.104720 0.120159 0.002473
4 0.016363 0.317174 0.032791 0.064263 0.002473
4 0.103789 0.316865 0.017551 0.040882 0.006693
4 0.102903 0.319453 0.025081 0.045832 0.006693
4 0.105128 0.320674 0.020960 0.041969 0.017986
4 0.112381 0.322022 0.025399 0.040697 0.017986
4 0.015622 0.320141 0.031297 0.068110 0.006693
4 0.015634 0.317678 0.031239 0.063377 0.006693
4 0.015912 0.317687 0.031891 0.063523 0.002473
4 0.101657 0.320017 0.028772 0.053710 0.002473
4 0.106433 0.323105 0.025438 0.046440 0.002473
4 0.111226 0.322440 0.029258 0.048107 0.002473
5 0.015114 0.297809 0.030726 0.110670 0.002473
5 0.016354 0.302152 0.031899 0.103562 0.002473
5 0.015654 0.309424 0.031358 0.079537 0.017986
5 0.015660 0.313947 0.031216 0.080080 0.017986
5 0.017854 0.307339 0.029909 0.093502 0.006693
5 0.015630 0.316472 0.031276 0.065589 0.268941
5 0.015634 0.317471 0.031241 0.063676 0.119203
5 0.016363 0.317174 0.032791 0.064263 0.017986
5 0.103789 0.316865 0.017551 0.040882 0.002473
5 0.015633 0.319895 0.031282 0.068408 0.268941
5 0.015634 0.317623 0.031241 0.063409 0.268941
5 0.016311 0.319860 0.032908 0.068525 0.017986
5 0.102903 0.319453 0.025081 0.045832 0.002473
5 0.105128 0.320674 0.020960 0.041969 0.002473
5 0.112381 0.322022 0.025399 0.040697 0.002473
5 0.015622 0.320141 0.031297 0.068110 0.119203
5 0.015634 0.317678 0.031239 0.063377 0.119203
5 0.015912 0.317687 0.031891 0.063523 0.017986
