0 0.193786 0.293093 0.018688 0.128386 0.047426
0 0.193903 0.296904 0.019166 0.135616 0.006693
0 0.785854 0.303666 0.016064 0.098425 0.047426
0 0.790413 0.302243 0.020207 0.089020 0.002473
0 0.193946 0.294441 0.019228 0.140590 0.006693
0 0.785180 0.301929 0.014625 0.083840 0.006693
0 0.194468 0.295452 0.020278 0.132602 0.006693
0 0.443600 0.316066 0.013262 0.033648 0.006693
0 0.784404 0.303771 0.013129 0.076679 0.047426
0 0.195114 0.295011 0.022778 0.132697 0.006693
0 0.668100 0.310253 0.014286 0.046924 0.002473
0 0.782895 0.305308 0.016183 0.070777 0.017986
0 0.193774 0.294061 0.031231 0.142600 0.006693
0 0.784868 0.310293 0.022537 0.078621 0.002473
1 0.457702 0.316413 0.021542 0.033834 0.006693
1 0.482530 0.312429 0.034873 0.041841 0.006693
1 0.482679 0.312460 0.034616 0.041752 0.017986
1 0.481268 0.310074 0.031704 0.046524 0.017986
1 0.614410 0.312036 0.023303 0.022131 0.002473
1 0.616750 0.310510 0.022935 0.021840 0.006693
1 0.638416 0.310521 0.023230 0.021913 0.002473
1 0.638462 0.309263 0.017392 0.025623 0.017986
1 0.371707 0.320499 0.025511 0.025979 0.017986
1 0.374913 0.318061 0.025616 0.021105 0.002473
1 0.401625 0.318099 0.028414 0.020948 0.006693
1 0.404649 0.320511 0.028337 0.025714 0.017986
1 0.413063 0.320506 0.024876 0.025707 0.002473
1 0.458636 0.320435 0.017434 0.025827 0.268941
1 0.482502 0.312421 0.034818 0.051515 0.017986
1 0.482167 0.312499 0.029871 0.041685 0.047426
1 0.482730 0.312492 0.034575 0.041700 0.017986
1 0.570404 0.322475 0.010198 0.021855 0.002473
1 0.610236 0.316446 0.021474 0.024611 0.006693
1 0.616182 0.315458 0.026878 0.026289 0.002473
1 0.640106 0.313739 0.019950 0.023458 0.002473
2 0.482530 0.312429 0.034873 0.041841 0.017986
2 0.482679 0.312460 0.034616 0.041752 0.017986
2 0.481268 0.310074 0.031704 0.046524 0.017986
2 0.616750 0.310510 0.022935 0.021840 0.002473
2 0.638416 0.310521 0.023230 0.021913 0.002473
2 0.638462 0.309263 0.017392 0.025623 0.017986
2 0.413063 0.320506 0.024876 0.025707 0.002473
2 0.428620 0.316531 0.020501 0.024062 0.002473
2 0.482502 0.312421 0.034818 0.051515 0.017986
2 0.482167 0.312499 0.029871 0.041685 0.017986
2 0.482730 0.312492 0.034575 0.041700 0.047426
2 0.610236 0.316446 0.021474 0.024611 0.002473
2 0.616182 0.315458 0.026878 0.026289 0.002473
3 0.457702 0.316413 0.021542 0.033834 0.002473
3 0.482530 0.312429 0.034873 0.041841 0.268941
3 0.482679 0.312460 0.034616 0.041752 0.268941
3 0.481268 0.310074 0.031704 0.046524 0.268941
3 0.546061 0.315295 0.027093 0.056911 0.500000
3 0.546137 0.315295 0.026955 0.056909 0.500000
3 0.638462 0.309263 0.017392 0.025623 0.006693
3 0.371707 0.320499 0.025511 0.025979 0.002473
3 0.482502 0.312421 0.034818 0.051515 0.268941
3 0.482167 0.312499 0.029871 0.041685 0.500000
3 0.482730 0.312492 0.034575 0.041700 0.500000
3 0.547153 0.315183 0.030684 0.056664 0.731059
3 0.546139 0.315178 0.026951 0.056678 0.500000
3 0.546135 0.317884 0.026963 0.052484 0.047426
3 0.547142 0.315478 0.030726 0.057301 0.119203
4 0.149118 0.340733 0.047270 0.078560 0.002473
4 0.166766 0.335688 0.041350 0.078912 0.002473
4 0.181093 0.321298 0.054022 0.108277 0.002473
4 0.187257 0.303608 0.053114 0.134589 0.002473
5 0.223893 0.318792 0.033558 0.092879 0.002473
5 0.524380 0.326382 0.012516 0.058976 0.002473
