1 0.075024 0.343707 0.137567 0.104117 0.500000
1 0.074105 0.343978 0.137512 0.104656 0.268941
1 0.072948 0.343530 0.135306 0.103742 0.500000
1 0.441391 0.316402 0.023283 0.024500 0.002473
1 0.441169 0.315777 0.018038 0.025517 0.017986
1 0.467280 0.316519 0.015498 0.017769 0.006693
1 0.492054 0.325323 0.016020 0.025694 0.268941
1 0.074618 0.346180 0.138552 0.109089 0.500000
1 0.074105 0.343769 0.137548 0.104217 0.500000
1 0.072924 0.346116 0.135191 0.099330 0.500000
1 0.074613 0.326982 0.132342 0.061144 0.002473
1 0.073649 0.346216 0.136627 0.109108 0.500000
1 0.073644 0.343799 0.136625 0.104267 0.268941
1 0.073152 0.346196 0.135654 0.099450 0.268941
1 0.074756 0.346100 0.138864 0.109339 0.500000
4 0.988664 0.037969 0.022903 0.076606 0.002473
