0 0.003878 0.316635 0.007785 0.083458 0.017986
0 0.003871 0.330028 0.007751 0.095021 0.017986
0 0.003879 0.337985 0.007778 0.113993 0.119203
0 0.083901 0.350238 0.027504 0.099532 0.006693
0 0.096342 0.349090 0.049582 0.091125 0.002473
0 0.094834 0.349234 0.037969 0.091525 0.006693
0 0.003889 0.343631 0.007864 0.124874 0.047426
0 0.088038 0.347965 0.032323 0.095773 0.017986
0 0.092216 0.346330 0.041210 0.088762 0.006693
0 0.094358 0.349572 0.043257 0.092422 0.017986
0 0.004866 0.348156 0.009893 0.122987 0.006693
0 0.090420 0.346295 0.037912 0.098988 0.047426
0 0.091268 0.347173 0.042505 0.097185 0.047426
0 0.092988 0.348908 0.042461 0.093840 0.047426
0 0.004972 0.349737 0.010026 0.120420 0.002473
0 0.089989 0.351957 0.037032 0.087938 0.017986
0 0.089821 0.348165 0.039538 0.095399 0.047426
0 0.092433 0.346889 0.040421 0.088346 0.119203
1 0.394475 0.313897 0.019802 0.028666 0.002473
1 0.123618 0.348982 0.104145 0.082968 0.006693
1 0.129540 0.349932 0.111637 0.084698 0.119203
1 0.128190 0.345620 0.106633 0.076080 0.017986
1 0.262482 0.347726 0.110727 0.086344 0.731059
1 0.262306 0.349275 0.110349 0.083245 0.500000
1 0.262354 0.349148 0.112059 0.082992 0.500000
1 0.376419 0.329752 0.022458 0.025119 0.006693
1 0.376563 0.331026 0.022030 0.021264 0.006693
1 0.423717 0.329362 0.016947 0.017927 0.002473
1 0.426226 0.326936 0.016896 0.013076 0.002473
1 0.444017 0.325342 0.019018 0.016115 0.002473
1 0.461106 0.325291 0.013541 0.016119 0.006693
1 0.463217 0.325250 0.014104 0.016178 0.017986
1 0.480272 0.322882 0.005004 0.011306 0.006693
1 0.496144 0.322247 0.026891 0.031822 0.268941
1 0.496166 0.323584 0.026924 0.029151 0.268941
1 0.516326 0.317896 0.007833 0.021263 0.047426
1 0.556209 0.320507 0.022110 0.025664 0.500000
1 0.126761 0.349089 0.114157 0.083159 0.119203
1 0.131211 0.351669 0.114331 0.088105 0.119203
1 0.130839 0.349261 0.111936 0.083294 0.119203
1 0.263731 0.349334 0.109299 0.083310 0.500000
1 0.262317 0.349332 0.110324 0.083305 0.268941
1 0.263722 0.351690 0.109323 0.088115 0.500000
1 0.376302 0.332994 0.023122 0.023590 0.002473
1 0.377489 0.334261 0.020179 0.023977 0.002473
1 0.779221 0.338037 0.095854 0.062805 0.002473
1 0.129490 0.351661 0.114517 0.088206 0.119203
1 0.131258 0.349276 0.112650 0.083434 0.268941
1 0.132221 0.351710 0.109195 0.088110 0.500000
1 0.262759 0.349331 0.111243 0.083325 0.268941
1 0.261862 0.349324 0.111233 0.083311 0.500000
1 0.262337 0.349331 0.110302 0.083325 0.500000
1 0.132053 0.351693 0.110512 0.088345 0.047426
1 0.131568 0.351679 0.111967 0.078718 0.119203
1 0.131799 0.354092 0.110039 0.083545 0.500000
1 0.262022 0.350197 0.111654 0.091339 0.002473
1 0.261052 0.351746 0.113640 0.088199 0.731059
2 0.220634 0.294662 0.132584 0.100086 0.002473
2 0.497583 0.299661 0.030151 0.067420 0.119203
2 0.498564 0.302095 0.028842 0.062627 0.119203
2 0.502547 0.299519 0.039266 0.057802 0.119203
2 0.394475 0.313897 0.019802 0.028666 0.002473
2 0.497583 0.305211 0.029871 0.065884 0.017986
2 0.497565 0.304442 0.030007 0.067410 0.006693
2 0.512960 0.306975 0.014601 0.042859 0.006693
2 0.396855 0.318390 0.024695 0.030030 0.002473
2 0.516326 0.317896 0.007833 0.021263 0.006693
2 0.129490 0.351661 0.114517 0.088206 0.002473
2 0.132053 0.351693 0.110512 0.088345 0.002473
3 0.127986 0.279043 0.081972 0.090148 0.006693
3 0.125412 0.279096 0.076672 0.083759 0.002473
3 0.125275 0.277818 0.076522 0.080775 0.006693
3 0.147225 0.282702 0.123501 0.086303 0.002473
3 0.125529 0.281076 0.083180 0.093773 0.002473
3 0.497583 0.299661 0.030151 0.067420 0.017986
3 0.498564 0.302095 0.028842 0.062627 0.047426
3 0.502547 0.299519 0.039266 0.057802 0.002473
3 0.394475 0.313897 0.019802 0.028666 0.047426
3 0.397103 0.309622 0.025279 0.027025 0.017986
3 0.497583 0.305211 0.029871 0.065884 0.017986
3 0.497565 0.304442 0.030007 0.067410 0.002473
3 0.512960 0.306975 0.014601 0.042859 0.002473
3 0.123618 0.348982 0.104145 0.082968 0.006693
3 0.129540 0.349932 0.111637 0.084698 0.006693
3 0.128190 0.345620 0.106633 0.076080 0.002473
3 0.396855 0.318390 0.024695 0.030030 0.002473
3 0.516326 0.317896 0.007833 0.021263 0.006693
3 0.126761 0.349089 0.114157 0.083159 0.017986
3 0.130839 0.349261 0.111936 0.083294 0.002473
3 0.129490 0.351661 0.114517 0.088206 0.006693
3 0.131258 0.349276 0.112650 0.083434 0.002473
5 0.089821 0.348165 0.039538 0.095399 0.002473
