0 0.231460 0.327992 0.013362 0.063889 0.002473
0 0.252406 0.327711 0.010796 0.062512 0.017986
0 0.281336 0.326937 0.007329 0.051970 0.002473
0 0.981871 0.348523 0.019953 0.106009 0.047426
0 0.988672 0.344963 0.022895 0.099228 0.002473
0 0.231616 0.333368 0.007754 0.051745 0.017986
0 0.252307 0.325743 0.011042 0.056972 0.047426
0 0.281237 0.328461 0.006796 0.041671 0.047426
0 0.834247 0.341181 0.012767 0.047925 0.017986
0 0.981423 0.358902 0.019058 0.083697 0.047426
0 0.986564 0.351083 0.021222 0.099161 0.017986
0 0.232691 0.336696 0.015560 0.045368 0.006693
0 0.252659 0.328941 0.008418 0.060438 0.017986
0 0.281233 0.330891 0.006774 0.046692 0.047426
0 0.484924 0.322502 0.014151 0.055146 0.002473
0 0.831326 0.342831 0.012816 0.050900 0.006693
0 0.974774 0.357598 0.018866 0.052859 0.002473
0 0.982699 0.360078 0.015537 0.071537 0.268941
0 0.984755 0.353815 0.024978 0.086922 0.017986
0 0.159046 0.349479 0.025185 0.032286 0.002473
0 0.233434 0.341249 0.016949 0.048813 0.002473
0 0.831252 0.344101 0.012666 0.062185 0.006693
0 0.981247 0.359441 0.018442 0.072951 0.268941
0 0.986234 0.356529 0.022110 0.091311 0.017986
0 0.978116 0.358373 0.025725 0.079579 0.006693
0 0.981271 0.358652 0.018394 0.074589 0.268941
0 0.986124 0.359709 0.022098 0.096082 0.017986
1 0.556218 0.299480 0.031743 0.057396 0.006693
1 0.559628 0.301485 0.034047 0.061363 0.002473
1 0.591484 0.322763 0.077006 0.094291 0.047426
1 0.461019 0.314783 0.022067 0.027409 0.047426
1 0.462526 0.314792 0.024977 0.027432 0.047426
1 0.499778 0.307635 0.049634 0.061539 0.002473
1 0.501467 0.302719 0.047042 0.071085 0.006693
1 0.500095 0.297696 0.044058 0.081128 0.006693
1 0.501650 0.301250 0.046774 0.073978 0.006693
1 0.555972 0.299618 0.031214 0.057739 0.002473
1 0.556121 0.298081 0.031665 0.054564 0.006693
1 0.591596 0.322893 0.077501 0.094494 0.731059
1 0.591831 0.322899 0.077821 0.094485 0.500000
1 0.591531 0.322850 0.076937 0.094434 0.500000
1 0.046089 0.350088 0.023164 0.059417 0.002473
1 0.047152 0.347514 0.025187 0.054569 0.002473
1 0.241011 0.335630 0.024309 0.046669 0.002473
1 0.266007 0.328986 0.027207 0.023394 0.006693
1 0.288620 0.325497 0.030196 0.026133 0.006693
1 0.321872 0.329343 0.043772 0.033738 0.500000
1 0.321693 0.326928 0.043387 0.038530 0.500000
1 0.320243 0.326928 0.046290 0.038532 0.500000
1 0.322564 0.326875 0.045374 0.038623 0.119203
1 0.462493 0.315303 0.024991 0.026449 0.500000
1 0.462501 0.318132 0.025007 0.030414 0.268941
1 0.500686 0.320555 0.042793 0.041737 0.119203
1 0.502644 0.318961 0.044650 0.038665 0.119203
1 0.551635 0.303241 0.022538 0.050582 0.017986
1 0.555586 0.299693 0.030353 0.057688 0.002473
1 0.590041 0.321352 0.079882 0.091397 0.500000
1 0.590063 0.322892 0.079839 0.094499 0.731059
1 0.591400 0.321347 0.076885 0.091411 0.500000
1 0.656146 0.328505 0.056551 0.041676 0.500000
1 0.656236 0.328511 0.056706 0.041677 0.500000
1 0.656259 0.328510 0.056695 0.041675 0.500000
1 0.656278 0.326945 0.056658 0.044791 0.268941
1 0.656340 0.328502 0.056558 0.041718 0.500000
1 0.692309 0.325802 0.015853 0.026662 0.017986
1 0.734372 0.338924 0.093746 0.062497 0.731059
1 0.734209 0.338928 0.093346 0.062507 0.500000
1 0.733947 0.338914 0.092809 0.062520 0.731059
1 0.735705 0.338899 0.090387 0.062504 0.017986
1 0.904185 0.340863 0.048888 0.038150 0.119203
1 0.902217 0.342195 0.048346 0.040553 0.047426
1 0.904622 0.340607 0.049613 0.037383 0.047426
1 0.904765 0.340908 0.053464 0.038073 0.047426
1 0.907856 0.340633 0.054602 0.042003 0.006693
1 0.013942 0.351688 0.022123 0.046638 0.268941
1 0.013955 0.351729 0.022144 0.046554 0.268941
1 0.029554 0.353996 0.016061 0.031717 0.047426
1 0.047486 0.351572 0.020351 0.046899 0.119203
1 0.046198 0.352376 0.023142 0.054879 0.047426
1 0.083560 0.356567 0.022923 0.036860 0.268941
1 0.084674 0.356562 0.019352 0.036892 0.119203
1 0.113958 0.354136 0.022185 0.032033 0.268941
1 0.114042 0.354136 0.022286 0.032033 0.268941
1 0.122966 0.352908 0.019674 0.023389 0.017986
1 0.149133 0.352089 0.032434 0.028122 0.006693
1 0.160924 0.347790 0.028093 0.028941 0.047426
1 0.159631 0.346223 0.025006 0.025808 0.017986
1 0.240349 0.343549 0.025253 0.037216 0.006693
1 0.319981 0.330911 0.045751 0.036908 0.268941
1 0.321701 0.329366 0.043373 0.033746 0.500000
1 0.321419 0.329353 0.042867 0.033772 0.500000
1 0.322151 0.329345 0.044392 0.033872 0.017986
1 0.591451 0.321345 0.077063 0.091411 0.268941
1 0.591899 0.320513 0.077685 0.099315 0.268941
1 0.591452 0.321356 0.076783 0.091390 0.268941
1 0.656165 0.328513 0.056559 0.041692 0.731059
1 0.656225 0.328518 0.056630 0.041676 0.731059
1 0.656260 0.325402 0.056693 0.041668 0.500000
1 0.656277 0.328513 0.056653 0.041689 0.500000
1 0.655351 0.328455 0.054785 0.041822 0.500000
1 0.735387 0.337371 0.089922 0.065623 0.500000
1 0.735204 0.338933 0.089556 0.062496 0.500000
1 0.734199 0.338930 0.093365 0.062503 0.500000
1 0.735690 0.338908 0.090392 0.062559 0.500000
1 0.904434 0.341446 0.049362 0.037071 0.119203
1 0.903732 0.342700 0.051289 0.039578 0.268941
1 0.904597 0.342577 0.049525 0.039335 0.268941
1 0.903711 0.341126 0.051268 0.036435 0.268941
1 0.912149 0.346416 0.051712 0.036606 0.017986
1 0.952434 0.344478 0.023826 0.037681 0.002473
1 0.012495 0.354104 0.025017 0.051442 0.500000
1 0.011078 0.354116 0.022159 0.051417 0.268941
1 0.028109 0.352633 0.013237 0.028890 0.119203
1 0.046025 0.359309 0.022996 0.041033 0.268941
1 0.047630 0.356921 0.020280 0.036257 0.119203
1 0.085004 0.356591 0.020037 0.036835 0.268941
1 0.083230 0.356587 0.022231 0.036862 0.047426
1 0.112498 0.354170 0.025024 0.032053 0.268941
1 0.114041 0.356580 0.022285 0.036873 0.500000
1 0.129307 0.356974 0.011236 0.026497 0.006693
1 0.140143 0.353753 0.022574 0.026780 0.006693
1 0.159046 0.349479 0.025185 0.032286 0.002473
1 0.162509 0.350187 0.025202 0.033850 0.006693
1 0.590115 0.322882 0.079742 0.094618 0.500000
1 0.734366 0.338919 0.093767 0.062547 0.731059
1 0.735649 0.338928 0.090464 0.062519 0.500000
1 0.735654 0.338930 0.090457 0.062522 0.731059
1 0.735689 0.338952 0.090396 0.062627 0.268941
1 0.903277 0.346357 0.051022 0.048180 0.017986
1 0.903805 0.345010 0.051526 0.044243 0.006693
1 0.903841 0.346341 0.050789 0.048174 0.002473
1 0.904789 0.349159 0.053213 0.052543 0.006693
2 0.498549 0.287656 0.047155 0.101331 0.006693
2 0.501415 0.289641 0.047182 0.097495 0.119203
2 0.499982 0.288843 0.050070 0.098886 0.119203
2 0.499999 0.289552 0.050005 0.097294 0.119203
2 0.501434 0.289875 0.047189 0.096833 0.119203
2 0.501409 0.289391 0.053047 0.104463 0.017986
2 0.499997 0.288747 0.044253 0.098966 0.268941
2 0.498581 0.287987 0.047066 0.100479 0.047426
2 0.501444 0.288669 0.047176 0.099413 0.119203
2 0.556165 0.299494 0.031570 0.057369 0.119203
2 0.556218 0.299480 0.031743 0.057396 0.268941
2 0.559628 0.301485 0.034047 0.061363 0.047426
2 0.499778 0.307635 0.049634 0.061539 0.002473
2 0.501467 0.302719 0.047042 0.071085 0.017986
2 0.500095 0.297696 0.044058 0.081128 0.047426
2 0.501650 0.301250 0.046774 0.073978 0.047426
2 0.555972 0.299618 0.031214 0.057739 0.047426
2 0.556121 0.298081 0.031665 0.054564 0.119203
2 0.288620 0.325497 0.030196 0.026133 0.002473
2 0.551635 0.303241 0.022538 0.050582 0.006693
2 0.555586 0.299693 0.030353 0.057688 0.017986
2 0.066460 0.352922 0.017549 0.030063 0.002473
2 0.222125 0.338250 0.038158 0.031938 0.002473
3 0.498549 0.287656 0.047155 0.101331 0.017986
3 0.501415 0.289641 0.047182 0.097495 0.268941
3 0.499982 0.288843 0.050070 0.098886 0.119203
3 0.499999 0.289552 0.050005 0.097294 0.119203
3 0.501434 0.289875 0.047189 0.096833 0.268941
3 0.501409 0.289391 0.053047 0.104463 0.047426
3 0.499997 0.288747 0.044253 0.098966 0.119203
3 0.498581 0.287987 0.047066 0.100479 0.047426
3 0.501444 0.288669 0.047176 0.099413 0.047426
3 0.556165 0.299494 0.031570 0.057369 0.047426
3 0.556218 0.299480 0.031743 0.057396 0.119203
3 0.559628 0.301485 0.034047 0.061363 0.006693
3 0.499778 0.307635 0.049634 0.061539 0.002473
3 0.501467 0.302719 0.047042 0.071085 0.006693
3 0.500095 0.297696 0.044058 0.081128 0.006693
3 0.501650 0.301250 0.046774 0.073978 0.006693
3 0.555972 0.299618 0.031214 0.057739 0.047426
3 0.556121 0.298081 0.031665 0.054564 0.047426
3 0.046089 0.350088 0.023164 0.059417 0.017986
3 0.047152 0.347514 0.025187 0.054569 0.017986
3 0.551635 0.303241 0.022538 0.050582 0.017986
3 0.555586 0.299693 0.030353 0.057688 0.017986
3 0.013955 0.351729 0.022144 0.046554 0.002473
3 0.047486 0.351572 0.020351 0.046899 0.006693
3 0.046198 0.352376 0.023142 0.054879 0.017986
3 0.047630 0.356921 0.020280 0.036257 0.002473
5 0.047486 0.351572 0.020351 0.046899 0.017986
5 0.046198 0.352376 0.023142 0.054879 0.002473
5 0.240349 0.343549 0.025253 0.037216 0.002473
5 0.484924 0.322502 0.014151 0.055146 0.002473
5 0.499681 0.319882 0.037272 0.059582 0.002473
5 0.046025 0.359309 0.022996 0.041033 0.047426
5 0.047630 0.356921 0.020280 0.036257 0.006693
