1 0.553841 0.322908 0.048107 0.062520 0.731059
1 0.551463 0.318086 0.052848 0.062528 0.500000
1 0.551478 0.322881 0.047065 0.062528 0.731059
1 0.261370 0.325347 0.054101 0.016230 0.047426
1 0.264844 0.322929 0.047870 0.011281 0.017986
1 0.266911 0.321353 0.048509 0.008126 0.047426
1 0.266582 0.322913 0.048213 0.011250 0.047426
1 0.477302 0.321549 0.020091 0.023618 0.006693
1 0.479080 0.322236 0.016849 0.031843 0.006693
1 0.514854 0.322822 0.020232 0.021108 0.047426
1 0.514631 0.327721 0.014967 0.020865 0.268941
1 0.551443 0.320503 0.047115 0.067353 0.500000
1 0.551450 0.322911 0.047115 0.062503 0.731059
1 0.552901 0.320515 0.049967 0.057673 0.500000
1 0.552922 0.322911 0.049943 0.062509 0.500000
1 0.259438 0.336956 0.083794 0.039892 0.002473
1 0.270465 0.337196 0.080031 0.039824 0.002473
1 0.415375 0.336749 0.020331 0.025292 0.002473
1 0.552927 0.322905 0.049935 0.062533 0.731059
1 0.553836 0.322916 0.048104 0.062505 0.500000
1 0.552422 0.320505 0.045177 0.057708 0.731059
2 0.477858 0.312304 0.025081 0.042097 0.268941
2 0.477477 0.312423 0.020128 0.041833 0.500000
2 0.501608 0.316349 0.022579 0.033738 0.017986
2 0.505725 0.312353 0.026157 0.041824 0.119203
2 0.510991 0.317124 0.022547 0.042159 0.017986
2 0.449619 0.328196 0.019757 0.031532 0.002473
2 0.455575 0.326411 0.019959 0.028619 0.002473
2 0.477302 0.321549 0.020091 0.023618 0.017986
2 0.479080 0.322236 0.016849 0.031843 0.047426
2 0.499760 0.317445 0.018838 0.031859 0.017986
2 0.514854 0.322822 0.020232 0.021108 0.006693
3 0.479080 0.322236 0.016849 0.031843 0.002473
5 0.454113 0.333465 0.017034 0.032055 0.002473
