1 0.345235 0.335817 0.134618 0.120259 0.880797
1 0.423522 0.327693 0.047120 0.062564 0.006693
1 0.424973 0.325305 0.050059 0.067372 0.500000
1 0.424977 0.322907 0.050048 0.062574 0.500000
1 0.423705 0.327685 0.046849 0.062558 0.119203
1 0.527162 0.314500 0.019823 0.027529 0.002473
1 0.529705 0.314783 0.015610 0.027416 0.268941
1 0.637492 0.337493 0.125097 0.133320 0.731059
1 0.638947 0.337377 0.127975 0.133087 0.880797
1 0.110729 0.345202 0.058282 0.065871 0.006693
1 0.115167 0.346532 0.065296 0.068355 0.002473
1 0.120391 0.362087 0.078296 0.099493 0.731059
1 0.214100 0.349373 0.134317 0.134587 0.731059
1 0.213630 0.349424 0.133431 0.134486 0.731059
1 0.213468 0.349376 0.133761 0.134586 0.731059
1 0.345226 0.337319 0.134551 0.117078 0.731059
1 0.345214 0.339718 0.134574 0.121877 0.731059
1 0.343825 0.337305 0.137357 0.117057 0.500000
1 0.424974 0.325322 0.049974 0.057694 0.500000
1 0.423540 0.327745 0.047167 0.062471 0.500000
1 0.425002 0.325338 0.049998 0.057659 0.500000
1 0.424945 0.327738 0.050139 0.062521 0.500000
1 0.454844 0.320495 0.009823 0.016280 0.006693
1 0.527364 0.315308 0.020212 0.026591 0.002473
1 0.529705 0.314875 0.015610 0.027304 0.500000
1 0.637517 0.335904 0.130811 0.130150 0.880797
1 0.637491 0.335801 0.130806 0.129937 0.731059
1 0.637531 0.335799 0.125062 0.129954 0.500000
1 0.690327 0.327809 0.025614 0.042540 0.002473
1 0.696963 0.328380 0.019081 0.041457 0.047426
1 0.713489 0.333266 0.022747 0.031952 0.119203
1 0.713453 0.331705 0.017333 0.028799 0.268941
1 0.756436 0.346171 0.074635 0.067375 0.731059
1 0.755984 0.343761 0.073733 0.072195 0.731059
1 0.756071 0.345323 0.074638 0.075318 0.500000
1 0.116948 0.356875 0.070664 0.089065 0.006693
1 0.121917 0.364516 0.080594 0.104160 0.500000
1 0.120985 0.364547 0.076934 0.104195 0.500000
1 0.120586 0.364540 0.077934 0.104201 0.500000
1 0.213704 0.346972 0.133316 0.129746 0.500000
1 0.212759 0.349422 0.135196 0.134471 0.731059
1 0.211739 0.350119 0.133409 0.133047 0.500000
1 0.345206 0.337367 0.134590 0.116934 0.731059
1 0.345201 0.337330 0.134599 0.117029 0.731059
1 0.343771 0.337324 0.137463 0.117029 0.731059
1 0.424969 0.327731 0.049991 0.062508 0.500000
1 0.424999 0.327778 0.050003 0.062420 0.500000
1 0.424991 0.327741 0.049991 0.062486 0.500000
1 0.424949 0.327737 0.050136 0.062549 0.731059
1 0.637571 0.335762 0.125148 0.129860 0.880797
1 0.638938 0.338170 0.127917 0.125051 0.731059
1 0.636052 0.339731 0.127911 0.128173 0.500000
1 0.699094 0.330869 0.017548 0.037065 0.047426
1 0.710373 0.330904 0.023167 0.036916 0.047426
1 0.713846 0.333338 0.022364 0.032040 0.119203
1 0.755979 0.346197 0.073744 0.067444 0.268941
1 0.755983 0.343757 0.073730 0.072145 0.500000
1 0.755799 0.346159 0.073362 0.067322 0.500000
1 0.755803 0.345309 0.073363 0.075261 0.500000
1 0.756071 0.345291 0.074638 0.075320 0.047426
1 0.120490 0.362120 0.077741 0.099465 0.500000
1 0.122335 0.362120 0.080366 0.099465 0.731059
1 0.121960 0.362123 0.080685 0.099424 0.500000
1 0.213216 0.350010 0.136105 0.133299 0.500000
1 0.213456 0.346972 0.133083 0.129747 0.731059
1 0.213636 0.347720 0.133426 0.128256 0.731059
1 0.343764 0.339763 0.131705 0.121780 0.500000
1 0.343787 0.337325 0.131672 0.117044 0.500000
1 0.345227 0.335779 0.134552 0.120189 0.731059
1 0.637503 0.337303 0.125035 0.132967 0.500000
1 0.637484 0.335763 0.125049 0.129868 0.731059
1 0.756251 0.346149 0.074264 0.067368 0.500000
1 0.756179 0.346153 0.074123 0.067335 0.500000
1 0.756068 0.347702 0.074634 0.070481 0.500000
1 0.119895 0.362025 0.077297 0.099599 0.500000
1 0.122110 0.364431 0.080972 0.104419 0.500000
1 0.122495 0.364492 0.080688 0.104185 0.500000
1 0.212767 0.349266 0.135188 0.134806 0.731059
1 0.018738 0.460405 0.037641 0.274004 0.268941
1 0.018870 0.459241 0.037681 0.259576 0.268941
1 0.017288 0.462265 0.040533 0.276481 0.500000
1 0.021664 0.457644 0.037535 0.264803 0.268941
1 0.018952 0.455271 0.038129 0.270069 0.268941
1 0.020120 0.457093 0.040687 0.281315 0.268941
1 0.020231 0.452528 0.040482 0.263293 0.268941
1 0.020274 0.457144 0.040705 0.264802 0.119203
1 0.020196 0.457199 0.040807 0.273084 0.268941
1 0.020171 0.456018 0.040629 0.262155 0.268941
2 0.492716 0.290142 0.054642 0.111972 0.268941
2 0.492815 0.290187 0.054727 0.111840 0.268941
2 0.492795 0.290076 0.054746 0.112061 0.268941
2 0.492337 0.289972 0.053853 0.111793 0.268941
2 0.492815 0.289945 0.054727 0.111839 0.268941
2 0.491291 0.290080 0.057508 0.112044 0.119203
2 0.493192 0.291766 0.051860 0.108667 0.268941
2 0.492808 0.291660 0.054717 0.108874 0.500000
2 0.492726 0.290198 0.054617 0.111803 0.268941
2 0.529705 0.314783 0.015610 0.027416 0.002473
2 0.493722 0.290126 0.052612 0.112123 0.017986
2 0.529705 0.314875 0.015610 0.027304 0.017986
3 0.492716 0.290142 0.054642 0.111972 0.017986
3 0.492815 0.290187 0.054727 0.111840 0.002473
3 0.492795 0.290076 0.054746 0.112061 0.006693
3 0.492337 0.289972 0.053853 0.111793 0.017986
3 0.492815 0.289945 0.054727 0.111839 0.006693
3 0.491291 0.290080 0.057508 0.112044 0.017986
3 0.493192 0.291766 0.051860 0.108667 0.017986
3 0.492808 0.291660 0.054717 0.108874 0.006693
3 0.492726 0.290198 0.054617 0.111803 0.017986
3 0.529705 0.314783 0.015610 0.027416 0.017986
3 0.493722 0.290126 0.052612 0.112123 0.119203
3 0.529705 0.314875 0.015610 0.027304 0.047426
3 0.018738 0.460405 0.037641 0.274004 0.006693
3 0.018870 0.459241 0.037681 0.259576 0.002473
3 0.017288 0.462265 0.040533 0.276481 0.002473
