0 0.460113 0.313349 0.014484 0.044227 0.006693
0 0.460112 0.317512 0.014481 0.034569 0.002473
0 0.442341 0.335479 0.009819 0.061367 0.002473
0 0.460774 0.337332 0.016041 0.076132 0.002473
0 0.462736 0.334080 0.015176 0.092409 0.002473
0 0.544433 0.335159 0.020886 0.065276 0.002473
1 0.573455 0.314021 0.072111 0.071234 0.002473
1 0.574876 0.317128 0.068434 0.073948 0.002473
1 0.579944 0.320531 0.055548 0.080618 0.002473
1 0.582596 0.314520 0.050351 0.067321 0.002473
1 0.662026 0.323531 0.111627 0.131110 0.047426
1 0.076660 0.322630 0.059303 0.062065 0.119203
1 0.077802 0.322816 0.061436 0.071974 0.268941
1 0.077796 0.320067 0.061513 0.066558 0.119203
1 0.077142 0.315449 0.060454 0.057325 0.119203
1 0.347907 0.315245 0.185894 0.223694 0.731059
1 0.347880 0.315283 0.186091 0.223617 0.731059
1 0.347010 0.317660 0.187194 0.218854 0.880797
1 0.479727 0.317172 0.015710 0.032181 0.006693
1 0.525148 0.317196 0.025545 0.032237 0.002473
1 0.534927 0.318880 0.020205 0.038567 0.119203
1 0.536507 0.318877 0.023035 0.038624 0.047426
1 0.573464 0.315288 0.072098 0.063414 0.268941
1 0.573587 0.318901 0.071658 0.070472 0.268941
1 0.575237 0.323249 0.064884 0.072926 0.119203
1 0.578213 0.324892 0.062789 0.076209 0.119203
1 0.581869 0.322977 0.055503 0.078604 0.047426
1 0.662307 0.326942 0.114713 0.137790 0.500000
1 0.662034 0.325377 0.113436 0.140904 0.500000
1 0.661089 0.322967 0.109696 0.136253 0.731059
1 0.049080 0.326120 0.098184 0.070374 0.002473
1 0.076766 0.322943 0.059374 0.072222 0.119203
1 0.079228 0.323012 0.058572 0.072338 0.047426
1 0.079195 0.322901 0.058705 0.072115 0.047426
1 0.078143 0.320520 0.056619 0.067389 0.017986
1 0.347774 0.314935 0.185631 0.223071 0.731059
1 0.347719 0.315240 0.185767 0.223682 0.500000
1 0.347717 0.315242 0.185505 0.223686 0.731059
1 0.460112 0.317512 0.014481 0.034569 0.002473
1 0.480217 0.318762 0.020416 0.029172 0.119203
1 0.495216 0.318796 0.009740 0.013227 0.006693
1 0.517336 0.318924 0.015485 0.028829 0.268941
1 0.535753 0.319690 0.021641 0.036929 0.268941
1 0.537689 0.319070 0.019630 0.038257 0.119203
1 0.571029 0.315933 0.073077 0.065162 0.268941
1 0.573449 0.321268 0.071935 0.075346 0.268941
1 0.574758 0.325211 0.065841 0.077026 0.500000
1 0.579756 0.323700 0.059571 0.080049 0.268941
1 0.579863 0.325341 0.059550 0.077255 0.268941
1 0.661384 0.324644 0.116623 0.132706 0.731059
1 0.661343 0.325350 0.113048 0.140835 0.500000
1 0.660832 0.326841 0.110189 0.137570 0.731059
1 0.746830 0.346312 0.193919 0.182879 0.500000
1 0.746721 0.346312 0.194264 0.182878 0.731059
1 0.044458 0.329497 0.089149 0.065920 0.002473
1 0.076659 0.323049 0.059337 0.072611 0.047426
1 0.079237 0.325345 0.058602 0.067543 0.268941
1 0.079631 0.325304 0.059620 0.067462 0.268941
1 0.347878 0.314828 0.186089 0.223270 0.500000
1 0.348725 0.314488 0.187525 0.222180 0.731059
1 0.347014 0.314831 0.187207 0.223275 0.731059
1 0.569167 0.322755 0.064182 0.073342 0.047426
1 0.573841 0.325270 0.071216 0.077429 0.268941
1 0.576731 0.325262 0.061900 0.077425 0.500000
1 0.579664 0.325362 0.059566 0.077224 0.268941
1 0.581445 0.325272 0.056382 0.077410 0.119203
1 0.659885 0.326917 0.113861 0.137794 0.268941
1 0.659899 0.326877 0.113950 0.137738 0.731059
1 0.660438 0.324437 0.114711 0.132957 0.731059
1 0.745891 0.346320 0.191905 0.182729 0.500000
1 0.746920 0.346241 0.193937 0.182525 0.500000
1 0.745405 0.346163 0.196717 0.182807 0.500000
1 0.348901 0.314962 0.187867 0.223016 0.731059
1 0.575677 0.326534 0.059813 0.078205 0.006693
1 0.580174 0.325997 0.054231 0.079168 0.017986
1 0.660854 0.325702 0.115867 0.140212 0.500000
1 0.745852 0.346216 0.191822 0.182439 0.500000
1 0.745573 0.343809 0.197058 0.187248 0.500000
1 0.746960 0.346189 0.194032 0.182614 0.500000
1 0.745829 0.345475 0.197468 0.174400 0.500000
1 0.745715 0.344163 0.197291 0.176961 0.500000
1 0.886679 0.394401 0.239913 0.403130 0.622459
1 0.880960 0.392436 0.232057 0.403814 0.001170
1 0.883350 0.405221 0.233082 0.380320 0.880797
1 0.886105 0.406009 0.238304 0.374616 0.904651
1 0.882193 0.407065 0.232611 0.376578 0.851953
1 0.884719 0.403485 0.230870 0.384227 0.817575
1 0.880673 0.408022 0.232377 0.380800 0.904651
1 0.887151 0.408539 0.236014 0.377374 0.904651
1 0.880956 0.410250 0.232001 0.370998 0.904651
1 0.886149 0.410368 0.230982 0.371465 0.851953
1 0.886210 0.406847 0.234219 0.377190 0.880797
1 0.882106 0.407276 0.232816 0.373337 0.119203
2 0.662307 0.326942 0.114713 0.137790 0.002473
2 0.662034 0.325377 0.113436 0.140904 0.002473
2 0.661089 0.322967 0.109696 0.136253 0.006693
2 0.480217 0.318762 0.020416 0.029172 0.006693
2 0.660832 0.326841 0.110189 0.137570 0.002473
2 0.659899 0.326877 0.113950 0.137738 0.002473
3 0.077802 0.322816 0.061436 0.071974 0.002473
3 0.077796 0.320067 0.061513 0.066558 0.002473
3 0.479727 0.317172 0.015710 0.032181 0.006693
3 0.480217 0.318762 0.020416 0.029172 0.017986
3 0.495216 0.318796 0.009740 0.013227 0.002473
3 0.517336 0.318924 0.015485 0.028829 0.002473
4 0.460774 0.337332 0.016041 0.076132 0.006693
5 0.460112 0.317512 0.014481 0.034569 0.002473
5 0.542494 0.327029 0.018680 0.054952 0.002473
5 0.460774 0.337332 0.016041 0.076132 0.006693
5 0.544433 0.335159 0.020886 0.065276 0.002473
5 0.550610 0.330274 0.026405 0.074094 0.002473
5 0.575677 0.326534 0.059813 0.078205 0.002473
5 0.580174 0.325997 0.054231 0.079168 0.006693
5 0.580329 0.325987 0.057783 0.079190 0.002473
