0 0.304393 0.286089 0.023132 0.062741 0.002473
0 0.502516 0.300694 0.020860 0.086245 0.002473
0 0.504861 0.309411 0.022252 0.100204 0.017986
0 0.305019 0.290856 0.029491 0.064594 0.002473
0 0.306720 0.290887 0.024184 0.064102 0.006693
0 0.311044 0.306640 0.022725 0.092648 0.006693
0 0.354070 0.307068 0.033609 0.090455 0.002473
0 0.422689 0.306619 0.010905 0.062257 0.002473
0 0.504603 0.305744 0.022909 0.086529 0.017986
0 0.505033 0.309161 0.021839 0.093309 0.268941
0 0.523750 0.308442 0.016952 0.059432 0.002473
0 0.932731 0.288666 0.009924 0.036380 0.002473
0 0.307277 0.303758 0.027126 0.089546 0.002473
0 0.358294 0.310024 0.023500 0.076577 0.002473
0 0.360880 0.307683 0.022563 0.093993 0.002473
0 0.421219 0.310549 0.007935 0.055748 0.047426
0 0.428443 0.310727 0.013097 0.056312 0.006693
0 0.504030 0.305680 0.023586 0.082880 0.006693
0 0.505803 0.308220 0.024116 0.092740 0.268941
0 0.360568 0.310631 0.022077 0.088702 0.006693
0 0.361046 0.310417 0.022400 0.091222 0.006693
0 0.420279 0.310857 0.009816 0.055355 0.017986
0 0.467794 0.305983 0.008922 0.045124 0.002473
0 0.505982 0.315466 0.025659 0.110154 0.047426
0 0.506260 0.310071 0.025050 0.099053 0.268941
0 0.515573 0.308042 0.019228 0.061032 0.017986
0 0.637553 0.325273 0.019256 0.098331 0.002473
0 0.358106 0.318537 0.023169 0.089049 0.006693
0 0.359572 0.323558 0.025927 0.105397 0.002473
0 0.423464 0.315682 0.016289 0.068179 0.006693
0 0.430390 0.315993 0.017800 0.077796 0.006693
0 0.505998 0.315447 0.027492 0.120409 0.268941
0 0.507435 0.315610 0.026654 0.107404 0.268941
0 0.508016 0.312656 0.028456 0.095372 0.017986
0 0.709141 0.343414 0.037509 0.204620 0.047426
0 0.362009 0.332844 0.032921 0.121717 0.002473
0 0.507421 0.319827 0.028544 0.125146 0.047426
0 0.507397 0.322203 0.029113 0.123575 0.268941
0 0.508848 0.321515 0.032759 0.121952 0.500000
0 0.709150 0.341879 0.037531 0.201521 0.500000
0 0.706262 0.341837 0.037524 0.201497 0.500000
0 0.706282 0.343310 0.037577 0.204445 0.500000
0 0.505705 0.327630 0.027000 0.127081 0.006693
0 0.507846 0.326445 0.028220 0.139095 0.047426
0 0.508036 0.327735 0.028417 0.127027 0.047426
0 0.707716 0.341883 0.034662 0.201555 0.268941
0 0.709152 0.341886 0.037532 0.201546 0.500000
0 0.706262 0.343636 0.037526 0.203865 0.268941
0 0.707714 0.344384 0.034667 0.202864 0.500000
0 0.709152 0.344922 0.037536 0.201302 0.268941
0 0.707721 0.344900 0.034689 0.201177 0.268941
0 0.709180 0.344387 0.037558 0.202862 0.119203
1 0.451662 0.309196 0.034176 0.057900 0.119203
1 0.452676 0.307104 0.030360 0.052461 0.047426
1 0.456643 0.300750 0.031354 0.044184 0.002473
1 0.523750 0.308442 0.016952 0.059432 0.047426
1 0.526372 0.309783 0.017184 0.059086 0.006693
1 0.554775 0.319677 0.065483 0.088077 0.731059
1 0.452931 0.306982 0.030915 0.052704 0.500000
1 0.452935 0.307290 0.030900 0.052087 0.500000
1 0.468654 0.306481 0.007184 0.039612 0.047426
1 0.484240 0.304464 0.012783 0.016215 0.047426
1 0.522815 0.310388 0.015093 0.055424 0.268941
1 0.525053 0.311103 0.015467 0.059790 0.002473
1 0.556245 0.318942 0.068317 0.086591 0.731059
1 0.556242 0.318904 0.068310 0.086494 0.500000
1 0.557698 0.318899 0.065393 0.086505 0.500000
1 0.004954 0.333701 0.010052 0.113198 0.002473
1 0.451491 0.307287 0.033795 0.052110 0.500000
1 0.452863 0.309699 0.030757 0.056903 0.500000
1 0.467794 0.305983 0.008922 0.045124 0.006693
1 0.515573 0.308042 0.019228 0.061032 0.017986
1 0.556247 0.318903 0.062537 0.086499 0.731059
1 0.556251 0.318902 0.062543 0.086498 0.731059
1 0.554802 0.318902 0.065409 0.086499 0.500000
1 0.739640 0.323155 0.015026 0.021957 0.002473
1 0.779482 0.341264 0.077798 0.067456 0.500000
1 0.780093 0.341244 0.075507 0.067489 0.268941
1 0.780433 0.338835 0.075912 0.062680 0.500000
1 0.881785 0.339988 0.036719 0.039171 0.002473
1 0.884012 0.333136 0.032416 0.031810 0.002473
1 0.556223 0.317275 0.068360 0.092751 0.268941
1 0.556232 0.317269 0.062577 0.092692 0.500000
1 0.556245 0.316505 0.068298 0.091298 0.500000
1 0.780593 0.337286 0.076299 0.065757 0.500000
1 0.780360 0.341263 0.075761 0.067451 0.731059
1 0.779980 0.338888 0.075002 0.062586 0.500000
1 0.780292 0.341268 0.075901 0.067459 0.500000
1 0.879032 0.344541 0.040651 0.048056 0.006693
1 0.882188 0.341060 0.041725 0.041206 0.006693
1 0.881070 0.340333 0.039109 0.039795 0.017986
1 0.780419 0.338785 0.075925 0.062817 0.500000
1 0.780602 0.338875 0.075561 0.062629 0.500000
1 0.779977 0.341281 0.075021 0.067450 0.500000
1 0.877542 0.347774 0.044136 0.059704 0.006693
1 0.922067 0.441090 0.155925 0.451459 0.006693
1 0.922539 0.426902 0.155025 0.468021 0.047426
1 0.922526 0.451654 0.155045 0.429120 0.119203
1 0.922339 0.445989 0.155357 0.441460 0.017986
1 0.924886 0.462182 0.155970 0.398997 0.002473
1 0.922510 0.458864 0.154990 0.404373 0.047426
1 0.923322 0.411378 0.153363 0.496815 0.008577
1 0.922700 0.412773 0.157750 0.501416 0.562177
1 0.923823 0.412154 0.156973 0.508882 0.119203
1 0.925720 0.428702 0.157490 0.468708 0.003173
1 0.924485 0.439274 0.157411 0.449430 0.731059
1 0.922729 0.444692 0.151715 0.445146 0.731059
1 0.924043 0.434069 0.157259 0.465696 0.731059
1 0.923876 0.453589 0.155410 0.415748 0.851953
1 0.923484 0.449969 0.153160 0.413917 0.817575
1 0.924742 0.444649 0.158678 0.428438 0.777300
1 0.923485 0.460355 0.156153 0.407980 0.904651
3 0.389126 0.277517 0.104695 0.236364 0.002473
5 0.515573 0.308042 0.019228 0.061032 0.002473
