0 0.181310 0.215638 0.012781 0.046745 0.002473
0 0.181457 0.220503 0.013353 0.052237 0.006693
0 0.758383 0.305405 0.027491 0.110917 0.017986
0 0.760817 0.304996 0.028515 0.110098 0.006693
0 0.377626 0.309882 0.036138 0.088564 0.006693
0 0.668957 0.287105 0.013051 0.033214 0.002473
0 0.757451 0.312466 0.029356 0.124981 0.119203
0 0.760357 0.314266 0.029434 0.128582 0.119203
0 0.379530 0.312692 0.039943 0.069650 0.002473
0 0.405274 0.311761 0.014904 0.032025 0.002473
0 0.435826 0.316360 0.015925 0.033604 0.006693
0 0.442178 0.314866 0.010296 0.036942 0.047426
0 0.518752 0.316438 0.012552 0.033701 0.017986
0 0.758914 0.315735 0.032198 0.131496 0.268941
0 0.757952 0.314728 0.028425 0.129465 0.268941
0 0.378036 0.317432 0.037157 0.072878 0.002473
0 0.437248 0.312587 0.015040 0.032061 0.006693
0 0.442231 0.315061 0.009814 0.036579 0.047426
0 0.518753 0.318945 0.006812 0.038472 0.047426
0 0.547650 0.326823 0.020226 0.038573 0.002473
0 0.756275 0.322081 0.028158 0.132970 0.119203
0 0.758914 0.315900 0.032201 0.132184 0.268941
0 0.757967 0.316146 0.028394 0.132297 0.119203
0 0.374900 0.321531 0.031147 0.081354 0.002473
0 0.387961 0.322225 0.017245 0.064024 0.006693
0 0.518789 0.322464 0.012634 0.047605 0.017986
0 0.547320 0.326784 0.019689 0.038901 0.002473
0 0.548654 0.326785 0.022018 0.038909 0.002473
0 0.757094 0.327895 0.029795 0.144682 0.017986
0 0.757469 0.319190 0.029268 0.138492 0.119203
0 0.757955 0.319285 0.028411 0.138976 0.268941
0 0.367531 0.328604 0.016307 0.093260 0.017986
0 0.380260 0.325260 0.016944 0.083975 0.006693
0 0.757875 0.319721 0.034191 0.138938 0.268941
0 0.756999 0.321034 0.030496 0.141775 0.268941
0 0.754207 0.324920 0.035739 0.142473 0.006693
1 0.384293 0.309770 0.031354 0.088344 0.017986
1 0.387236 0.308823 0.025684 0.076970 0.006693
1 0.481314 0.300840 0.018622 0.044208 0.006693
1 0.357705 0.317098 0.051847 0.062670 0.002473
1 0.379530 0.312692 0.039943 0.069650 0.006693
1 0.386807 0.317400 0.026111 0.063403 0.047426
1 0.388807 0.315463 0.022545 0.059612 0.047426
1 0.463433 0.312463 0.017367 0.032026 0.268941
1 0.463964 0.310928 0.022081 0.028912 0.500000
1 0.513248 0.314631 0.015199 0.027171 0.017986
1 0.518752 0.316438 0.012552 0.033701 0.006693
1 0.129584 0.328360 0.203320 0.249923 0.731059
1 0.129152 0.326754 0.202404 0.252959 0.731059
1 0.128350 0.330422 0.205827 0.254490 0.731059
1 0.357777 0.316675 0.049734 0.061697 0.017986
1 0.378036 0.317432 0.037157 0.072878 0.002473
1 0.387852 0.317593 0.024024 0.063393 0.047426
1 0.388889 0.317250 0.022302 0.062702 0.047426
1 0.409117 0.317504 0.012748 0.022309 0.002473
1 0.462499 0.310942 0.019237 0.028926 0.500000
1 0.463982 0.312501 0.022045 0.025801 0.500000
1 0.483613 0.307656 0.017362 0.032517 0.017986
1 0.511805 0.313739 0.014131 0.023413 0.119203
1 0.518753 0.318945 0.006812 0.038472 0.002473
1 0.621922 0.340551 0.131353 0.120316 0.731059
1 0.623142 0.338469 0.134523 0.114912 0.731059
1 0.620250 0.340656 0.128753 0.120064 0.731059
1 0.129575 0.330753 0.203349 0.254681 0.500000
1 0.129773 0.328428 0.203696 0.250064 0.500000
1 0.130118 0.328324 0.204114 0.250265 0.500000
1 0.387961 0.322225 0.017245 0.064024 0.017986
1 0.388913 0.319718 0.022255 0.059557 0.047426
1 0.621710 0.340551 0.131653 0.120303 0.731059
1 0.621698 0.340662 0.131636 0.120053 0.731059
1 0.621421 0.338250 0.132161 0.115230 0.500000
1 0.127694 0.333300 0.205314 0.250067 0.500000
1 0.129564 0.330839 0.203377 0.254852 0.731059
1 0.128662 0.330820 0.207027 0.254648 0.500000
1 0.621677 0.338553 0.131593 0.114772 0.731059
1 0.621710 0.338557 0.131664 0.114634 0.731059
1 0.621262 0.340660 0.132568 0.120065 0.880797
1 0.129561 0.328132 0.203410 0.250731 0.500000
1 0.620490 0.340225 0.134121 0.120978 0.500000
2 0.481314 0.300840 0.018622 0.044208 0.017986
2 0.483625 0.302058 0.017734 0.041733 0.006693
3 0.379656 0.303126 0.034610 0.090724 0.002473
3 0.384293 0.309770 0.031354 0.088344 0.017986
3 0.387236 0.308823 0.025684 0.076970 0.017986
3 0.481314 0.300840 0.018622 0.044208 0.500000
3 0.484640 0.300479 0.019553 0.043673 0.047426
3 0.386807 0.317400 0.026111 0.063403 0.002473
3 0.388807 0.315463 0.022545 0.059612 0.006693
3 0.483625 0.302058 0.017734 0.041733 0.268941
3 0.484669 0.303895 0.019389 0.036362 0.002473
3 0.513248 0.314631 0.015199 0.027171 0.002473
3 0.387852 0.317593 0.024024 0.063393 0.002473
3 0.388889 0.317250 0.022302 0.062702 0.002473
3 0.483613 0.307656 0.017362 0.032517 0.119203
3 0.511805 0.313739 0.014131 0.023413 0.002473
3 0.388913 0.319718 0.022255 0.059557 0.002473
4 0.359484 0.314237 0.049483 0.066411 0.002473
4 0.379530 0.312692 0.039943 0.069650 0.002473
4 0.357777 0.316675 0.049734 0.061697 0.002473
4 0.362513 0.315819 0.045468 0.066337 0.006693
4 0.378036 0.317432 0.037157 0.072878 0.006693
4 0.442231 0.315061 0.009814 0.036579 0.002473
4 0.547650 0.326823 0.020226 0.038573 0.002473
4 0.366122 0.322118 0.028226 0.074535 0.002473
4 0.374900 0.321531 0.031147 0.081354 0.002473
4 0.387961 0.322225 0.017245 0.064024 0.002473
4 0.540523 0.325006 0.021650 0.042899 0.002473
4 0.547320 0.326784 0.019689 0.038901 0.002473
4 0.548654 0.326785 0.022018 0.038909 0.006693
5 0.377626 0.309882 0.036138 0.088564 0.017986
5 0.384293 0.309770 0.031354 0.088344 0.017986
5 0.387236 0.308823 0.025684 0.076970 0.002473
5 0.379530 0.312692 0.039943 0.069650 0.047426
5 0.386807 0.317400 0.026111 0.063403 0.017986
5 0.388807 0.315463 0.022545 0.059612 0.002473
5 0.442178 0.314866 0.010296 0.036942 0.017986
5 0.518752 0.316438 0.012552 0.033701 0.006693
5 0.528771 0.318914 0.013470 0.039021 0.002473
5 0.547304 0.323474 0.019771 0.044794 0.017986
5 0.550142 0.323455 0.019196 0.044817 0.006693
5 0.362513 0.315819 0.045468 0.066337 0.002473
5 0.378036 0.317432 0.037157 0.072878 0.017986
5 0.387852 0.317593 0.024024 0.063393 0.017986
5 0.442231 0.315061 0.009814 0.036579 0.047426
5 0.518753 0.318945 0.006812 0.038472 0.047426
5 0.532633 0.321040 0.016225 0.035030 0.006693
5 0.547304 0.325306 0.019743 0.041595 0.268941
5 0.547650 0.326823 0.020226 0.038573 0.268941
5 0.374900 0.321531 0.031147 0.081354 0.002473
5 0.387961 0.322225 0.017245 0.064024 0.047426
5 0.388913 0.319718 0.022255 0.059557 0.006693
5 0.540523 0.325006 0.021650 0.042899 0.017986
5 0.547320 0.326784 0.019689 0.038901 0.268941
5 0.548654 0.326785 0.022018 0.038909 0.119203
