0 0.341623 0.262745 0.016927 0.067825 0.002473
0 0.628252 0.308632 0.024722 0.160536 0.006693
0 0.742120 0.272395 0.010297 0.035577 0.002473
0 0.363748 0.313143 0.028832 0.085492 0.002473
0 0.628078 0.315183 0.025066 0.184446 0.047426
0 0.761803 0.286469 0.014130 0.041230 0.002473
0 0.768761 0.286332 0.012878 0.041373 0.002473
0 0.364178 0.315868 0.028632 0.090615 0.002473
0 0.364995 0.312461 0.029999 0.083781 0.006693
0 0.510562 0.314296 0.009829 0.036753 0.017986
0 0.534144 0.309915 0.012561 0.046938 0.017986
0 0.625644 0.326888 0.033398 0.165732 0.002473
0 0.626468 0.322022 0.028275 0.189331 0.017986
0 0.761647 0.292325 0.017763 0.043557 0.002473
0 0.767546 0.294198 0.016302 0.047174 0.006693
0 0.364186 0.313619 0.028610 0.085645 0.006693
0 0.365190 0.313031 0.030385 0.084450 0.006693
0 0.365819 0.310020 0.032269 0.088532 0.002473
0 0.510066 0.314808 0.010722 0.037099 0.017986
0 0.514867 0.313524 0.010947 0.030222 0.006693
0 0.531299 0.310046 0.006857 0.037156 0.047426
0 0.568784 0.314800 0.006925 0.021291 0.006693
0 0.625059 0.323043 0.031074 0.185451 0.119203
0 0.625002 0.322017 0.031209 0.199404 0.268941
0 0.364143 0.316884 0.028739 0.092133 0.006693
0 0.365187 0.316207 0.030391 0.091719 0.017986
0 0.365040 0.313171 0.036042 0.084161 0.002473
0 0.625070 0.326371 0.031077 0.190744 0.268941
0 0.625951 0.325105 0.033080 0.192927 0.500000
0 0.944698 0.361655 0.023205 0.068522 0.002473
0 0.950222 0.361670 0.025631 0.067335 0.006693
0 0.363902 0.332256 0.029168 0.123871 0.002473
0 0.362738 0.329752 0.031631 0.118942 0.006693
0 0.626238 0.325370 0.033325 0.192480 0.268941
0 0.626045 0.325369 0.032897 0.192467 0.500000
0 0.949662 0.367004 0.025332 0.067924 0.002473
0 0.625270 0.330079 0.031434 0.182900 0.500000
0 0.626056 0.328442 0.032871 0.186181 0.500000
0 0.955117 0.373122 0.034136 0.062073 0.002473
0 0.626688 0.328708 0.028531 0.185674 0.268941
0 0.626737 0.330338 0.028481 0.182591 0.268941
0 0.993731 0.360784 0.012617 0.133953 0.006693
0 0.993677 0.366045 0.012728 0.130121 0.017986
1 0.487146 0.293482 0.031980 0.066936 0.002473
1 0.429942 0.309445 0.121960 0.109038 0.268941
1 0.430111 0.310219 0.120970 0.104490 0.731059
1 0.427617 0.308993 0.120608 0.108144 0.731059
1 0.467208 0.303059 0.057682 0.085467 0.006693
1 0.487434 0.297409 0.031234 0.069339 0.017986
1 0.486185 0.293715 0.028571 0.064915 0.006693
1 0.669958 0.293660 0.058776 0.061833 0.006693
1 0.673133 0.294617 0.071092 0.066480 0.006693
1 0.676166 0.293368 0.079220 0.060990 0.002473
1 0.992065 0.326658 0.015932 0.167472 0.002473
1 0.431407 0.310217 0.122130 0.104514 0.500000
1 0.430147 0.308659 0.120898 0.107632 0.268941
1 0.427479 0.308657 0.126184 0.107630 0.500000
1 0.487265 0.296786 0.025556 0.062145 0.006693
1 0.547586 0.312273 0.011217 0.026045 0.002473
1 0.603876 0.323875 0.023254 0.044454 0.002473
1 0.602526 0.325152 0.020139 0.048153 0.002473
1 0.992269 0.350184 0.015483 0.121797 0.268941
1 0.430646 0.311015 0.120557 0.105919 0.500000
1 0.429728 0.308700 0.121719 0.107542 0.268941
1 0.429815 0.310261 0.121500 0.104420 0.500000
1 0.490651 0.307762 0.019073 0.051285 0.002473
1 0.547582 0.316478 0.010689 0.017876 0.119203
1 0.568784 0.314800 0.006925 0.021291 0.002473
1 0.584182 0.318099 0.012632 0.020894 0.047426
1 0.603823 0.326872 0.023134 0.044902 0.500000
1 0.603839 0.326177 0.023114 0.046320 0.268941
1 0.993739 0.356295 0.012532 0.120996 0.119203
1 0.430560 0.310935 0.120050 0.106093 0.500000
1 0.603836 0.326762 0.023160 0.045203 0.268941
1 0.601458 0.326768 0.022094 0.045177 0.268941
1 0.889047 0.369423 0.103802 0.104299 0.500000
1 0.892223 0.367051 0.101364 0.109098 0.268941
1 0.892109 0.366987 0.097972 0.109031 0.268941
1 0.993745 0.357504 0.018300 0.133057 0.268941
1 0.738529 0.387766 0.235459 0.234410 0.731059
1 0.892035 0.368552 0.100905 0.112130 0.500000
1 0.891379 0.367007 0.099232 0.109040 0.500000
1 0.892328 0.367001 0.097316 0.109052 0.268941
1 0.993738 0.358765 0.012554 0.136761 0.119203
1 0.738669 0.387840 0.229587 0.234195 0.731059
1 0.738089 0.385525 0.234497 0.239252 0.731059
1 0.737609 0.385427 0.231680 0.239025 0.268941
1 0.893102 0.369432 0.095670 0.104120 0.500000
1 0.892158 0.367022 0.097434 0.108925 0.268941
1 0.892142 0.369432 0.096944 0.104127 0.268941
1 0.992298 0.357283 0.015484 0.133864 0.268941
1 0.739411 0.385273 0.231141 0.239161 0.731059
1 0.739572 0.385424 0.230815 0.239026 0.880797
1 0.738747 0.386986 0.229410 0.242150 0.119203
1 0.891476 0.369367 0.098823 0.104272 0.500000
1 0.993731 0.360784 0.012617 0.133953 0.500000
1 0.736806 0.385424 0.236350 0.239022 0.731059
1 0.738516 0.385445 0.233656 0.238981 0.500000
1 0.739542 0.385555 0.230883 0.239202 0.017986
1 0.993677 0.366045 0.012728 0.130121 0.047426
1 0.741548 0.379783 0.229722 0.245979 0.037327
1 0.739988 0.384765 0.230268 0.236137 0.037327
1 0.736820 0.384904 0.226749 0.235949 0.060087
2 0.957347 0.301367 0.085281 0.196050 0.002473
2 0.956571 0.305996 0.086857 0.193480 0.017986
2 0.979397 0.304759 0.041456 0.188296 0.002473
2 0.957435 0.308315 0.085193 0.188657 0.002473
2 0.958256 0.315282 0.083482 0.184370 0.017986
2 0.992065 0.326658 0.015932 0.167472 0.002473
2 0.956774 0.308050 0.087019 0.181418 0.002473
2 0.958743 0.313716 0.082529 0.178278 0.002473
2 0.993739 0.356295 0.012532 0.120996 0.002473
2 0.993745 0.357504 0.018300 0.133057 0.006693
2 0.993738 0.358765 0.012554 0.136761 0.002473
2 0.993731 0.360784 0.012617 0.133953 0.002473
3 0.487146 0.293482 0.031980 0.066936 0.006693
3 0.487710 0.292733 0.031700 0.066646 0.006693
3 0.490690 0.291155 0.040994 0.063576 0.002473
3 0.467208 0.303059 0.057682 0.085467 0.006693
3 0.487434 0.297409 0.031234 0.069339 0.047426
3 0.486185 0.293715 0.028571 0.064915 0.047426
3 0.492417 0.295107 0.040895 0.065289 0.002473
3 0.954499 0.308468 0.085717 0.184486 0.002473
3 0.957435 0.308315 0.085193 0.188657 0.002473
3 0.958256 0.315282 0.083482 0.184370 0.002473
3 0.992065 0.326658 0.015932 0.167472 0.006693
3 0.487265 0.296786 0.025556 0.062145 0.047426
3 0.489550 0.297946 0.027111 0.053084 0.002473
3 0.958743 0.313716 0.082529 0.178278 0.002473
3 0.992269 0.350184 0.015483 0.121797 0.006693
3 0.547582 0.316478 0.010689 0.017876 0.002473
3 0.993739 0.356295 0.012532 0.120996 0.006693
3 0.993745 0.357504 0.018300 0.133057 0.017986
3 0.993738 0.358765 0.012554 0.136761 0.006693
3 0.992298 0.357283 0.015484 0.133864 0.006693
3 0.993731 0.360784 0.012617 0.133953 0.017986
3 0.993677 0.366045 0.012728 0.130121 0.002473
4 0.363748 0.313143 0.028832 0.085492 0.006693
4 0.365114 0.309846 0.030564 0.088495 0.006693
4 0.352312 0.312439 0.048015 0.093448 0.002473
4 0.364178 0.315868 0.028632 0.090615 0.006693
4 0.364995 0.312461 0.029999 0.083781 0.006693
4 0.350252 0.316035 0.052304 0.091552 0.002473
4 0.353530 0.316110 0.050475 0.091480 0.006693
4 0.364186 0.313619 0.028610 0.085645 0.002473
4 0.353814 0.325572 0.049791 0.100209 0.002473
4 0.364143 0.316884 0.028739 0.092133 0.002473
4 0.365187 0.316207 0.030391 0.091719 0.002473
4 0.944698 0.361655 0.023205 0.068522 0.002473
4 0.950222 0.361670 0.025631 0.067335 0.002473
4 0.949662 0.367004 0.025332 0.067924 0.017986
4 0.952675 0.366833 0.030421 0.067582 0.006693
4 0.953772 0.368571 0.033106 0.065186 0.017986
4 0.940563 0.370541 0.034393 0.089191 0.002473
4 0.951544 0.368587 0.029099 0.070667 0.047426
4 0.952677 0.367687 0.030414 0.066217 0.047426
4 0.955117 0.373122 0.034136 0.062073 0.047426
4 0.944506 0.374122 0.021363 0.069352 0.006693
4 0.954838 0.374266 0.034354 0.069120 0.017986
5 0.363748 0.313143 0.028832 0.085492 0.017986
5 0.365114 0.309846 0.030564 0.088495 0.017986
5 0.366710 0.306362 0.032262 0.081060 0.002473
5 0.364178 0.315868 0.028632 0.090615 0.002473
5 0.364995 0.312461 0.029999 0.083781 0.006693
5 0.510562 0.314296 0.009829 0.036753 0.002473
5 0.365190 0.313031 0.030385 0.084450 0.002473
5 0.365819 0.310020 0.032269 0.088532 0.002473
5 0.365187 0.316207 0.030391 0.091719 0.006693
5 0.944698 0.361655 0.023205 0.068522 0.002473
5 0.950222 0.361670 0.025631 0.067335 0.006693
5 0.952675 0.366833 0.030421 0.067582 0.002473
5 0.953772 0.368571 0.033106 0.065186 0.006693
5 0.952677 0.367687 0.030414 0.066217 0.006693
5 0.955117 0.373122 0.034136 0.062073 0.017986
5 0.993731 0.360784 0.012617 0.133953 0.002473
