0 0.563411 0.325149 0.017345 0.092955 0.047426
0 0.564202 0.324494 0.015924 0.091485 0.119203
0 0.583527 0.323949 0.023002 0.122973 0.119203
0 0.583594 0.326788 0.023341 0.123709 0.047426
0 0.517079 0.316479 0.010116 0.033831 0.006693
0 0.562489 0.322445 0.019208 0.082799 0.047426
0 0.563736 0.325264 0.016784 0.088221 0.268941
0 0.583531 0.326273 0.023271 0.128880 0.268941
0 0.583125 0.326253 0.022455 0.128922 0.268941
0 0.684874 0.305278 0.014233 0.029184 0.006693
0 0.689195 0.304720 0.012135 0.036633 0.002473
0 0.560786 0.325814 0.021593 0.072302 0.047426
0 0.563212 0.325480 0.017804 0.088614 0.268941
0 0.583529 0.324850 0.023266 0.125843 0.268941
0 0.583582 0.324734 0.023361 0.125627 0.268941
0 0.562463 0.322458 0.019181 0.075506 0.047426
0 0.563235 0.328171 0.014014 0.093771 0.268941
0 0.583597 0.326408 0.023130 0.128993 0.268941
0 0.583587 0.326303 0.023350 0.128771 0.268941
0 0.563413 0.330262 0.017350 0.091185 0.119203
0 0.564190 0.332378 0.015900 0.095621 0.119203
0 0.584469 0.325661 0.024873 0.130474 0.500000
0 0.583648 0.325670 0.023201 0.130468 0.268941
0 0.569174 0.331612 0.029765 0.112685 0.006693
0 0.583283 0.324157 0.023478 0.127488 0.268941
0 0.582711 0.324138 0.025073 0.133788 0.047426
0 0.232261 0.398845 0.433150 0.428288 0.001170
0 0.242923 0.392679 0.423942 0.436751 0.001170
0 0.235928 0.420440 0.433103 0.399417 0.001927
0 0.233547 0.411547 0.436757 0.407452 0.002473
1 0.463027 0.314932 0.068081 0.078588 0.731059
1 0.463127 0.314940 0.067848 0.078528 0.500000
1 0.463654 0.316486 0.066847 0.075417 0.268941
1 0.463183 0.314971 0.067743 0.078598 0.268941
1 0.562489 0.322445 0.019208 0.082799 0.002473
1 0.607732 0.305882 0.034043 0.038875 0.047426
1 0.615014 0.305515 0.043262 0.043677 0.006693
1 0.463127 0.318898 0.067848 0.080199 0.500000
1 0.464109 0.317327 0.066027 0.083330 0.500000
1 0.464142 0.317352 0.065826 0.083353 0.500000
1 0.560786 0.325814 0.021593 0.072302 0.006693
1 0.599267 0.322699 0.029335 0.064069 0.006693
1 0.655132 0.352753 0.124638 0.138157 0.731059
1 0.655609 0.353039 0.123755 0.138744 0.731059
1 0.807974 0.349250 0.071759 0.083323 0.119203
1 0.814545 0.349283 0.079098 0.083397 0.119203
1 0.822120 0.351691 0.094360 0.088236 0.119203
1 0.464016 0.317378 0.065860 0.083223 0.500000
1 0.464114 0.317383 0.065874 0.083235 0.500000
1 0.464141 0.316555 0.065824 0.075329 0.731059
1 0.562463 0.322458 0.019181 0.075506 0.002473
1 0.654203 0.352770 0.122786 0.138110 0.731059
1 0.655606 0.355728 0.123758 0.138012 0.500000
1 0.656027 0.354562 0.122630 0.135693 0.500000
1 0.809701 0.349309 0.069404 0.083356 0.268941
1 0.810878 0.351719 0.071758 0.078536 0.268941
1 0.813836 0.351679 0.077702 0.078618 0.119203
1 0.655069 0.354283 0.124546 0.141378 0.731059
1 0.654596 0.354281 0.121753 0.141373 0.731059
1 0.654607 0.354280 0.121699 0.141376 0.731059
1 0.809702 0.349278 0.069438 0.083403 0.268941
1 0.810878 0.351691 0.071758 0.088223 0.119203
1 0.813143 0.351700 0.076318 0.078613 0.268941
1 0.654188 0.354172 0.122808 0.141151 0.500000
1 0.655523 0.354172 0.123640 0.141614 0.500000
1 0.808948 0.349272 0.073669 0.083532 0.500000
1 0.234612 0.407136 0.427859 0.417975 0.377541
1 0.235650 0.421580 0.438982 0.401545 0.268941
1 0.232927 0.414716 0.431657 0.431614 0.268941
1 0.244377 0.392748 0.427192 0.430996 0.182426
1 0.239987 0.418460 0.433006 0.402979 0.148047
1 0.232261 0.398845 0.433150 0.428288 0.148047
1 0.242923 0.392679 0.423942 0.436751 0.060087
1 0.235928 0.420440 0.433103 0.399417 0.119203
1 0.233547 0.411547 0.436757 0.407452 0.119203
3 0.607732 0.305882 0.034043 0.038875 0.017986
3 0.615014 0.305515 0.043262 0.043677 0.006693
3 0.234612 0.407136 0.427859 0.417975 0.004070
3 0.235650 0.421580 0.438982 0.401545 0.006693
3 0.232927 0.414716 0.431657 0.431614 0.005220
3 0.244377 0.392748 0.427192 0.430996 0.003173
3 0.239987 0.418460 0.433006 0.402979 0.006693
3 0.232261 0.398845 0.433150 0.428288 0.005220
3 0.242923 0.392679 0.423942 0.436751 0.001927
3 0.235928 0.420440 0.433103 0.399417 0.006693
3 0.233547 0.411547 0.436757 0.407452 0.005220
4 0.720321 0.353110 0.021887 0.054194 0.002473
4 0.239987 0.418460 0.433006 0.402979 0.001501
4 0.232261 0.398845 0.433150 0.428288 0.001501
4 0.242923 0.392679 0.423942 0.436751 0.001927
4 0.235928 0.420440 0.433103 0.399417 0.001927
4 0.233547 0.411547 0.436757 0.407452 0.002473
5 0.562489 0.322445 0.019208 0.082799 0.002473
5 0.560786 0.325814 0.021593 0.072302 0.002473
5 0.562463 0.322458 0.019181 0.075506 0.006693
5 0.234612 0.407136 0.427859 0.417975 0.003173
5 0.235650 0.421580 0.438982 0.401545 0.119203
5 0.232927 0.414716 0.431657 0.431614 0.119203
5 0.244377 0.392748 0.427192 0.430996 0.222700
5 0.254908 0.383416 0.399729 0.435903 0.004070
5 0.236621 0.422472 0.440824 0.394475 0.001927
5 0.239987 0.418460 0.433006 0.402979 0.320821
5 0.232261 0.398845 0.433150 0.428288 0.320821
5 0.242923 0.392679 0.423942 0.436751 0.437824
5 0.247143 0.382855 0.420002 0.452059 0.037327
5 0.368565 0.381396 0.182601 0.446153 0.001927
5 0.377395 0.381955 0.166462 0.447613 0.001501
5 0.235928 0.420440 0.433103 0.399417 0.268941
5 0.233547 0.411547 0.436757 0.407452 0.320821
5 0.244410 0.406977 0.425985 0.412261 0.029312
