0 0.328104 0.254866 0.013119 0.061322 0.002473
0 0.783165 0.264453 0.016584 0.055275 0.002473
0 0.751696 0.266984 0.016666 0.038482 0.002473
0 0.784179 0.270772 0.012595 0.051940 0.006693
0 0.782800 0.278583 0.009907 0.036633 0.006693
0 0.006283 0.310603 0.012592 0.038661 0.002473
0 0.510073 0.314899 0.010640 0.036906 0.017986
0 0.532710 0.312469 0.009742 0.041900 0.017986
0 0.782579 0.289397 0.015398 0.051709 0.002473
0 0.996073 0.322791 0.007942 0.171718 0.006693
0 0.483200 0.302837 0.017410 0.062964 0.002473
0 0.490809 0.310590 0.012837 0.035944 0.002473
0 0.508631 0.312533 0.007758 0.041645 0.047426
0 0.531275 0.312478 0.006936 0.042006 0.017986
0 0.997574 0.355940 0.010641 0.109681 0.047426
0 0.955964 0.359458 0.021109 0.083500 0.002473
0 0.996130 0.368069 0.007751 0.131365 0.047426
0 0.636513 0.339968 0.033052 0.194736 0.002473
0 0.637539 0.336279 0.031284 0.202068 0.002473
0 0.996131 0.365323 0.007766 0.140501 0.017986
0 0.635066 0.343524 0.030168 0.178164 0.002473
0 0.635905 0.344193 0.028663 0.176986 0.002473
0 0.996135 0.363889 0.007757 0.147091 0.047426
0 0.995198 0.365494 0.009631 0.144693 0.047426
0 0.994695 0.361201 0.004878 0.154929 0.047426
1 0.426959 0.312334 0.127819 0.108716 0.731059
1 0.425531 0.312341 0.124211 0.108728 0.500000
1 0.427317 0.310471 0.121421 0.111263 0.268941
1 0.481531 0.298004 0.024683 0.064782 0.002473
1 0.676281 0.296832 0.052794 0.062427 0.002473
1 0.679700 0.299282 0.059421 0.067301 0.047426
1 0.678717 0.295734 0.057255 0.065801 0.119203
1 0.678841 0.295516 0.057130 0.065365 0.047426
1 0.685059 0.297550 0.069811 0.069618 0.017986
1 0.430649 0.310778 0.114607 0.111870 0.500000
1 0.425854 0.310773 0.123557 0.111862 0.268941
1 0.427770 0.310022 0.120301 0.110359 0.500000
1 0.545425 0.314727 0.010171 0.027362 0.006693
1 0.559169 0.314707 0.014131 0.027290 0.002473
1 0.681153 0.298101 0.056512 0.070702 0.047426
1 0.680111 0.297849 0.054498 0.070208 0.119203
1 0.679681 0.298236 0.059154 0.071465 0.047426
1 0.683542 0.298787 0.073413 0.072080 0.002473
1 0.431870 0.312500 0.117278 0.108869 0.268941
1 0.425805 0.312499 0.123625 0.108866 0.500000
1 0.427673 0.311749 0.119902 0.107380 0.500000
1 0.545286 0.316523 0.009805 0.017780 0.268941
1 0.554618 0.316502 0.021874 0.024257 0.047426
1 0.584144 0.320515 0.012561 0.016081 0.119203
1 0.607178 0.326954 0.029843 0.038581 0.500000
1 0.607726 0.326932 0.034561 0.044759 0.500000
1 0.608669 0.326946 0.032670 0.038545 0.268941
1 0.673815 0.299945 0.042119 0.068790 0.006693
1 0.680900 0.298471 0.055972 0.071736 0.119203
1 0.681140 0.298365 0.056709 0.071632 0.047426
1 0.679915 0.298942 0.059295 0.074026 0.047426
1 0.997574 0.355940 0.010641 0.109681 0.017986
1 0.353650 0.312684 0.033238 0.093372 0.006693
1 0.430606 0.311712 0.120197 0.107470 0.006693
1 0.427971 0.312459 0.119175 0.108966 0.731059
1 0.607684 0.328446 0.034608 0.041838 0.500000
1 0.607706 0.328515 0.034591 0.041694 0.731059
1 0.607230 0.328460 0.029783 0.041810 0.731059
1 0.678545 0.312353 0.058764 0.096799 0.002473
1 0.682004 0.319437 0.064111 0.111605 0.002473
1 0.898533 0.369736 0.096326 0.114605 0.268941
1 0.900654 0.369791 0.092801 0.114568 0.047426
1 0.901773 0.369743 0.090580 0.114627 0.500000
1 0.996130 0.368069 0.007751 0.131365 0.017986
1 0.898845 0.369468 0.092498 0.114007 0.268941
1 0.900651 0.369471 0.092775 0.114002 0.268941
1 0.900024 0.371867 0.094063 0.109207 0.119203
1 0.996131 0.365323 0.007766 0.140501 0.047426
1 0.899384 0.369452 0.095275 0.113574 0.268941
1 0.900200 0.369478 0.092979 0.113984 0.119203
1 0.899731 0.369449 0.094621 0.113569 0.119203
1 0.996135 0.363889 0.007757 0.147091 0.047426
1 0.899227 0.369458 0.091053 0.114042 0.268941
1 0.995198 0.365494 0.009631 0.144693 0.017986
1 0.994695 0.361201 0.004878 0.154929 0.002473
1 0.757519 0.393456 0.254153 0.268667 0.014064
1 0.757312 0.395688 0.255212 0.276435 0.904651
1 0.758259 0.393257 0.257169 0.276991 0.924142
1 0.754786 0.392466 0.253023 0.274863 0.904651
1 0.757019 0.396700 0.253570 0.266209 0.880797
1 0.757473 0.396841 0.254672 0.269911 0.904651
1 0.758205 0.396677 0.257283 0.266412 0.924142
1 0.756985 0.395996 0.251019 0.267817 0.904651
1 0.756618 0.396584 0.257077 0.266148 0.022977
1 0.755280 0.396808 0.257977 0.263044 0.924142
1 0.756821 0.397351 0.257334 0.261673 0.924142
1 0.755041 0.397431 0.252848 0.261613 0.851953
2 0.957596 0.303336 0.084911 0.177475 0.002473
2 0.958480 0.302962 0.083060 0.187281 0.006693
2 0.958983 0.306559 0.082026 0.187337 0.002473
2 0.958588 0.309527 0.077287 0.187713 0.002473
2 0.958875 0.309686 0.082285 0.162923 0.002473
2 0.958164 0.306561 0.083733 0.180227 0.002473
2 0.957746 0.306331 0.084529 0.183153 0.006693
2 0.958893 0.310764 0.082202 0.192129 0.017986
2 0.978613 0.312392 0.042927 0.183565 0.002473
2 0.957161 0.308649 0.079804 0.181645 0.006693
2 0.958952 0.312140 0.082166 0.188908 0.047426
2 0.958334 0.316498 0.083323 0.191632 0.017986
3 0.958480 0.302962 0.083060 0.187281 0.002473
3 0.484780 0.298576 0.025287 0.055777 0.002473
3 0.679700 0.299282 0.059421 0.067301 0.002473
3 0.678717 0.295734 0.057255 0.065801 0.006693
3 0.678841 0.295516 0.057130 0.065365 0.006693
3 0.685059 0.297550 0.069811 0.069618 0.006693
3 0.958875 0.309686 0.082285 0.162923 0.017986
3 0.958164 0.306561 0.083733 0.180227 0.006693
3 0.957746 0.306331 0.084529 0.183153 0.006693
3 0.958893 0.310764 0.082202 0.192129 0.006693
3 0.545425 0.314727 0.010171 0.027362 0.002473
3 0.681153 0.298101 0.056512 0.070702 0.002473
3 0.680111 0.297849 0.054498 0.070208 0.006693
3 0.679681 0.298236 0.059154 0.071465 0.002473
3 0.957161 0.308649 0.079804 0.181645 0.002473
3 0.958952 0.312140 0.082166 0.188908 0.006693
3 0.958334 0.316498 0.083323 0.191632 0.002473
3 0.545286 0.316523 0.009805 0.017780 0.006693
3 0.584144 0.320515 0.012561 0.016081 0.002473
3 0.680900 0.298471 0.055972 0.071736 0.006693
3 0.681140 0.298365 0.056709 0.071632 0.006693
3 0.679915 0.298942 0.059295 0.074026 0.006693
3 0.961327 0.321150 0.070195 0.154159 0.002473
3 0.996130 0.368069 0.007751 0.131365 0.002473
4 0.352382 0.313886 0.031146 0.098025 0.006693
4 0.352255 0.312642 0.035686 0.094051 0.006693
4 0.352846 0.316601 0.032079 0.093047 0.006693
4 0.353518 0.312787 0.032354 0.094226 0.006693
4 0.354435 0.310500 0.035494 0.097400 0.006693
4 0.336959 0.321675 0.057310 0.104625 0.002473
4 0.341729 0.318440 0.050608 0.097661 0.002473
4 0.353045 0.312613 0.031577 0.094775 0.002473
4 0.353135 0.312621 0.031293 0.094765 0.006693
4 0.353593 0.312229 0.033461 0.094152 0.006693
4 0.353062 0.312775 0.031440 0.094560 0.006693
4 0.353650 0.312684 0.033238 0.093372 0.002473
4 0.955222 0.364430 0.037308 0.080409 0.002473
4 0.959980 0.367093 0.028792 0.069006 0.006693
4 0.960469 0.370319 0.029331 0.067535 0.017986
4 0.996131 0.365323 0.007766 0.140501 0.002473
4 0.956477 0.370263 0.038608 0.062966 0.006693
4 0.959816 0.369096 0.030580 0.063907 0.017986
4 0.960389 0.370069 0.029659 0.068177 0.006693
4 0.996135 0.363889 0.007757 0.147091 0.002473
4 0.959244 0.374844 0.032840 0.067968 0.006693
4 0.965449 0.372878 0.026507 0.072271 0.002473
4 0.995198 0.365494 0.009631 0.144693 0.002473
5 0.352382 0.313886 0.031146 0.098025 0.002473
5 0.352255 0.312642 0.035686 0.094051 0.006693
5 0.490809 0.310590 0.012837 0.035944 0.002473
5 0.996130 0.368069 0.007751 0.131365 0.002473
5 0.960469 0.370319 0.029331 0.067535 0.002473
5 0.996131 0.365323 0.007766 0.140501 0.006693
5 0.960389 0.370069 0.029659 0.068177 0.006693
5 0.996135 0.363889 0.007757 0.147091 0.006693
5 0.995198 0.365494 0.009631 0.144693 0.006693
