0 0.752393 0.261596 0.020282 0.075289 0.017986
0 0.755802 0.257982 0.024124 0.067635 0.017986
0 0.760132 0.262697 0.020552 0.059512 0.017986
0 0.753848 0.261649 0.023193 0.074892 0.006693
0 0.759797 0.267202 0.019720 0.049103 0.017986
0 0.760110 0.267747 0.020304 0.047896 0.017986
0 0.089115 0.325774 0.016099 0.110333 0.017986
0 0.751637 0.271139 0.022581 0.063656 0.006693
0 0.758278 0.267389 0.022756 0.048795 0.047426
0 0.760110 0.267520 0.020305 0.048952 0.017986
0 0.090552 0.333031 0.019068 0.126097 0.006693
0 0.434141 0.320112 0.012517 0.047286 0.047426
0 0.439212 0.317614 0.012115 0.042518 0.002473
0 0.456322 0.317298 0.007346 0.041780 0.002473
0 0.467289 0.312492 0.009739 0.041941 0.006693
0 0.493724 0.319833 0.006905 0.037553 0.017986
0 0.600906 0.325086 0.017313 0.057696 0.017986
0 0.606221 0.322786 0.012579 0.062345 0.500000
0 0.090403 0.337728 0.019384 0.133724 0.017986
0 0.432707 0.320246 0.015424 0.047035 0.119203
0 0.453861 0.317698 0.007883 0.031397 0.006693
0 0.467290 0.315011 0.009740 0.036728 0.006693
0 0.492763 0.322673 0.004966 0.038287 0.047426
0 0.600777 0.322864 0.017095 0.052625 0.006693
0 0.606230 0.322901 0.012597 0.062383 0.500000
0 0.635688 0.330819 0.022748 0.057796 0.002473
0 0.092039 0.340979 0.016093 0.140011 0.006693
0 0.424209 0.325997 0.018455 0.047538 0.002473
0 0.432789 0.321509 0.015634 0.049479 0.047426
0 0.436130 0.322472 0.016441 0.047616 0.002473
0 0.491345 0.323406 0.007828 0.045849 0.002473
0 0.599736 0.325924 0.015012 0.047089 0.006693
0 0.606225 0.322926 0.018399 0.062524 0.268941
0 0.637267 0.331812 0.019590 0.056536 0.002473
0 0.032973 0.340056 0.016106 0.054113 0.047426
0 0.038771 0.339598 0.013315 0.055066 0.002473
0 0.095151 0.344511 0.015652 0.134054 0.017986
0 0.604789 0.330924 0.016598 0.079352 0.002473
0 0.067136 0.357292 0.016208 0.086833 0.006693
0 0.096673 0.349123 0.012601 0.125243 0.047426
0 0.097615 0.361470 0.010715 0.100775 0.047426
0 0.938475 0.479720 0.118265 0.724394 0.001501
1 0.390741 0.318911 0.037692 0.080342 0.268941
1 0.390848 0.318851 0.037561 0.080316 0.119203
1 0.012191 0.325095 0.024532 0.059565 0.006693
1 0.017660 0.327360 0.035261 0.063201 0.002473
1 0.080466 0.324066 0.039832 0.117754 0.002473
1 0.264111 0.322875 0.228485 0.229223 0.731059
1 0.262723 0.322881 0.225453 0.229238 0.880797
1 0.390814 0.319387 0.037575 0.079436 0.268941
1 0.392274 0.319074 0.034633 0.080032 0.268941
1 0.392305 0.316883 0.034878 0.074961 0.119203
1 0.559611 0.327643 0.049992 0.053098 0.119203
1 0.561042 0.327641 0.047115 0.053100 0.119203
1 0.011234 0.335683 0.022494 0.037005 0.047426
1 0.014143 0.338130 0.028179 0.041723 0.047426
1 0.024698 0.335702 0.042844 0.046539 0.017986
1 0.041691 0.333416 0.027597 0.051527 0.017986
1 0.063655 0.334223 0.022360 0.043889 0.006693
1 0.068978 0.337120 0.025692 0.049540 0.017986
1 0.074482 0.347849 0.039008 0.082568 0.017986
1 0.262715 0.320514 0.225447 0.224228 0.731059
1 0.262524 0.320501 0.225264 0.224330 0.500000
1 0.262092 0.320514 0.226736 0.224223 0.731059
1 0.392260 0.320904 0.034679 0.082429 0.268941
1 0.392197 0.320099 0.034712 0.078022 0.268941
1 0.392215 0.319910 0.034925 0.078317 0.500000
1 0.479802 0.316537 0.015452 0.023981 0.047426
1 0.504883 0.316568 0.010203 0.018106 0.017986
1 0.521668 0.318077 0.012609 0.020900 0.119203
1 0.534092 0.322820 0.012997 0.031199 0.002473
1 0.561039 0.330429 0.047099 0.057167 0.500000
1 0.560118 0.330108 0.045236 0.057753 0.500000
1 0.561054 0.330415 0.047107 0.057139 0.268941
1 0.561058 0.330419 0.047120 0.057147 0.500000
1 0.010800 0.339273 0.021617 0.029834 0.268941
1 0.012661 0.340922 0.019520 0.036160 0.268941
1 0.026162 0.338365 0.031515 0.041524 0.047426
1 0.042162 0.333456 0.024516 0.051344 0.002473
1 0.064571 0.337133 0.020007 0.049054 0.002473
1 0.067888 0.340508 0.023502 0.056173 0.002473
1 0.265436 0.322936 0.225280 0.219451 0.500000
1 0.263977 0.322870 0.228184 0.229078 0.731059
1 0.262292 0.320544 0.231618 0.224073 0.500000
1 0.392118 0.318462 0.034879 0.081307 0.268941
1 0.393608 0.318512 0.037505 0.081207 0.268941
1 0.392216 0.323317 0.034933 0.077897 0.268941
1 0.559578 0.330222 0.049944 0.057540 0.731059
1 0.561058 0.330221 0.047116 0.057535 0.500000
1 0.561059 0.328126 0.047088 0.052095 0.731059
1 0.561059 0.330115 0.047119 0.057777 0.500000
1 0.262494 0.320621 0.225640 0.224087 0.731059
1 0.264213 0.325323 0.228438 0.224223 0.880797
1 0.263572 0.320620 0.229076 0.224087 0.047426
1 0.842422 0.402572 0.231999 0.521652 0.851953
1 0.840333 0.397736 0.243183 0.515050 0.817575
1 0.850526 0.402010 0.254032 0.515527 0.679179
1 0.833776 0.402665 0.233884 0.518668 0.010987
1 0.841640 0.406549 0.242524 0.523146 0.851953
1 0.843047 0.402514 0.245353 0.519474 0.817575
1 0.851777 0.402171 0.253495 0.522590 0.622459
1 0.859775 0.404289 0.281799 0.530581 0.222700
1 0.844224 0.402622 0.244968 0.523360 0.851953
1 0.846143 0.403912 0.251551 0.525418 0.817575
1 0.852879 0.404823 0.258846 0.528502 0.562177
2 0.012191 0.325095 0.024532 0.059565 0.002473
2 0.014143 0.338130 0.028179 0.041723 0.002473
2 0.024698 0.335702 0.042844 0.046539 0.017986
2 0.041691 0.333416 0.027597 0.051527 0.017986
3 0.389150 0.306360 0.053530 0.104397 0.006693
3 0.390185 0.305575 0.054343 0.102945 0.006693
3 0.395378 0.297602 0.054173 0.097601 0.017986
3 0.397568 0.290620 0.058380 0.093591 0.017986
3 0.086969 0.318885 0.026432 0.106759 0.002473
3 0.390741 0.318911 0.037692 0.080342 0.006693
3 0.390848 0.318851 0.037561 0.080316 0.002473
3 0.392314 0.313495 0.041448 0.076557 0.006693
3 0.400234 0.304594 0.052072 0.073149 0.006693
3 0.012191 0.325095 0.024532 0.059565 0.002473
3 0.390814 0.319387 0.037575 0.079436 0.006693
3 0.392305 0.316883 0.034878 0.074961 0.006693
3 0.024698 0.335702 0.042844 0.046539 0.002473
3 0.041691 0.333416 0.027597 0.051527 0.002473
3 0.392260 0.320904 0.034679 0.082429 0.002473
3 0.392197 0.320099 0.034712 0.078022 0.002473
3 0.392215 0.319910 0.034925 0.078317 0.017986
3 0.393608 0.318512 0.037505 0.081207 0.002473
3 0.392216 0.323317 0.034933 0.077897 0.006693
4 0.722750 0.343502 0.029564 0.076587 0.002473
4 0.722600 0.354908 0.033998 0.100649 0.002473
5 0.434141 0.320112 0.012517 0.047286 0.002473
5 0.432707 0.320246 0.015424 0.047035 0.006693
