0 0.017188 0.270860 0.021904 0.095264 0.002473
0 0.142606 0.333845 0.016191 0.113639 0.002473
0 0.298773 0.322418 0.016785 0.045666 0.006693
0 0.356073 0.309852 0.007165 0.026882 0.006693
0 0.365914 0.308115 0.006882 0.032994 0.017986
0 0.141127 0.333369 0.013225 0.114205 0.002473
0 0.298772 0.323530 0.016784 0.041683 0.017986
0 0.301236 0.323348 0.016785 0.039587 0.006693
0 0.354705 0.314568 0.009895 0.028379 0.002473
0 0.366358 0.308533 0.007776 0.033951 0.047426
0 0.138330 0.347555 0.017313 0.149313 0.002473
0 0.140098 0.337264 0.015214 0.114995 0.002473
0 0.298321 0.323413 0.015882 0.042661 0.006693
0 0.137250 0.348626 0.015042 0.156153 0.002473
0 0.141899 0.341281 0.019546 0.140502 0.002473
0 0.136748 0.351392 0.014104 0.151267 0.002473
0 0.142925 0.351849 0.023377 0.140394 0.006693
0 0.136298 0.358454 0.013191 0.140442 0.002473
0 0.135130 0.358611 0.014723 0.148334 0.002473
0 0.138551 0.366396 0.017746 0.132887 0.002473
1 0.004814 0.275683 0.009859 0.078367 0.002473
1 0.006349 0.290632 0.018512 0.041967 0.017986
1 0.008690 0.317512 0.017603 0.105576 0.017986
1 0.182728 0.333023 0.065468 0.103080 0.500000
1 0.182699 0.332274 0.065432 0.101583 0.731059
1 0.183633 0.332382 0.067272 0.101808 0.500000
1 0.337483 0.316455 0.019214 0.033734 0.268941
1 0.336079 0.312488 0.022082 0.032061 0.268941
1 0.356073 0.309852 0.007165 0.026882 0.002473
1 0.381278 0.306888 0.012615 0.020895 0.119203
1 0.398502 0.312439 0.016243 0.031940 0.268941
1 0.398615 0.312435 0.016464 0.031969 0.119203
1 0.008774 0.327462 0.018206 0.127960 0.017986
1 0.182705 0.332273 0.065421 0.102058 0.731059
1 0.181266 0.332157 0.068301 0.101824 0.500000
1 0.182695 0.332148 0.065391 0.101834 0.268941
1 0.337490 0.312499 0.024997 0.032046 0.500000
1 0.337525 0.312502 0.024976 0.032050 0.500000
1 0.398951 0.312542 0.017142 0.031976 0.268941
1 0.397630 0.312521 0.020264 0.032032 0.119203
1 0.007860 0.327492 0.021842 0.127156 0.017986
1 0.184149 0.332277 0.062532 0.102054 0.500000
1 0.182699 0.332273 0.065432 0.102047 0.500000
1 0.183631 0.332157 0.067266 0.101816 0.500000
1 0.008882 0.327811 0.017987 0.125692 0.002473
1 0.182682 0.331960 0.065468 0.102697 0.268941
1 0.008884 0.330222 0.017978 0.122472 0.002473
1 0.532602 0.361220 0.251158 0.283014 0.924142
1 0.534730 0.358628 0.253336 0.282810 0.939913
1 0.529578 0.358863 0.244675 0.282386 0.904651
1 0.532582 0.362919 0.251005 0.274476 0.924142
1 0.534240 0.359724 0.254374 0.270372 0.924142
1 0.532093 0.362482 0.245648 0.275409 0.904651
1 0.531734 0.362730 0.255058 0.276244 0.777300
1 0.530810 0.359895 0.252595 0.267637 0.904651
1 0.533896 0.361893 0.251716 0.271619 0.904651
1 0.531779 0.361076 0.246272 0.268792 0.880797
2 0.379665 0.296473 0.016926 0.032524 0.006693
2 0.381278 0.306888 0.012615 0.020895 0.017986
3 0.088313 0.257048 0.111277 0.123099 0.002473
3 0.379665 0.296473 0.016926 0.032524 0.002473
3 0.008690 0.317512 0.017603 0.105576 0.002473
3 0.381278 0.306888 0.012615 0.020895 0.006693
3 0.398502 0.312439 0.016243 0.031940 0.006693
3 0.008774 0.327462 0.018206 0.127960 0.017986
3 0.398951 0.312542 0.017142 0.031976 0.006693
3 0.007860 0.327492 0.021842 0.127156 0.006693
3 0.010136 0.330358 0.020375 0.130141 0.002473
3 0.008882 0.327811 0.017987 0.125692 0.002473
3 0.009683 0.327088 0.019388 0.126734 0.002473
3 0.008884 0.330222 0.017978 0.122472 0.002473
4 0.298773 0.322418 0.016785 0.045666 0.002473
4 0.301236 0.319783 0.016797 0.046703 0.002473
4 0.298772 0.323530 0.016784 0.041683 0.006693
4 0.301236 0.323348 0.016785 0.039587 0.017986
4 0.298321 0.323413 0.015882 0.042661 0.017986
4 0.301044 0.324160 0.017151 0.041169 0.002473
5 0.298773 0.322418 0.016785 0.045666 0.017986
5 0.301236 0.319783 0.016797 0.046703 0.047426
5 0.298772 0.323530 0.016784 0.041683 0.047426
5 0.301236 0.323348 0.016785 0.039587 0.268941
5 0.298321 0.323413 0.015882 0.042661 0.006693
5 0.301044 0.324160 0.017151 0.041169 0.002473
