0 0.629086 0.319449 0.016994 0.096365 0.002473
0 0.664674 0.338391 0.015108 0.083879 0.006693
0 0.665635 0.337706 0.013225 0.082320 0.002473
0 0.661300 0.336297 0.017119 0.074413 0.002473
0 0.665200 0.335984 0.014092 0.078911 0.047426
0 0.663324 0.338510 0.018305 0.083703 0.017986
1 0.409267 0.315885 0.043928 0.066421 0.002473
1 0.412466 0.321414 0.037644 0.076138 0.002473
1 0.415684 0.323093 0.033121 0.081824 0.002473
1 0.419037 0.326212 0.031324 0.088270 0.006693
1 0.444743 0.322819 0.047921 0.074815 0.006693
1 0.515810 0.338178 0.087537 0.125053 0.880797
1 0.557824 0.313743 0.015783 0.028532 0.002473
1 0.589331 0.335736 0.059596 0.078527 0.731059
1 0.589269 0.335734 0.059733 0.078530 0.500000
1 0.413017 0.322579 0.038826 0.078051 0.002473
1 0.424495 0.326569 0.054747 0.086582 0.017986
1 0.453644 0.335481 0.032816 0.048338 0.047426
1 0.453985 0.328906 0.032082 0.032953 0.047426
1 0.455591 0.330484 0.029343 0.036524 0.017986
1 0.515866 0.338171 0.087520 0.125034 0.731059
1 0.515843 0.338165 0.087513 0.125047 0.500000
1 0.515820 0.335754 0.087562 0.129834 0.731059
1 0.556281 0.321178 0.012717 0.048173 0.002473
1 0.589215 0.335741 0.059355 0.078524 0.731059
1 0.589426 0.337308 0.059675 0.075409 0.500000
1 0.589334 0.339716 0.059573 0.080231 0.500000
1 0.415143 0.327085 0.044281 0.081956 0.006693
1 0.425107 0.332840 0.058671 0.083531 0.017986
1 0.453511 0.342198 0.032608 0.060009 0.017986
1 0.456316 0.336807 0.031473 0.039099 0.047426
1 0.456956 0.333788 0.030410 0.042768 0.017986
1 0.517295 0.338190 0.090414 0.125009 0.731059
1 0.515856 0.335777 0.087501 0.129822 0.500000
1 0.515844 0.338185 0.087513 0.125003 0.500000
1 0.589144 0.335745 0.059213 0.078518 0.731059
1 0.589354 0.335744 0.059531 0.078514 0.500000
1 0.589333 0.338168 0.059573 0.083304 0.500000
1 0.426429 0.338077 0.051374 0.088926 0.002473
1 0.448558 0.348789 0.028218 0.069071 0.006693
1 0.452177 0.346894 0.029454 0.067836 0.017986
1 0.456804 0.344714 0.031039 0.053943 0.002473
1 0.515831 0.335744 0.087494 0.120252 0.500000
1 0.517287 0.335732 0.090398 0.129856 0.500000
1 0.515829 0.338157 0.087580 0.125070 0.731059
1 0.589331 0.335795 0.059577 0.078423 0.500000
1 0.589219 0.338170 0.059348 0.083303 0.500000
1 0.590551 0.338206 0.056402 0.083247 0.002473
1 0.447124 0.353343 0.020476 0.069257 0.002473
1 0.450412 0.359554 0.026912 0.063228 0.006693
1 0.987841 0.487495 0.024412 0.362774 0.002473
1 0.983191 0.498380 0.033615 0.363453 0.006693
