0 0.076651 0.299889 0.012350 0.099243 0.002473
0 0.417213 0.319300 0.015635 0.087498 0.047426
0 0.570507 0.299782 0.029292 0.048822 0.002473
0 0.766376 0.288488 0.024152 0.050204 0.006693
0 0.418751 0.321696 0.012519 0.081031 0.119203
0 0.683679 0.317738 0.024312 0.062610 0.002473
0 0.764155 0.297067 0.028474 0.066616 0.002473
0 0.771933 0.290455 0.032364 0.089970 0.002473
0 0.418762 0.324088 0.012531 0.076303 0.268941
0 0.680333 0.320673 0.023292 0.057306 0.002473
0 0.691186 0.320299 0.020264 0.067600 0.002473
0 0.765707 0.305596 0.031483 0.084345 0.006693
0 0.418753 0.324280 0.012514 0.076409 0.268941
0 0.418730 0.326606 0.012595 0.081050 0.268941
0 0.006338 0.404400 0.012757 0.195777 0.006693
0 0.006341 0.403481 0.012763 0.199481 0.006693
0 0.003401 0.402598 0.012694 0.200305 0.047426
0 0.004930 0.409055 0.010110 0.194591 0.006693
0 0.004923 0.405649 0.010096 0.209198 0.017986
0 0.004850 0.406688 0.009790 0.215568 0.017986
0 0.011613 0.404671 0.023303 0.245870 0.002473
0 0.004807 0.409098 0.009864 0.260599 0.002473
1 0.593254 0.295746 0.062052 0.031204 0.002473
1 0.611230 0.288261 0.059216 0.019959 0.006693
1 0.515628 0.322838 0.062068 0.052941 0.017986
1 0.515832 0.318920 0.062434 0.054616 0.500000
1 0.515831 0.321339 0.062486 0.049777 0.500000
1 0.515729 0.322885 0.062362 0.052858 0.268941
1 0.571461 0.314991 0.037760 0.057311 0.002473
1 0.587188 0.309991 0.060127 0.047051 0.047426
1 0.588783 0.308600 0.061328 0.049873 0.119203
1 0.588141 0.308311 0.058242 0.049296 0.047426
1 0.589239 0.308662 0.061729 0.050019 0.119203
1 0.598621 0.308658 0.067348 0.051049 0.047426
1 0.039572 0.340855 0.079330 0.068510 0.002473
1 0.040257 0.341144 0.080301 0.058091 0.002473
1 0.431423 0.328121 0.019111 0.031295 0.047426
1 0.437415 0.331246 0.025612 0.028140 0.002473
1 0.471921 0.325259 0.013110 0.025800 0.017986
1 0.514837 0.320497 0.060473 0.057701 0.880797
1 0.515762 0.320496 0.062311 0.057703 0.500000
1 0.515843 0.322919 0.062509 0.052856 0.500000
1 0.515798 0.320511 0.062504 0.057658 0.500000
1 0.515870 0.322954 0.062617 0.052744 0.002473
1 0.586184 0.311074 0.058284 0.054964 0.047426
1 0.589298 0.308626 0.062348 0.050070 0.047426
1 0.590368 0.308908 0.062728 0.050455 0.017986
1 0.593004 0.311538 0.067828 0.055727 0.017986
1 0.599061 0.315800 0.075308 0.060686 0.006693
1 0.040522 0.341395 0.081613 0.057622 0.002473
1 0.040025 0.343697 0.081872 0.062574 0.002473
1 0.432395 0.331831 0.017299 0.028897 0.119203
1 0.437049 0.330970 0.026335 0.027638 0.002473
1 0.517223 0.322963 0.059447 0.052789 0.731059
1 0.514884 0.322947 0.060578 0.052816 0.731059
1 0.514807 0.320540 0.060744 0.057631 0.500000
1 0.580162 0.321403 0.053265 0.070765 0.002473
1 0.585384 0.319883 0.059567 0.073002 0.006693
1 0.589841 0.321544 0.063823 0.077595 0.006693
2 0.415063 0.313458 0.020731 0.100371 0.002473
2 0.011574 0.344203 0.023225 0.106708 0.006693
2 0.039572 0.340855 0.079330 0.068510 0.002473
2 0.431423 0.328121 0.019111 0.031295 0.002473
2 0.471921 0.325259 0.013110 0.025800 0.002473
2 0.038114 0.347143 0.076218 0.056770 0.002473
2 0.039383 0.343899 0.073610 0.062281 0.006693
2 0.040522 0.341395 0.081613 0.057622 0.002473
3 0.409711 0.297051 0.033578 0.109290 0.002473
3 0.415063 0.313458 0.020731 0.100371 0.006693
3 0.417213 0.319300 0.015635 0.087498 0.002473
3 0.436608 0.306216 0.037158 0.068942 0.002473
3 0.431423 0.328121 0.019111 0.031295 0.017986
3 0.471921 0.325259 0.013110 0.025800 0.002473
3 0.432395 0.331831 0.017299 0.028897 0.017986
3 0.292952 0.296232 0.241330 0.308395 0.010987
3 0.293678 0.296946 0.240767 0.307223 0.004070
3 0.292868 0.311987 0.239807 0.276831 0.562177
3 0.293433 0.321492 0.240545 0.263163 0.731059
3 0.294291 0.322493 0.238624 0.256370 0.777300
3 0.294036 0.324406 0.237991 0.257576 0.500000
3 0.295480 0.320628 0.235224 0.264784 0.731059
3 0.294227 0.326420 0.238516 0.258339 0.777300
3 0.295407 0.324139 0.237588 0.248921 0.817575
3 0.295929 0.325224 0.234997 0.251438 0.880797
3 0.293890 0.330257 0.238096 0.241350 0.817575
3 0.295771 0.332217 0.235305 0.237090 0.817575
3 0.295864 0.331912 0.234639 0.237865 0.003173
4 0.003401 0.402598 0.012694 0.200305 0.002473
4 0.004930 0.409055 0.010110 0.194591 0.002473
5 0.003401 0.402598 0.012694 0.200305 0.002473
