0 0.008419 0.261039 0.016915 0.219609 0.002473
0 0.007965 0.277063 0.016008 0.239632 0.047426
0 0.007963 0.289195 0.016010 0.249916 0.017986
0 0.006481 0.294588 0.013048 0.259539 0.119203
0 0.007992 0.312385 0.016042 0.273860 0.119203
0 0.308847 0.293055 0.018073 0.059209 0.002473
0 0.315129 0.294178 0.013999 0.057213 0.002473
0 0.008015 0.330675 0.021886 0.272569 0.047426
0 0.015637 0.321403 0.036521 0.221885 0.002473
0 0.131054 0.316617 0.013027 0.067976 0.006693
0 0.234627 0.320901 0.019623 0.066073 0.017986
0 0.305777 0.299150 0.022252 0.066477 0.002473
0 0.312765 0.302241 0.018931 0.061043 0.002473
0 0.518733 0.317341 0.012706 0.041816 0.002473
0 0.989605 0.358684 0.020848 0.207468 0.002473
0 0.008009 0.339589 0.021912 0.282921 0.047426
0 0.131059 0.321496 0.013039 0.077714 0.017986
0 0.234148 0.325435 0.019237 0.057374 0.017986
0 0.485121 0.320344 0.010733 0.026119 0.002473
0 0.517292 0.316943 0.009673 0.032827 0.002473
0 0.578009 0.327571 0.013305 0.062710 0.002473
0 0.598720 0.329565 0.016936 0.059349 0.006693
0 0.623117 0.328479 0.015552 0.062474 0.002473
0 0.670290 0.337286 0.015630 0.061196 0.002473
0 0.694949 0.343382 0.020879 0.073553 0.002473
0 0.986578 0.358231 0.026864 0.176493 0.006693
0 0.988066 0.369474 0.023925 0.237604 0.002473
0 0.010434 0.355073 0.021014 0.311173 0.047426
0 0.131409 0.322930 0.013189 0.083928 0.006693
0 0.234156 0.320500 0.019267 0.057801 0.006693
0 0.237067 0.322501 0.024909 0.063730 0.002473
0 0.489198 0.325450 0.010329 0.049244 0.002473
0 0.988393 0.372517 0.029013 0.231795 0.002473
0 0.987699 0.376167 0.024659 0.284656 0.017986
0 0.010804 0.358820 0.022055 0.327246 0.047426
0 0.012815 0.339157 0.025573 0.258958 0.002473
0 0.233727 0.334552 0.018508 0.099582 0.002473
0 0.385785 0.325851 0.028641 0.088860 0.002473
0 0.389507 0.327471 0.023498 0.085614 0.006693
0 0.990063 0.383529 0.025673 0.282640 0.006693
0 0.987724 0.383005 0.024718 0.325843 0.017986
0 0.012427 0.376028 0.025375 0.404558 0.017986
0 0.012593 0.381068 0.025287 0.390072 0.006693
0 0.987167 0.377755 0.025721 0.323627 0.017986
0 0.988072 0.381830 0.023951 0.345918 0.017986
0 0.013942 0.387150 0.028355 0.436679 0.006693
0 0.014068 0.387743 0.028156 0.402570 0.017986
0 0.986798 0.395947 0.026424 0.336667 0.017986
0 0.988070 0.397268 0.023938 0.364665 0.047426
0 0.013696 0.406410 0.033413 0.477368 0.002473
0 0.016636 0.403595 0.027527 0.454214 0.002473
0 0.986658 0.406295 0.032482 0.385789 0.017986
0 0.987650 0.419407 0.024787 0.417529 0.047426
0 0.985216 0.438818 0.029574 0.444309 0.017986
0 0.989519 0.431925 0.021046 0.449758 0.047426
0 0.985772 0.424531 0.034241 0.460452 0.006693
0 0.988068 0.421227 0.018143 0.459597 0.017986
0 0.984278 0.439403 0.031452 0.453345 0.002473
0 0.988796 0.435168 0.016686 0.470885 0.006693
1 0.165115 0.266205 0.107371 0.125480 0.002473
1 0.166066 0.270131 0.107495 0.133397 0.006693
1 0.163303 0.270306 0.110901 0.133793 0.006693
1 0.165475 0.274437 0.108527 0.142080 0.002473
1 0.165482 0.276025 0.107031 0.145658 0.006693
1 0.255744 0.287604 0.070628 0.091940 0.006693
1 0.258695 0.287575 0.068327 0.091330 0.047426
1 0.258705 0.287450 0.068278 0.091615 0.017986
1 0.257129 0.287532 0.070726 0.091333 0.119203
1 0.258756 0.280939 0.067510 0.078619 0.002473
1 0.164148 0.273949 0.105533 0.139721 0.006693
1 0.164833 0.273225 0.114100 0.140371 0.002473
1 0.164861 0.275037 0.113859 0.144590 0.002473
1 0.165734 0.276553 0.108902 0.145161 0.002473
1 0.258005 0.294381 0.067018 0.104426 0.006693
1 0.257857 0.288273 0.071868 0.092691 0.119203
1 0.258723 0.287696 0.068296 0.091442 0.047426
1 0.258176 0.287660 0.068623 0.091517 0.047426
1 0.259050 0.289921 0.069500 0.096596 0.047426
1 0.165547 0.278498 0.116571 0.137260 0.002473
1 0.257647 0.295167 0.072209 0.100100 0.119203
1 0.258790 0.293473 0.070040 0.097153 0.017986
1 0.259273 0.291895 0.069102 0.100315 0.047426
1 0.264975 0.296500 0.064218 0.091546 0.002473
1 0.383193 0.325358 0.044448 0.077295 0.002473
1 0.386856 0.325666 0.037048 0.083977 0.002473
1 0.390569 0.324017 0.031504 0.080680 0.002473
1 0.518733 0.317341 0.012706 0.041816 0.002473
1 0.265636 0.314949 0.052489 0.060661 0.047426
1 0.266711 0.322132 0.050499 0.046294 0.017986
1 0.270593 0.315602 0.058101 0.059451 0.002473
1 0.378467 0.325571 0.053832 0.083970 0.002473
1 0.388418 0.324168 0.035820 0.083982 0.002473
1 0.391778 0.324152 0.029087 0.080970 0.002473
1 0.502138 0.318946 0.011211 0.012937 0.006693
1 0.517292 0.316943 0.009673 0.032827 0.006693
1 0.559545 0.325279 0.031723 0.046828 0.006693
1 0.561980 0.323530 0.034731 0.047381 0.006693
1 0.263431 0.324953 0.048093 0.048978 0.017986
1 0.266414 0.320132 0.051679 0.058963 0.002473
1 0.378231 0.330547 0.050439 0.089070 0.002473
1 0.388905 0.328083 0.034893 0.092432 0.002473
1 0.390872 0.325610 0.032648 0.084488 0.002473
1 0.393699 0.321690 0.032092 0.076577 0.002473
1 0.789093 0.354075 0.040929 0.041893 0.006693
1 0.789162 0.353978 0.039109 0.041600 0.002473
1 0.805661 0.356168 0.041152 0.037569 0.006693
1 0.815203 0.357668 0.034767 0.034845 0.002473
1 0.826146 0.349660 0.054342 0.050800 0.002473
1 0.010804 0.358820 0.022055 0.327246 0.002473
1 0.787075 0.354082 0.038896 0.042112 0.002473
1 0.789220 0.354045 0.038969 0.042011 0.002473
1 0.810950 0.361998 0.028172 0.026103 0.047426
1 0.811068 0.360442 0.028000 0.029200 0.119203
1 0.823095 0.358813 0.051979 0.032692 0.017986
1 0.990063 0.383529 0.025673 0.282640 0.006693
1 0.012427 0.376028 0.025375 0.404558 0.006693
1 0.809414 0.363961 0.026317 0.048975 0.002473
1 0.811389 0.367573 0.028510 0.048339 0.002473
1 0.987167 0.377755 0.025721 0.323627 0.002473
1 0.013942 0.387150 0.028355 0.436679 0.006693
1 0.013696 0.406410 0.033413 0.477368 0.017986
1 0.016636 0.403595 0.027527 0.454214 0.017986
1 0.986658 0.406295 0.032482 0.385789 0.006693
1 0.015597 0.426048 0.031358 0.479099 0.047426
1 0.016117 0.426050 0.032161 0.479095 0.017986
1 0.985216 0.438818 0.029574 0.444309 0.002473
1 0.014357 0.431548 0.034574 0.459776 0.119203
1 0.015823 0.428377 0.031623 0.452533 0.047426
1 0.985772 0.424531 0.034241 0.460452 0.002473
1 0.015624 0.449458 0.031302 0.402069 0.119203
1 0.015637 0.452415 0.031249 0.397748 0.119203
1 0.015620 0.457703 0.031293 0.370317 0.119203
1 0.015636 0.469778 0.031248 0.355518 0.119203
1 0.015607 0.452853 0.031366 0.381216 0.119203
1 0.015635 0.461438 0.031277 0.354132 0.119203
1 0.015158 0.469626 0.030477 0.349672 0.119203
1 0.015182 0.467737 0.030386 0.329433 0.268941
1 0.013988 0.477131 0.028707 0.338432 0.047426
1 0.015657 0.469358 0.031391 0.326805 0.006693
1 0.014647 0.495804 0.024683 0.336920 0.006693
2 0.486797 0.314026 0.014134 0.029098 0.002473
2 0.016636 0.403595 0.027527 0.454214 0.002473
2 0.016117 0.426050 0.032161 0.479095 0.002473
2 0.015823 0.428377 0.031623 0.452533 0.002473
3 0.007965 0.277063 0.016008 0.239632 0.002473
3 0.165115 0.266205 0.107371 0.125480 0.006693
3 0.163303 0.270306 0.110901 0.133793 0.017986
3 0.164359 0.273627 0.112862 0.140461 0.006693
3 0.165475 0.274437 0.108527 0.142080 0.006693
3 0.165482 0.276025 0.107031 0.145658 0.002473
3 0.802514 0.301184 0.098733 0.143125 0.002473
3 0.806216 0.303151 0.092827 0.128971 0.006693
3 0.810266 0.303755 0.091477 0.117633 0.002473
3 0.037987 0.309149 0.036191 0.136005 0.002473
3 0.040241 0.309737 0.031604 0.136496 0.002473
3 0.083223 0.304605 0.067409 0.129997 0.002473
3 0.164148 0.273949 0.105533 0.139721 0.006693
3 0.164833 0.273225 0.114100 0.140371 0.006693
3 0.164861 0.275037 0.113859 0.144590 0.002473
3 0.165734 0.276553 0.108902 0.145161 0.002473
3 0.798380 0.308093 0.101192 0.137658 0.006693
3 0.806882 0.307328 0.094828 0.135935 0.017986
3 0.808219 0.307219 0.086285 0.135537 0.006693
3 0.809970 0.307962 0.089584 0.131621 0.006693
3 0.257647 0.295167 0.072209 0.100100 0.002473
3 0.383193 0.325358 0.044448 0.077295 0.006693
3 0.386856 0.325666 0.037048 0.083977 0.017986
3 0.390569 0.324017 0.031504 0.080680 0.006693
3 0.393694 0.322182 0.038063 0.077214 0.002473
3 0.807734 0.306799 0.088837 0.136677 0.006693
3 0.807903 0.308046 0.086053 0.131497 0.002473
3 0.809883 0.307919 0.089774 0.131218 0.006693
3 0.378467 0.325571 0.053832 0.083970 0.002473
3 0.388418 0.324168 0.035820 0.083982 0.006693
3 0.391778 0.324152 0.029087 0.080970 0.006693
3 0.393393 0.321018 0.032702 0.077701 0.002473
3 0.517292 0.316943 0.009673 0.032827 0.006693
3 0.806537 0.314022 0.079966 0.122151 0.017986
3 0.388905 0.328083 0.034893 0.092432 0.017986
3 0.390872 0.325610 0.032648 0.084488 0.006693
3 0.393699 0.321690 0.032092 0.076577 0.002473
3 0.811068 0.360442 0.028000 0.029200 0.002473
3 0.013942 0.387150 0.028355 0.436679 0.002473
3 0.013696 0.406410 0.033413 0.477368 0.006693
3 0.016636 0.403595 0.027527 0.454214 0.002473
3 0.015597 0.426048 0.031358 0.479099 0.006693
3 0.016117 0.426050 0.032161 0.479095 0.002473
3 0.014357 0.431548 0.034574 0.459776 0.006693
3 0.015823 0.428377 0.031623 0.452533 0.002473
3 0.015624 0.449458 0.031302 0.402069 0.002473
4 0.234627 0.320901 0.019623 0.066073 0.002473
4 0.299563 0.365512 0.065425 0.175703 0.002473
4 0.288293 0.364612 0.085806 0.165035 0.002473
4 0.305048 0.363739 0.058294 0.179206 0.006693
4 0.307999 0.366641 0.052444 0.173169 0.006693
4 0.351000 0.345415 0.029466 0.102005 0.002473
4 0.302508 0.360588 0.063361 0.178966 0.002473
4 0.308154 0.365229 0.052135 0.175926 0.006693
4 0.247330 0.390646 0.063518 0.236387 0.006693
4 0.249551 0.390193 0.063543 0.239973 0.006693
4 0.252002 0.388621 0.060854 0.235313 0.017986
4 0.299222 0.364329 0.069790 0.178007 0.006693
4 0.307252 0.365535 0.053943 0.169107 0.002473
4 0.242277 0.392211 0.068654 0.222687 0.002473
4 0.250513 0.393204 0.061546 0.230836 0.017986
4 0.252794 0.391456 0.058763 0.237626 0.017986
4 0.253577 0.388763 0.057292 0.246395 0.017986
4 0.256096 0.387890 0.052331 0.254495 0.047426
4 0.249024 0.395151 0.058869 0.230506 0.017986
4 0.254629 0.395778 0.055066 0.229267 0.006693
4 0.254980 0.394790 0.053337 0.231242 0.006693
4 0.256438 0.386737 0.052218 0.244375 0.006693
4 0.269831 0.388848 0.077176 0.234908 0.002473
4 0.254413 0.398120 0.053726 0.224654 0.006693
4 0.256254 0.398846 0.051941 0.226199 0.006693
5 0.234627 0.320901 0.019623 0.066073 0.002473
5 0.299563 0.365512 0.065425 0.175703 0.268941
5 0.305048 0.363739 0.058294 0.179206 0.500000
5 0.306229 0.366721 0.055969 0.172999 0.268941
5 0.307999 0.366641 0.052444 0.173169 0.268941
5 0.302508 0.360588 0.063361 0.178966 0.268941
5 0.306481 0.363896 0.055455 0.178589 0.268941
5 0.308154 0.365229 0.052135 0.175926 0.268941
5 0.299222 0.364329 0.069790 0.178007 0.268941
5 0.307155 0.367076 0.054115 0.172295 0.268941
5 0.307252 0.365535 0.053943 0.169107 0.268941
5 0.256096 0.387890 0.052331 0.254495 0.002473
5 0.304939 0.367366 0.054666 0.172117 0.017986
5 0.986658 0.406295 0.032482 0.385789 0.002473
5 0.985216 0.438818 0.029574 0.444309 0.002473
5 0.985772 0.424531 0.034241 0.460452 0.002473
