0 0.468748 0.326889 0.012524 0.054608 0.119203
0 0.583710 0.313814 0.017550 0.048521 0.002473
0 0.470194 0.324631 0.009639 0.049483 0.268941
0 0.582889 0.317644 0.016135 0.041791 0.006693
0 0.468751 0.324657 0.012508 0.049409 0.500000
0 0.993522 0.400093 0.013036 0.411678 0.002473
0 0.992205 0.405177 0.015619 0.388002 0.006693
0 0.992280 0.421070 0.015497 0.386956 0.002473
0 0.992270 0.439498 0.015488 0.365576 0.002473
1 0.213171 0.286517 0.098944 0.111451 0.002473
1 0.481163 0.320511 0.012702 0.016071 0.119203
1 0.537541 0.333218 0.019235 0.041759 0.002473
1 0.536278 0.330595 0.016825 0.037559 0.006693
1 0.828345 0.364586 0.062775 0.062405 0.002473
1 0.838830 0.362348 0.071462 0.066917 0.002473
1 0.894793 0.382080 0.027092 0.037059 0.002473
1 0.897574 0.378699 0.032588 0.034446 0.002473
1 0.908892 0.369262 0.049801 0.064969 0.002473
1 0.832290 0.364938 0.070847 0.052194 0.002473
1 0.835913 0.363028 0.072861 0.065663 0.002473
1 0.841684 0.373179 0.072327 0.045361 0.002473
1 0.893073 0.383532 0.026643 0.035021 0.006693
1 0.894759 0.380218 0.028831 0.031280 0.047426
1 0.897115 0.382639 0.031729 0.036165 0.047426
1 0.889502 0.418605 0.023419 0.117624 0.002473
1 0.910852 0.410427 0.065065 0.138971 0.006693
1 0.896329 0.416615 0.042729 0.136634 0.002473
1 0.909661 0.405396 0.068429 0.157930 0.002473
1 0.992270 0.439498 0.015488 0.365576 0.002473
1 0.992270 0.451827 0.015489 0.327327 0.006693
1 0.990831 0.460372 0.012608 0.325056 0.002473
3 0.101806 0.265546 0.111170 0.166426 0.002473
3 0.102954 0.273146 0.114644 0.183016 0.002473
3 0.104622 0.271276 0.115712 0.179588 0.002473
3 0.837245 0.302078 0.097699 0.177664 0.002473
3 0.521680 0.316561 0.012636 0.034042 0.002473
3 0.837851 0.306892 0.088122 0.180708 0.002473
3 0.838599 0.312061 0.086107 0.170234 0.002473
3 0.841507 0.314534 0.084093 0.163803 0.002473
3 0.842148 0.319899 0.085384 0.152710 0.006693
3 0.834269 0.347481 0.069551 0.086969 0.002473
4 0.220455 0.380857 0.098446 0.290169 0.002473
4 0.217479 0.376675 0.105476 0.289628 0.002473
4 0.219706 0.379078 0.104688 0.294224 0.002473
4 0.222862 0.382297 0.098161 0.287265 0.002473
4 0.910852 0.410427 0.065065 0.138971 0.002473
4 0.894379 0.420966 0.038696 0.127887 0.002473
4 0.896329 0.416615 0.042729 0.136634 0.002473
4 0.909661 0.405396 0.068429 0.157930 0.002473
4 0.894652 0.406939 0.039428 0.155162 0.002473
4 0.992270 0.439498 0.015488 0.365576 0.002473
5 0.207202 0.281597 0.098206 0.105113 0.002473
5 0.210044 0.285190 0.096363 0.111897 0.006693
5 0.210146 0.282489 0.098070 0.106713 0.002473
5 0.209759 0.298602 0.100673 0.100318 0.006693
5 0.211460 0.287476 0.102008 0.113470 0.002473
5 0.215519 0.316771 0.100246 0.154801 0.002473
5 0.218539 0.382054 0.102993 0.288659 0.002473
5 0.220455 0.380857 0.098446 0.290169 0.500000
5 0.217479 0.376675 0.105476 0.289628 0.268941
5 0.220727 0.382200 0.098629 0.287468 0.119203
5 0.222172 0.382278 0.095743 0.287087 0.268941
5 0.219706 0.379078 0.104688 0.294224 0.268941
5 0.221974 0.380134 0.096136 0.282763 0.268941
5 0.223684 0.380072 0.092963 0.282880 0.268941
5 0.222862 0.382297 0.098161 0.287265 0.268941
5 0.223747 0.380994 0.092652 0.289956 0.500000
5 0.224918 0.381164 0.090243 0.289617 0.268941
5 0.227497 0.382798 0.086239 0.286262 0.017986
5 0.992270 0.439498 0.015488 0.365576 0.002473
5 0.115546 0.520142 0.083268 0.237944 0.002473
5 0.114256 0.516153 0.086599 0.248163 0.002473
5 0.115436 0.518998 0.081707 0.239437 0.002473
5 0.160722 0.363394 0.216908 0.339329 0.001927
5 0.165225 0.364975 0.210383 0.334243 0.002473
