0 0.665592 0.300953 0.013136 0.050927 0.002473
0 0.488434 0.316415 0.018523 0.033888 0.002473
0 0.665143 0.302038 0.013972 0.044897 0.002473
0 0.467062 0.328747 0.016037 0.033141 0.006693
0 0.656252 0.306949 0.015132 0.043304 0.002473
0 0.665626 0.305682 0.019120 0.055577 0.002473
0 0.466598 0.326846 0.016886 0.038866 0.017986
1 0.466871 0.322336 0.017548 0.045558 0.002473
1 0.484172 0.314839 0.019204 0.036985 0.006693
1 0.464882 0.326298 0.020304 0.038037 0.002473
1 0.467062 0.328747 0.016037 0.033141 0.017986
1 0.486451 0.320478 0.017142 0.025721 0.268941
1 0.486217 0.320507 0.016276 0.025702 0.119203
1 0.507724 0.318095 0.009688 0.020862 0.268941
1 0.542074 0.325473 0.021691 0.037832 0.017986
1 0.540633 0.326798 0.018789 0.038902 0.017986
2 0.484172 0.314839 0.019204 0.036985 0.002473
2 0.540654 0.317496 0.018827 0.052537 0.002473
2 0.542074 0.325473 0.021691 0.037832 0.002473
3 0.484172 0.314839 0.019204 0.036985 0.006693
3 0.540654 0.317496 0.018827 0.052537 0.002473
3 0.486451 0.320478 0.017142 0.025721 0.006693
3 0.486217 0.320507 0.016276 0.025702 0.002473
3 0.507724 0.318095 0.009688 0.020862 0.002473
3 0.538871 0.324298 0.022063 0.039052 0.002473
3 0.542074 0.325473 0.021691 0.037832 0.017986
3 0.540633 0.326798 0.018789 0.038902 0.002473
4 0.464882 0.326298 0.020304 0.038037 0.002473
4 0.467062 0.328747 0.016037 0.033141 0.006693
4 0.462239 0.326999 0.018795 0.038559 0.006693
4 0.466598 0.326846 0.016886 0.038866 0.006693
4 0.540633 0.326798 0.018789 0.038902 0.002473
4 0.555703 0.330914 0.014040 0.038244 0.006693
5 0.466871 0.322336 0.017548 0.045558 0.002473
5 0.464882 0.326298 0.020304 0.038037 0.006693
5 0.467062 0.328747 0.016037 0.033141 0.047426
5 0.538871 0.324298 0.022063 0.039052 0.002473
5 0.542074 0.325473 0.021691 0.037832 0.002473
5 0.462239 0.326999 0.018795 0.038559 0.002473
5 0.466598 0.326846 0.016886 0.038866 0.006693
5 0.537525 0.328207 0.025126 0.036336 0.002473
5 0.540633 0.326798 0.018789 0.038902 0.006693
