0 0.706286 0.290892 0.013498 0.082075 0.002473
0 0.722236 0.284616 0.019858 0.069291 0.017986
0 0.723550 0.286347 0.022391 0.063329 0.047426
0 0.699286 0.293098 0.014178 0.059271 0.002473
0 0.706171 0.296438 0.019255 0.082071 0.006693
0 0.722806 0.285847 0.023229 0.071692 0.047426
0 0.723335 0.284076 0.022648 0.058473 0.017986
0 0.552779 0.314758 0.015265 0.036649 0.002473
0 0.662261 0.307421 0.018912 0.033421 0.002473
0 0.667811 0.304485 0.021341 0.037519 0.006693
0 0.674708 0.299779 0.016417 0.046944 0.006693
0 0.699363 0.301401 0.014253 0.061728 0.006693
0 0.712660 0.296942 0.032256 0.090311 0.006693
0 0.721275 0.288541 0.026293 0.076971 0.119203
0 0.721838 0.282586 0.025645 0.065045 0.017986
0 0.702322 0.310004 0.020184 0.058798 0.006693
0 0.712898 0.299829 0.032733 0.084798 0.006693
0 0.717171 0.293364 0.033825 0.086602 0.006693
0 0.722797 0.294695 0.029629 0.088205 0.006693
0 0.713992 0.309664 0.035030 0.104475 0.002473
0 0.718605 0.305712 0.037375 0.112375 0.006693
0 0.721970 0.302928 0.032309 0.104809 0.006693
0 0.712459 0.313129 0.031953 0.114958 0.002473
1 0.509170 0.324462 0.081580 0.091358 0.731059
1 0.507219 0.322916 0.079760 0.088267 0.731059
1 0.508739 0.324461 0.082524 0.091362 0.731059
1 0.545244 0.311476 0.009981 0.056360 0.002473
1 0.552779 0.314758 0.015265 0.036649 0.006693
1 0.567741 0.314051 0.020473 0.028912 0.119203
1 0.582682 0.312018 0.009807 0.024924 0.002473
1 0.598614 0.310215 0.012754 0.021248 0.006693
1 0.507669 0.323664 0.078857 0.086773 0.731059
1 0.507215 0.325208 0.079747 0.089862 0.731059
1 0.507224 0.321369 0.079765 0.091361 0.500000
1 0.546659 0.315266 0.012675 0.051072 0.047426
1 0.553712 0.316621 0.013373 0.033460 0.002473
1 0.567716 0.314992 0.020406 0.027059 0.268941
1 0.596660 0.314214 0.012629 0.019595 0.006693
1 0.606503 0.332410 0.013066 0.061063 0.002473
1 0.615748 0.333972 0.025603 0.061229 0.002473
1 0.506348 0.321409 0.077737 0.091283 0.500000
1 0.507664 0.322915 0.078849 0.094451 0.500000
1 0.507674 0.324493 0.078866 0.091357 0.500000
1 0.610907 0.331625 0.016086 0.065961 0.006693
1 0.616282 0.337513 0.026405 0.054182 0.006693
1 0.634350 0.359997 0.029473 0.074332 0.047426
1 0.635349 0.363875 0.030382 0.080742 0.017986
1 0.646761 0.360613 0.049923 0.080790 0.002473
1 0.661908 0.338249 0.026702 0.048141 0.002473
1 0.506320 0.322942 0.077690 0.088256 0.731059
1 0.610860 0.338173 0.015988 0.057834 0.006693
1 0.636429 0.363485 0.032853 0.082327 0.017986
1 0.638413 0.364493 0.033005 0.080522 0.006693
1 0.636782 0.362491 0.033589 0.086337 0.047426
1 0.638407 0.362781 0.033016 0.083983 0.047426
1 0.645561 0.362966 0.048079 0.086637 0.006693
1 0.803152 0.440662 0.018830 0.027280 0.002473
1 0.138661 0.386950 0.275347 0.617968 0.904651
1 0.142687 0.392082 0.273802 0.626368 0.904651
1 0.141747 0.393798 0.282876 0.612840 0.851953
1 0.141843 0.391236 0.278532 0.627209 0.924142
1 0.139634 0.386653 0.267584 0.620672 0.904651
1 0.143050 0.382262 0.281705 0.615291 0.880797
1 0.139074 0.392527 0.272022 0.608879 0.851953
1 0.140198 0.392381 0.281153 0.616401 0.924142
1 0.138094 0.394565 0.273122 0.603012 0.904651
1 0.142275 0.400431 0.280939 0.605839 0.851953
3 0.567716 0.314992 0.020406 0.027059 0.002473
4 0.638407 0.362781 0.033016 0.083983 0.002473
5 0.604785 0.322880 0.009942 0.053122 0.002473
5 0.606503 0.332410 0.013066 0.061063 0.006693
5 0.610907 0.331625 0.016086 0.065961 0.002473
