0 0.376892 0.258460 0.022185 0.049232 0.002473
0 0.423908 0.283575 0.017267 0.058983 0.006693
0 0.425334 0.286304 0.015113 0.063297 0.017986
0 0.697381 0.292640 0.014224 0.075916 0.006693
0 0.706697 0.307266 0.024116 0.114684 0.047426
0 0.708610 0.305916 0.023305 0.102472 0.017986
0 0.372860 0.265780 0.050910 0.052199 0.002473
0 0.422433 0.288720 0.020216 0.057309 0.006693
0 0.427183 0.289608 0.015088 0.055534 0.017986
0 0.557703 0.320041 0.015545 0.089052 0.017986
0 0.671230 0.296946 0.017510 0.052473 0.119203
0 0.676713 0.294174 0.016055 0.057117 0.002473
0 0.699340 0.306544 0.017999 0.102280 0.017986
0 0.706689 0.314839 0.025950 0.120087 0.500000
0 0.708394 0.309649 0.023736 0.119350 0.119203
0 0.426459 0.291196 0.022729 0.053366 0.006693
0 0.428359 0.292168 0.019240 0.052566 0.017986
0 0.437278 0.311858 0.019761 0.054277 0.002473
0 0.549594 0.317382 0.014727 0.069411 0.002473
0 0.554805 0.324144 0.015447 0.076633 0.268941
0 0.607898 0.322799 0.010250 0.063153 0.002473
0 0.670215 0.299043 0.015780 0.055594 0.017986
0 0.672864 0.299773 0.019879 0.068751 0.002473
0 0.703105 0.310937 0.025479 0.110718 0.017986
0 0.706693 0.314901 0.025944 0.120142 0.731059
0 0.707957 0.310122 0.024588 0.120207 0.047426
0 0.545311 0.325633 0.010673 0.066162 0.002473
0 0.557698 0.324801 0.015453 0.076586 0.119203
0 0.568737 0.316048 0.006783 0.025042 0.002473
0 0.668926 0.309432 0.019101 0.071809 0.017986
0 0.672730 0.305670 0.020639 0.077927 0.002473
0 0.704151 0.314848 0.027572 0.119702 0.047426
0 0.706430 0.310032 0.025383 0.120201 0.268941
0 0.706544 0.312347 0.025611 0.124698 0.119203
0 0.557686 0.324290 0.015429 0.076385 0.500000
0 0.667616 0.330553 0.024829 0.065016 0.006693
0 0.704571 0.312538 0.028410 0.125089 0.119203
0 0.706699 0.312440 0.025922 0.125043 0.268941
0 0.706541 0.309986 0.025629 0.120371 0.047426
0 0.556173 0.326019 0.012712 0.082127 0.047426
0 0.703905 0.312986 0.027189 0.124364 0.017986
0 0.706702 0.314967 0.025926 0.120177 0.268941
0 0.707002 0.310159 0.024707 0.120247 0.119203
1 0.506225 0.322894 0.081647 0.088246 0.731059
1 0.505314 0.324470 0.079806 0.091399 0.731059
1 0.506255 0.324456 0.081723 0.091372 0.731059
1 0.596658 0.312023 0.012636 0.020636 0.002473
1 0.607898 0.322799 0.010250 0.063153 0.002473
1 0.617798 0.329468 0.029785 0.077362 0.006693
1 0.506221 0.324475 0.081655 0.091391 0.500000
1 0.506252 0.322900 0.081674 0.094479 0.731059
1 0.506252 0.322916 0.081710 0.088268 0.500000
1 0.545311 0.325633 0.010673 0.066162 0.002473
1 0.595203 0.314093 0.015543 0.022805 0.006693
1 0.615937 0.330611 0.026080 0.068226 0.006693
1 0.505279 0.321371 0.079772 0.091360 0.268941
1 0.506243 0.322916 0.081692 0.088266 0.500000
1 0.506259 0.322932 0.081695 0.088235 0.731059
1 0.609482 0.328343 0.019047 0.072607 0.006693
1 0.613296 0.332274 0.026529 0.067829 0.006693
1 0.637110 0.359170 0.034273 0.083580 0.047426
1 0.638409 0.361744 0.033013 0.078060 0.006693
1 0.506249 0.324451 0.081581 0.091486 0.500000
1 0.611865 0.329534 0.018089 0.075196 0.006693
1 0.637764 0.360730 0.037313 0.086833 0.006693
1 0.639331 0.361385 0.038627 0.085036 0.006693
1 0.637991 0.358118 0.036917 0.091612 0.047426
1 0.639522 0.358829 0.035940 0.090167 0.006693
1 0.645326 0.358479 0.047664 0.092599 0.006693
1 0.220820 0.426433 0.464501 0.702813 0.075858
1 0.236051 0.446001 0.454144 0.720349 0.777300
1 0.216651 0.446800 0.477365 0.734909 0.851953
1 0.223037 0.432414 0.472666 0.707227 0.817575
1 0.235241 0.453807 0.455583 0.710529 0.817575
1 0.221951 0.453037 0.459245 0.713266 0.851953
1 0.227154 0.454100 0.463319 0.686537 0.817575
1 0.229808 0.461769 0.459610 0.697112 0.001927
1 0.231197 0.445240 0.452296 0.734640 0.817575
1 0.223685 0.443555 0.446655 0.747337 0.817575
1 0.229510 0.454464 0.451059 0.718727 0.817575
2 0.595203 0.314093 0.015543 0.022805 0.002473
4 0.637110 0.359170 0.034273 0.083580 0.002473
4 0.637764 0.360730 0.037313 0.086833 0.002473
4 0.639331 0.361385 0.038627 0.085036 0.002473
4 0.637991 0.358118 0.036917 0.091612 0.002473
4 0.639522 0.358829 0.035940 0.090167 0.002473
4 0.645326 0.358479 0.047664 0.092599 0.002473
5 0.607898 0.322799 0.010250 0.063153 0.006693
5 0.617798 0.329468 0.029785 0.077362 0.006693
5 0.606509 0.330087 0.013076 0.066039 0.006693
5 0.609482 0.328343 0.019047 0.072607 0.006693
