0 0.006238 0.265036 0.006795 0.054360 0.002473
0 0.687397 0.277562 0.015290 0.045580 0.006693
0 0.688734 0.274535 0.016790 0.039462 0.047426
0 0.712209 0.279534 0.014914 0.049616 0.006693
0 0.713529 0.277387 0.017391 0.045239 0.017986
0 0.732729 0.272593 0.015478 0.045225 0.017986
0 0.736574 0.274885 0.017389 0.040413 0.002473
0 0.661776 0.300990 0.014053 0.050950 0.017986
0 0.665758 0.292647 0.012725 0.043728 0.017986
0 0.687456 0.278456 0.015454 0.046908 0.006693
0 0.689187 0.276907 0.015883 0.043970 0.017986
0 0.713314 0.291308 0.017235 0.072644 0.006693
0 0.714052 0.281693 0.016350 0.052022 0.006693
0 0.735181 0.280938 0.014621 0.052198 0.006693
0 0.737517 0.282913 0.019237 0.054994 0.002473
0 0.661051 0.307677 0.012589 0.052995 0.017986
0 0.663695 0.301385 0.013109 0.070920 0.006693
0 0.681756 0.307386 0.013951 0.099890 0.002473
0 0.715713 0.284312 0.018947 0.057230 0.006693
0 0.731248 0.281748 0.012854 0.052360 0.002473
0 0.661068 0.315557 0.012845 0.074613 0.017986
0 0.663688 0.307417 0.013154 0.082733 0.017986
0 0.717199 0.296956 0.021967 0.077990 0.002473
0 0.603943 0.341423 0.007943 0.057516 0.002473
0 0.647940 0.345119 0.041687 0.063959 0.002473
0 0.603868 0.342166 0.007872 0.080654 0.002473
0 0.603444 0.345337 0.013158 0.102792 0.006693
1 0.507870 0.347874 0.191041 0.195777 0.952574
1 0.507767 0.347779 0.190619 0.195576 0.880797
1 0.507766 0.346220 0.190615 0.192440 0.731059
1 0.507734 0.347783 0.190465 0.195567 0.731059
1 0.604921 0.336943 0.010216 0.074227 0.006693
1 0.620958 0.349630 0.017288 0.058642 0.017986
1 0.634300 0.360194 0.037515 0.079805 0.006693
1 0.047385 0.335250 0.095400 0.185267 0.002473
1 0.506343 0.347843 0.193494 0.195901 0.500000
1 0.507775 0.347763 0.190632 0.195614 0.731059
1 0.507734 0.345352 0.190466 0.200435 0.731059
1 0.603943 0.341423 0.007943 0.057516 0.002473
1 0.620459 0.356900 0.016055 0.065075 0.047426
1 0.633625 0.361810 0.042274 0.077922 0.119203
1 0.638429 0.363327 0.045272 0.080953 0.017986
1 0.647940 0.345119 0.041687 0.063959 0.006693
1 0.508647 0.347765 0.192378 0.196065 0.500000
1 0.507794 0.345473 0.190591 0.200651 0.731059
1 0.507711 0.347752 0.190412 0.195634 0.731059
1 0.623466 0.358203 0.016386 0.075358 0.047426
1 0.630706 0.361015 0.036438 0.079491 0.017986
1 0.638235 0.360992 0.045573 0.079536 0.047426
1 0.641313 0.359556 0.049399 0.089352 0.002473
1 0.507766 0.347785 0.190613 0.195569 0.047426
1 0.626272 0.356412 0.022035 0.088597 0.047426
1 0.633323 0.361698 0.035835 0.078004 0.119203
1 0.638301 0.361569 0.045742 0.078425 0.017986
1 0.642563 0.361786 0.047000 0.086110 0.006693
1 0.053933 0.518005 0.102103 0.456225 0.731059
1 0.052401 0.519814 0.104886 0.461436 0.731059
1 0.052659 0.520364 0.105324 0.459222 0.047426
1 0.052491 0.519431 0.104988 0.450609 0.500000
1 0.052470 0.518226 0.105024 0.454182 0.731059
1 0.052656 0.517823 0.105318 0.453251 0.017986
1 0.053934 0.520305 0.102097 0.459040 0.500000
1 0.051039 0.518227 0.107884 0.453585 0.268941
1 0.052123 0.502466 0.101932 0.487881 0.037327
1 0.055568 0.503982 0.103295 0.479098 0.022977
1 0.051422 0.510192 0.100325 0.474131 0.880797
1 0.055583 0.509719 0.105231 0.475392 0.851953
1 0.049789 0.517017 0.103688 0.471413 0.880797
1 0.053497 0.510576 0.107354 0.478753 0.904651
4 0.626272 0.356412 0.022035 0.088597 0.006693
4 0.633323 0.361698 0.035835 0.078004 0.006693
