0 0.685334 0.301096 0.015118 0.092661 0.002473
0 0.696790 0.298832 0.018930 0.088124 0.006693
0 0.697681 0.297033 0.020163 0.084704 0.006693
0 0.724907 0.283715 0.015315 0.058284 0.017986
0 0.732762 0.278596 0.009827 0.057231 0.047426
0 0.736593 0.273971 0.017339 0.038578 0.002473
0 0.597669 0.294694 0.014645 0.038285 0.002473
0 0.682720 0.305236 0.015813 0.092799 0.002473
0 0.697423 0.307160 0.020217 0.104687 0.017986
0 0.697676 0.301553 0.020151 0.093347 0.017986
0 0.724444 0.282474 0.014382 0.050875 0.047426
0 0.734103 0.278872 0.013007 0.057600 0.047426
0 0.737558 0.281893 0.019370 0.060915 0.002473
0 0.660114 0.312142 0.014467 0.052566 0.017986
0 0.697093 0.307585 0.020195 0.115022 0.006693
0 0.699059 0.306517 0.017425 0.112937 0.006693
0 0.722869 0.284903 0.014977 0.055489 0.047426
0 0.728230 0.283898 0.013355 0.058051 0.047426
0 0.660071 0.324968 0.014850 0.068185 0.006693
0 0.681175 0.306448 0.012706 0.085311 0.002473
0 0.695306 0.309586 0.021973 0.118813 0.002473
0 0.697574 0.308373 0.020437 0.116738 0.006693
0 0.723300 0.296675 0.015963 0.078466 0.002473
0 0.729703 0.297260 0.018100 0.094222 0.006693
0 0.604069 0.343387 0.008195 0.046123 0.002473
0 0.652350 0.343428 0.031049 0.058372 0.002473
0 0.603443 0.345256 0.006943 0.071590 0.002473
1 0.033859 0.257374 0.048578 0.057218 0.002473
1 0.035388 0.258240 0.048130 0.049197 0.002473
1 0.035724 0.255991 0.047629 0.054935 0.006693
1 0.038189 0.249688 0.051902 0.071270 0.002473
1 0.007945 0.261324 0.016047 0.044209 0.002473
1 0.034276 0.258608 0.046113 0.049569 0.017986
1 0.035387 0.258571 0.046635 0.049638 0.006693
1 0.039426 0.262849 0.048933 0.056463 0.006693
1 0.054571 0.267027 0.041280 0.036423 0.002473
1 0.447489 0.273388 0.057229 0.037360 0.002473
1 0.446170 0.271677 0.058640 0.027562 0.002473
1 0.446572 0.274238 0.066961 0.039033 0.002473
1 0.008737 0.261829 0.017549 0.044057 0.002473
1 0.032133 0.262019 0.041636 0.049768 0.002473
1 0.034816 0.261194 0.045085 0.051495 0.002473
1 0.039964 0.267966 0.047572 0.048057 0.002473
1 0.508648 0.345466 0.192596 0.200593 0.952574
1 0.506341 0.347779 0.193490 0.195576 0.880797
1 0.507766 0.343814 0.190615 0.197252 0.731059
1 0.506305 0.347782 0.193323 0.195569 0.731059
1 0.620962 0.345130 0.017295 0.046732 0.002473
1 0.632814 0.359618 0.040488 0.079503 0.006693
1 0.506343 0.347843 0.193494 0.195901 0.500000
1 0.507775 0.348511 0.190631 0.197111 0.731059
1 0.507734 0.345352 0.190466 0.200435 0.731059
1 0.604069 0.343387 0.008195 0.046123 0.002473
1 0.620405 0.350258 0.016162 0.051805 0.047426
1 0.633198 0.361793 0.041336 0.078097 0.047426
1 0.640417 0.361045 0.049945 0.079694 0.017986
1 0.652350 0.343428 0.031049 0.058372 0.006693
1 0.508646 0.345331 0.192378 0.200932 0.500000
1 0.507774 0.343863 0.190631 0.197594 0.731059
1 0.507712 0.345366 0.190410 0.200406 0.731059
1 0.624450 0.361288 0.018353 0.078596 0.047426
1 0.632132 0.361556 0.033585 0.078409 0.006693
1 0.637869 0.362631 0.044957 0.082973 0.047426
1 0.507765 0.347786 0.190614 0.195570 0.017986
1 0.626232 0.358466 0.021821 0.084653 0.047426
1 0.630430 0.363116 0.035720 0.081587 0.017986
1 0.636470 0.361556 0.042169 0.078891 0.006693
1 0.643020 0.356319 0.041796 0.094083 0.002473
1 0.142376 0.447545 0.028515 0.063154 0.002473
1 0.986303 0.401783 0.027558 0.363471 0.002473
1 0.152860 0.468517 0.025162 0.021353 0.006693
1 0.154568 0.471134 0.021703 0.025715 0.047426
1 0.071217 0.514583 0.142240 0.473563 0.047426
1 0.070294 0.514875 0.140609 0.470277 0.047426
1 0.072539 0.506921 0.144718 0.482387 0.851953
1 0.071695 0.508335 0.138766 0.470768 0.880797
1 0.068862 0.507576 0.147713 0.473001 0.880797
1 0.071227 0.508221 0.142119 0.471682 0.880797
1 0.072360 0.513997 0.143848 0.466861 0.880797
1 0.071595 0.513643 0.140230 0.473301 0.880797
1 0.071005 0.512902 0.143051 0.479375 0.851953
1 0.069033 0.515046 0.149443 0.475500 0.904651
1 0.069730 0.508054 0.144270 0.473509 0.904651
1 0.071668 0.509560 0.140249 0.470603 0.904651
3 0.071005 0.512902 0.143051 0.479375 0.002473
4 0.624450 0.361288 0.018353 0.078596 0.002473
4 0.632132 0.361556 0.033585 0.078409 0.002473
4 0.626232 0.358466 0.021821 0.084653 0.017986
4 0.630430 0.363116 0.035720 0.081587 0.002473
