0 0.631426 0.288148 0.019096 0.066858 0.002473
0 0.629801 0.291096 0.015454 0.057174 0.002473
0 0.711454 0.289089 0.017144 0.046874 0.017986
0 0.712792 0.286680 0.014904 0.042057 0.047426
0 0.627365 0.297251 0.014760 0.070709 0.002473
0 0.711448 0.289170 0.017149 0.046940 0.017986
0 0.712614 0.289108 0.015269 0.046829 0.017986
0 0.993156 0.316678 0.013766 0.355075 0.002473
0 0.132807 0.350712 0.059501 0.325936 0.731059
0 0.136604 0.348128 0.060038 0.295364 0.002473
0 0.134235 0.352274 0.062294 0.319350 0.500000
0 0.134250 0.351807 0.062325 0.317250 0.268941
0 0.132756 0.352265 0.059612 0.319325 0.500000
0 0.132730 0.350135 0.059543 0.324914 0.500000
0 0.134250 0.352267 0.062325 0.319341 0.268941
0 0.133670 0.352268 0.057706 0.319569 0.500000
0 0.132788 0.350071 0.059425 0.324140 0.500000
0 0.132739 0.353425 0.059635 0.320684 0.500000
0 0.134226 0.353386 0.062366 0.321172 0.731059
1 0.449059 0.416460 0.324372 0.392669 0.939913
1 0.445723 0.415511 0.321193 0.387533 0.952574
1 0.449719 0.418243 0.322478 0.392702 0.939913
1 0.447306 0.418956 0.321861 0.391412 0.924142
1 0.445247 0.419176 0.318529 0.392035 0.924142
1 0.447650 0.419692 0.324850 0.395737 0.939913
1 0.451125 0.420758 0.322860 0.397901 0.939913
1 0.447638 0.418253 0.324123 0.408086 0.008577
1 0.447392 0.419675 0.323755 0.405997 0.924142
1 0.446766 0.424371 0.325954 0.407470 0.924142
1 0.449387 0.422978 0.325386 0.404434 0.939913
