0 0.710001 0.289259 0.020051 0.046752 0.017986
0 0.711059 0.286905 0.022122 0.042069 0.006693
0 0.708527 0.289317 0.022991 0.047229 0.006693
0 0.202191 0.342660 0.048399 0.240746 0.002473
0 0.986995 0.345662 0.020216 0.409019 0.002473
0 0.987649 0.363904 0.024709 0.478660 0.002473
0 0.991467 0.339171 0.017147 0.506926 0.002473
0 0.210679 0.349220 0.053285 0.261014 0.500000
0 0.210016 0.352100 0.054991 0.263684 0.500000
0 0.209970 0.352211 0.054877 0.263913 0.500000
0 0.981925 0.374787 0.036235 0.467764 0.002473
0 0.210953 0.348962 0.053141 0.260441 0.268941
0 0.211019 0.349747 0.052967 0.258975 0.500000
0 0.210957 0.348991 0.053106 0.260489 0.500000
0 0.210021 0.352168 0.054750 0.263829 0.268941
0 0.211019 0.349751 0.052967 0.258977 0.500000
0 0.210083 0.349727 0.054850 0.258892 0.500000
0 0.009878 0.402939 0.019803 0.281992 0.002473
0 0.011262 0.400685 0.022546 0.284878 0.002473
0 0.210958 0.349726 0.053095 0.258905 0.500000
0 0.210097 0.349729 0.054851 0.258898 0.047426
0 0.009411 0.421757 0.018902 0.240497 0.006693
0 0.011266 0.427016 0.022553 0.219035 0.002473
1 0.007717 0.450137 0.015511 0.173926 0.002473
1 0.438945 0.421291 0.321847 0.396312 0.320821
1 0.445814 0.415419 0.324855 0.390581 0.939913
1 0.435471 0.416126 0.320285 0.388761 0.952574
1 0.437976 0.419962 0.322933 0.393346 0.924142
1 0.440131 0.421593 0.313404 0.396820 0.939913
1 0.439925 0.420343 0.326449 0.394378 0.939913
1 0.447429 0.420761 0.325123 0.397723 0.939913
1 0.439011 0.415645 0.328463 0.408323 0.939913
1 0.443289 0.423246 0.319690 0.405152 0.939913
1 0.438137 0.425390 0.330050 0.405867 0.924142
1 0.445309 0.423022 0.327002 0.404112 0.851953
2 0.986906 0.353968 0.026276 0.512975 0.002473
4 0.978062 0.453409 0.043910 0.331384 0.002473
4 0.976659 0.471291 0.046691 0.295003 0.002473
4 0.977014 0.474692 0.046062 0.302627 0.006693
4 0.976595 0.480893 0.046901 0.275182 0.002473
5 0.978079 0.448081 0.043845 0.327391 0.002473
5 0.978062 0.453409 0.043910 0.331384 0.006693
5 0.976659 0.471291 0.046691 0.295003 0.006693
5 0.977014 0.474692 0.046062 0.302627 0.006693
5 0.976595 0.480893 0.046901 0.275182 0.002473
5 0.976488 0.498291 0.047055 0.218848 0.002473
