0 0.299810 0.261413 0.019431 0.054963 0.002473
0 0.300734 0.259907 0.024471 0.051870 0.006693
0 0.924926 0.301236 0.019304 0.112397 0.006693
0 0.928128 0.306551 0.018886 0.122797 0.017986
0 0.923211 0.308166 0.028381 0.126082 0.006693
0 0.927678 0.307762 0.019708 0.115614 0.006693
0 0.516620 0.316488 0.008321 0.033840 0.002473
0 0.532790 0.325044 0.015630 0.057388 0.047426
0 0.538465 0.317252 0.017417 0.042881 0.002473
0 0.921932 0.311382 0.025882 0.132554 0.002473
0 0.926221 0.308807 0.016887 0.117669 0.002473
0 0.995182 0.335833 0.009855 0.129297 0.017986
0 0.515927 0.318460 0.006903 0.029839 0.002473
0 0.534148 0.326432 0.012553 0.055464 0.047426
0 0.923486 0.314734 0.022419 0.139697 0.002473
0 0.925682 0.310677 0.018014 0.131122 0.002473
0 0.995206 0.340594 0.009670 0.114828 0.119203
0 0.410075 0.327454 0.033657 0.082621 0.002473
0 0.534142 0.327333 0.012519 0.053696 0.119203
0 0.996133 0.343737 0.007762 0.105021 0.119203
0 0.996135 0.347531 0.007758 0.097027 0.119203
0 0.995197 0.351567 0.009633 0.088948 0.268941
1 0.458849 0.304338 0.023965 0.057650 0.002473
1 0.459952 0.311909 0.029953 0.052398 0.017986
1 0.460917 0.311923 0.028595 0.052414 0.006693
1 0.485346 0.314020 0.015059 0.028929 0.047426
1 0.486357 0.317163 0.016118 0.032344 0.002473
1 0.538465 0.317252 0.017417 0.042881 0.006693
1 0.462091 0.314657 0.031278 0.047360 0.006693
1 0.462869 0.318165 0.024420 0.040330 0.006693
1 0.483916 0.316348 0.017889 0.024349 0.268941
1 0.486807 0.316472 0.015085 0.024112 0.006693
1 0.546615 0.328111 0.013052 0.031375 0.006693
1 0.550372 0.329462 0.020224 0.024387 0.006693
1 0.995206 0.340594 0.009670 0.114828 0.002473
1 0.996133 0.343737 0.007762 0.105021 0.002473
1 0.996135 0.347531 0.007758 0.097027 0.002473
1 0.995197 0.351567 0.009633 0.088948 0.006693
3 0.458849 0.304338 0.023965 0.057650 0.006693
3 0.462378 0.307104 0.031485 0.063229 0.006693
3 0.459952 0.311909 0.029953 0.052398 0.006693
3 0.460917 0.311923 0.028595 0.052414 0.002473
3 0.483916 0.316348 0.017889 0.024349 0.002473
4 0.546615 0.328111 0.013052 0.031375 0.002473
4 0.541746 0.331567 0.010999 0.029425 0.002473
5 0.459952 0.311909 0.029953 0.052398 0.002473
5 0.462091 0.314657 0.031278 0.047360 0.002473
5 0.462869 0.318165 0.024420 0.040330 0.002473
5 0.995197 0.351567 0.009633 0.088948 0.002473
