0 0.518474 0.350214 0.014448 0.077237 0.002473
0 0.533102 0.343795 0.026882 0.063380 0.002473
0 0.597730 0.340632 0.015327 0.050427 0.002473
0 0.606128 0.336475 0.013214 0.039642 0.002473
0 0.643778 0.356248 0.012582 0.077965 0.119203
0 0.652647 0.351029 0.014091 0.068194 0.006693
0 0.718770 0.354087 0.012597 0.073725 0.017986
0 0.725729 0.354836 0.012237 0.089368 0.017986
0 0.992079 0.371427 0.010161 0.125250 0.002473
0 0.499074 0.357500 0.011885 0.039224 0.002473
0 0.501484 0.364299 0.012659 0.062251 0.017986
0 0.524482 0.358646 0.026579 0.063478 0.006693
0 0.528652 0.361313 0.034970 0.048667 0.047426
0 0.583240 0.359022 0.011355 0.052176 0.002473
0 0.598622 0.353808 0.012740 0.050879 0.047426
0 0.604722 0.346780 0.009796 0.036905 0.002473
0 0.615827 0.343570 0.007046 0.030947 0.002473
0 0.643785 0.356392 0.012587 0.078022 0.119203
0 0.655153 0.354078 0.005187 0.053407 0.047426
0 0.718743 0.356562 0.012570 0.078448 0.006693
0 0.726688 0.351352 0.010318 0.078266 0.006693
0 0.969223 0.362939 0.014853 0.050890 0.002473
0 0.985541 0.388176 0.022133 0.114433 0.006693
0 0.993505 0.388706 0.013049 0.134976 0.017986
0 0.499522 0.363830 0.012804 0.043585 0.002473
0 0.501281 0.367227 0.012252 0.056863 0.017986
0 0.579830 0.365261 0.016747 0.050951 0.006693
0 0.596738 0.360497 0.012734 0.054576 0.017986
0 0.645232 0.351818 0.009691 0.078252 0.119203
0 0.655294 0.358501 0.004896 0.050918 0.017986
0 0.718743 0.354254 0.012571 0.073534 0.017986
0 0.727324 0.354008 0.010891 0.083133 0.017986
0 0.797852 0.375018 0.011231 0.042022 0.002473
0 0.924746 0.382808 0.018731 0.067755 0.006693
0 0.928209 0.380841 0.018963 0.071328 0.006693
0 0.937134 0.379880 0.032852 0.072836 0.002473
0 0.981674 0.404733 0.020304 0.136297 0.006693
0 0.991476 0.397273 0.017106 0.152875 0.017986
0 0.010807 0.356800 0.021695 0.118616 0.002473
0 0.499743 0.365262 0.013241 0.052027 0.006693
0 0.501633 0.367440 0.012853 0.056926 0.047426
0 0.526690 0.374638 0.037325 0.042444 0.002473
0 0.560747 0.376682 0.028884 0.028695 0.002473
0 0.577637 0.369454 0.014241 0.043186 0.006693
0 0.596660 0.365336 0.012629 0.051389 0.047426
0 0.603002 0.365612 0.013264 0.050867 0.002473
0 0.643789 0.354206 0.012584 0.073707 0.119203
0 0.653642 0.362126 0.008212 0.058090 0.017986
0 0.717314 0.354327 0.009687 0.083064 0.047426
0 0.726794 0.353991 0.012263 0.086043 0.002473
0 0.823796 0.393170 0.013118 0.067836 0.002473
0 0.825559 0.396437 0.014408 0.065515 0.006693
0 0.923351 0.387714 0.015942 0.057950 0.006693
0 0.927402 0.380135 0.021270 0.063415 0.002473
0 0.939021 0.382654 0.029090 0.058350 0.002473
0 0.983283 0.413067 0.022786 0.140394 0.002473
0 0.992159 0.402891 0.015739 0.153817 0.006693
0 0.010857 0.361345 0.015985 0.121084 0.006693
0 0.015582 0.371227 0.014851 0.091290 0.002473
0 0.502237 0.372126 0.011495 0.083175 0.002473
0 0.728256 0.365861 0.013446 0.107565 0.002473
0 0.824255 0.396565 0.014010 0.064155 0.002473
0 0.825131 0.396304 0.015345 0.063339 0.002473
0 0.921912 0.386065 0.013147 0.061302 0.006693
0 0.984474 0.410565 0.024894 0.138184 0.006693
0 0.988880 0.403705 0.022298 0.149224 0.002473
0 0.823803 0.397126 0.013144 0.064935 0.017986
0 0.825290 0.397179 0.014964 0.064920 0.006693
0 0.985939 0.409627 0.022228 0.150448 0.006693
0 0.983365 0.412000 0.032827 0.134986 0.002473
0 0.985993 0.409465 0.022119 0.140948 0.017986
0 0.986108 0.407492 0.027942 0.155176 0.006693
0 0.984542 0.411222 0.025021 0.147490 0.002473
0 0.986100 0.410213 0.027959 0.153196 0.002473
1 0.012850 0.301668 0.025697 0.176985 0.002473
1 0.012644 0.323039 0.025228 0.141438 0.006693
1 0.012507 0.333651 0.025064 0.134781 0.006693
1 0.012776 0.332639 0.025530 0.137423 0.017986
1 0.011087 0.348978 0.022224 0.127132 0.047426
1 0.012635 0.348575 0.025246 0.124264 0.017986
1 0.992079 0.371427 0.010161 0.125250 0.002473
1 0.011092 0.351730 0.022239 0.117262 0.006693
1 0.011273 0.353381 0.022522 0.116316 0.006693
1 0.548865 0.356013 0.041784 0.057672 0.002473
1 0.563408 0.357648 0.043832 0.054880 0.002473
1 0.598622 0.353808 0.012740 0.050879 0.006693
1 0.675424 0.362479 0.026576 0.042653 0.017986
1 0.676945 0.359363 0.034979 0.042600 0.017986
1 0.684842 0.351215 0.043524 0.036187 0.017986
1 0.993505 0.388706 0.013049 0.134976 0.006693
1 0.011025 0.356097 0.022104 0.109972 0.017986
1 0.012706 0.354454 0.019656 0.113372 0.017986
1 0.022061 0.360603 0.037781 0.101351 0.002473
1 0.458926 0.355232 0.026544 0.030316 0.006693
1 0.467011 0.361748 0.016036 0.016979 0.002473
1 0.501281 0.367227 0.012252 0.056863 0.002473
1 0.527384 0.369985 0.038459 0.041489 0.119203
1 0.526517 0.370752 0.040880 0.033611 0.119203
1 0.528371 0.377105 0.042529 0.037020 0.047426
1 0.555242 0.377333 0.028912 0.036874 0.047426
1 0.559399 0.377294 0.031642 0.036950 0.047426
1 0.673182 0.360318 0.028293 0.043996 0.017986
1 0.675239 0.362649 0.025878 0.042663 0.017986
1 0.685010 0.362100 0.043922 0.047871 0.002473
1 0.010807 0.356800 0.021695 0.118616 0.047426
1 0.011517 0.357767 0.022974 0.116610 0.002473
1 0.024932 0.381321 0.037866 0.060563 0.002473
1 0.526690 0.374638 0.037325 0.042444 0.047426
1 0.529090 0.374636 0.042037 0.042446 0.119203
1 0.541150 0.375020 0.040074 0.041770 0.047426
1 0.555777 0.379007 0.029995 0.033686 0.119203
1 0.560747 0.376682 0.028884 0.028695 0.017986
1 0.577637 0.369454 0.014241 0.043186 0.002473
1 0.010857 0.361345 0.015985 0.121084 0.002473
1 0.027447 0.395413 0.033004 0.033190 0.002473
1 0.877588 0.403871 0.019984 0.057933 0.002473
1 0.233021 0.305972 0.416646 0.407738 0.002473
1 0.232895 0.304605 0.428221 0.407328 0.001927
2 0.820898 0.327922 0.067502 0.090687 0.002473
2 0.526517 0.370752 0.040880 0.033611 0.002473
2 0.529090 0.374636 0.042037 0.042446 0.006693
2 0.233021 0.305972 0.416646 0.407738 0.001170
2 0.232895 0.304605 0.428221 0.407328 0.001170
3 0.011087 0.348978 0.022224 0.127132 0.002473
3 0.451161 0.347849 0.017823 0.031400 0.006693
3 0.453746 0.351067 0.026332 0.027270 0.002473
3 0.534051 0.362915 0.036892 0.050213 0.002473
3 0.548865 0.356013 0.041784 0.057672 0.002473
3 0.563408 0.357648 0.043832 0.054880 0.002473
3 0.675424 0.362479 0.026576 0.042653 0.006693
3 0.676945 0.359363 0.034979 0.042600 0.006693
3 0.684842 0.351215 0.043524 0.036187 0.002473
3 0.448170 0.353409 0.015608 0.042000 0.002473
3 0.527384 0.369985 0.038459 0.041489 0.002473
3 0.526517 0.370752 0.040880 0.033611 0.006693
3 0.528371 0.377105 0.042529 0.037020 0.006693
3 0.555242 0.377333 0.028912 0.036874 0.002473
3 0.559399 0.377294 0.031642 0.036950 0.006693
3 0.673182 0.360318 0.028293 0.043996 0.006693
3 0.675239 0.362649 0.025878 0.042663 0.006693
3 0.010807 0.356800 0.021695 0.118616 0.002473
3 0.526690 0.374638 0.037325 0.042444 0.006693
3 0.529090 0.374636 0.042037 0.042446 0.017986
3 0.541150 0.375020 0.040074 0.041770 0.006693
3 0.555777 0.379007 0.029995 0.033686 0.002473
3 0.233021 0.305972 0.416646 0.407738 0.904651
3 0.232895 0.304605 0.428221 0.407328 0.851953
3 0.227281 0.306038 0.424576 0.408988 0.119203
3 0.236040 0.304985 0.416297 0.406097 0.904651
3 0.229938 0.306856 0.418770 0.406740 0.851953
3 0.233546 0.305364 0.423469 0.399551 0.731059
3 0.228357 0.306715 0.429015 0.412965 0.500000
3 0.235790 0.300228 0.413425 0.399829 0.880797
3 0.231619 0.301350 0.418576 0.403395 0.817575
3 0.235397 0.307140 0.422993 0.411268 0.622459
3 0.250293 0.305085 0.393157 0.411678 0.017986
3 0.233344 0.309901 0.413928 0.408910 0.880797
3 0.229709 0.311193 0.426418 0.408905 0.880797
4 0.011025 0.356097 0.022104 0.109972 0.002473
4 0.010807 0.356800 0.021695 0.118616 0.002473
5 0.011092 0.351730 0.022239 0.117262 0.002473
5 0.011273 0.353381 0.022522 0.116316 0.002473
5 0.563408 0.357648 0.043832 0.054880 0.002473
5 0.583240 0.359022 0.011355 0.052176 0.006693
5 0.598622 0.353808 0.012740 0.050879 0.006693
5 0.011025 0.356097 0.022104 0.109972 0.002473
5 0.012706 0.354454 0.019656 0.113372 0.002473
5 0.559399 0.377294 0.031642 0.036950 0.002473
5 0.579830 0.365261 0.016747 0.050951 0.002473
5 0.010807 0.356800 0.021695 0.118616 0.002473
5 0.560747 0.376682 0.028884 0.028695 0.002473
5 0.577637 0.369454 0.014241 0.043186 0.002473
