0 0.555127 0.318162 0.010629 0.021131 0.002473
0 0.533319 0.328617 0.011603 0.037030 0.002473
0 0.553668 0.328129 0.008606 0.044046 0.002473
0 0.986082 0.471077 0.027917 0.229390 0.002473
0 0.986112 0.475845 0.027853 0.233986 0.002473
1 0.012015 0.323570 0.024181 0.153209 0.002473
1 0.616266 0.325349 0.082621 0.067508 0.731059
1 0.616121 0.322951 0.082168 0.072322 0.500000
1 0.616256 0.322924 0.082592 0.072366 0.731059
1 0.020553 0.357728 0.046952 0.121638 0.002473
1 0.023350 0.359413 0.046675 0.124478 0.268941
1 0.148423 0.349712 0.053880 0.064966 0.047426
1 0.149945 0.350381 0.050818 0.076000 0.119203
1 0.149970 0.346012 0.056156 0.067262 0.268941
1 0.212532 0.346068 0.030877 0.057693 0.500000
1 0.214924 0.346102 0.029853 0.057759 0.119203
1 0.253820 0.338826 0.032699 0.052759 0.500000
1 0.253834 0.339579 0.032755 0.054279 0.500000
1 0.253783 0.339240 0.032928 0.053710 0.268941
1 0.292067 0.333313 0.028402 0.041748 0.268941
1 0.290174 0.338133 0.030371 0.041703 0.500000
1 0.292867 0.335673 0.036145 0.037029 0.002473
1 0.321961 0.334874 0.025159 0.028905 0.119203
1 0.321089 0.335611 0.023322 0.036656 0.119203
1 0.342184 0.329108 0.024901 0.033639 0.119203
1 0.364666 0.326876 0.029386 0.028899 0.047426
1 0.368752 0.325324 0.031414 0.025751 0.119203
1 0.372940 0.325321 0.023439 0.025757 0.268941
1 0.394979 0.325182 0.016195 0.016435 0.017986
1 0.403099 0.325314 0.018958 0.016180 0.006693
1 0.423772 0.326820 0.017032 0.013180 0.006693
1 0.438598 0.322895 0.013343 0.020924 0.002473
1 0.518775 0.320497 0.012606 0.016117 0.047426
1 0.543509 0.322918 0.018976 0.011259 0.047426
1 0.555127 0.318162 0.010629 0.021131 0.002473
1 0.565588 0.320507 0.013090 0.025687 0.119203
1 0.615133 0.325343 0.086031 0.067902 0.500000
1 0.617079 0.326883 0.084161 0.070538 0.500000
1 0.616274 0.322938 0.082520 0.072179 0.500000
1 0.617215 0.326881 0.084455 0.070475 0.500000
1 0.617269 0.325369 0.084325 0.067481 0.047426
1 0.022891 0.356881 0.045824 0.119657 0.500000
1 0.022983 0.357240 0.045862 0.119894 0.268941
1 0.022861 0.359477 0.045944 0.125013 0.268941
1 0.075153 0.364997 0.074777 0.079482 0.500000
1 0.074982 0.365488 0.075008 0.080288 0.500000
1 0.073549 0.365487 0.072136 0.080290 0.500000
1 0.148973 0.353558 0.058119 0.072581 0.119203
1 0.148516 0.351153 0.053234 0.077433 0.119203
1 0.148340 0.351170 0.053613 0.077334 0.268941
1 0.149955 0.350180 0.056075 0.065767 0.002473
1 0.213468 0.346178 0.032751 0.057499 0.731059
1 0.212556 0.346265 0.030833 0.057416 0.500000
1 0.233634 0.344046 0.021681 0.052706 0.002473
1 0.255289 0.339581 0.029850 0.054272 0.500000
1 0.254767 0.338956 0.034542 0.052967 0.500000
1 0.255303 0.339600 0.029882 0.054259 0.119203
1 0.290170 0.335723 0.030395 0.046586 0.500000
1 0.290628 0.335726 0.031275 0.036928 0.731059
1 0.291520 0.333393 0.033296 0.041652 0.006693
1 0.320157 0.334953 0.025019 0.028820 0.500000
1 0.321076 0.333472 0.023348 0.031863 0.268941
1 0.342132 0.332161 0.022875 0.028392 0.047426
1 0.362033 0.328628 0.025071 0.032400 0.006693
1 0.616120 0.324473 0.082171 0.075297 0.880797
1 0.616268 0.326874 0.082539 0.070492 0.500000
1 0.616251 0.325285 0.082582 0.067429 0.731059
1 0.759529 0.364722 0.243862 0.187579 0.880797
1 0.760608 0.367051 0.247218 0.182568 0.880797
1 0.022888 0.357008 0.045832 0.119414 0.119203
1 0.023024 0.356950 0.045944 0.119529 0.268941
1 0.021444 0.358359 0.048753 0.115604 0.119203
1 0.075055 0.364700 0.074920 0.078896 0.500000
1 0.075051 0.365448 0.074899 0.080380 0.500000
1 0.074992 0.365004 0.075016 0.079495 0.500000
1 0.075007 0.365608 0.074962 0.081279 0.731059
1 0.148344 0.353900 0.054050 0.082917 0.268941
1 0.149821 0.356435 0.056575 0.078426 0.268941
1 0.149018 0.356450 0.058069 0.078536 0.268941
1 0.214917 0.346277 0.029882 0.057482 0.500000
1 0.213483 0.346576 0.032738 0.056893 0.268941
1 0.254655 0.339771 0.034546 0.054664 0.268941
1 0.255268 0.343779 0.029789 0.052851 0.268941
1 0.254764 0.341362 0.034723 0.057807 0.119203
1 0.759530 0.366955 0.244096 0.182686 0.268941
1 0.762271 0.364579 0.243831 0.187509 0.500000
1 0.760774 0.364586 0.246842 0.187489 0.500000
1 0.021948 0.356978 0.044042 0.119898 0.268941
1 0.022926 0.356947 0.045828 0.119498 0.268941
1 0.022998 0.356226 0.046247 0.111488 0.500000
1 0.075094 0.365649 0.074815 0.081223 0.500000
1 0.074812 0.365758 0.075348 0.080988 0.500000
1 0.074968 0.365453 0.075075 0.080382 0.500000
1 0.148932 0.354213 0.059106 0.083429 0.500000
1 0.149815 0.354586 0.056621 0.073059 0.500000
1 0.150990 0.355544 0.054386 0.071225 0.002473
1 0.760961 0.364629 0.241351 0.187464 0.268941
1 0.762332 0.367009 0.243709 0.182675 0.731059
1 0.760773 0.367012 0.246844 0.182682 0.731059
1 0.760498 0.367002 0.246044 0.182581 0.731059
1 0.760782 0.366973 0.246872 0.182524 0.880797
1 0.939912 0.407876 0.120176 0.330067 0.500000
1 0.939035 0.406255 0.121964 0.330318 0.500000
1 0.937593 0.407010 0.119065 0.331830 0.500000
1 0.937537 0.406218 0.119170 0.330226 0.500000
1 0.938996 0.405970 0.122093 0.329646 0.500000
1 0.939913 0.405969 0.120178 0.329646 0.500000
1 0.939044 0.406261 0.121911 0.330282 0.500000
1 0.940005 0.406255 0.120080 0.330306 0.500000
1 0.939049 0.406254 0.121906 0.330308 0.500000
1 0.939232 0.405616 0.121632 0.331589 0.268941
1 0.760635 0.368968 0.243720 0.173763 0.001501
2 0.012015 0.323570 0.024181 0.153209 0.002473
2 0.585129 0.309172 0.023018 0.037282 0.002473
2 0.148423 0.349712 0.053880 0.064966 0.017986
2 0.149945 0.350381 0.050818 0.076000 0.017986
2 0.149970 0.346012 0.056156 0.067262 0.006693
2 0.212532 0.346068 0.030877 0.057693 0.006693
2 0.241984 0.337273 0.029193 0.040599 0.002473
2 0.253820 0.338826 0.032699 0.052759 0.017986
2 0.253834 0.339579 0.032755 0.054279 0.017986
2 0.253783 0.339240 0.032928 0.053710 0.006693
2 0.364666 0.326876 0.029386 0.028899 0.002473
2 0.368752 0.325324 0.031414 0.025751 0.002473
2 0.372940 0.325321 0.023439 0.025757 0.002473
2 0.394979 0.325182 0.016195 0.016435 0.002473
2 0.565588 0.320507 0.013090 0.025687 0.002473
2 0.148973 0.353558 0.058119 0.072581 0.006693
2 0.148516 0.351153 0.053234 0.077433 0.006693
2 0.148340 0.351170 0.053613 0.077334 0.002473
2 0.213468 0.346178 0.032751 0.057499 0.017986
2 0.212556 0.346265 0.030833 0.057416 0.002473
2 0.233634 0.344046 0.021681 0.052706 0.006693
2 0.255289 0.339581 0.029850 0.054272 0.017986
2 0.254767 0.338956 0.034542 0.052967 0.047426
2 0.255303 0.339600 0.029882 0.054259 0.006693
2 0.616268 0.326874 0.082539 0.070492 0.002473
2 0.616251 0.325285 0.082582 0.067429 0.002473
2 0.148344 0.353900 0.054050 0.082917 0.002473
2 0.149821 0.356435 0.056575 0.078426 0.002473
2 0.254655 0.339771 0.034546 0.054664 0.017986
2 0.255268 0.343779 0.029789 0.052851 0.006693
2 0.254764 0.341362 0.034723 0.057807 0.002473
3 0.012015 0.323570 0.024181 0.153209 0.006693
3 0.212532 0.346068 0.030877 0.057693 0.002473
3 0.214924 0.346102 0.029853 0.057759 0.002473
3 0.253820 0.338826 0.032699 0.052759 0.006693
3 0.253834 0.339579 0.032755 0.054279 0.002473
3 0.253783 0.339240 0.032928 0.053710 0.002473
3 0.290174 0.338133 0.030371 0.041703 0.002473
3 0.321961 0.334874 0.025159 0.028905 0.006693
3 0.321089 0.335611 0.023322 0.036656 0.006693
3 0.342184 0.329108 0.024901 0.033639 0.002473
3 0.364666 0.326876 0.029386 0.028899 0.006693
3 0.368752 0.325324 0.031414 0.025751 0.006693
3 0.372940 0.325321 0.023439 0.025757 0.006693
3 0.394979 0.325182 0.016195 0.016435 0.006693
3 0.518775 0.320497 0.012606 0.016117 0.006693
3 0.565588 0.320507 0.013090 0.025687 0.006693
3 0.022891 0.356881 0.045824 0.119657 0.006693
3 0.022983 0.357240 0.045862 0.119894 0.002473
3 0.213468 0.346178 0.032751 0.057499 0.006693
3 0.212556 0.346265 0.030833 0.057416 0.002473
3 0.255289 0.339581 0.029850 0.054272 0.006693
3 0.254767 0.338956 0.034542 0.052967 0.006693
3 0.255303 0.339600 0.029882 0.054259 0.002473
3 0.290628 0.335726 0.031275 0.036928 0.006693
3 0.320157 0.334953 0.025019 0.028820 0.002473
3 0.362033 0.328628 0.025071 0.032400 0.002473
3 0.022888 0.357008 0.045832 0.119414 0.002473
3 0.023024 0.356950 0.045944 0.119529 0.002473
3 0.214917 0.346277 0.029882 0.057482 0.002473
3 0.213483 0.346576 0.032738 0.056893 0.002473
3 0.254655 0.339771 0.034546 0.054664 0.002473
3 0.255268 0.343779 0.029789 0.052851 0.002473
3 0.254764 0.341362 0.034723 0.057807 0.006693
3 0.022998 0.356226 0.046247 0.111488 0.002473
