0 0.554704 0.330401 0.018247 0.039341 0.002473
0 0.707675 0.332099 0.015596 0.070120 0.002473
1 0.972908 0.312183 0.045975 0.083559 0.017986
1 0.973523 0.311247 0.047066 0.071463 0.017986
1 0.973446 0.317896 0.047042 0.094462 0.017986
1 0.976210 0.316821 0.047850 0.094914 0.002473
1 0.665438 0.316436 0.037715 0.034332 0.002473
1 0.685503 0.322720 0.058597 0.052605 0.268941
1 0.687352 0.322888 0.056418 0.052864 0.268941
1 0.686488 0.322892 0.057920 0.052878 0.268941
1 0.688327 0.322940 0.057933 0.062660 0.268941
1 0.931066 0.323083 0.062974 0.200856 0.017986
1 0.931463 0.324172 0.063075 0.199392 0.017986
1 0.971728 0.326858 0.049594 0.112634 0.017986
1 0.972608 0.326118 0.045233 0.110583 0.047426
1 0.973468 0.327445 0.046992 0.113389 0.017986
1 0.975162 0.328308 0.050126 0.116043 0.017986
1 0.306252 0.326885 0.018442 0.012912 0.047426
1 0.308779 0.327708 0.023270 0.021006 0.002473
1 0.333290 0.329472 0.022987 0.018136 0.017986
1 0.339696 0.329315 0.021044 0.017791 0.002473
1 0.446399 0.320334 0.017954 0.016412 0.017986
1 0.448185 0.320424 0.019171 0.016250 0.002473
1 0.481249 0.324439 0.012660 0.008212 0.006693
1 0.543510 0.320499 0.017823 0.016095 0.047426
1 0.559388 0.320501 0.031323 0.025699 0.119203
1 0.562271 0.320502 0.031305 0.025696 0.119203
1 0.593273 0.325288 0.022715 0.016185 0.002473
1 0.606412 0.325300 0.019254 0.016225 0.002473
1 0.637558 0.321482 0.019709 0.024161 0.002473
1 0.651658 0.322890 0.028468 0.020917 0.119203
1 0.654338 0.322876 0.025141 0.030605 0.119203
1 0.685749 0.322895 0.059017 0.052853 0.119203
1 0.687245 0.322895 0.056335 0.052834 0.268941
1 0.686282 0.322911 0.058251 0.052811 0.500000
1 0.686946 0.323034 0.057044 0.062295 0.268941
1 0.922675 0.330214 0.073392 0.200993 0.002473
1 0.932097 0.330361 0.060932 0.202995 0.017986
1 0.931085 0.324077 0.062892 0.209321 0.047426
1 0.931300 0.330882 0.062745 0.198901 0.017986
1 0.967537 0.335460 0.037859 0.130960 0.017986
1 0.973464 0.331943 0.046989 0.122259 0.047426
1 0.974913 0.335285 0.049942 0.129344 0.047426
1 0.974926 0.334202 0.050895 0.128583 0.002473
1 0.683785 0.321413 0.055091 0.049667 0.047426
1 0.686368 0.322949 0.058437 0.052825 0.268941
1 0.686313 0.325368 0.058312 0.057617 0.268941
1 0.696540 0.328016 0.037857 0.062722 0.047426
1 0.926028 0.348616 0.066792 0.166349 0.002473
1 0.930977 0.336110 0.063093 0.191538 0.047426
1 0.931085 0.328634 0.062891 0.199927 0.047426
1 0.931280 0.331163 0.062676 0.191734 0.119203
1 0.973358 0.337799 0.053053 0.134909 0.006693
1 0.974706 0.336636 0.050630 0.133307 0.047426
1 0.707675 0.332099 0.015596 0.070120 0.017986
1 0.927946 0.364706 0.062420 0.134101 0.002473
1 0.931145 0.343994 0.057160 0.176721 0.047426
1 0.929685 0.335368 0.060112 0.187665 0.047426
1 0.931279 0.333893 0.062710 0.192851 0.119203
1 0.974136 0.342200 0.055022 0.153024 0.006693
1 0.929536 0.355011 0.059917 0.148412 0.017986
1 0.931250 0.345929 0.062732 0.161638 0.006693
1 0.929639 0.374727 0.053790 0.115710 0.002473
2 0.448210 0.314738 0.021859 0.027381 0.017986
2 0.445995 0.314754 0.023670 0.027403 0.002473
2 0.688327 0.322940 0.057933 0.062660 0.002473
2 0.973468 0.327445 0.046992 0.113389 0.002473
2 0.306252 0.326885 0.018442 0.012912 0.006693
2 0.446399 0.320334 0.017954 0.016412 0.047426
2 0.448185 0.320424 0.019171 0.016250 0.002473
2 0.651658 0.322890 0.028468 0.020917 0.002473
2 0.686946 0.323034 0.057044 0.062295 0.002473
2 0.973464 0.331943 0.046989 0.122259 0.002473
2 0.930977 0.336110 0.063093 0.191538 0.002473
2 0.931085 0.328634 0.062891 0.199927 0.002473
2 0.931145 0.343994 0.057160 0.176721 0.002473
3 0.445995 0.314754 0.023670 0.027403 0.002473
3 0.540745 0.313897 0.013581 0.028681 0.002473
3 0.556766 0.316291 0.036658 0.034143 0.002473
3 0.931066 0.323083 0.062974 0.200856 0.006693
3 0.931463 0.324172 0.063075 0.199392 0.002473
3 0.446399 0.320334 0.017954 0.016412 0.002473
3 0.543510 0.320499 0.017823 0.016095 0.006693
3 0.559388 0.320501 0.031323 0.025699 0.047426
3 0.562271 0.320502 0.031305 0.025696 0.047426
3 0.651658 0.322890 0.028468 0.020917 0.002473
3 0.932097 0.330361 0.060932 0.202995 0.017986
3 0.931085 0.324077 0.062892 0.209321 0.017986
3 0.931300 0.330882 0.062745 0.198901 0.006693
3 0.930977 0.336110 0.063093 0.191538 0.006693
3 0.931085 0.328634 0.062891 0.199927 0.006693
3 0.931280 0.331163 0.062676 0.191734 0.006693
3 0.931145 0.343994 0.057160 0.176721 0.006693
3 0.929685 0.335368 0.060112 0.187665 0.006693
3 0.931279 0.333893 0.062710 0.192851 0.006693
4 0.131328 0.356581 0.036941 0.046647 0.002473
4 0.133315 0.359024 0.033800 0.041852 0.002473
4 0.134110 0.359452 0.031862 0.041100 0.002473
4 0.707675 0.332099 0.015596 0.070120 0.002473
5 0.707675 0.332099 0.015596 0.070120 0.006693
