0 0.920289 0.280890 0.009897 0.052342 0.006693
0 0.734478 0.310982 0.013439 0.080749 0.002473
0 0.921767 0.283621 0.012850 0.046600 0.002473
0 0.984394 0.298898 0.013157 0.068002 0.002473
0 0.931466 0.291845 0.013305 0.051302 0.002473
0 0.348235 0.328409 0.030653 0.052277 0.002473
0 0.353050 0.326075 0.019361 0.056945 0.006693
1 0.388896 0.310193 0.022281 0.021258 0.002473
1 0.390551 0.308635 0.025139 0.024377 0.006693
1 0.405928 0.308504 0.019388 0.017911 0.002473
1 0.414251 0.308471 0.021939 0.017979 0.002473
1 0.447861 0.313001 0.014993 0.026825 0.017986
1 0.450101 0.312237 0.013493 0.032011 0.002473
1 0.484591 0.330228 0.075017 0.109137 0.731059
1 0.486051 0.329781 0.072134 0.108249 0.731059
1 0.547547 0.316459 0.020229 0.033746 0.006693
1 0.547602 0.314056 0.020288 0.028933 0.017986
1 0.586723 0.321181 0.038970 0.040273 0.002473
1 0.388676 0.314565 0.022306 0.028408 0.002473
1 0.389712 0.314332 0.023338 0.028878 0.002473
1 0.409818 0.316428 0.014121 0.018300 0.002473
1 0.414886 0.318913 0.021240 0.013105 0.002473
1 0.448801 0.314322 0.013146 0.028847 0.002473
1 0.486050 0.331288 0.072115 0.111271 0.500000
1 0.487500 0.330538 0.075011 0.109771 0.268941
1 0.484598 0.332095 0.075020 0.106601 0.268941
1 0.532688 0.316358 0.009680 0.018094 0.047426
1 0.547574 0.316633 0.020176 0.033425 0.047426
1 0.549059 0.317287 0.017374 0.032144 0.017986
1 0.586755 0.322873 0.038994 0.036900 0.500000
1 0.585671 0.322168 0.040424 0.038236 0.500000
1 0.586794 0.322916 0.038916 0.036741 0.500000
1 0.587153 0.322866 0.039383 0.036919 0.047426
1 0.009832 0.344254 0.019715 0.062592 0.006693
1 0.484610 0.331352 0.075013 0.111159 0.731059
1 0.487503 0.332872 0.075006 0.108112 0.500000
1 0.487492 0.332167 0.075023 0.106560 0.500000
1 0.864121 0.366090 0.209387 0.208361 0.500000
1 0.865132 0.366087 0.211468 0.208354 0.880797
1 0.863710 0.366073 0.212346 0.208382 0.731059
1 0.009828 0.348582 0.019702 0.056679 0.006693
1 0.487465 0.332820 0.075044 0.108260 0.500000
1 0.486053 0.330519 0.077895 0.109837 0.500000
1 0.863648 0.364619 0.208437 0.211434 0.500000
1 0.864117 0.364903 0.209418 0.211987 0.500000
1 0.863184 0.364594 0.211297 0.211378 0.731059
1 0.008373 0.372339 0.017234 0.106578 0.002473
1 0.863144 0.364567 0.207434 0.211362 0.500000
1 0.863926 0.364570 0.209765 0.211372 0.500000
1 0.863002 0.363817 0.211662 0.209860 0.500000
1 0.960112 0.359532 0.057682 0.101161 0.006693
1 0.864149 0.364595 0.209516 0.211419 0.500000
2 0.296237 0.283259 0.052964 0.066735 0.006693
2 0.405928 0.308504 0.019388 0.017911 0.002473
2 0.447861 0.313001 0.014993 0.026825 0.006693
2 0.450101 0.312237 0.013493 0.032011 0.002473
2 0.522887 0.307732 0.011263 0.034046 0.002473
2 0.534175 0.312764 0.012604 0.023353 0.006693
2 0.008431 0.343958 0.022709 0.054148 0.002473
2 0.448801 0.314322 0.013146 0.028847 0.006693
2 0.532688 0.316358 0.009680 0.018094 0.002473
2 0.009832 0.344254 0.019715 0.062592 0.002473
2 0.009828 0.348582 0.019702 0.056679 0.002473
2 0.864149 0.364595 0.209516 0.211419 0.002473
3 0.390551 0.308635 0.025139 0.024377 0.002473
3 0.405928 0.308504 0.019388 0.017911 0.002473
3 0.534175 0.312764 0.012604 0.023353 0.017986
3 0.547547 0.316459 0.020229 0.033746 0.268941
3 0.547602 0.314056 0.020288 0.028933 0.119203
3 0.532688 0.316358 0.009680 0.018094 0.017986
3 0.547574 0.316633 0.020176 0.033425 0.500000
3 0.549059 0.317287 0.017374 0.032144 0.268941
