0 0.067285 0.322738 0.015790 0.136036 0.017986
0 0.745227 0.270710 0.009688 0.031967 0.017986
0 0.067323 0.326647 0.015482 0.113285 0.119203
0 0.075647 0.326966 0.024091 0.114018 0.006693
0 0.123211 0.324423 0.021794 0.119077 0.119203
0 0.125292 0.324395 0.018728 0.119135 0.119203
0 0.745233 0.276698 0.009702 0.032848 0.006693
0 0.066398 0.323182 0.017339 0.115013 0.119203
0 0.073814 0.325183 0.021883 0.120387 0.017986
0 0.122168 0.320963 0.025312 0.118253 0.268941
0 0.127232 0.325059 0.020923 0.110069 0.268941
0 0.173069 0.323181 0.016700 0.074574 0.017986
0 0.546115 0.313745 0.007851 0.028647 0.006693
0 0.067325 0.320502 0.015488 0.109164 0.268941
0 0.074081 0.323267 0.022428 0.114780 0.006693
0 0.121385 0.322576 0.023756 0.114557 0.268941
0 0.127134 0.320498 0.020904 0.109586 0.500000
0 0.545174 0.317730 0.009679 0.031694 0.006693
0 0.567795 0.322810 0.004911 0.031054 0.002473
0 0.068843 0.320116 0.018525 0.109946 0.268941
0 0.073645 0.323673 0.027919 0.116927 0.047426
0 0.123327 0.320131 0.027599 0.109769 0.119203
0 0.126679 0.321754 0.021700 0.116146 0.500000
0 0.066880 0.321923 0.022464 0.116218 0.002473
0 0.066594 0.320113 0.017732 0.110005 0.500000
0 0.072187 0.323806 0.025132 0.123772 0.047426
0 0.114373 0.335114 0.019574 0.080406 0.017986
0 0.124916 0.318803 0.024889 0.112491 0.119203
0 0.125077 0.322493 0.024866 0.114769 0.268941
0 0.072967 0.324291 0.027166 0.134609 0.006693
0 0.075116 0.328646 0.025249 0.136184 0.002473
0 0.126687 0.326147 0.027603 0.131511 0.002473
1 0.304553 0.329760 0.078392 0.066617 0.880797
1 0.302961 0.330213 0.080848 0.067517 0.500000
1 0.303139 0.327789 0.081275 0.072352 0.500000
1 0.348012 0.322524 0.040604 0.061863 0.017986
1 0.350065 0.317994 0.044036 0.052757 0.268941
1 0.350018 0.317997 0.044075 0.052745 0.500000
1 0.350224 0.318108 0.043791 0.052980 0.268941
1 0.519880 0.313831 0.024034 0.029231 0.006693
1 0.528261 0.312613 0.024728 0.021851 0.047426
1 0.099946 0.325928 0.025130 0.026958 0.017986
1 0.097140 0.329213 0.025024 0.024031 0.047426
1 0.162573 0.339461 0.043151 0.045160 0.002473
1 0.249438 0.327693 0.025619 0.021013 0.002473
1 0.250179 0.329241 0.025642 0.024169 0.002473
1 0.302676 0.327827 0.080279 0.072318 0.731059
1 0.302681 0.330225 0.080334 0.067498 0.500000
1 0.304387 0.327714 0.077988 0.072044 0.500000
1 0.303130 0.330106 0.081258 0.067262 0.731059
1 0.350173 0.318137 0.043555 0.052939 0.500000
1 0.350248 0.318135 0.043665 0.052933 0.500000
1 0.350665 0.318866 0.042909 0.054483 0.268941
1 0.417292 0.316541 0.009722 0.017752 0.006693
1 0.516256 0.316038 0.013494 0.025018 0.017986
1 0.526947 0.314172 0.022108 0.022490 0.047426
1 0.303941 0.330239 0.077082 0.067480 0.500000
1 0.302497 0.327820 0.079967 0.072312 0.731059
1 0.302950 0.330229 0.080871 0.067535 0.731059
1 0.349042 0.319049 0.041375 0.054422 0.268941
1 0.351055 0.318203 0.041796 0.053078 0.268941
1 0.350629 0.318169 0.043068 0.053161 0.119203
1 0.741418 0.376178 0.222913 0.185173 0.731059
1 0.740481 0.376484 0.219219 0.188773 0.731059
1 0.739979 0.376366 0.220033 0.186004 0.500000
1 0.741521 0.376805 0.223085 0.186898 0.731059
1 0.740023 0.375307 0.220138 0.186889 0.731059
1 0.741613 0.375614 0.222636 0.187500 0.500000
1 0.739112 0.376365 0.222078 0.185999 0.500000
1 0.940191 0.385758 0.119712 0.355985 0.731059
1 0.939992 0.385152 0.120052 0.354762 0.731059
1 0.739976 0.375753 0.220036 0.185998 0.500000
1 0.739225 0.376060 0.221637 0.186612 0.500000
1 0.739996 0.376811 0.220094 0.188109 0.731059
1 0.941905 0.381951 0.122042 0.360945 0.500000
1 0.940193 0.382765 0.119707 0.359444 0.500000
1 0.938547 0.385166 0.117140 0.354653 0.500000
1 0.941905 0.381873 0.122041 0.361298 0.500000
1 0.938745 0.382618 0.116807 0.359774 0.500000
1 0.940174 0.382620 0.119654 0.359773 0.500000
1 0.940192 0.381777 0.119693 0.361101 0.500000
1 0.940451 0.381880 0.119129 0.361287 0.500000
2 0.099946 0.325928 0.025130 0.026958 0.002473
2 0.097140 0.329213 0.025024 0.024031 0.006693
3 0.482031 0.312509 0.054555 0.052104 0.017986
3 0.484499 0.313263 0.050198 0.059100 0.500000
3 0.484509 0.314822 0.050208 0.055984 0.500000
3 0.485956 0.312561 0.053088 0.057686 0.500000
3 0.485973 0.312668 0.053074 0.057959 0.500000
3 0.519880 0.313831 0.024034 0.029231 0.002473
3 0.528261 0.312613 0.024728 0.021851 0.017986
3 0.097140 0.329213 0.025024 0.024031 0.002473
3 0.350248 0.318135 0.043665 0.052933 0.002473
3 0.472747 0.312412 0.035997 0.051675 0.017986
3 0.484498 0.314809 0.050201 0.056014 0.500000
3 0.484575 0.313268 0.050076 0.059093 0.500000
3 0.486024 0.314809 0.052954 0.056012 0.500000
3 0.484385 0.314019 0.050466 0.054623 0.500000
3 0.516256 0.316038 0.013494 0.025018 0.002473
3 0.526947 0.314172 0.022108 0.022490 0.006693
3 0.350629 0.318169 0.043068 0.053161 0.002473
