0 0.254806 0.323345 0.009691 0.046247 0.002473
1 0.004932 0.313801 0.010087 0.040636 0.002473
1 0.452862 0.317491 0.024995 0.031677 0.002473
1 0.451602 0.315094 0.028141 0.026796 0.002473
1 0.641968 0.329439 0.097174 0.133356 0.047426
1 0.642288 0.331858 0.096335 0.138283 0.002473
1 0.642103 0.331658 0.096712 0.138575 0.002473
1 0.007711 0.318066 0.009740 0.021138 0.002473
1 0.056316 0.320634 0.018579 0.026027 0.002473
1 0.083959 0.325328 0.027171 0.026434 0.002473
1 0.416344 0.328229 0.024337 0.021999 0.006693
1 0.450009 0.318887 0.025036 0.028926 0.119203
1 0.451487 0.318891 0.022178 0.028937 0.268941
1 0.531350 0.325303 0.018514 0.025709 0.268941
1 0.547804 0.327738 0.011365 0.020941 0.017986
1 0.556309 0.329293 0.012755 0.024060 0.017986
1 0.571860 0.328540 0.018857 0.032134 0.268941
1 0.584348 0.333310 0.018826 0.041676 0.268941
1 0.586550 0.333322 0.017392 0.051340 0.119203
1 0.642287 0.329307 0.096338 0.133103 0.017986
1 0.640829 0.331723 0.093424 0.137927 0.002473
1 0.641106 0.331631 0.092911 0.138241 0.002473
1 0.404351 0.335109 0.025536 0.028766 0.006693
1 0.415026 0.333802 0.029106 0.025225 0.002473
1 0.571800 0.329348 0.018971 0.033797 0.268941
1 0.586255 0.333321 0.016818 0.041735 0.268941
1 0.586562 0.333320 0.017376 0.051367 0.047426
1 0.642287 0.331599 0.096338 0.138178 0.017986
1 0.642711 0.330758 0.095387 0.130215 0.002473
1 0.642556 0.329205 0.095809 0.133442 0.002473
1 0.816083 0.385291 0.207254 0.177547 0.731059
1 0.816064 0.385306 0.207215 0.177448 0.500000
1 0.816098 0.385300 0.207193 0.177448 0.500000
1 0.816086 0.386823 0.207179 0.174478 0.731059
1 0.816247 0.385251 0.207581 0.177544 0.500000
1 0.816105 0.386914 0.207210 0.174632 0.500000
1 0.814646 0.383808 0.210056 0.174606 0.500000
1 0.816064 0.383806 0.207215 0.174604 0.500000
1 0.816088 0.385369 0.207173 0.177726 0.731059
1 0.816042 0.385394 0.207318 0.177695 0.731059
2 0.372163 0.324240 0.054497 0.065533 0.002473
2 0.641968 0.329439 0.097174 0.133356 0.047426
2 0.642288 0.331858 0.096335 0.138283 0.006693
2 0.642103 0.331658 0.096712 0.138575 0.047426
2 0.642287 0.329307 0.096338 0.133103 0.017986
2 0.640829 0.331723 0.093424 0.137927 0.002473
2 0.641106 0.331631 0.092911 0.138241 0.006693
2 0.642287 0.331599 0.096338 0.138178 0.047426
2 0.642711 0.330758 0.095387 0.130215 0.017986
2 0.642556 0.329205 0.095809 0.133442 0.006693
2 0.642725 0.332868 0.095414 0.135566 0.006693
3 0.373234 0.318831 0.054754 0.065654 0.006693
3 0.641968 0.329439 0.097174 0.133356 0.119203
3 0.642288 0.331858 0.096335 0.138283 0.119203
3 0.642103 0.331658 0.096712 0.138575 0.500000
3 0.450009 0.318887 0.025036 0.028926 0.006693
3 0.451487 0.318891 0.022178 0.028937 0.006693
3 0.531350 0.325303 0.018514 0.025709 0.006693
3 0.642287 0.329307 0.096338 0.133103 0.119203
3 0.640829 0.331723 0.093424 0.137927 0.268941
3 0.641106 0.331631 0.092911 0.138241 0.268941
3 0.642287 0.331599 0.096338 0.138178 0.119203
3 0.642711 0.330758 0.095387 0.130215 0.268941
3 0.642556 0.329205 0.095809 0.133442 0.500000
3 0.642725 0.332868 0.095414 0.135566 0.268941
3 0.641103 0.328909 0.092913 0.134023 0.017986
