0 0.762332 0.301905 0.025650 0.105996 0.002473
0 0.766106 0.280292 0.017930 0.071057 0.006693
0 0.180487 0.323975 0.020998 0.123061 0.047426
0 0.759351 0.325721 0.025119 0.146433 0.006693
0 0.767192 0.319690 0.022141 0.138874 0.006693
0 0.180566 0.330579 0.020834 0.130952 0.047426
0 0.759183 0.324353 0.025472 0.127704 0.006693
0 0.762750 0.322302 0.028043 0.135816 0.006693
0 0.180391 0.328939 0.020481 0.133924 0.017986
0 0.222859 0.333762 0.014992 0.052449 0.017986
0 0.225718 0.334452 0.014065 0.053661 0.017986
0 0.690849 0.333311 0.012638 0.032000 0.002473
0 0.761087 0.326061 0.028150 0.126622 0.002473
0 0.764247 0.328924 0.035646 0.146221 0.002473
0 0.996208 0.335917 0.008024 0.068823 0.017986
0 0.103261 0.357646 0.008982 0.049483 0.002473
0 0.157764 0.369159 0.009848 0.063965 0.002473
0 0.181323 0.330501 0.018595 0.130860 0.017986
0 0.194474 0.349061 0.020098 0.072051 0.002473
0 0.206277 0.348830 0.012713 0.049269 0.002473
0 0.222848 0.337347 0.015017 0.050334 0.017986
0 0.225726 0.336110 0.014036 0.057118 0.047426
0 0.281229 0.331037 0.012619 0.047002 0.002473
0 0.759213 0.325767 0.031894 0.136139 0.002473
0 0.996581 0.341904 0.006866 0.057837 0.017986
0 0.068758 0.364577 0.012653 0.031259 0.006693
0 0.132787 0.371013 0.009895 0.048436 0.002473
0 0.179998 0.329825 0.015946 0.131789 0.017986
0 0.223590 0.337893 0.017201 0.058743 0.017986
0 0.225649 0.339086 0.017971 0.062479 0.017986
0 0.757852 0.337666 0.039530 0.147965 0.002473
0 0.996583 0.352402 0.006861 0.037799 0.017986
0 0.181244 0.332577 0.019445 0.126614 0.047426
1 0.390548 0.298096 0.031544 0.028860 0.047426
1 0.390125 0.300494 0.030528 0.033662 0.119203
1 0.392256 0.299613 0.034981 0.025878 0.017986
1 0.513797 0.317550 0.022469 0.021977 0.017986
1 0.516649 0.318783 0.022649 0.013246 0.006693
1 0.671912 0.329295 0.013131 0.017748 0.047426
1 0.679712 0.331668 0.015626 0.022478 0.047426
1 0.690849 0.333311 0.012638 0.032000 0.268941
1 0.709389 0.333353 0.031328 0.041801 0.500000
1 0.714051 0.335325 0.026803 0.055415 0.119203
1 0.731171 0.343733 0.037383 0.062555 0.500000
1 0.729795 0.346131 0.034692 0.057690 0.268941
1 0.012509 0.361271 0.025049 0.037105 0.006693
1 0.012590 0.359199 0.024902 0.031663 0.006693
1 0.681414 0.332609 0.013180 0.024290 0.006693
1 0.689918 0.335749 0.010790 0.036847 0.268941
1 0.710048 0.335748 0.030809 0.046589 0.500000
1 0.729526 0.343650 0.035009 0.062325 0.268941
1 0.729756 0.346150 0.034647 0.057687 0.500000
1 0.731249 0.346154 0.037534 0.057694 0.268941
1 0.996581 0.341904 0.006866 0.057837 0.002473
1 0.013950 0.362219 0.027916 0.035252 0.500000
1 0.012521 0.362846 0.025013 0.033979 0.500000
1 0.041332 0.360593 0.023151 0.028825 0.268941
1 0.041367 0.360607 0.023067 0.028789 0.500000
1 0.096077 0.368572 0.017537 0.029493 0.002473
1 0.729726 0.343872 0.034508 0.062317 0.268941
1 0.731247 0.346190 0.037531 0.057655 0.500000
1 0.729810 0.346153 0.034641 0.057725 0.268941
1 0.996583 0.352402 0.006861 0.037799 0.006693
1 0.910040 0.424266 0.180018 0.255334 0.880797
1 0.912422 0.425916 0.181058 0.252380 0.731059
1 0.910103 0.425893 0.179881 0.252388 0.500000
1 0.909832 0.426021 0.180350 0.252170 0.731059
1 0.910023 0.425269 0.180034 0.250623 0.731059
1 0.909568 0.425908 0.180898 0.252369 0.731059
1 0.909387 0.425909 0.181270 0.252368 0.731059
1 0.910758 0.423669 0.178484 0.253797 0.500000
1 0.910031 0.426010 0.180026 0.252142 0.731059
1 0.909376 0.423663 0.181261 0.253789 0.731059
2 0.352871 0.293848 0.044948 0.036457 0.002473
3 0.510941 0.300746 0.034199 0.050386 0.006693
3 0.511825 0.301605 0.026778 0.045756 0.006693
3 0.390125 0.300494 0.030528 0.033662 0.002473
3 0.507827 0.303879 0.040414 0.048712 0.002473
3 0.516657 0.305095 0.023050 0.045095 0.002473
3 0.784200 0.319583 0.082398 0.080404 0.002473
4 0.159371 0.381322 0.013196 0.029118 0.002473
4 0.779622 0.363747 0.090283 0.200309 0.006693
4 0.778243 0.369234 0.087509 0.194347 0.002473
5 0.782094 0.370262 0.094193 0.187333 0.017986
5 0.783705 0.372075 0.095110 0.182728 0.268941
5 0.782929 0.370381 0.090873 0.187312 0.500000
5 0.782602 0.374053 0.091740 0.186346 0.268941
5 0.784122 0.378459 0.092614 0.177427 0.047426
5 0.996583 0.352402 0.006861 0.037799 0.002473
5 0.779622 0.363747 0.090283 0.200309 0.268941
5 0.779878 0.368722 0.090521 0.195801 0.268941
5 0.780213 0.370198 0.091782 0.186546 0.268941
5 0.784544 0.375489 0.093872 0.182206 0.268941
5 0.778375 0.371369 0.087746 0.190526 0.500000
5 0.781155 0.372278 0.087930 0.188707 0.500000
5 0.780666 0.374244 0.091402 0.185978 0.047426
5 0.778243 0.369234 0.087509 0.194347 0.002473
5 0.781189 0.371291 0.082077 0.190233 0.002473
