0 0.297009 0.300411 0.013623 0.085187 0.002473
0 0.296680 0.304844 0.012588 0.077947 0.017986
0 0.495196 0.296593 0.009628 0.042066 0.002473
0 0.700003 0.327941 0.025027 0.115022 0.119203
0 0.700115 0.328058 0.024911 0.114739 0.119203
0 0.735133 0.336134 0.029469 0.117698 0.006693
0 0.234153 0.330464 0.012542 0.068491 0.047426
0 0.251000 0.327673 0.011712 0.072818 0.002473
0 0.297580 0.304448 0.010642 0.078694 0.017986
0 0.333630 0.312510 0.007747 0.041773 0.047426
0 0.493745 0.301035 0.006749 0.039715 0.002473
0 0.698538 0.330538 0.022084 0.108502 0.268941
0 0.698567 0.326995 0.022124 0.112584 0.268941
0 0.235079 0.331429 0.010645 0.059616 0.006693
0 0.251484 0.331579 0.012556 0.062718 0.006693
0 0.296143 0.317510 0.007771 0.055585 0.006693
0 0.332689 0.310151 0.009641 0.046661 0.047426
0 0.495249 0.305117 0.009986 0.041086 0.002473
0 0.698526 0.330287 0.022055 0.109035 0.268941
0 0.700026 0.327072 0.019266 0.112451 0.268941
0 0.734337 0.343670 0.031382 0.115356 0.002473
0 0.882926 0.333016 0.010175 0.052702 0.002473
0 0.232705 0.335292 0.009646 0.058985 0.006693
0 0.251948 0.340933 0.009842 0.047428 0.002473
0 0.297612 0.327922 0.010721 0.042967 0.002473
0 0.332662 0.320830 0.009838 0.069055 0.006693
0 0.698564 0.328049 0.022130 0.113520 0.268941
0 0.698574 0.328153 0.022119 0.113328 0.268941
0 0.892217 0.338580 0.009824 0.052407 0.002473
0 0.978582 0.377454 0.017885 0.078920 0.006693
0 0.233657 0.338136 0.007841 0.064380 0.006693
0 0.699979 0.330477 0.019195 0.109918 0.500000
0 0.697652 0.328385 0.020197 0.114118 0.268941
0 0.946950 0.377222 0.013169 0.075322 0.002473
0 0.978787 0.382309 0.017562 0.080280 0.006693
0 0.698530 0.329593 0.022117 0.113646 0.006693
0 0.698672 0.331336 0.022026 0.110219 0.006693
0 0.731334 0.345146 0.031650 0.118073 0.002473
0 0.978649 0.382212 0.018078 0.070410 0.002473
0 0.980609 0.386023 0.020036 0.077295 0.002473
1 0.725867 0.321875 0.034021 0.072429 0.006693
1 0.766099 0.341672 0.042918 0.090429 0.500000
1 0.006392 0.342488 0.013458 0.044766 0.006693
1 0.723853 0.335178 0.028972 0.082768 0.002473
1 0.732955 0.343537 0.034126 0.115748 0.006693
1 0.734337 0.343670 0.031382 0.115356 0.017986
1 0.765828 0.344856 0.043436 0.090512 0.268941
1 0.767737 0.342031 0.045442 0.091037 0.500000
1 0.766115 0.343568 0.042910 0.087942 0.500000
1 0.007756 0.349594 0.015735 0.033332 0.002473
1 0.047761 0.349238 0.026766 0.031962 0.047426
1 0.063196 0.350171 0.033296 0.033712 0.268941
1 0.063390 0.350171 0.032925 0.033712 0.500000
1 0.092823 0.347734 0.026129 0.028858 0.268941
1 0.092862 0.347718 0.026047 0.028806 0.268941
1 0.093347 0.347778 0.027036 0.028996 0.047426
1 0.118231 0.343741 0.023231 0.020867 0.268941
1 0.155308 0.341272 0.020223 0.025800 0.119203
1 0.731909 0.342237 0.030472 0.118694 0.002473
1 0.733326 0.343740 0.033403 0.115440 0.002473
1 0.766281 0.343605 0.042531 0.094190 0.500000
1 0.766268 0.343317 0.042490 0.093617 0.500000
1 0.766114 0.342020 0.042915 0.091049 0.500000
1 0.839591 0.383433 0.143523 0.173765 0.731059
1 0.007773 0.354291 0.015702 0.031986 0.002473
1 0.044469 0.352625 0.020872 0.028912 0.119203
1 0.063195 0.351756 0.033295 0.036880 0.500000
1 0.063213 0.350209 0.033264 0.033768 0.500000
1 0.731331 0.347620 0.031654 0.112962 0.002473
1 0.766133 0.343724 0.042976 0.093927 0.268941
1 0.767738 0.342061 0.045414 0.090954 0.500000
1 0.766353 0.342176 0.042698 0.090745 0.268941
1 0.838775 0.385105 0.140793 0.170296 0.731059
1 0.838460 0.385134 0.141972 0.170407 0.500000
1 0.839109 0.385319 0.140743 0.170102 0.731059
1 0.766266 0.346323 0.043265 0.099063 0.002473
1 0.838914 0.382787 0.141075 0.172014 0.500000
1 0.838695 0.385134 0.141713 0.170413 0.731059
1 0.838644 0.386736 0.141619 0.173765 0.500000
1 0.838457 0.385015 0.141977 0.170611 0.500000
1 0.838989 0.385211 0.141225 0.176877 0.500000
1 0.838204 0.385213 0.138931 0.176854 0.731059
2 0.380460 0.285366 0.095899 0.055086 0.002473
2 0.374350 0.289283 0.085485 0.057869 0.002473
2 0.377885 0.288991 0.086009 0.057286 0.002473
2 0.381452 0.289056 0.096950 0.057417 0.002473
2 0.386616 0.287626 0.102540 0.050317 0.006693
2 0.376391 0.288285 0.091409 0.058884 0.006693
2 0.381769 0.289014 0.095044 0.056937 0.002473
2 0.006392 0.342488 0.013458 0.044766 0.006693
2 0.007756 0.349594 0.015735 0.033332 0.006693
3 0.725867 0.321875 0.034021 0.072429 0.006693
3 0.766099 0.341672 0.042918 0.090429 0.002473
3 0.006392 0.342488 0.013458 0.044766 0.002473
3 0.007756 0.349594 0.015735 0.033332 0.002473
3 0.766268 0.343317 0.042490 0.093617 0.002473
4 0.731152 0.343613 0.037747 0.114814 0.002473
4 0.732489 0.341369 0.034857 0.120291 0.006693
4 0.730432 0.341192 0.038960 0.119781 0.002473
4 0.731334 0.345146 0.031650 0.118073 0.006693
5 0.733346 0.345451 0.033346 0.118241 0.017986
5 0.723853 0.335178 0.028972 0.082768 0.017986
5 0.732955 0.343537 0.034126 0.115748 0.268941
5 0.734337 0.343670 0.031382 0.115356 0.119203
5 0.731152 0.343613 0.037747 0.114814 0.047426
5 0.731909 0.342237 0.030472 0.118694 0.500000
5 0.733326 0.343740 0.033403 0.115440 0.268941
5 0.732489 0.341369 0.034857 0.120291 0.119203
5 0.731909 0.344315 0.030472 0.119537 0.500000
5 0.731331 0.347620 0.031654 0.112962 0.268941
5 0.730432 0.341192 0.038960 0.119781 0.047426
5 0.731457 0.344522 0.031345 0.119273 0.500000
5 0.731334 0.345146 0.031650 0.118073 0.268941
