1 0.443756 0.320496 0.037516 0.041816 0.268941
1 0.443750 0.321206 0.037490 0.043215 0.268941
1 0.443745 0.320500 0.037531 0.041807 0.268941
1 0.495184 0.316465 0.024956 0.033769 0.002473
1 0.497119 0.316458 0.024995 0.033746 0.002473
1 0.443752 0.321979 0.037507 0.041670 0.731059
1 0.445196 0.321963 0.040382 0.041635 0.731059
1 0.443752 0.321963 0.037504 0.041636 0.500000
1 0.473812 0.318081 0.013119 0.020891 0.017986
1 0.477385 0.322914 0.014456 0.020841 0.268941
1 0.496120 0.321286 0.023080 0.033727 0.268941
1 0.496178 0.318765 0.023126 0.029149 0.268941
1 0.443748 0.321931 0.037514 0.044408 0.006693
2 0.477891 0.300728 0.026217 0.044549 0.002473
2 0.481408 0.300977 0.038995 0.044642 0.002473
2 0.467327 0.309987 0.010229 0.027098 0.006693
