1 0.342173 0.324458 0.040585 0.049786 0.268941
1 0.340848 0.322898 0.037505 0.052885 0.268941
1 0.342285 0.322899 0.040451 0.052891 0.268941
1 0.028810 0.342750 0.049860 0.051694 0.002473
1 0.137709 0.350092 0.106333 0.075347 0.500000
1 0.136584 0.349974 0.104072 0.075115 0.268941
1 0.141055 0.346802 0.107615 0.078454 0.500000
1 0.184628 0.341308 0.062584 0.057648 0.119203
1 0.183806 0.341307 0.067065 0.057693 0.268941
1 0.184230 0.341307 0.062478 0.057692 0.268941
1 0.185317 0.341269 0.063953 0.057637 0.268941
1 0.311021 0.338025 0.027856 0.032223 0.119203
1 0.311070 0.338332 0.027882 0.031617 0.268941
1 0.343723 0.325324 0.037528 0.057678 0.119203
1 0.340856 0.324479 0.037522 0.049740 0.268941
1 0.342281 0.322918 0.034678 0.052867 0.119203
1 0.377398 0.328587 0.030145 0.032230 0.268941
1 0.377492 0.331712 0.029999 0.028815 0.500000
1 0.399968 0.326886 0.025071 0.028805 0.268941
1 0.401469 0.326884 0.022091 0.028780 0.268941
1 0.423454 0.327729 0.021934 0.020852 0.268941
1 0.422696 0.327735 0.020103 0.020863 0.119203
1 0.442323 0.330853 0.015484 0.020843 0.268941
1 0.453353 0.330848 0.012601 0.020855 0.002473
1 0.488942 0.328597 0.022118 0.032255 0.268941
1 0.488944 0.331005 0.022122 0.027447 0.268941
1 0.137646 0.347611 0.106104 0.079870 0.731059
1 0.138183 0.349377 0.107174 0.073787 0.500000
1 0.136568 0.349258 0.104040 0.073550 0.500000
1 0.137455 0.349262 0.105624 0.073543 0.268941
1 0.185383 0.343764 0.064170 0.062570 0.268941
1 0.184914 0.338885 0.061361 0.062384 0.268941
1 0.183811 0.341324 0.067061 0.057644 0.268941
1 0.185210 0.341313 0.064272 0.057713 0.500000
1 0.227107 0.346059 0.016798 0.026129 0.002473
1 0.264141 0.345265 0.044062 0.033786 0.006693
1 0.266238 0.345305 0.042455 0.033596 0.500000
1 0.264887 0.346157 0.039459 0.025687 0.500000
1 0.266264 0.343741 0.042492 0.030495 0.500000
1 0.312467 0.338542 0.024963 0.031262 0.731059
1 0.312521 0.338542 0.024967 0.031267 0.500000
1 0.340847 0.322970 0.037509 0.052772 0.119203
1 0.340847 0.324493 0.037503 0.049727 0.268941
1 0.343731 0.324491 0.037561 0.049737 0.268941
1 0.376431 0.331792 0.027999 0.028937 0.500000
1 0.375924 0.331043 0.032737 0.027436 0.500000
1 0.488942 0.331019 0.022123 0.027446 0.500000
1 0.487501 0.328620 0.025007 0.032256 0.500000
1 0.137708 0.350122 0.106330 0.075304 0.731059
1 0.137699 0.349366 0.106320 0.073809 0.500000
1 0.139217 0.349253 0.109422 0.073570 0.500000
1 0.183249 0.343730 0.064686 0.062601 0.500000
1 0.184470 0.341345 0.067540 0.057696 0.268941
1 0.185328 0.341344 0.063931 0.057751 0.268941
2 0.554078 0.307540 0.027640 0.032168 0.006693
2 0.553727 0.307310 0.026359 0.031444 0.002473
2 0.551781 0.316308 0.023525 0.035878 0.006693
2 0.557878 0.315348 0.032417 0.036247 0.006693
2 0.562996 0.319358 0.032831 0.037708 0.002473
3 0.342173 0.324458 0.040585 0.049786 0.047426
3 0.340848 0.322898 0.037505 0.052885 0.047426
3 0.342285 0.322899 0.040451 0.052891 0.047426
3 0.343723 0.325324 0.037528 0.057678 0.119203
3 0.340856 0.324479 0.037522 0.049740 0.119203
3 0.342281 0.322918 0.034678 0.052867 0.119203
3 0.399968 0.326886 0.025071 0.028805 0.006693
3 0.401469 0.326884 0.022091 0.028780 0.006693
3 0.312467 0.338542 0.024963 0.031262 0.002473
3 0.340847 0.322970 0.037509 0.052772 0.119203
3 0.340847 0.324493 0.037503 0.049727 0.119203
3 0.343731 0.324491 0.037561 0.049737 0.047426
