0 0.293778 0.308446 0.012616 0.059442 0.017986
0 0.398304 0.319229 0.015927 0.098040 0.119203
0 0.396882 0.310097 0.025615 0.063600 0.002473
0 0.034150 0.320340 0.012541 0.057386 0.119203
0 0.039227 0.317712 0.022552 0.042549 0.002473
0 0.295192 0.309721 0.009642 0.047736 0.047426
0 0.396873 0.316288 0.018774 0.099793 0.119203
0 0.400259 0.312573 0.018733 0.043295 0.006693
0 0.545480 0.317194 0.010322 0.053242 0.002473
0 0.034150 0.320453 0.012539 0.057585 0.119203
0 0.039321 0.320259 0.016209 0.047418 0.002473
0 0.292295 0.309738 0.009649 0.047456 0.047426
0 0.396879 0.315233 0.018761 0.102634 0.500000
0 0.397841 0.322532 0.019833 0.053524 0.017986
0 0.545208 0.320221 0.009748 0.047444 0.006693
0 0.032724 0.322926 0.009688 0.062493 0.119203
0 0.037131 0.320572 0.014446 0.057869 0.006693
0 0.101709 0.314581 0.030561 0.063559 0.006693
0 0.107613 0.317473 0.015720 0.064039 0.017986
0 0.396874 0.315474 0.018758 0.102769 0.500000
0 0.397185 0.320066 0.019347 0.092717 0.119203
0 0.545229 0.322942 0.009699 0.052984 0.002473
0 0.396862 0.318843 0.018799 0.102753 0.500000
0 0.397661 0.321550 0.020219 0.091127 0.017986
0 0.004786 0.489225 0.009786 0.358584 0.002473
0 0.004753 0.536278 0.009750 0.261643 0.006693
0 0.004764 0.577331 0.009776 0.190048 0.017986
0 0.003817 0.587976 0.007884 0.157931 0.002473
1 0.045523 0.316938 0.029252 0.042382 0.002473
1 0.093593 0.308518 0.062896 0.049680 0.268941
1 0.093789 0.308525 0.062236 0.049633 0.268941
1 0.092534 0.310090 0.059006 0.046501 0.268941
1 0.092535 0.308538 0.058847 0.049629 0.268941
1 0.121853 0.310042 0.018804 0.036762 0.119203
1 0.122600 0.312369 0.020300 0.031799 0.017986
1 0.177269 0.313938 0.045186 0.029079 0.017986
1 0.181255 0.314027 0.050074 0.028935 0.047426
1 0.187005 0.314784 0.044201 0.027388 0.047426
1 0.187556 0.312474 0.043797 0.025779 0.047426
1 0.188635 0.314017 0.038270 0.028944 0.047426
1 0.376040 0.319799 0.032896 0.046689 0.268941
1 0.375055 0.318924 0.030880 0.044964 0.268941
1 0.400259 0.312573 0.018733 0.043295 0.017986
1 0.426441 0.316457 0.022122 0.033751 0.268941
1 0.425002 0.316464 0.025005 0.033737 0.500000
1 0.464813 0.312430 0.010893 0.022697 0.006693
1 0.489978 0.314891 0.030012 0.036917 0.500000
1 0.489922 0.314896 0.029846 0.046505 0.268941
1 0.047888 0.316654 0.023738 0.033630 0.002473
1 0.092137 0.310904 0.060000 0.054623 0.047426
1 0.092357 0.312484 0.059341 0.051370 0.119203
1 0.092564 0.308532 0.058946 0.049701 0.268941
1 0.092240 0.310165 0.055583 0.046979 0.119203
1 0.119744 0.312514 0.020483 0.032041 0.268941
1 0.120702 0.312529 0.022296 0.032080 0.047426
1 0.181643 0.314226 0.053826 0.028659 0.006693
1 0.181773 0.314240 0.049259 0.028565 0.017986
1 0.185196 0.314993 0.044070 0.027059 0.047426
1 0.187775 0.315300 0.042662 0.026448 0.017986
1 0.186983 0.315298 0.041571 0.026512 0.017986
1 0.259329 0.320487 0.019100 0.016118 0.002473
1 0.319778 0.322733 0.023375 0.021252 0.002473
1 0.346351 0.320507 0.018076 0.016109 0.017986
1 0.347813 0.320436 0.019892 0.016356 0.006693
1 0.376033 0.321252 0.032909 0.043309 0.500000
1 0.375044 0.319058 0.030859 0.045170 0.500000
1 0.397841 0.322532 0.019833 0.053524 0.017986
1 0.426446 0.316468 0.022143 0.033740 0.500000
1 0.425002 0.318896 0.025006 0.038509 0.500000
1 0.462197 0.314800 0.014985 0.021291 0.006693
1 0.465823 0.316478 0.012583 0.017854 0.268941
1 0.489915 0.317311 0.029856 0.041693 0.731059
1 0.489895 0.312513 0.029792 0.041657 0.500000
1 0.522345 0.313644 0.019748 0.023538 0.017986
1 0.522664 0.316018 0.020347 0.025023 0.002473
1 0.376009 0.322336 0.032987 0.044835 0.006693
1 0.376108 0.321908 0.032484 0.044449 0.002473
1 0.003853 0.650692 0.007787 0.032366 0.002473
2 0.093593 0.308518 0.062896 0.049680 0.002473
2 0.522326 0.310701 0.019736 0.028693 0.002473
2 0.092137 0.310904 0.060000 0.054623 0.002473
2 0.522345 0.313644 0.019748 0.023538 0.002473
3 0.093593 0.308518 0.062896 0.049680 0.006693
3 0.093789 0.308525 0.062236 0.049633 0.017986
3 0.092534 0.310090 0.059006 0.046501 0.006693
3 0.092535 0.308538 0.058847 0.049629 0.006693
3 0.489978 0.314891 0.030012 0.036917 0.006693
3 0.522326 0.310701 0.019736 0.028693 0.119203
3 0.522656 0.310817 0.020363 0.028949 0.047426
3 0.092357 0.312484 0.059341 0.051370 0.006693
3 0.092240 0.310165 0.055583 0.046979 0.002473
3 0.375044 0.319058 0.030859 0.045170 0.002473
3 0.465823 0.316478 0.012583 0.017854 0.002473
3 0.489915 0.317311 0.029856 0.041693 0.002473
3 0.522345 0.313644 0.019748 0.023538 0.047426
3 0.522664 0.316018 0.020347 0.025023 0.047426
5 0.397841 0.322532 0.019833 0.053524 0.002473
