1 0.234331 0.342580 0.044335 0.044500 0.002473
1 0.234800 0.341761 0.045390 0.042710 0.047426
1 0.232791 0.339886 0.047659 0.038963 0.047426
1 0.236069 0.340928 0.053572 0.041202 0.002473
1 0.385131 0.333278 0.060754 0.051482 0.500000
1 0.383676 0.333324 0.057678 0.051325 0.500000
1 0.384130 0.334859 0.056781 0.054487 0.500000
1 0.385562 0.334848 0.059650 0.054541 0.500000
1 0.384195 0.334873 0.056635 0.054507 0.731059
1 0.193208 0.350654 0.042730 0.018847 0.002473
1 0.235288 0.341150 0.045808 0.047303 0.002473
1 0.234300 0.341834 0.044393 0.042626 0.002473
1 0.233941 0.339967 0.044851 0.038839 0.017986
1 0.234205 0.341873 0.051530 0.042768 0.017986
1 0.320448 0.340134 0.046644 0.028355 0.002473
1 0.326686 0.335918 0.040987 0.036644 0.002473
1 0.384079 0.331769 0.056848 0.054468 0.268941
1 0.385116 0.333328 0.060556 0.051319 0.500000
1 0.385119 0.334896 0.060555 0.054413 0.731059
1 0.385185 0.337312 0.060410 0.049591 0.500000
1 0.384126 0.333311 0.056768 0.051361 0.500000
1 0.232647 0.343952 0.043831 0.046626 0.006693
2 0.459971 0.312473 0.014290 0.025825 0.006693
2 0.459439 0.316045 0.013151 0.025009 0.002473
3 0.459971 0.312473 0.014290 0.025825 0.006693
3 0.470174 0.314791 0.009789 0.021229 0.002473
3 0.083825 0.375300 0.107356 0.107883 0.731059
3 0.083857 0.375281 0.107375 0.107946 0.500000
3 0.083345 0.375239 0.108394 0.107934 0.500000
3 0.082916 0.375233 0.109205 0.107946 0.500000
3 0.082937 0.375679 0.109225 0.105843 0.500000
3 0.083893 0.375281 0.107295 0.107863 0.500000
3 0.084302 0.375279 0.106400 0.107852 0.500000
3 0.082936 0.375261 0.109225 0.107891 0.731059
3 0.083792 0.375069 0.107493 0.108747 0.731059
3 0.082937 0.375376 0.109158 0.108133 0.500000
