0 0.467332 0.308586 0.009827 0.059833 0.002473
0 0.458897 0.312355 0.008488 0.031995 0.002473
0 0.470203 0.312122 0.009674 0.042667 0.047426
0 0.479777 0.307329 0.009716 0.031425 0.047426
0 0.491363 0.310067 0.007759 0.036899 0.119203
0 0.507198 0.307362 0.004922 0.031438 0.002473
0 0.557692 0.312469 0.009625 0.031996 0.119203
0 0.767219 0.317081 0.009832 0.042645 0.006693
0 0.459977 0.316036 0.014314 0.025195 0.002473
0 0.470177 0.312434 0.009675 0.041930 0.047426
0 0.479574 0.308545 0.010201 0.033906 0.017986
0 0.491363 0.312498 0.007758 0.041680 0.268941
0 0.504777 0.308657 0.009716 0.033735 0.006693
0 0.556249 0.314245 0.006728 0.028604 0.119203
0 0.766288 0.321345 0.008015 0.040150 0.006693
0 0.928869 0.345301 0.007766 0.034464 0.002473
1 0.154721 0.312537 0.134656 0.134772 0.880797
1 0.154775 0.312654 0.134538 0.135016 0.731059
1 0.076900 0.299293 0.022214 0.027278 0.002473
1 0.154677 0.312546 0.134473 0.134779 0.500000
1 0.153837 0.312540 0.132760 0.134790 0.500000
1 0.153813 0.314072 0.132706 0.137806 0.731059
1 0.231415 0.312440 0.018677 0.025706 0.119203
1 0.259627 0.312499 0.044272 0.041701 0.500000
1 0.260099 0.314879 0.045229 0.046536 0.500000
1 0.261019 0.314883 0.047037 0.046530 0.268941
1 0.260102 0.312495 0.045282 0.041687 0.268941
1 0.295232 0.311141 0.021302 0.023086 0.500000
1 0.295708 0.309394 0.022278 0.025847 0.017986
1 0.336050 0.310125 0.022117 0.027311 0.268941
1 0.337501 0.311679 0.025004 0.024199 0.500000
1 0.654803 0.307645 0.034632 0.041727 0.500000
1 0.654804 0.307651 0.040396 0.041654 0.500000
1 0.654788 0.308512 0.034663 0.033745 0.268941
1 0.686013 0.312432 0.022074 0.025674 0.268941
1 0.686043 0.312478 0.022171 0.025769 0.268941
1 0.706250 0.311702 0.018711 0.021216 0.119203
1 0.710345 0.310949 0.019916 0.022731 0.002473
1 0.035954 0.338989 0.053059 0.040255 0.002473
1 0.152312 0.314806 0.135419 0.130111 0.731059
1 0.152357 0.312470 0.135621 0.134784 0.500000
1 0.153815 0.312552 0.132709 0.134784 0.500000
1 0.231226 0.315610 0.018401 0.025838 0.119203
1 0.260075 0.312498 0.045171 0.041680 0.500000
1 0.260108 0.314912 0.045247 0.046487 0.731059
1 0.260081 0.312500 0.045159 0.041683 0.500000
1 0.260122 0.314910 0.045242 0.046492 0.500000
1 0.294758 0.309912 0.020453 0.026782 0.017986
1 0.294575 0.311478 0.023808 0.023674 0.006693
1 0.337470 0.311769 0.024957 0.024318 0.500000
1 0.337510 0.312549 0.019218 0.025816 0.500000
1 0.656246 0.310073 0.037519 0.036901 0.500000
1 0.654806 0.307685 0.034623 0.041678 0.731059
1 0.653358 0.307663 0.037521 0.041722 0.500000
1 0.686012 0.312527 0.022075 0.025763 0.500000
1 0.683672 0.312528 0.023152 0.025763 0.268941
1 0.706250 0.312263 0.022191 0.022065 0.119203
1 0.733358 0.320436 0.017104 0.016680 0.002473
1 0.746626 0.325458 0.012697 0.026213 0.002473
1 0.006559 0.350142 0.013196 0.024742 0.002473
1 0.038350 0.345250 0.042460 0.033753 0.268941
1 0.037573 0.342182 0.044055 0.033614 0.500000
1 0.037760 0.343722 0.043713 0.030534 0.119203
1 0.040106 0.343727 0.044809 0.030554 0.119203
1 0.152330 0.312461 0.135419 0.134806 0.731059
1 0.152312 0.312501 0.135476 0.134892 0.880797
1 0.743602 0.328020 0.013252 0.043166 0.002473
2 0.154677 0.312546 0.134473 0.134779 0.047426
2 0.152312 0.314806 0.135419 0.130111 0.047426
2 0.152330 0.312461 0.135419 0.134806 0.002473
4 0.459977 0.316036 0.014314 0.025195 0.006693
4 0.470177 0.312434 0.009675 0.041930 0.002473
