1 0.253023 0.317401 0.100122 0.073534 0.731059
1 0.252908 0.317285 0.099990 0.073771 0.500000
1 0.252987 0.317589 0.099855 0.073156 0.500000
1 0.315046 0.316375 0.030765 0.033960 0.006693
1 0.315578 0.318860 0.031441 0.038614 0.017986
1 0.386014 0.316470 0.052866 0.033759 0.500000
1 0.384607 0.314903 0.050019 0.036864 0.500000
1 0.384574 0.314899 0.050074 0.036882 0.500000
1 0.384514 0.314920 0.050202 0.036918 0.500000
1 0.435136 0.314000 0.035774 0.029070 0.017986
1 0.436609 0.314799 0.036464 0.027417 0.500000
1 0.436956 0.314051 0.035675 0.028914 0.500000
1 0.468271 0.313088 0.025231 0.024028 0.119203
1 0.467862 0.312432 0.026042 0.022676 0.268941
1 0.468794 0.311680 0.026106 0.024193 0.017986
1 0.516357 0.310025 0.017296 0.020855 0.119203
1 0.538946 0.310954 0.012595 0.022727 0.006693
1 0.959739 0.319941 0.080729 0.073214 0.006693
1 0.961890 0.322532 0.076240 0.079529 0.002473
1 0.971638 0.319206 0.056731 0.073358 0.002473
1 0.034988 0.338213 0.054955 0.051528 0.500000
1 0.035032 0.338215 0.055028 0.051514 0.500000
1 0.035011 0.337348 0.054981 0.049781 0.268941
1 0.035787 0.340632 0.053446 0.046688 0.731059
1 0.251549 0.317703 0.097200 0.072948 0.731059
1 0.252938 0.317281 0.100047 0.073769 0.731059
1 0.253841 0.317281 0.101895 0.073768 0.500000
1 0.253011 0.317281 0.099904 0.073780 0.500000
1 0.316411 0.318018 0.027172 0.030691 0.268941
1 0.315356 0.318017 0.031072 0.030689 0.119203
1 0.316084 0.317669 0.033333 0.031432 0.017986
1 0.384583 0.317318 0.050013 0.041679 0.500000
1 0.383674 0.316480 0.051885 0.033741 0.500000
1 0.384599 0.316475 0.050030 0.033733 0.500000
1 0.383642 0.317329 0.051952 0.041699 0.500000
1 0.435622 0.315003 0.034936 0.027106 0.047426
1 0.436792 0.314123 0.036101 0.028808 0.500000
1 0.436957 0.314086 0.035667 0.028891 0.500000
1 0.467750 0.312533 0.025982 0.022796 0.268941
1 0.467836 0.312818 0.026093 0.022182 0.500000
1 0.468317 0.312833 0.027060 0.022151 0.017986
1 0.538949 0.315620 0.012587 0.016579 0.017986
1 0.557635 0.318928 0.021106 0.028828 0.500000
1 0.557107 0.321297 0.023744 0.033749 0.002473
1 0.959543 0.322045 0.080287 0.076385 0.006693
1 0.959892 0.321909 0.080265 0.076641 0.002473
1 0.961472 0.321780 0.076970 0.077803 0.006693
1 0.975409 0.318946 0.049320 0.083527 0.002473
1 0.010245 0.344019 0.014846 0.043454 0.002473
1 0.035006 0.338115 0.054991 0.051249 0.268941
1 0.035082 0.338121 0.054839 0.051231 0.500000
1 0.035020 0.338119 0.054993 0.051235 0.268941
1 0.035023 0.340526 0.054973 0.046436 0.500000
1 0.253010 0.317402 0.100103 0.073536 0.500000
1 0.252912 0.317287 0.100000 0.073773 0.731059
1 0.251530 0.317404 0.102769 0.073539 0.500000
1 0.957848 0.320185 0.077628 0.070345 0.002473
1 0.958107 0.321781 0.078004 0.081315 0.017986
1 0.959984 0.324022 0.074269 0.086051 0.017986
1 0.005999 0.351291 0.013198 0.053575 0.006693
1 0.035013 0.341443 0.054997 0.048284 0.017986
1 0.035012 0.339060 0.054983 0.053078 0.017986
1 0.956957 0.339180 0.086641 0.105234 0.006693
1 0.965595 0.335069 0.068978 0.109028 0.002473
2 0.538946 0.310954 0.012595 0.022727 0.017986
2 0.678858 0.307179 0.023602 0.031903 0.002473
2 0.679495 0.306572 0.022255 0.029856 0.002473
3 0.315046 0.316375 0.030765 0.033960 0.002473
3 0.315578 0.318860 0.031441 0.038614 0.002473
3 0.516357 0.310025 0.017296 0.020855 0.017986
3 0.538946 0.310954 0.012595 0.022727 0.017986
3 0.316411 0.318018 0.027172 0.030691 0.017986
3 0.315356 0.318017 0.031072 0.030689 0.002473
3 0.538949 0.315620 0.012587 0.016579 0.002473
4 0.005999 0.351291 0.013198 0.053575 0.002473
