0 0.489981 0.317964 0.014859 0.043134 0.002473
0 0.917234 0.339004 0.015705 0.111115 0.002473
0 0.985362 0.327872 0.014996 0.114227 0.002473
0 0.917127 0.353755 0.016328 0.129872 0.002473
0 0.985347 0.327938 0.015058 0.115661 0.002473
0 0.914154 0.363998 0.016865 0.148117 0.002473
0 0.985674 0.327144 0.016314 0.124313 0.002473
0 0.908088 0.372140 0.029205 0.164801 0.002473
0 0.942256 0.357980 0.015959 0.095998 0.002473
0 0.900926 0.385931 0.037722 0.195719 0.002473
0 0.905495 0.380812 0.042189 0.196673 0.002473
1 0.361549 0.321748 0.056903 0.051411 0.017986
1 0.369036 0.322857 0.063702 0.052905 0.119203
1 0.368724 0.325262 0.063172 0.057697 0.500000
1 0.368596 0.322825 0.068554 0.053055 0.500000
1 0.373127 0.320152 0.059632 0.058399 0.047426
1 0.567968 0.321916 0.020640 0.050950 0.017986
1 0.590523 0.333266 0.050151 0.073623 0.268941
1 0.589918 0.335716 0.054856 0.078520 0.500000
1 0.589976 0.335712 0.054741 0.078512 0.268941
1 0.021893 0.347802 0.043763 0.210568 0.268941
1 0.359850 0.322897 0.057627 0.062889 0.047426
1 0.367175 0.322879 0.065755 0.062443 0.268941
1 0.368786 0.325294 0.062648 0.057745 0.500000
1 0.369819 0.322979 0.066131 0.052743 0.268941
1 0.373045 0.324745 0.059759 0.049291 0.047426
1 0.466212 0.329352 0.052511 0.038560 0.002473
1 0.470139 0.326882 0.046489 0.044920 0.500000
1 0.470401 0.326879 0.046717 0.044918 0.500000
1 0.470335 0.326928 0.046858 0.044842 0.500000
1 0.485309 0.325040 0.019884 0.041804 0.017986
1 0.513420 0.320488 0.017365 0.016117 0.017986
1 0.514631 0.322907 0.014966 0.020863 0.119203
1 0.552387 0.320514 0.010713 0.016046 0.017986
1 0.564878 0.323689 0.014473 0.043353 0.119203
1 0.591393 0.333329 0.051886 0.073698 0.731059
1 0.588984 0.335742 0.052970 0.078498 0.500000
1 0.590459 0.335738 0.050018 0.078508 0.268941
1 0.718749 0.340128 0.212731 0.263730 0.017986
1 0.019977 0.346397 0.045757 0.214741 0.731059
1 0.021705 0.348947 0.043382 0.218803 0.268941
1 0.021413 0.350290 0.042896 0.215212 0.268941
1 0.356525 0.322227 0.055945 0.070073 0.002473
1 0.365118 0.323241 0.063590 0.062037 0.268941
1 0.368600 0.322971 0.068671 0.052795 0.500000
1 0.370258 0.325433 0.065248 0.057499 0.268941
1 0.379198 0.326351 0.047453 0.055713 0.017986
1 0.470141 0.328546 0.046490 0.051253 0.500000
1 0.470414 0.326891 0.046691 0.044930 0.731059
1 0.469890 0.326885 0.045924 0.044942 0.268941
1 0.475282 0.326399 0.038127 0.045959 0.047426
1 0.565969 0.327742 0.012929 0.054552 0.002473
1 0.589947 0.335733 0.054787 0.078514 0.500000
1 0.589940 0.335726 0.054801 0.078479 0.500000
1 0.591387 0.335738 0.051923 0.078504 0.268941
1 0.718799 0.340999 0.212602 0.255578 0.731059
1 0.718748 0.339302 0.212584 0.261947 0.731059
1 0.718771 0.341717 0.212543 0.257097 0.731059
1 0.856066 0.370059 0.062348 0.107003 0.002473
1 0.866216 0.366155 0.087848 0.123219 0.017986
1 0.868872 0.364371 0.087327 0.127685 0.047426
1 0.869773 0.367827 0.086121 0.126930 0.047426
1 0.882209 0.369374 0.067499 0.136487 0.006693
1 0.021417 0.353241 0.042882 0.220693 0.500000
1 0.021441 0.353706 0.042854 0.218612 0.268941
1 0.021417 0.348961 0.042892 0.218747 0.500000
1 0.591381 0.335748 0.051926 0.078520 0.268941
1 0.718744 0.338944 0.212494 0.260867 0.731059
1 0.717293 0.339345 0.215494 0.261892 0.731059
1 0.718825 0.338973 0.212650 0.260791 0.731059
1 0.845814 0.384099 0.047697 0.061130 0.002473
1 0.864502 0.372269 0.079036 0.103446 0.017986
1 0.868319 0.363909 0.086657 0.126629 0.047426
1 0.870362 0.364912 0.090768 0.126651 0.047426
1 0.021408 0.348846 0.042965 0.219419 0.268941
1 0.021887 0.348893 0.043782 0.218959 0.268941
1 0.021415 0.348920 0.042885 0.218974 0.500000
1 0.718736 0.338854 0.212478 0.261046 0.500000
1 0.718783 0.341681 0.212653 0.257163 0.500000
1 0.718791 0.339602 0.212501 0.262539 0.731059
1 0.847538 0.384834 0.045239 0.064333 0.002473
1 0.854897 0.387498 0.059811 0.069757 0.006693
1 0.863617 0.381429 0.077259 0.091498 0.006693
1 0.865406 0.367303 0.086715 0.120094 0.047426
1 0.868878 0.367671 0.094441 0.126175 0.119203
1 0.720232 0.338563 0.209753 0.260415 0.047426
1 0.846018 0.386727 0.042533 0.072018 0.002473
1 0.854622 0.385880 0.065024 0.076312 0.002473
1 0.861801 0.380881 0.073639 0.099427 0.017986
1 0.863736 0.368015 0.077820 0.119606 0.119203
1 0.869409 0.371982 0.088806 0.120073 0.017986
1 0.860566 0.381883 0.070942 0.103378 0.002473
1 0.236121 0.393960 0.286676 0.300618 0.924142
1 0.237398 0.390176 0.291500 0.297615 0.924142
1 0.239666 0.391272 0.291391 0.295525 0.924142
1 0.234891 0.391355 0.284043 0.295324 0.268941
1 0.234772 0.395877 0.286366 0.291713 0.924142
1 0.237502 0.393287 0.291508 0.286512 0.904651
1 0.241777 0.394549 0.289336 0.289024 0.904651
1 0.236687 0.394460 0.286387 0.289089 0.924142
1 0.234852 0.393962 0.289118 0.276925 0.904651
1 0.237870 0.394880 0.290773 0.283966 0.924142
1 0.240160 0.396218 0.289938 0.281406 0.924142
2 0.512266 0.314687 0.019590 0.037156 0.002473
2 0.513885 0.313992 0.017235 0.029006 0.006693
3 0.424559 0.308580 0.044087 0.059854 0.047426
3 0.426157 0.308354 0.046709 0.059238 0.047426
3 0.423462 0.308355 0.047114 0.059236 0.047426
3 0.427596 0.309285 0.045581 0.061355 0.047426
3 0.423348 0.304710 0.041662 0.057725 0.047426
3 0.424959 0.308490 0.044055 0.059281 0.017986
3 0.424500 0.306085 0.049169 0.054530 0.017986
3 0.426371 0.306984 0.047970 0.055494 0.006693
3 0.512266 0.314687 0.019590 0.037156 0.017986
3 0.513885 0.313992 0.017235 0.029006 0.017986
3 0.422350 0.309488 0.039171 0.057614 0.006693
3 0.422500 0.314694 0.042907 0.047200 0.006693
3 0.513420 0.320488 0.017365 0.016117 0.002473
3 0.514631 0.322907 0.014966 0.020863 0.002473
4 0.901904 0.384260 0.035647 0.186015 0.006693
4 0.900926 0.385931 0.037722 0.195719 0.006693
4 0.902069 0.380661 0.036057 0.196904 0.017986
4 0.902782 0.380188 0.040462 0.197573 0.002473
4 0.901313 0.383858 0.037648 0.191037 0.006693
4 0.902251 0.380581 0.035690 0.196841 0.006693
4 0.903475 0.378140 0.038150 0.192277 0.017986
4 0.901296 0.387255 0.037617 0.183871 0.002473
4 0.903064 0.382026 0.037307 0.194249 0.006693
4 0.905495 0.380812 0.042189 0.196673 0.006693
4 0.903143 0.384666 0.037152 0.198676 0.002473
4 0.905489 0.377732 0.042192 0.202918 0.002473
5 0.466212 0.329352 0.052511 0.038560 0.002473
5 0.899799 0.376908 0.038045 0.162950 0.002473
5 0.898559 0.384204 0.040427 0.173765 0.006693
5 0.901904 0.384260 0.035647 0.186015 0.006693
5 0.900926 0.385931 0.037722 0.195719 0.119203
5 0.902069 0.380661 0.036057 0.196904 0.017986
5 0.901313 0.383858 0.037648 0.191037 0.119203
5 0.902251 0.380581 0.035690 0.196841 0.047426
5 0.903475 0.378140 0.038150 0.192277 0.006693
5 0.901296 0.387255 0.037617 0.183871 0.047426
5 0.903064 0.382026 0.037307 0.194249 0.047426
5 0.905495 0.380812 0.042189 0.196673 0.017986
5 0.901645 0.388558 0.034620 0.181362 0.006693
5 0.903143 0.384666 0.037152 0.198676 0.047426
5 0.905489 0.377732 0.042192 0.202918 0.006693
