0 0.004819 0.308129 0.009715 0.328653 0.002473
0 0.004820 0.323043 0.009710 0.301401 0.002473
0 0.003865 0.332410 0.007810 0.273972 0.006693
0 0.002431 0.339034 0.010679 0.260531 0.002473
0 0.003880 0.346743 0.007789 0.223426 0.006693
0 0.003877 0.362339 0.007784 0.185003 0.006693
0 0.003891 0.377773 0.007865 0.261194 0.002473
0 0.004933 0.371119 0.010105 0.317821 0.002473
1 0.959841 0.382168 0.069654 0.097804 0.119203
1 0.958381 0.372738 0.072591 0.088483 0.119203
1 0.959837 0.369773 0.069757 0.082553 0.500000
1 0.961353 0.370610 0.066623 0.074647 0.268941
1 0.990119 0.357914 0.020024 0.061830 0.006693
1 0.956842 0.382742 0.069536 0.108556 0.047426
1 0.959832 0.385499 0.069653 0.113966 0.268941
1 0.959821 0.384573 0.069672 0.102514 0.500000
1 0.960076 0.372672 0.070181 0.088323 0.268941
1 0.960083 0.369807 0.070158 0.082697 0.119203
1 0.988874 0.370393 0.022483 0.064708 0.006693
1 0.958278 0.387085 0.066696 0.117268 0.119203
1 0.960011 0.387396 0.070024 0.117810 0.500000
1 0.959818 0.387919 0.069680 0.109247 0.500000
1 0.960074 0.377830 0.070181 0.098702 0.500000
1 0.960031 0.369979 0.070262 0.083142 0.047426
1 0.984182 0.372493 0.031850 0.075876 0.002473
1 0.957809 0.389592 0.065781 0.112390 0.500000
1 0.959826 0.389473 0.069658 0.112634 0.500000
1 0.959832 0.387093 0.069678 0.117281 0.500000
1 0.960015 0.387147 0.070059 0.117384 0.017986
1 0.960416 0.375144 0.069227 0.093608 0.006693
1 0.986755 0.380770 0.021132 0.079627 0.002473
1 0.956887 0.389968 0.069367 0.114221 0.119203
1 0.958912 0.390061 0.067893 0.114504 0.119203
1 0.960790 0.389662 0.069936 0.112337 0.017986
2 0.169131 0.526377 0.321507 0.922390 0.001170
5 0.958912 0.390061 0.067893 0.114504 0.017986
5 0.960790 0.389662 0.069936 0.112337 0.006693
