0 0.987412 0.273520 0.024901 0.104147 0.006693
0 0.991594 0.276265 0.016832 0.100344 0.047426
0 0.489941 0.284058 0.030931 0.121505 0.002473
0 0.490655 0.290928 0.031334 0.133959 0.002473
0 0.987212 0.279123 0.018745 0.099666 0.002473
0 0.993527 0.281185 0.012973 0.106298 0.006693
0 0.490219 0.287752 0.036672 0.127604 0.002473
0 0.986783 0.284846 0.017926 0.100828 0.002473
0 0.993534 0.275870 0.013010 0.108580 0.002473
0 0.045210 0.296730 0.009742 0.063207 0.002473
0 0.070196 0.299143 0.009665 0.057111 0.002473
0 0.993508 0.282607 0.013233 0.120849 0.002473
0 0.071657 0.302435 0.012667 0.052923 0.002473
0 0.487981 0.342029 0.057866 0.212200 0.002473
1 0.429471 0.313993 0.021892 0.028825 0.017986
1 0.429572 0.310933 0.021654 0.028924 0.268941
1 0.466064 0.303596 0.017898 0.033785 0.017986
1 0.513327 0.306272 0.017186 0.030442 0.002473
1 0.515823 0.312313 0.012583 0.025479 0.119203
1 0.390802 0.314171 0.024771 0.019529 0.002473
1 0.430211 0.312502 0.024110 0.032061 0.047426
1 0.430322 0.312504 0.023884 0.032038 0.500000
1 0.515823 0.312545 0.012583 0.025720 0.119203
1 0.017296 0.389586 0.040443 0.241848 0.731059
1 0.020198 0.393853 0.040398 0.233168 0.268941
1 0.017308 0.397111 0.040417 0.233392 0.731059
1 0.020205 0.398284 0.040381 0.230820 0.268941
1 0.018711 0.403226 0.037639 0.220845 0.268941
1 0.018757 0.398924 0.043315 0.226100 0.500000
1 0.020206 0.399020 0.040385 0.225814 0.500000
1 0.018715 0.400964 0.037628 0.221931 0.500000
1 0.020170 0.400708 0.040488 0.222512 0.880797
1 0.021651 0.400888 0.037537 0.222126 0.500000
2 0.467207 0.298479 0.015683 0.039569 0.017986
2 0.507051 0.296803 0.023542 0.045774 0.002473
2 0.466064 0.303596 0.017898 0.033785 0.119203
2 0.513327 0.306272 0.017186 0.030442 0.047426
2 0.515823 0.312313 0.012583 0.025479 0.119203
2 0.515823 0.312545 0.012583 0.025720 0.017986
3 0.467207 0.298479 0.015683 0.039569 0.002473
3 0.465283 0.308620 0.019277 0.024497 0.002473
3 0.466064 0.303596 0.017898 0.033785 0.119203
3 0.513327 0.306272 0.017186 0.030442 0.002473
3 0.515823 0.312313 0.012583 0.025479 0.119203
3 0.515823 0.312545 0.012583 0.025720 0.017986
5 0.515823 0.312545 0.012583 0.025720 0.002473
5 0.488466 0.335897 0.058846 0.224038 0.268941
5 0.488031 0.335079 0.057829 0.225309 0.268941
5 0.490445 0.341359 0.056749 0.213189 0.268941
5 0.489559 0.341349 0.060312 0.213156 0.268941
5 0.487981 0.342029 0.057866 0.212200 0.268941
5 0.490884 0.344435 0.057704 0.210001 0.500000
5 0.489374 0.342697 0.060700 0.213465 0.731059
5 0.489891 0.343691 0.061758 0.215309 0.500000
5 0.490877 0.341632 0.057920 0.215914 0.268941
5 0.490420 0.342776 0.057027 0.213352 0.500000
