0 0.793688 0.266691 0.018615 0.065684 0.006693
0 0.793725 0.267712 0.018387 0.059605 0.006693
0 0.131309 0.302869 0.012756 0.074319 0.002473
0 0.197682 0.330900 0.010889 0.036903 0.006693
0 0.529838 0.338706 0.009812 0.052462 0.119203
0 0.528857 0.342032 0.007789 0.049062 0.119203
0 0.529805 0.343893 0.009630 0.052784 0.119203
1 0.004784 0.335894 0.009790 0.100893 0.006693
1 0.634001 0.335800 0.086939 0.078761 0.006693
1 0.640041 0.338143 0.095161 0.083478 0.268941
1 0.640833 0.333395 0.096770 0.083718 0.268941
1 0.673531 0.347645 0.096280 0.096270 0.006693
1 0.440533 0.337249 0.019735 0.033882 0.002473
1 0.565147 0.339697 0.055450 0.038602 0.268941
1 0.566102 0.339710 0.057130 0.038575 0.268941
1 0.566100 0.339704 0.057201 0.038561 0.268941
1 0.565655 0.339710 0.056328 0.038577 0.268941
1 0.568055 0.339638 0.058381 0.038760 0.047426
1 0.637874 0.335746 0.094650 0.078533 0.500000
1 0.638632 0.335739 0.096081 0.078547 0.268941
1 0.636633 0.333336 0.092113 0.083353 0.268941
1 0.647385 0.335649 0.110803 0.078725 0.002473
1 0.673370 0.346114 0.097288 0.098905 0.119203
1 0.675033 0.347862 0.093298 0.095934 0.268941
1 0.673674 0.347773 0.096818 0.096112 0.500000
1 0.737026 0.355874 0.117245 0.138181 0.731059
1 0.824552 0.359331 0.142501 0.198964 0.731059
1 0.835126 0.334529 0.131007 0.166588 0.002473
1 0.973026 0.308632 0.047485 0.096544 0.002473
1 0.300076 0.379147 0.124937 0.133327 0.731059
1 0.373351 0.360568 0.059222 0.080178 0.500000
1 0.373333 0.361320 0.059165 0.078685 0.731059
1 0.373140 0.358901 0.059519 0.073912 0.268941
1 0.417546 0.347673 0.029409 0.028972 0.119203
1 0.419534 0.345319 0.029150 0.033668 0.500000
1 0.421573 0.346153 0.026307 0.025692 0.047426
1 0.443163 0.343686 0.013836 0.020971 0.006693
1 0.465859 0.341345 0.012521 0.025672 0.268941
1 0.479599 0.341357 0.010155 0.016187 0.002473
1 0.499020 0.343739 0.017292 0.030506 0.268941
1 0.497610 0.343750 0.020321 0.020936 0.119203
1 0.514279 0.338917 0.016428 0.020920 0.268941
1 0.565134 0.339732 0.055482 0.038541 0.268941
1 0.564638 0.339717 0.060040 0.038565 0.500000
1 0.566267 0.339730 0.057542 0.038539 0.500000
1 0.566088 0.337329 0.057182 0.033710 0.500000
1 0.568200 0.339775 0.054896 0.038538 0.047426
1 0.637539 0.335739 0.093932 0.078486 0.268941
1 0.636695 0.333333 0.092207 0.083337 0.500000
1 0.634398 0.338118 0.087677 0.083363 0.268941
1 0.675181 0.347833 0.094080 0.096023 0.500000
1 0.675054 0.348594 0.093959 0.094364 0.500000
1 0.673576 0.347841 0.096939 0.095866 0.731059
1 0.735611 0.356704 0.115311 0.130239 0.268941
1 0.737649 0.355779 0.119458 0.137909 0.268941
1 0.738629 0.356975 0.121358 0.130834 0.500000
1 0.819135 0.363448 0.127708 0.200003 0.500000
1 0.823123 0.361886 0.139430 0.203124 0.500000
1 0.827304 0.357607 0.144747 0.201873 0.500000
1 0.300006 0.376737 0.125019 0.138135 0.731059
1 0.298561 0.379777 0.122125 0.134583 0.731059
1 0.299954 0.379140 0.125100 0.133313 0.731059
1 0.373329 0.361320 0.059165 0.078685 0.500000
1 0.373332 0.361315 0.059165 0.078673 0.500000
1 0.372866 0.361314 0.060042 0.078674 0.500000
1 0.372874 0.361359 0.060055 0.078672 0.500000
1 0.594865 0.345489 0.025428 0.054101 0.006693
1 0.635516 0.335840 0.086135 0.087987 0.500000
1 0.634298 0.338291 0.086776 0.083337 0.268941
1 0.674802 0.348150 0.093670 0.095329 0.500000
1 0.674994 0.348623 0.094007 0.094386 0.500000
1 0.676474 0.348145 0.096996 0.095344 0.500000
1 0.735526 0.355762 0.115201 0.137960 0.500000
1 0.735926 0.358164 0.115950 0.133144 0.500000
1 0.737651 0.355738 0.119447 0.137999 0.500000
1 0.816978 0.359732 0.127193 0.207407 0.500000
1 0.822535 0.359690 0.135156 0.207133 0.500000
1 0.823700 0.359041 0.141285 0.208788 0.500000
1 0.300008 0.379019 0.125014 0.133106 0.731059
1 0.300003 0.379146 0.125009 0.133313 0.500000
1 0.298563 0.379137 0.122108 0.133332 0.731059
1 0.373347 0.361368 0.059213 0.078599 0.500000
1 0.374075 0.360727 0.061389 0.079853 0.500000
1 0.372869 0.360734 0.060057 0.079866 0.500000
1 0.676378 0.348967 0.097155 0.093837 0.017986
1 0.734954 0.357832 0.113793 0.133814 0.268941
1 0.734719 0.355628 0.113537 0.138220 0.268941
1 0.736745 0.355644 0.117361 0.138206 0.500000
1 0.817950 0.361692 0.125248 0.203120 0.500000
1 0.819523 0.360173 0.129115 0.206157 0.500000
1 0.822835 0.357599 0.138971 0.201600 0.268941
1 0.300004 0.379767 0.125003 0.134606 0.500000
1 0.298582 0.379723 0.122085 0.134516 0.500000
1 0.300004 0.376734 0.124996 0.138156 0.731059
1 0.816897 0.360261 0.127651 0.205842 0.017986
2 0.004784 0.335894 0.009790 0.100893 0.002473
3 0.440533 0.337249 0.019735 0.033882 0.017986
3 0.443163 0.343686 0.013836 0.020971 0.002473
3 0.514279 0.338917 0.016428 0.020920 0.006693
4 0.206424 0.340884 0.019092 0.026981 0.002473
5 0.211343 0.384058 0.029716 0.099007 0.017986
5 0.219865 0.386716 0.034926 0.109789 0.006693
5 0.212690 0.387680 0.031618 0.109219 0.006693
5 0.218420 0.385919 0.036316 0.112776 0.002473
5 0.215101 0.385607 0.030648 0.104074 0.002473
5 0.217235 0.381984 0.033950 0.111270 0.002473
