0 0.832645 0.266016 0.015662 0.084234 0.002473
0 0.990059 0.302872 0.014261 0.162860 0.002473
0 0.165625 0.321819 0.025615 0.102248 0.002473
0 0.442265 0.314704 0.009975 0.036707 0.006693
0 0.442774 0.318489 0.005002 0.029965 0.006693
0 0.167617 0.323813 0.029141 0.095267 0.002473
0 0.438891 0.322179 0.013187 0.056658 0.002473
1 0.954938 0.261182 0.069888 0.064567 0.002473
1 0.956443 0.261040 0.070313 0.064283 0.002473
1 0.952085 0.268147 0.075062 0.068447 0.002473
1 0.951807 0.263864 0.084468 0.059892 0.002473
1 0.950495 0.266416 0.079301 0.064990 0.002473
1 0.628471 0.311231 0.066674 0.065153 0.017986
1 0.629827 0.311327 0.065655 0.065180 0.017986
1 0.639754 0.312842 0.085027 0.068223 0.017986
1 0.662904 0.312493 0.093344 0.083345 0.500000
1 0.661915 0.314857 0.095374 0.078472 0.500000
1 0.725003 0.312184 0.100030 0.107842 0.500000
1 0.724986 0.312069 0.100192 0.105043 0.268941
1 0.723323 0.311307 0.103491 0.103527 0.268941
1 0.948481 0.274870 0.096051 0.081607 0.002473
1 0.951696 0.298002 0.094473 0.128768 0.002473
1 0.406245 0.329277 0.068422 0.075305 0.500000
1 0.406274 0.333255 0.068379 0.073608 0.731059
1 0.407182 0.330840 0.070228 0.078431 0.500000
1 0.556575 0.317068 0.039095 0.032311 0.002473
1 0.567330 0.313987 0.047507 0.028852 0.017986
1 0.581046 0.314784 0.044045 0.027400 0.268941
1 0.580123 0.314788 0.045905 0.027394 0.119203
1 0.580975 0.317198 0.044302 0.032238 0.047426
1 0.625633 0.312022 0.061281 0.060351 0.047426
1 0.628140 0.313531 0.062433 0.063448 0.119203
1 0.628147 0.313540 0.062425 0.063397 0.500000
1 0.630206 0.314812 0.066264 0.068399 0.006693
1 0.662478 0.314910 0.099967 0.078532 0.500000
1 0.664567 0.312504 0.095790 0.083346 0.500000
1 0.662665 0.317310 0.093919 0.083330 0.268941
1 0.725111 0.311115 0.100249 0.105718 0.500000
1 0.725043 0.311422 0.100077 0.106331 0.500000
1 0.723315 0.310659 0.103498 0.104830 0.268941
1 0.787408 0.328248 0.125020 0.124803 0.268941
1 0.786191 0.328474 0.128237 0.125014 0.731059
1 0.786226 0.326912 0.128359 0.128140 0.500000
1 0.960132 0.335007 0.079798 0.217764 0.002473
1 0.991173 0.334319 0.017743 0.204283 0.002473
1 0.298578 0.355903 0.165353 0.138149 0.880797
1 0.299551 0.356213 0.163429 0.138769 0.119203
1 0.408613 0.333308 0.067350 0.073670 0.731059
1 0.407189 0.333310 0.070201 0.073665 0.500000
1 0.408605 0.333273 0.067321 0.073586 0.500000
1 0.462555 0.320509 0.031090 0.025668 0.500000
1 0.463518 0.320512 0.032948 0.025679 0.268941
1 0.481249 0.320507 0.012640 0.025665 0.047426
1 0.492219 0.318076 0.009830 0.020903 0.017986
1 0.536322 0.318881 0.013147 0.028938 0.047426
1 0.539839 0.320438 0.015400 0.025843 0.017986
1 0.556997 0.315297 0.037657 0.026472 0.047426
1 0.581065 0.317286 0.044069 0.032114 0.268941
1 0.581077 0.317286 0.044049 0.032113 0.268941
1 0.581082 0.317591 0.044048 0.031502 0.119203
1 0.625659 0.313709 0.061298 0.063238 0.047426
1 0.627281 0.315891 0.064156 0.065097 0.268941
1 0.628208 0.313555 0.062325 0.063413 0.268941
1 0.661250 0.312496 0.102508 0.083346 0.268941
1 0.662676 0.314906 0.093806 0.078523 0.500000
1 0.661074 0.312504 0.097105 0.083327 0.500000
1 0.725257 0.311442 0.100550 0.103287 0.268941
1 0.725481 0.311878 0.101180 0.104166 0.500000
1 0.723914 0.311122 0.103973 0.102660 0.500000
1 0.787589 0.326874 0.125484 0.128050 0.731059
1 0.786062 0.325351 0.127933 0.125002 0.731059
1 0.786031 0.326829 0.127968 0.121876 0.500000
1 0.949779 0.339567 0.100486 0.210530 0.731059
1 0.948486 0.336729 0.103123 0.213142 0.731059
1 0.949943 0.338039 0.100126 0.210376 0.268941
1 0.989488 0.336648 0.021114 0.206641 0.002473
1 0.299348 0.355899 0.163812 0.138122 0.731059
1 0.299356 0.355902 0.163798 0.138133 0.731059
1 0.299362 0.354328 0.163793 0.134987 0.731059
1 0.406274 0.333320 0.068374 0.073647 0.500000
1 0.408617 0.333321 0.067346 0.073646 0.500000
1 0.407180 0.330922 0.070170 0.078474 0.500000
1 0.625068 0.314576 0.058913 0.063479 0.047426
1 0.627865 0.316381 0.062661 0.065996 0.119203
1 0.628266 0.316115 0.062709 0.066562 0.047426
1 0.662377 0.312539 0.100292 0.083277 0.006693
1 0.661472 0.317330 0.096544 0.083318 0.500000
1 0.661473 0.317329 0.096428 0.083320 0.268941
1 0.722682 0.311445 0.095578 0.102069 0.268941
1 0.786564 0.325306 0.129036 0.125092 0.500000
1 0.786062 0.326887 0.127979 0.121991 0.500000
1 0.787443 0.325352 0.130777 0.125001 0.731059
1 0.951410 0.338400 0.102927 0.216097 0.500000
1 0.948547 0.338555 0.103003 0.215701 0.500000
1 0.947093 0.339377 0.100052 0.207702 0.500000
1 0.299359 0.355739 0.163789 0.138015 0.500000
1 0.299364 0.355776 0.163783 0.137939 0.731059
1 0.299368 0.355771 0.163781 0.137930 0.500000
1 0.407695 0.330963 0.065519 0.078467 0.731059
1 0.784680 0.325324 0.125480 0.125121 0.500000
1 0.786031 0.325194 0.128171 0.125326 0.017986
1 0.949970 0.339594 0.105808 0.207352 0.268941
1 0.949998 0.341173 0.100108 0.210467 0.500000
1 0.948475 0.339570 0.103074 0.207268 0.500000
1 0.299353 0.355864 0.163763 0.138270 0.047426
1 0.299358 0.355790 0.163793 0.137969 0.500000
1 0.299368 0.355900 0.163780 0.138191 0.731059
1 0.948551 0.339648 0.103009 0.207195 0.500000
2 0.950495 0.266416 0.079301 0.064990 0.002473
2 0.955627 0.263390 0.080678 0.059354 0.006693
2 0.951696 0.298002 0.094473 0.128768 0.002473
3 0.564406 0.301388 0.054351 0.053806 0.002473
3 0.536975 0.316381 0.014493 0.033821 0.002473
3 0.567330 0.313987 0.047507 0.028852 0.002473
3 0.492219 0.318076 0.009830 0.020903 0.002473
3 0.536322 0.318881 0.013147 0.028938 0.002473
5 0.536322 0.318881 0.013147 0.028938 0.017986
5 0.539839 0.320438 0.015400 0.025843 0.017986
