0 0.003872 0.302747 0.007801 0.125183 0.002473
0 0.429757 0.296025 0.009977 0.034865 0.006693
0 0.003420 0.314836 0.006869 0.100815 0.006693
0 0.069667 0.328152 0.015689 0.064765 0.017986
0 0.178935 0.322240 0.012193 0.045689 0.002473
0 0.207173 0.326987 0.021443 0.055622 0.006693
0 0.271397 0.330476 0.016274 0.068183 0.006693
0 0.279780 0.330271 0.015826 0.077924 0.006693
0 0.426194 0.302885 0.028702 0.037374 0.002473
0 0.429783 0.302376 0.015810 0.031855 0.006693
0 0.746213 0.312403 0.008035 0.042271 0.002473
0 0.003421 0.329089 0.006869 0.065851 0.017986
0 0.180185 0.326121 0.010642 0.045191 0.006693
0 0.200575 0.333141 0.027108 0.041957 0.006693
0 0.207152 0.330905 0.021407 0.046577 0.017986
0 0.207409 0.330724 0.025721 0.046924 0.002473
0 0.268984 0.332527 0.018998 0.064149 0.006693
0 0.279731 0.333024 0.015680 0.072546 0.047426
0 0.433770 0.310317 0.018240 0.036893 0.002473
0 0.003866 0.330342 0.007809 0.065052 0.017986
0 0.184929 0.333600 0.014372 0.042898 0.006693
0 0.199252 0.333217 0.032194 0.041998 0.002473
0 0.207363 0.333267 0.020997 0.042068 0.017986
0 0.209912 0.333535 0.020677 0.041361 0.002473
0 0.279565 0.334060 0.016042 0.072179 0.017986
0 0.003856 0.336450 0.007935 0.083057 0.002473
0 0.182908 0.340271 0.010496 0.074274 0.002473
0 0.195261 0.339418 0.022550 0.072618 0.002473
0 0.207692 0.340342 0.015825 0.069594 0.047426
0 0.279536 0.337756 0.015984 0.074546 0.006693
0 0.457554 0.989577 0.019039 0.021204 0.002473
0 0.556762 0.989682 0.014856 0.021403 0.002473
1 0.295408 0.315460 0.020967 0.057589 0.002473
1 0.379682 0.325349 0.121804 0.099320 0.731059
1 0.379596 0.325383 0.121737 0.099234 0.731059
1 0.379690 0.326870 0.121553 0.096125 0.500000
1 0.504594 0.310077 0.071734 0.046492 0.268941
1 0.503595 0.307668 0.067893 0.041694 0.268941
1 0.503336 0.307667 0.068440 0.041697 0.500000
1 0.505039 0.310059 0.070750 0.036916 0.268941
1 0.504632 0.310049 0.071679 0.036896 0.268941
1 0.538761 0.303681 0.028721 0.033790 0.017986
1 0.543182 0.301998 0.029241 0.030676 0.002473
1 0.565843 0.306773 0.012633 0.011471 0.006693
1 0.594256 0.311067 0.020465 0.018751 0.006693
1 0.613965 0.312319 0.022384 0.021249 0.047426
1 0.625669 0.313179 0.042799 0.024190 0.047426
1 0.635947 0.314035 0.038881 0.028890 0.119203
1 0.660372 0.316406 0.059029 0.033685 0.047426
1 0.672599 0.317329 0.070124 0.041719 0.500000
1 0.671128 0.317318 0.073065 0.041689 0.500000
1 0.671081 0.317310 0.072919 0.041710 0.500000
1 0.672563 0.317324 0.070198 0.041745 0.500000
1 0.672793 0.317317 0.069913 0.041732 0.268941
1 0.818768 0.325308 0.106709 0.099335 0.731059
1 0.818756 0.322903 0.106688 0.104144 0.500000
1 0.893909 0.334189 0.077239 0.107146 0.731059
1 0.893995 0.334080 0.077351 0.106900 0.500000
1 0.072966 0.338576 0.046989 0.042838 0.002473
1 0.077890 0.338175 0.044038 0.041901 0.047426
1 0.076594 0.338533 0.046757 0.042598 0.047426
1 0.074111 0.337426 0.051860 0.050221 0.047426
1 0.148536 0.345270 0.058838 0.081522 0.500000
1 0.147092 0.345970 0.055949 0.083121 0.500000
1 0.148551 0.346521 0.058853 0.077797 0.268941
1 0.200575 0.333141 0.027108 0.041957 0.002473
1 0.207152 0.330905 0.021407 0.046577 0.047426
1 0.207409 0.330724 0.025721 0.046924 0.017986
1 0.378206 0.326906 0.118707 0.096193 0.731059
1 0.379120 0.326902 0.122593 0.096199 0.500000
1 0.380549 0.325339 0.119727 0.099329 0.500000
1 0.505119 0.310091 0.070947 0.036863 0.500000
1 0.503317 0.307685 0.068397 0.041671 0.500000
1 0.503605 0.307686 0.067898 0.041675 0.500000
1 0.504609 0.312499 0.071707 0.041703 0.268941
1 0.505038 0.310097 0.070761 0.046519 0.268941
1 0.613985 0.312995 0.022228 0.021839 0.119203
1 0.621196 0.313744 0.029957 0.023331 0.047426
1 0.634864 0.314991 0.036382 0.027077 0.500000
1 0.653476 0.317464 0.049122 0.041389 0.047426
1 0.672531 0.314916 0.069988 0.046499 0.500000
1 0.671124 0.317317 0.073072 0.041674 0.731059
1 0.672513 0.317328 0.070026 0.041675 0.500000
1 0.671146 0.317320 0.073042 0.041670 0.268941
1 0.674118 0.317343 0.067265 0.041659 0.268941
1 0.820225 0.320511 0.109630 0.099380 0.731059
1 0.818759 0.322913 0.106731 0.104181 0.500000
1 0.818793 0.322912 0.106664 0.104180 0.731059
1 0.818804 0.322877 0.106595 0.104136 0.017986
1 0.893928 0.335649 0.077199 0.110064 0.731059
1 0.893752 0.334077 0.077558 0.106918 0.500000
1 0.893483 0.334071 0.076300 0.106915 0.500000
1 0.078033 0.338322 0.043774 0.042102 0.268941
1 0.077962 0.337467 0.044098 0.049590 0.119203
1 0.075719 0.340316 0.042917 0.045874 0.017986
1 0.148406 0.346022 0.059313 0.083018 0.731059
1 0.147087 0.345289 0.055937 0.081485 0.500000
1 0.148328 0.344981 0.059158 0.080868 0.500000
1 0.148544 0.344968 0.058849 0.080915 0.500000
1 0.199252 0.333217 0.032194 0.041998 0.006693
1 0.207363 0.333267 0.020997 0.042068 0.047426
1 0.209912 0.333535 0.020677 0.041361 0.017986
1 0.262431 0.338257 0.030849 0.052694 0.017986
1 0.379576 0.326948 0.121671 0.096099 0.731059
1 0.379119 0.326905 0.122594 0.096185 0.500000
1 0.380549 0.325382 0.119727 0.099240 0.500000
1 0.820240 0.322874 0.109679 0.104226 0.731059
1 0.818711 0.322908 0.106635 0.104171 0.731059
1 0.817309 0.322898 0.109540 0.104190 0.731059
1 0.893750 0.334200 0.077553 0.107131 0.500000
1 0.893482 0.334199 0.076301 0.107132 0.500000
1 0.893940 0.334390 0.077211 0.106296 0.731059
1 0.148536 0.346836 0.058835 0.078394 0.500000
1 0.148511 0.345275 0.058787 0.081517 0.731059
1 0.148613 0.346234 0.058988 0.077190 0.731059
1 0.379710 0.326936 0.121407 0.096150 0.017986
1 0.378545 0.325364 0.123830 0.099293 0.500000
1 0.820224 0.325313 0.109681 0.099491 0.500000
1 0.817445 0.322866 0.109675 0.104310 0.500000
1 0.893292 0.334493 0.075938 0.106570 0.500000
1 0.893300 0.334077 0.076661 0.106931 0.500000
2 0.538761 0.303681 0.028721 0.033790 0.017986
2 0.543182 0.301998 0.029241 0.030676 0.006693
3 0.003379 0.297391 0.012570 0.152665 0.002473
3 0.478394 0.297931 0.022607 0.038660 0.002473
3 0.528348 0.300218 0.037993 0.049667 0.002473
3 0.533182 0.298339 0.034887 0.039840 0.006693
3 0.256690 0.332047 0.014433 0.064943 0.002473
3 0.538761 0.303681 0.028721 0.033790 0.119203
3 0.543182 0.301998 0.029241 0.030676 0.002473
3 0.207152 0.330905 0.021407 0.046577 0.002473
3 0.259817 0.332702 0.025912 0.062528 0.047426
3 0.262431 0.338257 0.030849 0.052694 0.006693
4 0.440776 0.315219 0.009056 0.026685 0.002473
4 0.089378 0.342666 0.015569 0.049050 0.002473
5 0.271397 0.330476 0.016274 0.068183 0.002473
5 0.207152 0.330905 0.021407 0.046577 0.017986
5 0.207409 0.330724 0.025721 0.046924 0.006693
5 0.259817 0.332702 0.025912 0.062528 0.002473
5 0.268984 0.332527 0.018998 0.064149 0.002473
5 0.433770 0.310317 0.018240 0.036893 0.002473
5 0.207363 0.333267 0.020997 0.042068 0.017986
5 0.209912 0.333535 0.020677 0.041361 0.017986
5 0.262431 0.338257 0.030849 0.052694 0.006693
5 0.268293 0.338390 0.024134 0.052449 0.002473
5 0.089378 0.342666 0.015569 0.049050 0.006693
