0 0.006305 0.284071 0.012852 0.326194 0.002473
0 0.121411 0.294519 0.017985 0.115018 0.006693
0 0.006489 0.314500 0.013056 0.213660 0.047426
0 0.121429 0.311440 0.017868 0.139526 0.047426
0 0.125148 0.309878 0.019207 0.136732 0.006693
0 0.149328 0.311680 0.018056 0.114018 0.006693
0 0.155800 0.316717 0.024129 0.117640 0.006693
0 0.004884 0.318678 0.015617 0.184797 0.047426
0 0.121429 0.313370 0.017868 0.144738 0.268941
0 0.125223 0.311519 0.019633 0.141325 0.047426
0 0.152382 0.319785 0.020304 0.118881 0.047426
0 0.155995 0.318340 0.022702 0.112902 0.268941
0 0.158743 0.314731 0.023124 0.109038 0.002473
0 0.529732 0.325552 0.015708 0.094238 0.017986
0 0.006353 0.322870 0.018554 0.179611 0.047426
0 0.122873 0.312838 0.014981 0.142344 0.268941
0 0.124162 0.312450 0.017552 0.136327 0.047426
0 0.153839 0.316788 0.023271 0.115924 0.119203
0 0.155065 0.318350 0.024458 0.112929 0.500000
0 0.453645 0.318875 0.008250 0.038889 0.002473
0 0.529794 0.321022 0.015575 0.074153 0.017986
0 0.006329 0.326133 0.012813 0.191433 0.119203
0 0.121877 0.311219 0.018775 0.139052 0.047426
0 0.124159 0.309015 0.017542 0.132174 0.047426
0 0.155226 0.317716 0.024174 0.114634 0.047426
0 0.155515 0.317594 0.023557 0.114352 0.268941
0 0.529862 0.325435 0.015708 0.077090 0.006693
0 0.007815 0.326200 0.015715 0.194030 0.047426
0 0.123772 0.309135 0.016783 0.132393 0.119203
0 0.124164 0.311486 0.017514 0.137246 0.047426
0 0.154319 0.315305 0.022328 0.109891 0.047426
0 0.154220 0.318426 0.022768 0.113010 0.500000
0 0.529729 0.322364 0.015704 0.095306 0.047426
0 0.006304 0.329310 0.012838 0.189720 0.119203
0 0.123320 0.312543 0.015879 0.134675 0.268941
0 0.124119 0.314692 0.017344 0.131086 0.047426
0 0.153928 0.317925 0.023341 0.114465 0.047426
0 0.154676 0.315333 0.021858 0.109812 0.268941
0 0.529711 0.325374 0.015634 0.089710 0.047426
0 0.006245 0.335511 0.012720 0.180257 0.119203
0 0.154412 0.328937 0.023199 0.137118 0.002473
0 0.007719 0.348046 0.009787 0.162025 0.119203
0 0.154212 0.337367 0.025618 0.153677 0.006693
0 0.005060 0.349721 0.010375 0.184683 0.002473
1 0.667188 0.326009 0.067418 0.059552 0.047426
1 0.665826 0.323613 0.069135 0.064153 0.047426
1 0.667428 0.322316 0.072136 0.061559 0.017986
1 0.667198 0.316019 0.067639 0.049132 0.017986
1 0.499901 0.318077 0.019041 0.020904 0.119203
1 0.499081 0.322896 0.017340 0.020887 0.047426
1 0.547636 0.322897 0.014726 0.020889 0.017986
1 0.564735 0.320504 0.020731 0.025757 0.006693
1 0.568299 0.322912 0.026042 0.030575 0.047426
1 0.586060 0.330745 0.023169 0.036638 0.017986
1 0.610913 0.333260 0.059576 0.051444 0.119203
1 0.616601 0.331703 0.056206 0.054563 0.500000
1 0.618296 0.329344 0.053555 0.049672 0.268941
1 0.620071 0.329355 0.053079 0.049694 0.268941
1 0.621712 0.330795 0.050931 0.056358 0.119203
1 0.665229 0.334519 0.070376 0.076122 0.017986
1 0.665334 0.332565 0.070100 0.072190 0.047426
1 0.665928 0.329930 0.071241 0.076563 0.047426
1 0.668703 0.331394 0.074954 0.079753 0.006693
1 0.725508 0.351839 0.186543 0.130337 0.731059
1 0.726042 0.354286 0.185598 0.134932 0.731059
1 0.590104 0.330768 0.030583 0.046893 0.017986
1 0.611004 0.333266 0.059646 0.051452 0.047426
1 0.616211 0.329301 0.056912 0.049744 0.268941
1 0.619152 0.331706 0.054865 0.054555 0.268941
1 0.620100 0.331712 0.052950 0.054575 0.119203
1 0.623774 0.331024 0.047455 0.056740 0.119203
1 0.663884 0.337111 0.071483 0.075384 0.006693
1 0.664858 0.332809 0.072966 0.082379 0.119203
1 0.667464 0.338130 0.073207 0.083616 0.047426
1 0.671110 0.342589 0.079809 0.092625 0.006693
1 0.727823 0.349419 0.187690 0.125399 0.500000
1 0.726463 0.350105 0.184691 0.132842 0.500000
1 0.725976 0.351742 0.183836 0.129876 0.500000
1 0.639480 0.336964 0.024962 0.068477 0.002473
1 0.652299 0.336974 0.046433 0.076971 0.002473
1 0.665851 0.337061 0.071190 0.090938 0.017986
1 0.668481 0.341489 0.075197 0.091066 0.002473
1 0.726899 0.351552 0.185805 0.130075 0.731059
1 0.726518 0.349282 0.184576 0.125111 0.500000
1 0.726652 0.349311 0.184801 0.125008 0.500000
1 0.727732 0.350199 0.182220 0.133194 0.731059
1 0.728870 0.351757 0.184410 0.130059 0.731059
1 0.007719 0.348046 0.009787 0.162025 0.006693
1 0.882908 0.399230 0.233962 0.321604 0.904651
1 0.887070 0.396685 0.235994 0.324063 0.924142
1 0.881163 0.397863 0.228753 0.322364 0.924142
1 0.882554 0.403240 0.231621 0.311841 0.924142
1 0.887785 0.401805 0.237281 0.313896 0.924142
1 0.881332 0.404771 0.231197 0.309678 0.904651
1 0.886233 0.404152 0.230701 0.313737 0.880797
1 0.883212 0.406267 0.233309 0.312246 0.924142
1 0.886289 0.404623 0.236902 0.309025 0.924142
1 0.881689 0.405882 0.230481 0.306389 0.904651
