0 0.936001 0.289882 0.022160 0.138126 0.017986
0 0.937781 0.294220 0.024790 0.149762 0.006693
0 0.187393 0.310966 0.015269 0.112316 0.006693
0 0.189952 0.315004 0.020226 0.120400 0.047426
0 0.934433 0.310849 0.025296 0.181385 0.006693
0 0.936257 0.311053 0.022316 0.183464 0.006693
0 0.189860 0.317751 0.020209 0.135362 0.047426
0 0.188982 0.320179 0.016484 0.130517 0.268941
0 0.781108 0.289124 0.013169 0.047107 0.002473
0 0.823272 0.299547 0.021679 0.057751 0.002473
0 0.827758 0.300032 0.019837 0.049078 0.002473
0 0.844220 0.301648 0.020394 0.052492 0.002473
0 0.934326 0.313287 0.025710 0.189056 0.002473
0 0.935039 0.315354 0.025832 0.190263 0.006693
0 0.189882 0.320922 0.020261 0.132035 0.268941
0 0.188605 0.318436 0.017262 0.136722 0.119203
0 0.582764 0.320092 0.009847 0.047483 0.017986
0 0.601222 0.312256 0.026251 0.053458 0.002473
0 0.824741 0.306099 0.018740 0.054241 0.002473
0 0.826734 0.303900 0.015983 0.048649 0.002473
0 0.933770 0.320025 0.026712 0.196166 0.006693
0 0.938911 0.322707 0.028653 0.208234 0.002473
0 0.189880 0.318622 0.020344 0.137115 0.119203
0 0.188531 0.320265 0.017394 0.130336 0.047426
0 0.581246 0.327556 0.012883 0.042020 0.017986
0 0.599051 0.325418 0.021787 0.030567 0.002473
0 0.825241 0.305386 0.019750 0.057693 0.006693
0 0.829459 0.307459 0.023265 0.052610 0.002473
0 0.935535 0.327620 0.029834 0.217878 0.017986
0 0.938054 0.325789 0.032886 0.214202 0.006693
0 0.188930 0.321857 0.022164 0.134189 0.047426
0 0.187574 0.322617 0.019303 0.135033 0.119203
0 0.581104 0.328114 0.013168 0.042698 0.017986
0 0.936131 0.327541 0.034973 0.217708 0.017986
0 0.939289 0.329540 0.034733 0.228292 0.006693
0 0.188896 0.323243 0.022231 0.135121 0.119203
0 0.187574 0.321651 0.019304 0.131858 0.268941
0 0.937142 0.330640 0.033097 0.217422 0.006693
0 0.939302 0.333584 0.034759 0.223309 0.006693
0 0.185785 0.324133 0.028481 0.134012 0.119203
0 0.189084 0.328153 0.022852 0.135506 0.017986
0 0.936061 0.329957 0.031300 0.213208 0.002473
0 0.940115 0.331156 0.037070 0.216510 0.002473
0 0.937013 0.333521 0.033229 0.208580 0.002473
0 0.941598 0.333037 0.034054 0.220418 0.002473
0 0.937274 0.339622 0.032251 0.197822 0.002473
0 0.943411 0.338645 0.030604 0.209683 0.006693
0 0.946218 0.350291 0.034549 0.190717 0.006693
0 0.943111 0.350153 0.028497 0.218950 0.002473
1 0.418509 0.318856 0.028322 0.038868 0.002473
1 0.412180 0.321037 0.041005 0.035018 0.002473
1 0.421394 0.320379 0.022299 0.026182 0.006693
1 0.421846 0.322915 0.021848 0.031266 0.017986
1 0.521848 0.329303 0.018832 0.024039 0.047426
1 0.522737 0.327764 0.020194 0.021062 0.006693
1 0.552826 0.326858 0.019356 0.028868 0.047426
1 0.551680 0.329289 0.015869 0.023970 0.268941
1 0.592797 0.327040 0.021375 0.029229 0.047426
1 0.748845 0.380552 0.241715 0.229143 0.731059
1 0.747142 0.380550 0.245150 0.229151 0.731059
1 0.746935 0.382826 0.243671 0.233857 0.047426
1 0.748476 0.380519 0.240657 0.229129 0.006693
1 0.747701 0.380192 0.239726 0.234393 0.939913
1 0.747244 0.380873 0.241368 0.244056 0.939913
1 0.751995 0.377968 0.247733 0.238778 0.939913
1 0.748743 0.379523 0.240977 0.237106 0.437824
1 0.747447 0.382029 0.242348 0.226795 0.924142
1 0.746147 0.385503 0.242829 0.235615 0.924142
1 0.750340 0.382988 0.247547 0.228966 0.924142
1 0.748883 0.383079 0.238341 0.228929 0.880797
1 0.748762 0.384224 0.244160 0.236868 0.022977
2 0.592340 0.312383 0.022880 0.052049 0.006693
3 0.592797 0.327040 0.021375 0.029229 0.002473
5 0.590317 0.331060 0.020376 0.036889 0.002473
5 0.609717 0.336175 0.022222 0.037433 0.017986
5 0.615879 0.336550 0.019322 0.035519 0.006693
