0 0.872819 0.296116 0.015090 0.120976 0.017986
0 0.875133 0.295954 0.015349 0.107472 0.006693
0 0.872630 0.290362 0.014712 0.118920 0.017986
0 0.874099 0.294358 0.017352 0.110127 0.017986
0 0.871383 0.292089 0.018722 0.115178 0.006693
0 0.873679 0.294580 0.016547 0.109627 0.006693
0 0.870934 0.292017 0.017823 0.114942 0.006693
0 0.873606 0.293126 0.016702 0.112622 0.002473
0 0.870922 0.290650 0.017845 0.118848 0.006693
0 0.868116 0.318959 0.020795 0.178786 0.002473
0 0.610115 0.406336 0.010717 0.021292 0.002473
1 0.719280 0.305897 0.115856 0.079880 0.119203
1 0.716608 0.307187 0.124609 0.082465 0.268941
1 0.714354 0.305912 0.134852 0.079920 0.119203
1 0.363451 0.319544 0.066188 0.080029 0.002473
1 0.365790 0.319530 0.069517 0.081239 0.047426
1 0.364794 0.316163 0.071902 0.081334 0.017986
1 0.366034 0.317241 0.071498 0.094495 0.047426
1 0.367762 0.318319 0.077443 0.116387 0.017986
1 0.454537 0.340731 0.134980 0.165512 0.268941
1 0.715342 0.305870 0.119151 0.080034 0.006693
1 0.719475 0.306026 0.118798 0.080157 0.268941
1 0.719606 0.306052 0.122565 0.080106 0.268941
1 0.715866 0.306051 0.131807 0.080113 0.119203
1 0.718116 0.307485 0.132551 0.083077 0.006693
1 0.300112 0.346699 0.069961 0.059513 0.268941
1 0.297938 0.345714 0.073049 0.066841 0.119203
1 0.299810 0.344200 0.074979 0.054536 0.268941
1 0.299902 0.343385 0.074862 0.053041 0.002473
1 0.363689 0.320720 0.066818 0.078744 0.006693
1 0.362655 0.318017 0.067986 0.084130 0.017986
1 0.365694 0.317702 0.070103 0.084684 0.006693
1 0.364891 0.311979 0.073783 0.093512 0.047426
1 0.369308 0.322456 0.074670 0.121183 0.006693
1 0.453807 0.341029 0.141845 0.172183 0.500000
1 0.454105 0.342551 0.135691 0.169140 0.500000
1 0.454310 0.342640 0.135291 0.169156 0.731059
1 0.711365 0.307575 0.127586 0.083337 0.268941
1 0.714414 0.307650 0.128954 0.083322 0.268941
1 0.715603 0.307648 0.131508 0.083336 0.047426
1 0.222193 0.346276 0.030106 0.016452 0.002473
1 0.299328 0.348528 0.075476 0.062745 0.006693
1 0.300123 0.343989 0.076596 0.063058 0.268941
1 0.298361 0.346111 0.072153 0.067307 0.047426
1 0.299800 0.346115 0.074994 0.067296 0.119203
1 0.299341 0.344890 0.075972 0.055288 0.268941
1 0.301782 0.339711 0.080468 0.044863 0.002473
1 0.362773 0.316313 0.070105 0.091069 0.006693
1 0.363777 0.314729 0.076600 0.099034 0.006693
1 0.452816 0.342691 0.138410 0.169475 0.500000
1 0.452585 0.341417 0.139084 0.172687 0.500000
1 0.454278 0.343220 0.135551 0.170484 0.500000
1 0.715406 0.310379 0.113706 0.078001 0.006693
1 0.125998 0.389406 0.235722 0.219818 0.119203
1 0.126889 0.387946 0.239432 0.223143 0.500000
1 0.299043 0.350065 0.078064 0.064869 0.119203
1 0.297455 0.351300 0.074015 0.068660 0.119203
1 0.296833 0.351491 0.075308 0.069218 0.119203
1 0.296313 0.353129 0.077170 0.072470 0.002473
1 0.450908 0.341387 0.142217 0.172497 0.268941
1 0.451407 0.344925 0.141342 0.173266 0.268941
1 0.452582 0.343461 0.138748 0.176631 0.500000
1 0.126416 0.387009 0.234741 0.215794 0.500000
1 0.126101 0.385484 0.237879 0.217936 0.731059
1 0.125466 0.385491 0.239159 0.217932 0.047426
1 0.296025 0.355876 0.086824 0.084616 0.002473
1 0.450236 0.342622 0.143605 0.171089 0.002473
1 0.126421 0.388145 0.234757 0.213952 0.268941
1 0.125917 0.390497 0.237513 0.218659 0.119203
1 0.125482 0.385409 0.239131 0.218050 0.002473
1 0.125989 0.388847 0.235716 0.221839 0.047426
1 0.125950 0.388064 0.237550 0.213723 0.047426
1 0.124904 0.389517 0.238170 0.215928 0.017986
1 0.129068 0.389216 0.243773 0.211142 0.880797
1 0.124781 0.387082 0.238157 0.221156 0.268941
1 0.128202 0.383717 0.242023 0.217389 0.851953
1 0.126457 0.385601 0.238214 0.218363 0.005220
2 0.125998 0.389406 0.235722 0.219818 0.017986
2 0.126889 0.387946 0.239432 0.223143 0.119203
2 0.124438 0.385678 0.234594 0.218463 0.002473
2 0.126416 0.387009 0.234741 0.215794 0.017986
2 0.126101 0.385484 0.237879 0.217936 0.017986
2 0.125466 0.385491 0.239159 0.217932 0.002473
2 0.126421 0.388145 0.234757 0.213952 0.006693
2 0.125917 0.390497 0.237513 0.218659 0.002473
2 0.125989 0.388847 0.235716 0.221839 0.002473
2 0.129068 0.389216 0.243773 0.211142 0.006693
2 0.128202 0.383717 0.242023 0.217389 0.001927
3 0.129068 0.389216 0.243773 0.211142 0.001501
3 0.128202 0.383717 0.242023 0.217389 0.001170
5 0.299341 0.344890 0.075972 0.055288 0.002473
