0 0.845225 0.306168 0.009689 0.061149 0.002473
0 0.846649 0.319165 0.012551 0.078992 0.002473
0 0.846734 0.319496 0.012780 0.079691 0.002473
0 0.847348 0.320231 0.014059 0.084602 0.002473
1 0.651477 0.218755 0.031405 0.021238 0.002473
1 0.260624 0.334880 0.115515 0.096181 0.880797
1 0.259427 0.333333 0.118658 0.093036 0.731059
1 0.410128 0.325312 0.064417 0.057719 0.731059
1 0.409154 0.322903 0.062523 0.062532 0.731059
1 0.409158 0.322893 0.062514 0.062551 0.500000
1 0.446949 0.312487 0.025253 0.025849 0.119203
1 0.446838 0.314009 0.025946 0.028968 0.017986
1 0.463949 0.313966 0.036321 0.029051 0.006693
1 0.522203 0.313942 0.026881 0.029077 0.002473
1 0.565789 0.311286 0.031738 0.020411 0.006693
1 0.569196 0.310836 0.024111 0.019484 0.017986
1 0.569041 0.310547 0.025608 0.021969 0.002473
1 0.653649 0.317482 0.038309 0.031576 0.002473
1 0.259383 0.333339 0.118733 0.092985 0.731059
1 0.260827 0.333338 0.115849 0.092985 0.500000
1 0.259249 0.333346 0.118269 0.093027 0.500000
1 0.410087 0.322909 0.060649 0.062520 0.731059
1 0.409154 0.325319 0.062522 0.057690 0.500000
1 0.410083 0.322914 0.064372 0.062508 0.500000
1 0.408644 0.325300 0.067259 0.057777 0.500000
1 0.448386 0.316041 0.022139 0.025027 0.268941
1 0.447147 0.316071 0.025280 0.025093 0.268941
1 0.468964 0.318091 0.019192 0.020928 0.119203
1 0.477305 0.318954 0.023033 0.013045 0.047426
1 0.491638 0.316504 0.017244 0.017821 0.047426
1 0.512191 0.315993 0.033955 0.025074 0.017986
1 0.518716 0.316330 0.025140 0.024394 0.017986
1 0.521220 0.318020 0.023101 0.021042 0.017986
1 0.564092 0.314948 0.034426 0.021066 0.006693
1 0.568746 0.314915 0.025015 0.020981 0.017986
1 0.569035 0.314045 0.025619 0.019733 0.006693
1 0.650727 0.318931 0.032399 0.028839 0.119203
1 0.653387 0.316520 0.041321 0.024019 0.119203
1 0.654730 0.318929 0.040913 0.028861 0.268941
1 0.670031 0.322816 0.029434 0.021088 0.002473
1 0.259383 0.333339 0.118735 0.092984 0.731059
1 0.259198 0.334887 0.118368 0.096104 0.500000
1 0.260657 0.333349 0.115451 0.093026 0.731059
1 0.409174 0.325321 0.062556 0.057708 0.731059
1 0.410091 0.325323 0.064397 0.067323 0.500000
1 0.410090 0.322906 0.064358 0.062538 0.731059
1 0.259376 0.333321 0.118749 0.093026 0.500000
1 0.259212 0.333320 0.118345 0.093024 0.731059
1 0.259254 0.333340 0.118258 0.093062 0.002473
2 0.389243 0.305751 0.048340 0.054307 0.006693
2 0.402627 0.301294 0.076198 0.052155 0.047426
2 0.406214 0.299741 0.076378 0.068556 0.047426
2 0.402419 0.304352 0.060854 0.077780 0.002473
2 0.414896 0.300102 0.055270 0.060868 0.002473
2 0.416671 0.294706 0.047829 0.048610 0.006693
2 0.433534 0.298066 0.083820 0.056852 0.002473
2 0.454880 0.297621 0.105887 0.059774 0.002473
2 0.479436 0.298367 0.143023 0.057262 0.002473
2 0.381417 0.307510 0.032304 0.051444 0.006693
2 0.398594 0.308306 0.064013 0.050167 0.047426
2 0.477569 0.310560 0.047520 0.029596 0.006693
2 0.497798 0.311870 0.066557 0.033145 0.017986
2 0.514542 0.313942 0.038114 0.029095 0.017986
2 0.519559 0.312467 0.027746 0.025845 0.047426
2 0.522203 0.313942 0.026881 0.029077 0.017986
2 0.565789 0.311286 0.031738 0.020411 0.002473
2 0.569196 0.310836 0.024111 0.019484 0.006693
2 0.512191 0.315993 0.033955 0.025074 0.017986
2 0.518716 0.316330 0.025140 0.024394 0.119203
2 0.521220 0.318020 0.023101 0.021042 0.006693
2 0.564092 0.314948 0.034426 0.021066 0.006693
2 0.568746 0.314915 0.025015 0.020981 0.017986
3 0.381417 0.307510 0.032304 0.051444 0.002473
3 0.522203 0.313942 0.026881 0.029077 0.002473
3 0.512191 0.315993 0.033955 0.025074 0.002473
3 0.518716 0.316330 0.025140 0.024394 0.006693
3 0.650727 0.318931 0.032399 0.028839 0.047426
3 0.653387 0.316520 0.041321 0.024019 0.017986
3 0.654730 0.318929 0.040913 0.028861 0.006693
