0 0.670785 0.297113 0.022789 0.136344 0.047426
0 0.671096 0.301486 0.023142 0.134881 0.119203
0 0.672590 0.297026 0.020418 0.135145 0.017986
0 0.692229 0.304563 0.015947 0.093887 0.006693
0 0.671087 0.301892 0.023160 0.135418 0.119203
0 0.672105 0.304499 0.019530 0.140805 0.047426
0 0.692184 0.305688 0.015726 0.089375 0.017986
0 0.671092 0.301766 0.023156 0.135197 0.268941
0 0.672553 0.299266 0.020419 0.140159 0.119203
0 0.691119 0.306487 0.018029 0.092766 0.017986
0 0.671093 0.302174 0.023138 0.135466 0.119203
0 0.671116 0.299533 0.023357 0.140727 0.119203
0 0.690963 0.306876 0.018340 0.100058 0.017986
0 0.204834 0.356785 0.009835 0.047555 0.002473
0 0.670962 0.302425 0.023135 0.134075 0.500000
0 0.671171 0.300274 0.023247 0.138404 0.268941
0 0.690394 0.310834 0.019387 0.101715 0.006693
0 0.673056 0.309273 0.022055 0.131703 0.047426
0 0.671152 0.309398 0.023479 0.131895 0.047426
1 0.524013 0.328071 0.064488 0.072968 0.268941
1 0.524883 0.330824 0.062740 0.068748 0.500000
1 0.524883 0.328404 0.062754 0.073590 0.500000
1 0.528477 0.330472 0.055583 0.068168 0.047426
1 0.585826 0.326121 0.035217 0.053446 0.002473
1 0.588014 0.326584 0.026791 0.054114 0.002473
1 0.399782 0.331657 0.015169 0.019558 0.006693
1 0.400695 0.331598 0.019599 0.019453 0.002473
1 0.432718 0.329275 0.015808 0.017766 0.002473
1 0.502406 0.328636 0.029890 0.060499 0.002473
1 0.523318 0.328437 0.065869 0.073542 0.500000
1 0.524775 0.330956 0.062215 0.068957 0.500000
1 0.525449 0.330845 0.061612 0.068709 0.268941
1 0.526707 0.328454 0.059094 0.073510 0.268941
1 0.580732 0.326136 0.040037 0.055465 0.002473
1 0.586470 0.329553 0.034073 0.058375 0.006693
1 0.593527 0.331234 0.026213 0.055456 0.017986
1 0.603523 0.327988 0.032331 0.052257 0.002473
1 0.607925 0.325675 0.028997 0.056887 0.002473
1 0.151399 0.358167 0.034761 0.033886 0.017986
1 0.151900 0.360588 0.035575 0.038736 0.002473
1 0.153402 0.358959 0.033735 0.042534 0.002473
1 0.271111 0.350048 0.057825 0.050081 0.047426
1 0.273151 0.351744 0.059559 0.046492 0.500000
1 0.273166 0.347784 0.059575 0.044796 0.500000
1 0.271902 0.349329 0.056313 0.041694 0.268941
1 0.271722 0.351743 0.056689 0.046524 0.500000
1 0.323295 0.343748 0.046725 0.030750 0.119203
1 0.324219 0.342212 0.041652 0.033642 0.500000
1 0.324224 0.342197 0.041640 0.033605 0.500000
1 0.328925 0.342217 0.048082 0.033663 0.017986
1 0.349874 0.339780 0.031198 0.028809 0.268941
1 0.353304 0.339634 0.032147 0.029596 0.002473
1 0.524024 0.328471 0.064462 0.073493 0.268941
1 0.524798 0.330968 0.062170 0.068941 0.500000
1 0.524850 0.331602 0.062068 0.070213 0.500000
1 0.527551 0.330865 0.056667 0.068741 0.500000
1 0.587561 0.330674 0.033921 0.056985 0.006693
1 0.597824 0.333559 0.021039 0.050969 0.002473
1 0.603082 0.332588 0.031399 0.043262 0.002473
1 0.027569 0.371552 0.055288 0.230500 0.006693
1 0.026552 0.374499 0.053082 0.230333 0.500000
1 0.091331 0.385399 0.082702 0.062559 0.731059
1 0.092216 0.385400 0.084462 0.062556 0.500000
1 0.091358 0.382980 0.082727 0.067394 0.500000
1 0.150629 0.359083 0.036278 0.031931 0.006693
1 0.150458 0.361373 0.036612 0.037009 0.006693
1 0.153174 0.360886 0.037921 0.038224 0.002473
1 0.213153 0.367017 0.032492 0.028080 0.006693
1 0.268547 0.350176 0.056939 0.049835 0.268941
1 0.271891 0.350193 0.056301 0.049626 0.731059
1 0.273167 0.351761 0.059569 0.046490 0.500000
1 0.273326 0.349335 0.059157 0.041731 0.500000
1 0.273151 0.350182 0.059534 0.049671 0.268941
1 0.318038 0.346949 0.043452 0.037454 0.002473
1 0.026518 0.377309 0.053084 0.215197 0.500000
1 0.027429 0.377706 0.054820 0.214312 0.268941
1 0.027379 0.375617 0.054806 0.218328 0.500000
1 0.092097 0.385402 0.083998 0.062569 0.500000
1 0.091268 0.385407 0.082545 0.072147 0.500000
1 0.091266 0.385422 0.082544 0.062504 0.500000
1 0.092170 0.385409 0.084559 0.062532 0.500000
1 0.026520 0.377966 0.053089 0.213958 0.268941
1 0.027446 0.379199 0.054788 0.211089 0.500000
1 0.026448 0.378837 0.052943 0.204151 0.268941
1 0.092216 0.385412 0.084466 0.062546 0.500000
1 0.091252 0.385428 0.082574 0.072151 0.500000
1 0.092167 0.385393 0.084568 0.062665 0.731059
1 0.026497 0.376015 0.053152 0.208366 0.500000
1 0.027400 0.378271 0.054777 0.202940 0.500000
1 0.025935 0.377328 0.057712 0.204958 0.268941
4 0.762362 0.329365 0.052042 0.129063 0.002473
4 0.763946 0.326967 0.054326 0.126479 0.002473
4 0.607925 0.325675 0.028997 0.056887 0.002473
4 0.761237 0.330432 0.054200 0.119165 0.002473
4 0.763909 0.330790 0.053404 0.120331 0.017986
4 0.763417 0.333041 0.054398 0.125221 0.017986
4 0.765250 0.332551 0.051871 0.116817 0.006693
4 0.762004 0.332514 0.057865 0.116613 0.017986
4 0.765778 0.334530 0.050402 0.112802 0.017986
4 0.763690 0.335742 0.054537 0.110546 0.002473
4 0.763212 0.334586 0.055074 0.112812 0.002473
4 0.765755 0.339101 0.050388 0.103787 0.017986
4 0.766531 0.339163 0.051632 0.103658 0.002473
4 0.768685 0.342881 0.044671 0.096303 0.002473
4 0.766187 0.347453 0.052622 0.096825 0.006693
5 0.588014 0.326584 0.026791 0.054114 0.002473
5 0.603260 0.329200 0.037522 0.059600 0.006693
5 0.593527 0.331234 0.026213 0.055456 0.002473
5 0.603523 0.327988 0.032331 0.052257 0.006693
5 0.607925 0.325675 0.028997 0.056887 0.006693
5 0.597824 0.333559 0.021039 0.050969 0.002473
5 0.603082 0.332588 0.031399 0.043262 0.002473
