0 0.557965 0.313958 0.015988 0.118354 0.119203
0 0.566249 0.313302 0.020120 0.127036 0.047426
0 0.584307 0.309490 0.019426 0.109833 0.006693
0 0.589673 0.309459 0.021733 0.110015 0.006693
0 0.668775 0.308953 0.018389 0.118069 0.268941
0 0.693748 0.305738 0.018444 0.111767 0.047426
0 0.003881 0.305360 0.007843 0.069330 0.002473
0 0.558432 0.317699 0.016893 0.125317 0.047426
0 0.566420 0.320528 0.024225 0.130247 0.119203
0 0.583422 0.316771 0.016861 0.092583 0.047426
0 0.590629 0.318729 0.018884 0.097598 0.119203
0 0.670197 0.307352 0.015444 0.114478 0.268941
0 0.692298 0.304845 0.015541 0.109818 0.047426
0 0.004833 0.308559 0.009828 0.075873 0.002473
0 0.065821 0.325892 0.012629 0.078211 0.006693
0 0.559559 0.318312 0.019143 0.126876 0.119203
0 0.564293 0.317754 0.027696 0.135197 0.268941
0 0.582986 0.315046 0.015983 0.088551 0.119203
0 0.590538 0.314871 0.019306 0.099174 0.047426
0 0.670198 0.307289 0.015452 0.114597 0.500000
0 0.692293 0.306529 0.015571 0.113097 0.047426
0 0.034452 0.342172 0.013173 0.101388 0.002473
0 0.562545 0.317784 0.025101 0.135224 0.119203
0 0.565476 0.320218 0.025032 0.130468 0.268941
0 0.581478 0.314741 0.012987 0.088738 0.119203
0 0.588646 0.314797 0.022867 0.098351 0.047426
0 0.668786 0.306328 0.018374 0.112296 0.268941
0 0.693657 0.304631 0.018661 0.109230 0.047426
0 0.563973 0.317778 0.027948 0.126029 0.119203
0 0.563989 0.316962 0.027871 0.133940 0.268941
0 0.583399 0.316537 0.016896 0.091410 0.047426
0 0.588014 0.314514 0.018289 0.098959 0.047426
0 0.670195 0.308676 0.015448 0.107156 0.500000
0 0.693707 0.305486 0.018822 0.107367 0.119203
0 0.563975 0.316771 0.022176 0.133134 0.268941
0 0.563992 0.319524 0.027865 0.128845 0.500000
0 0.580389 0.316168 0.020151 0.102046 0.002473
0 0.588800 0.319590 0.022562 0.095154 0.002473
0 0.670216 0.307814 0.015805 0.115581 0.006693
0 0.563964 0.319005 0.028010 0.137991 0.017986
0 0.564080 0.321638 0.022001 0.132571 0.006693
1 0.602058 0.304477 0.034756 0.026468 0.017986
1 0.621282 0.308464 0.031704 0.017806 0.002473
1 0.626739 0.308454 0.021694 0.017735 0.047426
1 0.651026 0.304466 0.023010 0.025882 0.017986
1 0.652119 0.304472 0.015077 0.025805 0.006693
1 0.224356 0.342974 0.061244 0.045099 0.731059
1 0.224363 0.342162 0.061239 0.049713 0.500000
1 0.224296 0.343721 0.061100 0.046597 0.500000
1 0.224281 0.342119 0.061023 0.049631 0.006693
1 0.264144 0.333167 0.053656 0.031876 0.017986
1 0.271501 0.331588 0.057813 0.028720 0.047426
1 0.287461 0.331793 0.031279 0.022738 0.268941
1 0.287539 0.329796 0.031164 0.025014 0.119203
1 0.295386 0.330880 0.037045 0.021095 0.017986
1 0.318373 0.329281 0.026545 0.017778 0.047426
1 0.328867 0.327682 0.031899 0.011601 0.017986
1 0.345629 0.326908 0.023916 0.013003 0.017986
1 0.350225 0.325321 0.019498 0.016175 0.017986
1 0.372851 0.320490 0.019413 0.016226 0.002473
1 0.375274 0.320479 0.014991 0.016101 0.002473
1 0.598273 0.313712 0.028905 0.023674 0.006693
1 0.224221 0.344432 0.062164 0.044770 0.006693
1 0.224291 0.343764 0.061102 0.046572 0.731059
1 0.224295 0.343749 0.061090 0.046541 0.500000
1 0.224270 0.343767 0.061041 0.046580 0.268941
1 0.223360 0.343015 0.059217 0.045105 0.500000
1 0.262238 0.336190 0.047765 0.036242 0.017986
1 0.267122 0.333677 0.052628 0.031434 0.006693
1 0.287144 0.331834 0.031776 0.028891 0.119203
1 0.287535 0.332766 0.031180 0.023979 0.047426
1 0.289696 0.333549 0.036582 0.025939 0.006693
1 0.224291 0.344523 0.061100 0.045095 0.731059
1 0.224480 0.343774 0.060723 0.046593 0.731059
1 0.223355 0.344524 0.059215 0.045106 0.731059
1 0.224273 0.343842 0.061037 0.046590 0.002473
2 0.525381 0.295717 0.077970 0.050177 0.002473
2 0.530681 0.292563 0.081105 0.054194 0.002473
2 0.524448 0.303768 0.069083 0.036420 0.002473
5 0.590538 0.314871 0.019306 0.099174 0.002473
5 0.588646 0.314797 0.022867 0.098351 0.017986
5 0.588014 0.314514 0.018289 0.098959 0.047426
