0 0.072338 0.317288 0.019703 0.073429 0.002473
0 0.076231 0.319066 0.016894 0.069790 0.002473
0 0.073512 0.327305 0.022083 0.053686 0.002473
0 0.893509 0.341240 0.018929 0.067408 0.002473
0 0.076663 0.329020 0.015912 0.050310 0.002473
1 0.354311 0.331744 0.077858 0.070544 0.731059
1 0.353876 0.333305 0.076930 0.073668 0.731059
1 0.353880 0.329287 0.076936 0.075277 0.500000
1 0.353865 0.331748 0.076950 0.070537 0.731059
1 0.353870 0.331750 0.076944 0.070533 0.731059
1 0.353844 0.329340 0.076893 0.075356 0.731059
1 0.448134 0.320513 0.015502 0.025675 0.268941
1 0.447006 0.318148 0.018988 0.020990 0.047426
1 0.478321 0.320517 0.012598 0.016065 0.047426
1 0.492197 0.322915 0.010446 0.021253 0.002473
1 0.505274 0.322895 0.020238 0.020894 0.731059
1 0.579260 0.322890 0.017489 0.011315 0.002473
1 0.353869 0.331763 0.076944 0.070572 0.731059
1 0.353869 0.329359 0.076945 0.075385 0.731059
1 0.353843 0.331768 0.076892 0.070570 0.500000
1 0.352938 0.331782 0.075054 0.070586 0.731059
2 0.448134 0.320513 0.015502 0.025675 0.002473
2 0.447006 0.318148 0.018988 0.020990 0.002473
2 0.469737 0.320527 0.017555 0.016181 0.002473
2 0.478321 0.320517 0.012598 0.016065 0.002473
4 0.073512 0.327305 0.022083 0.053686 0.002473
4 0.074723 0.331195 0.018768 0.045960 0.002473
5 0.073512 0.327305 0.022083 0.053686 0.006693
