0 0.568766 0.301234 0.018801 0.149967 0.002473
0 0.547509 0.310516 0.016006 0.105506 0.002473
0 0.554749 0.311997 0.018310 0.114899 0.002473
0 0.567274 0.309593 0.015814 0.134628 0.047426
0 0.582779 0.321502 0.022023 0.143456 0.006693
0 0.004809 0.318504 0.009700 0.096117 0.017986
0 0.549077 0.314679 0.013646 0.099366 0.268941
0 0.552182 0.316250 0.015139 0.102845 0.006693
0 0.564658 0.315145 0.015156 0.133869 0.017986
0 0.583226 0.332509 0.023604 0.154563 0.002473
0 0.004833 0.329138 0.009828 0.117368 0.006693
0 0.034253 0.332782 0.012775 0.083091 0.002473
0 0.064814 0.328454 0.010873 0.073871 0.006693
0 0.548810 0.315139 0.013105 0.098926 0.268941
0 0.553260 0.315911 0.013446 0.104440 0.002473
0 0.566083 0.316662 0.018005 0.130450 0.047426
0 0.581872 0.328584 0.026311 0.166756 0.268941
0 0.583452 0.333325 0.023617 0.157225 0.017986
0 0.035381 0.346426 0.015029 0.110818 0.006693
0 0.549073 0.315674 0.013628 0.100864 0.119203
0 0.553254 0.317715 0.013441 0.096740 0.002473
0 0.564668 0.316145 0.015172 0.132203 0.017986
0 0.581883 0.330493 0.026288 0.172345 0.500000
0 0.583402 0.332444 0.023721 0.168362 0.268941
0 0.065727 0.333367 0.013555 0.093276 0.002473
0 0.549896 0.315681 0.015276 0.100956 0.119203
0 0.550585 0.315756 0.014437 0.104193 0.002473
0 0.567325 0.313432 0.016606 0.138733 0.047426
0 0.582849 0.330498 0.024364 0.172336 0.268941
0 0.582963 0.332067 0.024600 0.178776 0.268941
0 0.549715 0.317835 0.014957 0.104738 0.119203
0 0.552281 0.321559 0.015283 0.097435 0.006693
0 0.570815 0.314805 0.017634 0.140026 0.047426
0 0.581695 0.329771 0.025963 0.173946 0.268941
0 0.582952 0.327321 0.024597 0.169088 0.268941
0 0.582136 0.330648 0.025048 0.172004 0.268941
0 0.582447 0.332688 0.025607 0.167969 0.268941
0 0.579322 0.333495 0.028979 0.166774 0.002473
0 0.581831 0.333469 0.026403 0.166446 0.500000
0 0.583417 0.335256 0.027490 0.162872 0.119203
1 0.604724 0.311414 0.020427 0.023766 0.006693
1 0.623290 0.308462 0.028490 0.017749 0.017986
1 0.626581 0.309214 0.022209 0.016245 0.047426
1 0.224288 0.343721 0.061106 0.046595 0.731059
1 0.224293 0.343724 0.061100 0.046590 0.500000
1 0.224296 0.343720 0.061100 0.046597 0.500000
1 0.224303 0.342932 0.061084 0.045023 0.017986
1 0.270339 0.333151 0.043344 0.031907 0.017986
1 0.274540 0.331559 0.048300 0.028654 0.047426
1 0.287367 0.331792 0.031154 0.022735 0.268941
1 0.287331 0.331040 0.031571 0.021236 0.119203
1 0.311312 0.330873 0.033395 0.021113 0.006693
1 0.318448 0.329308 0.030324 0.017811 0.017986
1 0.326182 0.329334 0.035540 0.018008 0.017986
1 0.339537 0.325334 0.021362 0.016277 0.002473
1 0.601663 0.320343 0.015999 0.026130 0.047426
1 0.223300 0.343776 0.060316 0.046081 0.006693
1 0.223353 0.343748 0.059226 0.046605 0.731059
1 0.224270 0.341440 0.061040 0.048227 0.500000
1 0.224270 0.343763 0.061042 0.046579 0.500000
1 0.224087 0.343756 0.061408 0.046587 0.500000
1 0.265760 0.335913 0.050584 0.036826 0.006693
1 0.271950 0.333368 0.044987 0.025764 0.047426
1 0.286054 0.331842 0.033491 0.028878 0.047426
1 0.288787 0.333426 0.028403 0.025767 0.017986
1 0.224360 0.343774 0.061240 0.046593 0.500000
1 0.224296 0.343773 0.061092 0.046592 0.500000
1 0.224268 0.343776 0.061041 0.046601 0.731059
2 0.517296 0.292457 0.061086 0.055043 0.002473
2 0.518726 0.294162 0.063803 0.046926 0.006693
2 0.518423 0.294153 0.062687 0.046733 0.006693
2 0.519723 0.291763 0.059033 0.051706 0.002473
2 0.426545 0.308535 0.140595 0.142606 0.002473
3 0.426432 0.306083 0.140369 0.137883 0.500000
3 0.426630 0.309287 0.140775 0.141298 0.500000
3 0.426625 0.306142 0.140831 0.137908 0.500000
3 0.426545 0.308535 0.140595 0.142606 0.500000
3 0.426660 0.308543 0.140840 0.142621 0.268941
3 0.426591 0.306237 0.140718 0.137576 0.500000
3 0.426452 0.306986 0.140407 0.136082 0.500000
3 0.426664 0.308625 0.140835 0.142435 0.500000
3 0.426141 0.306231 0.141617 0.137603 0.731059
3 0.426635 0.306582 0.140781 0.137049 0.500000
