0 0.128333 0.318266 0.012657 0.053995 0.017986
0 0.129800 0.323876 0.009657 0.050361 0.006693
0 0.720191 0.330598 0.009637 0.036232 0.006693
0 0.128371 0.325775 0.012581 0.047205 0.006693
0 0.719686 0.333430 0.004899 0.041982 0.006693
1 0.372057 0.327735 0.069126 0.062524 0.731059
1 0.373574 0.326882 0.066381 0.070472 0.500000
1 0.373342 0.325370 0.065823 0.067444 0.017986
1 0.372070 0.325321 0.069099 0.067326 0.731059
1 0.372057 0.325330 0.069124 0.067306 0.500000
1 0.373390 0.325329 0.066006 0.067313 0.500000
1 0.372061 0.327736 0.069120 0.062529 0.500000
1 0.450844 0.318116 0.017173 0.020880 0.119203
1 0.451683 0.318101 0.015873 0.020852 0.500000
1 0.468593 0.316550 0.013236 0.017791 0.006693
1 0.481213 0.318968 0.006891 0.012966 0.047426
1 0.496436 0.320655 0.008410 0.016447 0.002473
1 0.511013 0.325317 0.022054 0.025684 0.500000
1 0.510128 0.322913 0.020228 0.020875 0.268941
1 0.540776 0.320499 0.012765 0.016103 0.002473
1 0.551658 0.325232 0.012288 0.016295 0.002473
1 0.372068 0.327744 0.069108 0.062512 0.731059
1 0.372059 0.329295 0.069119 0.065615 0.500000
1 0.373507 0.325326 0.066228 0.067322 0.731059
1 0.372062 0.327739 0.069122 0.062507 0.731059
2 0.468593 0.316550 0.013236 0.017791 0.006693
3 0.451683 0.318101 0.015873 0.020852 0.002473
