1 0.425957 0.323638 0.042236 0.045094 0.268941
1 0.425957 0.323638 0.042265 0.045094 0.119203
1 0.427662 0.324392 0.044734 0.049663 0.047426
1 0.396476 0.325764 0.018959 0.026929 0.017986
1 0.425904 0.325274 0.042290 0.048093 0.500000
1 0.425966 0.323686 0.042265 0.045083 0.500000
1 0.425974 0.323730 0.042267 0.044996 0.500000
1 0.425976 0.323725 0.042287 0.044998 0.268941
1 0.454797 0.320484 0.009732 0.016252 0.017986
1 0.468730 0.318107 0.012597 0.020885 0.047426
1 0.489880 0.318890 0.020247 0.028937 0.119203
1 0.488957 0.321289 0.022094 0.033732 0.268941
1 0.520196 0.318076 0.015448 0.020903 0.119203
1 0.567705 0.325304 0.017345 0.016152 0.002473
1 0.577104 0.324437 0.020875 0.008220 0.002473
1 0.426351 0.323849 0.041391 0.044790 0.268941
1 0.425969 0.325292 0.042257 0.048124 0.500000
1 0.425941 0.323732 0.042198 0.045006 0.500000
1 0.425980 0.325286 0.042279 0.048155 0.500000
1 0.752445 0.338171 0.029371 0.041663 0.002473
1 0.879856 0.398546 0.240575 0.234593 0.731059
1 0.881325 0.400953 0.237981 0.239414 0.047426
1 0.881247 0.398660 0.237794 0.234823 0.731059
1 0.879509 0.398296 0.240993 0.235328 0.268941
1 0.879739 0.400284 0.240605 0.241099 0.268941
1 0.880266 0.401056 0.241731 0.239622 0.002473
1 0.881195 0.399362 0.237622 0.233221 0.731059
1 0.164175 0.354322 0.344072 0.508908 0.939913
1 0.164520 0.360535 0.347158 0.513432 0.939913
1 0.167626 0.371915 0.346162 0.535224 0.939913
1 0.172858 0.371534 0.330974 0.533466 0.377541
1 0.167326 0.364202 0.335980 0.527338 0.924142
1 0.171846 0.366423 0.337371 0.524039 0.924142
1 0.169424 0.364924 0.348853 0.526439 0.924142
1 0.172927 0.363247 0.328948 0.518741 0.939913
1 0.878665 0.400328 0.236296 0.237307 0.182426
1 0.882976 0.401953 0.244881 0.230209 0.939913
1 0.878518 0.402331 0.236920 0.231467 0.047426
1 0.167654 0.368654 0.335680 0.533612 0.268941
1 0.170202 0.371829 0.338082 0.534673 0.924142
1 0.168476 0.371444 0.342672 0.531778 0.924142
1 0.879146 0.393844 0.238325 0.239245 0.952574
1 0.882866 0.393767 0.244864 0.240070 0.939913
1 0.878217 0.393413 0.234722 0.237890 0.952574
1 0.882046 0.399156 0.243816 0.238630 0.777300
2 0.447527 0.312457 0.024442 0.032044 0.017986
2 0.799276 0.310786 0.062498 0.054978 0.002473
2 0.396476 0.325764 0.018959 0.026929 0.002473
2 0.468730 0.318107 0.012597 0.020885 0.002473
2 0.520196 0.318076 0.015448 0.020903 0.047426
3 0.447527 0.312457 0.024442 0.032044 0.006693
3 0.491281 0.319925 0.023088 0.036471 0.017986
3 0.489923 0.319927 0.020211 0.036447 0.047426
3 0.454797 0.320484 0.009732 0.016252 0.002473
3 0.468730 0.318107 0.012597 0.020885 0.006693
3 0.489880 0.318890 0.020247 0.028937 0.017986
3 0.488957 0.321289 0.022094 0.033732 0.047426
3 0.520196 0.318076 0.015448 0.020903 0.017986
4 0.748821 0.339868 0.023017 0.038287 0.006693
4 0.752445 0.338171 0.029371 0.041663 0.002473
