0 0.718797 0.328209 0.006915 0.031737 0.002473
0 0.718737 0.333461 0.006796 0.041559 0.002473
1 0.428771 0.325498 0.042248 0.047613 0.002473
1 0.429986 0.324956 0.040497 0.047795 0.002473
1 0.402136 0.327898 0.015109 0.021343 0.002473
1 0.428832 0.326183 0.042369 0.046332 0.500000
1 0.430273 0.328586 0.045228 0.051137 0.731059
1 0.428832 0.329331 0.042356 0.049650 0.500000
1 0.454797 0.322865 0.009735 0.021017 0.047426
1 0.468695 0.322909 0.012766 0.011264 0.017986
1 0.493269 0.324495 0.025233 0.033721 0.047426
1 0.493749 0.322933 0.024268 0.036773 0.500000
1 0.493884 0.324475 0.025190 0.033710 0.017986
1 0.524024 0.322889 0.017316 0.020909 0.006693
1 0.525283 0.322907 0.014921 0.020863 0.017986
1 0.403215 0.334509 0.013384 0.023582 0.002473
1 0.428818 0.329293 0.042338 0.049757 0.500000
1 0.428823 0.328593 0.042327 0.051151 0.731059
1 0.428831 0.326932 0.042345 0.044848 0.500000
1 0.904816 0.401760 0.190439 0.220370 0.880797
1 0.904707 0.402091 0.190606 0.220899 0.880797
1 0.904794 0.403375 0.190494 0.223544 0.731059
1 0.903267 0.402079 0.187725 0.220956 0.731059
1 0.903298 0.402079 0.187653 0.220955 0.500000
1 0.903334 0.400959 0.187578 0.228345 0.731059
1 0.903333 0.403577 0.187592 0.224183 0.731059
1 0.903293 0.402130 0.187664 0.221283 0.880797
1 0.903313 0.402210 0.187756 0.220734 0.731059
1 0.904713 0.403399 0.190601 0.223465 0.731059
1 0.160754 0.381854 0.319435 0.621607 0.924142
1 0.162820 0.377750 0.324272 0.608885 0.924142
1 0.161638 0.377302 0.335803 0.612463 0.904651
1 0.160544 0.376538 0.314925 0.607482 0.924142
1 0.164905 0.384020 0.329229 0.601738 0.924142
1 0.159512 0.383011 0.330998 0.620190 0.924142
1 0.173555 0.380568 0.322138 0.605460 0.904651
1 0.163681 0.378642 0.319719 0.601904 0.939913
1 0.166194 0.374578 0.332139 0.611995 0.939913
1 0.162944 0.376651 0.320517 0.605906 0.904651
2 0.447832 0.312447 0.029784 0.031991 0.047426
2 0.397610 0.323006 0.023935 0.021413 0.002473
2 0.454797 0.322865 0.009735 0.021017 0.006693
2 0.524024 0.322889 0.017316 0.020909 0.006693
2 0.525283 0.322907 0.014921 0.020863 0.047426
3 0.447832 0.312447 0.029784 0.031991 0.002473
3 0.525283 0.322907 0.014921 0.020863 0.006693
