0 0.673577 0.308332 0.017413 0.087582 0.017986
0 0.675712 0.313666 0.017953 0.088202 0.002473
0 0.709729 0.291804 0.019848 0.032505 0.002473
0 0.718770 0.292457 0.025133 0.033810 0.002473
0 0.713027 0.340205 0.042012 0.128986 0.002473
0 0.724208 0.339900 0.044878 0.126992 0.002473
0 0.666671 0.333834 0.031055 0.094900 0.002473
1 0.175058 0.304404 0.035036 0.068623 0.002473
1 0.252969 0.322719 0.037989 0.052638 0.017986
1 0.254582 0.325019 0.041071 0.057209 0.047426
1 0.254723 0.318440 0.041834 0.053768 0.017986
1 0.328809 0.326762 0.167601 0.170136 0.880797
1 0.328775 0.326131 0.167484 0.171400 0.731059
1 0.328162 0.326751 0.168730 0.169645 0.731059
1 0.417924 0.316412 0.016661 0.033749 0.002473
1 0.424175 0.313995 0.021135 0.028998 0.002473
1 0.639382 0.312468 0.028928 0.032160 0.006693
1 0.650149 0.314817 0.044207 0.036812 0.002473
1 0.655908 0.321506 0.052563 0.061033 0.002473
1 0.006454 0.336415 0.013301 0.107045 0.002473
1 0.254371 0.320595 0.040105 0.057487 0.017986
1 0.254617 0.325203 0.041008 0.057485 0.017986
1 0.254327 0.324991 0.042742 0.057166 0.047426
1 0.328755 0.325970 0.167507 0.171551 0.731059
1 0.328866 0.326761 0.167384 0.170135 0.500000
1 0.330979 0.325989 0.168854 0.171590 0.731059
1 0.422353 0.318433 0.019733 0.029817 0.006693
1 0.425054 0.320319 0.019210 0.026080 0.047426
1 0.441804 0.316339 0.017420 0.024415 0.002473
1 0.460879 0.314772 0.022702 0.021285 0.002473
1 0.464085 0.316470 0.022206 0.024127 0.002473
1 0.641038 0.315400 0.026431 0.037860 0.006693
1 0.651029 0.316206 0.045968 0.039475 0.002473
1 0.654723 0.319478 0.053356 0.046019 0.006693
1 0.092251 0.356737 0.184607 0.244857 0.880797
1 0.092316 0.356623 0.184641 0.245071 0.731059
1 0.092289 0.359346 0.184586 0.250088 0.731059
1 0.252193 0.325389 0.038545 0.057573 0.017986
1 0.254307 0.325405 0.040620 0.057624 0.017986
1 0.257132 0.325405 0.040154 0.058649 0.017986
1 0.329698 0.325666 0.165612 0.172167 0.500000
1 0.328791 0.326014 0.167534 0.171634 0.500000
1 0.328590 0.325698 0.167840 0.172231 0.731059
1 0.092254 0.358397 0.184635 0.241914 0.731059
1 0.092286 0.356718 0.184578 0.244914 0.500000
1 0.093699 0.356854 0.181781 0.245631 0.500000
1 0.328865 0.325695 0.167396 0.172245 0.731059
1 0.093695 0.358216 0.187532 0.241553 0.500000
1 0.092290 0.354499 0.190344 0.249362 0.731059
1 0.092294 0.354527 0.184592 0.250370 0.500000
1 0.093696 0.356735 0.187399 0.244933 0.500000
2 0.445996 0.299082 0.018373 0.040852 0.002473
2 0.328162 0.326751 0.168730 0.169645 0.006693
4 0.657902 0.328101 0.048576 0.074563 0.002473
4 0.707473 0.341548 0.069326 0.129654 0.017986
4 0.713163 0.340855 0.086798 0.138110 0.017986
4 0.724388 0.342101 0.076726 0.131709 0.006693
4 0.729707 0.345233 0.078897 0.128821 0.002473
4 0.666671 0.333834 0.031055 0.094900 0.002473
4 0.694207 0.337832 0.057511 0.115929 0.002473
4 0.706310 0.341396 0.076151 0.129770 0.017986
4 0.712958 0.343493 0.087290 0.134993 0.017986
4 0.719257 0.343540 0.084267 0.134920 0.006693
4 0.728980 0.345990 0.083751 0.130020 0.002473
4 0.739141 0.347825 0.072251 0.123416 0.006693
4 0.659390 0.337016 0.044076 0.090957 0.002473
4 0.666556 0.339757 0.031443 0.098871 0.006693
4 0.704575 0.343038 0.076014 0.123341 0.017986
4 0.709452 0.341926 0.075714 0.131704 0.047426
4 0.713337 0.342195 0.086451 0.132399 0.047426
4 0.718259 0.343476 0.091507 0.135085 0.017986
4 0.724852 0.344081 0.091999 0.135051 0.002473
4 0.667193 0.341375 0.028413 0.110532 0.002473
4 0.702428 0.342707 0.064018 0.127155 0.006693
4 0.706412 0.341726 0.072008 0.138579 0.047426
4 0.714007 0.341575 0.085392 0.138961 0.017986
4 0.718500 0.342580 0.092136 0.131742 0.017986
4 0.738455 0.349259 0.074572 0.133543 0.002473
5 0.713027 0.340205 0.042012 0.128986 0.002473
5 0.724208 0.339900 0.044878 0.126992 0.002473
5 0.713163 0.340855 0.086798 0.138110 0.002473
5 0.724388 0.342101 0.076726 0.131709 0.002473
5 0.739141 0.347825 0.072251 0.123416 0.002473
5 0.704575 0.343038 0.076014 0.123341 0.006693
5 0.709452 0.341926 0.075714 0.131704 0.002473
5 0.713337 0.342195 0.086451 0.132399 0.002473
5 0.718259 0.343476 0.091507 0.135085 0.002473
5 0.724852 0.344081 0.091999 0.135051 0.002473
5 0.706412 0.341726 0.072008 0.138579 0.002473
5 0.718500 0.342580 0.092136 0.131742 0.006693
