0 0.014163 0.360602 0.029015 0.218059 0.002473
1 0.331299 0.340202 0.168617 0.170787 0.880797
1 0.444611 0.322348 0.029811 0.042833 0.002473
1 0.446385 0.322420 0.032126 0.042674 0.002473
1 0.445427 0.322416 0.028386 0.042676 0.002473
1 0.823785 0.329319 0.041890 0.065921 0.500000
1 0.822372 0.326987 0.044779 0.070952 0.500000
1 0.822363 0.326988 0.044765 0.070934 0.268941
1 0.822718 0.327283 0.045462 0.071548 0.002473
1 0.227099 0.354443 0.104165 0.107844 0.880797
1 0.228150 0.354899 0.100589 0.106905 0.731059
1 0.332440 0.340960 0.170793 0.172246 0.880797
1 0.332797 0.338558 0.165611 0.177051 0.731059
1 0.333592 0.340956 0.167401 0.172256 0.500000
1 0.420305 0.324467 0.009867 0.048498 0.002473
1 0.443727 0.323974 0.031712 0.039593 0.119203
1 0.444963 0.323784 0.029255 0.038720 0.268941
1 0.445432 0.323337 0.028375 0.037831 0.268941
1 0.472207 0.322915 0.019917 0.031278 0.017986
1 0.475087 0.324576 0.019093 0.034163 0.017986
1 0.822333 0.327008 0.044694 0.070825 0.268941
1 0.822338 0.326940 0.044706 0.070556 0.500000
1 0.821886 0.329350 0.043802 0.065776 0.500000
1 0.822721 0.329467 0.045445 0.066013 0.017986
1 0.031547 0.362534 0.036785 0.063586 0.002473
1 0.087456 0.360665 0.043959 0.046495 0.017986
1 0.087999 0.357711 0.043135 0.051188 0.006693
1 0.225386 0.354894 0.100766 0.105722 0.500000
1 0.225545 0.354910 0.101083 0.106921 0.500000
1 0.226623 0.354162 0.103245 0.105421 0.500000
1 0.333895 0.340195 0.167898 0.170758 0.500000
1 0.332800 0.337783 0.165610 0.175590 0.731059
1 0.332210 0.340946 0.170273 0.172261 0.731059
1 0.417325 0.327497 0.009708 0.054201 0.002473
1 0.443654 0.324881 0.031627 0.042762 0.119203
1 0.445302 0.323400 0.028238 0.042686 0.047426
1 0.446882 0.324145 0.031263 0.044211 0.047426
1 0.473628 0.328542 0.017858 0.035637 0.006693
1 0.476075 0.332616 0.017346 0.027328 0.002473
1 0.823328 0.325511 0.040966 0.067782 0.500000
1 0.822083 0.327074 0.044172 0.070836 0.500000
1 0.822343 0.325505 0.044686 0.067684 0.731059
1 0.822718 0.329792 0.045447 0.066732 0.002473
1 0.023402 0.374383 0.047224 0.217689 0.500000
1 0.023493 0.372467 0.047065 0.207165 0.500000
1 0.085690 0.368789 0.040736 0.037588 0.002473
1 0.087461 0.367135 0.043334 0.036614 0.006693
1 0.087510 0.366358 0.043888 0.035151 0.017986
1 0.092126 0.365738 0.035595 0.035175 0.006693
1 0.225017 0.355227 0.100042 0.103301 0.500000
1 0.226600 0.354471 0.103280 0.104791 0.500000
1 0.225605 0.354474 0.101214 0.104786 0.500000
1 0.332282 0.338271 0.170392 0.176404 0.500000
1 0.333722 0.340655 0.167526 0.171636 0.500000
1 0.333602 0.340208 0.167497 0.170740 0.731059
1 0.023503 0.378453 0.047154 0.211167 0.500000
1 0.023566 0.375170 0.047072 0.209744 0.268941
1 0.024864 0.382124 0.049968 0.179275 0.268941
1 0.225091 0.355209 0.100263 0.106335 0.500000
1 0.225827 0.355213 0.101656 0.106333 0.500000
1 0.942801 0.360384 0.114816 0.387005 0.002473
1 0.023491 0.379913 0.047130 0.206413 0.500000
1 0.023565 0.380559 0.047074 0.199763 0.268941
1 0.023413 0.380052 0.047265 0.183220 0.268941
1 0.946509 0.363425 0.107429 0.422590 0.006693
1 0.022478 0.374017 0.045424 0.205505 0.268941
1 0.023509 0.377556 0.047099 0.192437 0.500000
1 0.915854 0.347295 0.169680 0.613438 0.001501
1 0.922566 0.348972 0.155321 0.603338 0.004070
1 0.930347 0.348346 0.143014 0.601395 0.004070
1 0.915817 0.368000 0.169739 0.640645 0.001170
1 0.924361 0.364228 0.151868 0.623290 0.003173
1 0.931579 0.360059 0.137191 0.629413 0.003173
1 0.962247 0.361372 0.075874 0.631989 0.001170
