0 0.796755 0.328340 0.012855 0.075688 0.002473
0 0.797618 0.338078 0.010718 0.053072 0.017986
0 0.796171 0.338697 0.007826 0.050589 0.006693
1 0.423544 0.326877 0.047089 0.054561 0.500000
1 0.424960 0.326869 0.049962 0.054547 0.500000
1 0.493652 0.322108 0.031544 0.042055 0.006693
1 0.492718 0.321370 0.029608 0.043549 0.017986
1 0.493785 0.321363 0.031699 0.043550 0.047426
1 0.283634 0.318044 0.042324 0.021006 0.006693
1 0.283576 0.318917 0.041878 0.012977 0.047426
1 0.285422 0.318918 0.039926 0.012981 0.006693
1 0.422075 0.326907 0.049930 0.054524 0.731059
1 0.423553 0.326907 0.047107 0.054518 0.500000
1 0.422109 0.327654 0.049997 0.053020 0.500000
1 0.423549 0.326907 0.047131 0.054532 0.500000
1 0.492800 0.323975 0.029827 0.039574 0.500000
1 0.491358 0.323972 0.032706 0.039565 0.500000
1 0.492822 0.323841 0.029840 0.039357 0.500000
1 0.529804 0.322897 0.015553 0.020897 0.017986
1 0.546795 0.322887 0.018942 0.011309 0.006693
1 0.671944 0.325322 0.025153 0.016075 0.002473
1 0.691587 0.322897 0.042553 0.030638 0.002473
1 0.423523 0.326947 0.047052 0.054450 0.731059
1 0.424993 0.327655 0.049986 0.053029 0.731059
1 0.423520 0.326943 0.047040 0.054451 0.500000
1 0.423559 0.324537 0.047120 0.049650 0.731059
1 0.492778 0.323414 0.029782 0.041438 0.017986
1 0.493714 0.324158 0.027890 0.039935 0.047426
1 0.493785 0.324151 0.031660 0.039956 0.047426
1 0.932714 0.384550 0.134632 0.210891 0.731059
1 0.931252 0.384586 0.137505 0.217330 0.731059
1 0.931250 0.387547 0.137503 0.222250 0.731059
1 0.931283 0.385654 0.137542 0.218270 0.500000
1 0.931279 0.385367 0.137479 0.218776 0.880797
1 0.931251 0.383439 0.137509 0.214072 0.731059
1 0.931266 0.384938 0.137508 0.216769 0.500000
1 0.932710 0.386217 0.134616 0.214225 0.731059
1 0.932730 0.383434 0.134663 0.213844 0.500000
1 0.929833 0.385277 0.134587 0.211233 0.731059
1 0.126209 0.312951 0.261427 0.583332 0.029312
1 0.127918 0.316053 0.256073 0.581282 0.622459
1 0.133345 0.316526 0.255108 0.561779 0.777300
1 0.128434 0.325924 0.252378 0.534590 0.731059
1 0.126279 0.312431 0.263348 0.581300 0.679179
1 0.126576 0.318550 0.253424 0.577637 0.777300
1 0.131755 0.313848 0.257486 0.565419 0.817575
1 0.128401 0.321921 0.249637 0.547114 0.817575
1 0.129426 0.324924 0.257765 0.549809 0.003173
1 0.127918 0.330909 0.256019 0.545364 0.777300
1 0.130648 0.333267 0.258220 0.543583 0.817575
1 0.129061 0.333591 0.248489 0.539415 0.622459
2 0.529804 0.322897 0.015553 0.020897 0.119203
2 0.127918 0.316053 0.256073 0.581282 0.002473
2 0.133345 0.316526 0.255108 0.561779 0.005220
2 0.128434 0.325924 0.252378 0.534590 0.003173
3 0.492718 0.321370 0.029608 0.043549 0.006693
3 0.493785 0.321363 0.031699 0.043550 0.006693
3 0.529804 0.322897 0.015553 0.020897 0.017986
3 0.133345 0.316526 0.255108 0.561779 0.001501
3 0.128434 0.325924 0.252378 0.534590 0.001501
