0 0.635188 0.290971 0.014615 0.066126 0.006693
0 0.633671 0.295414 0.017350 0.080984 0.006693
0 0.636132 0.287464 0.016448 0.064729 0.006693
0 0.632732 0.307487 0.015483 0.098909 0.006693
0 0.634650 0.295853 0.019600 0.081632 0.002473
0 0.632797 0.303992 0.015651 0.107623 0.006693
0 0.633923 0.308272 0.018000 0.107201 0.006693
1 0.985911 0.288183 0.028213 0.137976 0.006693
1 0.989629 0.287112 0.020908 0.155867 0.002473
1 0.406276 0.316607 0.077615 0.091702 0.952574
1 0.406732 0.316605 0.076702 0.091706 0.731059
1 0.987437 0.292577 0.025315 0.131417 0.002473
1 0.333638 0.312465 0.032771 0.032061 0.268941
1 0.335132 0.310904 0.035628 0.028907 0.500000
1 0.335458 0.310904 0.036017 0.028906 0.500000
1 0.346688 0.309374 0.031681 0.025874 0.017986
1 0.406525 0.316621 0.076290 0.091679 0.500000
1 0.406709 0.316527 0.076655 0.091422 0.500000
1 0.407214 0.314130 0.079459 0.096229 0.500000
1 0.462327 0.313596 0.025023 0.028345 0.002473
1 0.461118 0.312031 0.022251 0.024939 0.002473
1 0.332216 0.312523 0.029925 0.032020 0.268941
1 0.333741 0.314213 0.032545 0.028628 0.119203
1 0.333962 0.312630 0.033016 0.031804 0.268941
1 0.353803 0.313679 0.017451 0.023490 0.002473
1 0.406522 0.317267 0.076287 0.092944 0.500000
1 0.406638 0.316634 0.076796 0.091675 0.731059
1 0.406969 0.316649 0.079254 0.091658 0.500000
1 0.459540 0.318766 0.025024 0.029278 0.006693
1 0.462535 0.318443 0.025083 0.029833 0.006693
1 0.466179 0.319152 0.039231 0.029126 0.002473
1 0.113888 0.373890 0.222185 0.231211 0.731059
1 0.407488 0.316523 0.078217 0.091433 0.500000
1 0.407593 0.314128 0.078706 0.096237 0.500000
1 0.992262 0.313196 0.015555 0.125862 0.002473
1 0.110991 0.375005 0.221998 0.229170 0.731059
1 0.112459 0.374258 0.219308 0.227680 0.500000
1 0.112504 0.374249 0.225014 0.227675 0.731059
1 0.112479 0.375001 0.224976 0.229185 0.731059
1 0.113904 0.374249 0.222197 0.230695 0.500000
1 0.112501 0.373498 0.225008 0.229195 0.731059
1 0.112296 0.374993 0.224634 0.229171 0.731059
1 0.112423 0.374241 0.225163 0.230678 0.731059
1 0.112394 0.371770 0.225019 0.229198 0.731059
1 0.976626 0.425175 0.046797 0.425871 0.002473
1 0.981050 0.416444 0.037919 0.457967 0.002473
1 0.986274 0.412930 0.027538 0.456840 0.002473
1 0.977627 0.432323 0.044790 0.424288 0.002473
1 0.982474 0.417061 0.035139 0.443170 0.002473
1 0.978690 0.437353 0.042638 0.417888 0.002473
1 0.980542 0.427664 0.044694 0.445248 0.002473
1 0.982126 0.421130 0.035844 0.449160 0.002473
1 0.980542 0.440081 0.044694 0.433118 0.002473
2 0.564878 0.309656 0.029837 0.036444 0.006693
2 0.565753 0.308087 0.031228 0.032937 0.002473
2 0.566265 0.310087 0.026706 0.037030 0.002473
