1 0.881141 0.084638 0.240752 0.169547 0.002473
1 0.195800 0.315998 0.164581 0.108267 0.006693
1 0.013954 0.331226 0.028058 0.141968 0.002473
1 0.014090 0.336296 0.028200 0.151040 0.002473
1 0.196911 0.318695 0.162387 0.112486 0.002473
1 0.431887 0.320058 0.048755 0.056928 0.500000
1 0.431335 0.317913 0.047345 0.062249 0.500000
1 0.431523 0.316346 0.047734 0.059129 0.500000
1 0.490794 0.325945 0.056661 0.080354 0.731059
1 0.490802 0.326213 0.056658 0.080987 0.500000
1 0.490474 0.327523 0.056579 0.083621 0.500000
1 0.014030 0.331022 0.028218 0.149776 0.017986
1 0.014089 0.335992 0.028198 0.140920 0.002473
1 0.078732 0.356902 0.110789 0.098617 0.500000
1 0.076335 0.359232 0.109667 0.093858 0.500000
1 0.197840 0.317541 0.164308 0.105125 0.006693
1 0.348961 0.326909 0.042151 0.028868 0.119203
1 0.350069 0.326904 0.043947 0.028842 0.268941
1 0.351004 0.326885 0.042074 0.028806 0.500000
1 0.351024 0.326882 0.042188 0.028889 0.500000
1 0.431436 0.320358 0.047853 0.057481 0.500000
1 0.431776 0.318045 0.048232 0.062394 0.500000
1 0.431510 0.320340 0.047705 0.057362 0.500000
1 0.432719 0.320396 0.050089 0.057534 0.017986
1 0.490720 0.324721 0.056817 0.082770 0.268941
1 0.489639 0.325030 0.060035 0.083398 0.500000
1 0.490624 0.326261 0.056261 0.080888 0.500000
1 0.490800 0.325545 0.056646 0.079389 0.268941
1 0.014250 0.335478 0.028665 0.147387 0.017986
1 0.015235 0.335595 0.030489 0.146935 0.006693
1 0.028236 0.342873 0.056946 0.106190 0.002473
1 0.077491 0.359320 0.111820 0.093753 0.268941
1 0.078987 0.358618 0.108943 0.092327 0.268941
1 0.077012 0.356188 0.104839 0.097147 0.119203
1 0.197484 0.317650 0.161965 0.105130 0.002473
1 0.198535 0.317605 0.163670 0.105056 0.006693
1 0.432383 0.322989 0.046000 0.062674 0.500000
1 0.431512 0.320487 0.047699 0.057793 0.268941
1 0.431510 0.322939 0.047707 0.062561 0.268941
1 0.491249 0.326306 0.057547 0.080818 0.731059
1 0.490800 0.328959 0.056656 0.075955 0.500000
1 0.490745 0.326479 0.056756 0.080942 0.500000
1 0.014252 0.352001 0.028661 0.174486 0.017986
1 0.013478 0.355965 0.032683 0.182320 0.002473
1 0.078537 0.356983 0.109737 0.098685 0.268941
1 0.078965 0.356947 0.108987 0.098614 0.500000
1 0.076653 0.359362 0.105695 0.093804 0.119203
1 0.489082 0.330011 0.060088 0.080406 0.119203
1 0.078331 0.356984 0.109863 0.098813 0.006693
1 0.078875 0.359360 0.109041 0.093916 0.500000
1 0.076471 0.356954 0.109486 0.098765 0.500000
1 0.019418 0.393613 0.044812 0.305846 0.047426
1 0.023494 0.392887 0.041094 0.296563 0.047426
1 0.021881 0.396583 0.043880 0.318253 0.119203
1 0.023822 0.396637 0.041848 0.299548 0.047426
1 0.021899 0.397114 0.043918 0.285547 0.017986
1 0.023265 0.404984 0.046848 0.318265 0.017986
1 0.022395 0.400450 0.044727 0.303905 0.047426
1 0.022313 0.399460 0.044763 0.287243 0.017986
1 0.023310 0.413761 0.046738 0.349045 0.047426
1 0.023335 0.400275 0.046607 0.317216 0.047426
1 0.023282 0.397687 0.046711 0.292431 0.017986
1 0.022573 0.406202 0.045084 0.313906 0.017986
1 0.026699 0.478918 0.047667 0.421671 0.002473
1 0.025798 0.478422 0.051770 0.395834 0.006693
1 0.852105 0.121219 0.301253 0.247565 0.001501
1 0.877287 0.122588 0.243487 0.250423 0.003173
1 0.894094 0.125129 0.216271 0.256676 0.001170
2 0.197678 0.318330 0.161461 0.112939 0.047426
2 0.195800 0.315998 0.164581 0.108267 0.500000
2 0.198528 0.316326 0.159825 0.107683 0.731059
2 0.196704 0.316339 0.166273 0.107652 0.500000
2 0.196911 0.318695 0.162387 0.112486 0.500000
2 0.198503 0.320329 0.159878 0.109334 0.731059
2 0.195641 0.316356 0.164935 0.107676 0.500000
2 0.197840 0.317541 0.164308 0.105125 0.731059
2 0.198536 0.320127 0.159778 0.109880 0.500000
2 0.197484 0.317650 0.161965 0.105130 0.500000
2 0.198535 0.317605 0.163670 0.105056 0.731059
5 0.491249 0.326306 0.057547 0.080818 0.002473
