1 0.913658 0.079398 0.172675 0.158959 0.002473
1 0.904323 0.071027 0.191118 0.142419 0.002473
1 0.915693 0.082160 0.168575 0.164718 0.006693
1 0.921373 0.090227 0.157328 0.180581 0.002473
1 0.923552 0.094008 0.152989 0.188190 0.002473
1 0.914863 0.106227 0.164984 0.216097 0.006693
1 0.366276 0.341679 0.067255 0.048826 0.500000
1 0.365848 0.338830 0.062503 0.052751 0.500000
1 0.365855 0.339576 0.062542 0.054254 0.268941
1 0.364908 0.338847 0.064384 0.052782 0.268941
1 0.365755 0.339220 0.062758 0.053807 0.006693
1 0.365804 0.339716 0.062554 0.054470 0.500000
1 0.366336 0.339718 0.067250 0.054434 0.500000
1 0.365852 0.339731 0.062527 0.054409 0.500000
1 0.365820 0.341374 0.062561 0.048158 0.500000
1 0.367227 0.339570 0.065623 0.054501 0.002473
1 0.412165 0.336865 0.025325 0.025048 0.006693
1 0.365819 0.342170 0.062464 0.049813 0.268941
1 0.367269 0.339776 0.065464 0.054602 0.268941
1 0.367254 0.341320 0.065421 0.057801 0.006693
1 0.087521 0.390863 0.175176 0.378097 0.006693
1 0.086048 0.390782 0.178172 0.378903 0.500000
1 0.087468 0.393578 0.175282 0.377609 0.500000
1 0.086054 0.389046 0.178158 0.377543 0.500000
1 0.087524 0.389226 0.175045 0.383188 0.731059
1 0.087466 0.384547 0.175065 0.386267 0.119203
1 0.087534 0.386856 0.175199 0.387436 0.268941
1 0.088937 0.385985 0.172139 0.394332 0.268941
1 0.087420 0.388837 0.175131 0.390019 0.119203
1 0.086142 0.388277 0.177966 0.392543 0.268941
1 0.087721 0.387511 0.174650 0.394075 0.006693
1 0.089522 0.380827 0.174073 0.394776 0.008577
1 0.086697 0.386295 0.173655 0.387358 0.222700
1 0.090344 0.384759 0.175523 0.394795 0.679179
1 0.087462 0.388582 0.175100 0.390080 0.777300
1 0.087535 0.388306 0.174890 0.388814 0.679179
1 0.088075 0.384068 0.173490 0.402966 0.010987
1 0.087480 0.387908 0.175064 0.395221 0.880797
1 0.086728 0.385889 0.173329 0.398715 0.148047
3 0.086048 0.390782 0.178172 0.378903 0.002473
