0 0.877878 0.263997 0.026364 0.133439 0.002473
0 0.856262 0.272358 0.018732 0.115612 0.002473
0 0.879314 0.268755 0.023345 0.132325 0.002473
0 0.700026 0.313494 0.025187 0.117525 0.006693
0 0.704213 0.315302 0.022779 0.121017 0.017986
0 0.701619 0.314773 0.028609 0.119793 0.047426
0 0.703424 0.317646 0.025070 0.125615 0.119203
0 0.700163 0.315227 0.031586 0.120195 0.119203
0 0.701805 0.317680 0.028420 0.125205 0.047426
0 0.702452 0.317871 0.030950 0.125556 0.268941
0 0.702339 0.317678 0.029174 0.125388 0.119203
0 0.706766 0.318182 0.039245 0.113479 0.002473
0 0.435218 0.329751 0.031213 0.048880 0.002473
0 0.704538 0.317839 0.028573 0.124532 0.268941
0 0.702388 0.315628 0.029045 0.120122 0.268941
0 0.706600 0.319233 0.037811 0.122736 0.017986
0 0.428427 0.338726 0.013098 0.063204 0.002473
0 0.702910 0.319884 0.031838 0.122090 0.119203
0 0.705626 0.318661 0.030291 0.123146 0.268941
0 0.706605 0.319273 0.037798 0.123400 0.017986
0 0.700936 0.322226 0.040648 0.131908 0.006693
0 0.705092 0.323989 0.033862 0.134372 0.017986
1 0.980585 0.303659 0.038770 0.149178 0.006693
1 0.983884 0.297527 0.032706 0.156147 0.006693
1 0.980247 0.310511 0.039515 0.160713 0.006693
1 0.981558 0.307727 0.037120 0.169388 0.006693
1 0.270118 0.313976 0.056976 0.028977 0.002473
1 0.271762 0.312179 0.056071 0.031566 0.002473
1 0.415657 0.319109 0.032147 0.055280 0.006693
1 0.434811 0.319661 0.038822 0.058888 0.002473
1 0.437621 0.320940 0.037987 0.056335 0.017986
1 0.978968 0.309192 0.042081 0.161246 0.006693
1 0.982184 0.311615 0.035642 0.165813 0.006693
1 0.980854 0.311456 0.038378 0.168701 0.006693
1 0.214883 0.351656 0.089629 0.068740 0.731059
1 0.216215 0.349994 0.092009 0.075074 0.731059
1 0.215553 0.351628 0.087978 0.068807 0.731059
1 0.314053 0.347758 0.146974 0.128153 0.880797
1 0.314010 0.350198 0.147014 0.132972 0.731059
1 0.397886 0.328031 0.020909 0.040978 0.006693
1 0.403697 0.324705 0.026433 0.042371 0.006693
1 0.416993 0.325466 0.034520 0.047187 0.017986
1 0.436411 0.332767 0.033606 0.042351 0.047426
1 0.438657 0.330321 0.033465 0.047547 0.047426
1 0.443932 0.327828 0.039636 0.042550 0.002473
1 0.514793 0.325327 0.015309 0.016111 0.006693
1 0.530746 0.327784 0.020446 0.021086 0.002473
1 0.980772 0.311621 0.038473 0.157991 0.002473
1 0.981022 0.313912 0.037966 0.162872 0.006693
1 0.981207 0.311473 0.037670 0.166516 0.002473
1 0.216507 0.351785 0.092581 0.068969 0.500000
1 0.214835 0.349268 0.089338 0.073532 0.731059
1 0.216198 0.351788 0.092070 0.068954 0.500000
1 0.215553 0.349251 0.087456 0.073574 0.500000
1 0.314019 0.346191 0.147142 0.125010 0.731059
1 0.313979 0.347766 0.147125 0.128102 0.731059
1 0.315423 0.347733 0.149944 0.128038 0.731059
1 0.393051 0.330450 0.017049 0.047531 0.002473
1 0.404856 0.327200 0.032501 0.044389 0.006693
1 0.417411 0.325584 0.031856 0.047618 0.006693
1 0.435218 0.329751 0.031213 0.048880 0.047426
1 0.438654 0.332342 0.033459 0.043699 0.119203
1 0.444291 0.325777 0.038912 0.047237 0.017986
1 0.979490 0.312914 0.035293 0.155058 0.006693
1 0.981177 0.315387 0.037643 0.150658 0.002473
1 0.981149 0.315142 0.037785 0.151946 0.002473
1 0.214951 0.350032 0.089479 0.075020 0.500000
1 0.214660 0.349372 0.088993 0.073800 0.500000
1 0.214840 0.349381 0.089361 0.073778 0.500000
1 0.313940 0.346148 0.147078 0.125097 0.500000
1 0.313958 0.347711 0.147116 0.121971 0.731059
1 0.314050 0.347708 0.146932 0.121973 0.731059
1 0.980795 0.329379 0.038468 0.121997 0.006693
1 0.981178 0.327947 0.037641 0.125003 0.002473
1 0.980979 0.326038 0.038268 0.129290 0.006693
1 0.214347 0.352602 0.088371 0.070615 0.047426
1 0.313990 0.349184 0.147100 0.125361 0.500000
1 0.313999 0.347711 0.147095 0.128230 0.731059
1 0.981688 0.342000 0.036875 0.099740 0.006693
2 0.444034 0.276250 0.045085 0.052859 0.006693
2 0.441929 0.297027 0.045068 0.092715 0.006693
2 0.441073 0.296419 0.039075 0.101209 0.002473
2 0.443988 0.296002 0.051031 0.101998 0.002473
3 0.980854 0.311456 0.038378 0.168701 0.002473
3 0.981207 0.311473 0.037670 0.166516 0.002473
4 0.622872 0.327647 0.015230 0.043677 0.002473
