0 0.782950 0.219923 0.016037 0.049054 0.002473
0 0.781271 0.220277 0.012589 0.041728 0.002473
0 0.948934 0.291182 0.017187 0.134686 0.006693
0 0.951231 0.292542 0.016791 0.127557 0.017986
0 0.840729 0.301579 0.012860 0.093642 0.002473
0 0.906228 0.287643 0.025329 0.186912 0.002473
0 0.920245 0.302246 0.016482 0.158337 0.006693
0 0.949970 0.298865 0.019259 0.141092 0.047426
0 0.951046 0.299586 0.017144 0.150828 0.047426
0 0.842276 0.303822 0.015503 0.089964 0.002473
0 0.906756 0.294432 0.024277 0.195597 0.006693
0 0.918297 0.304042 0.020380 0.178272 0.006693
0 0.950932 0.296954 0.017390 0.145509 0.047426
0 0.951052 0.296867 0.017156 0.145682 0.119203
0 0.582644 0.320069 0.010162 0.047921 0.002473
0 0.607764 0.328240 0.009849 0.065632 0.002473
0 0.653274 0.338887 0.012759 0.085343 0.006693
0 0.906885 0.293215 0.024535 0.211416 0.006693
0 0.914596 0.306852 0.027926 0.179714 0.006693
0 0.950023 0.304634 0.019363 0.151641 0.006693
0 0.950041 0.302927 0.019188 0.158726 0.047426
0 0.592116 0.332893 0.010283 0.052695 0.002473
0 0.607719 0.333683 0.009698 0.052292 0.006693
0 0.621217 0.336085 0.013417 0.047468 0.002473
0 0.649705 0.336020 0.014953 0.077767 0.002473
0 0.652334 0.339342 0.014638 0.095122 0.006693
0 0.908391 0.296954 0.025469 0.236096 0.006693
0 0.910765 0.299396 0.029861 0.223749 0.017986
0 0.950001 0.303228 0.019308 0.148209 0.006693
0 0.950082 0.305216 0.019319 0.154711 0.017986
0 0.606451 0.333779 0.013038 0.058719 0.006693
0 0.656185 0.341223 0.018581 0.099081 0.002473
0 0.908975 0.304091 0.020368 0.243459 0.002473
0 0.910625 0.296938 0.030221 0.225874 0.002473
0 0.949968 0.309447 0.019241 0.142538 0.006693
0 0.950082 0.307112 0.019320 0.147005 0.017986
0 0.909237 0.302662 0.019430 0.255496 0.002473
0 0.910932 0.298592 0.030965 0.242555 0.002473
0 0.949931 0.337682 0.019313 0.092677 0.002473
0 0.950035 0.313887 0.025087 0.137040 0.006693
0 0.906291 0.303815 0.019539 0.253931 0.002473
0 0.903042 0.305724 0.019382 0.264399 0.002473
1 0.279610 0.341402 0.109976 0.083340 0.500000
1 0.278273 0.341360 0.112633 0.083423 0.500000
1 0.278280 0.341358 0.112544 0.083423 0.268941
1 0.377901 0.332092 0.025292 0.023399 0.006693
1 0.378219 0.332104 0.025618 0.023363 0.017986
1 0.412559 0.335643 0.050146 0.046736 0.268941
1 0.414053 0.335725 0.046946 0.046551 0.268941
1 0.414136 0.335719 0.047363 0.046532 0.268941
1 0.414220 0.335719 0.047504 0.036988 0.268941
1 0.473881 0.335712 0.048127 0.046564 0.047426
1 0.477228 0.335731 0.053688 0.046565 0.119203
1 0.478431 0.335732 0.055668 0.046566 0.268941
1 0.486555 0.333338 0.041223 0.051350 0.119203
1 0.490722 0.330880 0.034145 0.046616 0.119203
1 0.515107 0.328692 0.020164 0.033266 0.002473
1 0.279711 0.342290 0.115521 0.082165 0.500000
1 0.278130 0.342151 0.112936 0.081846 0.500000
1 0.278099 0.341314 0.112981 0.083342 0.500000
1 0.277334 0.342091 0.110766 0.081960 0.500000
1 0.376425 0.334590 0.022875 0.023450 0.006693
1 0.378221 0.333525 0.025582 0.022486 0.006693
1 0.412640 0.335728 0.044520 0.046576 0.119203
1 0.414064 0.333346 0.046951 0.041688 0.500000
1 0.414936 0.335785 0.045191 0.046436 0.268941
1 0.414118 0.338163 0.047116 0.041678 0.119203
1 0.446737 0.333406 0.021737 0.032140 0.002473
1 0.475317 0.333336 0.051001 0.051409 0.119203
1 0.478299 0.337305 0.055826 0.049702 0.119203
1 0.478887 0.335756 0.056550 0.046553 0.268941
1 0.484709 0.333356 0.044911 0.051378 0.268941
1 0.489784 0.333310 0.036020 0.051477 0.119203
1 0.517010 0.331411 0.021925 0.036051 0.002473
1 0.092192 0.387803 0.184441 0.182685 0.500000
1 0.092216 0.382910 0.184450 0.182490 0.500000
1 0.092736 0.383112 0.179637 0.182770 0.731059
1 0.197810 0.359683 0.021063 0.021033 0.002473
1 0.200218 0.362113 0.024937 0.016188 0.006693
1 0.210782 0.357681 0.031248 0.025329 0.002473
1 0.277295 0.342227 0.114505 0.081524 0.500000
1 0.278073 0.342857 0.112959 0.083249 0.500000
1 0.278104 0.341360 0.112894 0.083255 0.500000
1 0.092688 0.382763 0.179670 0.182258 0.500000
1 0.092043 0.384733 0.184100 0.186294 0.500000
1 0.092212 0.383143 0.184434 0.182983 0.500000
1 0.093471 0.382832 0.181236 0.182315 0.500000
1 0.092043 0.383132 0.184101 0.182927 0.731059
1 0.092701 0.385685 0.179689 0.178276 0.731059
1 0.092053 0.383069 0.184167 0.182438 0.731059
2 0.029698 0.240922 0.059386 0.299805 0.119203
2 0.029837 0.243294 0.065446 0.313744 0.119203
2 0.031503 0.255360 0.063013 0.310633 0.006693
2 0.027101 0.239288 0.054335 0.296573 0.119203
2 0.029242 0.240728 0.058475 0.304889 0.119203
2 0.030767 0.249147 0.061537 0.304731 0.119203
2 0.029753 0.253752 0.059517 0.290804 0.119203
2 0.025527 0.240811 0.051168 0.306222 0.002473
2 0.028350 0.241592 0.056706 0.304550 0.047426
2 0.029270 0.256983 0.058584 0.316376 0.047426
2 0.031054 0.264078 0.062140 0.314350 0.006693
2 0.495038 0.304890 0.049259 0.094570 0.006693
2 0.496045 0.300722 0.042865 0.091990 0.017986
2 0.496559 0.303447 0.045058 0.097413 0.006693
2 0.499911 0.302518 0.045199 0.095942 0.006693
2 0.027351 0.247033 0.054722 0.296429 0.017986
2 0.027170 0.238719 0.054473 0.274396 0.017986
2 0.485628 0.310136 0.052735 0.080672 0.002473
2 0.492223 0.305440 0.043599 0.084486 0.006693
2 0.494337 0.309083 0.039600 0.098244 0.017986
2 0.499094 0.304734 0.043757 0.098980 0.006693
2 0.498630 0.304372 0.047735 0.098240 0.006693
2 0.196999 0.331953 0.087109 0.065251 0.002473
2 0.306689 0.321365 0.061892 0.043638 0.047426
2 0.314214 0.321619 0.049952 0.044106 0.017986
2 0.495973 0.306062 0.035849 0.092685 0.006693
2 0.503976 0.316367 0.042521 0.064407 0.002473
2 0.171260 0.336764 0.030239 0.048997 0.002473
2 0.185515 0.339204 0.058673 0.053698 0.006693
2 0.193921 0.337158 0.079497 0.059080 0.006693
2 0.196380 0.336080 0.075874 0.057129 0.002473
2 0.279610 0.341402 0.109976 0.083340 0.006693
2 0.278273 0.341360 0.112633 0.083423 0.002473
2 0.300940 0.325241 0.073592 0.046445 0.006693
2 0.321309 0.325580 0.042747 0.045813 0.017986
2 0.279711 0.342290 0.115521 0.082165 0.017986
2 0.278130 0.342151 0.112936 0.081846 0.006693
2 0.278099 0.341314 0.112981 0.083342 0.002473
2 0.277334 0.342091 0.110766 0.081960 0.002473
2 0.277295 0.342227 0.114505 0.081524 0.017986
2 0.278073 0.342857 0.112959 0.083249 0.017986
2 0.278104 0.341360 0.112894 0.083255 0.002473
2 0.037143 0.254933 0.071819 0.429546 0.010987
2 0.046003 0.267669 0.090096 0.417034 0.001170
4 0.654932 0.343955 0.016077 0.093908 0.002473
4 0.655955 0.348990 0.021894 0.093703 0.002473
5 0.618583 0.337435 0.013216 0.049641 0.006693
5 0.656185 0.341223 0.018581 0.099081 0.006693
5 0.652769 0.344737 0.019311 0.091243 0.002473
5 0.654932 0.343955 0.016077 0.093908 0.017986
5 0.659584 0.343213 0.025315 0.095554 0.002473
5 0.654032 0.346643 0.023939 0.088854 0.006693
5 0.655955 0.348990 0.021894 0.093703 0.047426
5 0.658788 0.344985 0.027484 0.101813 0.002473
