1 0.288661 0.295593 0.063037 0.033723 0.002473
1 0.099293 0.310041 0.026391 0.020909 0.002473
1 0.096336 0.309256 0.026597 0.025651 0.006693
1 0.310374 0.306889 0.031569 0.020872 0.017986
1 0.313109 0.306903 0.037040 0.020867 0.047426
1 0.325890 0.306904 0.036018 0.020864 0.006693
1 0.338480 0.306895 0.033101 0.020886 0.006693
1 0.369514 0.308456 0.029820 0.024007 0.017986
1 0.369748 0.306902 0.029584 0.020861 0.047426
1 0.369791 0.306910 0.029658 0.020915 0.119203
1 0.445853 0.314377 0.026729 0.022067 0.002473
1 0.560499 0.322914 0.031802 0.031266 0.002473
1 0.570253 0.324438 0.037347 0.034539 0.002473
1 0.607874 0.322846 0.018522 0.021115 0.002473
1 0.641511 0.330717 0.048560 0.046438 0.119203
1 0.645484 0.330848 0.054235 0.046679 0.500000
1 0.644437 0.329362 0.053927 0.049672 0.268941
1 0.646398 0.329363 0.056038 0.049670 0.268941
1 0.647040 0.330924 0.058415 0.046703 0.119203
1 0.943574 0.321575 0.062851 0.033561 0.006693
1 0.944880 0.320870 0.058873 0.034932 0.006693
1 0.942374 0.320979 0.059047 0.035151 0.006693
1 0.943759 0.320972 0.055904 0.035161 0.006693
1 0.946019 0.321055 0.058056 0.035327 0.002473
1 0.643189 0.329377 0.051894 0.050449 0.268941
1 0.644201 0.333339 0.053462 0.051408 0.731059
1 0.646311 0.331786 0.055862 0.054434 0.500000
1 0.646717 0.333328 0.056674 0.051348 0.268941
1 0.646846 0.333324 0.058728 0.051358 0.268941
1 0.944467 0.325380 0.063817 0.048733 0.002473
1 0.838215 0.426392 0.312337 0.371096 0.075858
1 0.840725 0.424247 0.315090 0.370742 0.904651
1 0.834746 0.425838 0.316046 0.369296 0.904651
1 0.837088 0.431142 0.312333 0.357701 0.880797
1 0.839738 0.428408 0.311272 0.362263 0.880797
1 0.836200 0.428381 0.315970 0.362285 0.880797
1 0.842721 0.427861 0.316890 0.361399 0.880797
1 0.836578 0.430893 0.316560 0.362095 0.880797
1 0.840498 0.430513 0.312457 0.360828 0.880797
1 0.837550 0.431271 0.318746 0.362447 0.880797
1 0.842908 0.430092 0.316382 0.360254 0.679179
1 0.751560 0.638140 0.508678 0.817748 0.001170
1 0.733561 0.636284 0.557653 0.849524 0.001501
1 0.741424 0.620347 0.526390 0.857207 0.006693
1 0.757592 0.617266 0.486297 0.847019 0.001927
1 0.735125 0.647849 0.553653 0.751920 0.003173
1 0.742936 0.624632 0.518633 0.778738 0.014064
1 0.759181 0.615040 0.479501 0.790043 0.014064
1 0.733285 0.678724 0.549545 0.729623 0.001927
1 0.740800 0.665315 0.518459 0.705477 0.008577
2 0.907674 0.250725 0.184829 0.158870 0.006693
2 0.905791 0.251334 0.183602 0.165224 0.002473
2 0.288661 0.295593 0.063037 0.033723 0.002473
2 0.278122 0.297589 0.042106 0.029839 0.002473
2 0.283316 0.301517 0.052162 0.031615 0.006693
2 0.289207 0.301904 0.057148 0.021247 0.006693
2 0.313109 0.306903 0.037040 0.020867 0.002473
2 0.325890 0.306904 0.036018 0.020864 0.002473
2 0.338480 0.306895 0.033101 0.020886 0.002473
2 0.447699 0.310459 0.030412 0.028016 0.119203
2 0.447764 0.307295 0.032296 0.031294 0.047426
2 0.454327 0.308937 0.042546 0.025082 0.006693
