0 0.006506 0.333033 0.013069 0.127893 0.002473
0 0.008422 0.333998 0.016999 0.127628 0.006693
0 0.011430 0.337826 0.022133 0.118241 0.002473
0 0.208524 0.334757 0.017496 0.080025 0.017986
0 0.377984 0.317071 0.034050 0.053205 0.002473
0 0.629804 0.321718 0.009666 0.044261 0.047426
0 0.645187 0.322827 0.009683 0.062612 0.119203
0 0.008020 0.339327 0.021919 0.127668 0.017986
0 0.012701 0.338562 0.019576 0.117221 0.006693
0 0.206917 0.338314 0.013999 0.073284 0.017986
0 0.628870 0.322153 0.007751 0.043296 0.119203
0 0.645201 0.322852 0.009675 0.062778 0.119203
0 0.010414 0.339939 0.021045 0.127407 0.017986
0 0.011139 0.340878 0.022220 0.127743 0.002473
0 0.128303 0.336021 0.013018 0.068359 0.002473
0 0.207925 0.338397 0.016288 0.073212 0.006693
0 0.628873 0.323090 0.007756 0.046383 0.119203
0 0.645195 0.323680 0.009619 0.051401 0.047426
0 0.012284 0.344041 0.018839 0.115578 0.017986
0 0.014133 0.345352 0.022105 0.117625 0.017986
0 0.026454 0.346027 0.024921 0.110758 0.002473
0 0.128318 0.335919 0.012971 0.068743 0.002473
0 0.204864 0.338463 0.010122 0.073124 0.017986
0 0.012290 0.372919 0.018850 0.065396 0.006693
0 0.012701 0.377252 0.019482 0.053986 0.002473
0 0.040170 0.353277 0.038687 0.101707 0.002473
0 0.057125 0.347302 0.033893 0.099914 0.002473
1 0.536004 0.156238 0.028020 0.020905 0.002473
1 0.318521 0.335558 0.087764 0.078351 0.047426
1 0.318715 0.330802 0.087506 0.078562 0.047426
1 0.317308 0.335564 0.084654 0.078371 0.017986
1 0.317245 0.333301 0.084758 0.073745 0.006693
1 0.317272 0.330885 0.084559 0.078432 0.017986
1 0.317299 0.335694 0.084603 0.078440 0.017986
1 0.369474 0.330823 0.019897 0.027132 0.047426
1 0.375786 0.331318 0.024716 0.028330 0.006693
1 0.400060 0.327718 0.034260 0.021055 0.017986
1 0.412345 0.322906 0.038364 0.020954 0.006693
1 0.420303 0.320509 0.028312 0.025699 0.268941
1 0.420902 0.320518 0.027514 0.025730 0.047426
1 0.444016 0.322943 0.019013 0.021176 0.017986
1 0.459131 0.325463 0.013075 0.016483 0.002473
1 0.471166 0.322911 0.017360 0.020854 0.268941
1 0.473638 0.322879 0.016454 0.021056 0.006693
1 0.619518 0.320454 0.014663 0.025886 0.002473
1 0.318515 0.333286 0.087761 0.073690 0.002473
1 0.317143 0.333290 0.084911 0.083284 0.006693
1 0.317291 0.333314 0.084620 0.073692 0.047426
1 0.370420 0.331919 0.016282 0.028723 0.017986
1 0.403029 0.331479 0.035502 0.039596 0.002473
1 0.995068 0.341417 0.010091 0.040800 0.006693
1 0.317220 0.333435 0.084727 0.083197 0.017986
1 0.993857 0.362473 0.014393 0.063597 0.002473
2 0.400060 0.327718 0.034260 0.021055 0.002473
2 0.420303 0.320509 0.028312 0.025699 0.017986
2 0.736238 0.323380 0.029946 0.031512 0.002473
2 0.317291 0.333314 0.084620 0.073692 0.006693
2 0.317220 0.333435 0.084727 0.083197 0.017986
3 0.313052 0.321833 0.085591 0.062659 0.002473
3 0.318521 0.335558 0.087764 0.078351 0.500000
3 0.318715 0.330802 0.087506 0.078562 0.731059
3 0.317308 0.335564 0.084654 0.078371 0.268941
3 0.442412 0.312075 0.017283 0.033216 0.002473
3 0.317245 0.333301 0.084758 0.073745 0.500000
3 0.317272 0.330885 0.084559 0.078432 0.500000
3 0.317299 0.335694 0.084603 0.078440 0.268941
3 0.420303 0.320509 0.028312 0.025699 0.017986
3 0.420902 0.320518 0.027514 0.025730 0.002473
3 0.619518 0.320454 0.014663 0.025886 0.002473
3 0.318515 0.333286 0.087761 0.073690 0.500000
3 0.317143 0.333290 0.084911 0.083284 0.500000
3 0.317291 0.333314 0.084620 0.073692 0.500000
3 0.317220 0.333435 0.084727 0.083197 0.500000
3 0.318637 0.335789 0.087549 0.078490 0.047426
4 0.244193 0.339542 0.030683 0.053678 0.002473
4 0.254883 0.340992 0.024495 0.047607 0.002473
4 0.247806 0.344775 0.021667 0.051111 0.002473
4 0.250636 0.346695 0.020266 0.048731 0.002473
4 0.962142 0.384288 0.024444 0.061241 0.002473
4 0.964168 0.384055 0.027808 0.075385 0.002473
4 0.013018 0.389062 0.026087 0.081969 0.002473
4 0.022406 0.392684 0.044994 0.085405 0.002473
4 0.972996 0.380109 0.030020 0.084967 0.002473
4 0.022704 0.403479 0.045479 0.109096 0.006693
4 0.026202 0.398902 0.050570 0.099942 0.002473
4 0.961948 0.388309 0.031272 0.089033 0.002473
5 0.008020 0.339327 0.021919 0.127668 0.002473
5 0.012701 0.338562 0.019576 0.117221 0.002473
5 0.010414 0.339939 0.021045 0.127407 0.002473
5 0.011139 0.340878 0.022220 0.127743 0.002473
