0 0.852162 0.250284 0.020739 0.142315 0.006693
0 0.848525 0.256665 0.022208 0.149449 0.006693
0 0.754382 0.288323 0.023207 0.109409 0.002473
0 0.848554 0.256445 0.022183 0.145797 0.006693
0 0.851466 0.254544 0.022130 0.144537 0.006693
0 0.750848 0.298263 0.017199 0.097200 0.002473
0 0.754847 0.309198 0.022224 0.119200 0.017986
0 0.848553 0.270897 0.022185 0.152944 0.006693
0 0.848598 0.267426 0.022123 0.158790 0.006693
0 0.970204 0.266134 0.015545 0.042736 0.006693
0 0.752315 0.318823 0.020179 0.137418 0.002473
0 0.755789 0.326024 0.024147 0.152502 0.119203
0 0.848509 0.273768 0.022263 0.157979 0.006693
0 0.848604 0.271627 0.022145 0.154084 0.006693
0 0.972598 0.273237 0.014515 0.044537 0.006693
0 0.756226 0.327886 0.026905 0.155832 0.047426
0 0.851438 0.276713 0.022340 0.156503 0.002473
0 0.851578 0.278474 0.022067 0.161155 0.017986
0 0.259410 0.345130 0.013127 0.049640 0.017986
0 0.267292 0.348610 0.015796 0.064041 0.047426
0 0.295048 0.341517 0.016153 0.049273 0.006693
0 0.304581 0.340312 0.010216 0.058007 0.002473
0 0.755837 0.332974 0.026855 0.166972 0.500000
0 0.848838 0.277154 0.021942 0.159404 0.006693
0 0.081772 0.347128 0.013987 0.038224 0.002473
0 0.193741 0.351786 0.012574 0.046833 0.002473
0 0.257632 0.347526 0.010086 0.038863 0.006693
0 0.268750 0.352758 0.018744 0.060530 0.017986
0 0.293117 0.349194 0.019976 0.032022 0.006693
0 0.672613 0.330489 0.014465 0.057109 0.002473
0 0.754822 0.330678 0.028902 0.171575 0.119203
0 0.756472 0.330824 0.027381 0.171681 0.500000
0 0.755560 0.333059 0.029382 0.167161 0.119203
0 0.182722 0.357785 0.009715 0.058617 0.002473
0 0.192315 0.356792 0.009688 0.047052 0.002473
0 0.257745 0.351757 0.016447 0.036965 0.002473
0 0.268684 0.353927 0.018580 0.052057 0.017986
0 0.293563 0.349333 0.019086 0.032487 0.002473
0 0.302631 0.346480 0.014009 0.047486 0.002473
0 0.754804 0.330743 0.028929 0.171701 0.268941
0 0.755074 0.333213 0.028377 0.166780 0.500000
0 0.755409 0.333209 0.029684 0.166790 0.268941
0 0.184245 0.362416 0.012758 0.051059 0.006693
0 0.755732 0.333237 0.027072 0.166833 0.268941
0 0.756308 0.330683 0.027707 0.162330 0.500000
0 0.756351 0.332988 0.027786 0.167303 0.119203
0 0.755427 0.333332 0.029208 0.166687 0.500000
1 0.365390 0.326948 0.094301 0.086444 0.731059
1 0.365390 0.326947 0.094305 0.086446 0.731059
1 0.365003 0.326884 0.095084 0.086354 0.002473
1 0.402723 0.309429 0.020968 0.036402 0.002473
1 0.562564 0.325305 0.056052 0.067372 0.731059
1 0.562572 0.322897 0.059826 0.062559 0.500000
1 0.561816 0.325316 0.058281 0.067420 0.500000
1 0.364928 0.326951 0.095173 0.086440 0.731059
1 0.364928 0.326950 0.095174 0.086447 0.500000
1 0.364939 0.326926 0.095207 0.086433 0.500000
1 0.420127 0.330428 0.015743 0.036311 0.002473
1 0.445575 0.330916 0.047096 0.036871 0.500000
1 0.445613 0.330917 0.047034 0.036864 0.268941
1 0.445605 0.330913 0.047037 0.036853 0.268941
1 0.447097 0.330897 0.044500 0.036905 0.119203
1 0.510945 0.323404 0.022256 0.031796 0.002473
1 0.517363 0.325415 0.022356 0.026280 0.006693
1 0.531107 0.322859 0.007161 0.031375 0.006693
1 0.561620 0.325321 0.057931 0.067325 0.731059
1 0.562523 0.325326 0.059625 0.067316 0.500000
1 0.561654 0.322919 0.057886 0.062503 0.500000
1 0.563441 0.327730 0.057805 0.062518 0.500000
1 0.596755 0.325364 0.012745 0.026400 0.002473
1 0.615907 0.322900 0.013035 0.020900 0.002473
1 0.626705 0.322891 0.016042 0.020932 0.002473
1 0.054083 0.385416 0.108204 0.113856 0.731059
1 0.293117 0.349194 0.019976 0.032022 0.002473
1 0.366441 0.326948 0.097923 0.080225 0.731059
1 0.365370 0.328494 0.094260 0.083377 0.731059
1 0.364071 0.328447 0.096977 0.083449 0.731059
1 0.445600 0.333326 0.047048 0.032060 0.500000
1 0.446061 0.335757 0.047930 0.036832 0.500000
1 0.447324 0.333346 0.044676 0.032040 0.268941
1 0.447152 0.333340 0.044385 0.032045 0.119203
1 0.561653 0.325326 0.057884 0.067325 0.500000
1 0.561654 0.325327 0.057887 0.067322 0.500000
1 0.563441 0.325328 0.057805 0.067327 0.500000
1 0.053310 0.381440 0.106624 0.112120 0.731059
1 0.055207 0.383002 0.104633 0.108999 0.731059
1 0.053133 0.382979 0.106269 0.109046 0.731059
1 0.248096 0.354349 0.022240 0.025587 0.002473
1 0.365012 0.326898 0.095079 0.086597 0.268941
1 0.364923 0.325333 0.095171 0.083471 0.731059
1 0.052141 0.385408 0.110058 0.113811 0.731059
1 0.053312 0.382988 0.106619 0.109032 0.500000
1 0.053127 0.382986 0.106257 0.109035 0.500000
1 0.053760 0.382948 0.107525 0.109113 0.500000
1 0.053759 0.381426 0.107531 0.112155 0.731059
1 0.053114 0.381380 0.106315 0.112262 0.731059
1 0.053568 0.381386 0.107182 0.112280 0.006693
3 0.402723 0.309429 0.020968 0.036402 0.002473
5 0.257632 0.347526 0.010086 0.038863 0.006693
5 0.268750 0.352758 0.018744 0.060530 0.002473
5 0.287151 0.349060 0.019124 0.032326 0.002473
5 0.293117 0.349194 0.019976 0.032022 0.002473
5 0.509850 0.329546 0.019835 0.033466 0.002473
5 0.257745 0.351757 0.016447 0.036965 0.002473
5 0.268684 0.353927 0.018580 0.052057 0.002473
