0 0.629378 0.308718 0.023213 0.160517 0.002473
0 0.364547 0.325795 0.029467 0.110210 0.002473
0 0.367372 0.328861 0.027885 0.116172 0.017986
0 0.386431 0.322839 0.017194 0.104328 0.119203
0 0.386520 0.322788 0.017462 0.104430 0.500000
0 0.604830 0.312205 0.009715 0.083057 0.002473
0 0.630790 0.308573 0.025953 0.154722 0.002473
0 0.695211 0.307598 0.009742 0.058310 0.002473
0 0.251415 0.338405 0.022067 0.093776 0.119203
0 0.252502 0.340078 0.020046 0.096983 0.119203
0 0.332687 0.327782 0.009893 0.063070 0.002473
0 0.367062 0.325427 0.034199 0.108970 0.119203
0 0.367656 0.327086 0.029121 0.112404 0.500000
0 0.386384 0.320686 0.017286 0.098953 0.119203
0 0.386558 0.323040 0.017373 0.094244 0.119203
0 0.431547 0.318280 0.012354 0.054476 0.006693
0 0.606257 0.319192 0.006755 0.069802 0.002473
0 0.629818 0.304951 0.026151 0.150552 0.002473
0 0.658606 0.313430 0.007819 0.043822 0.002473
0 0.693737 0.305635 0.006795 0.045892 0.002473
0 0.006307 0.357847 0.012842 0.124147 0.002473
0 0.205309 0.342908 0.004989 0.051729 0.002473
0 0.249999 0.337048 0.019256 0.090903 0.017986
0 0.251067 0.341687 0.017175 0.090540 0.119203
0 0.331266 0.328859 0.006853 0.060325 0.002473
0 0.365941 0.327855 0.037764 0.104296 0.119203
0 0.367994 0.326982 0.029102 0.112167 0.268941
0 0.384546 0.322906 0.020260 0.104081 0.119203
0 0.386571 0.325455 0.017349 0.098976 0.047426
0 0.417602 0.326885 0.033210 0.038468 0.002473
0 0.428949 0.329259 0.022905 0.033719 0.002473
0 0.603866 0.322105 0.007808 0.054209 0.002473
0 0.616357 0.333831 0.007954 0.071137 0.002473
0 0.657631 0.318638 0.009831 0.053969 0.002473
0 0.695219 0.313335 0.009792 0.064575 0.006693
0 0.004832 0.366140 0.009827 0.084577 0.006693
0 0.178872 0.356455 0.007803 0.036705 0.002473
0 0.203854 0.346148 0.007793 0.043617 0.006693
0 0.222659 0.350952 0.010926 0.036976 0.002473
0 0.252354 0.337149 0.020234 0.089926 0.006693
0 0.252185 0.337117 0.020787 0.090516 0.017986
0 0.270263 0.351012 0.009847 0.047642 0.002473
0 0.331231 0.328904 0.006916 0.060356 0.002473
0 0.367306 0.328035 0.034669 0.104205 0.119203
0 0.367991 0.327700 0.029105 0.113735 0.268941
0 0.385973 0.322907 0.018117 0.104084 0.268941
0 0.386577 0.323158 0.017339 0.094006 0.119203
0 0.417642 0.333364 0.023549 0.032050 0.002473
0 0.430919 0.330915 0.019007 0.036946 0.006693
0 0.604809 0.323340 0.009700 0.063347 0.006693
0 0.616380 0.331582 0.007921 0.086612 0.002473
0 0.631215 0.305780 0.025130 0.152653 0.002473
0 0.641266 0.330992 0.007969 0.085893 0.002473
0 0.655844 0.326952 0.013551 0.070537 0.002473
0 0.695315 0.319929 0.009988 0.083804 0.002473
0 0.004831 0.373878 0.009825 0.099306 0.006693
0 0.181241 0.354321 0.006788 0.031775 0.002473
0 0.204789 0.348385 0.009740 0.045033 0.002473
0 0.249931 0.340494 0.019315 0.097341 0.017986
0 0.253147 0.341020 0.018862 0.089186 0.017986
0 0.270148 0.353043 0.009760 0.043963 0.002473
0 0.367716 0.329405 0.029672 0.107387 0.119203
0 0.366494 0.330101 0.032098 0.108948 0.500000
0 0.378019 0.323015 0.021381 0.113732 0.047426
0 0.386538 0.325920 0.017425 0.088629 0.268941
0 0.616414 0.319834 0.007992 0.100893 0.006693
0 0.630812 0.309188 0.026004 0.148189 0.017986
0 0.640726 0.330907 0.009072 0.102881 0.006693
0 0.004729 0.385543 0.009899 0.118281 0.002473
0 0.249978 0.345105 0.019456 0.093595 0.047426
0 0.252693 0.341582 0.019768 0.099376 0.047426
0 0.367041 0.331051 0.034168 0.110789 0.002473
0 0.367881 0.328726 0.029603 0.115386 0.002473
0 0.369847 0.328443 0.029759 0.116006 0.002473
0 0.004729 0.386607 0.009899 0.159632 0.006693
0 0.004779 0.381416 0.009798 0.170966 0.006693
0 0.004777 0.373980 0.009795 0.191535 0.006693
1 0.402368 0.322199 0.048309 0.046181 0.002473
1 0.418481 0.321629 0.026846 0.044408 0.002473
1 0.412990 0.329125 0.032896 0.033523 0.119203
1 0.417602 0.326885 0.033210 0.038468 0.119203
1 0.428949 0.329259 0.022905 0.033719 0.006693
1 0.004832 0.366140 0.009827 0.084577 0.002473
1 0.081156 0.371791 0.131568 0.099456 0.500000
1 0.078782 0.371897 0.132490 0.099196 0.731059
1 0.078367 0.369512 0.131529 0.094442 0.731059
1 0.411229 0.330976 0.029946 0.037103 0.047426
1 0.417642 0.333364 0.023549 0.032050 0.017986
1 0.080289 0.369486 0.129774 0.094390 0.731059
1 0.078852 0.369678 0.132626 0.094000 0.500000
1 0.080237 0.371908 0.129572 0.099240 0.500000
1 0.081159 0.373458 0.131516 0.102317 0.731059
1 0.078852 0.372201 0.132626 0.098570 0.500000
1 0.080237 0.372204 0.129570 0.098578 0.880797
1 0.080261 0.372090 0.129809 0.098824 0.731059
2 0.527184 0.320419 0.015295 0.016255 0.002473
3 0.412990 0.329125 0.032896 0.033523 0.002473
4 0.417642 0.333364 0.023549 0.032050 0.002473
4 0.430919 0.330915 0.019007 0.036946 0.006693
4 0.004831 0.373878 0.009825 0.099306 0.002473
4 0.015716 0.730117 0.031352 0.206593 0.002473
4 0.017138 0.731148 0.034215 0.205367 0.002473
4 0.016917 0.733480 0.033994 0.202576 0.002473
4 0.018648 0.733150 0.037234 0.200364 0.002473
5 0.412990 0.329125 0.032896 0.033523 0.002473
5 0.417602 0.326885 0.033210 0.038468 0.017986
5 0.428949 0.329259 0.022905 0.033719 0.002473
5 0.417642 0.333364 0.023549 0.032050 0.006693
5 0.430919 0.330915 0.019007 0.036946 0.002473
5 0.012078 0.731201 0.030161 0.203824 0.002473
5 0.015716 0.730117 0.031352 0.206593 0.006693
