0 0.695209 0.311690 0.009740 0.066563 0.002473
0 0.273969 0.330718 0.017195 0.078886 0.047426
0 0.277188 0.330799 0.015078 0.078558 0.017986
0 0.290567 0.334672 0.013196 0.070375 0.017986
0 0.317462 0.330225 0.010085 0.058555 0.002473
0 0.332659 0.329398 0.009770 0.059831 0.017986
0 0.356474 0.322841 0.007221 0.053202 0.006693
0 0.695177 0.311507 0.009675 0.057630 0.002473
0 0.006252 0.357796 0.012946 0.142127 0.002473
0 0.203823 0.342929 0.007896 0.051944 0.006693
0 0.272883 0.337568 0.015024 0.065169 0.119203
0 0.278105 0.331221 0.013106 0.077863 0.047426
0 0.292272 0.335232 0.015539 0.063411 0.268941
0 0.317303 0.337297 0.009663 0.049888 0.047426
0 0.332680 0.328146 0.009669 0.052300 0.017986
0 0.356259 0.332362 0.006760 0.041524 0.006693
0 0.695211 0.313397 0.009808 0.064451 0.002473
0 0.004729 0.366133 0.009899 0.118745 0.006693
0 0.204797 0.344499 0.009677 0.043575 0.006693
0 0.222602 0.348765 0.010743 0.041302 0.006693
0 0.272877 0.341171 0.015022 0.058005 0.119203
0 0.276701 0.336042 0.015916 0.077904 0.047426
0 0.292274 0.336102 0.009725 0.061679 0.119203
0 0.309352 0.338708 0.013324 0.042681 0.002473
0 0.315910 0.339740 0.006875 0.045021 0.047426
0 0.333608 0.330533 0.007813 0.057077 0.006693
0 0.353844 0.333417 0.007863 0.053267 0.002473
0 0.604833 0.328224 0.009828 0.063605 0.002473
0 0.695315 0.316520 0.009988 0.077566 0.002473
0 0.004729 0.376579 0.009899 0.121703 0.006693
0 0.181253 0.356919 0.006764 0.036239 0.002473
0 0.192770 0.359032 0.005005 0.041627 0.002473
0 0.203840 0.345238 0.007843 0.051328 0.002473
0 0.221656 0.354144 0.012635 0.041988 0.006693
0 0.271918 0.342107 0.013104 0.056165 0.268941
0 0.275754 0.336180 0.014017 0.068032 0.119203
0 0.293663 0.335449 0.012701 0.063263 0.268941
0 0.316276 0.339049 0.007988 0.053147 0.002473
0 0.003802 0.385235 0.008046 0.144316 0.006693
0 0.004835 0.376605 0.009918 0.174126 0.017986
0 0.004840 0.376946 0.009936 0.180391 0.017986
0 0.004850 0.364483 0.009789 0.198017 0.047426
1 0.413726 0.326905 0.116642 0.096189 0.731059
1 0.415601 0.326891 0.118693 0.096217 0.731059
1 0.413729 0.329310 0.116722 0.100995 0.731059
1 0.413991 0.326947 0.116214 0.096128 0.500000
1 0.414179 0.325342 0.115857 0.099317 0.731059
1 0.414175 0.327754 0.115847 0.104143 0.500000
1 0.490145 0.329289 0.013982 0.024005 0.002473
1 0.568744 0.326934 0.012880 0.013073 0.017986
1 0.080311 0.371791 0.129731 0.099456 0.500000
1 0.080291 0.371778 0.129473 0.099432 0.731059
1 0.078387 0.369510 0.131489 0.094445 0.731059
1 0.414165 0.327065 0.115813 0.095875 0.731059
1 0.414174 0.327793 0.115853 0.104041 0.500000
1 0.414174 0.326913 0.115848 0.096196 0.731059
1 0.570049 0.338507 0.016148 0.022144 0.002473
1 0.080289 0.371895 0.129774 0.099207 0.500000
1 0.078859 0.369488 0.132611 0.094381 0.500000
1 0.080240 0.371793 0.129574 0.099479 0.500000
1 0.414014 0.327774 0.116279 0.104090 0.731059
1 0.080283 0.373453 0.129763 0.102305 0.731059
1 0.080295 0.372206 0.129740 0.098581 0.731059
1 0.080238 0.372202 0.129570 0.098582 0.880797
1 0.080294 0.371895 0.129743 0.099214 0.731059
2 0.526043 0.322887 0.017268 0.020924 0.002473
4 0.004729 0.376579 0.009899 0.121703 0.006693
4 0.003802 0.385235 0.008046 0.144316 0.002473
4 0.013370 0.732844 0.027194 0.206501 0.002473
4 0.015257 0.730865 0.030512 0.207419 0.006693
4 0.015771 0.730520 0.032000 0.208826 0.002473
4 0.016855 0.729705 0.033654 0.197952 0.017986
4 0.016922 0.732161 0.033985 0.205538 0.006693
4 0.017325 0.729419 0.034586 0.207826 0.006693
4 0.017384 0.747561 0.034921 0.173150 0.002473
4 0.017200 0.742648 0.034335 0.181491 0.002473
4 0.020484 0.739347 0.035343 0.178021 0.002473
4 0.018660 0.750100 0.037472 0.172621 0.006693
4 0.016695 0.750285 0.033533 0.186323 0.002473
5 0.272877 0.341171 0.015022 0.058005 0.006693
5 0.276701 0.336042 0.015916 0.077904 0.002473
5 0.271918 0.342107 0.013104 0.056165 0.002473
5 0.013370 0.732844 0.027194 0.206501 0.002473
5 0.015257 0.730865 0.030512 0.207419 0.006693
