0 0.620188 0.182201 0.015423 0.032667 0.002473
0 0.991588 0.273673 0.016982 0.134523 0.002473
0 0.992204 0.287905 0.015651 0.160303 0.006693
0 0.013029 0.324301 0.026281 0.145204 0.002473
0 0.755118 0.316823 0.015021 0.060954 0.002473
0 0.754443 0.325217 0.016169 0.046957 0.002473
0 0.129744 0.349077 0.009861 0.042621 0.002473
0 0.894352 0.368742 0.047056 0.220576 0.002473
0 0.896767 0.361941 0.043007 0.234237 0.006693
0 0.896523 0.358976 0.042000 0.237152 0.017986
0 0.893982 0.368037 0.048522 0.222529 0.002473
0 0.894900 0.360843 0.046702 0.227274 0.017986
0 0.894579 0.356458 0.045826 0.234709 0.047426
0 0.905808 0.367700 0.033995 0.207929 0.006693
0 0.895564 0.371109 0.043570 0.216137 0.002473
0 0.896011 0.368579 0.042964 0.221086 0.017986
1 0.618730 0.191016 0.012596 0.018802 0.002473
1 0.016181 0.343849 0.032508 0.123629 0.119203
1 0.492783 0.333320 0.079767 0.083341 0.731059
1 0.493765 0.333308 0.081672 0.083328 0.268941
1 0.890963 0.338484 0.151031 0.114552 0.047426
1 0.892074 0.336117 0.153306 0.109817 0.500000
1 0.889738 0.339569 0.154482 0.112533 0.500000
1 0.016332 0.352092 0.032719 0.108233 0.500000
1 0.016516 0.348609 0.032956 0.110974 0.500000
1 0.352836 0.329288 0.019364 0.017740 0.047426
1 0.354755 0.327730 0.021276 0.020841 0.268941
1 0.392036 0.324438 0.016165 0.008217 0.002473
1 0.436349 0.318857 0.016964 0.013114 0.002473
1 0.448818 0.318078 0.017449 0.020910 0.017986
1 0.449944 0.316484 0.019368 0.024153 0.006693
1 0.491358 0.335744 0.082718 0.078530 0.731059
1 0.492302 0.333334 0.084566 0.083334 0.500000
1 0.492808 0.335737 0.079847 0.078528 0.500000
1 0.582682 0.328576 0.065394 0.032251 0.268941
1 0.581253 0.326199 0.062496 0.037050 0.500000
1 0.579828 0.328599 0.065424 0.032243 0.500000
1 0.581258 0.326190 0.062517 0.037063 0.268941
1 0.581244 0.326191 0.062567 0.037066 0.500000
1 0.625161 0.328083 0.015513 0.022395 0.002473
1 0.699971 0.329123 0.039383 0.033531 0.017986
1 0.700530 0.331274 0.034660 0.028009 0.047426
1 0.706336 0.328668 0.031818 0.033214 0.006693
1 0.892098 0.336051 0.153395 0.109728 0.731059
1 0.892185 0.336858 0.153470 0.108280 0.500000
1 0.889712 0.340822 0.154345 0.109975 0.500000
1 0.018740 0.351265 0.037531 0.105775 0.268941
1 0.018764 0.349612 0.037452 0.102765 0.268941
1 0.296792 0.335603 0.018936 0.021316 0.002473
1 0.491358 0.333334 0.082718 0.083337 0.500000
1 0.492804 0.335740 0.079816 0.078525 0.731059
1 0.492809 0.335737 0.079845 0.078530 0.731059
1 0.579857 0.326956 0.065517 0.038575 0.500000
1 0.581277 0.326961 0.062526 0.038552 0.500000
1 0.581251 0.326961 0.062528 0.038552 0.500000
1 0.581250 0.326212 0.062500 0.037055 0.500000
1 0.581256 0.329363 0.062509 0.033760 0.268941
1 0.698519 0.333412 0.038699 0.032054 0.017986
1 0.699644 0.336050 0.036483 0.036346 0.017986
1 0.719731 0.343559 0.021413 0.012245 0.002473
1 0.733419 0.344687 0.049805 0.025619 0.002473
1 0.893462 0.339147 0.156032 0.112845 0.500000
1 0.893176 0.337182 0.155515 0.107645 0.500000
1 0.891654 0.339582 0.152457 0.112460 0.500000
1 0.018739 0.352077 0.037496 0.104114 0.500000
1 0.017292 0.350446 0.034589 0.106915 0.500000
1 0.492282 0.333338 0.084537 0.083344 0.119203
1 0.492786 0.335738 0.079749 0.078531 0.500000
1 0.492801 0.335746 0.079833 0.078547 0.731059
1 0.893162 0.336103 0.155198 0.109831 0.500000
1 0.890851 0.336663 0.155847 0.118423 0.500000
1 0.942824 0.363212 0.050215 0.064984 0.006693
1 0.017287 0.350272 0.034624 0.107771 0.500000
1 0.018734 0.348473 0.037429 0.110879 0.500000
1 0.017311 0.350922 0.034771 0.106020 0.047426
1 0.065259 0.350730 0.034999 0.080988 0.002473
1 0.938604 0.363869 0.054696 0.063980 0.002473
1 0.942794 0.361484 0.049435 0.068750 0.006693
1 0.014813 0.355824 0.035485 0.103234 0.006693
1 0.017253 0.353499 0.034401 0.107556 0.006693
2 0.437955 0.312366 0.026137 0.025873 0.002473
2 0.657774 0.317606 0.044076 0.042979 0.006693
2 0.666956 0.318411 0.060862 0.044035 0.006693
2 0.667520 0.318467 0.062801 0.044032 0.002473
2 0.665990 0.321662 0.065911 0.050455 0.017986
2 0.682553 0.315240 0.075379 0.057119 0.017986
2 0.448818 0.318078 0.017449 0.020910 0.017986
2 0.449944 0.316484 0.019368 0.024153 0.002473
2 0.546849 0.323016 0.025047 0.021439 0.002473
3 0.013029 0.324301 0.026281 0.145204 0.006693
3 0.033023 0.326898 0.065771 0.125723 0.047426
3 0.042139 0.329990 0.078256 0.118367 0.002473
3 0.016181 0.343849 0.032508 0.123629 0.006693
3 0.037078 0.337748 0.074052 0.116174 0.002473
3 0.042291 0.336324 0.077935 0.101317 0.268941
3 0.040952 0.336442 0.081353 0.102181 0.268941
3 0.042961 0.334572 0.079179 0.102914 0.268941
3 0.449828 0.313181 0.019529 0.024253 0.002473
3 0.450002 0.313868 0.019487 0.028692 0.006693
3 0.682553 0.315240 0.075379 0.057119 0.002473
3 0.042607 0.338309 0.079110 0.104768 0.119203
3 0.042374 0.336816 0.078780 0.101446 0.268941
3 0.043405 0.336605 0.078513 0.101854 0.268941
3 0.296993 0.330090 0.019357 0.025640 0.017986
3 0.300341 0.329340 0.019724 0.024144 0.002473
3 0.448818 0.318078 0.017449 0.020910 0.017986
3 0.449944 0.316484 0.019368 0.024153 0.006693
3 0.039808 0.340363 0.085340 0.101219 0.047426
3 0.042373 0.336796 0.078779 0.101962 0.500000
3 0.044452 0.337168 0.076428 0.101198 0.268941
3 0.041396 0.339394 0.080467 0.096776 0.268941
3 0.044723 0.339699 0.075981 0.096153 0.119203
3 0.049103 0.342126 0.067223 0.091472 0.002473
4 0.732058 0.366180 0.052002 0.057168 0.002473
4 0.734105 0.366382 0.055982 0.059239 0.006693
4 0.734082 0.355536 0.051195 0.094897 0.002473
4 0.732507 0.366010 0.053159 0.064478 0.002473
4 0.732845 0.366653 0.053360 0.073404 0.017986
4 0.734227 0.365429 0.056486 0.082530 0.047426
4 0.735158 0.360078 0.049038 0.094131 0.006693
4 0.729155 0.362708 0.051371 0.111201 0.006693
4 0.737460 0.361287 0.040798 0.102978 0.017986
4 0.736690 0.368935 0.045797 0.096696 0.017986
4 0.741960 0.368008 0.041325 0.098390 0.006693
4 0.894352 0.368742 0.047056 0.220576 0.002473
4 0.896767 0.361941 0.043007 0.234237 0.002473
4 0.893982 0.368037 0.048522 0.222529 0.017986
4 0.894900 0.360843 0.046702 0.227274 0.006693
4 0.893613 0.373837 0.047750 0.210836 0.047426
4 0.895564 0.371109 0.043570 0.216137 0.017986
4 0.896011 0.368579 0.042964 0.221086 0.006693
4 0.894448 0.383043 0.045798 0.192591 0.017986
5 0.733419 0.344687 0.049805 0.025619 0.002473
5 0.730702 0.366456 0.047353 0.059818 0.002473
5 0.734105 0.366382 0.055982 0.059239 0.006693
5 0.734082 0.355536 0.051195 0.094897 0.002473
5 0.732507 0.366010 0.053159 0.064478 0.017986
5 0.732845 0.366653 0.053360 0.073404 0.002473
5 0.734227 0.365429 0.056486 0.082530 0.002473
5 0.735158 0.360078 0.049038 0.094131 0.002473
5 0.894352 0.368742 0.047056 0.220576 0.047426
5 0.896767 0.361941 0.043007 0.234237 0.002473
5 0.887981 0.374543 0.059796 0.207480 0.002473
5 0.893982 0.368037 0.048522 0.222529 0.047426
5 0.894900 0.360843 0.046702 0.227274 0.017986
5 0.893613 0.373837 0.047750 0.210836 0.017986
5 0.895564 0.371109 0.043570 0.216137 0.002473
