0 0.003861 0.280059 0.007932 0.066477 0.002473
0 0.231046 0.305766 0.013047 0.095749 0.006693
0 0.004859 0.282661 0.009875 0.063086 0.002473
0 0.228273 0.309714 0.012761 0.098641 0.002473
0 0.221799 0.315974 0.018965 0.090634 0.002473
0 0.227154 0.307668 0.011218 0.094583 0.006693
0 0.335195 0.316484 0.010998 0.034101 0.002473
0 0.343580 0.314118 0.007218 0.035438 0.002473
0 0.457698 0.318989 0.009625 0.039123 0.006693
0 0.789687 0.329969 0.015139 0.076893 0.002473
0 0.223633 0.317377 0.017115 0.091458 0.002473
0 0.228090 0.310824 0.013136 0.096835 0.002473
0 0.342223 0.318535 0.009822 0.030021 0.002473
0 0.458642 0.320131 0.007772 0.036154 0.017986
0 0.498323 0.318031 0.012166 0.030697 0.002473
0 0.222824 0.320956 0.015102 0.084382 0.002473
0 0.225753 0.316170 0.012229 0.087857 0.002473
0 0.907699 0.359216 0.009651 0.062143 0.017986
0 0.927581 0.359761 0.014109 0.083410 0.002473
0 0.909136 0.361823 0.012576 0.066803 0.006693
0 0.916744 0.364813 0.017457 0.073187 0.002473
0 0.924189 0.360551 0.017166 0.082360 0.002473
0 0.906529 0.362210 0.018995 0.067888 0.017986
1 0.500408 0.314734 0.016363 0.027604 0.002473
1 0.504008 0.314786 0.020581 0.027411 0.002473
1 0.421672 0.316537 0.012603 0.017744 0.006693
1 0.504263 0.317713 0.022912 0.031275 0.017986
1 0.514156 0.317310 0.034390 0.032216 0.002473
1 0.040882 0.384256 0.087625 0.301176 0.731059
1 0.043762 0.381735 0.081704 0.309265 0.500000
1 0.043742 0.384981 0.087518 0.312393 0.268941
1 0.042310 0.384425 0.084636 0.303936 0.268941
1 0.043758 0.381502 0.081714 0.309185 0.268941
1 0.043742 0.382862 0.087517 0.307428 0.500000
1 0.043727 0.386457 0.087472 0.299344 0.500000
1 0.043764 0.378401 0.081708 0.315275 0.268941
1 0.042318 0.384311 0.084646 0.304470 0.500000
1 0.043709 0.393351 0.087586 0.286431 0.500000
