0 0.697664 0.308534 0.010934 0.059624 0.002473
0 0.003847 0.331401 0.007904 0.082963 0.002473
0 0.303861 0.332049 0.007885 0.061927 0.017986
0 0.695204 0.314856 0.009649 0.046619 0.017986
0 0.703330 0.314896 0.007049 0.046625 0.002473
0 0.803354 0.322894 0.012560 0.052843 0.119203
0 0.820210 0.326613 0.009741 0.054265 0.002473
0 0.304809 0.333007 0.009639 0.060154 0.268941
0 0.320934 0.334542 0.008190 0.055883 0.002473
0 0.695190 0.312518 0.009639 0.051301 0.047426
0 0.703389 0.317450 0.006916 0.041438 0.047426
0 0.805299 0.322928 0.004917 0.052839 0.017986
0 0.006342 0.347468 0.012760 0.039038 0.002473
0 0.017101 0.347702 0.010116 0.038503 0.002473
0 0.029724 0.349885 0.009825 0.023998 0.002473
0 0.304809 0.335979 0.009639 0.057336 0.268941
0 0.322499 0.340976 0.010790 0.036790 0.006693
0 0.543701 0.323867 0.008787 0.045667 0.002473
0 0.590169 0.328824 0.014156 0.089279 0.002473
0 0.803365 0.320553 0.012542 0.057659 0.119203
0 0.820177 0.328151 0.009674 0.052174 0.006693
0 0.015167 0.350172 0.013987 0.033824 0.002473
0 0.029789 0.357963 0.009740 0.038726 0.006693
0 0.303861 0.335678 0.007779 0.062962 0.047426
0 0.589662 0.328953 0.011284 0.092245 0.002473
0 0.034420 0.369403 0.013196 0.063457 0.006693
1 0.003847 0.331401 0.007904 0.082963 0.006693
1 0.406445 0.327658 0.098590 0.094701 0.880797
1 0.406629 0.330060 0.098225 0.099503 0.731059
1 0.003874 0.335457 0.007905 0.061814 0.002473
1 0.174064 0.368210 0.162561 0.169072 0.006693
1 0.406633 0.326892 0.098214 0.096224 0.731059
1 0.406630 0.326906 0.098220 0.096195 0.731059
1 0.407416 0.326906 0.096652 0.096199 0.500000
1 0.472687 0.318035 0.010871 0.020990 0.006693
1 0.544958 0.317670 0.016239 0.031601 0.002473
1 0.553842 0.314557 0.026120 0.028107 0.006693
1 0.006342 0.347468 0.012760 0.039038 0.017986
1 0.047077 0.343068 0.032893 0.032206 0.002473
1 0.060259 0.350065 0.020957 0.024360 0.017986
1 0.064053 0.352295 0.022029 0.022906 0.002473
1 0.173902 0.368432 0.162880 0.169498 0.731059
1 0.174353 0.368540 0.163061 0.163472 0.731059
1 0.174179 0.368394 0.163413 0.163357 0.731059
1 0.406183 0.326908 0.097319 0.096185 0.731059
1 0.405801 0.326908 0.098084 0.096186 0.731059
1 0.407388 0.326955 0.096602 0.096115 0.500000
1 0.007781 0.346717 0.009880 0.037810 0.017986
1 0.173903 0.369951 0.162881 0.166453 0.731059
1 0.174354 0.366933 0.163059 0.166677 0.731059
1 0.174363 0.368282 0.163050 0.169880 0.731059
1 0.406253 0.326913 0.097459 0.096193 0.500000
1 0.406068 0.326798 0.097832 0.096410 0.731059
1 0.174356 0.366935 0.161973 0.166678 0.500000
1 0.174539 0.368388 0.161625 0.163769 0.500000
1 0.174369 0.366701 0.163034 0.166688 0.731059
1 0.174534 0.367379 0.161638 0.165826 0.500000
1 0.431261 0.984401 0.083194 0.031340 0.002473
2 0.003847 0.331401 0.007904 0.082963 0.047426
2 0.046993 0.329810 0.063825 0.067959 0.006693
2 0.047408 0.328564 0.063987 0.064433 0.119203
2 0.047001 0.328782 0.062902 0.064657 0.119203
2 0.046934 0.328722 0.063050 0.064526 0.047426
2 0.046991 0.325102 0.063062 0.067033 0.119203
2 0.554078 0.313921 0.027651 0.028712 0.047426
2 0.551730 0.310765 0.028476 0.028586 0.047426
2 0.003874 0.335457 0.007905 0.061814 0.047426
2 0.019701 0.338607 0.015342 0.058491 0.006693
2 0.047823 0.326021 0.064609 0.067788 0.047426
2 0.047187 0.322916 0.062762 0.062624 0.047426
2 0.046795 0.326994 0.062501 0.070444 0.047426
2 0.045332 0.327764 0.065654 0.069310 0.017986
2 0.544958 0.317670 0.016239 0.031601 0.006693
2 0.553842 0.314557 0.026120 0.028107 0.017986
2 0.006342 0.347468 0.012760 0.039038 0.002473
2 0.047077 0.343068 0.032893 0.032206 0.017986
2 0.060259 0.350065 0.020957 0.024360 0.002473
2 0.444400 0.985541 0.115302 0.028934 0.002473
2 0.449335 0.987090 0.142458 0.025854 0.017986
2 0.454747 0.987130 0.149936 0.025773 0.006693
2 0.457938 0.989548 0.132273 0.021051 0.002473
3 0.187544 0.273006 0.089308 0.056674 0.002473
3 0.192152 0.280108 0.076497 0.060669 0.002473
3 0.195784 0.281781 0.066295 0.073787 0.017986
3 0.196565 0.284402 0.067332 0.079455 0.017986
3 0.200054 0.279409 0.072525 0.076895 0.002473
3 0.198639 0.282261 0.071290 0.082473 0.006693
3 0.003847 0.331401 0.007904 0.082963 0.006693
3 0.003874 0.335457 0.007905 0.061814 0.006693
3 0.553842 0.314557 0.026120 0.028107 0.002473
3 0.006342 0.347468 0.012760 0.039038 0.006693
3 0.007781 0.346717 0.009880 0.037810 0.002473
3 0.431261 0.984401 0.083194 0.031340 0.006693
3 0.436189 0.984373 0.092948 0.031273 0.006693
3 0.438557 0.985543 0.101149 0.028931 0.017986
3 0.444400 0.985541 0.115302 0.028934 0.017986
3 0.449335 0.987090 0.142458 0.025854 0.017986
3 0.454747 0.987130 0.149936 0.025773 0.006693
3 0.457938 0.989548 0.132273 0.021051 0.002473
4 0.342807 0.341629 0.004873 0.034745 0.002473
5 0.006342 0.347468 0.012760 0.039038 0.002473
5 0.322499 0.340976 0.010790 0.036790 0.006693
5 0.342807 0.341629 0.004873 0.034745 0.002473
5 0.276374 0.357279 0.012795 0.035474 0.002473
