0 0.568925 0.319104 0.019069 0.122592 0.017986
0 0.993698 0.302012 0.012771 0.207705 0.002473
0 0.004846 0.328609 0.009932 0.110511 0.002473
0 0.482781 0.316534 0.015698 0.075617 0.047426
0 0.569465 0.325322 0.023621 0.129937 0.268941
0 0.571111 0.325177 0.023373 0.129934 0.002473
0 0.995212 0.321591 0.009732 0.123037 0.006693
0 0.004818 0.327545 0.009717 0.084108 0.047426
0 0.385537 0.317961 0.009764 0.052828 0.047426
0 0.482721 0.321197 0.015501 0.075729 0.268941
0 0.570021 0.327050 0.025012 0.137568 0.268941
0 0.572021 0.327548 0.025219 0.137520 0.119203
0 0.590876 0.333896 0.012746 0.076419 0.006693
0 0.717297 0.319040 0.009732 0.045206 0.002473
0 0.803860 0.320375 0.007884 0.057447 0.047426
0 0.942058 0.321212 0.010158 0.049641 0.002473
0 0.996135 0.331801 0.007756 0.096413 0.119203
0 0.003894 0.331235 0.007870 0.077743 0.002473
0 0.072937 0.339585 0.011523 0.045961 0.006693
0 0.082729 0.338635 0.009715 0.043160 0.002473
0 0.097590 0.349654 0.014404 0.074546 0.119203
0 0.100110 0.349667 0.013467 0.074500 0.006693
0 0.274456 0.338609 0.014413 0.062635 0.002473
0 0.277412 0.337347 0.010661 0.065603 0.119203
0 0.309440 0.334350 0.013149 0.053614 0.002473
0 0.316338 0.330958 0.007813 0.046588 0.119203
0 0.383634 0.321421 0.007753 0.049385 0.017986
0 0.481258 0.318761 0.018332 0.070845 0.500000
0 0.541362 0.324485 0.007885 0.034407 0.002473
0 0.569936 0.330564 0.024457 0.140294 0.268941
0 0.571147 0.329896 0.023207 0.142064 0.119203
0 0.589934 0.337726 0.014626 0.073544 0.002473
0 0.716361 0.320961 0.007780 0.040915 0.006693
0 0.804807 0.322918 0.009691 0.052700 0.017986
0 0.995198 0.330238 0.009632 0.089513 0.047426
0 0.006341 0.343794 0.012760 0.046401 0.002473
0 0.068614 0.346043 0.013156 0.035899 0.002473
0 0.096677 0.351311 0.012583 0.077721 0.119203
0 0.100294 0.349703 0.013112 0.074685 0.017986
0 0.278861 0.341317 0.007772 0.067362 0.500000
0 0.317297 0.333313 0.009644 0.041799 0.119203
0 0.342302 0.341692 0.009625 0.034620 0.006693
0 0.383642 0.321465 0.007772 0.049589 0.047426
0 0.482693 0.318742 0.015463 0.070992 0.268941
0 0.484630 0.322692 0.019629 0.065121 0.002473
0 0.571056 0.327381 0.022950 0.137057 0.268941
0 0.571179 0.329769 0.023166 0.141895 0.119203
0 0.588835 0.334929 0.012940 0.090268 0.002473
0 0.804797 0.323070 0.009675 0.052623 0.047426
0 0.996135 0.329326 0.007756 0.091808 0.119203
0 0.007823 0.344879 0.015725 0.045083 0.002473
0 0.070161 0.349409 0.010134 0.032494 0.002473
0 0.098552 0.351612 0.012586 0.078233 0.268941
0 0.099658 0.347605 0.014380 0.080007 0.017986
0 0.276366 0.341112 0.016443 0.058309 0.002473
0 0.277389 0.338888 0.010723 0.062614 0.268941
0 0.303807 0.340244 0.007990 0.053909 0.002473
0 0.571026 0.327380 0.023001 0.137074 0.500000
0 0.571180 0.327339 0.023167 0.137051 0.268941
0 0.589579 0.333950 0.015333 0.092083 0.006693
0 0.995199 0.331372 0.009628 0.088439 0.268941
0 0.004943 0.364496 0.010561 0.159363 0.002473
0 0.097685 0.351456 0.014600 0.079224 0.268941
0 0.100108 0.349292 0.015277 0.083555 0.047426
0 0.571029 0.330511 0.023002 0.140395 0.268941
0 0.571192 0.330484 0.023142 0.140460 0.119203
0 0.003277 0.363882 0.007263 0.193357 0.006693
0 0.003853 0.350017 0.007955 0.229024 0.006693
0 0.002484 0.338324 0.010860 0.264434 0.006693
0 0.004722 0.336398 0.010176 0.287149 0.002473
1 0.004818 0.327545 0.009717 0.084108 0.006693
1 0.003894 0.331235 0.007870 0.077743 0.006693
1 0.442296 0.322914 0.034608 0.036813 0.731059
1 0.440860 0.324491 0.037477 0.033655 0.731059
1 0.442307 0.322897 0.040446 0.036777 0.268941
1 0.468750 0.320508 0.006810 0.016118 0.006693
1 0.006341 0.343794 0.012760 0.046401 0.006693
1 0.058907 0.350146 0.017975 0.024025 0.006693
1 0.007823 0.344879 0.015725 0.045083 0.017986
1 0.431237 0.984687 0.083242 0.030675 0.006693
1 0.434497 0.987205 0.090083 0.035226 0.017986
1 0.435182 0.985589 0.098128 0.028828 0.002473
1 0.444541 0.985585 0.116526 0.028845 0.006693
1 0.451051 0.987094 0.145583 0.025842 0.006693
2 0.004818 0.327545 0.009717 0.084108 0.047426
2 0.048222 0.330855 0.075392 0.069274 0.006693
2 0.049615 0.327967 0.078072 0.063233 0.006693
2 0.003894 0.331235 0.007870 0.077743 0.017986
2 0.434497 0.987205 0.090083 0.035226 0.006693
2 0.435182 0.985589 0.098128 0.028828 0.002473
2 0.444541 0.985585 0.116526 0.028845 0.006693
2 0.451051 0.987094 0.145583 0.025842 0.017986
2 0.456301 0.987131 0.158490 0.025771 0.017986
2 0.454605 0.989546 0.141785 0.021047 0.002473
3 0.004818 0.327545 0.009717 0.084108 0.002473
3 0.442296 0.322914 0.034608 0.036813 0.002473
3 0.440860 0.324491 0.037477 0.033655 0.002473
3 0.442307 0.322897 0.040446 0.036777 0.006693
3 0.431237 0.984687 0.083242 0.030675 0.006693
3 0.434497 0.987205 0.090083 0.035226 0.047426
3 0.435182 0.985589 0.098128 0.028828 0.047426
3 0.444541 0.985585 0.116526 0.028845 0.017986
3 0.451051 0.987094 0.145583 0.025842 0.017986
3 0.456301 0.987131 0.158490 0.025771 0.006693
3 0.454605 0.989546 0.141785 0.021047 0.002473
4 0.004818 0.327545 0.009717 0.084108 0.002473
4 0.588835 0.334929 0.012940 0.090268 0.002473
4 0.995199 0.331372 0.009628 0.088439 0.002473
5 0.004818 0.327545 0.009717 0.084108 0.002473
5 0.003894 0.331235 0.007870 0.077743 0.002473
5 0.058907 0.350146 0.017975 0.024025 0.002473
