0 0.178783 0.305476 0.007958 0.039243 0.006693
0 0.554796 0.312455 0.009649 0.041626 0.002473
0 0.607695 0.325334 0.009631 0.067373 0.268941
0 0.634080 0.317699 0.006897 0.042696 0.002473
0 0.733661 0.328565 0.017372 0.074083 0.017986
0 0.738174 0.330075 0.014203 0.077620 0.002473
0 0.180723 0.324244 0.013905 0.018227 0.006693
0 0.221639 0.318160 0.012536 0.084408 0.002473
0 0.553841 0.310414 0.007819 0.036313 0.002473
0 0.607689 0.322918 0.015410 0.072136 0.268941
0 0.633633 0.319873 0.007823 0.038743 0.002473
0 0.734157 0.328395 0.012633 0.073233 0.017986
0 0.738689 0.333586 0.011333 0.080820 0.002473
0 0.221240 0.325437 0.007981 0.087976 0.017986
0 0.606236 0.322926 0.012555 0.062497 0.268941
0 0.734123 0.330169 0.012700 0.076696 0.047426
0 0.737707 0.333671 0.013295 0.083008 0.002473
0 0.873348 0.364162 0.021752 0.100499 0.002473
0 0.873696 0.362820 0.022101 0.097816 0.002473
0 0.222703 0.327539 0.010947 0.085484 0.002473
0 0.735166 0.333794 0.014652 0.084213 0.017986
0 0.736773 0.339325 0.015211 0.083213 0.002473
0 0.873680 0.371255 0.022416 0.090879 0.002473
0 0.733872 0.344035 0.018189 0.095409 0.006693
0 0.738476 0.343760 0.014651 0.095177 0.002473
0 0.764662 0.354778 0.011286 0.072684 0.002473
1 0.477425 0.325357 0.010832 0.026605 0.002473
1 0.099973 0.366368 0.200033 0.215401 0.880797
1 0.100002 0.366152 0.200089 0.214668 0.880797
1 0.101496 0.366457 0.203034 0.215238 0.880797
1 0.099997 0.364993 0.200006 0.212272 0.500000
1 0.099999 0.364865 0.200084 0.218332 0.731059
1 0.099945 0.365579 0.199952 0.217459 0.500000
1 0.099977 0.365727 0.200046 0.217161 0.731059
1 0.099999 0.366532 0.200084 0.215398 0.731059
1 0.098611 0.365014 0.202986 0.212343 0.500000
1 0.100033 0.364998 0.200152 0.212207 0.731059
4 0.875253 0.368226 0.025507 0.096065 0.002473
4 0.873802 0.373082 0.028418 0.087282 0.006693
4 0.876767 0.376190 0.034341 0.090542 0.002473
4 0.878887 0.375766 0.038590 0.090881 0.006693
4 0.875194 0.374947 0.031269 0.083715 0.006693
4 0.878226 0.381433 0.031457 0.080221 0.017986
4 0.880323 0.377327 0.041598 0.089093 0.006693
