1 0.525026 0.322912 0.044126 0.052872 0.500000
1 0.525945 0.322906 0.042325 0.052868 0.268941
1 0.321208 0.346200 0.167540 0.150805 0.731059
1 0.319695 0.347739 0.170299 0.153822 0.880797
1 0.319643 0.347779 0.170403 0.153921 0.731059
1 0.412364 0.322856 0.019182 0.030711 0.017986
1 0.413559 0.325227 0.017203 0.025968 0.002473
1 0.468750 0.320513 0.012557 0.016072 0.119203
1 0.524962 0.322976 0.040405 0.052761 0.500000
1 0.525945 0.322936 0.042324 0.052830 0.500000
1 0.525948 0.322934 0.042319 0.052828 0.268941
1 0.525974 0.322931 0.042281 0.052854 0.268941
1 0.677422 0.325385 0.028994 0.016202 0.002473
1 0.320263 0.346203 0.165664 0.150808 0.500000
1 0.319733 0.343806 0.170223 0.155603 0.500000
1 0.319631 0.345372 0.170432 0.158722 0.731059
1 0.524968 0.323073 0.044162 0.052569 0.500000
1 0.525938 0.322969 0.042301 0.052770 0.500000
1 0.525963 0.322968 0.042246 0.052775 0.500000
1 0.526053 0.322968 0.042156 0.052827 0.500000
1 0.318843 0.347692 0.168500 0.153922 0.500000
1 0.318770 0.345313 0.168394 0.158679 0.500000
1 0.321098 0.347767 0.167497 0.153941 0.731059
1 0.319778 0.345282 0.170412 0.158739 0.500000
2 0.255911 0.307492 0.062475 0.041562 0.017986
2 0.260004 0.304393 0.063969 0.041370 0.006693
2 0.261576 0.305948 0.062532 0.038261 0.006693
2 0.260682 0.304846 0.060608 0.036374 0.006693
2 0.264489 0.303120 0.058718 0.033808 0.002473
