0 0.993774 0.377144 0.012606 0.037797 0.002473
1 0.434144 0.310919 0.037522 0.028949 0.268941
1 0.434144 0.310927 0.037502 0.028917 0.500000
1 0.434138 0.310925 0.037510 0.028921 0.500000
1 0.713966 0.342118 0.108844 0.091319 0.731059
1 0.432706 0.310976 0.040418 0.028854 0.500000
1 0.432700 0.311000 0.040390 0.028819 0.500000
1 0.432704 0.310992 0.040379 0.028836 0.500000
1 0.714175 0.342165 0.109154 0.091371 0.731059
1 0.713537 0.341279 0.107895 0.099225 0.500000
1 0.715599 0.339718 0.106309 0.096091 0.500000
1 0.714179 0.341321 0.109144 0.099311 0.500000
1 0.715431 0.343723 0.105902 0.094500 0.731059
1 0.714150 0.342167 0.109203 0.091369 0.500000
1 0.714353 0.342180 0.109533 0.091413 0.268941
1 0.713984 0.343740 0.108798 0.094526 0.500000
1 0.714150 0.342185 0.109203 0.091396 0.731059
1 0.895961 0.364510 0.022805 0.030671 0.002473
1 0.993774 0.377144 0.012606 0.037797 0.047426
1 0.993731 0.380070 0.012616 0.031659 0.002473
1 0.132344 0.267281 0.261690 0.309352 0.017986
1 0.131809 0.267016 0.260594 0.309829 0.005220
1 0.130554 0.264036 0.257801 0.310468 0.001501
1 0.129654 0.264320 0.265796 0.311514 0.008577
1 0.130873 0.265776 0.261782 0.317526 0.002473
1 0.131444 0.263652 0.262903 0.316474 0.001501
1 0.130692 0.267060 0.261423 0.315056 0.001501
1 0.131260 0.263116 0.262579 0.307241 0.001501
1 0.132059 0.264365 0.251876 0.315278 0.001501
2 0.867136 0.330730 0.086296 0.078288 0.002473
2 0.866363 0.330722 0.085823 0.078307 0.002473
2 0.993774 0.377144 0.012606 0.037797 0.002473
2 0.132344 0.267281 0.261690 0.309352 0.622459
2 0.131809 0.267016 0.260594 0.309829 0.679179
2 0.130554 0.264036 0.257801 0.310468 0.500000
2 0.129654 0.264320 0.265796 0.311514 0.320821
2 0.130873 0.265776 0.261782 0.317526 0.622459
2 0.131444 0.263652 0.262903 0.316474 0.622459
2 0.130020 0.263982 0.253511 0.316003 0.622459
2 0.129824 0.261201 0.262519 0.311208 0.095349
2 0.131318 0.267520 0.259763 0.309744 0.047426
2 0.130692 0.267060 0.261423 0.315056 0.500000
2 0.131260 0.263116 0.262579 0.307241 0.562177
2 0.132059 0.264365 0.251876 0.315278 0.500000
3 0.132344 0.267281 0.261690 0.309352 0.047426
3 0.131809 0.267016 0.260594 0.309829 0.017986
3 0.130554 0.264036 0.257801 0.310468 0.014064
3 0.129654 0.264320 0.265796 0.311514 0.060087
3 0.130873 0.265776 0.261782 0.317526 0.037327
3 0.131444 0.263652 0.262903 0.316474 0.022977
3 0.130020 0.263982 0.253511 0.316003 0.029312
3 0.129824 0.261201 0.262519 0.311208 0.001170
3 0.131318 0.267520 0.259763 0.309744 0.022977
3 0.130692 0.267060 0.261423 0.315056 0.075858
3 0.131260 0.263116 0.262579 0.307241 0.060087
3 0.132059 0.264365 0.251876 0.315278 0.075858
4 0.335710 0.322851 0.021794 0.020999 0.002473
4 0.993774 0.377144 0.012606 0.037797 0.047426
4 0.993731 0.380070 0.012616 0.031659 0.119203
5 0.993774 0.377144 0.012606 0.037797 0.002473
5 0.993731 0.380070 0.012616 0.031659 0.002473
