0 0.004976 0.388140 0.010004 0.280433 0.002473
0 0.004969 0.396236 0.010019 0.299864 0.002473
0 0.004970 0.396311 0.010023 0.329079 0.002473
0 0.004931 0.409684 0.010084 0.319036 0.002473
1 0.024058 0.261280 0.053892 0.066614 0.002473
1 0.025249 0.253925 0.050536 0.049973 0.006693
1 0.025686 0.252920 0.051462 0.047958 0.006693
1 0.214066 0.337136 0.122193 0.100793 0.731059
1 0.443680 0.335710 0.077697 0.078506 0.731059
1 0.443752 0.335718 0.077560 0.078540 0.731059
1 0.443374 0.335711 0.076807 0.078511 0.731059
1 0.135647 0.333269 0.034153 0.041709 0.002473
1 0.143562 0.335726 0.022847 0.036845 0.017986
1 0.144414 0.333209 0.026818 0.041955 0.002473
1 0.215416 0.336558 0.125077 0.099418 0.500000
1 0.214000 0.338831 0.127926 0.094401 0.500000
1 0.215499 0.336416 0.124816 0.099237 0.500000
1 0.301539 0.325698 0.028212 0.036153 0.002473
1 0.301490 0.323439 0.027995 0.037795 0.006693
1 0.443326 0.333331 0.076974 0.073705 0.731059
1 0.443751 0.335743 0.077819 0.078505 0.731059
1 0.443848 0.333330 0.075936 0.073702 0.500000
1 0.512947 0.339753 0.064163 0.054533 0.731059
1 0.513019 0.339766 0.064282 0.054567 0.500000
1 0.512501 0.337357 0.063526 0.059384 0.500000
1 0.512505 0.339704 0.063237 0.054505 0.500000
1 0.530657 0.328683 0.034059 0.043029 0.002473
1 0.608011 0.335223 0.060704 0.036690 0.006693
1 0.615747 0.338148 0.075600 0.041731 0.119203
1 0.619690 0.338142 0.083536 0.041701 0.268941
1 0.616548 0.338141 0.082817 0.041703 0.500000
1 0.617083 0.335735 0.083938 0.046585 0.268941
1 0.621534 0.335729 0.081624 0.046568 0.268941
1 0.642636 0.338128 0.039804 0.041883 0.047426
1 0.139205 0.333266 0.031215 0.042077 0.006693
1 0.143492 0.337349 0.022706 0.033652 0.119203
1 0.213980 0.338949 0.127962 0.094637 0.500000
1 0.214006 0.336536 0.122111 0.099462 0.731059
1 0.215501 0.338830 0.124806 0.094410 0.731059
1 0.302425 0.326914 0.029902 0.038727 0.002473
1 0.443777 0.333334 0.076073 0.073695 0.500000
1 0.443845 0.333328 0.077732 0.073706 0.731059
1 0.443845 0.330923 0.077735 0.078517 0.731059
1 0.512565 0.337370 0.065192 0.059362 0.500000
1 0.512303 0.337371 0.063914 0.059356 0.731059
1 0.513020 0.339774 0.064281 0.054552 0.500000
1 0.512304 0.337369 0.063914 0.059407 0.500000
1 0.611423 0.335758 0.067156 0.036976 0.047426
1 0.615583 0.335753 0.081103 0.046500 0.500000
1 0.618115 0.335746 0.080427 0.046484 0.500000
1 0.618054 0.335779 0.080209 0.046419 0.268941
1 0.617794 0.338157 0.079723 0.041662 0.500000
1 0.621187 0.338315 0.082348 0.041439 0.268941
1 0.646378 0.340878 0.032299 0.036249 0.047426
1 0.072678 0.372551 0.139601 0.243762 0.500000
1 0.070295 0.374664 0.140603 0.239313 0.731059
1 0.071169 0.373706 0.142342 0.236155 0.731059
1 0.213977 0.336541 0.127950 0.099459 0.268941
1 0.214031 0.338964 0.127766 0.094783 0.500000
1 0.214236 0.338805 0.121613 0.094479 0.500000
1 0.443817 0.330938 0.077686 0.078499 0.500000
1 0.512117 0.339778 0.064287 0.054579 0.500000
1 0.512500 0.337370 0.063526 0.059399 0.500000
1 0.072611 0.371298 0.139459 0.241287 0.500000
1 0.068792 0.375270 0.143348 0.239154 0.500000
1 0.071192 0.376858 0.142305 0.236010 0.500000
1 0.071724 0.375120 0.137742 0.240040 0.500000
1 0.071143 0.375124 0.142303 0.240044 0.500000
1 0.071174 0.375329 0.142340 0.239468 0.731059
1 0.071217 0.375328 0.142253 0.239476 0.731059
2 0.575076 0.318560 0.044507 0.045476 0.006693
2 0.581983 0.314772 0.058145 0.046984 0.006693
2 0.591440 0.312690 0.077381 0.052510 0.017986
2 0.597482 0.319036 0.089842 0.060975 0.017986
2 0.611040 0.322279 0.081262 0.067423 0.002473
2 0.215416 0.336558 0.125077 0.099418 0.002473
2 0.569227 0.321327 0.032806 0.033745 0.002473
2 0.570192 0.321223 0.040212 0.040201 0.002473
2 0.143492 0.337349 0.022706 0.033652 0.006693
2 0.213980 0.338949 0.127962 0.094637 0.006693
2 0.214006 0.336536 0.122111 0.099462 0.002473
2 0.215501 0.338830 0.124806 0.094410 0.002473
2 0.213977 0.336541 0.127950 0.099459 0.002473
2 0.214031 0.338964 0.127766 0.094783 0.002473
3 0.575076 0.318560 0.044507 0.045476 0.047426
3 0.581983 0.314772 0.058145 0.046984 0.119203
3 0.591440 0.312690 0.077381 0.052510 0.119203
3 0.597482 0.319036 0.089842 0.060975 0.002473
3 0.143562 0.335726 0.022847 0.036845 0.002473
3 0.301539 0.325698 0.028212 0.036153 0.002473
3 0.301490 0.323439 0.027995 0.037795 0.002473
3 0.569227 0.321327 0.032806 0.033745 0.017986
3 0.570192 0.321223 0.040212 0.040201 0.119203
3 0.143492 0.337349 0.022706 0.033652 0.006693
3 0.302425 0.326914 0.029902 0.038727 0.002473
