0 0.171660 0.341704 0.018456 0.090482 0.047426
0 0.172168 0.340836 0.019431 0.098486 0.017986
0 0.323551 0.329532 0.012589 0.059873 0.017986
0 0.325312 0.329476 0.014977 0.059822 0.002473
0 0.171416 0.339330 0.017889 0.095243 0.047426
0 0.172623 0.341008 0.020595 0.098851 0.006693
0 0.322616 0.330374 0.014460 0.057824 0.006693
0 0.594691 0.320640 0.004886 0.026205 0.002473
0 0.603844 0.335477 0.007852 0.046761 0.002473
0 0.171841 0.341006 0.018839 0.098553 0.047426
0 0.172506 0.345911 0.021091 0.099070 0.002473
0 0.323628 0.331518 0.012743 0.061936 0.017986
0 0.603861 0.340341 0.007779 0.043086 0.006693
0 0.173585 0.341387 0.017225 0.097907 0.017986
0 0.603841 0.341496 0.007819 0.058122 0.006693
1 0.410829 0.332403 0.115841 0.107257 0.731059
1 0.410218 0.330843 0.114534 0.110374 0.731059
1 0.410917 0.328442 0.114941 0.115169 0.002473
1 0.410833 0.330535 0.115838 0.109765 0.500000
1 0.410198 0.330840 0.114572 0.110382 0.500000
1 0.410725 0.330538 0.115316 0.109763 0.731059
1 0.410648 0.330552 0.115468 0.109733 0.731059
1 0.410642 0.330539 0.115480 0.109756 0.500000
1 0.410663 0.332117 0.115440 0.106610 0.731059
1 0.410643 0.330829 0.115479 0.110432 0.731059
1 0.410585 0.330630 0.115316 0.110049 0.731059
