1 0.439803 0.314001 0.029974 0.070490 0.268941
1 0.438926 0.314011 0.028093 0.070498 0.500000
1 0.435084 0.312588 0.035707 0.073491 0.047426
1 0.438924 0.314072 0.027985 0.070525 0.500000
1 0.440291 0.314111 0.025255 0.070440 0.268941
1 0.459082 0.310745 0.018325 0.054805 0.002473
1 0.479849 0.312000 0.009758 0.021851 0.002473
1 0.493437 0.310803 0.018977 0.028961 0.006693
1 0.436028 0.316631 0.037598 0.075212 0.017986
1 0.438924 0.314939 0.027985 0.078399 0.500000
1 0.440351 0.314120 0.025097 0.070473 0.500000
1 0.457186 0.312325 0.020211 0.051651 0.006693
1 0.481250 0.314919 0.012637 0.020990 0.047426
1 0.492268 0.314796 0.015485 0.021236 0.268941
1 0.437392 0.316649 0.031030 0.075087 0.500000
1 0.438883 0.312979 0.028037 0.072828 0.268941
1 0.006878 0.497938 0.013920 0.167163 0.002473
1 0.215058 0.300406 0.426841 0.590459 0.002473
1 0.218044 0.291043 0.421387 0.572755 0.001170
2 0.439803 0.314001 0.029974 0.070490 0.002473
2 0.438926 0.314011 0.028093 0.070498 0.006693
2 0.457419 0.306028 0.020932 0.054630 0.047426
2 0.460262 0.304057 0.020126 0.057736 0.017986
2 0.493400 0.301662 0.020711 0.046894 0.002473
2 0.459082 0.310745 0.018325 0.054805 0.017986
2 0.466508 0.312074 0.011466 0.042144 0.002473
2 0.493437 0.310803 0.018977 0.028961 0.002473
2 0.559253 0.308168 0.019711 0.023428 0.002473
2 0.457186 0.312325 0.020211 0.051651 0.006693
2 0.481250 0.314919 0.012637 0.020990 0.002473
2 0.437392 0.316649 0.031030 0.075087 0.002473
2 0.215058 0.300406 0.426841 0.590459 0.777300
2 0.210263 0.294379 0.429840 0.580287 0.817575
2 0.217062 0.290492 0.431723 0.586120 0.777300
2 0.218044 0.291043 0.421387 0.572755 0.777300
2 0.206923 0.294908 0.433828 0.575752 0.817575
2 0.217301 0.297670 0.438787 0.579783 0.777300
2 0.213435 0.296508 0.420540 0.594098 0.004070
2 0.218868 0.300145 0.416583 0.568688 0.777300
2 0.210127 0.303671 0.441333 0.571352 0.817575
2 0.218299 0.295118 0.435504 0.565003 0.777300
3 0.439803 0.314001 0.029974 0.070490 0.006693
3 0.438926 0.314011 0.028093 0.070498 0.017986
3 0.457419 0.306028 0.020932 0.054630 0.017986
3 0.460262 0.304057 0.020126 0.057736 0.002473
3 0.438924 0.314072 0.027985 0.070525 0.002473
3 0.440291 0.314111 0.025255 0.070440 0.002473
3 0.459082 0.310745 0.018325 0.054805 0.500000
3 0.466508 0.312074 0.011466 0.042144 0.002473
3 0.440351 0.314120 0.025097 0.070473 0.006693
3 0.457186 0.312325 0.020211 0.051651 0.500000
3 0.467476 0.316614 0.005722 0.033703 0.002473
3 0.481250 0.314919 0.012637 0.020990 0.002473
3 0.492268 0.314796 0.015485 0.021236 0.006693
3 0.437392 0.316649 0.031030 0.075087 0.006693
3 0.438883 0.312979 0.028037 0.072828 0.006693
