0 0.006270 0.288758 0.012617 0.124831 0.002473
0 0.336030 0.300993 0.025193 0.062653 0.006693
0 0.766836 0.321312 0.017360 0.085499 0.006693
0 0.785319 0.314555 0.015152 0.088236 0.006693
0 0.788263 0.314262 0.014090 0.088675 0.002473
0 0.817309 0.318622 0.015853 0.079949 0.002473
0 0.827281 0.312695 0.010984 0.067918 0.017986
0 0.859162 0.312135 0.012675 0.073237 0.006693
0 0.889866 0.320627 0.014724 0.090826 0.017986
0 0.921857 0.332020 0.018871 0.103612 0.002473
0 0.928154 0.331285 0.018830 0.105123 0.017986
0 0.759239 0.323039 0.012732 0.072482 0.119203
0 0.766593 0.328059 0.016870 0.073078 0.119203
0 0.786222 0.324035 0.013305 0.070934 0.002473
0 0.789371 0.327480 0.009952 0.063436 0.017986
0 0.812210 0.327748 0.013110 0.062713 0.119203
0 0.813879 0.325353 0.012743 0.067420 0.119203
0 0.828347 0.315180 0.012546 0.066680 0.047426
0 0.886761 0.324434 0.014048 0.081721 0.017986
0 0.889816 0.328280 0.014604 0.083153 0.119203
0 0.920468 0.331628 0.016021 0.096575 0.047426
0 0.926679 0.332902 0.015878 0.094057 0.119203
0 0.543770 0.316368 0.006811 0.024465 0.002473
0 0.552422 0.314562 0.010830 0.028063 0.002473
0 0.568745 0.316954 0.006752 0.032900 0.002473
0 0.757769 0.327030 0.015674 0.070876 0.119203
0 0.766579 0.328852 0.016897 0.074511 0.119203
0 0.784017 0.326360 0.013995 0.055953 0.002473
0 0.789886 0.325354 0.010721 0.057736 0.047426
0 0.811123 0.327793 0.012738 0.062474 0.119203
0 0.813878 0.325324 0.012746 0.067408 0.119203
0 0.829803 0.314317 0.009664 0.063188 0.047426
0 0.857718 0.318354 0.010049 0.081574 0.002473
0 0.887365 0.326705 0.019185 0.080261 0.119203
0 0.889187 0.328307 0.015883 0.083129 0.268941
0 0.919336 0.331713 0.013836 0.096265 0.119203
0 0.926196 0.333173 0.013096 0.093363 0.119203
0 0.759354 0.328001 0.018868 0.071971 0.017986
0 0.763159 0.328448 0.017950 0.073539 0.119203
0 0.781132 0.330486 0.019764 0.058013 0.006693
0 0.789361 0.325608 0.009988 0.067093 0.119203
0 0.810180 0.327910 0.010853 0.062263 0.119203
0 0.813243 0.325388 0.014015 0.067316 0.119203
0 0.827336 0.315468 0.010937 0.068006 0.047426
0 0.888960 0.331050 0.022179 0.078172 0.047426
0 0.889686 0.328869 0.020791 0.082461 0.268941
0 0.920468 0.332904 0.016020 0.093885 0.047426
0 0.927130 0.331611 0.014979 0.096441 0.268941
0 0.945159 0.330742 0.009837 0.058451 0.002473
0 0.762735 0.332845 0.018888 0.068470 0.006693
0 0.775313 0.334256 0.019330 0.065885 0.002473
0 0.888990 0.334380 0.022288 0.071681 0.017986
0 0.889450 0.333185 0.022114 0.074058 0.047426
0 0.897222 0.332898 0.025545 0.074879 0.002473
0 0.923282 0.332928 0.021649 0.093895 0.119203
0 0.926680 0.333182 0.015880 0.093311 0.500000
0 0.323593 0.349222 0.083956 0.166693 0.002473
0 0.323884 0.351468 0.083472 0.162217 0.002473
1 0.006270 0.288758 0.012617 0.124831 0.006693
1 0.006249 0.287327 0.012581 0.106593 0.006693
1 0.006235 0.298078 0.012614 0.103126 0.006693
1 0.237549 0.289640 0.039540 0.054325 0.006693
1 0.238140 0.299111 0.040966 0.073302 0.017986
1 0.004802 0.303374 0.009748 0.094805 0.017986
1 0.071108 0.305955 0.054370 0.033433 0.002473
1 0.238140 0.303017 0.039144 0.081071 0.017986
1 0.238146 0.302701 0.042908 0.081702 0.017986
1 0.263939 0.317424 0.022131 0.052406 0.119203
1 0.262666 0.320381 0.019512 0.047915 0.047426
1 0.281274 0.322372 0.030889 0.042630 0.017986
1 0.284400 0.319041 0.032424 0.039273 0.002473
1 0.354583 0.303825 0.021675 0.033992 0.047426
1 0.417305 0.319712 0.065391 0.078626 0.731059
1 0.417304 0.319697 0.065403 0.078600 0.500000
1 0.420189 0.320019 0.065410 0.078015 0.500000
1 0.454747 0.316212 0.010166 0.034237 0.002473
1 0.005035 0.312721 0.015947 0.111546 0.006693
1 0.152039 0.347897 0.214032 0.195799 0.731059
1 0.152043 0.346295 0.214813 0.192726 0.731059
1 0.151619 0.346600 0.215657 0.193205 0.006693
1 0.236890 0.304959 0.041676 0.085977 0.047426
1 0.238573 0.306991 0.043667 0.083401 0.006693
1 0.264015 0.320139 0.022287 0.048465 0.047426
1 0.268818 0.322317 0.025140 0.047578 0.047426
1 0.279171 0.323343 0.033131 0.040838 0.017986
1 0.282012 0.322149 0.030820 0.038992 0.017986
1 0.355051 0.306173 0.024485 0.038866 0.002473
1 0.417319 0.321384 0.065448 0.081535 0.880797
1 0.418749 0.319693 0.062502 0.078587 0.731059
1 0.417308 0.319648 0.065399 0.078675 0.500000
1 0.417293 0.321250 0.065374 0.081713 0.500000
1 0.454796 0.318040 0.009648 0.021005 0.047426
1 0.011966 0.321342 0.023980 0.145401 0.006693
1 0.150826 0.346172 0.213415 0.192540 0.731059
1 0.152034 0.346208 0.214774 0.192468 0.500000
1 0.151601 0.347732 0.215685 0.195655 0.731059
1 0.266390 0.319180 0.023322 0.054175 0.047426
1 0.267831 0.323434 0.021363 0.042612 0.268941
1 0.275106 0.324901 0.031217 0.042684 0.017986
1 0.291867 0.327409 0.026888 0.044406 0.002473
1 0.418750 0.319812 0.062501 0.078352 0.731059
1 0.417308 0.319650 0.065396 0.078674 0.500000
1 0.418745 0.319695 0.062501 0.078589 0.500000
1 0.013922 0.381739 0.027983 0.236454 0.017986
1 0.152224 0.346208 0.214412 0.192465 0.731059
1 0.151162 0.343894 0.213031 0.197492 0.500000
1 0.151786 0.346198 0.215316 0.192444 0.731059
1 0.013954 0.413640 0.028073 0.306846 0.006693
1 0.014015 0.398983 0.027970 0.266885 0.002473
1 0.151590 0.346182 0.214942 0.192363 0.268941
1 0.152041 0.346179 0.214810 0.192358 0.500000
1 0.013959 0.424071 0.028076 0.314929 0.002473
1 0.013981 0.436071 0.028126 0.354973 0.017986
1 0.014069 0.436543 0.027860 0.363122 0.006693
1 0.014876 0.433608 0.029910 0.385408 0.119203
1 0.014952 0.438671 0.029800 0.380060 0.119203
1 0.014898 0.444779 0.029949 0.359655 0.268941
1 0.014952 0.448636 0.029800 0.374891 0.119203
1 0.014895 0.446138 0.029934 0.390325 0.119203
1 0.015353 0.447758 0.030677 0.387781 0.119203
1 0.013536 0.451198 0.032923 0.381192 0.119203
1 0.014994 0.450432 0.029995 0.377730 0.119203
1 0.014986 0.461601 0.030023 0.381909 0.119203
1 0.015445 0.462772 0.030896 0.360238 0.119203
1 0.015166 0.471657 0.030383 0.388752 0.017986
1 0.015191 0.477445 0.030389 0.374806 0.017986
1 0.014638 0.484830 0.029428 0.384817 0.017986
1 0.017116 0.482534 0.028508 0.373217 0.002473
1 0.012546 0.500921 0.025613 0.343631 0.002473
1 0.015983 0.498043 0.032042 0.347712 0.002473
2 0.662518 0.291638 0.175166 0.166740 0.731059
2 0.662548 0.291666 0.175185 0.166687 0.500000
2 0.659561 0.291678 0.175296 0.166787 0.500000
2 0.663997 0.294411 0.178128 0.161044 0.731059
2 0.661094 0.294438 0.178101 0.161122 0.731059
2 0.660981 0.294414 0.178137 0.161171 0.731059
2 0.263939 0.317424 0.022131 0.052406 0.006693
2 0.262666 0.320381 0.019512 0.047915 0.002473
2 0.354583 0.303825 0.021675 0.033992 0.006693
2 0.662472 0.291867 0.175052 0.156593 0.731059
2 0.661095 0.292026 0.178100 0.156274 0.731059
2 0.662451 0.293590 0.175193 0.153177 0.731059
2 0.264015 0.320139 0.022287 0.048465 0.017986
2 0.268818 0.322317 0.025140 0.047578 0.017986
2 0.279171 0.323343 0.033131 0.040838 0.017986
2 0.282012 0.322149 0.030820 0.038992 0.002473
2 0.355051 0.306173 0.024485 0.038866 0.006693
2 0.661095 0.295214 0.178066 0.159570 0.500000
2 0.266390 0.319180 0.023322 0.054175 0.002473
2 0.267831 0.323434 0.021363 0.042612 0.002473
2 0.275106 0.324901 0.031217 0.042684 0.002473
3 0.006270 0.288758 0.012617 0.124831 0.006693
3 0.237549 0.289640 0.039540 0.054325 0.006693
3 0.238140 0.299111 0.040966 0.073302 0.006693
3 0.238140 0.303017 0.039144 0.081071 0.002473
3 0.238146 0.302701 0.042908 0.081702 0.002473
3 0.354583 0.303825 0.021675 0.033992 0.002473
3 0.014898 0.444779 0.029949 0.359655 0.002473
4 0.263939 0.317424 0.022131 0.052406 0.002473
4 0.262666 0.320381 0.019512 0.047915 0.017986
4 0.281274 0.322372 0.030889 0.042630 0.006693
4 0.264015 0.320139 0.022287 0.048465 0.002473
4 0.268818 0.322317 0.025140 0.047578 0.006693
4 0.754425 0.332243 0.024456 0.057800 0.006693
4 0.757769 0.327030 0.015674 0.070876 0.002473
4 0.031580 0.345299 0.026409 0.049444 0.002473
4 0.266390 0.319180 0.023322 0.054175 0.006693
4 0.267831 0.323434 0.021363 0.042612 0.017986
4 0.275106 0.324901 0.031217 0.042684 0.002473
4 0.324043 0.356783 0.083061 0.161447 0.006693
4 0.755852 0.338532 0.031202 0.055567 0.047426
4 0.759354 0.328001 0.018868 0.071971 0.047426
4 0.763159 0.328448 0.017950 0.073539 0.017986
4 0.781132 0.330486 0.019764 0.058013 0.002473
4 0.888960 0.331050 0.022179 0.078172 0.002473
4 0.889686 0.328869 0.020791 0.082461 0.002473
4 0.033796 0.347027 0.027164 0.056390 0.002473
4 0.324221 0.351687 0.083409 0.161761 0.006693
4 0.324482 0.351704 0.085733 0.161817 0.002473
4 0.752212 0.339047 0.036220 0.062505 0.047426
4 0.760557 0.332988 0.022168 0.068183 0.047426
4 0.762735 0.332845 0.018888 0.068470 0.047426
4 0.888990 0.334380 0.022288 0.071681 0.006693
4 0.889450 0.333185 0.022114 0.074058 0.006693
4 0.897222 0.332898 0.025545 0.074879 0.002473
4 0.323771 0.351375 0.084307 0.162386 0.047426
4 0.323593 0.349222 0.083956 0.166693 0.047426
4 0.323884 0.351468 0.083472 0.162217 0.017986
5 0.268818 0.322317 0.025140 0.047578 0.002473
5 0.323886 0.353990 0.083422 0.166353 0.119203
5 0.754425 0.332243 0.024456 0.057800 0.002473
5 0.757769 0.327030 0.015674 0.070876 0.002473
5 0.266390 0.319180 0.023322 0.054175 0.002473
5 0.267831 0.323434 0.021363 0.042612 0.006693
5 0.324043 0.356783 0.083061 0.161447 0.500000
5 0.324057 0.354233 0.083078 0.156955 0.268941
5 0.323812 0.358450 0.083318 0.158058 0.500000
5 0.759354 0.328001 0.018868 0.071971 0.006693
5 0.763159 0.328448 0.017950 0.073539 0.002473
5 0.324221 0.351687 0.083409 0.161761 0.500000
5 0.324740 0.351929 0.085179 0.161279 0.500000
5 0.324482 0.351704 0.085733 0.161817 0.500000
5 0.323771 0.351375 0.084307 0.162386 0.268941
5 0.323593 0.349222 0.083956 0.166693 0.731059
5 0.323884 0.351468 0.083472 0.162217 0.500000
