1 0.407750 0.316526 0.059582 0.065637 0.500000
1 0.408651 0.320496 0.057727 0.067334 0.731059
1 0.408642 0.318939 0.057706 0.070438 0.268941
1 0.488997 0.321790 0.033779 0.044392 0.500000
1 0.488927 0.322422 0.033628 0.042658 0.500000
1 0.489487 0.322395 0.034719 0.042669 0.017986
1 0.612781 0.310521 0.025616 0.021914 0.002473
1 0.408644 0.320479 0.057714 0.067355 0.731059
1 0.408647 0.318096 0.057716 0.062513 0.268941
1 0.407730 0.320501 0.059531 0.067324 0.268941
1 0.410194 0.320430 0.060416 0.067468 0.500000
1 0.488994 0.322005 0.033778 0.044722 0.500000
1 0.489111 0.322008 0.033996 0.044721 0.500000
1 0.490707 0.322563 0.031538 0.042856 0.006693
1 0.304278 0.328998 0.058805 0.051080 0.002473
1 0.308315 0.331406 0.057566 0.056117 0.002473
1 0.408669 0.320452 0.057663 0.067441 0.500000
1 0.407742 0.320451 0.059557 0.067439 0.268941
1 0.408670 0.316523 0.057662 0.065672 0.268941
1 0.489181 0.322351 0.034150 0.044782 0.268941
1 0.490448 0.322984 0.030868 0.043515 0.268941
1 0.490712 0.322324 0.031528 0.044850 0.006693
1 0.909306 0.403231 0.181348 0.484443 0.904651
1 0.907819 0.405129 0.184416 0.488772 0.924142
1 0.910001 0.404141 0.177051 0.492032 0.924142
1 0.909214 0.404444 0.184938 0.491549 0.904651
1 0.910074 0.406502 0.186517 0.495244 0.904651
1 0.908512 0.406191 0.183568 0.494424 0.904651
1 0.909126 0.407465 0.189208 0.492723 0.880797
1 0.908200 0.407190 0.183483 0.497106 0.939913
1 0.909260 0.406705 0.184864 0.491369 0.924142
1 0.908507 0.405610 0.183557 0.484928 0.924142
2 0.193646 0.296900 0.102747 0.042760 0.002473
2 0.227578 0.298458 0.099352 0.039633 0.002473
2 0.240652 0.298502 0.087592 0.039534 0.002473
2 0.248877 0.296497 0.087024 0.032496 0.002473
2 0.252346 0.296881 0.079177 0.033262 0.006693
2 0.257773 0.296776 0.070710 0.033116 0.006693
2 0.260398 0.298604 0.072738 0.039892 0.006693
2 0.243206 0.297337 0.074542 0.030987 0.002473
2 0.247802 0.297001 0.085708 0.032766 0.002473
2 0.252920 0.299606 0.078400 0.036748 0.006693
2 0.256416 0.298614 0.072040 0.033060 0.017986
2 0.260434 0.301254 0.067862 0.035910 0.047426
2 0.301852 0.310492 0.063378 0.028782 0.002473
2 0.311645 0.309080 0.044957 0.019018 0.002473
2 0.371927 0.307395 0.025189 0.021999 0.006693
2 0.408651 0.320496 0.057727 0.067334 0.006693
2 0.408642 0.318939 0.057706 0.070438 0.006693
2 0.310406 0.320036 0.047610 0.031780 0.002473
2 0.308111 0.321748 0.052064 0.038196 0.002473
2 0.408644 0.320479 0.057714 0.067355 0.006693
2 0.408647 0.318096 0.057716 0.062513 0.006693
2 0.407730 0.320501 0.059531 0.067324 0.006693
2 0.410194 0.320430 0.060416 0.067468 0.119203
2 0.408669 0.320452 0.057663 0.067441 0.006693
2 0.407742 0.320451 0.059557 0.067439 0.047426
2 0.408670 0.316523 0.057662 0.065672 0.119203
3 0.260434 0.301254 0.067862 0.035910 0.002473
