0 0.695442 0.312102 0.010191 0.031515 0.006693
0 0.699057 0.318269 0.023178 0.041998 0.002473
0 0.081250 0.345317 0.006758 0.034440 0.002473
1 0.173465 0.213907 0.028140 0.020898 0.017986
1 0.172555 0.213864 0.030049 0.020984 0.047426
1 0.657088 0.225635 0.042380 0.025058 0.002473
1 0.664023 0.225622 0.031182 0.024971 0.006693
1 0.679307 0.226052 0.047054 0.025896 0.002473
1 0.695663 0.222777 0.025933 0.028935 0.017986
1 0.668761 0.233088 0.021697 0.024486 0.006693
1 0.676574 0.234345 0.030961 0.021970 0.006693
1 0.696451 0.237038 0.036792 0.016605 0.002473
1 0.378164 0.312006 0.025599 0.031295 0.017986
1 0.379155 0.309695 0.022630 0.026459 0.006693
1 0.528143 0.327789 0.038324 0.052171 0.017986
1 0.529470 0.325160 0.040714 0.048159 0.017986
1 0.618053 0.307078 0.029229 0.021306 0.002473
1 0.376656 0.318054 0.028466 0.021114 0.006693
1 0.376751 0.317946 0.028427 0.021373 0.017986
1 0.441078 0.341339 0.157161 0.109008 0.880797
1 0.440764 0.339797 0.156713 0.112142 0.731059
1 0.523860 0.328038 0.042679 0.052052 0.002473
1 0.528572 0.328587 0.042894 0.051139 0.500000
1 0.529706 0.326923 0.040609 0.044830 0.268941
1 0.527319 0.326133 0.039630 0.046418 0.500000
1 0.558911 0.325376 0.017959 0.016178 0.047426
1 0.563157 0.329303 0.024126 0.017815 0.017986
1 0.590827 0.328063 0.012603 0.021578 0.002473
1 0.440829 0.343745 0.156584 0.113814 0.880797
1 0.440807 0.339789 0.156629 0.112124 0.731059
1 0.439383 0.339786 0.159479 0.112118 0.731059
1 0.522634 0.329083 0.041461 0.050996 0.002473
1 0.527274 0.328542 0.039531 0.051253 0.500000
1 0.529658 0.328544 0.040494 0.051255 0.500000
1 0.528278 0.328539 0.037703 0.051267 0.500000
1 0.660018 0.366982 0.145043 0.140992 0.731059
1 0.659992 0.367007 0.145070 0.141023 0.731059
1 0.658605 0.367033 0.147901 0.141117 0.952574
1 0.441052 0.343693 0.157186 0.113924 0.731059
1 0.440807 0.342170 0.156627 0.116973 0.731059
1 0.440811 0.342184 0.156619 0.116937 0.731059
1 0.660018 0.364592 0.145043 0.136146 0.731059
1 0.659611 0.364628 0.144304 0.136088 0.500000
1 0.659639 0.364576 0.144253 0.136134 0.500000
1 0.440603 0.343748 0.156319 0.113893 0.731059
1 0.439395 0.342181 0.159466 0.117011 0.731059
1 0.660012 0.364568 0.145031 0.136164 0.500000
1 0.660081 0.364589 0.145160 0.136183 0.731059
1 0.659621 0.364579 0.144002 0.136190 0.731059
1 0.658550 0.367015 0.147954 0.140921 0.880797
1 0.221899 0.431744 0.268844 0.419984 0.904651
1 0.224681 0.430460 0.270844 0.420432 0.622459
1 0.220342 0.433412 0.268190 0.422879 0.851953
1 0.222264 0.431912 0.270236 0.420070 0.924142
1 0.224550 0.431778 0.273624 0.423182 0.924142
1 0.221781 0.433222 0.263447 0.422462 0.924142
1 0.221637 0.431847 0.270468 0.426956 0.880797
1 0.222785 0.430376 0.270740 0.428156 0.904651
1 0.224279 0.431207 0.274233 0.425450 0.924142
1 0.222564 0.432340 0.264573 0.423531 0.924142
2 0.378164 0.312006 0.025599 0.031295 0.006693
2 0.379155 0.309695 0.022630 0.026459 0.017986
3 0.173465 0.213907 0.028140 0.020898 0.002473
3 0.172555 0.213864 0.030049 0.020984 0.006693
3 0.378164 0.312006 0.025599 0.031295 0.002473
3 0.029847 0.342496 0.052839 0.044197 0.119203
3 0.029218 0.341243 0.052309 0.047914 0.268941
3 0.028990 0.340948 0.052009 0.047319 0.047426
3 0.033723 0.343254 0.052559 0.045707 0.017986
3 0.029214 0.341100 0.051554 0.046981 0.119203
3 0.029961 0.341096 0.050044 0.046989 0.119203
3 0.029636 0.342579 0.050708 0.044073 0.119203
3 0.034431 0.342592 0.047130 0.044103 0.006693
3 0.029731 0.343157 0.051237 0.044851 0.006693
3 0.030826 0.343160 0.048330 0.044881 0.006693
