0 0.008442 0.334298 0.016959 0.177596 0.006693
0 0.009445 0.339184 0.019112 0.150785 0.006693
0 0.010949 0.336662 0.022148 0.164153 0.002473
1 0.659499 0.221684 0.038026 0.026862 0.006693
1 0.662935 0.225319 0.029006 0.024362 0.017986
1 0.676643 0.226361 0.049288 0.026506 0.017986
1 0.693329 0.225607 0.026326 0.025003 0.047426
1 0.707380 0.222696 0.065175 0.031091 0.002473
1 0.669313 0.232975 0.023214 0.025603 0.002473
1 0.678832 0.234696 0.040840 0.015281 0.017986
1 0.693950 0.237079 0.040116 0.016498 0.017986
1 0.703131 0.237392 0.049898 0.016767 0.002473
1 0.008442 0.334298 0.016959 0.177596 0.002473
1 0.009445 0.339184 0.019112 0.150785 0.006693
1 0.478583 0.312321 0.018007 0.031738 0.006693
1 0.506328 0.307395 0.068558 0.034359 0.017986
1 0.510021 0.308715 0.075808 0.034634 0.002473
1 0.528724 0.335734 0.107913 0.078515 0.731059
1 0.010949 0.336662 0.022148 0.164153 0.006693
1 0.033989 0.339053 0.038736 0.051737 0.006693
1 0.036799 0.340627 0.032294 0.046685 0.017986
1 0.036294 0.341451 0.033391 0.042098 0.047426
1 0.087434 0.342179 0.068977 0.049745 0.500000
1 0.087404 0.343724 0.065242 0.052834 0.500000
1 0.087484 0.343738 0.065394 0.052866 0.268941
1 0.087430 0.342157 0.065184 0.049744 0.017986
1 0.196673 0.329284 0.019419 0.017771 0.002473
1 0.200653 0.329287 0.017953 0.017735 0.017986
1 0.271601 0.325299 0.013238 0.016210 0.002473
1 0.290544 0.322837 0.025934 0.021090 0.002473
1 0.294659 0.325331 0.025065 0.016088 0.047426
1 0.299062 0.325320 0.021145 0.016056 0.017986
1 0.323518 0.322916 0.027982 0.020859 0.268941
1 0.323548 0.320507 0.027958 0.016043 0.500000
1 0.343020 0.320499 0.014123 0.016095 0.006693
1 0.405663 0.318071 0.026917 0.020970 0.017986
1 0.411489 0.322911 0.032960 0.020855 0.268941
1 0.411467 0.322911 0.032869 0.020856 0.268941
1 0.446920 0.318183 0.013295 0.011504 0.017986
1 0.461570 0.320499 0.013660 0.016049 0.006693
1 0.464139 0.320441 0.016533 0.016165 0.047426
1 0.477498 0.313705 0.020168 0.023421 0.017986
1 0.527403 0.338154 0.110628 0.083352 0.500000
1 0.528319 0.338155 0.112540 0.083348 0.500000
1 0.528329 0.338155 0.112559 0.083340 0.731059
1 0.594761 0.330762 0.020460 0.026992 0.006693
1 0.600070 0.332826 0.019179 0.025046 0.002473
1 0.011008 0.354356 0.022748 0.228873 0.006693
1 0.030726 0.341365 0.032243 0.050595 0.002473
1 0.036280 0.340686 0.033336 0.046582 0.047426
1 0.037304 0.340692 0.035418 0.046631 0.017986
1 0.087430 0.342182 0.065192 0.049738 0.731059
1 0.087025 0.342193 0.064474 0.049736 0.268941
1 0.087500 0.342192 0.065426 0.049738 0.500000
1 0.086564 0.345319 0.067204 0.049756 0.500000
1 0.153832 0.335301 0.023272 0.021923 0.017986
1 0.155029 0.338444 0.020781 0.021840 0.047426
1 0.528359 0.338150 0.112523 0.083328 0.017986
1 0.528339 0.338147 0.112501 0.083336 0.731059
1 0.528348 0.338149 0.112501 0.083339 0.500000
1 0.529755 0.338173 0.109707 0.083381 0.731059
1 0.597306 0.337884 0.019769 0.034358 0.002473
1 0.670296 0.369573 0.159702 0.146174 0.731059
1 0.671774 0.371146 0.162647 0.149329 0.731059
1 0.010934 0.373342 0.022388 0.319124 0.006693
1 0.036777 0.341582 0.036262 0.048042 0.006693
1 0.036975 0.343056 0.032293 0.045095 0.006693
1 0.086627 0.345335 0.067077 0.049717 0.047426
1 0.087049 0.345317 0.064427 0.049743 0.500000
1 0.087526 0.342210 0.065373 0.049720 0.500000
1 0.528320 0.339715 0.112561 0.086452 0.500000
1 0.529721 0.339718 0.109737 0.086447 0.731059
1 0.528180 0.338203 0.112843 0.083370 0.731059
1 0.672645 0.367154 0.164378 0.150981 0.500000
1 0.671763 0.369583 0.162645 0.146160 0.731059
1 0.671707 0.371155 0.162514 0.149308 0.500000
1 0.671763 0.369825 0.162662 0.156226 0.002473
1 0.012365 0.394894 0.025251 0.416028 0.047426
1 0.011058 0.403569 0.022368 0.406423 0.002473
1 0.671761 0.367079 0.162610 0.150850 0.731059
1 0.671702 0.367057 0.162518 0.150804 0.500000
1 0.671684 0.371015 0.162465 0.149119 0.731059
1 0.012360 0.404027 0.025191 0.433716 0.119203
1 0.009635 0.407253 0.025093 0.424310 0.047426
1 0.670349 0.368633 0.159597 0.153934 0.731059
1 0.670310 0.368831 0.159502 0.153983 0.500000
1 0.012443 0.402224 0.025052 0.455187 0.268941
1 0.011083 0.409038 0.022107 0.441730 0.047426
1 0.012465 0.424101 0.025078 0.425865 0.268941
1 0.012521 0.426628 0.025018 0.431191 0.047426
1 0.012489 0.436672 0.025028 0.417925 0.268941
1 0.013951 0.429833 0.022119 0.413963 0.119203
1 0.012490 0.440435 0.025029 0.422590 0.119203
1 0.012513 0.436551 0.025003 0.424721 0.119203
1 0.013930 0.448712 0.027909 0.405726 0.119203
1 0.013960 0.446110 0.027897 0.419606 0.047426
1 0.012493 0.454832 0.025041 0.392590 0.017986
1 0.012555 0.454388 0.025052 0.391702 0.047426
1 0.013907 0.465662 0.027974 0.365904 0.017986
1 0.012555 0.466985 0.025052 0.365659 0.006693
1 0.013797 0.482437 0.027857 0.369502 0.017986
1 0.015424 0.474803 0.025126 0.354235 0.017986
2 0.006278 0.239033 0.012608 0.154282 0.002473
2 0.514770 0.295337 0.058949 0.033262 0.002473
2 0.516321 0.293839 0.067470 0.036494 0.002473
2 0.379075 0.313966 0.027649 0.028951 0.002473
2 0.379401 0.312436 0.023249 0.025699 0.017986
2 0.478583 0.312321 0.018007 0.031738 0.017986
2 0.378798 0.315592 0.027087 0.025916 0.002473
2 0.379217 0.314020 0.022813 0.022789 0.006693
2 0.009635 0.407253 0.025093 0.424310 0.002473
2 0.012443 0.402224 0.025052 0.455187 0.002473
2 0.012465 0.424101 0.025078 0.425865 0.002473
3 0.008491 0.296370 0.017142 0.263328 0.006693
3 0.041927 0.306996 0.085132 0.156743 0.002473
3 0.008442 0.334298 0.016959 0.177596 0.002473
3 0.515488 0.300890 0.062817 0.051210 0.047426
3 0.515210 0.297582 0.058713 0.044131 0.047426
3 0.514770 0.295337 0.058949 0.033262 0.119203
3 0.516321 0.293839 0.067470 0.036494 0.006693
3 0.524448 0.293215 0.067621 0.029039 0.002473
3 0.009445 0.339184 0.019112 0.150785 0.006693
3 0.476484 0.310744 0.022847 0.029291 0.017986
3 0.478583 0.312321 0.018007 0.031738 0.119203
3 0.506328 0.307395 0.068558 0.034359 0.047426
3 0.510021 0.308715 0.075808 0.034634 0.002473
3 0.010949 0.336662 0.022148 0.164153 0.006693
3 0.033989 0.339053 0.038736 0.051737 0.017986
3 0.036799 0.340627 0.032294 0.046685 0.268941
3 0.036294 0.341451 0.033391 0.042098 0.268941
3 0.153675 0.329118 0.023940 0.034033 0.006693
3 0.155044 0.333302 0.020860 0.032062 0.119203
3 0.464139 0.320441 0.016533 0.016165 0.006693
3 0.477498 0.313705 0.020168 0.023421 0.017986
3 0.490234 0.312653 0.041401 0.033321 0.002473
3 0.011008 0.354356 0.022748 0.228873 0.017986
3 0.030726 0.341365 0.032243 0.050595 0.006693
3 0.036280 0.340686 0.033336 0.046582 0.268941
3 0.037304 0.340692 0.035418 0.046631 0.119203
3 0.153832 0.335301 0.023272 0.021923 0.006693
3 0.155029 0.338444 0.020781 0.021840 0.047426
3 0.010934 0.373342 0.022388 0.319124 0.006693
3 0.036777 0.341582 0.036262 0.048042 0.017986
3 0.036975 0.343056 0.032293 0.045095 0.017986
3 0.012365 0.394894 0.025251 0.416028 0.006693
3 0.012360 0.404027 0.025191 0.433716 0.006693
3 0.009635 0.407253 0.025093 0.424310 0.006693
3 0.012443 0.402224 0.025052 0.455187 0.006693
3 0.011083 0.409038 0.022107 0.441730 0.002473
3 0.012465 0.424101 0.025078 0.425865 0.006693
3 0.012489 0.436672 0.025028 0.417925 0.006693
3 0.013951 0.429833 0.022119 0.413963 0.002473
3 0.012490 0.440435 0.025029 0.422590 0.006693
3 0.012513 0.436551 0.025003 0.424721 0.002473
3 0.013930 0.448712 0.027909 0.405726 0.002473
