0 0.008011 0.333811 0.016097 0.149278 0.006693
0 0.006942 0.332755 0.013966 0.128518 0.017986
0 0.010069 0.336160 0.020373 0.140938 0.002473
0 0.010934 0.358540 0.022543 0.220513 0.002473
1 0.659845 0.224067 0.032614 0.022102 0.002473
1 0.663018 0.225319 0.026794 0.024361 0.006693
1 0.678183 0.225636 0.045755 0.025058 0.002473
1 0.694692 0.225296 0.023349 0.024383 0.002473
1 0.699872 0.222837 0.026519 0.029304 0.002473
1 0.667746 0.232985 0.023735 0.025618 0.002473
1 0.006942 0.332755 0.013966 0.128518 0.006693
1 0.011914 0.325002 0.023416 0.087328 0.002473
1 0.010069 0.336160 0.020373 0.140938 0.002473
1 0.033344 0.341394 0.044103 0.056419 0.002473
1 0.038265 0.341245 0.033486 0.047923 0.017986
1 0.039752 0.342814 0.030483 0.044789 0.017986
1 0.038925 0.341669 0.037795 0.048874 0.002473
1 0.135112 0.341328 0.064458 0.057689 0.500000
1 0.133662 0.338913 0.067358 0.062520 0.500000
1 0.135094 0.338906 0.064386 0.062486 0.500000
1 0.168195 0.330168 0.014075 0.025980 0.002473
1 0.199964 0.327727 0.025089 0.020885 0.119203
1 0.198579 0.329289 0.027899 0.017733 0.119203
1 0.254565 0.326880 0.028494 0.012966 0.047426
1 0.255262 0.326882 0.026988 0.012919 0.268941
1 0.259266 0.325323 0.020179 0.016076 0.017986
1 0.324967 0.320507 0.030881 0.016042 0.500000
1 0.322609 0.322910 0.029808 0.011236 0.500000
1 0.343804 0.320462 0.012832 0.016170 0.017986
1 0.368495 0.322894 0.027492 0.020924 0.047426
1 0.369702 0.320488 0.029464 0.016078 0.119203
1 0.371069 0.320480 0.027179 0.016105 0.047426
1 0.390223 0.316505 0.014407 0.017818 0.006693
1 0.403265 0.320503 0.012749 0.016055 0.017986
1 0.426425 0.320506 0.022168 0.016044 0.119203
1 0.427921 0.320500 0.024996 0.016048 0.268941
1 0.433852 0.320515 0.026613 0.016193 0.006693
1 0.489920 0.353686 0.129840 0.149812 0.880797
1 0.489006 0.352427 0.127929 0.153550 0.880797
1 0.554714 0.327798 0.015629 0.020985 0.017986
1 0.572650 0.327731 0.014753 0.020956 0.006693
1 0.597674 0.333266 0.035831 0.051463 0.268941
1 0.597681 0.333323 0.035835 0.051410 0.500000
1 0.597692 0.333335 0.039586 0.051325 0.268941
1 0.599761 0.333506 0.041018 0.052666 0.006693
1 0.010934 0.358540 0.022543 0.220513 0.002473
1 0.039734 0.340996 0.030529 0.047191 0.006693
1 0.039774 0.340968 0.030447 0.047258 0.017986
1 0.135156 0.341314 0.064563 0.057720 0.500000
1 0.133636 0.338933 0.067304 0.062498 0.731059
1 0.133671 0.338934 0.067341 0.062497 0.500000
1 0.133644 0.338928 0.067290 0.062498 0.500000
1 0.488983 0.353256 0.127971 0.148881 0.731059
1 0.490420 0.352949 0.125084 0.148267 0.500000
1 0.489897 0.354000 0.129790 0.150379 0.500000
1 0.554725 0.331913 0.015691 0.028708 0.002473
1 0.597663 0.334826 0.035807 0.054588 0.500000
1 0.598629 0.333341 0.037683 0.051378 0.500000
1 0.598660 0.334874 0.037647 0.054466 0.268941
1 0.601718 0.330115 0.040930 0.053006 0.006693
1 0.671806 0.367170 0.162459 0.150973 0.731059
1 0.671239 0.371027 0.157818 0.149083 0.731059
1 0.671826 0.371142 0.162538 0.149322 0.731059
1 0.012381 0.387867 0.025494 0.346445 0.006693
1 0.013514 0.344251 0.018550 0.129960 0.002473
1 0.040066 0.341602 0.026108 0.048003 0.006693
1 0.039924 0.343822 0.030132 0.046542 0.002473
1 0.133675 0.341343 0.067326 0.067335 0.500000
1 0.134173 0.338931 0.062584 0.062523 0.500000
1 0.135094 0.338924 0.064390 0.062559 0.731059
1 0.488961 0.352437 0.127924 0.153522 0.731059
1 0.488958 0.351691 0.127915 0.152015 0.731059
1 0.489897 0.351725 0.129790 0.151950 0.731059
1 0.598469 0.335897 0.034309 0.062885 0.002473
1 0.672639 0.367138 0.160619 0.141271 0.731059
1 0.672697 0.369477 0.160774 0.145918 0.731059
1 0.671760 0.369580 0.162407 0.146160 0.731059
1 0.010980 0.398572 0.022433 0.436511 0.047426
1 0.488986 0.353699 0.127946 0.149786 0.500000
1 0.488989 0.352141 0.127948 0.152908 0.500000
1 0.671313 0.369419 0.157685 0.145906 0.731059
1 0.672645 0.367011 0.160632 0.150713 0.500000
1 0.672618 0.371015 0.160589 0.149118 0.731059
1 0.010950 0.403636 0.022373 0.442494 0.119203
1 0.011074 0.415199 0.022210 0.422182 0.119203
1 0.671239 0.369504 0.157817 0.145912 0.731059
1 0.012466 0.414835 0.025092 0.442172 0.119203
1 0.012556 0.412910 0.025052 0.439983 0.119203
1 0.013907 0.432661 0.027964 0.444232 0.119203
1 0.012541 0.434883 0.024978 0.434918 0.047426
1 0.012489 0.439320 0.025030 0.421114 0.119203
1 0.012514 0.441689 0.025004 0.425537 0.047426
1 0.012490 0.445917 0.025028 0.420433 0.119203
1 0.012513 0.444396 0.025003 0.428989 0.047426
1 0.012485 0.451799 0.025027 0.406258 0.047426
1 0.013960 0.450493 0.027897 0.418298 0.047426
1 0.013902 0.462875 0.027954 0.401813 0.047426
1 0.013970 0.466206 0.022147 0.397039 0.047426
1 0.013908 0.472777 0.027972 0.387475 0.017986
1 0.012536 0.472199 0.025093 0.379364 0.006693
1 0.012416 0.484150 0.025015 0.388578 0.006693
1 0.013982 0.490230 0.028024 0.373373 0.006693
2 0.368495 0.322894 0.027492 0.020924 0.006693
2 0.369702 0.320488 0.029464 0.016078 0.002473
2 0.371069 0.320480 0.027179 0.016105 0.002473
2 0.011074 0.415199 0.022210 0.422182 0.006693
3 0.025122 0.314188 0.050249 0.217332 0.002473
3 0.006942 0.332755 0.013966 0.128518 0.002473
3 0.383578 0.313958 0.028159 0.028968 0.002473
3 0.426681 0.313787 0.028657 0.029501 0.002473
3 0.010069 0.336160 0.020373 0.140938 0.002473
3 0.033344 0.341394 0.044103 0.056419 0.002473
3 0.038265 0.341245 0.033486 0.047923 0.119203
3 0.039752 0.342814 0.030483 0.044789 0.119203
3 0.038925 0.341669 0.037795 0.048874 0.002473
3 0.168195 0.330168 0.014075 0.025980 0.002473
3 0.199964 0.327727 0.025089 0.020885 0.006693
3 0.198579 0.329289 0.027899 0.017733 0.002473
3 0.255262 0.326882 0.026988 0.012919 0.002473
3 0.343804 0.320462 0.012832 0.016170 0.006693
3 0.368495 0.322894 0.027492 0.020924 0.047426
3 0.369702 0.320488 0.029464 0.016078 0.017986
3 0.371069 0.320480 0.027179 0.016105 0.006693
3 0.390223 0.316505 0.014407 0.017818 0.002473
3 0.403265 0.320503 0.012749 0.016055 0.002473
3 0.426425 0.320506 0.022168 0.016044 0.006693
3 0.427921 0.320500 0.024996 0.016048 0.047426
3 0.010934 0.358540 0.022543 0.220513 0.006693
3 0.039734 0.340996 0.030529 0.047191 0.047426
3 0.039774 0.340968 0.030447 0.047258 0.047426
3 0.012381 0.387867 0.025494 0.346445 0.006693
3 0.040066 0.341602 0.026108 0.048003 0.006693
3 0.039924 0.343822 0.030132 0.046542 0.006693
3 0.010980 0.398572 0.022433 0.436511 0.006693
3 0.010950 0.403636 0.022373 0.442494 0.006693
3 0.011074 0.415199 0.022210 0.422182 0.017986
3 0.012466 0.414835 0.025092 0.442172 0.006693
3 0.012556 0.412910 0.025052 0.439983 0.002473
3 0.013907 0.432661 0.027964 0.444232 0.002473
3 0.012489 0.439320 0.025030 0.421114 0.002473
3 0.012490 0.445917 0.025028 0.420433 0.006693
