0 0.006489 0.324785 0.013056 0.170835 0.002473
0 0.008014 0.337053 0.016106 0.129889 0.006693
0 0.009498 0.332144 0.019222 0.153417 0.006693
0 0.010758 0.367136 0.022191 0.245603 0.002473
0 0.012369 0.382997 0.025470 0.378576 0.002473
0 0.721054 0.334903 0.055719 0.221011 0.002473
0 0.719775 0.327532 0.058129 0.248114 0.002473
0 0.734715 0.343325 0.037532 0.210302 0.002473
0 0.699819 0.344807 0.082630 0.301124 0.017986
0 0.714599 0.342529 0.062742 0.287109 0.017986
0 0.734659 0.345079 0.036886 0.240913 0.006693
0 0.692468 0.347596 0.085063 0.299827 0.268941
0 0.693481 0.354054 0.086792 0.319653 0.500000
0 0.697032 0.362558 0.087701 0.336652 0.268941
0 0.706231 0.363476 0.075396 0.342102 0.119203
0 0.733874 0.366325 0.038004 0.314231 0.017986
0 0.692967 0.350172 0.080089 0.294446 0.017986
0 0.691985 0.345189 0.083809 0.313089 0.500000
0 0.695265 0.350432 0.084567 0.323492 0.500000
0 0.695419 0.359387 0.090238 0.333281 0.500000
0 0.699626 0.362372 0.082090 0.347251 0.119203
0 0.726056 0.367436 0.035792 0.336630 0.017986
0 0.735208 0.343117 0.030017 0.271184 0.006693
0 0.692423 0.342649 0.078948 0.312262 0.268941
0 0.694264 0.348612 0.086572 0.333934 0.268941
0 0.695517 0.358624 0.084706 0.344518 0.500000
0 0.699061 0.364048 0.084067 0.343760 0.017986
0 0.723309 0.366046 0.041134 0.341053 0.047426
0 0.733886 0.372848 0.034242 0.335630 0.006693
0 0.695769 0.349597 0.083915 0.332674 0.268941
0 0.695660 0.361178 0.084845 0.345028 0.047426
0 0.700786 0.361624 0.080659 0.348657 0.006693
0 0.725124 0.367548 0.035656 0.331810 0.017986
0 0.681030 0.350489 0.128771 0.301821 0.001501
1 0.008014 0.337053 0.016106 0.129889 0.002473
1 0.250094 0.331783 0.105937 0.064377 0.731059
1 0.251456 0.332530 0.103024 0.062881 0.500000
1 0.556270 0.318108 0.012667 0.032826 0.002473
1 0.009498 0.332144 0.019222 0.153417 0.002473
1 0.032902 0.341431 0.049487 0.056493 0.006693
1 0.038431 0.341246 0.035810 0.047923 0.006693
1 0.038325 0.341249 0.035950 0.047919 0.006693
1 0.250078 0.331997 0.105966 0.064707 0.731059
1 0.251480 0.331795 0.102961 0.064357 0.500000
1 0.250010 0.331793 0.105806 0.064354 0.500000
1 0.251437 0.332555 0.102955 0.062828 0.500000
1 0.343751 0.320487 0.013507 0.016119 0.006693
1 0.387578 0.318755 0.031399 0.013316 0.006693
1 0.392797 0.320497 0.023164 0.016090 0.268941
1 0.404782 0.320507 0.015597 0.016046 0.017986
1 0.418695 0.318941 0.012747 0.012927 0.047426
1 0.431270 0.320523 0.012595 0.016094 0.047426
1 0.436116 0.320620 0.022246 0.026507 0.002473
1 0.491317 0.356539 0.132720 0.161791 0.119203
1 0.489879 0.354135 0.135607 0.156983 0.880797
1 0.580993 0.334809 0.056243 0.060773 0.047426
1 0.581293 0.334872 0.056659 0.060653 0.500000
1 0.582732 0.334688 0.059539 0.060261 0.500000
1 0.581280 0.334875 0.056638 0.060650 0.268941
1 0.583736 0.334861 0.057582 0.060684 0.119203
1 0.672795 0.368967 0.160684 0.154877 0.731059
1 0.670420 0.369650 0.159893 0.156715 0.500000
1 0.010758 0.367136 0.022191 0.245603 0.006693
1 0.032005 0.341578 0.041467 0.050452 0.002473
1 0.036894 0.340996 0.037033 0.047223 0.006693
1 0.251542 0.331860 0.103088 0.064260 0.731059
1 0.252386 0.332747 0.104803 0.063206 0.731059
1 0.250034 0.331807 0.105855 0.064330 0.731059
1 0.251461 0.332563 0.103004 0.062843 0.500000
1 0.492267 0.354177 0.134570 0.157031 0.880797
1 0.492275 0.355731 0.134630 0.153894 0.731059
1 0.489921 0.356565 0.135597 0.161824 0.500000
1 0.581019 0.334973 0.056277 0.060942 0.500000
1 0.581291 0.334668 0.056662 0.060303 0.500000
1 0.581292 0.334994 0.056660 0.060879 0.500000
1 0.581250 0.334978 0.056678 0.060913 0.268941
1 0.582743 0.334819 0.059570 0.060814 0.268941
1 0.671767 0.367022 0.158590 0.150632 0.500000
1 0.671365 0.369429 0.158101 0.145986 0.500000
1 0.670335 0.367084 0.159560 0.151133 0.500000
1 0.671032 0.367675 0.157137 0.154176 0.268941
1 0.012369 0.382997 0.025470 0.378576 0.006693
1 0.036960 0.343944 0.036873 0.046408 0.002473
1 0.489908 0.356555 0.135623 0.161825 0.731059
1 0.491359 0.354169 0.132748 0.157019 0.500000
1 0.492295 0.354157 0.134591 0.157011 0.731059
1 0.582721 0.335007 0.059548 0.061136 0.006693
1 0.582726 0.335045 0.059560 0.061057 0.268941
1 0.582707 0.337318 0.059512 0.059507 0.047426
1 0.671784 0.367025 0.158627 0.141133 0.268941
1 0.671316 0.367098 0.157986 0.141308 0.500000
1 0.670006 0.367375 0.158900 0.151637 0.500000
1 0.669373 0.362580 0.153789 0.163647 0.006693
1 0.012388 0.394447 0.025296 0.451799 0.047426
1 0.011190 0.404412 0.021985 0.432590 0.002473
1 0.489881 0.354180 0.135569 0.156987 0.500000
1 0.492264 0.354172 0.134557 0.157002 0.500000
1 0.491360 0.354139 0.132715 0.157022 0.268941
1 0.671254 0.366971 0.157598 0.141209 0.268941
1 0.670905 0.367721 0.156899 0.157318 0.268941
1 0.012387 0.399223 0.025246 0.450575 0.047426
1 0.011035 0.401508 0.022289 0.449564 0.017986
1 0.012462 0.410171 0.025095 0.508547 0.119203
1 0.012577 0.410078 0.025009 0.480521 0.047426
1 0.013906 0.436099 0.027967 0.461674 0.119203
1 0.012521 0.426756 0.025018 0.464590 0.047426
1 0.012491 0.445146 0.025027 0.433003 0.119203
1 0.013961 0.445439 0.027883 0.433352 0.047426
1 0.013933 0.446014 0.027912 0.432396 0.119203
1 0.013950 0.444653 0.027890 0.437888 0.017986
1 0.013932 0.454682 0.027916 0.438059 0.119203
1 0.013954 0.452781 0.022123 0.452040 0.047426
1 0.012493 0.461104 0.025038 0.417245 0.017986
1 0.012513 0.455262 0.025004 0.433120 0.017986
1 0.012493 0.470246 0.025034 0.391723 0.006693
1 0.012539 0.471249 0.025085 0.415002 0.017986
1 0.012421 0.478744 0.025012 0.402002 0.006693
2 0.379358 0.310745 0.023256 0.028617 0.002473
2 0.012387 0.399223 0.025246 0.450575 0.002473
2 0.011035 0.401508 0.022289 0.449564 0.006693
2 0.012462 0.410171 0.025095 0.508547 0.002473
3 0.032902 0.341431 0.049487 0.056493 0.006693
3 0.038431 0.341246 0.035810 0.047923 0.047426
3 0.038325 0.341249 0.035950 0.047919 0.017986
3 0.038926 0.341233 0.037797 0.047987 0.002473
3 0.392797 0.320497 0.023164 0.016090 0.002473
3 0.010758 0.367136 0.022191 0.245603 0.006693
3 0.032005 0.341578 0.041467 0.050452 0.002473
3 0.036894 0.340996 0.037033 0.047223 0.047426
3 0.038875 0.342532 0.036637 0.044150 0.006693
3 0.039059 0.342191 0.037546 0.049181 0.002473
3 0.012369 0.382997 0.025470 0.378576 0.006693
3 0.012388 0.394447 0.025296 0.451799 0.006693
3 0.012387 0.399223 0.025246 0.450575 0.006693
3 0.011035 0.401508 0.022289 0.449564 0.006693
3 0.012462 0.410171 0.025095 0.508547 0.006693
3 0.012577 0.410078 0.025009 0.480521 0.002473
3 0.013906 0.436099 0.027967 0.461674 0.002473
3 0.012521 0.426756 0.025018 0.464590 0.002473
3 0.012491 0.445146 0.025027 0.433003 0.006693
3 0.013933 0.446014 0.027912 0.432396 0.002473
3 0.013932 0.454682 0.027916 0.438059 0.002473
