0 0.698041 0.304821 0.009819 0.058869 0.002473
0 0.832717 0.348784 0.024247 0.119911 0.006693
1 0.302866 0.328837 0.200117 0.217190 0.880797
1 0.453856 0.317300 0.026970 0.041707 0.500000
1 0.452941 0.316462 0.025061 0.033753 0.500000
1 0.488958 0.325255 0.053171 0.067318 0.006693
1 0.487520 0.324532 0.050071 0.075404 0.880797
1 0.488949 0.325362 0.052930 0.067490 0.500000
1 0.489015 0.325462 0.052810 0.067690 0.731059
1 0.301434 0.325745 0.197123 0.213983 0.731059
1 0.301458 0.326459 0.197166 0.212408 0.731059
1 0.299971 0.326035 0.200146 0.213340 0.880797
1 0.411028 0.325321 0.022072 0.025697 0.047426
1 0.416231 0.327732 0.026302 0.020893 0.047426
1 0.431030 0.322915 0.013021 0.020866 0.119203
1 0.452969 0.318909 0.025207 0.038490 0.268941
1 0.452926 0.316483 0.025092 0.033718 0.500000
1 0.487530 0.326940 0.055847 0.070591 0.500000
1 0.487503 0.324483 0.050036 0.075271 0.500000
1 0.488435 0.324484 0.057655 0.075268 0.500000
1 0.488949 0.326891 0.052901 0.070522 0.731059
1 0.517363 0.318044 0.009732 0.020987 0.017986
1 0.529543 0.315772 0.015999 0.016279 0.047426
1 0.548544 0.321289 0.027904 0.033734 0.500000
1 0.548559 0.322894 0.027886 0.036761 0.268941
1 0.300018 0.329175 0.200043 0.216601 0.731059
1 0.300007 0.326466 0.200097 0.212423 0.731059
1 0.298579 0.328428 0.202876 0.218125 0.731059
1 0.487530 0.326858 0.055848 0.070525 0.006693
1 0.488948 0.326878 0.052928 0.070482 0.731059
1 0.487491 0.326891 0.055806 0.070520 0.500000
1 0.487511 0.324486 0.055779 0.075348 0.880797
1 0.300019 0.326775 0.200044 0.211805 0.500000
1 0.300000 0.326757 0.200001 0.211781 0.500000
1 0.300024 0.330454 0.200041 0.214043 0.731059
2 0.413222 0.303746 0.026600 0.056441 0.002473
2 0.417369 0.303716 0.041027 0.056590 0.002473
2 0.414145 0.306295 0.028446 0.054121 0.006693
2 0.417070 0.310931 0.033993 0.044924 0.002473
2 0.453856 0.317300 0.026970 0.041707 0.002473
2 0.411028 0.325321 0.022072 0.025697 0.002473
2 0.416231 0.327732 0.026302 0.020893 0.002473
2 0.452926 0.316483 0.025092 0.033718 0.002473
3 0.466582 0.310170 0.017727 0.069588 0.006693
3 0.414145 0.306295 0.028446 0.054121 0.006693
3 0.417070 0.310931 0.033993 0.044924 0.006693
3 0.453856 0.317300 0.026970 0.041707 0.017986
3 0.452941 0.316462 0.025061 0.033753 0.017986
3 0.489015 0.325462 0.052810 0.067690 0.002473
3 0.411028 0.325321 0.022072 0.025697 0.006693
3 0.452969 0.318909 0.025207 0.038490 0.017986
3 0.452926 0.316483 0.025092 0.033718 0.006693
3 0.487530 0.326940 0.055847 0.070591 0.002473
3 0.529543 0.315772 0.015999 0.016279 0.002473
