0 0.145850 0.342327 0.017519 0.085863 0.002473
0 0.197579 0.330900 0.010640 0.078480 0.268941
0 0.245195 0.324496 0.015410 0.075301 0.268941
0 0.303883 0.319094 0.008265 0.039191 0.002473
0 0.321133 0.320109 0.007754 0.047290 0.047426
0 0.360374 0.320094 0.011273 0.041335 0.002473
0 0.368722 0.322886 0.012583 0.052907 0.047426
0 0.635089 0.325084 0.014815 0.066891 0.006693
0 0.638245 0.325690 0.012213 0.068142 0.047426
0 0.652384 0.322961 0.014473 0.072264 0.268941
0 0.145290 0.348900 0.015637 0.073038 0.268941
0 0.148562 0.346149 0.022193 0.067592 0.002473
0 0.197576 0.330906 0.010633 0.078467 0.500000
0 0.199306 0.333313 0.017068 0.073521 0.002473
0 0.243749 0.325325 0.018303 0.067346 0.268941
0 0.303348 0.320169 0.007133 0.036292 0.002473
0 0.321136 0.322621 0.007756 0.045355 0.119203
0 0.367310 0.325355 0.009649 0.057615 0.119203
0 0.389640 0.322629 0.011380 0.032062 0.002473
0 0.635159 0.325358 0.014674 0.067167 0.006693
0 0.638250 0.325498 0.012204 0.067581 0.119203
0 0.652382 0.322920 0.014479 0.072216 0.268941
0 0.145288 0.348912 0.015633 0.073017 0.268941
0 0.150170 0.348690 0.024819 0.062865 0.006693
0 0.196134 0.330918 0.007749 0.078504 0.500000
0 0.243753 0.322919 0.018296 0.072161 0.268941
0 0.321653 0.324665 0.012541 0.049425 0.047426
0 0.367296 0.325476 0.009648 0.057409 0.268941
0 0.489798 0.326631 0.010981 0.047581 0.002473
0 0.636757 0.325373 0.014015 0.067346 0.047426
0 0.638706 0.325353 0.013115 0.067379 0.119203
0 0.653328 0.324488 0.012602 0.075336 0.268941
0 0.143823 0.346526 0.012704 0.077795 0.500000
0 0.148807 0.347944 0.021879 0.070939 0.002473
0 0.197579 0.331828 0.014384 0.070482 0.500000
0 0.198663 0.330994 0.016505 0.078538 0.002473
0 0.143750 0.349231 0.012637 0.074367 0.047426
1 0.819822 0.299283 0.085856 0.050436 0.002473
1 0.824415 0.301010 0.077407 0.048106 0.006693
1 0.837446 0.301565 0.053123 0.042718 0.006693
1 0.837771 0.300783 0.054730 0.041168 0.002473
1 0.611029 0.308443 0.041163 0.033717 0.002473
1 0.817052 0.302255 0.084248 0.045733 0.006693
1 0.829818 0.302379 0.065490 0.042393 0.006693
1 0.843466 0.302698 0.038363 0.041714 0.017986
1 0.843603 0.302404 0.039055 0.041131 0.017986
1 0.863023 0.305764 0.060891 0.044935 0.002473
1 0.473334 0.322916 0.015907 0.020863 0.119203
1 0.476686 0.320499 0.015896 0.016095 0.006693
1 0.507676 0.318099 0.009675 0.020884 0.047426
1 0.612629 0.310261 0.043769 0.036972 0.002473
1 0.832636 0.304175 0.060947 0.042613 0.002473
2 0.600058 0.312301 0.019371 0.031916 0.002473
2 0.611029 0.308443 0.041163 0.033717 0.006693
2 0.611971 0.310759 0.043325 0.028656 0.006693
2 0.507676 0.318099 0.009675 0.020884 0.002473
2 0.606395 0.310175 0.031896 0.036785 0.002473
2 0.612629 0.310261 0.043769 0.036972 0.006693
3 0.870914 0.270992 0.177526 0.105384 0.002473
3 0.875783 0.269983 0.178434 0.114279 0.002473
3 0.449889 0.314767 0.013488 0.027447 0.017986
3 0.450111 0.317196 0.015396 0.032228 0.017986
3 0.600058 0.312301 0.019371 0.031916 0.017986
3 0.611029 0.308443 0.041163 0.033717 0.047426
3 0.611971 0.310759 0.043325 0.028656 0.047426
3 0.817052 0.302255 0.084248 0.045733 0.002473
3 0.450341 0.315731 0.014381 0.025631 0.119203
3 0.450562 0.316356 0.014391 0.024347 0.119203
3 0.507676 0.318099 0.009675 0.020884 0.017986
3 0.598432 0.311341 0.012380 0.028210 0.006693
3 0.606395 0.310175 0.031896 0.036785 0.017986
3 0.612629 0.310261 0.043769 0.036972 0.017986
5 0.148562 0.346149 0.022193 0.067592 0.002473
5 0.150170 0.348690 0.024819 0.062865 0.002473
5 0.148807 0.347944 0.021879 0.070939 0.002473
