0 0.292799 0.340887 0.021376 0.132000 0.017986
0 0.440471 0.325295 0.025212 0.109716 0.268941
0 0.439245 0.327831 0.028415 0.104629 0.268941
0 0.170205 0.341941 0.015545 0.091222 0.017986
0 0.270325 0.328830 0.015729 0.064960 0.006693
0 0.293056 0.346656 0.020802 0.114970 0.268941
0 0.303785 0.338135 0.007960 0.092987 0.017986
0 0.316280 0.333537 0.008049 0.067931 0.017986
0 0.329649 0.331986 0.009978 0.061859 0.002473
0 0.441434 0.327782 0.027097 0.104745 0.268941
0 0.442558 0.329586 0.025588 0.107412 0.268941
0 0.450366 0.326495 0.014808 0.085444 0.002473
0 0.566155 0.318911 0.008372 0.039031 0.002473
0 0.599903 0.320070 0.015308 0.056971 0.017986
0 0.600929 0.320083 0.011831 0.056887 0.268941
0 0.612593 0.319742 0.019495 0.048858 0.002473
0 0.156310 0.347619 0.012647 0.070882 0.119203
0 0.170205 0.348388 0.015430 0.083455 0.268941
0 0.218742 0.341272 0.012571 0.057650 0.119203
0 0.220138 0.344875 0.029323 0.056734 0.002473
0 0.268782 0.334566 0.012592 0.055817 0.119203
0 0.293933 0.343364 0.022845 0.114799 0.268941
0 0.303641 0.340011 0.008207 0.096687 0.047426
0 0.317278 0.334093 0.009714 0.061133 0.047426
0 0.329794 0.335006 0.009645 0.054933 0.119203
0 0.341345 0.330763 0.007853 0.036797 0.002473
0 0.356252 0.333231 0.007007 0.031908 0.047426
0 0.407186 0.327961 0.004898 0.031722 0.002473
0 0.441814 0.329853 0.027856 0.106905 0.268941
0 0.441899 0.325832 0.027969 0.108651 0.268941
0 0.448466 0.329425 0.018570 0.090017 0.006693
0 0.564916 0.322787 0.010781 0.031006 0.017986
0 0.599709 0.322595 0.014962 0.051896 0.047426
0 0.601380 0.320350 0.012728 0.057413 0.119203
0 0.614925 0.332113 0.014421 0.041036 0.002473
0 0.066282 0.346188 0.007936 0.067516 0.002473
0 0.156363 0.343727 0.012754 0.072271 0.268941
0 0.171643 0.347544 0.012515 0.080451 0.268941
0 0.193762 0.341805 0.007554 0.040875 0.006693
0 0.218746 0.341366 0.006766 0.057650 0.119203
0 0.270230 0.333889 0.009700 0.057195 0.119203
0 0.293820 0.341259 0.022330 0.109356 0.268941
0 0.300728 0.342704 0.014045 0.102094 0.047426
0 0.317290 0.332595 0.009740 0.061208 0.047426
0 0.328864 0.338063 0.007757 0.051353 0.268941
0 0.341345 0.331107 0.007851 0.036640 0.002473
0 0.358718 0.331322 0.008042 0.036339 0.006693
0 0.441885 0.327887 0.027997 0.104136 0.268941
0 0.442106 0.327887 0.028294 0.104122 0.500000
0 0.443141 0.330213 0.026673 0.099502 0.006693
0 0.567411 0.328138 0.010196 0.042709 0.002473
0 0.599736 0.324116 0.015079 0.050752 0.047426
0 0.602332 0.322969 0.014656 0.062539 0.047426
0 0.156353 0.343626 0.012732 0.072420 0.268941
0 0.171651 0.349136 0.012537 0.083540 0.268941
0 0.174047 0.348305 0.017496 0.071794 0.002473
0 0.217304 0.343854 0.009628 0.062339 0.268941
0 0.293009 0.341785 0.024710 0.117937 0.006693
0 0.294689 0.343300 0.020591 0.114729 0.500000
0 0.296224 0.343591 0.023090 0.114073 0.047426
0 0.317333 0.336253 0.009819 0.068064 0.017986
0 0.327410 0.336597 0.010671 0.057969 0.006693
0 0.442820 0.328156 0.026126 0.104050 0.268941
0 0.443017 0.328189 0.026472 0.103534 0.500000
0 0.443127 0.328836 0.026702 0.102264 0.002473
0 0.168760 0.347657 0.012528 0.080489 0.268941
0 0.173617 0.347630 0.016517 0.080668 0.002473
0 0.292377 0.342662 0.025242 0.116018 0.006693
0 0.293820 0.343298 0.022330 0.114713 0.268941
0 0.294781 0.343414 0.024132 0.114574 0.047426
1 0.376357 0.335473 0.029085 0.027159 0.017986
1 0.379156 0.334021 0.033536 0.024209 0.017986
1 0.472678 0.322909 0.010856 0.020866 0.119203
1 0.475318 0.327705 0.015014 0.020947 0.006693
1 0.599709 0.322595 0.014962 0.051896 0.002473
1 0.375482 0.336436 0.026403 0.025855 0.047426
1 0.379713 0.337188 0.032232 0.024353 0.047426
1 0.385479 0.337306 0.023310 0.024121 0.119203
3 0.472678 0.322909 0.010856 0.020866 0.119203
4 0.614243 0.335824 0.016368 0.047129 0.006693
5 0.614243 0.335824 0.016368 0.047129 0.002473
