0 0.312213 0.340076 0.014910 0.080995 0.119203
0 0.313248 0.337265 0.014005 0.075410 0.119203
0 0.516328 0.325361 0.017360 0.067495 0.500000
0 0.546141 0.320845 0.007807 0.039893 0.002473
0 0.564899 0.317441 0.010748 0.042194 0.047426
0 0.595051 0.313868 0.016161 0.028612 0.006693
0 0.128391 0.345155 0.012729 0.075783 0.006693
0 0.159249 0.346145 0.012727 0.067393 0.047426
0 0.164817 0.346157 0.014607 0.067369 0.047426
0 0.218741 0.343615 0.012577 0.052699 0.119203
0 0.312206 0.338440 0.013100 0.083341 0.119203
0 0.313431 0.337551 0.013631 0.075285 0.119203
0 0.334185 0.333215 0.007070 0.051836 0.047426
0 0.341337 0.330720 0.007811 0.036674 0.017986
0 0.359402 0.331743 0.009348 0.028941 0.017986
0 0.517258 0.325336 0.015506 0.067384 0.268941
0 0.545193 0.324110 0.009640 0.033146 0.017986
0 0.564913 0.322465 0.010676 0.037910 0.017986
0 0.597867 0.321357 0.015055 0.034366 0.047426
0 0.617212 0.327383 0.009817 0.039691 0.017986
0 0.131331 0.346940 0.012817 0.065845 0.002473
0 0.159428 0.348579 0.013096 0.062475 0.047426
0 0.164821 0.348710 0.010860 0.062219 0.047426
0 0.193889 0.343581 0.007296 0.037149 0.002473
0 0.217307 0.343881 0.009642 0.052638 0.017986
0 0.311757 0.338350 0.013995 0.083118 0.119203
0 0.313247 0.340038 0.013999 0.080254 0.047426
0 0.332704 0.333378 0.009649 0.051325 0.017986
0 0.341338 0.328494 0.007811 0.041804 0.006693
0 0.356310 0.333496 0.006893 0.031786 0.006693
0 0.516357 0.325341 0.017313 0.067322 0.500000
0 0.542283 0.328142 0.009703 0.042701 0.047426
0 0.565851 0.324305 0.012683 0.044219 0.006693
0 0.598612 0.326560 0.016711 0.045865 0.017986
0 0.614865 0.333515 0.014778 0.051747 0.002473
0 0.129857 0.348850 0.009791 0.068214 0.047426
0 0.157918 0.346511 0.010107 0.066650 0.047426
0 0.164644 0.346310 0.011199 0.057397 0.119203
0 0.217304 0.346619 0.009628 0.056804 0.119203
0 0.311757 0.338364 0.013995 0.083188 0.268941
0 0.313245 0.339932 0.013995 0.086324 0.119203
0 0.311264 0.339289 0.016850 0.094267 0.006693
0 0.313243 0.342492 0.014016 0.090912 0.002473
1 0.588646 0.309989 0.022337 0.027245 0.002473
1 0.595051 0.313868 0.016161 0.028612 0.002473
1 0.598439 0.316514 0.023072 0.034223 0.002473
1 0.371580 0.333155 0.025262 0.025463 0.119203
1 0.373444 0.335490 0.029118 0.027152 0.017986
1 0.492453 0.325293 0.016151 0.016113 0.006693
1 0.504716 0.320483 0.009822 0.016257 0.047426
1 0.585322 0.322653 0.023416 0.032117 0.002473
1 0.597867 0.321357 0.015055 0.034366 0.006693
1 0.600355 0.323270 0.020189 0.031975 0.006693
1 0.374766 0.336133 0.025537 0.026466 0.047426
1 0.376723 0.336563 0.028491 0.025607 0.017986
1 0.387766 0.338756 0.018737 0.021267 0.002473
3 0.504716 0.320483 0.009822 0.016257 0.002473
5 0.564913 0.322465 0.010676 0.037910 0.002473
5 0.597867 0.321357 0.015055 0.034366 0.002473
5 0.605321 0.333461 0.023516 0.042295 0.002473
5 0.614865 0.333515 0.014778 0.051747 0.002473
