0 0.978364 0.322120 0.012579 0.040368 0.002473
1 0.452905 0.321181 0.025049 0.040204 0.002473
1 0.452990 0.319933 0.024823 0.036459 0.006693
1 0.489961 0.331780 0.070083 0.096144 0.731059
1 0.489917 0.333329 0.070168 0.092997 0.500000
1 0.489996 0.333367 0.070000 0.093096 0.002473
1 0.319849 0.343322 0.150375 0.125854 0.880797
1 0.319464 0.343323 0.149599 0.125861 0.500000
1 0.319195 0.343315 0.150141 0.125869 0.500000
1 0.451463 0.320592 0.022159 0.035149 0.268941
1 0.451460 0.322894 0.022098 0.036760 0.268941
1 0.488478 0.331772 0.067277 0.096117 0.731059
1 0.490347 0.333335 0.069318 0.092991 0.500000
1 0.489918 0.333345 0.070154 0.093030 0.500000
1 0.529797 0.318051 0.009723 0.021023 0.002473
1 0.320017 0.343445 0.150018 0.125621 0.500000
1 0.319906 0.343327 0.150511 0.125853 0.500000
1 0.319919 0.343631 0.150487 0.126469 0.500000
1 0.488452 0.333317 0.067328 0.093023 0.731059
1 0.489923 0.333327 0.070164 0.092984 0.500000
1 0.489893 0.333328 0.070205 0.092985 0.731059
1 0.319123 0.343750 0.150009 0.126236 0.500000
1 0.319640 0.343443 0.151043 0.125623 0.500000
1 0.319854 0.343749 0.150356 0.126244 0.731059
1 0.489901 0.333282 0.070123 0.093070 0.268941
1 0.489920 0.333314 0.070161 0.093015 0.500000
1 0.319385 0.343318 0.149483 0.127152 0.500000
3 0.521122 0.319763 0.007929 0.056490 0.002473
