0 0.016917 0.274021 0.033811 0.313005 0.002473
0 0.016973 0.287928 0.033885 0.341297 0.006693
0 0.014796 0.302783 0.030006 0.378015 0.002473
0 0.017117 0.297081 0.034256 0.360210 0.006693
0 0.375272 0.310055 0.013197 0.036943 0.002473
0 0.435106 0.322438 0.010738 0.053324 0.006693
0 0.016739 0.319797 0.034105 0.412873 0.006693
0 0.019509 0.314826 0.039040 0.391750 0.006693
0 0.375930 0.316095 0.011852 0.034782 0.002473
0 0.434256 0.333138 0.012770 0.041926 0.017986
0 0.439753 0.328097 0.021698 0.041013 0.006693
0 0.468750 0.320492 0.003026 0.025729 0.006693
0 0.016715 0.327051 0.034089 0.423175 0.017986
0 0.020494 0.322292 0.040931 0.405391 0.017986
0 0.435357 0.328548 0.015035 0.041665 0.017986
0 0.438947 0.331051 0.022325 0.036879 0.006693
0 0.018793 0.329115 0.037826 0.424028 0.017986
0 0.017610 0.319146 0.040969 0.406352 0.047426
0 0.021800 0.372354 0.042885 0.124282 0.002473
0 0.018839 0.325554 0.037842 0.403951 0.017986
0 0.019097 0.320780 0.043978 0.395161 0.047426
0 0.020585 0.387431 0.040897 0.105568 0.002473
0 0.018845 0.355341 0.037854 0.342549 0.017986
0 0.018979 0.376885 0.037900 0.289290 0.006693
0 0.020481 0.401285 0.041120 0.139127 0.002473
0 0.018828 0.400969 0.037810 0.263746 0.002473
0 0.019006 0.416469 0.037953 0.240482 0.006693
0 0.022991 0.421487 0.040374 0.223172 0.002473
0 0.031181 0.321587 0.062793 0.427371 0.001170
1 0.850967 0.287777 0.085629 0.105289 0.002473
1 0.912146 0.290250 0.110058 0.081759 0.047426
1 0.931221 0.286719 0.072710 0.073890 0.047426
1 0.933204 0.283291 0.077415 0.066981 0.006693
1 0.932567 0.280550 0.063900 0.061369 0.006693
1 0.932116 0.280664 0.065739 0.061785 0.006693
1 0.892171 0.298266 0.162398 0.095650 0.002473
1 0.907300 0.292867 0.134114 0.085321 0.006693
1 0.926701 0.288522 0.080888 0.076522 0.017986
1 0.931669 0.286630 0.073146 0.072371 0.017986
1 0.932010 0.286497 0.064971 0.072446 0.017986
1 0.934227 0.283904 0.071717 0.068319 0.006693
1 0.974357 0.284439 0.039300 0.056476 0.002473
1 0.992161 0.285801 0.015756 0.042962 0.002473
1 0.854058 0.315686 0.083790 0.077943 0.017986
1 0.853490 0.323536 0.081851 0.074489 0.047426
1 0.854116 0.327653 0.076902 0.072835 0.047426
1 0.855176 0.324843 0.076828 0.066692 0.017986
1 0.896346 0.319883 0.161617 0.074656 0.017986
1 0.901882 0.300606 0.149342 0.081463 0.002473
1 0.915085 0.299499 0.111145 0.079158 0.006693
1 0.925559 0.295190 0.091365 0.076663 0.006693
1 0.929136 0.291929 0.085417 0.081415 0.017986
1 0.983802 0.286246 0.032400 0.056992 0.002473
1 0.476319 0.318865 0.012903 0.028965 0.002473
1 0.848571 0.327475 0.071345 0.075557 0.002473
1 0.856547 0.327584 0.075799 0.073640 0.017986
1 0.856285 0.327921 0.075389 0.073014 0.002473
1 0.856534 0.328328 0.075775 0.073450 0.006693
1 0.858776 0.328706 0.080226 0.074341 0.006693
1 0.899809 0.325941 0.158851 0.081331 0.017986
1 0.905173 0.310828 0.158594 0.065978 0.002473
1 0.914201 0.310696 0.117635 0.065746 0.002473
1 0.933101 0.302896 0.101198 0.085537 0.002473
1 0.582487 0.342146 0.020811 0.035618 0.002473
1 0.845167 0.338063 0.063439 0.086028 0.002473
1 0.855986 0.330904 0.071702 0.078743 0.006693
1 0.856252 0.327642 0.071894 0.082272 0.017986
1 0.857575 0.329995 0.073895 0.077107 0.017986
1 0.900291 0.336342 0.156828 0.102578 0.017986
1 0.904205 0.332324 0.152731 0.116845 0.006693
1 0.917922 0.332001 0.122510 0.129722 0.002473
1 0.850732 0.338244 0.054427 0.085726 0.002473
1 0.856412 0.334813 0.072779 0.088158 0.017986
1 0.857159 0.334598 0.073522 0.088569 0.002473
1 0.889973 0.342557 0.121507 0.123712 0.002473
1 0.993760 0.665232 0.012730 0.109759 0.002473
1 0.714891 0.344889 0.248628 0.294962 0.001927
1 0.717146 0.349086 0.246227 0.287026 0.001501
1 0.713910 0.350746 0.249641 0.284494 0.001501
1 0.714979 0.347192 0.248880 0.282417 0.002473
2 0.850743 0.287760 0.087275 0.108003 0.002473
2 0.848546 0.288456 0.083863 0.109008 0.002473
2 0.850702 0.285656 0.082615 0.102043 0.002473
2 0.850862 0.286492 0.087419 0.105707 0.002473
2 0.850034 0.293707 0.081838 0.098167 0.002473
2 0.854058 0.315686 0.083790 0.077943 0.006693
2 0.476319 0.318865 0.012903 0.028965 0.017986
2 0.520170 0.318761 0.015510 0.029161 0.017986
2 0.714891 0.344889 0.248628 0.294962 0.001501
2 0.715761 0.349034 0.251598 0.286731 0.001170
2 0.717146 0.349086 0.246227 0.287026 0.001927
2 0.713910 0.350746 0.249641 0.284494 0.001927
2 0.714979 0.347192 0.248880 0.282417 0.002473
3 0.850743 0.287760 0.087275 0.108003 0.017986
3 0.850121 0.287736 0.085220 0.108162 0.047426
3 0.851660 0.275795 0.086979 0.095028 0.006693
3 0.849945 0.283733 0.085623 0.099460 0.002473
3 0.848546 0.288456 0.083863 0.109008 0.047426
3 0.850811 0.285879 0.082802 0.102694 0.047426
3 0.850702 0.285656 0.082615 0.102043 0.119203
3 0.850967 0.287777 0.085629 0.105289 0.017986
3 0.850862 0.286492 0.087419 0.105707 0.047426
3 0.851826 0.293733 0.084836 0.120993 0.047426
3 0.850700 0.299650 0.086367 0.135057 0.119203
3 0.520186 0.317512 0.015621 0.031685 0.002473
3 0.850034 0.293707 0.081838 0.098167 0.006693
3 0.854058 0.315686 0.083790 0.077943 0.017986
3 0.853490 0.323536 0.081851 0.074489 0.002473
3 0.476319 0.318865 0.012903 0.028965 0.006693
3 0.520170 0.318761 0.015510 0.029161 0.268941
3 0.918479 0.362342 0.168276 0.737406 0.001927
3 0.929937 0.370058 0.145829 0.719969 0.008577
3 0.932304 0.361856 0.139874 0.725453 0.006693
3 0.714054 0.346069 0.248191 0.296816 0.904651
3 0.715218 0.343941 0.249157 0.296865 0.904651
3 0.715002 0.343907 0.250798 0.296871 0.904651
3 0.714891 0.344889 0.248628 0.294962 0.880797
3 0.927158 0.377041 0.145999 0.695893 0.075858
3 0.934134 0.373815 0.131913 0.694256 0.148047
3 0.935184 0.375434 0.133638 0.685613 0.148047
3 0.715526 0.349041 0.245677 0.291696 0.904651
3 0.714468 0.350269 0.249420 0.289194 0.880797
3 0.715761 0.349034 0.251598 0.286731 0.880797
3 0.717146 0.349086 0.246227 0.287026 0.904651
3 0.931652 0.405230 0.133687 0.638241 0.320821
3 0.935424 0.408674 0.129130 0.636792 0.320821
3 0.936010 0.411946 0.134592 0.625818 0.320821
3 0.714776 0.347784 0.248119 0.283779 0.095349
3 0.713910 0.350746 0.249641 0.284494 0.904651
3 0.714979 0.347192 0.248880 0.282417 0.904651
3 0.934750 0.460248 0.127567 0.540439 0.562177
3 0.938795 0.467164 0.125513 0.530049 0.437824
3 0.935517 0.465885 0.138266 0.535726 0.437824
3 0.935369 0.479127 0.126136 0.502564 0.562177
3 0.937338 0.490968 0.122111 0.483817 0.562177
3 0.936805 0.489661 0.133072 0.487843 0.500000
3 0.936620 0.487547 0.126543 0.487433 0.377541
3 0.935063 0.497105 0.126674 0.469642 0.622459
3 0.937522 0.494556 0.131700 0.473083 0.562177
3 0.935725 0.512346 0.128498 0.440027 0.075858
4 0.265636 0.327988 0.031440 0.049286 0.006693
4 0.278005 0.332427 0.013267 0.030497 0.002473
4 0.266633 0.330539 0.033885 0.048026 0.002473
4 0.435357 0.328548 0.015035 0.041665 0.002473
4 0.438947 0.331051 0.022325 0.036879 0.002473
4 0.324409 0.353159 0.080860 0.105830 0.002473
5 0.434256 0.333138 0.012770 0.041926 0.017986
5 0.439753 0.328097 0.021698 0.041013 0.017986
5 0.435357 0.328548 0.015035 0.041665 0.047426
5 0.438947 0.331051 0.022325 0.036879 0.017986
