0 0.985724 0.277572 0.028529 0.189924 0.002473
0 0.984961 0.276426 0.024397 0.199499 0.002473
0 0.985913 0.288810 0.028071 0.208327 0.002473
0 0.985931 0.299382 0.028116 0.223404 0.002473
0 0.987719 0.291871 0.025031 0.221241 0.006693
0 0.235873 0.307141 0.015996 0.063248 0.006693
0 0.269531 0.306026 0.026387 0.072300 0.002473
0 0.799860 0.313986 0.024777 0.076944 0.017986
0 0.798666 0.309901 0.022130 0.078254 0.047426
0 0.821777 0.304051 0.019044 0.067224 0.002473
0 0.985629 0.315146 0.028720 0.256917 0.017986
0 0.985974 0.314546 0.028313 0.257830 0.006693
0 0.004779 0.316615 0.009715 0.052241 0.006693
0 0.237296 0.308463 0.018845 0.059259 0.002473
0 0.240526 0.310399 0.020486 0.055457 0.002473
0 0.266092 0.311564 0.013630 0.061450 0.006693
0 0.275497 0.309563 0.018332 0.057441 0.002473
0 0.486767 0.329433 0.012228 0.059787 0.017986
0 0.488252 0.329328 0.014035 0.059698 0.006693
0 0.800017 0.315239 0.030979 0.078900 0.119203
0 0.798581 0.315039 0.022167 0.078653 0.047426
0 0.822243 0.309138 0.020256 0.064172 0.002473
0 0.985250 0.325450 0.029508 0.247138 0.006693
0 0.985939 0.320791 0.028383 0.256347 0.006693
0 0.004778 0.313892 0.009714 0.056365 0.017986
0 0.236340 0.308396 0.017046 0.060304 0.006693
0 0.276642 0.312264 0.016042 0.052062 0.006693
0 0.486755 0.332845 0.011460 0.052366 0.047426
0 0.488429 0.330410 0.011843 0.047629 0.006693
0 0.518777 0.330502 0.006827 0.026631 0.047426
0 0.603355 0.334980 0.012561 0.054724 0.268941
0 0.799984 0.319301 0.030914 0.087079 0.119203
0 0.798539 0.323911 0.027984 0.095929 0.119203
0 0.983080 0.343758 0.033848 0.286528 0.006693
0 0.987038 0.339193 0.026183 0.289523 0.002473
0 0.265898 0.316176 0.013049 0.062927 0.006693
0 0.457920 0.330859 0.016297 0.046632 0.002473
0 0.486684 0.332863 0.011319 0.052278 0.119203
0 0.487611 0.330540 0.013468 0.057011 0.017986
0 0.515918 0.328719 0.006866 0.032069 0.119203
0 0.603357 0.335093 0.012562 0.054839 0.119203
0 0.798605 0.332699 0.028155 0.123698 0.047426
0 0.798566 0.337231 0.028043 0.122819 0.047426
0 0.987018 0.341608 0.026213 0.294545 0.002473
0 0.606118 0.337527 0.012987 0.059356 0.002473
0 0.798518 0.344805 0.028244 0.138590 0.047426
0 0.798573 0.341924 0.028322 0.142185 0.017986
0 0.984815 0.362671 0.030607 0.349892 0.002473
0 0.800006 0.343245 0.031219 0.144738 0.119203
0 0.799175 0.349007 0.029525 0.156351 0.017986
0 0.800068 0.348935 0.035905 0.155852 0.017986
0 0.981558 0.388470 0.036970 0.466433 0.002473
0 0.982622 0.398994 0.034842 0.485017 0.002473
0 0.981038 0.409489 0.038008 0.467917 0.002473
0 0.989014 0.509088 0.022003 0.253200 0.002473
1 0.260047 0.293393 0.069009 0.078585 0.006693
1 0.004840 0.310424 0.009920 0.079551 0.002473
1 0.235873 0.307141 0.015996 0.063248 0.006693
1 0.004779 0.316615 0.009715 0.052241 0.006693
1 0.457926 0.325100 0.016581 0.046889 0.002473
1 0.681616 0.333883 0.052606 0.065616 0.119203
1 0.004778 0.313892 0.009714 0.056365 0.006693
1 0.458008 0.330870 0.021898 0.046496 0.119203
1 0.466395 0.326753 0.024254 0.038259 0.047426
1 0.503272 0.322903 0.012937 0.020939 0.017986
1 0.518777 0.330502 0.006827 0.026631 0.002473
1 0.535371 0.328585 0.014981 0.032208 0.119203
1 0.538257 0.333254 0.017916 0.031980 0.119203
1 0.572058 0.337350 0.050061 0.065583 0.268941
1 0.572073 0.335805 0.050068 0.062487 0.500000
1 0.571171 0.335802 0.051879 0.062496 0.500000
1 0.603355 0.334980 0.012561 0.054724 0.002473
1 0.681548 0.336077 0.053640 0.068025 0.047426
1 0.682094 0.336074 0.054514 0.067996 0.268941
1 0.682081 0.336075 0.054203 0.067989 0.268941
1 0.682045 0.334934 0.054133 0.064020 0.500000
1 0.687341 0.338677 0.060125 0.062351 0.002473
1 0.731205 0.346107 0.112374 0.067507 0.731059
1 0.731248 0.345300 0.112437 0.075305 0.731059
1 0.732609 0.346123 0.109612 0.067417 0.500000
1 0.457920 0.330859 0.016297 0.046632 0.268941
1 0.464814 0.328482 0.023028 0.041816 0.047426
1 0.534898 0.331024 0.014035 0.027440 0.268941
1 0.542110 0.333380 0.016132 0.031998 0.268941
1 0.572095 0.335811 0.049988 0.062503 0.500000
1 0.571171 0.338931 0.051879 0.062499 0.500000
1 0.572104 0.335812 0.049999 0.062498 0.268941
1 0.574974 0.337350 0.050058 0.059451 0.500000
1 0.681607 0.336106 0.053703 0.068106 0.500000
1 0.682102 0.336415 0.054528 0.067456 0.500000
1 0.682700 0.336376 0.053634 0.067375 0.268941
1 0.682042 0.335534 0.054141 0.062807 0.500000
1 0.724537 0.343660 0.118780 0.072434 0.002473
1 0.732748 0.346143 0.109505 0.067377 0.500000
1 0.729877 0.346162 0.109497 0.067338 0.500000
1 0.731255 0.346148 0.112497 0.067367 0.500000
1 0.731423 0.343753 0.106557 0.072216 0.500000
1 0.572063 0.335794 0.049975 0.062548 0.500000
1 0.572103 0.337369 0.050000 0.059398 0.500000
1 0.573542 0.337369 0.047124 0.065640 0.500000
1 0.681748 0.336888 0.053554 0.066610 0.268941
1 0.682196 0.336139 0.054723 0.068119 0.500000
1 0.683465 0.339535 0.056238 0.071246 0.268941
1 0.731313 0.343748 0.112114 0.072179 0.500000
1 0.732698 0.347706 0.109532 0.070471 0.500000
1 0.729787 0.347706 0.109577 0.070470 0.500000
1 0.730232 0.347670 0.108939 0.070578 0.119203
1 0.989014 0.509088 0.022003 0.253200 0.002473
2 0.691562 0.317234 0.070534 0.041564 0.006693
2 0.709754 0.326275 0.082716 0.059897 0.006693
3 0.150059 0.226447 0.166491 0.349110 0.017986
3 0.149280 0.228735 0.165887 0.353565 0.047426
3 0.148186 0.229501 0.170242 0.355154 0.006693
3 0.148086 0.230176 0.168275 0.362969 0.119203
3 0.150919 0.228415 0.160826 0.359426 0.017986
3 0.147225 0.230977 0.169976 0.364975 0.268941
3 0.148234 0.229659 0.167953 0.361860 0.268941
3 0.150831 0.232580 0.160903 0.361347 0.002473
3 0.235873 0.307141 0.015996 0.063248 0.002473
3 0.387568 0.318026 0.125055 0.145782 0.731059
3 0.390482 0.318925 0.125216 0.153818 0.500000
3 0.390429 0.318925 0.125058 0.153818 0.500000
3 0.389069 0.318914 0.128041 0.153798 0.731059
3 0.457926 0.325100 0.016581 0.046889 0.002473
3 0.388982 0.316453 0.127965 0.149055 0.500000
3 0.388987 0.318864 0.122170 0.153872 0.500000
3 0.391371 0.318032 0.126933 0.145958 0.500000
3 0.458008 0.330870 0.021898 0.046496 0.017986
3 0.466395 0.326753 0.024254 0.038259 0.002473
3 0.389033 0.320324 0.128097 0.150965 0.500000
3 0.388981 0.316470 0.122159 0.149074 0.500000
3 0.389944 0.317913 0.129788 0.146143 0.731059
3 0.457920 0.330859 0.016297 0.046632 0.017986
3 0.464814 0.328482 0.023028 0.041816 0.002473
3 0.124792 0.226109 0.215411 0.376480 0.010987
3 0.143271 0.228970 0.172794 0.364569 0.622459
3 0.149201 0.228857 0.165806 0.358841 0.731059
3 0.150083 0.228205 0.163384 0.362877 0.001927
3 0.130887 0.229318 0.203162 0.375848 0.182426
3 0.144196 0.230226 0.170842 0.361894 0.562177
3 0.148173 0.231355 0.167757 0.359474 0.679179
3 0.148861 0.230043 0.165038 0.356792 0.679179
3 0.130474 0.229395 0.205938 0.379937 0.010987
3 0.142605 0.228454 0.176915 0.371783 0.320821
3 0.146936 0.229645 0.170537 0.364233 0.500000
3 0.148803 0.228734 0.165900 0.361035 0.001927
4 0.930320 0.390440 0.149222 0.352087 0.017986
4 0.933006 0.385955 0.139945 0.365910 0.006693
4 0.930957 0.377689 0.138436 0.363202 0.006693
4 0.870106 0.409084 0.178725 0.308058 0.119203
4 0.873601 0.412041 0.184987 0.314976 0.119203
4 0.878899 0.410419 0.190616 0.315355 0.119203
4 0.920639 0.397342 0.166803 0.379168 0.017986
4 0.931606 0.388511 0.140179 0.392254 0.047426
4 0.933069 0.386750 0.134096 0.380675 0.017986
4 0.872174 0.412303 0.182865 0.311318 0.268941
4 0.875389 0.411285 0.184623 0.316960 0.119203
4 0.878148 0.414066 0.189720 0.311604 0.268941
4 0.920709 0.398611 0.161797 0.373740 0.006693
4 0.936341 0.396820 0.130403 0.378670 0.017986
4 0.941479 0.395677 0.117233 0.376276 0.017986
4 0.957376 0.390971 0.085297 0.409347 0.002473
4 0.874064 0.413251 0.186158 0.299222 0.268941
4 0.876378 0.411502 0.186240 0.304319 0.268941
4 0.878424 0.413713 0.188682 0.302392 0.268941
4 0.947685 0.404563 0.096960 0.346426 0.006693
4 0.949337 0.413421 0.101451 0.352752 0.017986
4 0.955674 0.411583 0.088698 0.416527 0.017986
4 0.971644 0.406694 0.056721 0.462288 0.002473
4 0.877525 0.415790 0.188538 0.297416 0.500000
4 0.877908 0.418379 0.189187 0.294399 0.047426
4 0.949324 0.436042 0.093325 0.319160 0.006693
4 0.951699 0.454840 0.096701 0.306246 0.047426
4 0.955352 0.448707 0.095072 0.356829 0.017986
4 0.965889 0.424275 0.068229 0.428688 0.006693
4 0.984315 0.413490 0.031456 0.447192 0.002473
4 0.943825 0.444482 0.093912 0.267018 0.006693
4 0.949354 0.455257 0.093867 0.280262 0.047426
4 0.950329 0.476971 0.099489 0.295083 0.119203
4 0.954450 0.475579 0.091164 0.316023 0.047426
4 0.961247 0.445255 0.077525 0.387351 0.017986
4 0.988033 0.436709 0.023967 0.408648 0.017986
4 0.943278 0.451949 0.089797 0.240284 0.017986
4 0.949839 0.466889 0.099311 0.256437 0.119203
4 0.952939 0.481933 0.094295 0.285795 0.119203
4 0.954591 0.488767 0.090886 0.292669 0.119203
4 0.967788 0.466816 0.064444 0.337793 0.047426
4 0.989063 0.458894 0.021907 0.357503 0.006693
4 0.938254 0.458228 0.078506 0.231342 0.002473
4 0.951455 0.467300 0.092056 0.248533 0.017986
4 0.953742 0.492554 0.093027 0.271327 0.047426
4 0.956353 0.495061 0.087364 0.278625 0.017986
4 0.983149 0.482235 0.033721 0.313483 0.002473
4 0.989926 0.480816 0.020178 0.311705 0.006693
4 0.957510 0.499557 0.084734 0.257956 0.006693
4 0.959072 0.505006 0.082025 0.256975 0.017986
4 0.989349 0.507376 0.021321 0.255976 0.017986
4 0.989014 0.509088 0.022003 0.253200 0.017986
4 0.962826 0.516418 0.074855 0.236471 0.002473
4 0.989761 0.521832 0.020498 0.227508 0.017986
4 0.988988 0.515336 0.022106 0.241638 0.017986
4 0.989846 0.539481 0.020317 0.188958 0.006693
4 0.989041 0.533036 0.021997 0.200303 0.006693
4 0.989836 0.550131 0.020335 0.167964 0.002473
4 0.989228 0.547778 0.021619 0.169796 0.002473
4 0.951349 0.401469 0.100230 0.467303 0.001501
5 0.240526 0.310399 0.020486 0.055457 0.006693
5 0.257513 0.309289 0.035281 0.065972 0.002473
5 0.245158 0.316968 0.024012 0.048711 0.002473
5 0.518777 0.330502 0.006827 0.026631 0.006693
5 0.457920 0.330859 0.016297 0.046632 0.002473
5 0.515918 0.328719 0.006866 0.032069 0.002473
5 0.941350 0.373061 0.117619 0.300489 0.002473
5 0.931198 0.383143 0.148168 0.342554 0.002473
5 0.934469 0.379820 0.133094 0.349193 0.017986
5 0.935215 0.375969 0.130133 0.348652 0.017986
5 0.940526 0.367065 0.119014 0.334183 0.002473
5 0.825206 0.393220 0.088177 0.238839 0.002473
5 0.835317 0.402816 0.113985 0.259513 0.002473
5 0.930320 0.390440 0.149222 0.352087 0.017986
5 0.933006 0.385955 0.139945 0.365910 0.047426
5 0.930957 0.377689 0.138436 0.363202 0.047426
5 0.939617 0.374830 0.120834 0.366014 0.006693
5 0.870106 0.409084 0.178725 0.308058 0.006693
5 0.873601 0.412041 0.184987 0.314976 0.047426
5 0.878899 0.410419 0.190616 0.315355 0.017986
5 0.920639 0.397342 0.166803 0.379168 0.017986
5 0.931606 0.388511 0.140179 0.392254 0.047426
5 0.933069 0.386750 0.134096 0.380675 0.017986
5 0.872174 0.412303 0.182865 0.311318 0.047426
5 0.875389 0.411285 0.184623 0.316960 0.047426
5 0.878148 0.414066 0.189720 0.311604 0.047426
5 0.920709 0.398611 0.161797 0.373740 0.002473
5 0.874064 0.413251 0.186158 0.299222 0.119203
5 0.876378 0.411502 0.186240 0.304319 0.047426
5 0.878424 0.413713 0.188682 0.302392 0.017986
5 0.971644 0.406694 0.056721 0.462288 0.002473
5 0.877525 0.415790 0.188538 0.297416 0.047426
5 0.877908 0.418379 0.189187 0.294399 0.002473
5 0.988033 0.436709 0.023967 0.408648 0.002473
5 0.967788 0.466816 0.064444 0.337793 0.002473
5 0.989063 0.458894 0.021907 0.357503 0.002473
5 0.989926 0.480816 0.020178 0.311705 0.002473
5 0.989349 0.507376 0.021321 0.255976 0.002473
5 0.989014 0.509088 0.022003 0.253200 0.006693
5 0.988988 0.515336 0.022106 0.241638 0.006693
5 0.989041 0.533036 0.021997 0.200303 0.017986
5 0.989228 0.547778 0.021619 0.169796 0.006693
5 0.940475 0.386007 0.122934 0.436381 0.001170
5 0.908996 0.402125 0.181909 0.421352 0.029312
5 0.942951 0.399684 0.117623 0.444840 0.022977
5 0.905506 0.405484 0.185663 0.429656 0.005220
5 0.947260 0.401536 0.111552 0.456505 0.037327
5 0.964406 0.386456 0.076110 0.503767 0.002473
5 0.951349 0.401469 0.100230 0.467303 0.037327
5 0.967368 0.395031 0.067467 0.493235 0.003173
