0 0.953347 0.243817 0.012685 0.071261 0.002473
0 0.954777 0.246524 0.009716 0.062647 0.017986
0 0.822597 0.285540 0.014512 0.061547 0.006693
0 0.954505 0.247660 0.010373 0.064563 0.017986
0 0.996135 0.256792 0.007811 0.045692 0.002473
0 0.756301 0.284192 0.013655 0.037237 0.002473
0 0.820251 0.293468 0.016459 0.059554 0.002473
1 0.007659 0.307243 0.009929 0.072414 0.006693
1 0.388956 0.325522 0.052913 0.047635 0.500000
1 0.387472 0.325506 0.055848 0.047599 0.268941
1 0.480313 0.312438 0.016879 0.025696 0.006693
1 0.493565 0.314889 0.022852 0.036835 0.119203
1 0.504830 0.312872 0.015686 0.026610 0.002473
1 0.534078 0.316477 0.031845 0.049679 0.268941
1 0.532796 0.316446 0.034410 0.049677 0.268941
1 0.533672 0.316467 0.032666 0.049700 0.268941
1 0.007682 0.325513 0.009721 0.032916 0.006693
1 0.387509 0.325291 0.055807 0.048125 0.731059
1 0.388948 0.327698 0.052897 0.052931 0.500000
1 0.387502 0.325290 0.055790 0.048116 0.500000
1 0.388942 0.325290 0.052916 0.048121 0.500000
1 0.442304 0.318203 0.015447 0.011423 0.047426
1 0.466601 0.315245 0.011290 0.016151 0.002473
1 0.478491 0.314460 0.012832 0.021908 0.047426
1 0.492717 0.317699 0.020405 0.031275 0.268941
1 0.506029 0.318046 0.012974 0.021008 0.017986
1 0.533628 0.316466 0.032744 0.049643 0.500000
1 0.533670 0.317231 0.032661 0.051077 0.731059
1 0.532805 0.316479 0.034412 0.049591 0.268941
1 0.006218 0.338606 0.012647 0.041386 0.002473
1 0.388949 0.327694 0.052926 0.052954 0.500000
1 0.388956 0.325249 0.052912 0.048214 0.500000
1 0.387497 0.327699 0.055780 0.052940 0.500000
1 0.388946 0.325293 0.052893 0.048137 0.731059
1 0.721392 0.364615 0.217900 0.197280 0.731059
1 0.721864 0.366997 0.218807 0.192514 0.731059
1 0.006375 0.356909 0.012896 0.113702 0.002473
1 0.721387 0.364620 0.217778 0.197299 0.731059
1 0.721215 0.364542 0.217518 0.197300 0.500000
1 0.721692 0.364542 0.218383 0.197289 0.731059
1 0.719006 0.364525 0.218771 0.197263 0.731059
1 0.720445 0.362118 0.215977 0.192449 0.500000
1 0.721241 0.360610 0.217482 0.195513 0.731059
1 0.721398 0.364428 0.217883 0.197470 0.500000
1 0.721239 0.362021 0.217475 0.192652 0.500000
1 0.172092 0.424367 0.338206 0.395036 0.962673
1 0.170202 0.421683 0.346780 0.390027 0.962673
1 0.165991 0.426205 0.343928 0.396664 0.924142
1 0.171496 0.425018 0.331151 0.395957 0.939913
1 0.168708 0.425767 0.341243 0.398625 0.939913
1 0.172815 0.426179 0.334703 0.402740 0.924142
1 0.165739 0.423464 0.344043 0.408768 0.939913
1 0.172188 0.429210 0.335498 0.407992 0.939913
1 0.167282 0.429729 0.345093 0.407361 0.924142
1 0.171995 0.429595 0.335929 0.406435 0.939913
2 0.470359 0.310947 0.018485 0.022758 0.002473
2 0.480313 0.312438 0.016879 0.025696 0.017986
2 0.504830 0.312872 0.015686 0.026610 0.002473
2 0.534078 0.316477 0.031845 0.049679 0.006693
2 0.532796 0.316446 0.034410 0.049677 0.006693
2 0.533672 0.316467 0.032666 0.049700 0.006693
2 0.478491 0.314460 0.012832 0.021908 0.006693
2 0.533628 0.316466 0.032744 0.049643 0.017986
2 0.533670 0.317231 0.032661 0.051077 0.017986
2 0.532805 0.316479 0.034412 0.049591 0.017986
3 0.480313 0.312438 0.016879 0.025696 0.006693
3 0.493565 0.314889 0.022852 0.036835 0.006693
3 0.504830 0.312872 0.015686 0.026610 0.002473
3 0.534078 0.316477 0.031845 0.049679 0.002473
3 0.532796 0.316446 0.034410 0.049677 0.006693
3 0.533672 0.316467 0.032666 0.049700 0.006693
3 0.478491 0.314460 0.012832 0.021908 0.006693
3 0.533628 0.316466 0.032744 0.049643 0.006693
3 0.533670 0.317231 0.032661 0.051077 0.002473
3 0.532805 0.316479 0.034412 0.049591 0.002473
