0 0.044709 0.278740 0.023160 0.069634 0.002473
0 0.037978 0.293176 0.026335 0.049099 0.006693
0 0.046801 0.294420 0.018946 0.047792 0.017986
0 0.048522 0.294209 0.022276 0.048947 0.006693
0 0.039709 0.300564 0.030481 0.057557 0.002473
0 0.047781 0.295938 0.020913 0.051392 0.017986
0 0.048685 0.296243 0.022081 0.051077 0.002473
0 0.201655 0.315484 0.022631 0.058066 0.002473
0 0.048308 0.309126 0.022680 0.077653 0.002473
0 0.050765 0.309416 0.026601 0.066726 0.002473
0 0.201519 0.319144 0.022362 0.065373 0.006693
0 0.203947 0.325509 0.023440 0.078769 0.006693
0 0.203919 0.331285 0.023499 0.078973 0.002473
0 0.204876 0.330820 0.022323 0.079142 0.006693
1 0.991587 0.327336 0.016982 0.116426 0.006693
1 0.336731 0.316528 0.085223 0.065639 0.268941
1 0.336730 0.318063 0.085209 0.062555 0.731059
1 0.336681 0.318082 0.085126 0.062536 0.500000
1 0.412512 0.313081 0.019477 0.024060 0.006693
1 0.412881 0.314368 0.025235 0.026573 0.006693
1 0.597619 0.328343 0.032944 0.063857 0.017986
1 0.604203 0.329141 0.040478 0.065502 0.017986
1 0.984176 0.326499 0.031626 0.122843 0.006693
1 0.990463 0.329710 0.019232 0.119015 0.006693
1 0.336960 0.318019 0.084613 0.062626 0.731059
1 0.336275 0.318075 0.084311 0.062547 0.500000
1 0.336092 0.318943 0.084661 0.070442 0.731059
1 0.335139 0.318938 0.082040 0.070450 0.500000
1 0.399448 0.317659 0.018345 0.021905 0.017986
1 0.409178 0.318085 0.019277 0.020901 0.017986
1 0.412786 0.316486 0.025373 0.024128 0.017986
1 0.512244 0.327586 0.018728 0.030466 0.017986
1 0.514992 0.327644 0.020036 0.030343 0.017986
1 0.528337 0.329280 0.007030 0.017838 0.002473
1 0.543799 0.326890 0.012778 0.012983 0.002473
1 0.559225 0.330176 0.012813 0.025966 0.047426
1 0.574968 0.333287 0.019175 0.041725 0.268941
1 0.575016 0.330912 0.019236 0.046519 0.268941
1 0.593696 0.330157 0.029613 0.065860 0.006693
1 0.622599 0.345462 0.070228 0.091026 0.731059
1 0.624048 0.345459 0.067329 0.091033 0.500000
1 0.624033 0.346058 0.067258 0.089712 0.500000
1 0.977924 0.343189 0.038355 0.110086 0.006693
1 0.980127 0.340365 0.033976 0.137527 0.017986
1 0.987148 0.333989 0.025779 0.127973 0.006693
1 0.336257 0.318083 0.084285 0.062553 0.268941
1 0.337489 0.316536 0.085670 0.065641 0.500000
1 0.336490 0.320487 0.085483 0.067364 0.731059
1 0.511813 0.330935 0.017894 0.027641 0.006693
1 0.559280 0.331075 0.012828 0.027357 0.017986
1 0.574746 0.330907 0.018732 0.046563 0.268941
1 0.575171 0.335714 0.019182 0.046660 0.119203
1 0.590592 0.332237 0.021351 0.060498 0.017986
1 0.624019 0.343918 0.067283 0.087932 0.731059
1 0.622614 0.345463 0.070198 0.091023 0.731059
1 0.622613 0.345439 0.070196 0.091088 0.268941
1 0.978214 0.347098 0.037775 0.114631 0.002473
1 0.981234 0.343558 0.037539 0.125454 0.002473
1 0.981600 0.338863 0.036879 0.121745 0.002473
1 0.587024 0.335727 0.018893 0.062978 0.017986
1 0.594684 0.339709 0.027903 0.061474 0.002473
1 0.622598 0.346233 0.070228 0.089543 0.500000
1 0.624053 0.345480 0.067320 0.091049 0.500000
1 0.622607 0.343914 0.070214 0.087963 0.500000
1 0.977259 0.353433 0.039684 0.123890 0.006693
1 0.979546 0.345882 0.040914 0.126566 0.006693
1 0.981387 0.343016 0.037304 0.142215 0.002473
1 0.622627 0.345448 0.070183 0.091164 0.500000
1 0.977529 0.359528 0.039111 0.114773 0.017986
1 0.978091 0.351444 0.038005 0.131919 0.017986
1 0.988996 0.363539 0.022095 0.186985 0.002473
1 0.979786 0.356193 0.040340 0.133326 0.002473
2 0.604203 0.329141 0.040478 0.065502 0.002473
2 0.514992 0.327644 0.020036 0.030343 0.002473
3 0.466106 0.313671 0.067901 0.106522 0.731059
3 0.467781 0.313973 0.070246 0.105915 0.731059
3 0.467786 0.313973 0.070253 0.105915 0.500000
3 0.468660 0.313665 0.068490 0.106535 0.500000
3 0.513734 0.321341 0.016851 0.040593 0.017986
3 0.597619 0.328343 0.032944 0.063857 0.268941
3 0.604203 0.329141 0.040478 0.065502 0.119203
3 0.467711 0.313716 0.070385 0.106603 0.500000
3 0.466340 0.313366 0.067362 0.107131 0.500000
3 0.467704 0.313717 0.070365 0.106607 0.500000
3 0.512244 0.327586 0.018728 0.030466 0.047426
3 0.514992 0.327644 0.020036 0.030343 0.500000
3 0.559225 0.330176 0.012813 0.025966 0.002473
3 0.575016 0.330912 0.019236 0.046519 0.002473
3 0.593696 0.330157 0.029613 0.065860 0.047426
3 0.466280 0.315267 0.067525 0.109761 0.500000
3 0.467335 0.313706 0.071155 0.106623 0.500000
3 0.467704 0.313637 0.070366 0.106611 0.500000
3 0.511813 0.330935 0.017894 0.027641 0.017986
3 0.512581 0.328611 0.019076 0.032265 0.006693
3 0.559280 0.331075 0.012828 0.027357 0.002473
3 0.590592 0.332237 0.021351 0.060498 0.017986
3 0.824206 0.355248 0.338658 0.471112 0.904651
3 0.829027 0.352158 0.348394 0.459578 0.904651
3 0.826913 0.346407 0.329524 0.453061 0.904651
3 0.828996 0.351594 0.341325 0.463955 0.075858
3 0.828695 0.347693 0.345717 0.470956 0.022977
3 0.826417 0.346263 0.333697 0.464394 0.880797
3 0.823387 0.346565 0.341297 0.463753 0.851953
3 0.825676 0.347738 0.339423 0.465744 0.880797
3 0.830301 0.349335 0.339096 0.473870 0.731059
3 0.825755 0.351878 0.336712 0.464108 0.777300
3 0.823446 0.348973 0.346798 0.472016 0.880797
3 0.827916 0.352050 0.335096 0.458045 0.622459
4 0.399448 0.317659 0.018345 0.021905 0.002473
4 0.051530 0.377144 0.102933 0.219768 0.119203
4 0.050041 0.373198 0.100223 0.226925 0.119203
4 0.050049 0.376021 0.100209 0.221071 0.500000
4 0.049975 0.373828 0.106110 0.225316 0.268941
4 0.050020 0.370554 0.105871 0.228765 0.268941
4 0.051445 0.375224 0.103022 0.225841 0.500000
4 0.050024 0.374061 0.100292 0.227998 0.500000
4 0.051476 0.370725 0.102973 0.228458 0.268941
4 0.051511 0.371151 0.103152 0.227606 0.500000
4 0.051488 0.371884 0.103222 0.224980 0.500000
4 0.051458 0.376584 0.103252 0.215118 0.002473
5 0.051530 0.377144 0.102933 0.219768 0.017986
5 0.050041 0.373198 0.100223 0.226925 0.119203
5 0.050049 0.376021 0.100209 0.221071 0.017986
5 0.049975 0.373828 0.106110 0.225316 0.002473
5 0.050020 0.370554 0.105871 0.228765 0.119203
5 0.051445 0.375224 0.103022 0.225841 0.017986
5 0.051476 0.370725 0.102973 0.228458 0.119203
5 0.051511 0.371151 0.103152 0.227606 0.006693
