0 0.481282 0.314335 0.006886 0.047147 0.002473
0 0.518751 0.306234 0.006862 0.029279 0.002473
0 0.480321 0.315848 0.004962 0.035419 0.006693
1 0.288167 0.314577 0.032353 0.045975 0.002473
1 0.343583 0.312177 0.027827 0.041845 0.002473
1 0.345668 0.314891 0.027822 0.046512 0.500000
1 0.346223 0.312489 0.027022 0.041697 0.500000
1 0.354015 0.312439 0.043021 0.051397 0.006693
1 0.546408 0.313540 0.017896 0.023699 0.006693
1 0.288949 0.320114 0.034672 0.056671 0.002473
1 0.343944 0.312296 0.026815 0.042526 0.002473
1 0.346102 0.314901 0.026908 0.046513 0.500000
1 0.347161 0.314909 0.025146 0.046491 0.500000
1 0.352474 0.312507 0.039936 0.041750 0.006693
1 0.491134 0.320020 0.008226 0.026655 0.006693
1 0.546689 0.316478 0.018395 0.024106 0.500000
1 0.547196 0.315728 0.019316 0.025606 0.017986
1 0.288922 0.329687 0.036537 0.065503 0.006693
1 0.295317 0.327570 0.028712 0.058427 0.002473
1 0.864685 0.425870 0.279525 0.386932 0.924142
1 0.859132 0.425219 0.271465 0.386710 0.924142
1 0.865288 0.427777 0.279983 0.393779 0.924142
1 0.858755 0.432828 0.270699 0.389881 0.924142
1 0.860881 0.430171 0.278071 0.384405 0.939913
1 0.866651 0.431555 0.279609 0.387119 0.924142
1 0.859779 0.431918 0.271472 0.391567 0.924142
1 0.861559 0.438804 0.270226 0.398245 0.939913
1 0.859490 0.434254 0.280984 0.392760 0.939913
1 0.866590 0.436500 0.279595 0.392910 0.924142
2 0.662523 0.320449 0.124963 0.141114 0.002473
2 0.865288 0.427777 0.279983 0.393779 0.001927
3 0.662501 0.320588 0.125226 0.150870 0.731059
3 0.662481 0.322914 0.125047 0.145844 0.500000
3 0.661099 0.325315 0.122205 0.150653 0.500000
3 0.659654 0.322889 0.124996 0.146029 0.731059
3 0.662512 0.322830 0.125064 0.146057 0.500000
3 0.662507 0.325309 0.125017 0.141050 0.500000
3 0.662510 0.322905 0.124990 0.145989 0.500000
3 0.662545 0.322854 0.125134 0.145922 0.500000
3 0.661101 0.322867 0.128057 0.145946 0.731059
3 0.662523 0.320449 0.124963 0.141114 0.731059
4 0.299521 0.320760 0.026115 0.041234 0.006693
5 0.288922 0.329687 0.036537 0.065503 0.002473
