0 0.379781 0.310307 0.009950 0.029113 0.002473
0 0.558785 0.321544 0.013810 0.044095 0.002473
0 0.399800 0.329860 0.019215 0.053035 0.002473
0 0.456272 0.323406 0.006918 0.034461 0.002473
0 0.555577 0.325624 0.019846 0.036689 0.002473
0 0.403924 0.337150 0.018781 0.050749 0.002473
0 0.554120 0.327366 0.016933 0.044175 0.006693
1 0.218244 0.320932 0.091542 0.049281 0.002473
1 0.399979 0.320200 0.019315 0.048161 0.002473
1 0.406674 0.328258 0.026926 0.057544 0.006693
1 0.530958 0.318952 0.032439 0.038776 0.006693
1 0.223000 0.325069 0.097022 0.057352 0.006693
1 0.221681 0.317259 0.092494 0.051171 0.002473
1 0.270500 0.329855 0.033204 0.025568 0.002473
1 0.399800 0.329860 0.019215 0.053035 0.006693
1 0.406421 0.337024 0.019955 0.049857 0.002473
1 0.431220 0.333324 0.043388 0.051348 0.268941
1 0.430303 0.335715 0.045183 0.046538 0.268941
1 0.428833 0.333322 0.042355 0.051326 0.268941
1 0.495242 0.322764 0.009975 0.011555 0.002473
1 0.508888 0.322852 0.008302 0.030634 0.006693
1 0.520186 0.325283 0.024959 0.035240 0.268941
1 0.520211 0.325589 0.025098 0.035855 0.268941
1 0.538968 0.322950 0.016373 0.030664 0.268941
1 0.555577 0.325624 0.019846 0.036689 0.119203
1 0.585814 0.324047 0.015901 0.033538 0.017986
1 0.589014 0.328138 0.022132 0.041713 0.002473
1 0.429796 0.335723 0.040440 0.046530 0.500000
1 0.430313 0.335746 0.045163 0.046507 0.731059
1 0.429772 0.335738 0.040474 0.046499 0.500000
1 0.520087 0.325840 0.025159 0.036578 0.006693
1 0.519691 0.325882 0.024320 0.036503 0.006693
1 0.542278 0.332496 0.015824 0.027639 0.006693
1 0.554120 0.327366 0.016933 0.044175 0.006693
1 0.585824 0.332987 0.015921 0.042633 0.006693
1 0.589253 0.330685 0.021652 0.047230 0.006693
1 0.152901 0.358829 0.082151 0.061636 0.002473
1 0.066098 0.416837 0.132125 0.460405 0.500000
1 0.067213 0.412622 0.134458 0.467366 0.047426
1 0.065813 0.415585 0.131629 0.461485 0.268941
1 0.066337 0.419123 0.132660 0.444081 0.500000
1 0.065768 0.416028 0.137345 0.450241 0.006693
1 0.066261 0.423277 0.132527 0.445104 0.017986
1 0.064896 0.421561 0.135538 0.439229 0.017986
1 0.067034 0.427463 0.134068 0.436685 0.006693
1 0.066221 0.427836 0.132635 0.435999 0.002473
1 0.066478 0.408271 0.132532 0.475366 0.437824
1 0.068745 0.412603 0.128811 0.468045 0.679179
1 0.066411 0.413286 0.136597 0.466550 0.119203
1 0.067570 0.413683 0.131629 0.468062 0.817575
1 0.066991 0.418469 0.128156 0.454862 0.777300
1 0.068547 0.418408 0.130867 0.456490 0.731059
1 0.064868 0.423271 0.137179 0.452602 0.148047
1 0.068074 0.419023 0.130196 0.457040 0.904651
1 0.067310 0.419906 0.134498 0.454978 0.777300
2 0.530958 0.318952 0.032439 0.038776 0.017986
2 0.538968 0.322950 0.016373 0.030664 0.006693
2 0.555577 0.325624 0.019846 0.036689 0.017986
2 0.145379 0.353380 0.077603 0.042472 0.002473
2 0.151015 0.354944 0.078379 0.044365 0.002473
2 0.145142 0.364015 0.079554 0.063070 0.002473
2 0.152901 0.358829 0.082151 0.061636 0.017986
2 0.151190 0.373795 0.085199 0.080915 0.006693
3 0.406674 0.328258 0.026926 0.057544 0.002473
3 0.530958 0.318952 0.032439 0.038776 0.002473
3 0.508888 0.322852 0.008302 0.030634 0.002473
3 0.538968 0.322950 0.016373 0.030664 0.002473
3 0.555577 0.325624 0.019846 0.036689 0.006693
4 0.585824 0.332987 0.015921 0.042633 0.002473
4 0.589253 0.330685 0.021652 0.047230 0.002473
5 0.399800 0.329860 0.019215 0.053035 0.002473
5 0.406421 0.337024 0.019955 0.049857 0.002473
5 0.403924 0.337150 0.018781 0.050749 0.002473
5 0.585824 0.332987 0.015921 0.042633 0.002473
