0 0.445191 0.321588 0.009702 0.028613 0.002473
0 0.531299 0.325387 0.006856 0.025868 0.006693
0 0.542099 0.325407 0.010118 0.025859 0.002473
1 0.393734 0.333387 0.112460 0.099358 0.731059
1 0.393787 0.333382 0.106597 0.099349 0.731059
1 0.562912 0.309687 0.026269 0.026889 0.006693
1 0.566796 0.310557 0.025227 0.021988 0.006693
1 0.577480 0.315919 0.026279 0.032764 0.002473
1 0.584406 0.317871 0.022024 0.043316 0.002473
1 0.092046 0.348952 0.084095 0.165957 0.500000
1 0.092544 0.348897 0.079327 0.165859 0.500000
1 0.392294 0.335050 0.109559 0.096508 0.500000
1 0.393753 0.334954 0.112416 0.096238 0.731059
1 0.392309 0.333398 0.109615 0.099344 0.500000
1 0.473754 0.316478 0.016867 0.017936 0.006693
1 0.476189 0.316019 0.013123 0.025025 0.006693
1 0.542099 0.325407 0.010118 0.025859 0.006693
1 0.560827 0.320155 0.016684 0.027120 0.002473
1 0.569723 0.323105 0.023275 0.042155 0.002473
1 0.580564 0.322931 0.020083 0.038805 0.002473
1 0.586709 0.325540 0.017911 0.036558 0.006693
1 0.601528 0.329613 0.022364 0.035025 0.002473
1 0.091088 0.353407 0.082152 0.165341 0.002473
1 0.091277 0.351486 0.082527 0.170987 0.500000
1 0.092789 0.354113 0.079781 0.166765 0.268941
1 0.093730 0.351529 0.081707 0.161939 0.268941
1 0.392305 0.335063 0.109536 0.096513 0.731059
1 0.392300 0.334938 0.109599 0.096265 0.731059
1 0.392307 0.331829 0.109619 0.096228 0.731059
1 0.578025 0.326690 0.019325 0.039178 0.002473
1 0.093677 0.351443 0.081553 0.171112 0.500000
1 0.092304 0.351699 0.084544 0.171615 0.500000
1 0.092288 0.349117 0.084596 0.166893 0.880797
1 0.392273 0.334940 0.109624 0.096267 0.731059
1 0.393743 0.334898 0.112490 0.096183 0.500000
1 0.092218 0.356452 0.084450 0.171606 0.268941
1 0.092311 0.351673 0.084677 0.171681 0.500000
2 0.474861 0.311229 0.015393 0.023515 0.002473
2 0.475719 0.312308 0.014063 0.025488 0.017986
2 0.562912 0.309687 0.026269 0.026889 0.006693
2 0.566796 0.310557 0.025227 0.021988 0.006693
2 0.577480 0.315919 0.026279 0.032764 0.006693
2 0.473754 0.316478 0.016867 0.017936 0.002473
2 0.476189 0.316019 0.013123 0.025025 0.047426
2 0.560827 0.320155 0.016684 0.027120 0.002473
2 0.569723 0.323105 0.023275 0.042155 0.002473
2 0.580564 0.322931 0.020083 0.038805 0.002473
3 0.562912 0.309687 0.026269 0.026889 0.002473
3 0.566796 0.310557 0.025227 0.021988 0.002473
3 0.476189 0.316019 0.013123 0.025025 0.002473
3 0.560827 0.320155 0.016684 0.027120 0.002473
4 0.542099 0.325407 0.010118 0.025859 0.002473
4 0.540676 0.329324 0.013311 0.034068 0.002473
5 0.568772 0.330730 0.019507 0.037394 0.006693
