0 0.702181 0.321298 0.011315 0.065874 0.002473
0 0.703265 0.329544 0.012748 0.049289 0.002473
0 0.732709 0.329790 0.015578 0.058572 0.017986
0 0.793716 0.343385 0.012595 0.061828 0.017986
0 0.704783 0.336631 0.009695 0.035088 0.006693
0 0.731195 0.331371 0.012781 0.055501 0.002473
0 0.749351 0.330933 0.019511 0.064413 0.002473
0 0.751722 0.332636 0.016010 0.064283 0.017986
0 0.795142 0.343869 0.009747 0.052614 0.006693
0 0.793745 0.355392 0.006749 0.039269 0.006693
1 0.441410 0.330915 0.048308 0.046566 0.500000
1 0.440436 0.330901 0.049953 0.046538 0.500000
1 0.441366 0.329362 0.051807 0.049610 0.500000
1 0.441377 0.331769 0.048085 0.054423 0.500000
1 0.477380 0.318075 0.014744 0.020909 0.006693
1 0.491872 0.317885 0.017552 0.021417 0.002473
1 0.532046 0.322896 0.027793 0.030549 0.047426
1 0.534400 0.322889 0.031315 0.030533 0.268941
1 0.534393 0.321350 0.031343 0.033608 0.119203
1 0.545415 0.324115 0.024710 0.033214 0.006693
1 0.441410 0.331752 0.048308 0.054479 0.500000
1 0.441350 0.330903 0.048125 0.046532 0.731059
1 0.440494 0.331768 0.049800 0.054428 0.500000
1 0.440497 0.333310 0.049806 0.051348 0.500000
1 0.547449 0.326934 0.015856 0.038854 0.002473
1 0.550319 0.335193 0.018853 0.038211 0.006693
1 0.156705 0.421454 0.319203 0.482166 0.939913
1 0.158232 0.432334 0.327095 0.501430 0.939913
1 0.155907 0.432889 0.322067 0.508810 0.924142
1 0.156720 0.420572 0.321696 0.512801 0.924142
1 0.167078 0.428572 0.324679 0.499446 0.924142
1 0.156597 0.431341 0.315927 0.505288 0.924142
1 0.164418 0.430202 0.319378 0.506750 0.924142
1 0.158156 0.431411 0.316578 0.514040 0.924142
1 0.164630 0.429358 0.320336 0.509064 0.924142
1 0.156241 0.428648 0.318963 0.513140 0.924142
2 0.477380 0.318075 0.014744 0.020909 0.119203
2 0.491872 0.317885 0.017552 0.021417 0.002473
2 0.534393 0.321350 0.031343 0.033608 0.002473
3 0.534393 0.321350 0.031343 0.033608 0.002473
4 0.627791 0.351090 0.025394 0.057998 0.002473
4 0.628264 0.350962 0.024736 0.057888 0.002473
4 0.628765 0.355658 0.023296 0.048676 0.002473
4 0.627573 0.350691 0.020227 0.048713 0.002473
