0 0.295183 0.310749 0.009689 0.028855 0.006693
0 0.293749 0.331035 0.012661 0.051833 0.002473
1 0.441281 0.318824 0.017598 0.054602 0.002473
1 0.331161 0.332477 0.031641 0.040093 0.047426
1 0.332911 0.323399 0.028385 0.031471 0.119203
1 0.332928 0.325783 0.028495 0.026715 0.119203
1 0.384318 0.325314 0.019072 0.016133 0.002473
1 0.393554 0.322919 0.013050 0.011256 0.017986
1 0.413321 0.320513 0.021485 0.016167 0.002473
1 0.417110 0.318094 0.021728 0.020859 0.047426
1 0.428343 0.325456 0.007043 0.026197 0.006693
1 0.456255 0.318751 0.012647 0.013368 0.002473
1 0.479802 0.318948 0.009624 0.012932 0.047426
1 0.491358 0.320507 0.017303 0.025684 0.500000
1 0.504743 0.318910 0.009831 0.013074 0.002473
1 0.521698 0.318146 0.012849 0.011579 0.006693
1 0.331656 0.328430 0.029966 0.042013 0.006693
1 0.331916 0.328405 0.030526 0.042010 0.006693
1 0.881150 0.314468 0.237750 0.629222 0.817575
1 0.885197 0.316007 0.239875 0.632578 0.851953
1 0.882722 0.321732 0.234669 0.632112 0.851953
1 0.880166 0.319843 0.237343 0.634601 0.182426
1 0.878126 0.317572 0.234781 0.647797 0.904651
1 0.886602 0.315312 0.244694 0.631546 0.904651
1 0.880580 0.307635 0.235712 0.615071 0.880797
1 0.879837 0.310457 0.240463 0.615428 0.851953
1 0.878523 0.322264 0.233684 0.621163 0.562177
1 0.884643 0.325675 0.247025 0.621056 0.904651
1 0.879771 0.320306 0.237482 0.621099 0.880797
2 0.418508 0.314635 0.018970 0.027152 0.002473
2 0.457640 0.309543 0.010156 0.026853 0.002473
2 0.331161 0.332477 0.031641 0.040093 0.002473
2 0.332911 0.323399 0.028385 0.031471 0.006693
2 0.332928 0.325783 0.028495 0.026715 0.017986
2 0.417110 0.318094 0.021728 0.020859 0.047426
2 0.456255 0.318751 0.012647 0.013368 0.006693
2 0.328095 0.335954 0.031561 0.046338 0.002473
2 0.331656 0.328430 0.029966 0.042013 0.002473
2 0.331916 0.328405 0.030526 0.042010 0.002473
2 0.881150 0.314468 0.237750 0.629222 0.005220
2 0.885197 0.316007 0.239875 0.632578 0.005220
2 0.882722 0.321732 0.234669 0.632112 0.005220
2 0.880166 0.319843 0.237343 0.634601 0.003173
2 0.879837 0.310457 0.240463 0.615428 0.001501
3 0.457640 0.309543 0.010156 0.026853 0.002473
3 0.332911 0.323399 0.028385 0.031471 0.002473
3 0.332928 0.325783 0.028495 0.026715 0.002473
3 0.417110 0.318094 0.021728 0.020859 0.002473
4 0.599674 0.316405 0.015174 0.024542 0.002473
4 0.602749 0.316369 0.019943 0.024386 0.002473
4 0.196704 0.347764 0.019350 0.044276 0.002473
4 0.222579 0.347065 0.029115 0.045675 0.002473
4 0.266700 0.353208 0.022847 0.051556 0.002473
4 0.328095 0.335954 0.031561 0.046338 0.047426
4 0.331656 0.328430 0.029966 0.042013 0.002473
4 0.331916 0.328405 0.030526 0.042010 0.002473
4 0.196887 0.352254 0.019125 0.035964 0.002473
4 0.219759 0.348905 0.027152 0.042622 0.017986
4 0.261393 0.352267 0.025410 0.055900 0.002473
4 0.264849 0.353685 0.023126 0.052377 0.006693
4 0.318267 0.342974 0.020337 0.048278 0.002473
4 0.329865 0.339895 0.024258 0.054644 0.002473
5 0.441281 0.318824 0.017598 0.054602 0.268941
5 0.428343 0.325456 0.007043 0.026197 0.002473
5 0.441269 0.319694 0.017519 0.053020 0.268941
5 0.438354 0.326555 0.017205 0.039613 0.017986
5 0.439817 0.324064 0.014606 0.050593 0.268941
