0 0.586620 0.319597 0.018439 0.046544 0.002473
0 0.892230 0.351610 0.015704 0.079098 0.002473
0 0.739905 0.342326 0.021478 0.108586 0.002473
0 0.827326 0.357274 0.010898 0.059765 0.002473
0 0.809383 0.366505 0.019141 0.045795 0.002473
0 0.822457 0.372401 0.015796 0.038279 0.006693
0 0.826685 0.366038 0.010324 0.060980 0.002473
1 0.554146 0.326896 0.052374 0.054598 0.500000
1 0.554406 0.329290 0.052968 0.059388 0.500000
1 0.555098 0.329290 0.050531 0.059402 0.268941
1 0.586620 0.319597 0.018439 0.046544 0.017986
1 0.591702 0.319610 0.022844 0.040092 0.006693
1 0.456284 0.333312 0.043358 0.041725 0.731059
1 0.457711 0.329356 0.040412 0.049607 0.500000
1 0.457710 0.330920 0.040419 0.046492 0.500000
1 0.485090 0.322916 0.014404 0.020868 0.268941
1 0.509219 0.322918 0.012929 0.011265 0.006693
1 0.520161 0.322897 0.009838 0.011318 0.006693
1 0.555473 0.329308 0.051437 0.059351 0.268941
1 0.554580 0.326908 0.053340 0.054526 0.500000
1 0.554608 0.326909 0.053289 0.054522 0.500000
1 0.555547 0.327656 0.051415 0.053029 0.500000
1 0.584201 0.327917 0.019241 0.048826 0.002473
1 0.589276 0.327180 0.022463 0.050327 0.006693
1 0.594502 0.324496 0.026648 0.038746 0.002473
1 0.456262 0.330905 0.043309 0.046540 0.731059
1 0.458635 0.330928 0.042270 0.046493 0.500000
1 0.458636 0.330921 0.042272 0.046497 0.268941
1 0.554421 0.329356 0.052923 0.059263 0.731059
1 0.555543 0.329357 0.051407 0.059253 0.500000
1 0.555546 0.329355 0.051412 0.059253 0.500000
1 0.587735 0.333058 0.019377 0.051978 0.002473
1 0.222442 0.342055 0.328200 0.393017 0.119203
1 0.219625 0.338953 0.326148 0.388983 0.622459
1 0.220085 0.346887 0.325849 0.388990 0.880797
1 0.220709 0.345229 0.320138 0.393352 0.904651
1 0.219640 0.344924 0.329393 0.393674 0.904651
1 0.223330 0.344319 0.327031 0.394547 0.904651
1 0.219997 0.344850 0.328034 0.399094 0.904651
1 0.222141 0.348752 0.325537 0.402076 0.924142
1 0.218775 0.349448 0.331168 0.400857 0.924142
1 0.223695 0.346956 0.325518 0.399944 0.924142
1 0.222168 0.347990 0.324036 0.402770 0.022977
1 0.220000 0.346641 0.329932 0.405500 0.014064
3 0.586620 0.319597 0.018439 0.046544 0.002473
3 0.485090 0.322916 0.014404 0.020868 0.006693
3 0.027582 0.366707 0.055787 0.197898 0.002473
