0 0.064904 0.386290 0.014567 0.047798 0.002473
1 0.302959 0.288664 0.045965 0.036718 0.006693
1 0.349958 0.308336 0.078321 0.065502 0.047426
1 0.352948 0.312068 0.092130 0.072889 0.268941
1 0.357238 0.313878 0.096468 0.070280 0.268941
1 0.252033 0.327051 0.164805 0.154165 0.731059
1 0.253195 0.325476 0.162635 0.151028 0.731059
1 0.251314 0.323061 0.162456 0.155849 0.731059
1 0.320625 0.301657 0.079337 0.052371 0.002473
1 0.348135 0.308219 0.077209 0.065183 0.006693
1 0.351233 0.311987 0.078661 0.072665 0.119203
1 0.355160 0.314713 0.092371 0.078116 0.268941
1 0.357622 0.316387 0.097065 0.075258 0.268941
1 0.373569 0.319923 0.067948 0.068329 0.047426
1 0.381662 0.322770 0.055573 0.062670 0.119203
1 0.381704 0.320416 0.055434 0.057778 0.268941
1 0.383033 0.322644 0.053202 0.062325 0.119203
1 0.494391 0.312316 0.024555 0.031841 0.006693
1 0.496433 0.312358 0.026618 0.031831 0.002473
1 0.606330 0.322051 0.031687 0.051388 0.002473
1 0.611571 0.310750 0.040766 0.028630 0.002473
1 0.252034 0.323072 0.164812 0.155822 0.731059
1 0.253226 0.323032 0.162700 0.146117 0.500000
1 0.252296 0.323208 0.164508 0.146589 0.500000
1 0.351902 0.312362 0.080036 0.073254 0.268941
1 0.356225 0.314758 0.094764 0.078060 0.268941
1 0.357223 0.314922 0.098035 0.078403 0.268941
1 0.378966 0.319990 0.060261 0.068321 0.047426
1 0.381164 0.322870 0.053031 0.062561 0.119203
1 0.381744 0.322882 0.055353 0.062483 0.119203
1 0.383108 0.322861 0.053059 0.062233 0.047426
1 0.461299 0.325271 0.013125 0.016171 0.006693
1 0.462800 0.322890 0.013109 0.020936 0.002473
1 0.479980 0.317873 0.011009 0.021337 0.002473
1 0.491506 0.317572 0.017996 0.021938 0.119203
1 0.504833 0.319990 0.015702 0.017107 0.002473
1 0.538936 0.325327 0.022105 0.025685 0.500000
1 0.536089 0.325326 0.022060 0.025687 0.500000
1 0.571895 0.332085 0.013283 0.023379 0.002473
1 0.578260 0.331310 0.019144 0.028046 0.006693
1 0.599787 0.332676 0.019263 0.042749 0.006693
1 0.606403 0.335509 0.029464 0.046907 0.002473
1 0.252115 0.322955 0.164913 0.145988 0.500000
1 0.253226 0.322924 0.162699 0.146039 0.731059
1 0.253073 0.325327 0.162953 0.150864 0.500000
1 0.357403 0.316369 0.093199 0.079939 0.500000
1 0.357064 0.315349 0.098346 0.077912 0.119203
1 0.378590 0.319292 0.057266 0.069866 0.119203
1 0.381360 0.320425 0.055626 0.067600 0.047426
1 0.382477 0.325359 0.053888 0.057667 0.119203
1 0.386170 0.323144 0.046932 0.062200 0.017986
1 0.606727 0.338462 0.020368 0.031507 0.006693
1 0.253052 0.322967 0.163043 0.155684 0.880797
1 0.323280 0.330033 0.034747 0.102151 0.002473
3 0.494391 0.312316 0.024555 0.031841 0.006693
3 0.496433 0.312358 0.026618 0.031831 0.006693
3 0.491506 0.317572 0.017996 0.021938 0.002473
3 0.538936 0.325327 0.022105 0.025685 0.002473
4 0.616804 0.342665 0.017348 0.039647 0.006693
4 0.628042 0.342003 0.024863 0.045283 0.006693
4 0.624256 0.346658 0.018357 0.040876 0.002473
4 0.629101 0.348446 0.017169 0.037296 0.006693
