0 0.577278 0.330772 0.020100 0.046556 0.006693
0 0.600023 0.333141 0.013714 0.053076 0.002473
0 0.575889 0.330900 0.015491 0.037216 0.006693
0 0.247688 0.315076 0.029682 0.129610 0.002473
1 0.327669 0.325328 0.130337 0.099344 0.731059
1 0.326776 0.325327 0.128347 0.099346 0.731059
1 0.327707 0.325325 0.129552 0.099349 0.500000
1 0.387145 0.324394 0.050286 0.056096 0.017986
1 0.392358 0.322883 0.058992 0.052843 0.119203
1 0.394973 0.325318 0.059408 0.057722 0.268941
1 0.393615 0.325296 0.062268 0.057762 0.500000
1 0.397095 0.324294 0.055969 0.049642 0.047426
1 0.496399 0.317158 0.030367 0.032212 0.002473
1 0.327676 0.325328 0.130338 0.099350 0.731059
1 0.327566 0.325326 0.129837 0.099353 0.500000
1 0.328081 0.325330 0.125032 0.099354 0.500000
1 0.385700 0.323090 0.053431 0.062491 0.017986
1 0.393900 0.325338 0.056243 0.057701 0.500000
1 0.392356 0.325371 0.059257 0.057605 0.268941
1 0.393693 0.325348 0.062424 0.057601 0.500000
1 0.395945 0.327262 0.058262 0.053576 0.268941
1 0.485896 0.320421 0.016112 0.016245 0.006693
1 0.489150 0.320270 0.017673 0.026157 0.017986
1 0.506124 0.322850 0.007070 0.020993 0.017986
1 0.531240 0.329290 0.018319 0.023970 0.268941
1 0.577278 0.330772 0.020100 0.046556 0.006693
1 0.580925 0.330849 0.021841 0.046464 0.047426
1 0.590479 0.335572 0.025291 0.046791 0.002473
1 0.842291 0.364324 0.110153 0.187010 0.002473
1 0.327491 0.325340 0.129982 0.099310 0.731059
1 0.329019 0.325330 0.126924 0.099337 0.731059
1 0.328957 0.325338 0.127048 0.099339 0.731059
1 0.375794 0.326539 0.046790 0.070059 0.002473
1 0.395104 0.326951 0.059242 0.054529 0.500000
1 0.394760 0.325448 0.060275 0.057473 0.500000
1 0.393687 0.325489 0.062434 0.057405 0.500000
1 0.396934 0.327323 0.056503 0.053832 0.017986
1 0.580562 0.335814 0.020816 0.036723 0.047426
1 0.587786 0.335711 0.024799 0.046659 0.002473
1 0.840583 0.364184 0.106769 0.177193 0.268941
1 0.840752 0.362031 0.112365 0.182403 0.500000
1 0.842235 0.362117 0.115593 0.182441 0.731059
1 0.327637 0.325317 0.129683 0.099389 0.731059
1 0.841690 0.361776 0.108413 0.181989 0.500000
1 0.841714 0.362804 0.108543 0.174596 0.268941
1 0.840729 0.364317 0.112367 0.186998 0.500000
1 0.725013 0.349061 0.031965 0.083952 0.002473
1 0.839186 0.363130 0.109241 0.173901 0.268941
1 0.841988 0.360405 0.109019 0.178155 0.500000
1 0.840603 0.362707 0.112117 0.173528 0.500000
1 0.839492 0.363864 0.109909 0.174894 0.268941
1 0.840672 0.365219 0.112314 0.175096 0.002473
3 0.248364 0.302896 0.028135 0.134220 0.002473
3 0.247812 0.306249 0.030611 0.127408 0.002473
3 0.247525 0.307522 0.029793 0.134819 0.017986
3 0.247622 0.310548 0.030215 0.128881 0.006693
3 0.496399 0.317158 0.030367 0.032212 0.017986
3 0.495550 0.316403 0.028256 0.033694 0.006693
3 0.247562 0.310006 0.029814 0.119822 0.002473
3 0.489150 0.320270 0.017673 0.026157 0.006693
3 0.506124 0.322850 0.007070 0.020993 0.006693
3 0.580925 0.330849 0.021841 0.046464 0.006693
3 0.248500 0.309571 0.027937 0.120729 0.006693
3 0.580562 0.335814 0.020816 0.036723 0.006693
4 0.709719 0.338258 0.051920 0.084298 0.002473
4 0.716373 0.338414 0.042400 0.093944 0.017986
4 0.719050 0.340637 0.039304 0.098828 0.006693
4 0.723526 0.340226 0.043300 0.099764 0.006693
4 0.707491 0.343336 0.053197 0.089882 0.002473
4 0.719721 0.343629 0.035604 0.094163 0.047426
4 0.720596 0.343593 0.034731 0.093039 0.119203
4 0.725754 0.344380 0.040997 0.086363 0.047426
4 0.742217 0.351088 0.057746 0.079563 0.017986
4 0.753438 0.354135 0.062294 0.083719 0.017986
4 0.763579 0.360630 0.053230 0.096727 0.002473
4 0.721227 0.343764 0.038602 0.093040 0.047426
4 0.723102 0.344070 0.035660 0.093671 0.047426
4 0.725073 0.344886 0.035818 0.085795 0.017986
4 0.737862 0.351447 0.049020 0.078653 0.006693
4 0.749388 0.351576 0.067862 0.078300 0.017986
4 0.760240 0.363338 0.054371 0.101852 0.002473
4 0.719932 0.346418 0.036011 0.088696 0.119203
4 0.724975 0.346594 0.031889 0.088770 0.047426
4 0.725924 0.346526 0.032987 0.088761 0.006693
4 0.738191 0.351603 0.056190 0.078251 0.017986
4 0.748559 0.354537 0.069562 0.084132 0.047426
4 0.760594 0.369530 0.053655 0.104678 0.006693
4 0.769058 0.369678 0.043277 0.103224 0.002473
4 0.720190 0.351709 0.031904 0.089120 0.006693
4 0.725013 0.349061 0.031965 0.083952 0.017986
4 0.723840 0.350357 0.028689 0.075104 0.017986
4 0.736532 0.352058 0.053920 0.079151 0.047426
4 0.759497 0.366987 0.056112 0.108963 0.017986
4 0.766900 0.369283 0.041493 0.104359 0.002473
5 0.580925 0.330849 0.021841 0.046464 0.002473
5 0.580562 0.335814 0.020816 0.036723 0.002473
