0 0.420172 0.330292 0.015506 0.061470 0.002473
0 0.513887 0.324409 0.012766 0.049855 0.006693
0 0.587347 0.332831 0.019177 0.072963 0.006693
0 0.587582 0.329582 0.015338 0.075995 0.002473
0 0.373709 0.326071 0.027646 0.085358 0.002473
0 0.418774 0.328300 0.018398 0.053723 0.017986
0 0.506217 0.322789 0.006886 0.031052 0.002473
0 0.516339 0.333178 0.007814 0.042002 0.047426
0 0.533785 0.330539 0.008436 0.036537 0.002473
0 0.541261 0.334780 0.008018 0.028767 0.006693
0 0.584739 0.339171 0.019853 0.055160 0.002473
0 0.585121 0.335933 0.020260 0.061608 0.002473
0 0.375082 0.334576 0.031137 0.087326 0.002473
0 0.373609 0.338624 0.027945 0.095196 0.002473
0 0.514472 0.330779 0.009747 0.037206 0.047426
0 0.541335 0.335053 0.007831 0.028655 0.002473
0 0.584342 0.339584 0.018845 0.054737 0.006693
0 0.586111 0.336860 0.016477 0.060179 0.006693
0 0.375131 0.343994 0.030987 0.105360 0.006693
0 0.585349 0.341598 0.015018 0.057202 0.006693
0 0.585143 0.337182 0.020227 0.059916 0.002473
1 0.506217 0.322789 0.006886 0.031052 0.006693
1 0.576416 0.333354 0.028883 0.042000 0.002473
1 0.623644 0.334875 0.022342 0.028957 0.002473
1 0.645409 0.325753 0.021914 0.027046 0.002473
1 0.649505 0.325325 0.026456 0.017772 0.002473
1 0.417836 0.329357 0.020275 0.054750 0.002473
1 0.576493 0.336341 0.029033 0.047453 0.002473
1 0.621964 0.338690 0.019367 0.033312 0.006693
1 0.623697 0.338255 0.022664 0.033836 0.002473
1 0.728246 0.386945 0.225515 0.200989 0.002473
1 0.726648 0.385297 0.222547 0.197582 0.731059
1 0.726594 0.385301 0.227975 0.197576 0.500000
1 0.726734 0.385276 0.228473 0.197621 0.880797
1 0.725220 0.383809 0.225369 0.200432 0.500000
1 0.726527 0.383809 0.222204 0.200433 0.500000
1 0.725215 0.385262 0.225432 0.197516 0.500000
1 0.726497 0.385311 0.222247 0.187779 0.500000
1 0.726558 0.385273 0.222134 0.197492 0.731059
1 0.725013 0.385273 0.225240 0.197493 0.880797
1 0.728180 0.384328 0.225381 0.199337 0.500000
3 0.576416 0.333354 0.028883 0.042000 0.002473
3 0.576493 0.336341 0.029033 0.047453 0.002473
4 0.585121 0.335933 0.020260 0.061608 0.002473
4 0.037442 0.524150 0.074875 0.413586 0.002473
4 0.036261 0.547786 0.072669 0.367794 0.002473
4 0.037807 0.556029 0.075621 0.342286 0.002473
4 0.037926 0.567993 0.075904 0.326009 0.002473
4 0.039304 0.567140 0.072813 0.322303 0.002473
4 0.040597 0.584405 0.075510 0.288596 0.002473
5 0.587347 0.332831 0.019177 0.072963 0.017986
5 0.587582 0.329582 0.015338 0.075995 0.017986
5 0.576416 0.333354 0.028883 0.042000 0.006693
5 0.584739 0.339171 0.019853 0.055160 0.119203
5 0.585121 0.335933 0.020260 0.061608 0.119203
5 0.576493 0.336341 0.029033 0.047453 0.006693
5 0.584342 0.339584 0.018845 0.054737 0.268941
5 0.586111 0.336860 0.016477 0.060179 0.047426
5 0.579027 0.342546 0.028006 0.049575 0.002473
5 0.585349 0.341598 0.015018 0.057202 0.119203
5 0.585143 0.337182 0.020227 0.059916 0.047426
