0 0.004819 0.264240 0.009719 0.158683 0.002473
0 0.518718 0.314902 0.012574 0.046520 0.119203
0 0.527647 0.314380 0.008418 0.038047 0.006693
0 0.429765 0.322850 0.009923 0.020984 0.002473
0 0.460113 0.326838 0.010722 0.013038 0.017986
0 0.517273 0.314936 0.009683 0.036843 0.119203
0 0.528326 0.317620 0.007042 0.031473 0.002473
1 0.006252 0.298427 0.012726 0.047466 0.002473
1 0.041900 0.295227 0.067053 0.075320 0.002473
1 0.285132 0.305991 0.057954 0.054851 0.002473
1 0.042931 0.315367 0.059030 0.037951 0.047426
1 0.043661 0.314813 0.063096 0.036808 0.047426
1 0.043761 0.314851 0.062986 0.036879 0.047426
1 0.045306 0.314869 0.066036 0.036926 0.047426
1 0.045530 0.314854 0.066260 0.037012 0.119203
1 0.105699 0.314839 0.056684 0.037035 0.006693
1 0.121944 0.314870 0.081641 0.036837 0.119203
1 0.121926 0.317306 0.081391 0.041694 0.500000
1 0.121906 0.312482 0.081458 0.041743 0.268941
1 0.122347 0.312439 0.080343 0.041836 0.268941
1 0.122983 0.314885 0.079306 0.036940 0.268941
1 0.124961 0.312388 0.075297 0.041527 0.047426
1 0.238351 0.304997 0.077721 0.027176 0.002473
1 0.276692 0.306265 0.071775 0.053299 0.002473
1 0.285283 0.309748 0.054504 0.057286 0.002473
1 0.353602 0.316096 0.042562 0.033939 0.002473
1 0.433007 0.313565 0.016509 0.028241 0.002473
1 0.006266 0.323220 0.013133 0.046670 0.006693
1 0.042391 0.315638 0.065693 0.038340 0.017986
1 0.041584 0.314928 0.060756 0.036911 0.047426
1 0.043747 0.314965 0.063229 0.036790 0.047426
1 0.043771 0.314952 0.062790 0.036816 0.047426
1 0.046904 0.314954 0.063236 0.036900 0.119203
1 0.122958 0.312517 0.085451 0.041744 0.119203
1 0.121935 0.317317 0.081372 0.041706 0.268941
1 0.122313 0.314914 0.080384 0.036873 0.268941
1 0.123307 0.314930 0.078389 0.036904 0.268941
1 0.123330 0.314917 0.078440 0.036881 0.500000
1 0.126807 0.314947 0.077365 0.036925 0.017986
1 0.298142 0.324199 0.022635 0.034451 0.006693
1 0.323773 0.327982 0.017036 0.021607 0.017986
1 0.325274 0.327743 0.019452 0.020947 0.006693
1 0.342095 0.320293 0.035564 0.026221 0.006693
1 0.372875 0.322866 0.011294 0.011362 0.006693
1 0.376772 0.322865 0.016112 0.011363 0.002473
1 0.398537 0.322835 0.016564 0.011424 0.002473
1 0.405462 0.325313 0.016873 0.016053 0.047426
1 0.416530 0.322720 0.027690 0.021245 0.017986
1 0.429765 0.322850 0.009923 0.020984 0.006693
1 0.460113 0.326838 0.010722 0.013038 0.017986
1 0.467370 0.324463 0.016647 0.008133 0.006693
1 0.480370 0.321323 0.023503 0.008179 0.017986
1 0.493667 0.318936 0.015408 0.012961 0.006693
1 0.506303 0.320479 0.012769 0.016099 0.119203
1 0.545236 0.322917 0.009996 0.021114 0.002473
1 0.006384 0.348675 0.014038 0.109646 0.002473
1 0.039615 0.323864 0.067862 0.054660 0.002473
1 0.322938 0.332321 0.022065 0.029244 0.006693
1 0.325710 0.331153 0.025475 0.027572 0.002473
1 0.006389 0.365064 0.014176 0.159794 0.002473
2 0.990169 0.315833 0.019720 0.094049 0.002473
2 0.988597 0.332563 0.022812 0.114351 0.006693
2 0.989195 0.328275 0.021666 0.120252 0.006693
2 0.988722 0.345081 0.022555 0.113893 0.002473
2 0.990584 0.346429 0.018860 0.127739 0.002473
3 0.122958 0.312517 0.085451 0.041744 0.006693
3 0.416530 0.322720 0.027690 0.021245 0.002473
3 0.460113 0.326838 0.010722 0.013038 0.002473
3 0.506303 0.320479 0.012769 0.016099 0.006693
