0 0.751968 0.283253 0.022145 0.134138 0.006693
0 0.705304 0.296936 0.021332 0.145904 0.002473
0 0.751537 0.306554 0.022329 0.176995 0.006693
0 0.783237 0.309170 0.022885 0.192065 0.002473
0 0.704853 0.307001 0.022235 0.165600 0.017986
0 0.704362 0.306319 0.025370 0.165501 0.002473
0 0.706084 0.307339 0.025436 0.166557 0.017986
0 0.749988 0.306570 0.030825 0.178702 0.002473
0 0.750035 0.309761 0.025078 0.183260 0.017986
0 0.517230 0.314778 0.009816 0.027451 0.002473
0 0.704106 0.309380 0.027714 0.171734 0.017986
0 0.705551 0.309524 0.026473 0.172178 0.119203
0 0.751412 0.309070 0.027961 0.183724 0.500000
0 0.750005 0.309341 0.025017 0.184257 0.500000
0 0.780460 0.309914 0.029135 0.203561 0.500000
0 0.508689 0.318757 0.007999 0.013313 0.002473
0 0.704115 0.306523 0.027579 0.168837 0.017986
0 0.704638 0.309610 0.028382 0.172307 0.047426
0 0.751435 0.307318 0.027927 0.177158 0.500000
0 0.750011 0.307403 0.030788 0.177325 0.500000
0 0.780187 0.310537 0.029728 0.194156 0.017986
0 0.780288 0.312489 0.029487 0.198558 0.500000
0 0.781002 0.312519 0.028523 0.198175 0.002473
0 0.323480 0.323513 0.022583 0.052494 0.002473
0 0.703177 0.307278 0.025626 0.167393 0.017986
0 0.702252 0.309615 0.029310 0.172268 0.006693
0 0.749973 0.307286 0.030894 0.177095 0.268941
0 0.748556 0.307305 0.027919 0.177107 0.500000
0 0.780203 0.312475 0.029684 0.198076 0.268941
0 0.780306 0.312588 0.029453 0.198314 0.268941
0 0.780591 0.315193 0.029345 0.202581 0.119203
0 0.703146 0.309252 0.025613 0.163422 0.017986
0 0.703734 0.309209 0.026359 0.163579 0.006693
0 0.751454 0.307304 0.028043 0.177123 0.500000
0 0.751441 0.309691 0.027968 0.181918 0.731059
0 0.781139 0.310134 0.027804 0.203240 0.119203
0 0.781180 0.315019 0.027695 0.203176 0.500000
0 0.780393 0.315023 0.029719 0.203179 0.047426
0 0.700149 0.308008 0.025459 0.166105 0.002473
0 0.700679 0.309599 0.026162 0.162943 0.002473
0 0.751511 0.309729 0.028173 0.181912 0.500000
0 0.750155 0.307370 0.030939 0.177201 0.731059
0 0.780009 0.312469 0.029348 0.208281 0.047426
0 0.780055 0.312535 0.029222 0.198429 0.500000
0 0.780397 0.312759 0.029751 0.207834 0.006693
0 0.779661 0.312762 0.028247 0.198204 0.268941
1 0.018834 0.295361 0.031845 0.065699 0.002473
1 0.124778 0.307773 0.031447 0.033416 0.002473
1 0.133225 0.307975 0.030041 0.033010 0.006693
1 0.160945 0.305982 0.056029 0.038617 0.017986
1 0.181788 0.306030 0.082682 0.038480 0.119203
1 0.182216 0.304373 0.087247 0.041330 0.268941
1 0.183550 0.303623 0.084552 0.039831 0.119203
1 0.187680 0.303599 0.087364 0.039880 0.047426
1 0.190334 0.303300 0.078168 0.039274 0.268941
1 0.195139 0.304503 0.072626 0.035678 0.268941
1 0.220011 0.306803 0.042046 0.031078 0.002473
1 0.239265 0.309854 0.028593 0.021445 0.017986
1 0.304043 0.311105 0.046726 0.024112 0.006693
1 0.311967 0.313646 0.040238 0.028505 0.002473
1 0.330388 0.311633 0.045076 0.040341 0.047426
1 0.347946 0.308080 0.060599 0.032929 0.268941
1 0.348088 0.309753 0.060616 0.036248 0.268941
1 0.347018 0.309947 0.062874 0.036661 0.119203
1 0.347913 0.305664 0.064201 0.037673 0.268941
1 0.354361 0.306491 0.057277 0.030003 0.006693
1 0.396733 0.304490 0.019829 0.016329 0.006693
1 0.084721 0.316472 0.030219 0.024121 0.006693
1 0.086456 0.314959 0.029834 0.020899 0.006693
1 0.130016 0.312601 0.029010 0.031909 0.002473
1 0.154752 0.306011 0.037997 0.038868 0.006693
1 0.178205 0.306068 0.082401 0.038696 0.047426
1 0.183632 0.306105 0.090095 0.038602 0.268941
1 0.184105 0.304544 0.083441 0.041723 0.119203
1 0.186073 0.304544 0.090596 0.041725 0.047426
1 0.189794 0.304553 0.083111 0.041747 0.047426
1 0.194526 0.304523 0.074172 0.041903 0.047426
1 0.223843 0.311273 0.028319 0.025430 0.002473
1 0.239300 0.313329 0.022579 0.021326 0.002473
1 0.294040 0.318142 0.040861 0.021965 0.002473
1 0.305290 0.320189 0.044726 0.027181 0.017986
1 0.314625 0.320849 0.033568 0.035013 0.017986
1 0.316076 0.316865 0.032945 0.043405 0.047426
1 0.342638 0.315115 0.069954 0.046913 0.119203
1 0.345579 0.312666 0.065743 0.041994 0.119203
1 0.347414 0.312652 0.061957 0.042013 0.047426
1 0.347085 0.312550 0.062869 0.041841 0.119203
1 0.435138 0.325342 0.011055 0.016256 0.002473
1 0.450055 0.327621 0.019564 0.011477 0.047426
1 0.459112 0.324464 0.032574 0.008141 0.006693
1 0.488174 0.320452 0.022793 0.016236 0.002473
1 0.490778 0.318025 0.025469 0.021027 0.047426
1 0.508689 0.318757 0.007999 0.013313 0.002473
1 0.546911 0.329342 0.025724 0.017899 0.047426
1 0.552142 0.331330 0.029512 0.021870 0.047426
1 0.554760 0.330485 0.034973 0.026663 0.006693
1 0.980831 0.343693 0.032617 0.082120 0.002473
1 0.985075 0.349404 0.029856 0.092990 0.002473
1 0.986036 0.344042 0.027956 0.080125 0.002473
1 0.304579 0.329094 0.047933 0.057707 0.002473
1 0.317029 0.323979 0.029327 0.046794 0.006693
1 0.318871 0.326187 0.027545 0.047724 0.047426
1 0.323480 0.323513 0.022583 0.052494 0.006693
1 0.342453 0.322897 0.057459 0.063989 0.002473
1 0.565031 0.338451 0.020104 0.022115 0.002473
1 0.985068 0.371287 0.029843 0.135525 0.006693
1 0.986051 0.368873 0.027985 0.131450 0.002473
1 0.984812 0.381307 0.030374 0.151573 0.006693
1 0.986255 0.382052 0.033259 0.150458 0.006693
2 0.184542 0.299789 0.088697 0.042222 0.002473
2 0.181788 0.306030 0.082682 0.038480 0.006693
2 0.182216 0.304373 0.087247 0.041330 0.017986
2 0.183550 0.303623 0.084552 0.039831 0.006693
2 0.187680 0.303599 0.087364 0.039880 0.002473
2 0.190334 0.303300 0.078168 0.039274 0.002473
2 0.330388 0.311633 0.045076 0.040341 0.002473
2 0.347946 0.308080 0.060599 0.032929 0.047426
2 0.348088 0.309753 0.060616 0.036248 0.047426
2 0.347018 0.309947 0.062874 0.036661 0.047426
2 0.347913 0.305664 0.064201 0.037673 0.047426
2 0.184105 0.304544 0.083441 0.041723 0.002473
2 0.316076 0.316865 0.032945 0.043405 0.002473
2 0.342638 0.315115 0.069954 0.046913 0.017986
2 0.345579 0.312666 0.065743 0.041994 0.017986
2 0.347414 0.312652 0.061957 0.042013 0.006693
2 0.347085 0.312550 0.062869 0.041841 0.017986
2 0.490778 0.318025 0.025469 0.021027 0.002473
3 0.265599 0.287773 0.057965 0.067326 0.002473
3 0.273288 0.288725 0.067014 0.068676 0.006693
3 0.280714 0.286063 0.073640 0.073560 0.002473
3 0.281024 0.289901 0.071464 0.060133 0.002473
3 0.293984 0.293448 0.059835 0.049983 0.002473
3 0.195139 0.304503 0.072626 0.035678 0.002473
3 0.548145 0.316476 0.034489 0.043864 0.002473
3 0.314625 0.320849 0.033568 0.035013 0.002473
3 0.316076 0.316865 0.032945 0.043405 0.006693
3 0.342638 0.315115 0.069954 0.046913 0.006693
3 0.490778 0.318025 0.025469 0.021027 0.002473
