0 0.197876 0.300543 0.020932 0.041851 0.002473
0 0.202678 0.302824 0.014102 0.040221 0.002473
0 0.582925 0.317534 0.010172 0.042850 0.002473
0 0.496132 0.322763 0.007762 0.021175 0.002473
0 0.555304 0.329184 0.004931 0.033819 0.002473
0 0.573161 0.326918 0.010059 0.031022 0.002473
0 0.580147 0.326570 0.010667 0.030266 0.002473
0 0.554803 0.332138 0.009663 0.028455 0.006693
0 0.573323 0.333562 0.010383 0.025755 0.002473
1 0.456315 0.322828 0.012792 0.021105 0.002473
1 0.514819 0.320475 0.010905 0.016104 0.006693
1 0.593910 0.329732 0.013210 0.025161 0.006693
1 0.610906 0.335332 0.022248 0.036779 0.006693
1 0.612966 0.333164 0.026711 0.041798 0.017986
1 0.909050 0.359200 0.098968 0.156711 0.731059
1 0.907931 0.359297 0.097034 0.156848 0.731059
1 0.592648 0.334551 0.017556 0.023456 0.002473
1 0.607931 0.339235 0.021846 0.030005 0.047426
1 0.612776 0.340877 0.024825 0.036339 0.017986
1 0.622655 0.340532 0.024536 0.037029 0.006693
1 0.907976 0.360199 0.096864 0.154992 0.500000
1 0.907951 0.361862 0.096728 0.161472 0.500000
1 0.908989 0.359609 0.099102 0.157089 0.500000
1 0.138596 0.385388 0.203977 0.288646 0.002473
1 0.690927 0.361763 0.013098 0.027217 0.002473
1 0.909385 0.361762 0.093887 0.161259 0.500000
1 0.907989 0.361744 0.096901 0.161481 0.268941
1 0.908427 0.358764 0.097978 0.158525 0.268941
1 0.136848 0.386986 0.207229 0.285484 0.731059
1 0.136946 0.384103 0.207283 0.284840 0.731059
1 0.135746 0.384466 0.203876 0.286803 0.731059
1 0.908004 0.359407 0.096839 0.156346 0.268941
1 0.907313 0.359368 0.099204 0.156272 0.500000
1 0.135807 0.386184 0.210061 0.283774 0.006693
1 0.135583 0.385443 0.210006 0.288664 0.500000
1 0.136187 0.384144 0.202927 0.284850 0.731059
1 0.135747 0.383828 0.203864 0.285458 0.500000
1 0.134562 0.384704 0.211783 0.283706 0.500000
1 0.134443 0.385980 0.206415 0.286261 0.500000
1 0.136521 0.385407 0.202279 0.288626 0.500000
1 0.134432 0.383855 0.206348 0.285369 0.002473
3 0.610906 0.335332 0.022248 0.036779 0.006693
3 0.612966 0.333164 0.026711 0.041798 0.006693
3 0.607931 0.339235 0.021846 0.030005 0.002473
3 0.612776 0.340877 0.024825 0.036339 0.002473
4 0.789116 0.242992 0.044728 0.071150 0.002473
