0 0.470225 0.312283 0.009773 0.042124 0.002473
0 0.555325 0.318773 0.005013 0.039093 0.017986
0 0.468737 0.319138 0.006795 0.018818 0.006693
0 0.556230 0.318495 0.006780 0.029942 0.017986
0 0.445823 0.328578 0.019066 0.032378 0.002473
1 0.440627 0.320467 0.031313 0.041878 0.002473
1 0.440737 0.321222 0.029280 0.043359 0.002473
1 0.593848 0.331273 0.072265 0.069634 0.731059
1 0.592905 0.330834 0.070392 0.068726 0.500000
1 0.594701 0.330517 0.070579 0.068118 0.731059
1 0.439175 0.324474 0.034200 0.033875 0.119203
1 0.443744 0.326929 0.025018 0.028966 0.119203
1 0.447702 0.325359 0.020203 0.025872 0.017986
1 0.521841 0.320487 0.019056 0.016084 0.017986
1 0.531674 0.325301 0.014401 0.016099 0.006693
1 0.539238 0.325312 0.021892 0.016055 0.047426
1 0.593023 0.328444 0.070795 0.073548 0.500000
1 0.594712 0.330957 0.070256 0.068957 0.731059
1 0.594713 0.331590 0.070258 0.070220 0.731059
1 0.595114 0.331593 0.071150 0.070226 0.500000
1 0.439129 0.325793 0.028415 0.036742 0.002473
1 0.445823 0.328578 0.019066 0.032378 0.002473
1 0.594713 0.331712 0.070256 0.070451 0.500000
1 0.593776 0.330961 0.072132 0.068948 0.500000
1 0.594226 0.328560 0.073028 0.073772 0.731059
1 0.594758 0.331797 0.070443 0.070556 0.017986
1 0.991355 0.428825 0.017456 0.379229 0.006693
1 0.991339 0.460459 0.017380 0.311914 0.047426
1 0.991329 0.478458 0.017362 0.281951 0.119203
1 0.991339 0.492269 0.017380 0.261432 0.047426
1 0.991338 0.508960 0.017382 0.277819 0.017986
1 0.991342 0.511231 0.017374 0.271304 0.047426
1 0.991342 0.508654 0.017374 0.264329 0.119203
1 0.989895 0.511586 0.014480 0.287442 0.047426
1 0.989727 0.532584 0.020571 0.357084 0.002473
1 0.992219 0.527616 0.015648 0.341586 0.119203
1 0.992213 0.547049 0.015662 0.398438 0.002473
1 0.784612 0.365912 0.305159 0.351310 0.924142
1 0.785567 0.366749 0.306885 0.349837 0.939913
1 0.782521 0.366499 0.311655 0.350201 0.924142
1 0.782697 0.373627 0.309325 0.341270 0.924142
1 0.785856 0.371582 0.305257 0.346037 0.924142
1 0.782326 0.371229 0.311126 0.341263 0.904651
1 0.784383 0.368730 0.301186 0.340572 0.924142
1 0.780192 0.369849 0.311051 0.338545 0.939913
1 0.786142 0.375017 0.303394 0.343796 0.939913
1 0.781816 0.375000 0.312010 0.343782 0.904651
5 0.440627 0.320467 0.031313 0.041878 0.002473
5 0.440737 0.321222 0.029280 0.043359 0.006693
5 0.439175 0.324474 0.034200 0.033875 0.006693
5 0.443744 0.326929 0.025018 0.028966 0.119203
5 0.447702 0.325359 0.020203 0.025872 0.006693
5 0.439129 0.325793 0.028415 0.036742 0.002473
5 0.445823 0.328578 0.019066 0.032378 0.017986
5 0.447642 0.328634 0.020358 0.032416 0.002473
