0 0.995139 0.317041 0.009801 0.295771 0.002473
0 0.995148 0.322511 0.009783 0.293749 0.006693
0 0.995157 0.330942 0.009766 0.311084 0.006693
0 0.817094 0.368609 0.025781 0.070322 0.002473
1 0.426420 0.338670 0.128075 0.125847 0.731059
1 0.497546 0.331774 0.045243 0.061380 0.268941
1 0.497074 0.332414 0.049955 0.062639 0.268941
1 0.497063 0.331778 0.050044 0.064378 0.500000
1 0.334839 0.335529 0.042895 0.046866 0.002473
1 0.423545 0.338334 0.127995 0.125311 0.500000
1 0.424925 0.339792 0.130978 0.128218 0.731059
1 0.424949 0.338334 0.131018 0.125316 0.500000
1 0.496121 0.331629 0.048088 0.064034 0.500000
1 0.496162 0.330899 0.048148 0.062502 0.731059
1 0.497098 0.331674 0.050002 0.061128 0.500000
1 0.524989 0.333159 0.025028 0.041976 0.119203
1 0.525009 0.330814 0.025037 0.046651 0.268941
1 0.539640 0.330954 0.015027 0.027301 0.119203
1 0.600418 0.335579 0.016379 0.027399 0.002473
1 0.603390 0.335473 0.019307 0.027098 0.017986
1 0.824129 0.351996 0.015483 0.104656 0.002473
1 0.345939 0.342478 0.026267 0.033291 0.002473
1 0.346961 0.345776 0.025336 0.026703 0.002473
1 0.425000 0.339828 0.130824 0.128157 0.731059
1 0.423534 0.339794 0.127976 0.128218 0.731059
1 0.423553 0.339908 0.128008 0.128452 0.731059
1 0.497058 0.331630 0.049964 0.061044 0.500000
1 0.496160 0.330897 0.048144 0.062509 0.731059
1 0.497068 0.331629 0.050043 0.060980 0.731059
1 0.523069 0.329167 0.022056 0.050045 0.047426
1 0.523492 0.333187 0.022273 0.042009 0.500000
1 0.540560 0.331791 0.013138 0.028892 0.047426
1 0.598460 0.336124 0.016408 0.026511 0.002473
1 0.604419 0.336134 0.023269 0.026445 0.047426
1 0.625932 0.340787 0.021327 0.026807 0.002473
1 0.629837 0.345964 0.027889 0.026077 0.002473
1 0.822300 0.372001 0.019092 0.069144 0.002473
1 0.424994 0.341384 0.130911 0.125085 0.500000
1 0.423548 0.339797 0.127954 0.128226 0.500000
1 0.425010 0.339748 0.125096 0.122091 0.731059
3 0.525009 0.330814 0.025037 0.046651 0.006693
3 0.539640 0.330954 0.015027 0.027301 0.002473
3 0.523492 0.333187 0.022273 0.042009 0.006693
3 0.540560 0.331791 0.013138 0.028892 0.002473
4 0.806467 0.374709 0.038946 0.078410 0.002473
4 0.814687 0.386546 0.030327 0.076886 0.006693
4 0.817094 0.385769 0.025781 0.065765 0.002473
4 0.819937 0.377139 0.023835 0.073483 0.002473
4 0.807309 0.399251 0.042118 0.080605 0.002473
4 0.811785 0.402593 0.036430 0.080502 0.017986
4 0.814147 0.401223 0.028660 0.083084 0.006693
4 0.817396 0.395389 0.030887 0.094392 0.002473
4 0.803813 0.411918 0.049275 0.091762 0.002473
4 0.807518 0.414091 0.041959 0.095739 0.006693
4 0.808421 0.413714 0.042392 0.106803 0.006693
4 0.799769 0.424019 0.057609 0.102693 0.002473
4 0.796538 0.425379 0.058211 0.115654 0.006693
4 0.799311 0.430944 0.064948 0.141992 0.002473
4 0.795189 0.432309 0.063995 0.139827 0.002473
