0 0.361034 0.327552 0.022249 0.072648 0.002473
0 0.573521 0.318956 0.012544 0.045144 0.006693
0 0.352523 0.330101 0.015766 0.065947 0.006693
0 0.365856 0.333654 0.012742 0.058928 0.002473
0 0.381959 0.334719 0.017066 0.028699 0.002473
0 0.420529 0.333251 0.024073 0.032146 0.002473
0 0.425603 0.333108 0.014469 0.025757 0.002473
0 0.571650 0.322202 0.012539 0.043503 0.006693
0 0.368609 0.342565 0.007039 0.047630 0.002473
0 0.380914 0.338517 0.019118 0.031334 0.002473
0 0.570265 0.324096 0.009839 0.050740 0.002473
0 0.366283 0.344563 0.007922 0.045100 0.002473
1 0.319510 0.306958 0.040202 0.031036 0.006693
1 0.325636 0.306989 0.039418 0.030898 0.002473
1 0.328056 0.306857 0.037777 0.040197 0.002473
1 0.309104 0.325145 0.021751 0.040732 0.002473
1 0.334988 0.334872 0.022481 0.056878 0.002473
1 0.381959 0.334719 0.017066 0.028699 0.017986
1 0.410099 0.325476 0.021560 0.041373 0.002473
1 0.420529 0.333251 0.024073 0.032146 0.002473
1 0.425603 0.333108 0.014469 0.025757 0.002473
1 0.456026 0.322859 0.013106 0.020996 0.006693
1 0.508660 0.318940 0.007817 0.012929 0.017986
1 0.533317 0.316672 0.019144 0.023750 0.002473
1 0.538430 0.320300 0.011851 0.016459 0.002473
1 0.571650 0.322202 0.012539 0.043503 0.002473
1 0.182911 0.371119 0.141043 0.142955 0.500000
1 0.181201 0.371150 0.143528 0.143016 0.731059
1 0.181198 0.371144 0.143531 0.143036 0.731059
1 0.320969 0.348989 0.017314 0.034292 0.002473
1 0.380914 0.338517 0.019118 0.031334 0.047426
1 0.417070 0.339225 0.028630 0.014109 0.002473
1 0.422027 0.338911 0.019192 0.020910 0.047426
1 0.423661 0.339714 0.016365 0.013071 0.119203
1 0.182729 0.371083 0.140712 0.142703 0.500000
1 0.181194 0.371084 0.143542 0.142704 0.500000
1 0.181179 0.372644 0.143475 0.145844 0.731059
1 0.183540 0.372587 0.142870 0.145779 0.731059
1 0.181171 0.371030 0.143492 0.142668 0.731059
1 0.181205 0.371831 0.143521 0.141226 0.500000
1 0.181098 0.371207 0.143991 0.142491 0.500000
2 0.325636 0.306989 0.039418 0.030898 0.002473
2 0.456026 0.322859 0.013106 0.020996 0.002473
3 0.456026 0.322859 0.013106 0.020996 0.002473
3 0.380914 0.338517 0.019118 0.031334 0.002473
4 0.018824 0.351562 0.038095 0.165737 0.002473
4 0.025860 0.353726 0.052110 0.154852 0.002473
4 0.030855 0.345863 0.064512 0.123293 0.002473
4 0.099069 0.329400 0.041640 0.087017 0.006693
4 0.019735 0.363587 0.039917 0.175883 0.002473
4 0.026247 0.366106 0.052639 0.163878 0.006693
4 0.030389 0.366663 0.063428 0.153548 0.006693
4 0.088406 0.331749 0.050614 0.079377 0.002473
4 0.097908 0.332777 0.044072 0.086077 0.006693
4 0.320969 0.348989 0.017314 0.034292 0.002473
4 0.332580 0.348674 0.010929 0.036215 0.006693
4 0.019104 0.367841 0.038622 0.177507 0.002473
4 0.026213 0.366408 0.052485 0.162936 0.006693
4 0.031879 0.368734 0.063902 0.146477 0.017986
4 0.321917 0.356820 0.013288 0.026817 0.006693
4 0.329271 0.351608 0.010963 0.037212 0.002473
4 0.026799 0.371335 0.053537 0.159928 0.002473
4 0.032090 0.374487 0.063435 0.140673 0.006693
4 0.025785 0.374460 0.051508 0.156093 0.002473
4 0.034413 0.381256 0.057001 0.127415 0.006693
4 0.043147 0.394419 0.037664 0.101596 0.002473
5 0.355768 0.326212 0.022309 0.069546 0.002473
5 0.349496 0.332145 0.020147 0.061595 0.002473
5 0.352523 0.330101 0.015766 0.065947 0.017986
5 0.365856 0.333654 0.012742 0.058928 0.002473
5 0.332580 0.348674 0.010929 0.036215 0.002473
5 0.352321 0.345164 0.020433 0.040135 0.006693
5 0.353997 0.345896 0.017962 0.037391 0.006693
5 0.349730 0.350048 0.018978 0.034093 0.002473
5 0.356258 0.349314 0.019420 0.035537 0.006693
