0 0.396731 0.335596 0.012781 0.037054 0.017986
0 0.434816 0.331462 0.014124 0.029016 0.017986
0 0.442056 0.330521 0.010162 0.026692 0.017986
0 0.395207 0.336047 0.009722 0.036287 0.017986
0 0.402615 0.336856 0.014038 0.025021 0.002473
0 0.432719 0.336886 0.009698 0.018729 0.017986
0 0.442047 0.334493 0.010140 0.023572 0.047426
1 0.364428 0.310240 0.029863 0.027681 0.002473
1 0.364217 0.311426 0.028502 0.023675 0.002473
1 0.273244 0.350170 0.134053 0.091324 0.017986
1 0.271870 0.352601 0.131348 0.096110 0.731059
1 0.271971 0.351748 0.131170 0.088170 0.731059
1 0.301771 0.336106 0.071705 0.057217 0.002473
1 0.345491 0.328379 0.017011 0.033508 0.002473
1 0.362858 0.325497 0.032796 0.037804 0.006693
1 0.365990 0.326890 0.030727 0.040670 0.002473
1 0.402453 0.331531 0.014473 0.028712 0.006693
1 0.434816 0.331462 0.014124 0.029016 0.006693
1 0.461273 0.325276 0.013207 0.016167 0.017986
1 0.462620 0.320473 0.015420 0.025772 0.006693
1 0.481554 0.321319 0.013269 0.008195 0.002473
1 0.532764 0.320312 0.009848 0.016469 0.002473
1 0.273354 0.351734 0.134145 0.088201 0.731059
1 0.271456 0.350197 0.132169 0.091275 0.500000
1 0.272357 0.350194 0.130319 0.091292 0.500000
1 0.328226 0.343631 0.018603 0.032691 0.002473
1 0.381248 0.343549 0.018715 0.030909 0.002473
1 0.402615 0.336856 0.014038 0.025021 0.017986
1 0.432719 0.336886 0.009698 0.018729 0.002473
1 0.271472 0.352583 0.132253 0.096133 0.731059
1 0.271422 0.351748 0.132187 0.088160 0.731059
1 0.272351 0.350194 0.130331 0.091292 0.500000
1 0.270863 0.350181 0.133321 0.091329 0.731059
1 0.272962 0.352588 0.129107 0.096147 0.500000
3 0.402453 0.331531 0.014473 0.028712 0.002473
3 0.434816 0.331462 0.014124 0.029016 0.002473
3 0.461273 0.325276 0.013207 0.016167 0.017986
3 0.462620 0.320473 0.015420 0.025772 0.017986
3 0.493813 0.321326 0.015130 0.008181 0.002473
3 0.402615 0.336856 0.014038 0.025021 0.006693
4 0.176145 0.356580 0.039806 0.089046 0.002473
4 0.176949 0.355591 0.040661 0.098068 0.002473
4 0.173748 0.355714 0.038014 0.097494 0.002473
4 0.381248 0.343549 0.018715 0.030909 0.002473
4 0.175041 0.359718 0.038817 0.091870 0.002473
5 0.378050 0.332815 0.019418 0.041513 0.002473
5 0.434816 0.331462 0.014124 0.029016 0.002473
5 0.442056 0.330521 0.010162 0.026692 0.002473
5 0.175727 0.356519 0.038223 0.098222 0.002473
5 0.381248 0.343549 0.018715 0.030909 0.006693
5 0.432719 0.336886 0.009698 0.018729 0.006693
