0 0.478861 0.326533 0.007964 0.037862 0.002473
0 0.478404 0.329515 0.006892 0.033491 0.002473
1 0.438957 0.333135 0.022237 0.031867 0.006693
1 0.441164 0.330855 0.018050 0.036764 0.119203
1 0.448783 0.328129 0.028673 0.031355 0.006693
1 0.588853 0.322766 0.021963 0.021181 0.017986
1 0.589341 0.322763 0.021826 0.021174 0.006693
1 0.360969 0.347686 0.027921 0.013059 0.002473
1 0.443552 0.331900 0.013032 0.028673 0.006693
1 0.160486 0.429626 0.320130 0.619206 0.924142
1 0.162735 0.427221 0.321247 0.598486 0.924142
1 0.159598 0.428472 0.330857 0.601330 0.904651
1 0.158618 0.444105 0.316437 0.628413 0.924142
1 0.162324 0.444109 0.325319 0.610719 0.924142
1 0.157679 0.444508 0.331468 0.624147 0.924142
1 0.171617 0.441012 0.319896 0.612111 0.924142
1 0.162048 0.431043 0.316810 0.601078 0.939913
1 0.164285 0.432885 0.327815 0.607723 0.939913
1 0.160855 0.436829 0.321824 0.612104 0.924142
4 0.438957 0.333135 0.022237 0.031867 0.002473
4 0.441164 0.330855 0.018050 0.036764 0.006693
4 0.443552 0.331900 0.013032 0.028673 0.047426
