0 0.317773 0.325327 0.005068 0.016287 0.002473
1 0.967515 0.260665 0.054385 0.051627 0.002473
1 0.967797 0.258093 0.053754 0.057255 0.006693
1 0.968924 0.260673 0.056050 0.062702 0.006693
1 0.665296 0.275032 0.064010 0.039886 0.002473
1 0.242901 0.353291 0.095379 0.144567 0.731059
1 0.243776 0.353282 0.097127 0.144550 0.500000
1 0.372099 0.339748 0.050001 0.054548 0.500000
1 0.373548 0.339751 0.047137 0.054538 0.500000
1 0.372098 0.337342 0.050020 0.059353 0.268941
1 0.372097 0.339735 0.050045 0.054583 0.500000
1 0.242890 0.351488 0.095358 0.141707 0.731059
1 0.243775 0.352786 0.097127 0.144306 0.500000
1 0.243774 0.351219 0.093380 0.141171 0.500000
1 0.372099 0.339753 0.049999 0.054539 0.731059
1 0.372101 0.337373 0.050025 0.059376 0.731059
1 0.373546 0.337373 0.052897 0.059376 0.500000
1 0.374984 0.339758 0.050052 0.054605 0.500000
1 0.494074 0.341103 0.021838 0.036543 0.002473
1 0.501001 0.340334 0.010952 0.045911 0.002473
1 0.242898 0.351183 0.095337 0.141295 0.500000
1 0.243840 0.352551 0.093504 0.144373 0.500000
1 0.243753 0.350427 0.093435 0.142769 0.500000
1 0.373498 0.339815 0.047159 0.054525 0.002473
1 0.372106 0.339785 0.050020 0.054571 0.500000
1 0.373533 0.337365 0.047148 0.059406 0.731059
1 0.243811 0.352359 0.093530 0.145235 0.500000
1 0.243827 0.351510 0.093580 0.141758 0.500000
1 0.857373 0.416111 0.285229 0.268567 0.904651
1 0.860826 0.419252 0.288965 0.263017 0.037327
1 0.859728 0.414283 0.286259 0.269212 0.001170
1 0.855917 0.414938 0.281821 0.275975 0.880797
1 0.857512 0.413424 0.284930 0.272884 0.880797
1 0.861839 0.414341 0.289902 0.275801 0.851953
1 0.856124 0.416554 0.278918 0.278769 0.851953
1 0.856024 0.414890 0.284503 0.261644 0.880797
1 0.857602 0.420618 0.284784 0.263421 0.880797
1 0.862911 0.418355 0.287314 0.268636 0.880797
1 0.856773 0.419641 0.280381 0.271661 0.731059
1 0.857870 0.421333 0.287276 0.269141 0.222700
4 0.639356 0.344092 0.034595 0.052079 0.002473
4 0.643893 0.346351 0.038478 0.057717 0.006693
4 0.640099 0.351226 0.036989 0.057518 0.002473
4 0.642558 0.349053 0.041319 0.052652 0.002473
