0 0.032897 0.345688 0.016283 0.068185 0.002473
0 0.070490 0.346038 0.010302 0.067948 0.002473
0 0.192279 0.340876 0.009947 0.026676 0.002473
1 0.364430 0.329293 0.065337 0.059393 0.500000
1 0.364368 0.329290 0.065498 0.059387 0.500000
1 0.364810 0.325326 0.064579 0.057736 0.500000
1 0.428297 0.325239 0.062507 0.067563 0.268941
1 0.426476 0.327736 0.062522 0.062578 0.500000
1 0.428307 0.325318 0.062470 0.067415 0.500000
1 0.314091 0.330128 0.047537 0.047947 0.002473
1 0.312755 0.332493 0.043655 0.033699 0.017986
1 0.313544 0.332491 0.042071 0.033704 0.006693
1 0.313773 0.331011 0.041905 0.036619 0.017986
1 0.364427 0.327742 0.065342 0.062502 0.880797
1 0.364803 0.327731 0.064571 0.062502 0.500000
1 0.364367 0.327734 0.065497 0.062500 0.500000
1 0.364814 0.329301 0.064587 0.059396 0.500000
1 0.427346 0.329217 0.060666 0.065865 0.731059
1 0.427400 0.327722 0.060632 0.062547 0.731059
1 0.428355 0.327730 0.062503 0.062513 0.731059
1 0.428337 0.325329 0.062498 0.067342 0.731059
1 0.465842 0.316521 0.012622 0.017777 0.047426
1 0.484118 0.316476 0.012554 0.024103 0.006693
1 0.504770 0.320516 0.015489 0.016068 0.268941
1 0.312609 0.331085 0.044572 0.036590 0.002473
1 0.314098 0.333371 0.040765 0.031983 0.017986
1 0.314091 0.333303 0.040740 0.041740 0.006693
1 0.314286 0.330885 0.040745 0.037007 0.017986
1 0.364433 0.329295 0.065347 0.065616 0.500000
1 0.364433 0.329295 0.065346 0.059386 0.500000
1 0.364355 0.327741 0.065469 0.062501 0.731059
1 0.428313 0.327751 0.062454 0.062498 0.500000
1 0.428347 0.329297 0.062518 0.065620 0.500000
1 0.428318 0.326896 0.062543 0.070426 0.500000
2 0.313824 0.311883 0.047598 0.073011 0.006693
2 0.312449 0.313864 0.050185 0.070276 0.006693
2 0.312447 0.313877 0.050480 0.070282 0.002473
2 0.312571 0.313852 0.050607 0.070380 0.006693
2 0.314068 0.314358 0.047587 0.069504 0.017986
2 0.312563 0.315101 0.050153 0.067875 0.017986
2 0.312512 0.314793 0.050080 0.068478 0.017986
2 0.311219 0.315054 0.047531 0.068408 0.119203
2 0.481228 0.314783 0.012706 0.027412 0.002473
2 0.314091 0.330128 0.047537 0.047947 0.002473
2 0.313773 0.331011 0.041905 0.036619 0.002473
2 0.465842 0.316521 0.012622 0.017777 0.006693
2 0.484118 0.316476 0.012554 0.024103 0.047426
2 0.314091 0.333303 0.040740 0.041740 0.002473
2 0.314286 0.330885 0.040745 0.037007 0.002473
3 0.313824 0.311883 0.047598 0.073011 0.017986
3 0.312449 0.313864 0.050185 0.070276 0.017986
3 0.312447 0.313877 0.050480 0.070282 0.017986
3 0.312571 0.313852 0.050607 0.070380 0.017986
3 0.408723 0.295287 0.042600 0.058870 0.268941
3 0.407808 0.295069 0.041625 0.048881 0.268941
3 0.408767 0.297155 0.036194 0.053102 0.047426
3 0.314068 0.314358 0.047587 0.069504 0.047426
3 0.312563 0.315101 0.050153 0.067875 0.119203
3 0.312512 0.314793 0.050080 0.068478 0.047426
3 0.311219 0.315054 0.047531 0.068408 0.047426
3 0.481228 0.314783 0.012706 0.027412 0.006693
3 0.314091 0.330128 0.047537 0.047947 0.017986
3 0.312755 0.332493 0.043655 0.033699 0.047426
3 0.313544 0.332491 0.042071 0.033704 0.047426
3 0.313773 0.331011 0.041905 0.036619 0.119203
3 0.465842 0.316521 0.012622 0.017777 0.017986
3 0.484118 0.316476 0.012554 0.024103 0.500000
3 0.312609 0.331085 0.044572 0.036590 0.002473
3 0.314098 0.333371 0.040765 0.031983 0.047426
3 0.314091 0.333303 0.040740 0.041740 0.047426
3 0.314286 0.330885 0.040745 0.037007 0.119203
4 0.186130 0.343622 0.018231 0.031020 0.002473
4 0.192279 0.340876 0.009947 0.026676 0.017986
4 0.080333 0.356710 0.025105 0.036677 0.002473
5 0.219931 0.344845 0.022888 0.034834 0.002473
