0 0.280682 0.279258 0.020049 0.042773 0.047426
0 0.274342 0.283855 0.018002 0.036520 0.006693
0 0.279820 0.281257 0.015490 0.041710 0.047426
0 0.434403 0.338211 0.025046 0.125314 0.017986
0 0.270483 0.294411 0.021804 0.026617 0.002473
0 0.277064 0.284165 0.026808 0.047564 0.017986
0 0.433552 0.345078 0.026716 0.132038 0.119203
0 0.497098 0.337313 0.024982 0.091332 0.268941
0 0.498554 0.334947 0.022120 0.096238 0.500000
0 0.543737 0.317274 0.006796 0.041735 0.002473
0 0.279024 0.296419 0.027700 0.080507 0.006693
0 0.433621 0.343833 0.026840 0.135817 0.268941
0 0.432736 0.341269 0.025013 0.140478 0.500000
0 0.497107 0.335760 0.025000 0.088367 0.268941
0 0.497111 0.335745 0.025004 0.088231 0.500000
0 0.433619 0.342308 0.026837 0.132752 0.500000
0 0.432289 0.343649 0.024116 0.135692 0.268941
0 0.497109 0.335766 0.024996 0.088192 0.268941
0 0.498555 0.337278 0.022115 0.091349 0.268941
0 0.433618 0.342197 0.023187 0.132976 0.500000
0 0.433666 0.342094 0.023156 0.133009 0.268941
0 0.498552 0.337309 0.022110 0.091288 0.500000
0 0.498557 0.338058 0.022115 0.092782 0.500000
0 0.433592 0.343795 0.023132 0.129845 0.268941
0 0.433664 0.343836 0.023159 0.135789 0.268941
0 0.432588 0.344202 0.024866 0.129068 0.500000
0 0.432730 0.345708 0.025028 0.132299 0.002473
1 0.096643 0.226651 0.136528 0.151814 0.268941
1 0.097183 0.227381 0.138203 0.153280 0.017986
1 0.091828 0.228330 0.121216 0.155053 0.047426
1 0.095512 0.228381 0.134266 0.154951 0.119203
1 0.097440 0.229179 0.138653 0.165793 0.047426
1 0.090014 0.227257 0.119445 0.152998 0.119203
1 0.095270 0.228827 0.133906 0.156068 0.047426
1 0.096229 0.226387 0.142583 0.161213 0.119203
1 0.034125 0.264432 0.021944 0.069999 0.002473
1 0.080981 0.228820 0.102100 0.156003 0.119203
1 0.085144 0.228857 0.118910 0.156063 0.119203
1 0.094364 0.226980 0.131777 0.160976 0.047426
1 0.144081 0.235878 0.062152 0.143445 0.002473
1 0.147293 0.245015 0.062326 0.125167 0.002473
1 0.147619 0.263096 0.062728 0.088681 0.002473
1 0.037219 0.278485 0.025502 0.044315 0.002473
1 0.145665 0.254765 0.059316 0.105703 0.006693
1 0.147313 0.260127 0.061406 0.104613 0.002473
1 0.146380 0.275012 0.057528 0.074977 0.006693
1 0.147579 0.289761 0.056107 0.045344 0.002473
1 0.190173 0.287782 0.032987 0.039208 0.002473
1 0.192782 0.288912 0.036348 0.037041 0.006693
1 0.218202 0.295558 0.077198 0.033644 0.006693
1 0.222174 0.297985 0.077885 0.038456 0.047426
1 0.227418 0.295607 0.070717 0.033698 0.017986
1 0.233501 0.295674 0.058214 0.033833 0.017986
1 0.240678 0.293080 0.044910 0.028704 0.047426
1 0.274342 0.283855 0.018002 0.036520 0.002473
1 0.141050 0.274226 0.062856 0.067207 0.002473
1 0.146427 0.284346 0.057783 0.056369 0.006693
1 0.145817 0.286165 0.058403 0.043073 0.002473
1 0.147814 0.290007 0.060264 0.045033 0.006693
1 0.150262 0.294105 0.055359 0.036927 0.006693
1 0.201838 0.298474 0.054129 0.028365 0.006693
1 0.213219 0.297673 0.076588 0.029957 0.047426
1 0.222358 0.298536 0.088254 0.037684 0.047426
1 0.221083 0.298999 0.084322 0.036758 0.047426
1 0.221590 0.298251 0.077588 0.038254 0.047426
1 0.228031 0.298134 0.071356 0.038500 0.047426
1 0.238235 0.295757 0.052142 0.033784 0.047426
1 0.270483 0.294411 0.021804 0.026617 0.002473
1 0.341081 0.346375 0.148969 0.183198 0.002473
1 0.624973 0.343307 0.125164 0.129000 0.952574
1 0.230458 0.305407 0.111401 0.048538 0.002473
1 0.227991 0.306823 0.105217 0.055575 0.006693
1 0.231717 0.306683 0.106362 0.054071 0.017986
1 0.231130 0.308370 0.096008 0.065065 0.006693
1 0.341968 0.343846 0.147182 0.187698 0.500000
1 0.341585 0.348742 0.147757 0.187738 0.500000
1 0.340679 0.343939 0.149572 0.187541 0.731059
1 0.623571 0.342138 0.127968 0.132924 0.731059
1 0.626448 0.341393 0.127897 0.131420 0.500000
1 0.624991 0.341722 0.130825 0.132094 0.731059
1 0.343103 0.346148 0.144966 0.192459 0.500000
1 0.339676 0.343742 0.145775 0.187514 0.500000
1 0.341093 0.346162 0.148650 0.192354 0.500000
1 0.623570 0.343591 0.127972 0.129557 0.731059
1 0.623559 0.342070 0.127925 0.132595 0.500000
1 0.624977 0.342882 0.130854 0.127994 0.731059
1 0.343664 0.343806 0.143841 0.187744 0.268941
1 0.341054 0.343750 0.148824 0.187498 0.500000
1 0.341062 0.343735 0.148711 0.177935 0.500000
1 0.625018 0.342050 0.130867 0.132646 0.500000
1 0.623535 0.342151 0.127974 0.132442 0.731059
1 0.623475 0.343444 0.128055 0.135075 0.731059
1 0.341839 0.343753 0.147249 0.187508 0.731059
1 0.149859 0.389609 0.293375 0.461264 0.001170
1 0.839110 0.355538 0.302941 0.634277 0.562177
1 0.841545 0.358314 0.304512 0.613580 0.904651
1 0.837557 0.357582 0.324826 0.626857 0.924142
1 0.846440 0.356194 0.312628 0.629603 0.924142
1 0.841725 0.348386 0.306471 0.614338 0.904651
1 0.843435 0.346860 0.306819 0.615811 0.924142
1 0.837869 0.347395 0.312054 0.617260 0.924142
1 0.851289 0.355058 0.306216 0.609896 0.924142
1 0.851968 0.360864 0.293255 0.610434 0.014064
1 0.844235 0.362375 0.313586 0.608797 0.939913
1 0.838964 0.361492 0.308806 0.605827 0.939913
1 0.849557 0.361528 0.306128 0.605391 0.119203
3 0.096643 0.226651 0.136528 0.151814 0.047426
3 0.097183 0.227381 0.138203 0.153280 0.047426
3 0.091828 0.228330 0.121216 0.155053 0.006693
3 0.095512 0.228381 0.134266 0.154951 0.047426
3 0.097440 0.229179 0.138653 0.165793 0.119203
3 0.097173 0.229883 0.142784 0.154677 0.047426
3 0.090014 0.227257 0.119445 0.152998 0.017986
3 0.095270 0.228827 0.133906 0.156068 0.047426
3 0.096229 0.226387 0.142583 0.161213 0.047426
3 0.128004 0.236581 0.095660 0.140598 0.002473
3 0.143230 0.238484 0.066894 0.136800 0.002473
3 0.080981 0.228820 0.102100 0.156003 0.002473
3 0.085144 0.228857 0.118910 0.156063 0.017986
3 0.094364 0.226980 0.131777 0.160976 0.047426
3 0.106795 0.227490 0.138339 0.160202 0.002473
3 0.144081 0.235878 0.062152 0.143445 0.006693
3 0.147293 0.245015 0.062326 0.125167 0.006693
3 0.147619 0.263096 0.062728 0.088681 0.002473
3 0.307728 0.278303 0.067517 0.047249 0.002473
3 0.316467 0.280502 0.093020 0.061192 0.002473
3 0.142366 0.236262 0.065928 0.152276 0.002473
3 0.145665 0.254765 0.059316 0.105703 0.017986
3 0.147313 0.260127 0.061406 0.104613 0.006693
3 0.146380 0.275012 0.057528 0.074977 0.006693
3 0.147579 0.289761 0.056107 0.045344 0.002473
3 0.222174 0.297985 0.077885 0.038456 0.002473
3 0.227418 0.295607 0.070717 0.033698 0.002473
3 0.233501 0.295674 0.058214 0.033833 0.002473
3 0.240678 0.293080 0.044910 0.028704 0.006693
3 0.384088 0.289457 0.027713 0.047769 0.002473
3 0.409856 0.305572 0.039620 0.060000 0.017986
3 0.409614 0.302454 0.040667 0.063357 0.006693
3 0.141050 0.274226 0.062856 0.067207 0.002473
3 0.146427 0.284346 0.057783 0.056369 0.006693
3 0.145817 0.286165 0.058403 0.043073 0.006693
3 0.147814 0.290007 0.060264 0.045033 0.002473
3 0.221590 0.298251 0.077588 0.038254 0.002473
3 0.228031 0.298134 0.071356 0.038500 0.002473
3 0.238235 0.295757 0.052142 0.033784 0.002473
3 0.408449 0.307280 0.034115 0.060196 0.002473
3 0.409746 0.315156 0.038480 0.071436 0.002473
3 0.231130 0.308370 0.096008 0.065065 0.002473
3 0.149859 0.389609 0.293375 0.461264 0.817575
3 0.148897 0.387118 0.287468 0.453182 0.377541
3 0.146851 0.390540 0.290935 0.465678 0.817575
3 0.150658 0.384981 0.295160 0.449665 0.817575
3 0.147450 0.386970 0.288472 0.447459 0.817575
3 0.151958 0.390112 0.300789 0.449603 0.817575
3 0.146830 0.383839 0.290909 0.463275 0.817575
3 0.149225 0.387086 0.292341 0.460819 0.817575
3 0.148406 0.387033 0.293966 0.456408 0.817575
3 0.151197 0.387510 0.301855 0.451342 0.817575
3 0.148418 0.388569 0.293738 0.453429 0.622459
3 0.148399 0.390871 0.293953 0.452962 0.006693
