0 0.455976 0.329729 0.019043 0.109571 0.006693
0 0.456250 0.338422 0.018338 0.093835 0.268941
0 0.540330 0.335710 0.019347 0.078524 0.017986
0 0.540813 0.333332 0.018392 0.083335 0.268941
0 0.454811 0.339352 0.015435 0.095155 0.268941
0 0.540334 0.335774 0.019358 0.078468 0.047426
0 0.540626 0.335761 0.018758 0.078480 0.268941
0 0.454802 0.338840 0.015452 0.094399 0.500000
0 0.540341 0.333364 0.019372 0.073649 0.047426
0 0.540810 0.335785 0.018390 0.078408 0.268941
0 0.452142 0.341426 0.020117 0.086885 0.002473
0 0.454802 0.338320 0.015453 0.094230 0.500000
0 0.458252 0.336307 0.022389 0.095841 0.002473
0 0.540341 0.335783 0.019372 0.078466 0.017986
0 0.540814 0.333369 0.018398 0.083271 0.500000
0 0.452311 0.341033 0.020447 0.093926 0.017986
0 0.454731 0.339104 0.015674 0.094615 0.268941
1 0.280478 0.268980 0.056399 0.089731 0.002473
1 0.282783 0.268521 0.066598 0.088725 0.002473
1 0.315768 0.292827 0.038644 0.039600 0.002473
1 0.340781 0.293937 0.032933 0.027446 0.006693
1 0.350435 0.293085 0.042394 0.028708 0.002473
1 0.365838 0.291522 0.057460 0.031835 0.002473
1 0.366256 0.288969 0.057682 0.036303 0.002473
1 0.273126 0.286655 0.041217 0.053139 0.002473
1 0.275569 0.275791 0.045266 0.073564 0.002473
1 0.315565 0.296400 0.036806 0.032617 0.002473
1 0.338984 0.297140 0.035052 0.021381 0.006693
1 0.342295 0.298117 0.033849 0.029638 0.017986
1 0.347740 0.299285 0.033157 0.027267 0.006693
1 0.363635 0.293103 0.060798 0.044456 0.002473
1 0.391072 0.339631 0.099725 0.137591 0.731059
1 0.437663 0.316633 0.019641 0.041892 0.002473
1 0.442176 0.320169 0.018297 0.057293 0.006693
1 0.600053 0.338912 0.075002 0.104181 0.731059
1 0.345070 0.314339 0.035731 0.064959 0.002473
1 0.395132 0.341177 0.095435 0.140782 0.268941
1 0.392044 0.339713 0.097111 0.137787 0.268941
1 0.394016 0.339700 0.096657 0.137816 0.500000
1 0.442217 0.328214 0.018239 0.060190 0.047426
1 0.507063 0.318925 0.020108 0.012984 0.002473
1 0.601479 0.338904 0.077959 0.104215 0.731059
1 0.602905 0.341314 0.075016 0.109021 0.500000
1 0.601460 0.341304 0.077908 0.109011 0.500000
1 0.397092 0.339562 0.091499 0.137625 0.731059
1 0.394862 0.341168 0.091208 0.140684 0.500000
1 0.393081 0.339586 0.094767 0.137577 0.268941
1 0.444243 0.339770 0.020522 0.075889 0.002473
1 0.602928 0.338907 0.075069 0.104202 0.500000
1 0.602926 0.341314 0.075070 0.109016 0.731059
1 0.602905 0.338909 0.075017 0.104207 0.500000
1 0.396018 0.339578 0.093625 0.138078 0.268941
1 0.393978 0.337124 0.093221 0.142523 0.500000
1 0.393739 0.339657 0.093451 0.137901 0.500000
1 0.601477 0.338760 0.077956 0.104504 0.268941
1 0.602906 0.338862 0.075019 0.104286 0.500000
1 0.602903 0.341274 0.075032 0.109099 0.500000
1 0.812180 0.440817 0.372695 0.553841 0.904651
1 0.817963 0.440555 0.360986 0.553486 0.939913
1 0.820029 0.439962 0.363255 0.558834 0.001927
1 0.816951 0.426372 0.376246 0.538682 0.924142
1 0.810016 0.436056 0.373944 0.548914 0.924142
1 0.821234 0.443100 0.369565 0.568389 0.939913
1 0.818112 0.445076 0.357825 0.576571 0.939913
1 0.819671 0.437504 0.367328 0.541978 0.880797
1 0.813190 0.436723 0.367794 0.564222 0.939913
1 0.824247 0.427698 0.366629 0.549501 0.939913
1 0.817178 0.427184 0.351690 0.545438 0.924142
2 0.275263 0.268504 0.045491 0.088556 0.002473
2 0.277241 0.270755 0.048638 0.083535 0.002473
2 0.350435 0.293085 0.042394 0.028708 0.002473
2 0.365838 0.291522 0.057460 0.031835 0.119203
2 0.366256 0.288969 0.057682 0.036303 0.047426
2 0.273126 0.286655 0.041217 0.053139 0.002473
2 0.275569 0.275791 0.045266 0.073564 0.006693
2 0.278322 0.285642 0.044617 0.044173 0.002473
2 0.347740 0.299285 0.033157 0.027267 0.006693
2 0.363635 0.293103 0.060798 0.044456 0.006693
3 0.275563 0.268341 0.051494 0.088175 0.002473
3 0.278004 0.270743 0.051260 0.083587 0.006693
3 0.280478 0.268980 0.056399 0.089731 0.006693
3 0.272969 0.268474 0.047263 0.088615 0.006693
3 0.275093 0.268457 0.050522 0.088331 0.006693
3 0.278631 0.268452 0.052226 0.088353 0.017986
3 0.282783 0.268521 0.066598 0.088725 0.017986
3 0.301233 0.275358 0.039833 0.075101 0.002473
3 0.275263 0.268504 0.045491 0.088556 0.017986
3 0.275194 0.270802 0.050231 0.083573 0.002473
3 0.277241 0.270755 0.048638 0.083535 0.006693
3 0.287594 0.270833 0.068679 0.083378 0.006693
3 0.315768 0.292827 0.038644 0.039600 0.002473
3 0.366256 0.288969 0.057682 0.036303 0.006693
3 0.443454 0.309381 0.035443 0.067776 0.002473
3 0.273126 0.286655 0.041217 0.053139 0.002473
3 0.275569 0.275791 0.045266 0.073564 0.017986
3 0.278322 0.285642 0.044617 0.044173 0.002473
3 0.391072 0.339631 0.099725 0.137591 0.002473
3 0.442176 0.320169 0.018297 0.057293 0.002473
3 0.395132 0.341177 0.095435 0.140782 0.002473
3 0.397092 0.339562 0.091499 0.137625 0.002473
3 0.396018 0.339578 0.093625 0.138078 0.002473
3 0.181154 0.372649 0.369518 0.738130 0.817575
3 0.185208 0.369151 0.370276 0.721676 0.880797
3 0.191776 0.376101 0.360371 0.719506 0.851953
3 0.180521 0.379094 0.370444 0.712581 0.851953
3 0.186157 0.381552 0.377970 0.711942 0.817575
3 0.192281 0.386554 0.356437 0.711681 0.777300
3 0.188850 0.387662 0.369422 0.730977 0.679179
3 0.177810 0.377324 0.375375 0.762728 0.817575
3 0.184346 0.378286 0.375406 0.747990 0.777300
3 0.192147 0.376696 0.362832 0.739281 0.731059
3 0.190863 0.375376 0.365902 0.753034 0.119203
