0 0.240401 0.309145 0.020153 0.109242 0.006693
0 0.632908 0.318385 0.021764 0.127389 0.017986
0 0.642344 0.317620 0.022230 0.135532 0.002473
0 0.652114 0.305902 0.015082 0.111862 0.119203
0 0.796630 0.308691 0.012580 0.111391 0.002473
0 0.006336 0.335933 0.012753 0.169292 0.002473
0 0.240408 0.317169 0.025051 0.104348 0.119203
0 0.240009 0.318151 0.020339 0.106312 0.047426
0 0.433670 0.315068 0.017347 0.088508 0.268941
0 0.434672 0.315284 0.019347 0.089065 0.017986
0 0.500918 0.311862 0.011866 0.064027 0.017986
0 0.634487 0.320506 0.024922 0.129861 0.017986
0 0.640705 0.318813 0.025509 0.137461 0.006693
0 0.652050 0.311534 0.015228 0.112951 0.047426
0 0.796645 0.315823 0.012548 0.105201 0.017986
0 0.239002 0.319911 0.022236 0.108303 0.017986
0 0.240598 0.324189 0.025014 0.117175 0.047426
0 0.415941 0.309669 0.013127 0.047676 0.006693
0 0.433671 0.314966 0.017350 0.088282 0.500000
0 0.434674 0.317383 0.019352 0.083577 0.017986
0 0.501960 0.314192 0.009770 0.055057 0.119203
0 0.516185 0.309898 0.008173 0.036865 0.006693
0 0.532766 0.312405 0.009893 0.042275 0.006693
0 0.542289 0.313179 0.009740 0.061208 0.002473
0 0.637512 0.321698 0.025079 0.132149 0.268941
0 0.636103 0.321462 0.022236 0.132777 0.268941
0 0.653043 0.312217 0.018996 0.114552 0.017986
0 0.795230 0.318621 0.015488 0.109910 0.006693
0 0.240412 0.324898 0.025069 0.124528 0.047426
0 0.240536 0.326905 0.025175 0.122317 0.017986
0 0.414889 0.315684 0.011047 0.056181 0.002473
0 0.433740 0.316486 0.017490 0.091312 0.500000
0 0.434680 0.317339 0.019336 0.083470 0.017986
0 0.501485 0.314084 0.012514 0.054746 0.268941
0 0.516340 0.312904 0.007860 0.031362 0.002473
0 0.636076 0.323064 0.027954 0.129574 0.268941
0 0.637580 0.324465 0.025190 0.132852 0.268941
0 0.652924 0.313447 0.019182 0.119553 0.017986
0 0.796672 0.319009 0.012603 0.109939 0.006693
0 0.240421 0.327197 0.025096 0.122711 0.047426
0 0.240535 0.330250 0.025175 0.119814 0.017986
0 0.409566 0.324754 0.020379 0.059333 0.002473
0 0.414311 0.320227 0.016334 0.058361 0.002473
0 0.433740 0.314932 0.017490 0.088201 0.500000
0 0.434679 0.316555 0.019333 0.091446 0.006693
0 0.636112 0.324624 0.028063 0.132705 0.268941
0 0.637725 0.324633 0.025481 0.132688 0.268941
0 0.651134 0.314946 0.017052 0.106205 0.017986
0 0.796623 0.318491 0.012698 0.102055 0.002473
0 0.092365 0.375007 0.016821 0.062988 0.002473
0 0.121356 0.358835 0.028805 0.081106 0.002473
0 0.240675 0.328378 0.025621 0.118487 0.047426
0 0.241477 0.328584 0.027059 0.118133 0.006693
0 0.638955 0.323388 0.027967 0.128991 0.268941
0 0.637572 0.323090 0.025228 0.129587 0.268941
0 0.092359 0.375177 0.016840 0.063544 0.002473
0 0.239217 0.328842 0.022805 0.118317 0.006693
0 0.241889 0.332373 0.026993 0.117412 0.002473
0 0.637545 0.324182 0.025256 0.127443 0.047426
0 0.637588 0.325737 0.025193 0.130573 0.017986
0 0.105854 0.395632 0.055549 0.209398 0.002473
1 0.106210 0.301841 0.065029 0.138953 0.006693
1 0.108935 0.298388 0.064154 0.140466 0.017986
1 0.112404 0.298124 0.053027 0.139398 0.002473
1 0.106870 0.301824 0.070122 0.146382 0.002473
1 0.154662 0.311537 0.040932 0.072903 0.002473
1 0.043326 0.323989 0.063023 0.151432 0.002473
1 0.102601 0.305322 0.079080 0.140234 0.002473
1 0.105336 0.298931 0.073690 0.140196 0.002473
1 0.153222 0.327593 0.031500 0.053038 0.006693
1 0.154747 0.326840 0.034419 0.054526 0.017986
1 0.156230 0.324416 0.037623 0.049778 0.017986
1 0.415941 0.309669 0.013127 0.047676 0.017986
1 0.468831 0.311693 0.013111 0.021264 0.002473
1 0.486020 0.314888 0.022067 0.036881 0.500000
1 0.487504 0.310069 0.019260 0.036900 0.268941
1 0.102880 0.308977 0.083273 0.147201 0.002473
1 0.116058 0.299289 0.045326 0.140331 0.002473
1 0.152650 0.328108 0.036148 0.052085 0.047426
1 0.156016 0.325702 0.037118 0.047282 0.047426
1 0.154779 0.325394 0.034700 0.047909 0.047426
1 0.414889 0.315684 0.011047 0.056181 0.017986
1 0.468758 0.315423 0.012572 0.015758 0.047426
1 0.487464 0.312490 0.019179 0.032106 0.268941
1 0.487501 0.314913 0.019236 0.036872 0.268941
1 0.150184 0.325709 0.025525 0.047317 0.006693
1 0.155336 0.328863 0.033432 0.050619 0.017986
1 0.159264 0.328600 0.031482 0.041512 0.047426
1 0.409566 0.324754 0.020379 0.059333 0.002473
1 0.009042 0.402675 0.018235 0.134811 0.002473
1 0.006513 0.418353 0.013184 0.112762 0.002473
2 0.106210 0.301841 0.065029 0.138953 0.006693
2 0.108935 0.298388 0.064154 0.140466 0.002473
2 0.112404 0.298124 0.053027 0.139398 0.002473
2 0.105336 0.298931 0.073690 0.140196 0.002473
3 0.113269 0.294720 0.048833 0.133260 0.002473
3 0.117143 0.289676 0.041752 0.121906 0.002473
3 0.104363 0.308946 0.066320 0.122611 0.006693
3 0.106210 0.301841 0.065029 0.138953 0.119203
3 0.108935 0.298388 0.064154 0.140466 0.119203
3 0.112404 0.298124 0.053027 0.139398 0.017986
3 0.375022 0.288848 0.100018 0.151482 0.500000
3 0.373519 0.288089 0.097039 0.149977 0.500000
3 0.374977 0.284066 0.100194 0.151585 0.017986
3 0.045734 0.321862 0.060491 0.131898 0.002473
3 0.050176 0.321245 0.077997 0.145653 0.006693
3 0.072344 0.320650 0.086001 0.132328 0.017986
3 0.096904 0.316749 0.081263 0.123944 0.006693
3 0.099960 0.311882 0.081386 0.127897 0.047426
3 0.104995 0.306442 0.074219 0.137124 0.047426
3 0.106870 0.301824 0.070122 0.146382 0.047426
3 0.112267 0.296205 0.063705 0.136942 0.006693
3 0.373652 0.286137 0.097309 0.155634 0.017986
3 0.373576 0.285697 0.097158 0.154742 0.268941
3 0.373534 0.285694 0.097099 0.154764 0.500000
3 0.372123 0.285682 0.100106 0.154788 0.268941
3 0.041259 0.336460 0.058732 0.175157 0.002473
3 0.043326 0.323989 0.063023 0.151432 0.002473
3 0.048518 0.323254 0.073237 0.150536 0.002473
3 0.074306 0.319457 0.093145 0.142858 0.006693
3 0.094872 0.321665 0.090089 0.132427 0.002473
3 0.100545 0.309219 0.086567 0.139301 0.017986
3 0.102601 0.305322 0.079080 0.140234 0.047426
3 0.105336 0.298931 0.073690 0.140196 0.047426
3 0.373510 0.287709 0.097025 0.149511 0.500000
3 0.373533 0.287708 0.097098 0.149519 0.500000
3 0.373464 0.285328 0.097151 0.154301 0.268941
3 0.415941 0.309669 0.013127 0.047676 0.006693
3 0.042479 0.340456 0.068112 0.173527 0.002473
3 0.045160 0.326182 0.068810 0.153573 0.006693
3 0.075558 0.321732 0.090998 0.134575 0.002473
3 0.095356 0.321021 0.091330 0.129643 0.002473
3 0.098051 0.315884 0.092639 0.139916 0.047426
3 0.102880 0.308977 0.083273 0.147201 0.119203
3 0.116058 0.299289 0.045326 0.140331 0.017986
3 0.373341 0.285487 0.096697 0.155215 0.268941
3 0.373496 0.285468 0.097077 0.155256 0.500000
3 0.414889 0.315684 0.011047 0.056181 0.002473
3 0.159264 0.328600 0.031482 0.041512 0.002473
4 0.652924 0.313447 0.019182 0.119553 0.002473
4 0.651134 0.314946 0.017052 0.106205 0.002473
4 0.860576 0.356552 0.045988 0.078698 0.002473
4 0.859609 0.357411 0.044279 0.076758 0.002473
4 0.009042 0.402675 0.018235 0.134811 0.002473
5 0.153222 0.327593 0.031500 0.053038 0.006693
5 0.154747 0.326840 0.034419 0.054526 0.002473
5 0.116058 0.299289 0.045326 0.140331 0.006693
5 0.152650 0.328108 0.036148 0.052085 0.006693
5 0.156016 0.325702 0.037118 0.047282 0.002473
5 0.134261 0.330153 0.025279 0.060155 0.002473
5 0.150184 0.325709 0.025525 0.047317 0.006693
5 0.155336 0.328863 0.033432 0.050619 0.006693
5 0.008783 0.391076 0.017709 0.164699 0.002473
