0 0.391315 0.308309 0.026951 0.088227 0.002473
0 0.543674 0.317710 0.007161 0.043191 0.006693
0 0.554757 0.320865 0.009759 0.048933 0.047426
0 0.543614 0.322597 0.007042 0.031988 0.017986
0 0.553851 0.324088 0.007791 0.044146 0.119203
0 0.554806 0.326468 0.009639 0.039585 0.268941
0 0.576478 0.320974 0.022098 0.097176 0.002473
0 0.578672 0.339852 0.018121 0.060910 0.002473
0 0.020341 0.401248 0.028231 0.059942 0.002473
1 0.471666 0.327575 0.037573 0.053027 0.268941
1 0.472600 0.324469 0.035626 0.049743 0.500000
1 0.472589 0.325201 0.035622 0.048215 0.268941
1 0.472585 0.324497 0.035654 0.049703 0.500000
1 0.472590 0.324497 0.035615 0.049703 0.500000
1 0.472594 0.325232 0.035610 0.048239 0.500000
1 0.495207 0.322915 0.009648 0.020933 0.047426
1 0.532698 0.318077 0.015452 0.020900 0.268941
1 0.472596 0.324545 0.035680 0.049647 0.500000
1 0.472600 0.327655 0.035626 0.053027 0.500000
1 0.472593 0.324500 0.035612 0.049711 0.500000
1 0.447785 0.343297 0.029777 0.048059 0.002473
3 0.589911 0.314727 0.049427 0.089021 0.006693
3 0.596205 0.319335 0.061580 0.097323 0.047426
3 0.594906 0.320153 0.064527 0.089158 0.268941
3 0.598049 0.319401 0.065196 0.097394 0.268941
3 0.599224 0.319384 0.067272 0.097452 0.268941
3 0.608283 0.314954 0.085323 0.099150 0.002473
3 0.595769 0.315931 0.060717 0.090368 0.268941
3 0.596047 0.315997 0.060931 0.090357 0.500000
3 0.595956 0.315984 0.060992 0.090310 0.268941
3 0.597476 0.318388 0.064030 0.085607 0.268941
3 0.607441 0.313972 0.089108 0.086992 0.006693
3 0.532698 0.318077 0.015452 0.020900 0.017986
3 0.595446 0.317624 0.060291 0.093771 0.017986
3 0.597080 0.315910 0.063062 0.090217 0.268941
3 0.595966 0.315971 0.060827 0.090337 0.268941
3 0.598407 0.315621 0.062168 0.089661 0.119203
3 0.596301 0.319657 0.061719 0.096705 0.119203
3 0.597682 0.320651 0.064329 0.099644 0.047426
3 0.834832 0.344491 0.327934 0.645964 0.075858
3 0.835978 0.342348 0.329170 0.653569 0.075858
3 0.837251 0.343901 0.333565 0.673398 0.003173
3 0.836181 0.353412 0.317293 0.640281 0.437824
3 0.833729 0.353862 0.326049 0.622705 0.437824
3 0.833275 0.347268 0.330469 0.633880 0.437824
3 0.840402 0.351089 0.324231 0.631817 0.377541
3 0.834698 0.350033 0.321174 0.594928 0.500000
3 0.837126 0.350803 0.328621 0.616803 0.500000
3 0.834353 0.349939 0.322008 0.618540 0.437824
3 0.843980 0.359061 0.320672 0.600158 0.437824
3 0.834280 0.398882 0.328068 0.530367 0.075858
3 0.840680 0.422611 0.327837 0.468687 0.268941
3 0.832777 0.443212 0.322379 0.426548 0.320821
3 0.842586 0.451901 0.326342 0.413793 0.119203
3 0.834965 0.458331 0.326297 0.400795 0.003173
3 0.835287 0.478184 0.320327 0.361929 0.029312
3 0.835703 0.486200 0.328586 0.350476 0.095349
3 0.839635 0.484666 0.331425 0.353190 0.022977
3 0.835863 0.482857 0.324885 0.352712 0.006693
3 0.835804 0.486338 0.325295 0.350176 0.010987
4 0.449099 0.336176 0.030163 0.061749 0.006693
4 0.447785 0.343297 0.029777 0.048059 0.017986
5 0.407252 0.343728 0.053823 0.128092 0.047426
5 0.409324 0.343410 0.056146 0.124453 0.500000
5 0.409119 0.343292 0.056476 0.124681 0.500000
5 0.445284 0.334421 0.036290 0.065814 0.002473
5 0.409376 0.343278 0.056257 0.127174 0.500000
5 0.409326 0.344194 0.056142 0.122888 0.500000
5 0.409303 0.344220 0.056108 0.122832 0.268941
5 0.449099 0.336176 0.030163 0.061749 0.017986
5 0.409322 0.344832 0.056151 0.124068 0.268941
5 0.409380 0.345354 0.056249 0.121793 0.500000
5 0.409302 0.344510 0.056111 0.123479 0.500000
5 0.447785 0.343297 0.029777 0.048059 0.017986
5 0.454552 0.330497 0.019312 0.073655 0.047426
5 0.409833 0.344913 0.055336 0.123906 0.268941
5 0.409803 0.345860 0.055323 0.119557 0.268941
