0 0.803923 0.280373 0.023624 0.075868 0.002473
0 0.804868 0.281585 0.024088 0.075455 0.002473
0 0.762907 0.309775 0.033064 0.088410 0.006693
0 0.765125 0.309801 0.036425 0.088463 0.006693
0 0.803104 0.287688 0.025574 0.064481 0.006693
0 0.804878 0.284566 0.024084 0.067397 0.006693
0 0.533713 0.314749 0.007946 0.027409 0.002473
0 0.612783 0.310422 0.016118 0.047497 0.002473
0 0.765062 0.312600 0.030612 0.084221 0.017986
0 0.765614 0.312238 0.031563 0.083071 0.017986
0 0.766215 0.305111 0.039630 0.087590 0.002473
0 0.804080 0.293352 0.023828 0.067004 0.002473
0 0.804693 0.293171 0.024444 0.059713 0.006693
0 0.533696 0.316481 0.007983 0.024132 0.002473
0 0.764130 0.314738 0.028760 0.089168 0.017986
0 0.764668 0.312617 0.029653 0.083702 0.017986
0 0.769711 0.314048 0.040110 0.091688 0.006693
0 0.802878 0.301628 0.025859 0.066430 0.002473
0 0.763905 0.318200 0.029155 0.084087 0.006693
0 0.764215 0.315666 0.028534 0.079019 0.017986
0 0.768618 0.318535 0.037864 0.087603 0.002473
0 0.741701 0.337292 0.047934 0.106207 0.002473
0 0.754958 0.329106 0.046703 0.115502 0.002473
1 0.984299 0.294257 0.031404 0.123071 0.006693
1 0.984250 0.292897 0.031528 0.134162 0.006693
1 0.982214 0.293565 0.035369 0.118914 0.006693
1 0.984699 0.297467 0.030594 0.127093 0.017986
1 0.985228 0.298731 0.029570 0.130645 0.017986
1 0.912357 0.327842 0.137835 0.176766 0.268941
1 0.980248 0.293704 0.039018 0.126713 0.006693
1 0.985202 0.297496 0.029594 0.126790 0.119203
1 0.985732 0.296479 0.028563 0.125592 0.119203
1 0.470201 0.313125 0.015844 0.071940 0.002473
1 0.543757 0.317208 0.012969 0.032248 0.002473
1 0.575975 0.326882 0.042283 0.054571 0.500000
1 0.577411 0.324476 0.045152 0.049760 0.268941
1 0.576500 0.325311 0.041259 0.057710 0.500000
1 0.912463 0.328520 0.137838 0.178694 0.047426
1 0.911407 0.330751 0.139746 0.182527 0.119203
1 0.911062 0.330509 0.138601 0.182371 0.119203
1 0.985635 0.297050 0.028757 0.124506 0.119203
1 0.987317 0.297343 0.025449 0.125075 0.119203
1 0.468802 0.315341 0.012767 0.067891 0.002473
1 0.507784 0.316346 0.009885 0.024395 0.006693
1 0.520226 0.318034 0.009710 0.020984 0.047426
1 0.533696 0.316481 0.007983 0.024132 0.002473
1 0.543703 0.318882 0.018398 0.028914 0.268941
1 0.577357 0.325396 0.045208 0.057598 0.500000
1 0.575973 0.326906 0.042281 0.054522 0.500000
1 0.577423 0.326904 0.045166 0.054527 0.500000
1 0.577871 0.326905 0.044268 0.054528 0.500000
1 0.912493 0.328099 0.137841 0.178397 0.017986
1 0.910975 0.328753 0.138773 0.179058 0.047426
1 0.910183 0.330715 0.139601 0.183074 0.047426
1 0.987175 0.301008 0.025708 0.116228 0.119203
1 0.987633 0.300831 0.024956 0.117053 0.119203
1 0.470263 0.320270 0.009846 0.058220 0.006693
1 0.577422 0.326949 0.045168 0.054451 0.500000
1 0.577867 0.326945 0.044255 0.054450 0.500000
1 0.577502 0.326927 0.045059 0.054509 0.500000
1 0.912156 0.323948 0.142391 0.178285 0.119203
1 0.910850 0.330511 0.139052 0.183191 0.268941
1 0.911426 0.329032 0.137874 0.186422 0.119203
1 0.987395 0.311355 0.025235 0.096054 0.017986
1 0.989604 0.312866 0.020868 0.099308 0.268941
1 0.009454 0.334144 0.019068 0.268688 0.002473
1 0.008932 0.357840 0.018007 0.203878 0.002473
1 0.008720 0.373905 0.017582 0.173128 0.006693
1 0.008734 0.389418 0.017551 0.140932 0.006693
1 0.008918 0.398454 0.017913 0.143794 0.006693
2 0.985732 0.296479 0.028563 0.125592 0.002473
2 0.985635 0.297050 0.028757 0.124506 0.002473
2 0.987317 0.297343 0.025449 0.125075 0.006693
2 0.987633 0.300831 0.024956 0.117053 0.002473
3 0.985228 0.264028 0.029623 0.191269 0.002473
3 0.984299 0.294257 0.031404 0.123071 0.017986
3 0.984250 0.292897 0.031528 0.134162 0.006693
3 0.424805 0.306430 0.093705 0.136817 0.047426
3 0.982214 0.293565 0.035369 0.118914 0.006693
3 0.984699 0.297467 0.030594 0.127093 0.006693
3 0.985228 0.298731 0.029570 0.130645 0.017986
3 0.421862 0.306994 0.093871 0.136148 0.119203
3 0.422169 0.307003 0.095006 0.136138 0.500000
3 0.422284 0.306521 0.094789 0.137106 0.500000
3 0.467262 0.311770 0.015863 0.084702 0.006693
3 0.980248 0.293704 0.039018 0.126713 0.017986
3 0.985202 0.297496 0.029594 0.126790 0.047426
3 0.985732 0.296479 0.028563 0.125592 0.119203
3 0.421843 0.307253 0.093848 0.135446 0.500000
3 0.422155 0.307277 0.095012 0.135447 0.268941
3 0.421822 0.307272 0.093868 0.135456 0.268941
3 0.458204 0.322492 0.026760 0.075652 0.002473
3 0.470201 0.313125 0.015844 0.071940 0.006693
3 0.478250 0.314016 0.012768 0.055139 0.002473
3 0.521779 0.314773 0.012881 0.027441 0.002473
3 0.912463 0.328520 0.137838 0.178694 0.002473
3 0.911407 0.330751 0.139746 0.182527 0.002473
3 0.911062 0.330509 0.138601 0.182371 0.006693
3 0.985635 0.297050 0.028757 0.124506 0.017986
3 0.987317 0.297343 0.025449 0.125075 0.047426
3 0.419752 0.307243 0.096192 0.135522 0.268941
3 0.419762 0.308014 0.096181 0.133974 0.268941
3 0.421713 0.308052 0.094086 0.133880 0.268941
3 0.468802 0.315341 0.012767 0.067891 0.006693
3 0.507784 0.316346 0.009885 0.024395 0.002473
3 0.520226 0.318034 0.009710 0.020984 0.047426
3 0.543703 0.318882 0.018398 0.028914 0.002473
3 0.987175 0.301008 0.025708 0.116228 0.017986
3 0.987633 0.300831 0.024956 0.117053 0.017986
3 0.420839 0.307655 0.094018 0.134687 0.268941
3 0.419943 0.305266 0.096891 0.129819 0.268941
3 0.470263 0.320270 0.009846 0.058220 0.006693
3 0.911426 0.329032 0.137874 0.186422 0.002473
3 0.987395 0.311355 0.025235 0.096054 0.002473
3 0.989604 0.312866 0.020868 0.099308 0.017986
4 0.365286 0.337920 0.019899 0.056375 0.002473
4 0.367389 0.337655 0.022346 0.050974 0.002473
5 0.626393 0.306472 0.027270 0.061957 0.002473
5 0.640866 0.307552 0.042605 0.064121 0.002473
5 0.985202 0.297496 0.029594 0.126790 0.006693
5 0.985732 0.296479 0.028563 0.125592 0.002473
5 0.612783 0.310422 0.016118 0.047497 0.002473
5 0.985635 0.297050 0.028757 0.124506 0.002473
5 0.987317 0.297343 0.025449 0.125075 0.002473
5 0.639281 0.352283 0.059705 0.145367 0.500000
5 0.987175 0.301008 0.025708 0.116228 0.006693
5 0.987633 0.300831 0.024956 0.117053 0.002473
5 0.640747 0.350287 0.062404 0.142475 0.500000
5 0.639818 0.348962 0.060446 0.145125 0.500000
5 0.641068 0.348988 0.057223 0.145225 0.500000
5 0.834069 0.358910 0.126490 0.231184 0.268941
5 0.989604 0.312866 0.020868 0.099308 0.006693
5 0.640759 0.350507 0.062379 0.148222 0.500000
5 0.640627 0.348730 0.062080 0.145596 0.731059
5 0.641245 0.350223 0.057602 0.148851 0.500000
5 0.828327 0.362722 0.137409 0.221825 0.268941
5 0.831394 0.368008 0.137509 0.221057 0.268941
5 0.831401 0.359964 0.138456 0.238095 0.268941
5 0.642140 0.348524 0.065195 0.145943 0.500000
5 0.640785 0.348657 0.062478 0.145653 0.500000
5 0.642034 0.348661 0.059162 0.145674 0.268941
5 0.830210 0.366318 0.138252 0.214570 0.500000
5 0.831248 0.366615 0.137868 0.214905 0.500000
5 0.829500 0.364418 0.134440 0.219310 0.500000
5 0.828990 0.367161 0.135757 0.212694 0.119203
5 0.831297 0.367492 0.137675 0.213078 0.268941
5 0.830992 0.371956 0.136843 0.204149 0.119203
5 0.832577 0.374638 0.134864 0.192601 0.002473
