0 0.441413 0.316613 0.023321 0.091665 0.017986
0 0.443744 0.319040 0.023212 0.086805 0.268941
0 0.632579 0.304430 0.009979 0.057660 0.002473
0 0.803572 0.322816 0.017920 0.104764 0.006693
0 0.279059 0.321338 0.019054 0.044422 0.002473
0 0.308642 0.318934 0.007772 0.038691 0.047426
0 0.320195 0.314949 0.009631 0.046582 0.119203
0 0.442739 0.316914 0.024208 0.092295 0.006693
0 0.443745 0.319061 0.023214 0.086809 0.500000
0 0.446195 0.321688 0.023135 0.082708 0.017986
0 0.776562 0.325690 0.028939 0.068433 0.002473
0 0.273807 0.332931 0.013110 0.041160 0.006693
0 0.276740 0.335344 0.016011 0.036328 0.002473
0 0.307695 0.319120 0.009625 0.038339 0.047426
0 0.317296 0.314968 0.009647 0.046644 0.119203
0 0.442822 0.316761 0.024348 0.091437 0.002473
0 0.444381 0.316659 0.023747 0.091633 0.500000
0 0.445211 0.317254 0.025080 0.090501 0.119203
0 0.572617 0.327745 0.014750 0.061954 0.002473
0 0.274266 0.335807 0.014029 0.036867 0.006693
0 0.442366 0.319815 0.025258 0.087924 0.006693
0 0.444197 0.317389 0.023378 0.092708 0.500000
0 0.445700 0.320777 0.022310 0.086568 0.119203
0 0.799791 0.331519 0.025522 0.097784 0.002473
0 0.877322 0.333416 0.010844 0.065761 0.002473
0 0.444383 0.320735 0.023751 0.088469 0.002473
0 0.877139 0.336199 0.014992 0.068164 0.006693
0 0.802679 0.345437 0.019797 0.111203 0.006693
1 0.720811 0.313495 0.017629 0.034225 0.002473
1 0.992295 0.329569 0.015437 0.092202 0.047426
1 0.040878 0.344619 0.043245 0.044169 0.006693
1 0.041339 0.343985 0.042329 0.042900 0.017986
1 0.041283 0.343250 0.042496 0.042678 0.002473
1 0.071755 0.340463 0.031292 0.037099 0.047426
1 0.071810 0.337325 0.031456 0.033855 0.047426
1 0.123487 0.331761 0.027923 0.028913 0.047426
1 0.122094 0.330889 0.025050 0.036843 0.047426
1 0.162213 0.329276 0.014950 0.024024 0.002473
1 0.196645 0.325321 0.012548 0.025697 0.006693
1 0.235127 0.322899 0.014505 0.020966 0.047426
1 0.253931 0.327768 0.023358 0.030812 0.017986
1 0.253947 0.327996 0.022946 0.031041 0.268941
1 0.273807 0.332931 0.013110 0.041160 0.002473
1 0.276740 0.335344 0.016011 0.036328 0.006693
1 0.675019 0.316531 0.044238 0.075265 0.002473
1 0.752651 0.350143 0.080402 0.116943 0.002473
1 0.753145 0.351705 0.081216 0.120072 0.880797
1 0.753318 0.352583 0.081630 0.112213 0.500000
1 0.992316 0.335582 0.015445 0.082199 0.017986
1 0.041356 0.344644 0.042299 0.041762 0.500000
1 0.041359 0.345434 0.042294 0.040175 0.268941
1 0.041330 0.345344 0.042347 0.040186 0.500000
1 0.073271 0.342009 0.028463 0.033988 0.500000
1 0.072522 0.339590 0.030013 0.029187 0.500000
1 0.090745 0.340828 0.033637 0.026783 0.002473
1 0.112020 0.336049 0.026868 0.026681 0.002473
1 0.121974 0.331920 0.024895 0.028634 0.047426
1 0.122082 0.331781 0.025075 0.028916 0.047426
1 0.254806 0.328266 0.025099 0.031785 0.047426
1 0.255332 0.328612 0.023921 0.032270 0.047426
1 0.753126 0.354110 0.081254 0.115248 0.731059
1 0.754573 0.354148 0.078360 0.115323 0.500000
1 0.753312 0.351700 0.081623 0.120065 0.500000
1 0.992299 0.334985 0.015481 0.081355 0.017986
1 0.039877 0.344671 0.039443 0.041818 0.268941
1 0.042798 0.345418 0.045173 0.040315 0.268941
1 0.041264 0.345419 0.042491 0.040324 0.268941
1 0.753126 0.351783 0.081254 0.120054 0.500000
1 0.753129 0.354150 0.081247 0.115324 0.500000
1 0.754573 0.352601 0.078377 0.112231 0.500000
1 0.993752 0.332014 0.012714 0.078128 0.017986
1 0.753126 0.354120 0.081255 0.115384 0.500000
1 0.753315 0.354029 0.081630 0.115405 0.500000
2 0.254400 0.320918 0.023257 0.042886 0.002473
2 0.123487 0.331761 0.027923 0.028913 0.006693
2 0.122094 0.330889 0.025050 0.036843 0.017986
2 0.162213 0.329276 0.014950 0.024024 0.006693
2 0.182934 0.325296 0.010141 0.025726 0.006693
2 0.253931 0.327768 0.023358 0.030812 0.006693
2 0.253947 0.327996 0.022946 0.031041 0.002473
3 0.674972 0.314862 0.044158 0.078542 0.268941
3 0.674971 0.314836 0.044141 0.078478 0.017986
3 0.254400 0.320918 0.023257 0.042886 0.002473
3 0.674025 0.316517 0.042279 0.075283 0.500000
3 0.674992 0.315069 0.044211 0.078189 0.500000
3 0.674988 0.312656 0.044202 0.073389 0.500000
3 0.675035 0.312564 0.044170 0.073573 0.002473
3 0.992295 0.329569 0.015437 0.092202 0.002473
3 0.071810 0.337325 0.031456 0.033855 0.002473
3 0.117899 0.330800 0.030877 0.036891 0.002473
3 0.123487 0.331761 0.027923 0.028913 0.047426
3 0.122094 0.330889 0.025050 0.036843 0.017986
3 0.162213 0.329276 0.014950 0.024024 0.017986
3 0.163705 0.329286 0.013114 0.017735 0.002473
3 0.182934 0.325296 0.010141 0.025726 0.006693
3 0.196645 0.325321 0.012548 0.025697 0.017986
3 0.235127 0.322899 0.014505 0.020966 0.006693
3 0.253931 0.327768 0.023358 0.030812 0.047426
3 0.253947 0.327996 0.022946 0.031041 0.047426
3 0.674026 0.316637 0.042278 0.075057 0.731059
3 0.674061 0.314112 0.042349 0.070480 0.500000
3 0.674990 0.315039 0.044199 0.078248 0.500000
3 0.675019 0.316531 0.044238 0.075265 0.500000
3 0.073271 0.342009 0.028463 0.033988 0.002473
3 0.072522 0.339590 0.030013 0.029187 0.002473
3 0.121974 0.331920 0.024895 0.028634 0.017986
3 0.122082 0.331781 0.025075 0.028916 0.017986
3 0.254806 0.328266 0.025099 0.031785 0.017986
3 0.255332 0.328612 0.023921 0.032270 0.047426
3 0.674898 0.316962 0.044041 0.074420 0.047426
3 0.674057 0.316944 0.042322 0.074454 0.500000
3 0.674972 0.316635 0.044158 0.075070 0.500000
4 0.276740 0.335344 0.016011 0.036328 0.002473
4 0.277184 0.340857 0.015089 0.036309 0.002473
5 0.273807 0.332931 0.013110 0.041160 0.017986
5 0.276740 0.335344 0.016011 0.036328 0.017986
5 0.121974 0.331920 0.024895 0.028634 0.002473
5 0.274266 0.335807 0.014029 0.036867 0.047426
5 0.277184 0.340857 0.015089 0.036309 0.006693
