0 0.556249 0.317371 0.006774 0.032570 0.047426
0 0.578858 0.318888 0.007966 0.038628 0.006693
0 0.744005 0.325768 0.013067 0.059914 0.002473
0 0.553866 0.320119 0.007752 0.036116 0.047426
0 0.578418 0.321315 0.006854 0.033786 0.119203
0 0.592745 0.325283 0.005006 0.025791 0.017986
0 0.743759 0.331228 0.012540 0.055440 0.017986
0 0.730224 0.343454 0.017361 0.042700 0.002473
0 0.743770 0.334472 0.012597 0.057370 0.017986
0 0.718680 0.351015 0.013709 0.057885 0.002473
0 0.745275 0.341687 0.015713 0.068639 0.006693
1 0.032818 0.087462 0.065692 0.185853 0.002473
1 0.037790 0.168140 0.081487 0.238146 0.006693
1 0.370963 0.319911 0.032515 0.036540 0.002473
1 0.501513 0.317247 0.053107 0.041801 0.006693
1 0.501481 0.312473 0.052982 0.041733 0.002473
1 0.371135 0.322849 0.032766 0.036853 0.017986
1 0.372321 0.321330 0.030362 0.033640 0.119203
1 0.372529 0.321331 0.029997 0.033645 0.268941
1 0.431864 0.309743 0.069819 0.047228 0.002473
1 0.502910 0.317290 0.050088 0.041722 0.006693
1 0.501478 0.312506 0.052972 0.041671 0.002473
1 0.612541 0.325317 0.015442 0.016068 0.002473
1 0.629960 0.318736 0.016166 0.029247 0.002473
1 0.748657 0.329427 0.022530 0.035621 0.002473
1 0.748499 0.340549 0.022848 0.037810 0.002473
1 0.225595 0.385593 0.275110 0.306428 0.924142
1 0.224796 0.387836 0.275509 0.307275 0.924142
1 0.050520 0.417177 0.102579 0.758876 0.437824
1 0.050665 0.417198 0.105350 0.758306 0.622459
1 0.225524 0.384138 0.272588 0.310362 0.880797
1 0.225383 0.385359 0.274220 0.312685 0.904651
1 0.225899 0.383787 0.275684 0.310402 0.924142
1 0.224049 0.384230 0.270310 0.309739 0.924142
1 0.862316 0.414600 0.274958 0.613565 0.119203
1 0.866228 0.417155 0.273627 0.618287 0.851953
1 0.865905 0.419939 0.276302 0.615388 0.924142
1 0.049675 0.415170 0.100669 0.733989 0.817575
1 0.052091 0.418513 0.104949 0.733594 0.851953
1 0.051512 0.418107 0.103369 0.733110 0.320821
1 0.226522 0.385879 0.270204 0.312040 0.924142
1 0.225444 0.384412 0.274438 0.309364 0.924142
1 0.226193 0.384288 0.275057 0.309510 0.924142
1 0.226783 0.384488 0.267755 0.309257 0.924142
1 0.865342 0.420156 0.272382 0.621968 0.880797
1 0.864927 0.419209 0.263849 0.625606 0.924142
1 0.866382 0.415604 0.275614 0.613782 0.904651
1 0.860548 0.418590 0.272756 0.618225 0.924142
1 0.050575 0.415013 0.098684 0.743653 0.817575
1 0.053611 0.416242 0.102021 0.754115 0.817575
1 0.052080 0.420773 0.104289 0.745035 0.777300
1 0.866819 0.418029 0.278427 0.621950 0.939913
1 0.861771 0.416999 0.264610 0.612206 0.939913
1 0.865150 0.418425 0.277657 0.610547 0.924142
1 0.863655 0.417636 0.266573 0.623049 0.377541
1 0.050685 0.427512 0.101553 0.733226 0.777300
1 0.054366 0.423160 0.103236 0.742889 0.817575
1 0.051968 0.430213 0.104004 0.738840 0.005220
1 0.050805 0.433961 0.098078 0.727300 0.095349
1 0.051570 0.439854 0.103216 0.719261 0.010987
2 0.434279 0.309903 0.068769 0.046920 0.002473
2 0.633762 0.312427 0.023878 0.032140 0.002473
2 0.431864 0.309743 0.069819 0.047228 0.017986
3 0.697381 0.281484 0.048481 0.080364 0.002473
3 0.373733 0.319617 0.033187 0.037084 0.002473
3 0.434279 0.309903 0.068769 0.046920 0.268941
3 0.433759 0.314455 0.067444 0.047398 0.268941
3 0.432286 0.312276 0.070378 0.042117 0.268941
3 0.432709 0.312281 0.065502 0.042114 0.268941
3 0.432717 0.314860 0.065512 0.046593 0.500000
3 0.501513 0.317247 0.053107 0.041801 0.268941
3 0.501531 0.312475 0.052863 0.041728 0.500000
3 0.501478 0.314861 0.052977 0.036948 0.500000
3 0.501481 0.312473 0.052982 0.041733 0.500000
3 0.633762 0.312427 0.023878 0.032140 0.002473
3 0.677602 0.330840 0.086036 0.088182 0.006693
3 0.681091 0.333292 0.087191 0.083416 0.500000
3 0.679894 0.330880 0.090641 0.088288 0.500000
3 0.371135 0.322849 0.032766 0.036853 0.006693
3 0.372321 0.321330 0.030362 0.033640 0.047426
3 0.372529 0.321331 0.029997 0.033645 0.017986
3 0.431864 0.309743 0.069819 0.047228 0.119203
3 0.432334 0.312360 0.070297 0.051590 0.500000
3 0.432772 0.312405 0.065625 0.041862 0.500000
3 0.433622 0.312590 0.067328 0.041503 0.268941
3 0.432717 0.317269 0.065511 0.041778 0.500000
3 0.502910 0.317290 0.050088 0.041722 0.731059
3 0.501478 0.312506 0.052972 0.041671 0.731059
3 0.502924 0.314999 0.049978 0.046304 0.731059
3 0.502399 0.317331 0.054790 0.041648 0.500000
3 0.679675 0.333317 0.090175 0.083372 0.500000
3 0.681218 0.333323 0.087468 0.083364 0.268941
3 0.678432 0.333335 0.087669 0.083387 0.268941
3 0.681154 0.333308 0.093097 0.083379 0.500000
3 0.679670 0.333324 0.084371 0.083346 0.500000
3 0.679803 0.330912 0.090430 0.088181 0.500000
3 0.679933 0.333206 0.084875 0.083605 0.500000
3 0.679813 0.333332 0.090551 0.083350 0.731059
