0 0.631763 0.305087 0.014004 0.027159 0.006693
1 0.451621 0.313583 0.022865 0.070965 0.002473
1 0.460489 0.303641 0.037506 0.047030 0.002473
1 0.459844 0.301895 0.033143 0.046339 0.002473
1 0.581493 0.281716 0.032069 0.012447 0.002473
1 0.582940 0.282535 0.041883 0.014079 0.002473
1 0.397337 0.331124 0.105341 0.139742 0.500000
1 0.395603 0.332689 0.102970 0.142885 0.731059
1 0.448461 0.320473 0.022005 0.067461 0.500000
1 0.453257 0.312745 0.021599 0.052130 0.017986
1 0.463404 0.305874 0.029351 0.038854 0.017986
1 0.482176 0.312491 0.020618 0.025790 0.119203
1 0.486292 0.314005 0.022058 0.028883 0.006693
1 0.520201 0.310850 0.034756 0.029014 0.047426
1 0.522838 0.310918 0.029420 0.028936 0.119203
1 0.522872 0.310934 0.029311 0.028929 0.119203
1 0.600221 0.341305 0.110121 0.109089 0.880797
1 0.397491 0.330899 0.104946 0.139739 0.731059
1 0.395610 0.331016 0.102981 0.139503 0.500000
1 0.395478 0.331008 0.103442 0.139488 0.500000
1 0.447571 0.322865 0.020229 0.072404 0.500000
1 0.449109 0.325163 0.017324 0.067565 0.119203
1 0.469664 0.308660 0.033837 0.033633 0.017986
1 0.482014 0.313434 0.020941 0.023942 0.047426
1 0.485207 0.313438 0.020428 0.023996 0.006693
1 0.518307 0.312594 0.036774 0.031891 0.119203
1 0.521849 0.310938 0.031320 0.028934 0.119203
1 0.522873 0.310950 0.029312 0.028917 0.047426
1 0.601205 0.338913 0.108241 0.104167 0.731059
1 0.601215 0.341327 0.108256 0.099401 0.500000
1 0.600263 0.343740 0.110207 0.104187 0.500000
1 0.396849 0.331602 0.100566 0.138183 0.731059
1 0.395613 0.331639 0.102979 0.138260 0.731059
1 0.395445 0.330894 0.103383 0.139773 0.268941
1 0.447504 0.326897 0.020054 0.070518 0.268941
1 0.449145 0.325535 0.017203 0.067698 0.119203
1 0.601032 0.343734 0.107896 0.104209 0.500000
1 0.600546 0.341338 0.110668 0.109004 0.500000
1 0.601193 0.341320 0.108315 0.099387 0.500000
1 0.395870 0.332423 0.102411 0.142791 0.500000
1 0.395850 0.330861 0.102403 0.139668 0.268941
1 0.600270 0.341315 0.110121 0.109014 0.500000
1 0.601218 0.338908 0.108261 0.104204 0.500000
1 0.600524 0.343695 0.110729 0.104266 0.731059
1 0.182238 0.478011 0.377879 0.567006 0.679179
1 0.180962 0.480196 0.379039 0.563919 0.924142
1 0.188241 0.480664 0.364340 0.560353 0.731059
1 0.179955 0.474569 0.375267 0.556873 0.924142
1 0.178323 0.480214 0.379346 0.571380 0.939913
1 0.194576 0.484657 0.366913 0.584031 0.924142
1 0.185724 0.489248 0.366421 0.588069 0.904651
1 0.182976 0.477056 0.371150 0.566338 0.924142
1 0.182784 0.478088 0.372757 0.570579 0.939913
1 0.196095 0.474618 0.364111 0.560647 0.924142
1 0.183356 0.478830 0.364425 0.570857 0.880797
2 0.099697 0.230766 0.208214 0.252174 0.002473
2 0.459844 0.301895 0.033143 0.046339 0.002473
2 0.463404 0.305874 0.029351 0.038854 0.006693
2 0.469664 0.308660 0.033837 0.033633 0.002473
3 0.460489 0.303641 0.037506 0.047030 0.002473
3 0.459844 0.301895 0.033143 0.046339 0.006693
3 0.516357 0.296506 0.028071 0.057182 0.006693
3 0.524226 0.296224 0.042468 0.056412 0.006693
3 0.532180 0.297162 0.052890 0.055980 0.006693
3 0.540852 0.294672 0.061252 0.049753 0.006693
3 0.552271 0.296411 0.033616 0.041790 0.017986
3 0.566763 0.291603 0.039512 0.042061 0.002473
3 0.581493 0.281716 0.032069 0.012447 0.006693
3 0.582940 0.282535 0.041883 0.014079 0.006693
3 0.453257 0.312745 0.021599 0.052130 0.002473
3 0.463404 0.305874 0.029351 0.038854 0.047426
3 0.482176 0.312491 0.020618 0.025790 0.006693
3 0.520201 0.310850 0.034756 0.029014 0.017986
3 0.522838 0.310918 0.029420 0.028936 0.017986
3 0.522872 0.310934 0.029311 0.028929 0.017986
3 0.469664 0.308660 0.033837 0.033633 0.047426
3 0.482014 0.313434 0.020941 0.023942 0.002473
3 0.518307 0.312594 0.036774 0.031891 0.017986
3 0.521849 0.310938 0.031320 0.028934 0.017986
3 0.522873 0.310950 0.029312 0.028917 0.017986
5 0.482176 0.312491 0.020618 0.025790 0.006693
5 0.482014 0.313434 0.020941 0.023942 0.002473
