0 0.043755 0.321573 0.012664 0.085823 0.002473
0 0.082736 0.317689 0.015481 0.094148 0.119203
0 0.003858 0.313002 0.007873 0.094964 0.006693
0 0.043756 0.328057 0.012521 0.073028 0.268941
0 0.082711 0.318414 0.015430 0.095556 0.119203
0 0.003856 0.331803 0.007869 0.058048 0.017986
0 0.043753 0.328092 0.012515 0.072984 0.119203
0 0.082708 0.319483 0.015437 0.097688 0.119203
0 0.660105 0.334456 0.010736 0.055819 0.002473
0 0.003399 0.329985 0.006955 0.059440 0.002473
0 0.045200 0.326321 0.009629 0.079570 0.500000
0 0.081257 0.321586 0.012544 0.089439 0.119203
0 0.102971 0.332319 0.025298 0.064921 0.002473
0 0.660112 0.341789 0.014482 0.041486 0.002473
0 0.045204 0.326600 0.009648 0.080964 0.119203
0 0.082749 0.328223 0.009768 0.084201 0.119203
0 0.101361 0.331520 0.022569 0.079076 0.006693
0 0.104211 0.331868 0.023508 0.076814 0.002473
0 0.116774 0.345421 0.023511 0.092909 0.002473
0 0.101552 0.345862 0.024018 0.115057 0.006693
1 0.062155 0.323472 0.025712 0.044832 0.119203
1 0.060376 0.323787 0.029481 0.044166 0.119203
1 0.100953 0.330153 0.021276 0.061288 0.017986
1 0.103085 0.328808 0.025080 0.064702 0.119203
1 0.108075 0.332657 0.036078 0.070121 0.006693
1 0.446741 0.327773 0.162687 0.187464 0.731059
1 0.445283 0.327883 0.165362 0.187251 0.880797
1 0.446813 0.325823 0.162608 0.182207 0.017986
1 0.577881 0.317514 0.025002 0.031651 0.017986
1 0.576515 0.319926 0.022134 0.036444 0.047426
1 0.592221 0.309993 0.009936 0.027111 0.002473
1 0.062155 0.323972 0.025796 0.044260 0.119203
1 0.060788 0.323972 0.028480 0.044253 0.268941
1 0.101491 0.330382 0.028238 0.067836 0.047426
1 0.103084 0.331360 0.025075 0.063455 0.119203
1 0.106388 0.332367 0.031712 0.064955 0.006693
1 0.445285 0.327762 0.165601 0.187454 0.731059
1 0.445231 0.327873 0.165469 0.187232 0.500000
1 0.446667 0.327823 0.162613 0.187395 0.731059
1 0.577886 0.318016 0.024999 0.030651 0.731059
1 0.576462 0.320278 0.022095 0.035744 0.500000
1 0.595188 0.318799 0.009700 0.013236 0.006693
1 0.623952 0.320314 0.017159 0.026072 0.006693
1 0.625017 0.320310 0.019238 0.026063 0.017986
1 0.703841 0.356618 0.082685 0.120264 0.880797
1 0.061817 0.323833 0.026420 0.044829 0.268941
1 0.060845 0.323390 0.028464 0.045698 0.268941
1 0.102971 0.332319 0.025298 0.064921 0.047426
1 0.104218 0.332922 0.023518 0.066481 0.119203
1 0.107608 0.332416 0.029629 0.067432 0.017986
1 0.445289 0.325472 0.165590 0.182407 0.500000
1 0.445235 0.327059 0.165461 0.179233 0.731059
1 0.445216 0.327055 0.159703 0.179223 0.500000
1 0.703352 0.356576 0.087494 0.120133 0.731059
1 0.703332 0.356590 0.087435 0.120154 0.500000
1 0.703358 0.356571 0.087485 0.120190 0.500000
1 0.101361 0.331520 0.022569 0.079076 0.002473
1 0.104211 0.331868 0.023508 0.076814 0.119203
1 0.116774 0.345421 0.023511 0.092909 0.002473
1 0.446897 0.327056 0.163053 0.179229 0.047426
1 0.446667 0.325758 0.162602 0.181825 0.731059
1 0.703328 0.356631 0.087444 0.120094 0.731059
1 0.702416 0.355745 0.085602 0.112201 0.500000
1 0.703358 0.356591 0.087485 0.120158 0.268941
1 0.703825 0.358113 0.082684 0.117135 0.500000
1 0.704770 0.356518 0.084542 0.120286 0.500000
1 0.704793 0.358137 0.084617 0.117033 0.268941
2 0.625824 0.314037 0.017267 0.028969 0.002473
3 0.095461 0.257840 0.034131 0.074079 0.002473
3 0.148566 0.283262 0.072902 0.222032 0.002473
3 0.153516 0.286532 0.075495 0.214016 0.002473
3 0.149948 0.272582 0.076515 0.233808 0.006693
3 0.151044 0.275958 0.078456 0.230843 0.002473
3 0.152197 0.272409 0.075580 0.232342 0.002473
3 0.549952 0.319447 0.024953 0.047392 0.006693
3 0.551636 0.318791 0.022448 0.046999 0.002473
3 0.625824 0.314037 0.017267 0.028969 0.119203
3 0.625013 0.314873 0.019345 0.036886 0.119203
3 0.060788 0.323972 0.028480 0.044253 0.002473
3 0.548533 0.321739 0.022112 0.042835 0.017986
3 0.623952 0.320314 0.017159 0.026072 0.119203
3 0.625017 0.320310 0.019238 0.026063 0.119203
3 0.061817 0.323833 0.026420 0.044829 0.002473
3 0.104218 0.332922 0.023518 0.066481 0.002473
3 0.104211 0.331868 0.023508 0.076814 0.002473
4 0.660112 0.341789 0.014482 0.041486 0.002473
4 0.104211 0.331868 0.023508 0.076814 0.002473
5 0.101491 0.330382 0.028238 0.067836 0.002473
5 0.660105 0.334456 0.010736 0.055819 0.002473
5 0.102971 0.332319 0.025298 0.064921 0.002473
5 0.104218 0.332922 0.023518 0.066481 0.002473
5 0.660112 0.341789 0.014482 0.041486 0.017986
