0 0.005573 0.295805 0.011227 0.144155 0.002473
0 0.131083 0.286243 0.013218 0.063348 0.002473
0 0.005546 0.308565 0.011167 0.133976 0.002473
0 0.142112 0.295980 0.016178 0.050967 0.006693
0 0.157020 0.321144 0.037754 0.091826 0.002473
0 0.181167 0.325130 0.043491 0.099275 0.006693
0 0.192467 0.296411 0.021009 0.051264 0.017986
0 0.197485 0.291363 0.020822 0.042871 0.006693
0 0.216784 0.290105 0.017514 0.030904 0.002473
0 0.283811 0.300093 0.020361 0.043348 0.002473
0 0.303841 0.320121 0.023207 0.110172 0.119203
0 0.304583 0.323017 0.021674 0.114292 0.268941
0 0.322866 0.311639 0.011388 0.066434 0.006693
0 0.383942 0.314803 0.017905 0.079050 0.047426
0 0.386813 0.314621 0.017026 0.078691 0.002473
0 0.177902 0.337908 0.049987 0.124471 0.006693
0 0.197622 0.294584 0.020535 0.047766 0.006693
0 0.302906 0.318810 0.025128 0.112635 0.047426
0 0.304122 0.322782 0.022557 0.114251 0.268941
0 0.322871 0.317453 0.011230 0.043457 0.006693
0 0.382971 0.313359 0.015992 0.061679 0.047426
0 0.388218 0.319990 0.014066 0.057462 0.017986
0 0.166884 0.335846 0.064474 0.119887 0.006693
0 0.173280 0.337861 0.053694 0.133714 0.006693
0 0.176400 0.337550 0.053019 0.133151 0.017986
0 0.302428 0.322540 0.020348 0.114709 0.047426
0 0.304115 0.321195 0.022559 0.117294 0.268941
0 0.323818 0.319750 0.013138 0.039064 0.002473
0 0.332951 0.315320 0.016039 0.026484 0.002473
0 0.382778 0.318173 0.015692 0.047256 0.017986
0 0.389647 0.325400 0.011207 0.047062 0.017986
0 0.742285 0.346354 0.009706 0.078143 0.017986
0 0.168908 0.338432 0.067563 0.125002 0.002473
0 0.175143 0.337571 0.049819 0.133120 0.006693
0 0.176764 0.339861 0.046850 0.128532 0.017986
0 0.302394 0.322581 0.020272 0.114665 0.119203
0 0.302673 0.322525 0.019675 0.114837 0.268941
0 0.327315 0.321784 0.010872 0.049200 0.002473
0 0.385190 0.318913 0.014646 0.054910 0.017986
0 0.389822 0.326569 0.010857 0.056631 0.047426
0 0.739893 0.348098 0.010736 0.081597 0.017986
0 0.178126 0.339967 0.049637 0.128327 0.002473
0 0.178220 0.340742 0.049806 0.129315 0.002473
0 0.303837 0.324175 0.023157 0.117808 0.268941
0 0.304121 0.324114 0.022556 0.117924 0.268941
0 0.736296 0.350892 0.013263 0.070284 0.002473
0 0.739819 0.348185 0.010882 0.085280 0.017986
0 0.842295 0.359374 0.009647 0.031304 0.002473
0 0.740752 0.351282 0.012749 0.089245 0.002473
0 0.903572 0.392340 0.037587 0.169909 0.002473
0 0.905083 0.402933 0.041245 0.164268 0.002473
0 0.896470 0.420688 0.024293 0.118970 0.002473
0 0.899088 0.418825 0.029329 0.135855 0.002473
1 0.241877 0.338459 0.110405 0.114894 0.880797
1 0.335352 0.317184 0.015009 0.032205 0.017986
1 0.339182 0.317501 0.015992 0.031611 0.006693
1 0.372694 0.313898 0.014660 0.028676 0.017986
1 0.242122 0.340957 0.109905 0.119426 0.731059
1 0.240662 0.340957 0.112927 0.119428 0.500000
1 0.242148 0.338420 0.109904 0.114826 0.500000
1 0.332951 0.315320 0.016039 0.026484 0.047426
1 0.337787 0.318133 0.014927 0.030412 0.119203
1 0.371744 0.316470 0.012756 0.024118 0.017986
1 0.382778 0.318173 0.015692 0.047256 0.006693
1 0.684181 0.349367 0.112446 0.125037 0.731059
1 0.683742 0.349341 0.107534 0.124994 0.731059
1 0.242254 0.338556 0.109641 0.114614 0.500000
1 0.241760 0.338236 0.110681 0.115202 0.731059
1 0.242143 0.338545 0.109914 0.114593 0.500000
1 0.683685 0.351698 0.107703 0.120070 0.268941
1 0.685127 0.351732 0.110572 0.120150 0.731059
1 0.683677 0.350170 0.107683 0.117027 0.731059
1 0.685384 0.351695 0.110051 0.120071 0.119203
1 0.792822 0.358083 0.026129 0.033781 0.119203
1 0.793110 0.358126 0.025549 0.033744 0.268941
1 0.795201 0.356436 0.025122 0.036630 0.047426
1 0.818730 0.352495 0.012597 0.022482 0.119203
1 0.843766 0.358093 0.012624 0.033677 0.006693
1 0.240640 0.338552 0.112967 0.114634 0.268941
1 0.241564 0.338238 0.116826 0.115222 0.731059
1 0.242124 0.338214 0.109958 0.115268 0.500000
1 0.682747 0.351705 0.109577 0.120216 0.006693
1 0.683697 0.350192 0.107718 0.117052 0.500000
1 0.683677 0.352594 0.107680 0.112243 0.731059
1 0.792749 0.356556 0.025982 0.036920 0.268941
1 0.793097 0.356579 0.025576 0.036873 0.500000
1 0.795154 0.356569 0.025215 0.036880 0.017986
1 0.817310 0.354347 0.015470 0.021233 0.006693
1 0.842295 0.359374 0.009647 0.031304 0.119203
1 0.866446 0.393418 0.052070 0.104234 0.500000
1 0.866360 0.391864 0.051968 0.101108 0.500000
1 0.866378 0.393432 0.051932 0.104251 0.500000
1 0.179122 0.338043 0.047909 0.131733 0.006693
1 0.683690 0.352568 0.107708 0.112299 0.500000
1 0.683666 0.351721 0.107686 0.120235 0.731059
1 0.866369 0.391872 0.051945 0.100971 0.731059
1 0.864924 0.391901 0.054836 0.101040 0.500000
1 0.866370 0.391877 0.051948 0.100964 0.500000
1 0.864992 0.390448 0.054987 0.103961 0.500000
1 0.866439 0.391870 0.052091 0.100943 0.500000
1 0.866442 0.391992 0.052090 0.100740 0.500000
1 0.866626 0.391946 0.052466 0.100837 0.500000
3 0.765598 0.343133 0.019818 0.063664 0.002473
3 0.847225 0.347646 0.020722 0.054665 0.002473
3 0.855292 0.341476 0.029588 0.050714 0.002473
3 0.765204 0.346868 0.020814 0.056385 0.002473
3 0.818730 0.352495 0.012597 0.022482 0.002473
3 0.843766 0.358093 0.012624 0.033677 0.017986
3 0.764930 0.353037 0.020369 0.053621 0.002473
3 0.842295 0.359374 0.009647 0.031304 0.047426
4 0.019277 0.317639 0.039264 0.124730 0.002473
4 0.163356 0.333124 0.058138 0.114633 0.002473
4 0.161150 0.331256 0.054232 0.110987 0.002473
4 0.166884 0.335846 0.064474 0.119887 0.006693
4 0.173280 0.337861 0.053694 0.133714 0.006693
4 0.161787 0.334322 0.059332 0.112798 0.006693
4 0.168908 0.338432 0.067563 0.125002 0.006693
4 0.158423 0.338205 0.054416 0.113847 0.002473
4 0.175277 0.341577 0.050180 0.127657 0.002473
5 0.005546 0.308565 0.011167 0.133976 0.002473
5 0.020282 0.312126 0.040638 0.128573 0.002473
5 0.009101 0.309858 0.018429 0.130716 0.002473
5 0.018958 0.315144 0.037857 0.119803 0.002473
5 0.152630 0.326457 0.037189 0.101931 0.002473
5 0.163356 0.333124 0.058138 0.114633 0.006693
5 0.171281 0.335971 0.057452 0.120598 0.006693
5 0.177902 0.337908 0.049987 0.124471 0.002473
5 0.161150 0.331256 0.054232 0.110987 0.017986
5 0.166884 0.335846 0.064474 0.119887 0.017986
5 0.173280 0.337861 0.053694 0.133714 0.119203
5 0.176400 0.337550 0.053019 0.133151 0.047426
5 0.382778 0.318173 0.015692 0.047256 0.002473
5 0.145803 0.331989 0.032633 0.109667 0.002473
5 0.161787 0.334322 0.059332 0.112798 0.006693
5 0.168908 0.338432 0.067563 0.125002 0.047426
5 0.177541 0.337569 0.050921 0.133124 0.268941
5 0.175143 0.337571 0.049819 0.133120 0.268941
5 0.176764 0.339861 0.046850 0.128532 0.119203
5 0.167758 0.339396 0.066134 0.122656 0.002473
5 0.176416 0.339858 0.053216 0.128090 0.268941
5 0.178126 0.339967 0.049637 0.128327 0.500000
5 0.178220 0.340742 0.049806 0.129315 0.119203
5 0.168361 0.342599 0.057229 0.122463 0.002473
5 0.175277 0.341577 0.050180 0.127657 0.268941
5 0.179122 0.338043 0.047909 0.131733 0.500000
5 0.177904 0.341776 0.045292 0.127257 0.006693
