0 0.269711 0.312439 0.029474 0.083319 0.006693
0 0.270404 0.312395 0.028648 0.083182 0.047426
0 0.401957 0.318138 0.022122 0.085522 0.002473
0 0.268741 0.310073 0.031721 0.078516 0.006693
0 0.269003 0.310080 0.027327 0.078511 0.017986
0 0.270032 0.310079 0.029404 0.078508 0.047426
0 0.278300 0.308853 0.046092 0.074234 0.002473
0 0.331269 0.313192 0.012928 0.027431 0.006693
0 0.352953 0.312783 0.031956 0.042546 0.002473
0 0.360425 0.324167 0.021236 0.055563 0.006693
0 0.368827 0.324780 0.021399 0.056776 0.002473
0 0.397240 0.325330 0.019850 0.067434 0.006693
0 0.400038 0.322956 0.025082 0.072623 0.006693
0 0.516151 0.322852 0.008222 0.052936 0.017986
0 0.554768 0.325376 0.015484 0.067437 0.268941
0 0.779766 0.327709 0.009978 0.062719 0.006693
0 0.267798 0.312468 0.029837 0.083278 0.002473
0 0.270334 0.314887 0.028176 0.078526 0.017986
0 0.270444 0.310086 0.028432 0.078511 0.017986
0 0.281322 0.311542 0.038373 0.068761 0.002473
0 0.397237 0.325462 0.019856 0.057465 0.017986
0 0.398618 0.325342 0.022249 0.067546 0.006693
0 0.507650 0.325343 0.015650 0.025944 0.002473
0 0.514198 0.328050 0.010303 0.052242 0.047426
0 0.531223 0.328824 0.006806 0.032940 0.119203
0 0.553347 0.326913 0.012546 0.070459 0.268941
0 0.757702 0.335848 0.009772 0.047550 0.006693
0 0.791847 0.342742 0.010972 0.061783 0.002473
0 0.821142 0.348048 0.007766 0.081000 0.017986
0 0.827075 0.342756 0.015300 0.061261 0.002473
0 0.267756 0.310382 0.029784 0.078008 0.002473
0 0.269392 0.315006 0.026305 0.078356 0.006693
0 0.269487 0.312531 0.026632 0.073836 0.017986
0 0.364778 0.324912 0.030007 0.048932 0.002473
0 0.397067 0.325477 0.020198 0.057413 0.017986
0 0.398562 0.325602 0.022143 0.066888 0.017986
0 0.509428 0.324947 0.013173 0.042778 0.047426
0 0.514439 0.325689 0.009816 0.047377 0.119203
0 0.528841 0.326928 0.007819 0.038683 0.047426
0 0.545777 0.332647 0.010917 0.052846 0.006693
0 0.553327 0.325384 0.012603 0.067296 0.500000
0 0.795190 0.353947 0.009652 0.051704 0.047426
0 0.822590 0.347667 0.010661 0.079932 0.017986
0 0.793765 0.353798 0.006851 0.052315 0.017986
0 0.822589 0.351508 0.010660 0.079007 0.047426
0 0.826196 0.352560 0.017097 0.066103 0.002473
0 0.821678 0.357037 0.012592 0.077976 0.017986
0 0.826358 0.354851 0.018179 0.074097 0.006693
1 0.434465 0.326882 0.050171 0.054624 0.731059
1 0.434509 0.325324 0.050197 0.057705 0.500000
1 0.433556 0.325324 0.052069 0.057737 0.268941
1 0.434558 0.325326 0.050061 0.067316 0.731059
1 0.434511 0.327736 0.050192 0.062491 0.500000
1 0.434576 0.327732 0.050056 0.062505 0.500000
1 0.434762 0.326909 0.049782 0.054641 0.268941
1 0.464889 0.320503 0.014464 0.025671 0.119203
1 0.495233 0.318097 0.015483 0.020867 0.119203
1 0.507650 0.325343 0.015650 0.025944 0.119203
1 0.714096 0.354143 0.090696 0.083315 0.731059
1 0.714271 0.356544 0.090307 0.078512 0.731059
1 0.433628 0.327751 0.051842 0.062475 0.731059
1 0.434573 0.329298 0.050051 0.059371 0.500000
1 0.434567 0.326892 0.050044 0.054562 0.500000
1 0.714353 0.354165 0.090472 0.073705 0.731059
1 0.713237 0.351760 0.088961 0.078517 0.500000
1 0.714644 0.351754 0.089948 0.078516 0.500000
1 0.714620 0.354161 0.089940 0.073711 0.731059
1 0.713237 0.351745 0.088960 0.078545 0.500000
1 0.714629 0.354152 0.089944 0.073717 0.731059
1 0.714358 0.356566 0.090486 0.078541 0.500000
1 0.713239 0.354179 0.088957 0.073688 0.731059
4 0.268724 0.312295 0.031720 0.083217 0.002473
4 0.269711 0.312439 0.029474 0.083319 0.047426
4 0.270404 0.312395 0.028648 0.083182 0.017986
4 0.268741 0.310073 0.031721 0.078516 0.119203
4 0.269003 0.310080 0.027327 0.078511 0.047426
4 0.270032 0.310079 0.029404 0.078508 0.017986
4 0.278300 0.308853 0.046092 0.074234 0.002473
4 0.267798 0.312468 0.029837 0.083278 0.119203
4 0.270334 0.314887 0.028176 0.078526 0.047426
4 0.270444 0.310086 0.028432 0.078511 0.047426
4 0.281322 0.311542 0.038373 0.068761 0.006693
4 0.397237 0.325462 0.019856 0.057465 0.002473
4 0.398618 0.325342 0.022249 0.067546 0.002473
4 0.267756 0.310382 0.029784 0.078008 0.017986
4 0.269392 0.315006 0.026305 0.078356 0.047426
4 0.269487 0.312531 0.026632 0.073836 0.047426
4 0.287748 0.328866 0.031628 0.034836 0.002473
4 0.397067 0.325477 0.020198 0.057413 0.002473
4 0.398562 0.325602 0.022143 0.066888 0.006693
5 0.268724 0.312295 0.031720 0.083217 0.002473
5 0.269711 0.312439 0.029474 0.083319 0.006693
5 0.270404 0.312395 0.028648 0.083182 0.006693
5 0.268741 0.310073 0.031721 0.078516 0.002473
5 0.278300 0.308853 0.046092 0.074234 0.002473
5 0.385659 0.325239 0.034396 0.067302 0.017986
5 0.397240 0.325330 0.019850 0.067434 0.047426
5 0.400038 0.322956 0.025082 0.072623 0.047426
5 0.270334 0.314887 0.028176 0.078526 0.002473
5 0.270444 0.310086 0.028432 0.078511 0.002473
5 0.366003 0.325671 0.026496 0.056865 0.002473
5 0.372042 0.325702 0.031840 0.056927 0.006693
5 0.383093 0.327041 0.039901 0.054293 0.006693
5 0.397237 0.325462 0.019856 0.057465 0.119203
5 0.398618 0.325342 0.022249 0.067546 0.119203
5 0.514198 0.328050 0.010303 0.052242 0.002473
5 0.531223 0.328824 0.006806 0.032940 0.002473
5 0.371475 0.327326 0.034467 0.053776 0.002473
5 0.381329 0.326513 0.037851 0.055445 0.002473
5 0.397067 0.325477 0.020198 0.057413 0.119203
5 0.398562 0.325602 0.022143 0.066888 0.119203
5 0.509428 0.324947 0.013173 0.042778 0.002473
