0 0.374758 0.299438 0.018838 0.027165 0.006693
0 0.381292 0.299434 0.025169 0.027160 0.006693
0 0.393535 0.306031 0.013071 0.019515 0.006693
0 0.423774 0.325283 0.016806 0.057640 0.006693
0 0.425059 0.325185 0.019370 0.057478 0.002473
0 0.545197 0.322876 0.009634 0.052887 0.119203
0 0.574896 0.327817 0.015292 0.062703 0.119203
0 0.575745 0.327815 0.014007 0.062697 0.268941
0 0.629766 0.326585 0.009709 0.054093 0.002473
0 0.393980 0.320255 0.013447 0.047427 0.006693
0 0.425846 0.323346 0.017217 0.051993 0.006693
0 0.426476 0.325468 0.022205 0.057396 0.002473
0 0.543750 0.324641 0.006739 0.049398 0.268941
0 0.555924 0.325203 0.007811 0.046651 0.006693
0 0.573504 0.327825 0.016260 0.062115 0.119203
0 0.575745 0.327821 0.013997 0.062495 0.268941
0 0.589274 0.331731 0.022747 0.050343 0.002473
0 0.629765 0.328087 0.009705 0.052070 0.006693
0 0.740691 0.346538 0.019657 0.059284 0.006693
0 0.396186 0.323357 0.018570 0.052842 0.002473
0 0.424736 0.324950 0.018742 0.048826 0.006693
0 0.425054 0.324932 0.019213 0.048861 0.006693
0 0.543750 0.323377 0.012510 0.051957 0.500000
0 0.553622 0.328242 0.008295 0.042279 0.002473
0 0.572866 0.325511 0.014989 0.057356 0.047426
0 0.575296 0.325442 0.014904 0.067206 0.047426
0 0.732087 0.355244 0.023588 0.055725 0.002473
0 0.739096 0.356138 0.021943 0.047536 0.006693
0 0.757534 0.342946 0.010090 0.075274 0.002473
0 0.577699 0.333066 0.014093 0.065178 0.006693
0 0.733106 0.355358 0.025421 0.055480 0.002473
0 0.737869 0.358167 0.024400 0.049852 0.017986
1 0.456139 0.324465 0.037653 0.049751 0.268941
1 0.454779 0.324453 0.034676 0.049714 0.500000
1 0.454785 0.322905 0.040450 0.052868 0.268941
1 0.456244 0.324480 0.037545 0.049737 0.500000
1 0.456243 0.324474 0.037517 0.049725 0.500000
1 0.456235 0.322919 0.037551 0.052859 0.500000
1 0.479798 0.318936 0.009644 0.028845 0.047426
1 0.504842 0.320513 0.009768 0.016073 0.017986
1 0.518850 0.325317 0.018548 0.025682 0.268941
1 0.524093 0.322918 0.017417 0.021106 0.002473
1 0.695589 0.350175 0.077914 0.065786 0.500000
1 0.695343 0.351746 0.078206 0.062644 0.500000
1 0.697313 0.351857 0.080301 0.062874 0.500000
1 0.456219 0.324540 0.037493 0.049631 0.500000
1 0.456229 0.325384 0.037544 0.057569 0.500000
1 0.456253 0.324499 0.037514 0.049713 0.500000
1 0.694660 0.350248 0.075807 0.065650 0.268941
1 0.695618 0.351713 0.077961 0.062478 0.500000
1 0.695425 0.350204 0.078346 0.065554 0.500000
1 0.695435 0.350145 0.078362 0.065614 0.500000
1 0.696867 0.351763 0.081203 0.062623 0.017986
1 0.732087 0.355244 0.023588 0.055725 0.002473
1 0.694395 0.351763 0.076351 0.062457 0.017986
1 0.697043 0.351712 0.080837 0.062483 0.731059
1 0.695398 0.350185 0.078302 0.065535 0.500000
1 0.695240 0.350184 0.078716 0.065540 0.500000
1 0.696899 0.351847 0.081099 0.062299 0.002473
1 0.733106 0.355358 0.025421 0.055480 0.017986
1 0.737869 0.358167 0.024400 0.049852 0.002473
4 0.340083 0.326998 0.020210 0.044119 0.017986
4 0.341741 0.327362 0.023541 0.044062 0.002473
4 0.733106 0.355358 0.025421 0.055480 0.002473
4 0.737869 0.358167 0.024400 0.049852 0.002473
5 0.423774 0.325283 0.016806 0.057640 0.268941
5 0.425059 0.325185 0.019370 0.057478 0.268941
5 0.574896 0.327817 0.015292 0.062703 0.006693
5 0.575745 0.327815 0.014007 0.062697 0.002473
5 0.425846 0.323346 0.017217 0.051993 0.268941
5 0.426476 0.325468 0.022205 0.057396 0.268941
5 0.555924 0.325203 0.007811 0.046651 0.002473
5 0.573504 0.327825 0.016260 0.062115 0.006693
5 0.575745 0.327821 0.013997 0.062495 0.006693
5 0.740691 0.346538 0.019657 0.059284 0.002473
5 0.412914 0.325827 0.026274 0.047248 0.002473
5 0.424736 0.324950 0.018742 0.048826 0.119203
5 0.425054 0.324932 0.019213 0.048861 0.500000
5 0.543750 0.323377 0.012510 0.051957 0.002473
5 0.553622 0.328242 0.008295 0.042279 0.006693
5 0.572866 0.325511 0.014989 0.057356 0.002473
5 0.590482 0.340243 0.020063 0.044576 0.002473
5 0.732087 0.355244 0.023588 0.055725 0.002473
5 0.739096 0.356138 0.021943 0.047536 0.006693
5 0.733106 0.355358 0.025421 0.055480 0.006693
5 0.737869 0.358167 0.024400 0.049852 0.006693
