0 0.641678 0.303518 0.040382 0.118915 0.002473
0 0.644729 0.306709 0.042559 0.135121 0.017986
0 0.023400 0.300894 0.042887 0.294305 0.002473
0 0.644088 0.307687 0.042789 0.139683 0.002473
0 0.411949 0.309591 0.024858 0.036009 0.006693
0 0.420756 0.317418 0.017470 0.041971 0.017986
0 0.429890 0.320574 0.027991 0.042023 0.017986
0 0.443555 0.320099 0.013275 0.047300 0.047426
0 0.574251 0.325265 0.014027 0.057663 0.047426
0 0.576197 0.327827 0.013112 0.062759 0.047426
0 0.609224 0.324281 0.012815 0.055857 0.002473
0 0.412545 0.317966 0.033889 0.042638 0.006693
0 0.423524 0.320201 0.023096 0.045915 0.047426
0 0.431393 0.320775 0.031001 0.041766 0.017986
0 0.443515 0.320859 0.019181 0.047021 0.119203
0 0.540864 0.322471 0.012763 0.032294 0.002473
0 0.573792 0.327060 0.013191 0.054338 0.017986
0 0.575747 0.325479 0.012215 0.057463 0.119203
0 0.607713 0.328939 0.009748 0.050861 0.006693
0 0.643675 0.325823 0.047330 0.182303 0.047426
0 0.425186 0.323497 0.020331 0.046023 0.006693
0 0.432845 0.323102 0.028262 0.046354 0.006693
0 0.443720 0.323398 0.013634 0.045702 0.047426
0 0.570290 0.328196 0.015635 0.052070 0.017986
0 0.576379 0.327371 0.012729 0.053638 0.119203
0 0.606273 0.332337 0.012920 0.060396 0.006693
0 0.643491 0.325926 0.047697 0.192210 0.268941
0 0.643491 0.328450 0.043853 0.188371 0.047426
0 0.642808 0.324821 0.045598 0.181112 0.047426
0 0.643677 0.336011 0.047336 0.202552 0.268941
0 0.643662 0.332640 0.043512 0.196746 0.268941
0 0.642739 0.335299 0.045460 0.202291 0.268941
0 0.642737 0.339207 0.045455 0.208950 0.268941
0 0.642789 0.338839 0.045258 0.209364 0.500000
0 0.641361 0.337383 0.042409 0.216075 0.047426
0 0.641285 0.341308 0.042551 0.213137 0.500000
0 0.643726 0.340982 0.043375 0.213064 0.731059
0 0.642286 0.340338 0.040782 0.221350 0.017986
0 0.643551 0.343668 0.044030 0.218214 0.268941
0 0.643689 0.339596 0.043548 0.219837 0.268941
0 0.644531 0.343833 0.045907 0.230176 0.006693
1 0.470108 0.322825 0.040591 0.043555 0.268941
1 0.468687 0.322846 0.037639 0.043508 0.268941
1 0.470212 0.322846 0.034583 0.043510 0.268941
1 0.490686 0.317498 0.012907 0.031612 0.006693
1 0.470163 0.322959 0.040462 0.043463 0.500000
1 0.468771 0.323267 0.037470 0.042842 0.500000
1 0.470203 0.322874 0.034602 0.043460 0.500000
1 0.489912 0.320445 0.010663 0.025787 0.119203
1 0.515888 0.320489 0.012674 0.016106 0.047426
1 0.527392 0.322914 0.014474 0.030480 0.268941
1 0.443720 0.323398 0.013634 0.045702 0.002473
1 0.468738 0.323098 0.037612 0.043288 0.268941
1 0.468748 0.322984 0.037505 0.043512 0.119203
1 0.470229 0.322237 0.034549 0.045010 0.119203
1 0.890432 0.447108 0.234391 0.459080 0.029312
1 0.879354 0.440521 0.231936 0.455481 0.880797
1 0.892972 0.446156 0.233186 0.460592 0.904651
1 0.881684 0.441449 0.230565 0.446393 0.904651
1 0.885698 0.446294 0.228698 0.454456 0.880797
1 0.881750 0.444861 0.233142 0.470705 0.904651
1 0.889771 0.441810 0.235832 0.473652 0.904651
1 0.882927 0.442575 0.234279 0.475211 0.880797
1 0.886281 0.449103 0.227520 0.460804 0.851953
1 0.885722 0.446553 0.235546 0.470112 0.880797
1 0.882612 0.448795 0.231679 0.464028 0.182426
3 0.489912 0.320445 0.010663 0.025787 0.002473
3 0.515888 0.320489 0.012674 0.016106 0.002473
4 0.431393 0.320775 0.031001 0.041766 0.002473
4 0.425186 0.323497 0.020331 0.046023 0.002473
4 0.432845 0.323102 0.028262 0.046354 0.002473
4 0.443720 0.323398 0.013634 0.045702 0.002473
4 0.766210 0.382696 0.026832 0.058829 0.002473
4 0.734920 0.397857 0.054431 0.100598 0.002473
5 0.420756 0.317418 0.017470 0.041971 0.006693
5 0.429890 0.320574 0.027991 0.042023 0.017986
5 0.443555 0.320099 0.013275 0.047300 0.017986
5 0.574251 0.325265 0.014027 0.057663 0.002473
5 0.412545 0.317966 0.033889 0.042638 0.002473
5 0.423524 0.320201 0.023096 0.045915 0.119203
5 0.431393 0.320775 0.031001 0.041766 0.268941
5 0.443515 0.320859 0.019181 0.047021 0.047426
5 0.573792 0.327060 0.013191 0.054338 0.006693
5 0.575747 0.325479 0.012215 0.057463 0.002473
5 0.425186 0.323497 0.020331 0.046023 0.002473
5 0.432845 0.323102 0.028262 0.046354 0.006693
5 0.443720 0.323398 0.013634 0.045702 0.017986
5 0.570290 0.328196 0.015635 0.052070 0.006693
5 0.576379 0.327371 0.012729 0.053638 0.002473
5 0.643551 0.343668 0.044030 0.218214 0.006693
5 0.643689 0.339596 0.043548 0.219837 0.006693
5 0.644531 0.343833 0.045907 0.230176 0.017986
