0 0.004783 0.313549 0.009788 0.187523 0.002473
0 0.681253 0.337233 0.012662 0.075490 0.002473
0 0.672872 0.343685 0.011334 0.063237 0.006693
0 0.682693 0.343693 0.009644 0.062679 0.047426
0 0.709111 0.340624 0.006933 0.037479 0.006693
0 0.714208 0.337158 0.010500 0.034157 0.002473
0 0.748065 0.347703 0.015356 0.080142 0.268941
0 0.748656 0.349137 0.016393 0.083038 0.047426
0 0.768263 0.341054 0.024197 0.067551 0.002473
0 0.071426 0.381574 0.017939 0.119690 0.002473
0 0.671356 0.348656 0.008296 0.052155 0.006693
0 0.681253 0.346547 0.012516 0.056946 0.268941
0 0.708639 0.342069 0.007780 0.034110 0.047426
0 0.733664 0.343651 0.007831 0.021305 0.006693
0 0.746620 0.351588 0.018249 0.078225 0.268941
0 0.749591 0.349735 0.014511 0.074405 0.017986
0 0.763838 0.350873 0.017137 0.065828 0.017986
0 0.769691 0.346357 0.026225 0.065955 0.002473
0 0.556257 0.363704 0.012965 0.093717 0.002473
0 0.587173 0.361529 0.025726 0.100456 0.002473
0 0.587397 0.359246 0.019557 0.104592 0.002473
0 0.671154 0.357480 0.008068 0.049998 0.002473
0 0.679802 0.346633 0.009624 0.056832 0.119203
0 0.707162 0.344986 0.004944 0.041275 0.002473
0 0.747685 0.350137 0.014600 0.075293 0.268941
0 0.748656 0.350039 0.016392 0.075097 0.017986
0 0.764654 0.356795 0.015146 0.060334 0.017986
0 0.556413 0.367431 0.013269 0.098328 0.017986
0 0.583422 0.362274 0.023272 0.099106 0.002473
0 0.586108 0.360436 0.022267 0.096407 0.002473
0 0.661568 0.362225 0.017472 0.078997 0.002473
0 0.677325 0.350310 0.010890 0.075551 0.002473
0 0.747615 0.347825 0.014460 0.080163 0.268941
0 0.748538 0.350219 0.015893 0.075394 0.017986
0 0.764678 0.360876 0.015135 0.054140 0.006693
0 0.559320 0.378140 0.013491 0.077152 0.002473
1 0.124375 0.330832 0.043346 0.062537 0.002473
1 0.572303 0.322499 0.047054 0.029748 0.002473
1 0.580792 0.339626 0.032588 0.064078 0.002473
1 0.768263 0.341054 0.024197 0.067551 0.006693
1 0.004783 0.344708 0.009788 0.063446 0.002473
1 0.659969 0.354791 0.020380 0.054812 0.002473
1 0.693797 0.341545 0.013591 0.016838 0.002473
1 0.713049 0.346092 0.012611 0.025799 0.017986
1 0.763838 0.350873 0.017137 0.065828 0.017986
1 0.004786 0.354891 0.009782 0.056470 0.002473
1 0.658545 0.365960 0.023039 0.052372 0.002473
1 0.764654 0.356795 0.015146 0.060334 0.002473
3 0.768224 0.334689 0.024342 0.070480 0.006693
3 0.768263 0.341054 0.024197 0.067551 0.006693
3 0.659969 0.354791 0.020380 0.054812 0.002473
3 0.713049 0.346092 0.012611 0.025799 0.006693
3 0.763838 0.350873 0.017137 0.065828 0.002473
3 0.587173 0.361529 0.025726 0.100456 0.006693
3 0.583422 0.362274 0.023272 0.099106 0.006693
4 0.154513 0.350357 0.016151 0.075533 0.002473
4 0.072217 0.387472 0.019512 0.123940 0.002473
4 0.086700 0.389204 0.042647 0.127959 0.017986
4 0.087866 0.385777 0.050781 0.129045 0.006693
4 0.764654 0.356795 0.015146 0.060334 0.006693
4 0.796547 0.367680 0.025196 0.056075 0.002473
4 0.077425 0.389464 0.029901 0.127449 0.119203
4 0.088333 0.387802 0.045900 0.124481 0.047426
4 0.087754 0.388361 0.050526 0.129643 0.047426
4 0.764678 0.360876 0.015135 0.054140 0.006693
4 0.079653 0.391022 0.034390 0.124760 0.268941
4 0.086890 0.389227 0.048786 0.122258 0.119203
4 0.085603 0.386429 0.046223 0.127674 0.047426
4 0.079314 0.388136 0.033853 0.124439 0.002473
4 0.085415 0.388367 0.045836 0.124038 0.119203
4 0.085637 0.390301 0.046298 0.126199 0.047426
5 0.768263 0.341054 0.024197 0.067551 0.002473
5 0.071426 0.381574 0.017939 0.119690 0.006693
5 0.081773 0.381967 0.038569 0.130832 0.002473
5 0.763838 0.350873 0.017137 0.065828 0.047426
5 0.072217 0.387472 0.019512 0.123940 0.002473
5 0.086700 0.389204 0.042647 0.127959 0.006693
5 0.087866 0.385777 0.050781 0.129045 0.006693
5 0.587173 0.361529 0.025726 0.100456 0.002473
5 0.658545 0.365960 0.023039 0.052372 0.002473
5 0.764654 0.356795 0.015146 0.060334 0.017986
5 0.077425 0.389464 0.029901 0.127449 0.006693
5 0.087754 0.388361 0.050526 0.129643 0.002473
5 0.583422 0.362274 0.023272 0.099106 0.002473
5 0.657553 0.374032 0.025090 0.061553 0.006693
5 0.764678 0.360876 0.015135 0.054140 0.006693
5 0.658351 0.381034 0.027448 0.055432 0.002473
