0 0.007792 0.297519 0.015663 0.080017 0.006693
0 0.768756 0.285992 0.012863 0.062887 0.006693
0 0.846738 0.268851 0.012783 0.028162 0.006693
0 0.760821 0.293998 0.016097 0.047193 0.006693
0 0.768753 0.288799 0.012849 0.057092 0.006693
0 0.492306 0.326787 0.015559 0.054461 0.002473
0 0.535064 0.324018 0.010992 0.049186 0.006693
0 0.564838 0.324322 0.010940 0.049791 0.017986
0 0.651222 0.339037 0.016879 0.085379 0.002473
0 0.757772 0.304814 0.015674 0.026967 0.002473
0 0.768696 0.291775 0.012738 0.051181 0.006693
0 0.782555 0.297371 0.016114 0.039991 0.002473
0 0.413817 0.333448 0.022423 0.073406 0.002473
0 0.492287 0.329265 0.015523 0.049721 0.006693
0 0.536027 0.331513 0.012556 0.028888 0.006693
0 0.564819 0.330662 0.010848 0.046763 0.047426
0 0.582709 0.332152 0.015797 0.030156 0.002473
0 0.410994 0.335021 0.028019 0.070278 0.002473
0 0.492222 0.333219 0.015655 0.041940 0.017986
0 0.534176 0.332116 0.012594 0.028291 0.017986
0 0.557643 0.329234 0.010158 0.034307 0.017986
0 0.566340 0.330454 0.007817 0.047457 0.006693
0 0.579796 0.340189 0.015804 0.037706 0.006693
0 0.954774 0.340830 0.009905 0.026769 0.002473
0 0.104780 0.361067 0.009697 0.045849 0.002473
0 0.995192 0.403369 0.009699 0.128909 0.002473
1 0.007792 0.297519 0.015663 0.080017 0.047426
1 0.008735 0.297992 0.017552 0.072532 0.017986
1 0.019782 0.309324 0.023214 0.058683 0.006693
1 0.029147 0.306736 0.022645 0.052963 0.006693
1 0.010381 0.306387 0.015030 0.054311 0.047426
1 0.018714 0.317429 0.018625 0.069483 0.047426
1 0.028664 0.335940 0.026429 0.111129 0.002473
1 0.057995 0.338510 0.034298 0.106707 0.002473
1 0.066960 0.329051 0.032759 0.077135 0.002473
1 0.010177 0.312185 0.014670 0.042692 0.047426
1 0.030524 0.340186 0.030350 0.118117 0.017986
1 0.031440 0.351426 0.037806 0.140681 0.017986
1 0.036047 0.351494 0.038659 0.141510 0.017986
1 0.060609 0.339803 0.044203 0.112413 0.006693
1 0.068219 0.334816 0.032341 0.088388 0.002473
1 0.492287 0.329265 0.015523 0.049721 0.002473
1 0.511046 0.327995 0.022142 0.031044 0.268941
1 0.511083 0.325708 0.022092 0.036113 0.500000
1 0.536027 0.331513 0.012556 0.028888 0.006693
1 0.554778 0.325400 0.009700 0.025844 0.047426
1 0.582709 0.332152 0.015797 0.030156 0.006693
1 0.989869 0.357127 0.020281 0.080459 0.002473
1 0.991064 0.357716 0.017882 0.074863 0.047426
1 0.032661 0.347863 0.040379 0.134554 0.017986
1 0.034887 0.351503 0.038879 0.147970 0.006693
1 0.036066 0.351530 0.040511 0.148028 0.017986
1 0.055572 0.341983 0.039432 0.115820 0.006693
1 0.492222 0.333219 0.015655 0.041940 0.006693
1 0.511005 0.328603 0.022146 0.032289 0.119203
1 0.511022 0.328620 0.022271 0.032257 0.017986
1 0.534176 0.332116 0.012594 0.028291 0.002473
1 0.989874 0.371249 0.020268 0.101494 0.017986
1 0.990806 0.368435 0.018397 0.095477 0.119203
1 0.034292 0.351005 0.037949 0.139998 0.119203
1 0.034480 0.352534 0.043681 0.146057 0.006693
1 0.036045 0.350972 0.040474 0.149176 0.006693
1 0.048623 0.339446 0.035753 0.116341 0.017986
1 0.991319 0.372306 0.023158 0.109028 0.047426
1 0.990627 0.371894 0.018773 0.108105 0.268941
1 0.031235 0.349498 0.037907 0.143935 0.119203
1 0.034588 0.352103 0.043407 0.148749 0.002473
1 0.051986 0.345428 0.021202 0.111334 0.017986
1 0.989876 0.378854 0.020268 0.132485 0.047426
1 0.991078 0.379234 0.017870 0.124687 0.268941
1 0.865470 0.393400 0.250238 0.213336 0.017986
1 0.989888 0.384436 0.020293 0.128767 0.017986
1 0.992204 0.382406 0.015619 0.132089 0.268941
1 0.989901 0.393810 0.020398 0.130842 0.017986
1 0.993735 0.391864 0.012606 0.131403 0.119203
1 0.995192 0.403369 0.009699 0.128909 0.500000
1 0.995223 0.419112 0.009797 0.122760 0.006693
1 0.865488 0.395513 0.245809 0.221088 0.924142
1 0.864908 0.395015 0.250066 0.221266 0.924142
1 0.867537 0.397772 0.254067 0.215239 0.904651
1 0.866912 0.396624 0.252038 0.219956 0.047426
1 0.865589 0.388195 0.246103 0.214792 0.924142
1 0.864860 0.390030 0.249852 0.226129 0.924142
1 0.867844 0.388108 0.252636 0.218815 0.924142
1 0.866686 0.389166 0.247485 0.217052 0.904651
1 0.865276 0.397227 0.250477 0.217204 0.022977
1 0.865987 0.397644 0.249530 0.222363 0.880797
1 0.867696 0.400576 0.253010 0.217466 0.904651
2 0.007792 0.297519 0.015663 0.080017 0.002473
2 0.008735 0.297992 0.017552 0.072532 0.002473
2 0.990806 0.368435 0.018397 0.095477 0.017986
2 0.991319 0.372306 0.023158 0.109028 0.002473
2 0.990627 0.371894 0.018773 0.108105 0.017986
2 0.991078 0.379234 0.017870 0.124687 0.002473
2 0.992204 0.382406 0.015619 0.132089 0.002473
3 0.007792 0.297519 0.015663 0.080017 0.047426
3 0.008735 0.297992 0.017552 0.072532 0.017986
3 0.583187 0.312124 0.025553 0.064000 0.002473
3 0.010381 0.306387 0.015030 0.054311 0.017986
3 0.066960 0.329051 0.032759 0.077135 0.002473
3 0.492306 0.326787 0.015559 0.054461 0.002473
3 0.584287 0.319271 0.019029 0.055660 0.017986
3 0.586200 0.314396 0.022450 0.046248 0.006693
3 0.010177 0.312185 0.014670 0.042692 0.002473
3 0.060609 0.339803 0.044203 0.112413 0.002473
3 0.492287 0.329265 0.015523 0.049721 0.002473
3 0.511046 0.327995 0.022142 0.031044 0.002473
3 0.511083 0.325708 0.022092 0.036113 0.002473
3 0.554778 0.325400 0.009700 0.025844 0.002473
3 0.582709 0.332152 0.015797 0.030156 0.002473
3 0.991064 0.357716 0.017882 0.074863 0.017986
3 0.055572 0.341983 0.039432 0.115820 0.002473
3 0.511005 0.328603 0.022146 0.032289 0.002473
3 0.989874 0.371249 0.020268 0.101494 0.002473
3 0.990806 0.368435 0.018397 0.095477 0.017986
3 0.048623 0.339446 0.035753 0.116341 0.002473
3 0.991319 0.372306 0.023158 0.109028 0.002473
3 0.990627 0.371894 0.018773 0.108105 0.006693
3 0.989876 0.378854 0.020268 0.132485 0.002473
3 0.991078 0.379234 0.017870 0.124687 0.002473
3 0.992204 0.382406 0.015619 0.132089 0.002473
3 0.995192 0.403369 0.009699 0.128909 0.006693
4 0.599603 0.337537 0.019007 0.041212 0.002473
4 0.603093 0.340084 0.013120 0.045601 0.006693
4 0.647698 0.346304 0.022901 0.068031 0.002473
4 0.492222 0.333219 0.015655 0.041940 0.002473
4 0.534176 0.332116 0.012594 0.028291 0.002473
4 0.579796 0.340189 0.015804 0.037706 0.002473
4 0.599604 0.343753 0.019008 0.038785 0.006693
4 0.603348 0.343439 0.019240 0.042333 0.047426
4 0.477058 0.341427 0.016753 0.058331 0.002473
4 0.599255 0.344187 0.018360 0.042937 0.002473
4 0.608217 0.344961 0.017396 0.044265 0.006693
4 0.051986 0.345428 0.021202 0.111334 0.002473
4 0.036488 0.353515 0.039616 0.145468 0.002473
4 0.036517 0.352938 0.035777 0.144135 0.002473
5 0.007792 0.297519 0.015663 0.080017 0.006693
5 0.008735 0.297992 0.017552 0.072532 0.006693
5 0.010381 0.306387 0.015030 0.054311 0.006693
5 0.028664 0.335940 0.026429 0.111129 0.002473
5 0.038758 0.346285 0.035158 0.129027 0.006693
5 0.492306 0.326787 0.015559 0.054461 0.002473
5 0.030524 0.340186 0.030350 0.118117 0.006693
5 0.031440 0.351426 0.037806 0.140681 0.119203
5 0.036047 0.351494 0.038659 0.141510 0.119203
5 0.488870 0.330858 0.016544 0.047150 0.017986
5 0.492287 0.329265 0.015523 0.049721 0.119203
5 0.536027 0.331513 0.012556 0.028888 0.119203
5 0.582709 0.332152 0.015797 0.030156 0.006693
5 0.032661 0.347863 0.040379 0.134554 0.006693
5 0.034887 0.351503 0.038879 0.147970 0.119203
5 0.036066 0.351530 0.040511 0.148028 0.268941
5 0.055572 0.341983 0.039432 0.115820 0.002473
5 0.488865 0.333583 0.016534 0.043525 0.006693
5 0.492222 0.333219 0.015655 0.041940 0.119203
5 0.534176 0.332116 0.012594 0.028291 0.119203
5 0.557643 0.329234 0.010158 0.034307 0.002473
5 0.579796 0.340189 0.015804 0.037706 0.006693
5 0.603348 0.343439 0.019240 0.042333 0.002473
5 0.034292 0.351005 0.037949 0.139998 0.047426
5 0.034480 0.352534 0.043681 0.146057 0.119203
5 0.036045 0.350972 0.040474 0.149176 0.119203
5 0.048623 0.339446 0.035753 0.116341 0.006693
5 0.473468 0.345196 0.016282 0.050185 0.002473
5 0.477058 0.341427 0.016753 0.058331 0.002473
5 0.599255 0.344187 0.018360 0.042937 0.002473
5 0.031235 0.349498 0.037907 0.143935 0.119203
5 0.034588 0.352103 0.043407 0.148749 0.500000
5 0.036044 0.352002 0.040480 0.148951 0.268941
5 0.051986 0.345428 0.021202 0.111334 0.017986
5 0.036488 0.353515 0.039616 0.145468 0.119203
5 0.036517 0.352938 0.035777 0.144135 0.119203
5 0.995192 0.403369 0.009699 0.128909 0.002473
