0 0.007939 0.272030 0.021760 0.211252 0.002473
0 0.007801 0.293233 0.015609 0.056858 0.006693
0 0.009430 0.316029 0.013096 0.102506 0.006693
0 0.012919 0.295104 0.025104 0.084759 0.002473
0 0.008132 0.340192 0.022078 0.159056 0.002473
0 0.014128 0.327608 0.028787 0.146316 0.002473
0 0.010557 0.342056 0.021194 0.179164 0.002473
0 0.011340 0.347584 0.022898 0.204143 0.002473
0 0.545839 0.353593 0.011169 0.027038 0.002473
1 0.336800 0.338641 0.019565 0.032820 0.002473
1 0.455973 0.356568 0.027471 0.036910 0.006693
1 0.458007 0.356570 0.022225 0.036863 0.500000
1 0.458780 0.358089 0.022942 0.033721 0.047426
1 0.495319 0.350280 0.015801 0.024430 0.006693
1 0.513938 0.350163 0.022132 0.033720 0.268941
1 0.513981 0.351729 0.022066 0.036828 0.500000
1 0.550174 0.352106 0.025574 0.028087 0.002473
1 0.556250 0.350605 0.030910 0.025079 0.006693
1 0.562089 0.350589 0.020309 0.025205 0.002473
1 0.014675 0.343818 0.029782 0.152116 0.006693
1 0.455688 0.356590 0.026912 0.036917 0.006693
1 0.457892 0.358980 0.022739 0.041674 0.500000
1 0.457939 0.356586 0.022081 0.036866 0.268941
1 0.515385 0.350178 0.025009 0.033786 0.268941
1 0.513968 0.351760 0.022090 0.036872 0.500000
1 0.545839 0.353593 0.011169 0.027038 0.002473
1 0.556264 0.352727 0.029695 0.028811 0.006693
1 0.567564 0.357681 0.017381 0.028276 0.002473
1 0.015023 0.362062 0.030524 0.149270 0.002473
1 0.663879 0.413182 0.188801 0.480424 0.008577
1 0.663853 0.415051 0.194586 0.480060 0.029312
1 0.667951 0.414175 0.189738 0.477877 0.029312
1 0.786778 0.440090 0.433104 0.394273 0.002473
1 0.663433 0.413556 0.191550 0.481296 0.029312
1 0.665513 0.414807 0.193277 0.479634 0.010987
1 0.667133 0.414748 0.199229 0.479333 0.001170
1 0.776134 0.440423 0.439468 0.413999 0.003173
1 0.782758 0.446675 0.441476 0.396531 0.817575
1 0.780168 0.444500 0.440053 0.384741 0.851953
1 0.792929 0.438763 0.414203 0.377768 0.777300
1 0.664237 0.411383 0.195565 0.491102 0.014064
1 0.782455 0.441901 0.435154 0.394744 0.817575
1 0.779605 0.441294 0.437993 0.373875 0.817575
1 0.791900 0.446689 0.422434 0.373671 0.777300
1 0.826769 0.443017 0.346484 0.375922 0.731059
1 0.778066 0.443554 0.440865 0.400201 0.851953
1 0.777953 0.443181 0.444520 0.391702 0.851953
1 0.789016 0.439209 0.425190 0.387228 0.377541
3 0.398840 0.339837 0.108386 0.169806 0.500000
3 0.457963 0.336960 0.016138 0.075137 0.002473
3 0.397593 0.338693 0.105124 0.166265 0.500000
3 0.399047 0.338449 0.108052 0.166721 0.500000
3 0.396953 0.340021 0.106357 0.169884 0.268941
3 0.397663 0.339865 0.104985 0.163476 0.500000
3 0.397352 0.338535 0.105398 0.166098 0.500000
3 0.396977 0.339840 0.106392 0.163934 0.268941
3 0.513938 0.350163 0.022132 0.033720 0.002473
3 0.513981 0.351729 0.022066 0.036828 0.006693
3 0.550174 0.352106 0.025574 0.028087 0.002473
3 0.397591 0.341746 0.105124 0.159690 0.500000
3 0.397349 0.340995 0.105402 0.161191 0.500000
3 0.398019 0.341004 0.104655 0.161226 0.268941
3 0.515385 0.350178 0.025009 0.033786 0.002473
3 0.513968 0.351760 0.022090 0.036872 0.006693
4 0.663879 0.413182 0.188801 0.480424 0.001927
4 0.663853 0.415051 0.194586 0.480060 0.001927
4 0.663433 0.413556 0.191550 0.481296 0.001927
4 0.665513 0.414807 0.193277 0.479634 0.001170
4 0.664237 0.411383 0.195565 0.491102 0.001170
5 0.576444 0.371983 0.022839 0.060350 0.002473
5 0.663879 0.413182 0.188801 0.480424 0.377541
5 0.663853 0.415051 0.194586 0.480060 0.437824
5 0.667951 0.414175 0.189738 0.477877 0.268941
5 0.663433 0.413556 0.191550 0.481296 0.437824
5 0.665513 0.414807 0.193277 0.479634 0.268941
5 0.667133 0.414748 0.199229 0.479333 0.095349
5 0.685449 0.415958 0.239906 0.476878 0.022977
5 0.663484 0.413113 0.196542 0.491484 0.075858
5 0.664237 0.411383 0.195565 0.491102 0.182426
5 0.668824 0.412095 0.205954 0.482124 0.037327
