0 0.102336 0.324086 0.014657 0.116832 0.002473
0 0.314894 0.332382 0.020315 0.091868 0.006693
0 0.316105 0.334727 0.017927 0.095884 0.047426
0 0.314874 0.339658 0.020356 0.097393 0.006693
0 0.315634 0.335757 0.018790 0.098012 0.017986
0 0.314873 0.337326 0.020355 0.101762 0.002473
0 0.314187 0.338553 0.015945 0.103943 0.006693
0 0.453636 0.347927 0.023672 0.044391 0.002473
0 0.064034 0.379990 0.022308 0.052531 0.002473
0 0.312445 0.339179 0.019387 0.103534 0.002473
0 0.315647 0.340821 0.018867 0.109417 0.017986
0 0.451496 0.354982 0.022143 0.030507 0.002473
0 0.578391 0.378709 0.006943 0.033278 0.017986
0 0.631164 0.374833 0.012767 0.031761 0.002473
0 0.065398 0.382839 0.025048 0.048095 0.002473
0 0.106632 0.335075 0.019241 0.123940 0.002473
0 0.578408 0.379050 0.006874 0.033856 0.119203
0 0.977878 0.397730 0.037534 0.499065 0.017986
0 0.989296 0.390905 0.022709 0.511532 0.006693
0 0.978580 0.397441 0.042699 0.492021 0.119203
0 0.981739 0.397868 0.037015 0.502075 0.047426
0 0.979562 0.391621 0.040902 0.496188 0.268941
0 0.979658 0.395495 0.040849 0.504122 0.268941
0 0.978615 0.392570 0.048644 0.391479 0.017986
0 0.981189 0.404264 0.037615 0.472171 0.119203
0 0.981253 0.408654 0.037557 0.480909 0.119203
0 0.982674 0.410099 0.034655 0.474026 0.047426
0 0.982791 0.406982 0.034485 0.480751 0.268941
0 0.984155 0.419760 0.037466 0.462194 0.047426
0 0.981299 0.417357 0.031717 0.459310 0.500000
0 0.981242 0.426871 0.037490 0.447860 0.017986
0 0.982710 0.427296 0.034605 0.448271 0.017986
0 0.982674 0.438664 0.034666 0.404479 0.002473
0 0.982687 0.434769 0.034629 0.426079 0.002473
0 0.765600 0.409480 0.165463 0.446684 0.001170
0 0.764797 0.408691 0.171138 0.442996 0.001927
0 0.979105 0.362091 0.043162 0.570071 0.008577
0 0.979389 0.375383 0.043053 0.547722 0.037327
0 0.979198 0.385264 0.045869 0.551918 0.005220
1 0.658585 0.372151 0.032669 0.068191 0.500000
1 0.658720 0.373255 0.032486 0.070231 0.268941
1 0.658673 0.374062 0.032681 0.065611 0.268941
1 0.687332 0.375396 0.040499 0.103250 0.119203
1 0.688848 0.377330 0.046606 0.096272 0.119203
1 0.690109 0.379764 0.045267 0.092786 0.017986
1 0.495150 0.362322 0.015650 0.016359 0.047426
1 0.563340 0.379645 0.017167 0.032362 0.119203
1 0.563258 0.379707 0.014026 0.032249 0.047426
1 0.603859 0.376364 0.023238 0.028712 0.047426
1 0.605975 0.374990 0.018897 0.025801 0.268941
1 0.631164 0.374833 0.012767 0.031761 0.006693
1 0.658631 0.370852 0.032749 0.075036 0.268941
1 0.658626 0.372511 0.032678 0.068708 0.268941
1 0.657207 0.372507 0.029841 0.068716 0.268941
1 0.687456 0.378731 0.040259 0.092472 0.268941
1 0.688296 0.382232 0.041635 0.085457 0.268941
1 0.688541 0.381686 0.042415 0.087797 0.268941
1 0.065398 0.382839 0.025048 0.048095 0.002473
1 0.064006 0.380504 0.027937 0.052736 0.006693
1 0.493982 0.377792 0.015731 0.047830 0.002473
1 0.562947 0.380515 0.014580 0.030650 0.268941
1 0.562964 0.380202 0.014563 0.031273 0.500000
1 0.602216 0.377505 0.019954 0.027196 0.017986
1 0.606138 0.375060 0.018526 0.025701 0.731059
1 0.631055 0.375126 0.013157 0.031935 0.017986
1 0.657191 0.372671 0.029869 0.068874 0.500000
1 0.658672 0.372218 0.032665 0.068068 0.731059
1 0.658646 0.372516 0.032759 0.068700 0.268941
1 0.688461 0.380288 0.041968 0.092378 0.268941
1 0.688401 0.382986 0.042123 0.086495 0.500000
1 0.688997 0.381546 0.041519 0.086860 0.119203
1 0.657338 0.371128 0.029739 0.075231 0.119203
1 0.667798 0.372717 0.025918 0.078390 0.006693
1 0.688719 0.382722 0.040967 0.087044 0.268941
1 0.688922 0.382132 0.041080 0.085687 0.268941
1 0.688712 0.382917 0.042475 0.084155 0.006693
1 0.686637 0.383367 0.041590 0.089631 0.017986
1 0.689158 0.383803 0.040821 0.088598 0.002473
1 0.763494 0.409570 0.166893 0.446549 0.047426
1 0.765600 0.409480 0.165463 0.446684 0.119203
1 0.763223 0.410085 0.173424 0.445386 0.037327
1 0.764154 0.409514 0.168592 0.441621 0.017986
1 0.765377 0.406879 0.166076 0.436344 0.060087
1 0.764797 0.408691 0.171138 0.442996 0.182426
1 0.762981 0.410734 0.170539 0.445553 0.037327
1 0.761905 0.411705 0.167164 0.448064 0.017986
1 0.765159 0.408509 0.169621 0.449242 0.075858
2 0.065398 0.382839 0.025048 0.048095 0.002473
2 0.064006 0.380504 0.027937 0.052736 0.006693
3 0.692160 0.347976 0.040970 0.125058 0.002473
3 0.529574 0.362075 0.053402 0.109001 0.500000
3 0.529570 0.362135 0.053375 0.109014 0.500000
3 0.528321 0.362145 0.056613 0.099337 0.268941
3 0.528322 0.362067 0.056615 0.109071 0.500000
3 0.528577 0.362117 0.057164 0.099447 0.500000
3 0.528138 0.359695 0.056277 0.104242 0.500000
3 0.529583 0.359696 0.053368 0.104246 0.268941
3 0.603859 0.376364 0.023238 0.028712 0.006693
3 0.605975 0.374990 0.018897 0.025801 0.002473
3 0.064006 0.380504 0.027937 0.052736 0.002473
3 0.528121 0.364439 0.056269 0.104405 0.268941
3 0.529570 0.362100 0.053391 0.109073 0.500000
3 0.529591 0.359588 0.053345 0.104546 0.500000
3 0.606138 0.375060 0.018526 0.025701 0.006693
3 0.764797 0.408691 0.171138 0.442996 0.001501
4 0.064034 0.379990 0.022308 0.052531 0.002473
4 0.064005 0.380296 0.027936 0.053137 0.006693
4 0.067205 0.376853 0.029710 0.058676 0.002473
4 0.065398 0.382839 0.025048 0.048095 0.002473
4 0.064006 0.380504 0.027937 0.052736 0.002473
4 0.983325 0.516367 0.033349 0.259908 0.002473
4 0.765600 0.409480 0.165463 0.446684 0.001170
4 0.763223 0.410085 0.173424 0.445386 0.001170
4 0.762981 0.410734 0.170539 0.445553 0.001501
5 0.064006 0.380504 0.027937 0.052736 0.002473
5 0.978580 0.397441 0.042699 0.492021 0.017986
5 0.977669 0.406690 0.044709 0.412106 0.002473
5 0.979562 0.391621 0.040902 0.496188 0.006693
5 0.979658 0.395495 0.040849 0.504122 0.002473
5 0.761948 0.406601 0.163667 0.457801 0.017986
5 0.978615 0.392570 0.048644 0.391479 0.017986
5 0.981189 0.404264 0.037615 0.472171 0.006693
5 0.981253 0.408654 0.037557 0.480909 0.002473
5 0.982674 0.410099 0.034655 0.474026 0.002473
5 0.982791 0.406982 0.034485 0.480751 0.002473
5 0.762429 0.407726 0.168363 0.444573 0.075858
5 0.763494 0.409570 0.166893 0.446549 0.500000
5 0.765600 0.409480 0.165463 0.446684 0.437824
5 0.763223 0.410085 0.173424 0.445386 0.500000
5 0.764154 0.409514 0.168592 0.441621 0.562177
5 0.765377 0.406879 0.166076 0.436344 0.437824
5 0.764797 0.408691 0.171138 0.442996 0.268941
5 0.762981 0.410734 0.170539 0.445553 0.500000
5 0.761905 0.411705 0.167164 0.448064 0.437824
5 0.765159 0.408509 0.169621 0.449242 0.437824
5 0.766564 0.409528 0.170607 0.447188 0.008577
