0 0.613756 0.317929 0.022027 0.137012 0.002473
0 0.617357 0.327441 0.022238 0.145418 0.047426
0 0.633172 0.320195 0.017351 0.140443 0.017986
0 0.642814 0.325511 0.025081 0.141869 0.006693
0 0.993735 0.350853 0.012551 0.195600 0.006693
0 0.613318 0.316857 0.017255 0.120425 0.006693
0 0.618371 0.328747 0.026100 0.147733 0.268941
0 0.635988 0.328495 0.022358 0.146761 0.006693
0 0.643103 0.331634 0.026302 0.149532 0.268941
0 0.995194 0.339019 0.015415 0.179400 0.017986
0 0.522983 0.319349 0.009876 0.045788 0.017986
0 0.528756 0.319222 0.008012 0.039322 0.002473
0 0.613881 0.329427 0.016479 0.141168 0.017986
0 0.618720 0.332951 0.025981 0.156085 0.268941
0 0.637876 0.332938 0.028695 0.156013 0.047426
0 0.642220 0.334072 0.028801 0.147410 0.731059
0 0.643812 0.333193 0.026081 0.142902 0.017986
0 0.993758 0.329234 0.012543 0.161219 0.006693
0 0.360442 0.343238 0.019652 0.052112 0.002473
0 0.518494 0.321123 0.007340 0.042359 0.006693
0 0.528847 0.322593 0.007851 0.038174 0.002473
0 0.588740 0.330241 0.013202 0.047517 0.002473
0 0.613954 0.331796 0.016604 0.145872 0.047426
0 0.619625 0.333067 0.027493 0.155941 0.268941
0 0.632938 0.332899 0.038884 0.156041 0.017986
0 0.640543 0.334081 0.031417 0.144321 0.500000
0 0.642369 0.332534 0.028974 0.144321 0.047426
0 0.613936 0.330653 0.016559 0.150082 0.017986
0 0.617380 0.331608 0.024070 0.153685 0.268941
0 0.631290 0.331742 0.035581 0.153729 0.017986
0 0.640595 0.332257 0.031316 0.146752 0.500000
0 0.643369 0.330129 0.026973 0.142605 0.017986
0 0.995230 0.339372 0.009768 0.137019 0.002473
0 0.616440 0.329109 0.023363 0.157112 0.268941
0 0.617831 0.331741 0.023167 0.153267 0.268941
0 0.627106 0.333310 0.027216 0.156856 0.047426
0 0.642111 0.332580 0.028283 0.144330 0.731059
0 0.643383 0.332252 0.026946 0.143696 0.119203
0 0.615119 0.330948 0.020740 0.151264 0.268941
0 0.618802 0.331705 0.025109 0.152236 0.268941
0 0.623399 0.333365 0.026508 0.156758 0.047426
0 0.642438 0.330174 0.026894 0.149197 0.500000
0 0.643052 0.332415 0.027611 0.144779 0.047426
0 0.615564 0.332316 0.021787 0.153293 0.002473
0 0.620671 0.332919 0.027084 0.151731 0.119203
0 0.626989 0.330023 0.023531 0.157454 0.047426
0 0.639031 0.330280 0.028876 0.156941 0.119203
1 0.993735 0.350853 0.012551 0.195600 0.002473
1 0.497879 0.322852 0.039991 0.052926 0.017986
1 0.496914 0.322881 0.038008 0.052857 0.002473
1 0.496942 0.321328 0.038029 0.049716 0.002473
1 0.410880 0.322928 0.016251 0.020951 0.002473
1 0.417103 0.325319 0.016162 0.016059 0.017986
1 0.432697 0.329292 0.015405 0.017726 0.500000
1 0.497706 0.321490 0.039492 0.049455 0.002473
1 0.243478 0.349031 0.036074 0.031484 0.002473
1 0.495996 0.324931 0.032483 0.048867 0.006693
1 0.495684 0.323079 0.031797 0.052568 0.002473
1 0.498582 0.322969 0.037527 0.052776 0.006693
1 0.995230 0.339372 0.009768 0.137019 0.002473
2 0.497879 0.322852 0.039991 0.052926 0.017986
2 0.496914 0.322881 0.038008 0.052857 0.002473
2 0.410880 0.322928 0.016251 0.020951 0.002473
2 0.417103 0.325319 0.016162 0.016059 0.017986
2 0.432697 0.329292 0.015405 0.017726 0.002473
2 0.496706 0.322878 0.037642 0.052923 0.002473
2 0.497706 0.321490 0.039492 0.049455 0.006693
2 0.293664 0.343813 0.037512 0.030655 0.002473
2 0.495996 0.324931 0.032483 0.048867 0.006693
2 0.495684 0.323079 0.031797 0.052568 0.002473
3 0.497879 0.322852 0.039991 0.052926 0.500000
3 0.496914 0.322881 0.038008 0.052857 0.500000
3 0.496942 0.321328 0.038029 0.049716 0.268941
3 0.522983 0.319349 0.009876 0.045788 0.006693
3 0.410880 0.322928 0.016251 0.020951 0.002473
3 0.417103 0.325319 0.016162 0.016059 0.002473
3 0.432697 0.329292 0.015405 0.017726 0.047426
3 0.496706 0.322878 0.037642 0.052923 0.268941
3 0.497706 0.321490 0.039492 0.049455 0.268941
3 0.497718 0.321395 0.039534 0.049644 0.268941
3 0.518494 0.321123 0.007340 0.042359 0.006693
3 0.495996 0.324931 0.032483 0.048867 0.268941
3 0.495684 0.323079 0.031797 0.052568 0.268941
3 0.498582 0.322969 0.037527 0.052776 0.268941
3 0.506533 0.323431 0.027484 0.045750 0.002473
4 0.589274 0.329627 0.016116 0.049173 0.002473
4 0.069738 0.387775 0.023277 0.057858 0.002473
4 0.079263 0.390109 0.025735 0.062990 0.002473
4 0.009676 0.399188 0.019563 0.066876 0.002473
5 0.496942 0.321328 0.038029 0.049716 0.002473
5 0.353943 0.343673 0.027126 0.052911 0.047426
5 0.356064 0.343726 0.024647 0.052856 0.119203
5 0.360442 0.343238 0.019652 0.052112 0.002473
5 0.354580 0.347246 0.028394 0.045829 0.268941
5 0.355544 0.346518 0.026421 0.047316 0.268941
5 0.356092 0.346497 0.026506 0.047343 0.047426
5 0.355513 0.347600 0.026521 0.045198 0.268941
5 0.355613 0.346538 0.026279 0.047303 0.268941
5 0.356096 0.346511 0.026501 0.047376 0.047426
