0 0.880535 0.266802 0.021049 0.158886 0.002473
0 0.877648 0.266453 0.020915 0.168569 0.002473
0 0.880156 0.270082 0.017218 0.165301 0.006693
0 0.879387 0.247317 0.018757 0.129392 0.006693
0 0.881293 0.257285 0.019524 0.149571 0.006693
0 0.574968 0.322732 0.019165 0.094256 0.268941
0 0.574081 0.318877 0.017359 0.096098 0.268941
0 0.592245 0.322818 0.021346 0.088122 0.268941
0 0.880781 0.252309 0.022274 0.139651 0.006693
0 0.891835 0.316946 0.035628 0.261181 0.002473
0 0.354875 0.324464 0.010245 0.046991 0.002473
0 0.472719 0.317156 0.010961 0.042095 0.002473
0 0.574964 0.321434 0.019154 0.090996 0.268941
0 0.575024 0.323055 0.015472 0.087924 0.268941
0 0.590806 0.323321 0.018407 0.087223 0.500000
0 0.981080 0.288401 0.037818 0.439338 0.002473
0 0.990251 0.285340 0.019660 0.439994 0.006693
0 0.355317 0.325712 0.004956 0.036349 0.017986
0 0.370288 0.335700 0.015635 0.036791 0.002473
0 0.472598 0.322864 0.010787 0.030738 0.017986
0 0.492999 0.319912 0.027297 0.036816 0.006693
0 0.521189 0.317706 0.007997 0.031387 0.002473
0 0.529828 0.320027 0.009715 0.026643 0.002473
0 0.574027 0.321444 0.017280 0.090992 0.268941
0 0.574112 0.321450 0.017296 0.090965 0.268941
0 0.592713 0.322912 0.020411 0.088055 0.268941
0 0.980602 0.290285 0.038805 0.461133 0.002473
0 0.989159 0.291939 0.021741 0.456795 0.006693
0 0.353906 0.331100 0.007973 0.036660 0.006693
0 0.370219 0.337475 0.015498 0.033400 0.006693
0 0.574988 0.323029 0.015461 0.087838 0.268941
0 0.575111 0.323190 0.015274 0.093351 0.268941
0 0.592741 0.323037 0.020466 0.087819 0.268941
0 0.969632 0.286384 0.061170 0.442313 0.002473
0 0.979750 0.290153 0.040556 0.478556 0.002473
0 0.989207 0.292781 0.021648 0.473760 0.006693
0 0.574966 0.322636 0.015433 0.085882 0.268941
0 0.575118 0.321810 0.015288 0.090532 0.500000
0 0.591343 0.323099 0.017680 0.087964 0.500000
0 0.983246 0.299484 0.033573 0.483354 0.002473
0 0.990450 0.301537 0.019193 0.480134 0.006693
0 0.893730 0.351358 0.081557 0.328783 0.731059
0 0.987984 0.304016 0.029890 0.451844 0.002473
0 0.990548 0.306043 0.018998 0.452115 0.002473
0 0.892086 0.349758 0.084143 0.324538 0.500000
0 0.892218 0.351860 0.084397 0.327790 0.500000
0 0.893702 0.351004 0.081498 0.329863 0.500000
0 0.990546 0.322191 0.018993 0.427874 0.002473
0 0.892229 0.350307 0.084430 0.324670 0.731059
0 0.892726 0.354371 0.079624 0.323189 0.500000
0 0.892252 0.351147 0.084395 0.329843 0.500000
0 0.893654 0.352277 0.081522 0.327104 0.500000
0 0.892749 0.354368 0.079578 0.323199 0.731059
0 0.892769 0.350951 0.079635 0.339804 0.500000
0 0.938233 0.269704 0.123970 0.520340 0.001170
0 0.947792 0.271056 0.101335 0.508893 0.003173
0 0.955128 0.280544 0.093150 0.498048 0.004070
0 0.966983 0.292381 0.068895 0.522834 0.002473
0 0.969418 0.304879 0.064105 0.536455 0.001501
1 0.496450 0.314843 0.031637 0.037464 0.017986
1 0.497313 0.318892 0.030350 0.038609 0.268941
1 0.497348 0.314918 0.030331 0.036893 0.119203
1 0.265980 0.335797 0.042896 0.037130 0.002473
1 0.276256 0.334475 0.022545 0.028107 0.017986
1 0.277889 0.331346 0.025202 0.021846 0.047426
1 0.306014 0.330519 0.030306 0.020365 0.002473
1 0.308169 0.328205 0.027115 0.021824 0.017986
1 0.307647 0.331010 0.030048 0.021366 0.006693
1 0.335918 0.327805 0.022275 0.021032 0.017986
1 0.337517 0.329360 0.025051 0.017876 0.006693
1 0.375658 0.330872 0.024122 0.027164 0.002473
1 0.387058 0.327837 0.014637 0.021589 0.002473
1 0.417263 0.316467 0.016483 0.017899 0.002473
1 0.445283 0.318924 0.009874 0.012971 0.017986
1 0.459235 0.318890 0.012778 0.013040 0.017986
1 0.472598 0.322864 0.010787 0.030738 0.002473
1 0.492999 0.319912 0.027297 0.036816 0.006693
1 0.497058 0.318896 0.030903 0.038545 0.268941
1 0.497530 0.316495 0.029998 0.033710 0.268941
1 0.264747 0.341388 0.040423 0.037353 0.002473
1 0.276154 0.338141 0.022885 0.032192 0.017986
1 0.278954 0.336136 0.023076 0.026463 0.047426
1 0.309672 0.335306 0.030265 0.028149 0.002473
2 0.277889 0.331346 0.025202 0.021846 0.002473
2 0.308169 0.328205 0.027115 0.021824 0.002473
2 0.417263 0.316467 0.016483 0.017899 0.002473
2 0.459235 0.318890 0.012778 0.013040 0.002473
2 0.497058 0.318896 0.030903 0.038545 0.002473
2 0.278954 0.336136 0.023076 0.026463 0.002473
2 0.309672 0.335306 0.030265 0.028149 0.002473
3 0.496450 0.314843 0.031637 0.037464 0.006693
3 0.497313 0.318892 0.030350 0.038609 0.119203
3 0.497348 0.314918 0.030331 0.036893 0.119203
3 0.459235 0.318890 0.012778 0.013040 0.006693
3 0.492999 0.319912 0.027297 0.036816 0.002473
3 0.497058 0.318896 0.030903 0.038545 0.119203
3 0.497530 0.316495 0.029998 0.033710 0.119203
4 0.196536 0.366016 0.013887 0.034140 0.006693
4 0.203092 0.362525 0.013142 0.034700 0.002473
4 0.152250 0.375090 0.023337 0.041630 0.002473
5 0.370288 0.335700 0.015635 0.036791 0.119203
5 0.375658 0.330872 0.024122 0.027164 0.002473
5 0.472598 0.322864 0.010787 0.030738 0.006693
5 0.492999 0.319912 0.027297 0.036816 0.006693
5 0.497058 0.318896 0.030903 0.038545 0.002473
5 0.370219 0.337475 0.015498 0.033400 0.268941
5 0.372549 0.338274 0.020402 0.041790 0.017986
