0 0.707629 0.273217 0.010126 0.047301 0.002473
0 0.489918 0.339526 0.020358 0.080191 0.017986
0 0.491109 0.338165 0.017918 0.083404 0.119203
0 0.504699 0.337259 0.015660 0.075337 0.268941
0 0.461936 0.335545 0.014395 0.046895 0.002473
0 0.462568 0.338065 0.015476 0.042040 0.006693
0 0.488903 0.343103 0.022039 0.062936 0.047426
0 0.490638 0.337742 0.018780 0.074536 0.268941
0 0.504794 0.335051 0.015441 0.070204 0.268941
0 0.461448 0.338504 0.017168 0.041075 0.006693
0 0.462639 0.338475 0.015337 0.041135 0.002473
0 0.488421 0.343042 0.017334 0.062968 0.047426
0 0.489188 0.340156 0.015882 0.079317 0.268941
0 0.506274 0.337759 0.012608 0.074472 0.268941
0 0.490352 0.340295 0.019395 0.069543 0.047426
0 0.491089 0.340196 0.017878 0.079257 0.268941
0 0.506223 0.338540 0.012583 0.072952 0.268941
0 0.008802 0.403246 0.017682 0.523891 0.002473
0 0.005501 0.419312 0.016813 0.515445 0.017986
0 0.006930 0.418741 0.013936 0.473320 0.006693
0 0.017398 0.421216 0.034738 0.471989 0.002473
0 0.009008 0.429749 0.023858 0.444531 0.006693
0 0.013229 0.422152 0.026404 0.438241 0.006693
0 0.015690 0.442044 0.025659 0.431641 0.002473
1 0.541831 0.335882 0.052830 0.068351 0.006693
1 0.639254 0.321764 0.028654 0.044565 0.002473
1 0.639256 0.320224 0.028550 0.047535 0.006693
1 0.646741 0.324353 0.037975 0.049757 0.006693
1 0.659750 0.321919 0.067305 0.051110 0.002473
1 0.461936 0.335545 0.014395 0.046895 0.002473
1 0.462568 0.338065 0.015476 0.042040 0.006693
1 0.488903 0.343103 0.022039 0.062936 0.002473
1 0.541470 0.336125 0.052021 0.068089 0.731059
1 0.541825 0.336124 0.052727 0.068091 0.500000
1 0.541885 0.334564 0.052607 0.064971 0.500000
1 0.639048 0.322418 0.028145 0.045521 0.002473
1 0.639242 0.324595 0.028486 0.049779 0.006693
1 0.461448 0.338504 0.017168 0.041075 0.006693
1 0.462639 0.338475 0.015337 0.041135 0.002473
1 0.488421 0.343042 0.017334 0.062968 0.002473
1 0.541587 0.334499 0.052495 0.064902 0.268941
1 0.541466 0.334570 0.051751 0.064980 0.500000
1 0.542834 0.334876 0.050703 0.064369 0.500000
1 0.541438 0.334567 0.051707 0.064990 0.500000
1 0.542856 0.336134 0.050770 0.068107 0.500000
1 0.542063 0.336136 0.052249 0.068105 0.500000
1 0.542383 0.334580 0.049816 0.064993 0.500000
3 0.811658 0.291636 0.364903 0.569282 0.047426
3 0.808984 0.292900 0.369410 0.582025 0.777300
3 0.817415 0.301186 0.361834 0.593835 0.777300
3 0.816560 0.305069 0.362168 0.604367 0.622459
3 0.812977 0.291700 0.367165 0.574962 0.679179
3 0.808631 0.298497 0.370665 0.584535 0.679179
3 0.817721 0.304844 0.358439 0.574445 0.731059
3 0.814999 0.308344 0.361409 0.591120 0.622459
3 0.813229 0.322758 0.367788 0.528094 0.005220
3 0.810166 0.301045 0.370314 0.592544 0.500000
3 0.816161 0.305230 0.358550 0.576565 0.622459
3 0.817071 0.305742 0.362616 0.583318 0.119203
3 0.812775 0.439520 0.371416 0.304620 0.003173
3 0.817207 0.447052 0.365630 0.308742 0.014064
3 0.824294 0.449778 0.357689 0.310644 0.001501
3 0.815434 0.446569 0.365985 0.298319 0.037327
5 0.461936 0.335545 0.014395 0.046895 0.002473
5 0.462568 0.338065 0.015476 0.042040 0.002473
5 0.488903 0.343103 0.022039 0.062936 0.002473
5 0.490638 0.337742 0.018780 0.074536 0.006693
5 0.461448 0.338504 0.017168 0.041075 0.002473
5 0.462639 0.338475 0.015337 0.041135 0.006693
5 0.488421 0.343042 0.017334 0.062968 0.006693
5 0.489188 0.340156 0.015882 0.079317 0.017986
5 0.639995 0.341607 0.030134 0.082400 0.002473
5 0.660954 0.374467 0.071615 0.150072 0.006693
5 0.490352 0.340295 0.019395 0.069543 0.006693
5 0.491089 0.340196 0.017878 0.079257 0.006693
5 0.642116 0.368937 0.034453 0.144205 0.017986
5 0.644035 0.371896 0.038105 0.150206 0.006693
5 0.655633 0.373180 0.067045 0.152643 0.017986
5 0.662311 0.371559 0.074571 0.162348 0.119203
5 0.667151 0.371416 0.084322 0.162730 0.017986
5 0.642181 0.372732 0.034600 0.142795 0.017986
5 0.642840 0.374675 0.041591 0.146098 0.047426
5 0.657504 0.372646 0.070782 0.150648 0.047426
5 0.661113 0.370039 0.072255 0.158988 0.047426
5 0.667205 0.371665 0.084430 0.155718 0.017986
5 0.642131 0.374449 0.034694 0.142954 0.017986
5 0.646563 0.374558 0.043442 0.146638 0.047426
5 0.659538 0.371161 0.069360 0.156571 0.119203
5 0.661080 0.373757 0.072189 0.152644 0.119203
5 0.665092 0.372433 0.080405 0.154202 0.006693
5 0.640552 0.375217 0.037452 0.145777 0.017986
5 0.646116 0.379111 0.042520 0.140850 0.006693
5 0.658576 0.376376 0.067998 0.147410 0.017986
5 0.662176 0.375105 0.074504 0.148767 0.017986
5 0.662546 0.375629 0.074509 0.154279 0.006693
