0 0.492445 0.311955 0.016148 0.066630 0.002473
0 0.008384 0.309712 0.017002 0.221622 0.006693
0 0.443551 0.316900 0.013060 0.050754 0.002473
0 0.451682 0.315354 0.012320 0.060000 0.006693
0 0.482781 0.317277 0.009822 0.041768 0.006693
0 0.492276 0.315100 0.009903 0.057305 0.017986
0 0.507696 0.314779 0.009700 0.036650 0.006693
0 0.006987 0.352133 0.019857 0.127055 0.006693
0 0.014188 0.338892 0.022833 0.133076 0.002473
0 0.481250 0.316917 0.006807 0.032927 0.017986
0 0.488959 0.315191 0.012609 0.057228 0.047426
0 0.507682 0.316678 0.009809 0.033575 0.006693
0 0.010411 0.357831 0.021039 0.130159 0.006693
0 0.490778 0.315713 0.012764 0.058081 0.119203
0 0.499770 0.317967 0.016062 0.053833 0.002473
0 0.010870 0.357396 0.021893 0.147482 0.002473
0 0.995193 0.388560 0.009644 0.158940 0.002473
0 0.996115 0.379975 0.007848 0.198256 0.002473
1 0.567257 0.308635 0.059632 0.107576 0.047426
1 0.565835 0.310201 0.062481 0.104514 0.119203
1 0.568731 0.310954 0.062468 0.106000 0.047426
1 0.618988 0.277836 0.076019 0.086576 0.002473
1 0.507696 0.314779 0.009700 0.036650 0.017986
1 0.523532 0.314890 0.027914 0.036884 0.500000
1 0.522119 0.312492 0.025000 0.041680 0.500000
1 0.567287 0.310551 0.059577 0.105009 0.119203
1 0.567280 0.308695 0.059592 0.107538 0.047426
1 0.568678 0.310263 0.062360 0.104433 0.047426
1 0.507682 0.316678 0.009809 0.033575 0.006693
1 0.524983 0.314901 0.025041 0.036874 0.500000
1 0.523578 0.314905 0.027919 0.036868 0.500000
1 0.567221 0.309552 0.059450 0.108834 0.017986
1 0.567249 0.309334 0.059532 0.108801 0.017986
1 0.567229 0.309552 0.059387 0.108835 0.119203
1 0.566102 0.309419 0.057217 0.109107 0.119203
2 0.565389 0.295168 0.063268 0.081272 0.006693
2 0.565258 0.301918 0.062854 0.094223 0.006693
3 0.565389 0.295168 0.063268 0.081272 0.047426
3 0.567181 0.308373 0.065564 0.100897 0.017986
3 0.565258 0.301918 0.062854 0.094223 0.002473
3 0.567257 0.308635 0.059632 0.107576 0.268941
3 0.565835 0.310201 0.062481 0.104514 0.268941
3 0.568731 0.310954 0.062468 0.106000 0.268941
3 0.507696 0.314779 0.009700 0.036650 0.002473
3 0.523532 0.314890 0.027914 0.036884 0.006693
3 0.522119 0.312492 0.025000 0.041680 0.002473
3 0.567287 0.310551 0.059577 0.105009 0.268941
3 0.567280 0.308695 0.059592 0.107538 0.119203
3 0.568678 0.310263 0.062360 0.104433 0.119203
3 0.507682 0.316678 0.009809 0.033575 0.002473
3 0.524983 0.314901 0.025041 0.036874 0.017986
3 0.523578 0.314905 0.027919 0.036868 0.002473
3 0.567221 0.309552 0.059450 0.108834 0.268941
3 0.567249 0.309334 0.059532 0.108801 0.119203
3 0.567229 0.309552 0.059387 0.108835 0.119203
3 0.566102 0.309419 0.057217 0.109107 0.002473
3 0.738256 0.318810 0.333253 0.439777 0.880797
3 0.744207 0.316293 0.328615 0.435715 0.904651
3 0.738002 0.315076 0.324969 0.433291 0.904651
3 0.744785 0.315479 0.330103 0.436684 0.679179
3 0.737866 0.308413 0.332386 0.450736 0.851953
3 0.740509 0.312842 0.318788 0.443681 0.851953
3 0.739444 0.315026 0.333016 0.443127 0.851953
3 0.744402 0.316389 0.332668 0.445155 0.904651
3 0.740063 0.317653 0.333632 0.443230 0.060087
3 0.743305 0.318429 0.327725 0.448960 0.880797
3 0.737943 0.318218 0.338569 0.449038 0.880797
5 0.481250 0.316917 0.006807 0.032927 0.002473
