0 0.133813 0.296982 0.018829 0.086672 0.002473
0 0.131327 0.305602 0.018601 0.069857 0.047426
0 0.601883 0.324889 0.015562 0.092496 0.017986
0 0.132769 0.310029 0.015673 0.064649 0.047426
0 0.134884 0.311180 0.018996 0.068249 0.002473
0 0.262212 0.323120 0.015029 0.063196 0.002473
0 0.358641 0.311906 0.007871 0.052361 0.002473
0 0.577352 0.315727 0.010975 0.039230 0.002473
0 0.599965 0.325085 0.015473 0.077572 0.017986
0 0.601380 0.325540 0.012742 0.078223 0.119203
0 0.628605 0.314977 0.017929 0.037088 0.002473
0 0.133732 0.310394 0.017521 0.064136 0.047426
0 0.600908 0.329614 0.017362 0.062415 0.017986
0 0.602133 0.328173 0.014987 0.072419 0.119203
0 0.628846 0.317050 0.017684 0.033198 0.002473
0 0.817429 0.338465 0.025404 0.063956 0.002473
0 0.133850 0.318363 0.018077 0.064634 0.006693
0 0.599893 0.329216 0.015328 0.061660 0.017986
0 0.601688 0.325859 0.015894 0.077795 0.047426
0 0.600836 0.331319 0.017322 0.078588 0.002473
0 0.601702 0.330464 0.015975 0.079742 0.017986
1 0.517080 0.334560 0.071673 0.101702 0.880797
1 0.439900 0.329341 0.045282 0.049655 0.500000
1 0.439889 0.330999 0.045252 0.055963 0.500000
1 0.440403 0.329356 0.049975 0.049622 0.500000
1 0.439896 0.328608 0.045219 0.051118 0.500000
1 0.472477 0.323102 0.020135 0.030896 0.002473
1 0.473690 0.321463 0.021860 0.034115 0.017986
1 0.517786 0.333515 0.070259 0.099578 0.731059
1 0.517337 0.335819 0.071156 0.097967 0.500000
1 0.517258 0.334256 0.071274 0.101096 0.500000
1 0.833708 0.340627 0.053377 0.057058 0.006693
1 0.844270 0.343613 0.044956 0.053081 0.047426
1 0.844906 0.343640 0.045966 0.052919 0.047426
1 0.846892 0.345164 0.049541 0.049847 0.047426
1 0.870895 0.343545 0.043181 0.046301 0.047426
1 0.872459 0.343532 0.040064 0.046344 0.017986
1 0.888895 0.342180 0.034957 0.040535 0.017986
1 0.894753 0.342082 0.041816 0.040805 0.006693
1 0.439880 0.329293 0.045241 0.049757 0.500000
1 0.438956 0.329359 0.047119 0.049622 0.500000
1 0.441329 0.331748 0.048117 0.054468 0.500000
1 0.441339 0.329297 0.048102 0.049746 0.500000
1 0.517338 0.334550 0.071156 0.101735 0.731059
1 0.517338 0.336111 0.071157 0.098611 0.500000
1 0.517707 0.334260 0.070375 0.101090 0.731059
1 0.837294 0.343682 0.050587 0.052430 0.002473
1 0.846222 0.348846 0.042500 0.042658 0.500000
1 0.844844 0.349136 0.045276 0.042079 0.268941
1 0.846180 0.351290 0.042623 0.037772 0.268941
1 0.870234 0.344902 0.040707 0.041090 0.268941
1 0.871544 0.345262 0.038119 0.043555 0.268941
1 0.893607 0.344498 0.037023 0.038481 0.268941
1 0.896425 0.344540 0.032502 0.038398 0.268941
1 0.908953 0.345270 0.020831 0.033962 0.017986
1 0.517788 0.335768 0.070250 0.098080 0.500000
1 0.517787 0.335952 0.070257 0.098460 0.500000
1 0.518642 0.334392 0.072241 0.101595 0.500000
1 0.843831 0.348857 0.043509 0.042677 0.268941
1 0.845306 0.351607 0.040538 0.037183 0.500000
1 0.844827 0.349174 0.045037 0.042049 0.500000
1 0.870050 0.345304 0.040907 0.040595 0.119203
1 0.872785 0.345011 0.035367 0.041142 0.268941
1 0.893020 0.345314 0.030598 0.040574 0.047426
1 0.894056 0.346875 0.037041 0.037451 0.006693
3 0.473690 0.321463 0.021860 0.034115 0.002473
4 0.599893 0.329216 0.015328 0.061660 0.002473
