0 0.706230 0.330212 0.006913 0.025895 0.002473
0 0.038992 0.364229 0.028991 0.113772 0.006693
0 0.038109 0.366611 0.026587 0.109371 0.006693
0 0.038603 0.366784 0.029709 0.124011 0.047426
0 0.037681 0.366590 0.025654 0.122018 0.017986
0 0.038431 0.374306 0.029369 0.140068 0.047426
0 0.038973 0.370766 0.028030 0.134612 0.119203
0 0.033650 0.370052 0.032295 0.177896 0.002473
0 0.037526 0.375042 0.025391 0.140153 0.047426
1 0.012633 0.327395 0.025423 0.119558 0.002473
1 0.013393 0.335821 0.026849 0.133109 0.002473
1 0.626050 0.314395 0.035906 0.026695 0.002473
1 0.625456 0.313897 0.036786 0.028655 0.017986
1 0.627366 0.317156 0.039621 0.032226 0.047426
1 0.014864 0.337230 0.029893 0.146186 0.002473
1 0.022780 0.345881 0.044738 0.147995 0.002473
1 0.037693 0.364877 0.025828 0.106035 0.119203
1 0.039227 0.363678 0.028854 0.103662 0.047426
1 0.077828 0.353964 0.069547 0.073388 0.119203
1 0.190617 0.354173 0.168847 0.125046 0.880797
1 0.190211 0.354198 0.169692 0.125102 0.731059
1 0.400918 0.320536 0.017437 0.016163 0.047426
1 0.401685 0.320515 0.015899 0.016064 0.500000
1 0.427415 0.321355 0.010670 0.008101 0.017986
1 0.495197 0.316017 0.015410 0.025021 0.119203
1 0.510056 0.316478 0.010872 0.017922 0.006693
1 0.535952 0.312604 0.021920 0.031877 0.002473
1 0.599962 0.329352 0.040407 0.033740 0.500000
1 0.600935 0.326948 0.042308 0.038543 0.268941
1 0.600000 0.329344 0.040426 0.033730 0.268941
1 0.600108 0.326861 0.040286 0.038488 0.268941
1 0.630673 0.317711 0.037936 0.031298 0.002473
1 0.629772 0.318757 0.034773 0.029165 0.017986
1 0.015787 0.353559 0.031989 0.191430 0.002473
1 0.039007 0.367122 0.028999 0.109748 0.119203
1 0.037730 0.362631 0.031662 0.110051 0.268941
1 0.068901 0.351834 0.080890 0.078328 0.017986
1 0.079461 0.355739 0.066088 0.070374 0.119203
1 0.077474 0.352623 0.064215 0.070486 0.047426
1 0.078083 0.355826 0.068777 0.070212 0.047426
1 0.192089 0.354185 0.171717 0.125107 0.731059
1 0.190182 0.351765 0.169718 0.129855 0.731059
1 0.190004 0.354207 0.170035 0.125110 0.731059
1 0.600838 0.326954 0.042157 0.038578 0.500000
1 0.600011 0.326961 0.040442 0.038551 0.500000
1 0.600913 0.326964 0.042247 0.038558 0.500000
1 0.600041 0.330987 0.040401 0.037007 0.500000
1 0.016997 0.379837 0.034409 0.266821 0.002473
1 0.038992 0.364229 0.028991 0.113772 0.047426
1 0.038109 0.366611 0.026587 0.109371 0.047426
1 0.067541 0.354239 0.080018 0.073503 0.047426
1 0.077987 0.354201 0.063192 0.073584 0.268941
1 0.077472 0.354246 0.064210 0.073330 0.047426
1 0.075684 0.354307 0.067790 0.073373 0.047426
1 0.079252 0.356521 0.067171 0.078305 0.002473
1 0.192090 0.354123 0.171717 0.134752 0.731059
1 0.192097 0.351746 0.171716 0.129867 0.731059
1 0.190206 0.351742 0.169703 0.129872 0.500000
1 0.038603 0.366784 0.029709 0.124011 0.006693
1 0.037681 0.366590 0.025654 0.122018 0.047426
1 0.052555 0.355536 0.051712 0.071206 0.017986
1 0.078793 0.354353 0.066895 0.073443 0.047426
1 0.077509 0.355883 0.064351 0.070331 0.119203
1 0.078030 0.356975 0.068805 0.077780 0.268941
1 0.192149 0.354162 0.171822 0.134703 0.500000
1 0.190658 0.351745 0.168801 0.129882 0.731059
1 0.038973 0.370766 0.028030 0.134612 0.006693
1 0.017209 0.416122 0.034890 0.355916 0.268941
1 0.018838 0.414461 0.037618 0.353318 0.119203
1 0.037526 0.375042 0.025391 0.140153 0.006693
1 0.018709 0.413483 0.037593 0.336151 0.268941
1 0.017317 0.408948 0.034613 0.327054 0.119203
1 0.017271 0.420235 0.034696 0.351707 0.268941
1 0.018750 0.423002 0.037507 0.349498 0.500000
1 0.018721 0.414459 0.037639 0.311857 0.119203
1 0.015848 0.428466 0.037542 0.364948 0.268941
1 0.018743 0.422414 0.037522 0.352478 0.500000
1 0.018732 0.429164 0.037545 0.384541 0.268941
1 0.018742 0.426142 0.037523 0.361483 0.002473
1 0.016386 0.463439 0.032919 0.392146 0.002473
2 0.460007 0.307658 0.020032 0.041656 0.006693
2 0.460130 0.310075 0.020232 0.036868 0.002473
2 0.483689 0.308849 0.007995 0.025224 0.017986
2 0.536044 0.312461 0.027890 0.032050 0.500000
2 0.536077 0.308511 0.022079 0.033725 0.500000
2 0.626050 0.314395 0.035906 0.026695 0.017986
2 0.625456 0.313897 0.036786 0.028655 0.047426
2 0.627366 0.317156 0.039621 0.032226 0.002473
2 0.458561 0.310086 0.022922 0.036883 0.006693
2 0.460130 0.310085 0.020232 0.036887 0.006693
2 0.535952 0.312604 0.021920 0.031877 0.119203
2 0.536077 0.312485 0.022079 0.032111 0.500000
2 0.630673 0.317711 0.037936 0.031298 0.017986
2 0.629772 0.318757 0.034773 0.029165 0.006693
3 0.460007 0.307658 0.020032 0.041656 0.500000
3 0.460130 0.310075 0.020232 0.036868 0.268941
3 0.483689 0.308849 0.007995 0.025224 0.002473
3 0.495192 0.310862 0.015465 0.029023 0.017986
3 0.626050 0.314395 0.035906 0.026695 0.002473
3 0.625456 0.313897 0.036786 0.028655 0.006693
3 0.627366 0.317156 0.039621 0.032226 0.002473
3 0.401685 0.320515 0.015899 0.016064 0.006693
3 0.458561 0.310086 0.022922 0.036883 0.500000
3 0.460130 0.310085 0.020232 0.036887 0.268941
3 0.495197 0.316017 0.015410 0.025021 0.047426
3 0.630673 0.317711 0.037936 0.031298 0.002473
3 0.629772 0.318757 0.034773 0.029165 0.002473
3 0.017209 0.416122 0.034890 0.355916 0.002473
3 0.018709 0.413483 0.037593 0.336151 0.002473
4 0.706230 0.330212 0.006913 0.025895 0.002473
4 0.777723 0.339275 0.014405 0.029832 0.002473
4 0.038109 0.366611 0.026587 0.109371 0.002473
5 0.039007 0.367122 0.028999 0.109748 0.002473
5 0.038992 0.364229 0.028991 0.113772 0.002473
5 0.038109 0.366611 0.026587 0.109371 0.002473
5 0.038603 0.366784 0.029709 0.124011 0.002473
5 0.037681 0.366590 0.025654 0.122018 0.006693
