0 0.171728 0.268122 0.012762 0.036958 0.002473
0 0.181166 0.274806 0.012688 0.050329 0.047426
0 0.171741 0.276877 0.012736 0.040011 0.002473
0 0.179777 0.282484 0.009683 0.037982 0.006693
0 0.685994 0.319644 0.016260 0.078797 0.119203
0 0.686666 0.318828 0.017172 0.080144 0.119203
0 0.686757 0.320432 0.013998 0.077153 0.268941
0 0.686153 0.317444 0.016388 0.073633 0.119203
0 0.686755 0.321170 0.013994 0.075643 0.268941
0 0.686156 0.318024 0.016384 0.072364 0.047426
0 0.685634 0.318781 0.015498 0.070806 0.500000
0 0.687064 0.318042 0.014565 0.072355 0.119203
1 0.558564 0.325309 0.026713 0.057671 0.119203
1 0.557640 0.325295 0.025244 0.057693 0.268941
1 0.602383 0.328485 0.070240 0.083312 0.880797
1 0.600952 0.330888 0.067330 0.088150 0.731059
1 0.601430 0.333259 0.066377 0.083287 0.731059
1 0.267406 0.349312 0.100133 0.083325 0.500000
1 0.267472 0.349311 0.100016 0.083325 0.731059
1 0.267657 0.351654 0.099657 0.078476 0.500000
1 0.341297 0.338225 0.057745 0.051504 0.500000
1 0.341331 0.338098 0.057668 0.051280 0.500000
1 0.340852 0.338109 0.062474 0.051249 0.500000
1 0.341356 0.338219 0.057713 0.051518 0.268941
1 0.342118 0.335818 0.062074 0.046711 0.047426
1 0.385381 0.330905 0.035126 0.036894 0.268941
1 0.384406 0.330918 0.031344 0.036873 0.500000
1 0.407930 0.330224 0.021709 0.025836 0.268941
1 0.410013 0.327072 0.025767 0.029173 0.119203
1 0.429525 0.327731 0.016008 0.020849 0.268941
1 0.441835 0.325294 0.011178 0.016128 0.002473
1 0.454721 0.322898 0.015712 0.020901 0.002473
1 0.516361 0.320481 0.007803 0.016096 0.017986
1 0.531326 0.322909 0.022342 0.020865 0.500000
1 0.536254 0.322914 0.021727 0.030504 0.047426
1 0.558535 0.320540 0.026773 0.057604 0.500000
1 0.557639 0.322959 0.025218 0.052784 0.268941
1 0.600949 0.328513 0.067333 0.083315 0.731059
1 0.600977 0.330917 0.067274 0.078506 0.500000
1 0.601045 0.330910 0.067125 0.078528 0.500000
1 0.267410 0.349327 0.100141 0.083296 0.500000
1 0.267410 0.349330 0.099861 0.083290 0.500000
1 0.267481 0.350183 0.100002 0.075400 0.500000
1 0.342263 0.338230 0.059580 0.051493 0.500000
1 0.341327 0.338119 0.057771 0.051235 0.731059
1 0.341369 0.338127 0.057739 0.051217 0.500000
1 0.342275 0.340524 0.059628 0.046434 0.500000
1 0.341348 0.339780 0.057903 0.044973 0.268941
1 0.385391 0.333342 0.035104 0.041675 0.731059
1 0.384200 0.330924 0.031657 0.036864 0.500000
1 0.407860 0.331070 0.016241 0.027373 0.017986
1 0.409323 0.331049 0.025836 0.027417 0.006693
1 0.558554 0.323079 0.026812 0.052567 0.268941
1 0.559370 0.323056 0.025580 0.052623 0.268941
1 0.600033 0.330913 0.069147 0.078515 0.500000
1 0.600979 0.330913 0.067274 0.078516 0.500000
1 0.600974 0.330918 0.067267 0.078534 0.731059
1 0.267477 0.351751 0.100007 0.078523 0.500000
1 0.267341 0.350186 0.099999 0.075395 0.500000
1 0.267662 0.351746 0.099644 0.078521 0.500000
1 0.341335 0.341443 0.057764 0.048275 0.002473
1 0.600976 0.330928 0.067275 0.078525 0.731059
1 0.267473 0.347783 0.100011 0.080242 0.731059
2 0.410013 0.327072 0.025767 0.029173 0.002473
3 0.558564 0.325309 0.026713 0.057671 0.006693
3 0.557640 0.325295 0.025244 0.057693 0.006693
3 0.410013 0.327072 0.025767 0.029173 0.002473
3 0.429525 0.327731 0.016008 0.020849 0.006693
3 0.531326 0.322909 0.022342 0.020865 0.002473
3 0.558535 0.320540 0.026773 0.057604 0.006693
3 0.557639 0.322959 0.025218 0.052784 0.002473
3 0.558554 0.323079 0.026812 0.052567 0.006693
3 0.559370 0.323056 0.025580 0.052623 0.002473
