0 0.617133 0.329413 0.016210 0.035636 0.002473
0 0.554098 0.325738 0.017912 0.047784 0.006693
1 0.007755 0.245888 0.015732 0.076326 0.002473
1 0.006282 0.248387 0.012804 0.079052 0.002473
1 0.006268 0.262460 0.012618 0.058645 0.002473
1 0.004892 0.303859 0.015667 0.085178 0.002473
1 0.555586 0.318506 0.021223 0.044220 0.006693
1 0.587308 0.330516 0.060329 0.068121 0.500000
1 0.586978 0.330828 0.060722 0.068740 0.731059
1 0.586867 0.328425 0.061239 0.073547 0.500000
1 0.171038 0.348673 0.152052 0.136122 0.002473
1 0.170408 0.348658 0.153332 0.136085 0.880797
1 0.170399 0.351371 0.153305 0.140281 0.731059
1 0.296676 0.341311 0.087547 0.067381 0.731059
1 0.295246 0.341326 0.084593 0.067351 0.731059
1 0.296172 0.341326 0.082777 0.067357 0.731059
1 0.362463 0.333333 0.050083 0.041701 0.500000
1 0.362479 0.335715 0.050074 0.046533 0.268941
1 0.361048 0.335719 0.052906 0.046523 0.268941
1 0.362483 0.330937 0.050054 0.046551 0.500000
1 0.414032 0.326900 0.028091 0.028851 0.500000
1 0.414059 0.326947 0.028123 0.028929 0.268941
1 0.432965 0.325315 0.016011 0.025726 0.119203
1 0.440157 0.325319 0.014004 0.016057 0.017986
1 0.453064 0.322818 0.013221 0.021060 0.002473
1 0.518785 0.318075 0.012596 0.020908 0.119203
1 0.536006 0.325317 0.022069 0.025683 0.500000
1 0.536056 0.325320 0.022114 0.025659 0.500000
1 0.553899 0.321380 0.017577 0.042034 0.002473
1 0.587049 0.328245 0.060864 0.073152 0.500000
1 0.586979 0.328434 0.060721 0.073533 0.500000
1 0.587052 0.330840 0.060865 0.068720 0.500000
1 0.587320 0.330834 0.060330 0.068749 0.500000
1 0.172303 0.348662 0.155310 0.136058 0.731059
1 0.170415 0.348970 0.153366 0.135445 0.500000
1 0.170419 0.351374 0.153339 0.140264 0.500000
1 0.295282 0.341140 0.084823 0.067782 0.017986
1 0.296682 0.341319 0.087540 0.067367 0.500000
1 0.295233 0.341341 0.084644 0.067322 0.500000
1 0.295234 0.343740 0.084644 0.072149 0.500000
1 0.296765 0.341271 0.087414 0.067512 0.880797
1 0.361039 0.333313 0.052926 0.041724 0.500000
1 0.362478 0.330939 0.050074 0.046491 0.731059
1 0.362501 0.333342 0.050031 0.041683 0.500000
1 0.362512 0.338140 0.050026 0.041703 0.500000
1 0.554098 0.325738 0.017912 0.047784 0.002473
1 0.586979 0.330964 0.060725 0.068952 0.731059
1 0.587431 0.331600 0.059824 0.070204 0.500000
1 0.587429 0.328562 0.061624 0.073751 0.500000
1 0.170594 0.351371 0.152951 0.140253 0.500000
1 0.170422 0.348656 0.153352 0.136051 0.731059
1 0.170870 0.351368 0.152437 0.140258 0.500000
1 0.296676 0.341328 0.087550 0.067366 0.500000
1 0.296681 0.341324 0.087445 0.067369 0.500000
1 0.296653 0.343738 0.087503 0.072197 0.731059
1 0.170339 0.351377 0.153200 0.140254 0.731059
1 0.170873 0.349274 0.152452 0.134825 0.268941
1 0.856676 0.427507 0.292623 0.363243 0.904651
1 0.851946 0.427952 0.283489 0.364046 0.924142
1 0.857377 0.432696 0.298681 0.369143 0.924142
1 0.853423 0.433689 0.288917 0.357567 0.777300
1 0.852239 0.434907 0.286419 0.359966 0.924142
1 0.854578 0.433188 0.290757 0.356100 0.924142
1 0.857896 0.434111 0.299621 0.358142 0.924142
1 0.855339 0.434812 0.283235 0.359657 0.119203
1 0.851882 0.436010 0.287093 0.361776 0.924142
1 0.853729 0.437360 0.286381 0.364438 0.939913
1 0.856634 0.437480 0.297134 0.359823 0.924142
2 0.518785 0.318075 0.012596 0.020908 0.002473
3 0.555586 0.318506 0.021223 0.044220 0.119203
3 0.414032 0.326900 0.028091 0.028851 0.017986
3 0.414059 0.326947 0.028123 0.028929 0.006693
3 0.432965 0.325315 0.016011 0.025726 0.002473
3 0.518785 0.318075 0.012596 0.020908 0.006693
3 0.553899 0.321380 0.017577 0.042034 0.006693
