0 0.004825 0.326664 0.009732 0.082686 0.006693
0 0.222586 0.330138 0.010669 0.077588 0.002473
0 0.622605 0.315216 0.010736 0.037567 0.006693
0 0.005001 0.340699 0.010084 0.085159 0.002473
0 0.108133 0.343668 0.017577 0.074211 0.002473
0 0.220198 0.333320 0.009625 0.069562 0.002473
0 0.623036 0.320173 0.009776 0.036327 0.017986
0 0.106427 0.352146 0.019107 0.066695 0.002473
0 0.114547 0.344759 0.021382 0.061499 0.002473
0 0.222585 0.335292 0.010667 0.069903 0.002473
0 0.222683 0.339179 0.010868 0.073629 0.006693
1 0.004825 0.326664 0.009732 0.082686 0.006693
1 0.005001 0.340699 0.010084 0.085159 0.002473
1 0.199190 0.336618 0.038212 0.052960 0.002473
1 0.456245 0.320425 0.012568 0.025844 0.006693
1 0.476940 0.324472 0.009830 0.008147 0.006693
1 0.497684 0.317920 0.010869 0.021242 0.002473
1 0.510092 0.322854 0.010666 0.020987 0.047426
1 0.521438 0.320427 0.008373 0.016304 0.002473
1 0.535385 0.325317 0.011256 0.016058 0.017986
1 0.545056 0.320505 0.009914 0.016046 0.047426
1 0.562488 0.325317 0.025002 0.025683 0.500000
1 0.563951 0.325317 0.022100 0.025668 0.500000
2 0.498333 0.314652 0.010378 0.027384 0.006693
2 0.497684 0.317920 0.010869 0.021242 0.119203
2 0.510092 0.322854 0.010666 0.020987 0.002473
3 0.457683 0.313982 0.015615 0.029096 0.017986
3 0.456245 0.320425 0.012568 0.025844 0.268941
3 0.497684 0.317920 0.010869 0.021242 0.006693
3 0.510092 0.322854 0.010666 0.020987 0.006693
3 0.562488 0.325317 0.025002 0.025683 0.002473
3 0.563951 0.325317 0.022100 0.025668 0.002473
4 0.019095 0.353520 0.038191 0.073853 0.002473
4 0.020282 0.357343 0.040540 0.066356 0.002473
4 0.020312 0.359613 0.040815 0.071032 0.006693
4 0.017894 0.360961 0.035988 0.070845 0.002473
4 0.020531 0.357653 0.040999 0.066614 0.017986
4 0.021935 0.357522 0.038684 0.066422 0.002473
5 0.004825 0.326664 0.009732 0.082686 0.002473
