0 0.004821 0.325977 0.009724 0.084062 0.002473
0 0.220221 0.327594 0.009700 0.082296 0.002473
0 0.614912 0.317490 0.010677 0.042058 0.119203
0 0.004892 0.340635 0.009867 0.085104 0.002473
0 0.222580 0.335017 0.010645 0.066168 0.002473
0 0.615915 0.319358 0.006858 0.037702 0.119203
0 0.143792 0.347656 0.006907 0.043783 0.002473
0 0.222675 0.340865 0.010895 0.070278 0.002473
1 0.004821 0.325977 0.009724 0.084062 0.006693
1 0.004892 0.340635 0.009867 0.085104 0.006693
1 0.457694 0.320484 0.015463 0.025727 0.002473
1 0.477388 0.324474 0.010726 0.008142 0.006693
1 0.498551 0.320330 0.012602 0.016417 0.006693
1 0.522723 0.320431 0.010942 0.016307 0.002473
1 0.532943 0.320496 0.010124 0.016080 0.017986
1 0.545187 0.320506 0.009682 0.016044 0.047426
1 0.563930 0.322916 0.022118 0.020883 0.268941
1 0.564918 0.325317 0.020168 0.025668 0.500000
1 0.008174 0.361434 0.016558 0.069218 0.006693
2 0.498326 0.317192 0.015919 0.032270 0.119203
2 0.501697 0.313986 0.015959 0.028855 0.006693
2 0.498551 0.320330 0.012602 0.016417 0.119203
3 0.457685 0.317189 0.015619 0.032285 0.017986
3 0.498326 0.317192 0.015919 0.032270 0.002473
3 0.457694 0.320484 0.015463 0.025727 0.268941
3 0.498551 0.320330 0.012602 0.016417 0.002473
3 0.563930 0.322916 0.022118 0.020883 0.002473
3 0.564918 0.325317 0.020168 0.025668 0.017986
4 0.021727 0.360361 0.037658 0.069561 0.002473
4 0.020474 0.356672 0.041170 0.068100 0.002473
4 0.008174 0.361434 0.016558 0.069218 0.006693
4 0.020586 0.360312 0.041112 0.070827 0.006693
4 0.006690 0.366246 0.013590 0.060296 0.002473
