0 0.606250 0.318853 0.006776 0.038730 0.006693
0 0.605312 0.317718 0.004864 0.031328 0.017986
1 0.477386 0.322887 0.010722 0.011316 0.017986
1 0.521249 0.322800 0.007980 0.011490 0.017986
1 0.535361 0.320512 0.011218 0.016055 0.047426
1 0.546602 0.320505 0.012645 0.016046 0.119203
1 0.563930 0.322916 0.022117 0.020885 0.500000
1 0.563953 0.325319 0.022103 0.025672 0.500000
1 0.127288 0.241865 0.251890 0.478236 0.001927
1 0.129098 0.240136 0.259015 0.475278 0.003173
2 0.502899 0.312489 0.025037 0.041703 0.268941
2 0.502925 0.312497 0.024953 0.041677 0.500000
2 0.502381 0.315003 0.020255 0.036690 0.119203
2 0.502908 0.312456 0.024986 0.041763 0.500000
2 0.125714 0.242896 0.257279 0.475832 0.182426
2 0.127288 0.241865 0.251890 0.478236 0.622459
2 0.129098 0.240136 0.259015 0.475278 0.777300
2 0.127573 0.240246 0.251369 0.474742 0.004070
2 0.125475 0.239659 0.254764 0.477847 0.437824
2 0.127347 0.239760 0.251736 0.472357 0.437824
2 0.130046 0.238928 0.257187 0.476666 0.679179
2 0.127553 0.241864 0.248312 0.471121 0.679179
2 0.126221 0.242653 0.256190 0.472141 0.437824
2 0.128658 0.242364 0.254367 0.471320 0.562177
2 0.130885 0.242004 0.255679 0.471248 0.679179
2 0.128330 0.241242 0.249781 0.476064 0.095349
3 0.456268 0.317508 0.012627 0.031638 0.047426
3 0.456246 0.316467 0.012567 0.024117 0.268941
3 0.563953 0.325319 0.022103 0.025672 0.002473
3 0.129098 0.240136 0.259015 0.475278 0.001170
