0 0.006586 0.284983 0.013250 0.090505 0.002473
0 0.137440 0.316376 0.024930 0.101012 0.002473
0 0.139251 0.320158 0.021646 0.108577 0.002473
0 0.405276 0.312251 0.004941 0.032285 0.006693
0 0.393737 0.317960 0.006795 0.021349 0.002473
0 0.405293 0.317689 0.004907 0.031378 0.002473
0 0.138968 0.353849 0.027995 0.183883 0.268941
0 0.138982 0.353159 0.027974 0.178972 0.268941
0 0.138978 0.352188 0.027984 0.180490 0.268941
0 0.139044 0.352188 0.028126 0.180490 0.268941
0 0.138982 0.352188 0.027992 0.180492 0.268941
0 0.139032 0.353702 0.028182 0.183555 0.268941
0 0.141432 0.353766 0.027137 0.177358 0.268941
0 0.140479 0.353736 0.025257 0.177257 0.268941
0 0.139977 0.352153 0.030037 0.180429 0.268941
0 0.140489 0.353716 0.025236 0.183554 0.268941
1 0.006586 0.284983 0.013250 0.090505 0.002473
1 0.031244 0.343293 0.062537 0.135711 0.500000
1 0.029810 0.343390 0.065396 0.135197 0.500000
1 0.031254 0.343550 0.062589 0.134774 0.500000
1 0.182953 0.334445 0.029022 0.044182 0.002473
1 0.273393 0.357023 0.209337 0.172410 0.880797
1 0.274320 0.354335 0.207287 0.176643 0.880797
1 0.472592 0.315779 0.014423 0.016289 0.017986
1 0.494686 0.326936 0.029855 0.044846 0.500000
1 0.495230 0.328609 0.034540 0.051090 0.500000
1 0.496147 0.328609 0.032714 0.051090 0.500000
1 0.031240 0.341156 0.062530 0.139724 0.500000
1 0.031254 0.343669 0.062498 0.134558 0.500000
1 0.029802 0.342063 0.065400 0.131454 0.500000
1 0.183225 0.343922 0.037150 0.063844 0.002473
1 0.187006 0.345299 0.041197 0.066736 0.002473
1 0.273682 0.356723 0.209158 0.171838 0.731059
1 0.273599 0.358199 0.208969 0.174736 0.500000
1 0.273804 0.356636 0.208314 0.171609 0.731059
1 0.496130 0.326886 0.032742 0.044943 0.500000
1 0.496141 0.329339 0.032707 0.049657 0.500000
1 0.496147 0.326932 0.032714 0.044846 0.500000
1 0.031240 0.342409 0.062529 0.132039 0.500000
1 0.031277 0.342099 0.062450 0.132569 0.268941
1 0.031230 0.342102 0.062543 0.132562 0.500000
1 0.273578 0.356719 0.208939 0.171836 0.880797
1 0.273598 0.356617 0.208969 0.171646 0.731059
1 0.273982 0.356619 0.207941 0.171642 0.731059
1 0.029819 0.339960 0.059615 0.136893 0.731059
1 0.273601 0.358146 0.208964 0.174671 0.500000
1 0.273799 0.355731 0.208323 0.179500 0.731059
3 0.472592 0.315779 0.014423 0.016289 0.002473
4 0.062719 0.356473 0.024935 0.046971 0.002473
5 0.059533 0.350653 0.025059 0.046596 0.002473
5 0.060211 0.354710 0.021759 0.055540 0.002473
5 0.062719 0.356473 0.024935 0.046971 0.002473
