0 0.548335 0.323850 0.010407 0.051133 0.002473
0 0.550742 0.322122 0.014473 0.050086 0.002473
0 0.585446 0.317913 0.015384 0.059351 0.002473
0 0.548311 0.330499 0.010311 0.037810 0.006693
0 0.551210 0.331251 0.013193 0.028148 0.002473
0 0.548625 0.328417 0.012733 0.042072 0.017986
0 0.550770 0.330994 0.014068 0.036816 0.002473
0 0.586730 0.334046 0.014254 0.042600 0.002473
0 0.592089 0.342430 0.016271 0.065527 0.002473
1 0.219062 0.342654 0.038566 0.050950 0.002473
1 0.231059 0.343442 0.031972 0.062047 0.017986
1 0.232722 0.343473 0.034495 0.052377 0.017986
1 0.231448 0.345100 0.031461 0.055844 0.017986
1 0.268785 0.337236 0.043553 0.033854 0.119203
1 0.271289 0.338027 0.042390 0.032227 0.017986
1 0.270275 0.335710 0.040700 0.036909 0.047426
1 0.300226 0.336921 0.025698 0.033193 0.119203
1 0.326161 0.337977 0.046776 0.032372 0.006693
1 0.324976 0.335935 0.044209 0.026819 0.006693
1 0.325068 0.335617 0.044184 0.027473 0.002473
1 0.498715 0.319954 0.016272 0.026794 0.002473
1 0.551210 0.331251 0.013193 0.028148 0.006693
1 0.570953 0.323037 0.018087 0.021221 0.017986
1 0.580849 0.330393 0.014326 0.030455 0.002473
1 0.613493 0.327339 0.044202 0.029960 0.006693
1 0.109432 0.354154 0.212708 0.219783 0.880797
1 0.110203 0.352298 0.210767 0.222373 0.731059
1 0.110262 0.353149 0.210661 0.220664 0.731059
1 0.225335 0.346152 0.046930 0.067433 0.006693
1 0.231146 0.348666 0.031788 0.062333 0.047426
1 0.231443 0.346468 0.031293 0.056825 0.017986
1 0.233114 0.346296 0.033853 0.056480 0.017986
1 0.271191 0.336117 0.042535 0.026526 0.119203
1 0.270298 0.338523 0.040613 0.031318 0.119203
1 0.270232 0.338495 0.040745 0.031394 0.119203
1 0.298323 0.338857 0.022681 0.030763 0.119203
1 0.324981 0.337199 0.044199 0.024380 0.268941
1 0.325024 0.336558 0.044153 0.025595 0.500000
1 0.325006 0.336621 0.044188 0.025473 0.500000
1 0.325013 0.336604 0.044203 0.025507 0.500000
1 0.109469 0.353755 0.212793 0.225280 0.731059
1 0.109254 0.352488 0.212664 0.221565 0.500000
1 0.109497 0.355336 0.212179 0.222116 0.731059
1 0.221668 0.347274 0.046925 0.056308 0.002473
1 0.230868 0.347322 0.031701 0.055504 0.047426
1 0.231960 0.348122 0.029356 0.053896 0.006693
1 0.232692 0.346829 0.028971 0.066191 0.002473
1 0.109279 0.353057 0.212481 0.220428 0.880797
1 0.109256 0.353757 0.212412 0.225287 0.500000
1 0.109324 0.353901 0.212529 0.219175 0.731059
1 0.109279 0.353819 0.212621 0.218764 0.500000
2 0.489402 0.313791 0.023301 0.029322 0.002473
2 0.497235 0.312416 0.019861 0.032139 0.500000
2 0.497614 0.312458 0.020296 0.032133 0.119203
2 0.300226 0.336921 0.025698 0.033193 0.002473
2 0.498481 0.318353 0.016284 0.029989 0.047426
2 0.498715 0.319954 0.016272 0.026794 0.047426
2 0.570953 0.323037 0.018087 0.021221 0.006693
3 0.497235 0.312416 0.019861 0.032139 0.002473
3 0.497614 0.312458 0.020296 0.032133 0.002473
3 0.231059 0.343442 0.031972 0.062047 0.002473
3 0.232722 0.343473 0.034495 0.052377 0.002473
3 0.231448 0.345100 0.031461 0.055844 0.002473
3 0.268785 0.337236 0.043553 0.033854 0.017986
3 0.271289 0.338027 0.042390 0.032227 0.047426
3 0.270275 0.335710 0.040700 0.036909 0.047426
3 0.300226 0.336921 0.025698 0.033193 0.047426
3 0.351351 0.323382 0.029411 0.037772 0.006693
3 0.498481 0.318353 0.016284 0.029989 0.006693
3 0.498715 0.319954 0.016272 0.026794 0.006693
3 0.570953 0.323037 0.018087 0.021221 0.002473
3 0.231146 0.348666 0.031788 0.062333 0.006693
3 0.271191 0.336117 0.042535 0.026526 0.047426
3 0.270298 0.338523 0.040613 0.031318 0.119203
3 0.270232 0.338495 0.040745 0.031394 0.047426
3 0.298323 0.338857 0.022681 0.030763 0.017986
4 0.550770 0.330994 0.014068 0.036816 0.002473
4 0.230868 0.347322 0.031701 0.055504 0.002473
4 0.231960 0.348122 0.029356 0.053896 0.002473
5 0.231059 0.343442 0.031972 0.062047 0.006693
5 0.232722 0.343473 0.034495 0.052377 0.006693
5 0.231448 0.345100 0.031461 0.055844 0.002473
5 0.548311 0.330499 0.010311 0.037810 0.002473
5 0.231146 0.348666 0.031788 0.062333 0.006693
5 0.231443 0.346468 0.031293 0.056825 0.017986
5 0.233114 0.346296 0.033853 0.056480 0.017986
5 0.548625 0.328417 0.012733 0.042072 0.002473
5 0.230868 0.347322 0.031701 0.055504 0.006693
5 0.231960 0.348122 0.029356 0.053896 0.047426
5 0.232692 0.346829 0.028971 0.066191 0.047426
