0 0.004858 0.298794 0.009939 0.094357 0.002473
0 0.032701 0.276363 0.009660 0.036983 0.002473
0 0.227248 0.298347 0.011174 0.078026 0.006693
0 0.003893 0.309370 0.007867 0.079438 0.047426
0 0.032697 0.281912 0.009634 0.044282 0.006693
0 0.039201 0.302002 0.012210 0.087563 0.002473
0 0.068754 0.301479 0.012661 0.085289 0.002473
0 0.228347 0.299161 0.012546 0.077531 0.119203
0 0.496361 0.296479 0.008247 0.041855 0.006693
0 0.505608 0.296534 0.020027 0.041833 0.006693
0 0.862210 0.322664 0.014912 0.126387 0.006693
0 0.864365 0.322489 0.015510 0.119077 0.017986
0 0.004818 0.311934 0.009717 0.074916 0.047426
0 0.228356 0.301106 0.012566 0.074279 0.017986
0 0.478281 0.296666 0.008980 0.041467 0.002473
0 0.500818 0.301658 0.017162 0.031605 0.006693
0 0.504674 0.303578 0.021871 0.033752 0.017986
0 0.512226 0.304398 0.016051 0.035388 0.006693
0 0.533641 0.303692 0.007780 0.033788 0.002473
0 0.861753 0.324660 0.014023 0.128919 0.006693
0 0.863243 0.321995 0.014015 0.116891 0.006693
0 0.004820 0.317782 0.009723 0.072749 0.006693
0 0.035521 0.310608 0.021210 0.087157 0.002473
0 0.229776 0.319181 0.009716 0.038061 0.047426
0 0.861752 0.329228 0.014022 0.134325 0.002473
0 0.004821 0.325151 0.009721 0.058114 0.002473
1 0.003893 0.309370 0.007867 0.079438 0.002473
1 0.174185 0.325199 0.075933 0.057554 0.002473
1 0.187953 0.322884 0.058770 0.052865 0.047426
1 0.192320 0.322852 0.049901 0.052764 0.002473
1 0.192036 0.322847 0.046731 0.052827 0.002473
1 0.662367 0.311633 0.015328 0.024321 0.002473
1 0.661849 0.312428 0.016909 0.022755 0.002473
1 0.694162 0.320428 0.027016 0.041741 0.006693
1 0.695577 0.320441 0.027919 0.041688 0.047426
1 0.695619 0.317333 0.027991 0.041723 0.047426
1 0.190008 0.328023 0.050588 0.052300 0.006693
1 0.192038 0.327340 0.050494 0.053642 0.047426
1 0.191068 0.323327 0.048692 0.051972 0.006693
1 0.192976 0.325714 0.048592 0.056855 0.002473
1 0.662208 0.314168 0.014934 0.019495 0.119203
1 0.661661 0.314212 0.017162 0.019406 0.047426
1 0.694162 0.318913 0.027014 0.044733 0.006693
1 0.695417 0.320440 0.028337 0.041660 0.047426
1 0.695622 0.318884 0.027996 0.038539 0.017986
1 0.190105 0.328087 0.054467 0.052177 0.017986
1 0.191981 0.327351 0.050580 0.053649 0.002473
1 0.192045 0.325775 0.046710 0.056813 0.006693
2 0.173223 0.325357 0.066059 0.058010 0.002473
2 0.174185 0.325199 0.075933 0.057554 0.002473
2 0.694162 0.320428 0.027016 0.041741 0.002473
2 0.695577 0.320441 0.027919 0.041688 0.002473
2 0.695619 0.317333 0.027991 0.041723 0.006693
2 0.738939 0.312426 0.027898 0.051443 0.268941
2 0.737512 0.312472 0.024996 0.051350 0.731059
2 0.694162 0.318913 0.027014 0.044733 0.002473
2 0.695417 0.320440 0.028337 0.041660 0.006693
2 0.695622 0.318884 0.027996 0.038539 0.006693
2 0.740384 0.314755 0.025022 0.046804 0.268941
2 0.737505 0.310036 0.025011 0.046612 0.500000
3 0.638988 0.303593 0.022297 0.049774 0.017986
3 0.642558 0.302011 0.020838 0.046520 0.017986
3 0.640473 0.304363 0.025265 0.042046 0.119203
3 0.642667 0.304370 0.024662 0.042030 0.500000
3 0.694162 0.320428 0.027016 0.041741 0.047426
3 0.695577 0.320441 0.027919 0.041688 0.119203
3 0.695619 0.317333 0.027991 0.041723 0.268941
3 0.640473 0.305704 0.025267 0.039410 0.047426
3 0.641715 0.304407 0.022781 0.042004 0.119203
3 0.694162 0.318913 0.027014 0.044733 0.047426
3 0.695417 0.320440 0.028337 0.041660 0.268941
3 0.695622 0.318884 0.027996 0.038539 0.268941
4 0.003893 0.309370 0.007867 0.079438 0.002473
4 0.004818 0.311934 0.009717 0.074916 0.006693
4 0.187953 0.322884 0.058770 0.052865 0.017986
4 0.192320 0.322852 0.049901 0.052764 0.047426
4 0.192036 0.322847 0.046731 0.052827 0.119203
4 0.004820 0.317782 0.009723 0.072749 0.002473
4 0.190008 0.328023 0.050588 0.052300 0.047426
4 0.192038 0.327340 0.050494 0.053642 0.268941
4 0.191068 0.323327 0.048692 0.051972 0.268941
4 0.192976 0.325714 0.048592 0.056855 0.119203
4 0.004821 0.325151 0.009721 0.058114 0.017986
4 0.188925 0.331273 0.047549 0.055458 0.017986
4 0.190105 0.328087 0.054467 0.052177 0.268941
4 0.191981 0.327351 0.050580 0.053649 0.047426
4 0.192045 0.325775 0.046710 0.056813 0.119203
5 0.187953 0.322884 0.058770 0.052865 0.002473
5 0.192320 0.322852 0.049901 0.052764 0.006693
5 0.192036 0.322847 0.046731 0.052827 0.017986
5 0.192038 0.327340 0.050494 0.053642 0.002473
5 0.191068 0.323327 0.048692 0.051972 0.002473
5 0.192976 0.325714 0.048592 0.056855 0.006693
5 0.190105 0.328087 0.054467 0.052177 0.002473
