0 0.003436 0.294310 0.012756 0.099758 0.002473
0 0.806048 0.315456 0.013088 0.115295 0.006693
0 0.004820 0.311401 0.009720 0.083501 0.119203
0 0.031250 0.281995 0.012530 0.046313 0.006693
0 0.228322 0.296806 0.012625 0.072822 0.017986
0 0.498228 0.296423 0.012248 0.041741 0.002473
0 0.505859 0.298097 0.014226 0.038706 0.006693
0 0.807701 0.320345 0.009659 0.109456 0.017986
0 0.004818 0.312797 0.009717 0.082522 0.017986
0 0.229837 0.299959 0.009840 0.076936 0.002473
0 0.474753 0.298507 0.016101 0.037677 0.002473
0 0.503781 0.301668 0.023181 0.031588 0.002473
0 0.506069 0.302034 0.022858 0.030664 0.017986
0 0.511811 0.304399 0.015086 0.035391 0.006693
0 0.533669 0.306953 0.007834 0.021008 0.002473
0 0.809141 0.323399 0.012521 0.115299 0.047426
0 0.004820 0.317850 0.009723 0.072612 0.006693
0 0.809138 0.324973 0.012514 0.119351 0.119203
0 0.754791 0.333205 0.009741 0.042776 0.002473
0 0.809136 0.325428 0.012513 0.119140 0.268941
0 0.807665 0.329774 0.015509 0.131281 0.119203
0 0.805369 0.334976 0.020209 0.131643 0.017986
1 0.173523 0.322426 0.076165 0.052001 0.002473
1 0.189371 0.322734 0.052390 0.052559 0.017986
1 0.661932 0.311677 0.014384 0.024408 0.002473
1 0.694347 0.318873 0.026645 0.044850 0.047426
1 0.695393 0.318881 0.028287 0.044807 0.119203
1 0.695251 0.318878 0.028728 0.044814 0.047426
1 0.189987 0.332767 0.049596 0.052419 0.006693
1 0.191124 0.327334 0.048660 0.053631 0.006693
1 0.192072 0.324926 0.046684 0.048845 0.006693
1 0.661932 0.314167 0.014382 0.019497 0.119203
1 0.662089 0.314047 0.014511 0.019737 0.119203
1 0.694347 0.318916 0.026645 0.044729 0.047426
1 0.695417 0.320443 0.028337 0.041662 0.268941
1 0.695433 0.320441 0.028362 0.041657 0.047426
1 0.191700 0.328834 0.047787 0.050684 0.006693
1 0.193445 0.327371 0.047654 0.053639 0.002473
2 0.732520 0.307894 0.035080 0.058476 0.002473
2 0.734979 0.308605 0.029940 0.059704 0.500000
2 0.733652 0.306933 0.026966 0.062658 0.268941
2 0.173523 0.322426 0.076165 0.052001 0.002473
2 0.694347 0.318873 0.026645 0.044850 0.002473
2 0.695393 0.318881 0.028287 0.044807 0.002473
2 0.695251 0.318878 0.028728 0.044814 0.017986
2 0.725355 0.308516 0.029632 0.049180 0.002473
2 0.735068 0.310046 0.029843 0.062461 0.500000
2 0.733647 0.308587 0.026945 0.065394 0.500000
2 0.694347 0.318916 0.026645 0.044729 0.002473
2 0.695417 0.320443 0.028337 0.041662 0.006693
2 0.695433 0.320441 0.028362 0.041657 0.017986
2 0.717332 0.320057 0.009843 0.017016 0.006693
2 0.736027 0.311476 0.027907 0.059623 0.119203
2 0.734625 0.311478 0.025007 0.059619 0.268941
3 0.641419 0.303602 0.023363 0.049754 0.017986
3 0.642167 0.303574 0.021879 0.049645 0.047426
3 0.641357 0.304058 0.026973 0.042654 0.119203
3 0.641715 0.304370 0.022780 0.042030 0.500000
3 0.694347 0.318873 0.026645 0.044850 0.047426
3 0.695393 0.318881 0.028287 0.044807 0.017986
3 0.695251 0.318878 0.028728 0.044814 0.047426
3 0.639979 0.304076 0.030018 0.042666 0.119203
3 0.641715 0.304070 0.022780 0.042677 0.500000
3 0.694347 0.318916 0.026645 0.044729 0.017986
3 0.695417 0.320443 0.028337 0.041662 0.119203
3 0.695433 0.320441 0.028362 0.041657 0.119203
4 0.004820 0.311401 0.009720 0.083501 0.002473
4 0.004818 0.312797 0.009717 0.082522 0.002473
4 0.189371 0.322734 0.052390 0.052559 0.006693
4 0.191992 0.322891 0.046849 0.052880 0.047426
4 0.193093 0.322790 0.044616 0.052936 0.119203
4 0.004820 0.317850 0.009723 0.072612 0.002473
4 0.189987 0.332767 0.049596 0.052419 0.017986
4 0.191124 0.327334 0.048660 0.053631 0.268941
4 0.192072 0.324926 0.046684 0.048845 0.268941
4 0.193939 0.324874 0.046653 0.048906 0.119203
4 0.006341 0.331640 0.012760 0.045136 0.006693
4 0.188176 0.330769 0.045717 0.046897 0.017986
4 0.191700 0.328834 0.047787 0.050684 0.268941
4 0.192992 0.328109 0.048547 0.052133 0.119203
4 0.193445 0.327371 0.047654 0.053639 0.119203
5 0.191992 0.322891 0.046849 0.052880 0.006693
5 0.193093 0.322790 0.044616 0.052936 0.006693
5 0.191124 0.327334 0.048660 0.053631 0.002473
5 0.192072 0.324926 0.046684 0.048845 0.006693
5 0.193939 0.324874 0.046653 0.048906 0.002473
