0 0.031251 0.274218 0.006759 0.039120 0.002473
0 0.228221 0.298142 0.013183 0.080926 0.006693
0 0.493556 0.306146 0.022887 0.093870 0.006693
0 0.573333 0.311196 0.021825 0.103824 0.002473
0 0.004838 0.308885 0.009898 0.088729 0.017986
0 0.032697 0.283052 0.009634 0.045414 0.006693
0 0.228316 0.300303 0.012609 0.075590 0.119203
0 0.468924 0.295656 0.013225 0.033809 0.006693
0 0.480018 0.294855 0.010961 0.048101 0.006693
0 0.492345 0.312280 0.022214 0.092819 0.268941
0 0.504565 0.301165 0.010178 0.051132 0.017986
0 0.572014 0.314800 0.024814 0.097858 0.268941
0 0.571172 0.316506 0.023152 0.091450 0.268941
0 0.004818 0.317836 0.009717 0.074336 0.006693
0 0.227388 0.297758 0.010725 0.071612 0.047426
0 0.468927 0.298261 0.013227 0.038306 0.006693
0 0.480009 0.296008 0.010977 0.040673 0.017986
0 0.492664 0.310080 0.024656 0.088321 0.268941
0 0.503076 0.298864 0.013106 0.045857 0.017986
0 0.516167 0.301767 0.008275 0.038193 0.002473
0 0.531229 0.304632 0.012597 0.026170 0.017986
0 0.547840 0.304789 0.011287 0.036685 0.006693
0 0.554747 0.305177 0.009886 0.036959 0.006693
0 0.571133 0.314057 0.023067 0.096362 0.268941
0 0.571164 0.312543 0.023160 0.093131 0.268941
0 0.662634 0.312430 0.015352 0.022754 0.002473
0 0.004818 0.322627 0.009717 0.073012 0.006693
0 0.228321 0.303273 0.012626 0.060395 0.119203
0 0.491647 0.312705 0.027748 0.083440 0.119203
0 0.493112 0.314594 0.024489 0.088804 0.119203
0 0.498384 0.310710 0.018772 0.079499 0.017986
0 0.556130 0.308795 0.013218 0.033501 0.002473
0 0.571136 0.314926 0.023060 0.088371 0.268941
0 0.572591 0.314065 0.020305 0.096171 0.268941
0 0.751713 0.333023 0.012079 0.046305 0.017986
0 0.004819 0.326436 0.009715 0.055818 0.002473
0 0.492378 0.312331 0.025365 0.083831 0.119203
0 0.492929 0.312139 0.024126 0.093744 0.268941
0 0.493599 0.310029 0.026560 0.089030 0.017986
0 0.572576 0.314032 0.020180 0.096241 0.268941
0 0.572108 0.314942 0.025024 0.088351 0.268941
0 0.745467 0.328535 0.016095 0.066592 0.006693
0 0.749339 0.336030 0.016824 0.057500 0.006693
0 0.744466 0.339164 0.019877 0.081659 0.017986
0 0.747172 0.343426 0.024973 0.063420 0.006693
1 0.174903 0.325271 0.070468 0.057736 0.002473
1 0.175768 0.325180 0.073327 0.057458 0.006693
1 0.187953 0.322885 0.058770 0.052867 0.047426
1 0.192320 0.322893 0.049901 0.052846 0.006693
1 0.191931 0.322840 0.046940 0.052815 0.006693
1 0.661735 0.311611 0.014059 0.024363 0.002473
1 0.694288 0.318900 0.026529 0.038685 0.047426
1 0.695328 0.318895 0.028162 0.038598 0.119203
1 0.694503 0.318876 0.026481 0.044812 0.047426
1 0.173441 0.326918 0.071560 0.054530 0.002473
1 0.187142 0.327018 0.050715 0.054260 0.002473
1 0.191618 0.323052 0.047671 0.052579 0.119203
1 0.191989 0.324509 0.050547 0.049607 0.017986
1 0.192035 0.323307 0.046733 0.052040 0.006693
1 0.660998 0.314788 0.016250 0.021243 0.047426
1 0.662152 0.314802 0.014387 0.021252 0.047426
1 0.694357 0.320492 0.026669 0.041631 0.017986
1 0.695578 0.318883 0.027925 0.038543 0.268941
1 0.695619 0.318882 0.028001 0.044784 0.047426
1 0.188699 0.327334 0.053582 0.053683 0.002473
1 0.191565 0.324640 0.051547 0.049431 0.047426
1 0.191058 0.325483 0.048675 0.057386 0.006693
1 0.192968 0.323082 0.048595 0.052590 0.002473
1 0.728109 0.316401 0.031291 0.065919 0.002473
1 0.727682 0.310678 0.030382 0.077371 0.002473
2 0.731238 0.304142 0.037502 0.089460 0.017986
2 0.729762 0.304823 0.040409 0.087156 0.500000
2 0.729780 0.303252 0.040367 0.083989 0.500000
2 0.731224 0.303878 0.037573 0.082734 0.500000
2 0.174903 0.325271 0.070468 0.057736 0.002473
2 0.694288 0.318900 0.026529 0.038685 0.006693
2 0.695328 0.318895 0.028162 0.038598 0.047426
2 0.694503 0.318876 0.026481 0.044812 0.268941
2 0.728321 0.305826 0.037529 0.086803 0.500000
2 0.728321 0.304187 0.037469 0.083369 0.500000
2 0.729776 0.303891 0.040498 0.082764 0.268941
2 0.694357 0.320492 0.026669 0.041631 0.006693
2 0.695578 0.318883 0.027925 0.038543 0.119203
2 0.695619 0.318882 0.028001 0.044784 0.119203
2 0.729536 0.305829 0.034147 0.080717 0.268941
2 0.729539 0.304095 0.034083 0.084189 0.268941
2 0.730152 0.307353 0.039853 0.082507 0.047426
2 0.728109 0.316401 0.031291 0.065919 0.017986
2 0.727682 0.310678 0.030382 0.077371 0.268941
3 0.640436 0.302031 0.025192 0.046657 0.006693
3 0.642172 0.302801 0.021901 0.045115 0.006693
3 0.640457 0.304362 0.025233 0.042046 0.119203
3 0.642661 0.304486 0.024672 0.041798 0.500000
3 0.694288 0.318900 0.026529 0.038685 0.017986
3 0.695328 0.318895 0.028162 0.038598 0.017986
3 0.694503 0.318876 0.026481 0.044812 0.017986
3 0.639005 0.305708 0.028069 0.039402 0.119203
3 0.642658 0.304380 0.024667 0.042058 0.268941
3 0.694357 0.320492 0.026669 0.041631 0.006693
3 0.695578 0.318883 0.027925 0.038543 0.119203
3 0.695619 0.318882 0.028001 0.044784 0.017986
3 0.728109 0.316401 0.031291 0.065919 0.002473
3 0.727682 0.310678 0.030382 0.077371 0.002473
4 0.004818 0.317836 0.009717 0.074336 0.002473
4 0.187953 0.322885 0.058770 0.052867 0.006693
4 0.192320 0.322893 0.049901 0.052846 0.017986
4 0.191931 0.322840 0.046940 0.052815 0.047426
4 0.004818 0.322627 0.009717 0.073012 0.006693
4 0.187142 0.327018 0.050715 0.054260 0.002473
4 0.191618 0.323052 0.047671 0.052579 0.119203
4 0.191989 0.324509 0.050547 0.049607 0.047426
4 0.192035 0.323307 0.046733 0.052040 0.119203
4 0.004819 0.326436 0.009715 0.055818 0.047426
4 0.188699 0.327334 0.053582 0.053683 0.006693
4 0.191565 0.324640 0.051547 0.049431 0.119203
4 0.191058 0.325483 0.048675 0.057386 0.047426
4 0.192968 0.323082 0.048595 0.052590 0.119203
5 0.187953 0.322885 0.058770 0.052867 0.006693
5 0.192320 0.322893 0.049901 0.052846 0.017986
5 0.191931 0.322840 0.046940 0.052815 0.047426
5 0.191618 0.323052 0.047671 0.052579 0.047426
5 0.191989 0.324509 0.050547 0.049607 0.047426
5 0.192035 0.323307 0.046733 0.052040 0.047426
5 0.191565 0.324640 0.051547 0.049431 0.017986
5 0.191058 0.325483 0.048675 0.057386 0.006693
5 0.192968 0.323082 0.048595 0.052590 0.006693
