0 0.226359 0.296185 0.012950 0.073729 0.006693
0 0.004875 0.307820 0.009825 0.080088 0.017986
0 0.032697 0.278800 0.009635 0.039926 0.006693
0 0.226448 0.297123 0.012605 0.072232 0.047426
0 0.467436 0.295637 0.016084 0.033766 0.002473
0 0.475749 0.296542 0.017960 0.041820 0.017986
0 0.497589 0.298037 0.011041 0.038623 0.002473
0 0.503124 0.298080 0.013206 0.038656 0.002473
0 0.003891 0.316873 0.007864 0.075094 0.006693
0 0.227388 0.296186 0.010724 0.074428 0.017986
0 0.467437 0.295713 0.016085 0.033672 0.002473
0 0.474784 0.298125 0.016036 0.038500 0.006693
0 0.498271 0.301592 0.012163 0.037731 0.006693
0 0.504557 0.301925 0.016027 0.030882 0.017986
0 0.516714 0.303781 0.010892 0.034154 0.002473
0 0.533641 0.306101 0.007780 0.028972 0.002473
0 0.228320 0.308641 0.012628 0.049660 0.017986
0 0.754785 0.335617 0.009705 0.047089 0.017986
0 0.770197 0.333164 0.009636 0.053105 0.006693
0 0.752416 0.333671 0.010671 0.041733 0.006693
0 0.768735 0.333518 0.006802 0.056597 0.006693
0 0.751403 0.344834 0.012798 0.061104 0.002473
0 0.770235 0.341368 0.009989 0.067760 0.002473
1 0.186548 0.322845 0.061559 0.052784 0.017986
1 0.191625 0.318914 0.051292 0.054548 0.002473
1 0.661932 0.312709 0.014383 0.022143 0.002473
1 0.695227 0.318920 0.028406 0.038723 0.047426
1 0.695395 0.318895 0.028292 0.038598 0.268941
1 0.695435 0.317333 0.028360 0.041723 0.047426
1 0.189194 0.327254 0.052588 0.053794 0.002473
1 0.192086 0.327328 0.046736 0.053657 0.047426
1 0.193058 0.323327 0.044710 0.051972 0.017986
1 0.192998 0.323301 0.044807 0.052053 0.002473
1 0.661756 0.314165 0.013997 0.019487 0.119203
1 0.662089 0.314213 0.014512 0.019407 0.047426
1 0.695107 0.320481 0.028905 0.041649 0.017986
1 0.695424 0.318889 0.028350 0.038554 0.500000
1 0.694313 0.320439 0.026861 0.041671 0.119203
1 0.192008 0.325680 0.050661 0.047352 0.017986
1 0.192993 0.324941 0.048547 0.048830 0.006693
1 0.193000 0.324957 0.044800 0.048810 0.006693
1 0.728323 0.310151 0.037459 0.078429 0.002473
2 0.728329 0.303051 0.037523 0.086026 0.006693
2 0.728331 0.305867 0.037541 0.086250 0.500000
2 0.729791 0.305128 0.034625 0.087741 0.500000
2 0.726476 0.305873 0.037536 0.086720 0.500000
2 0.695227 0.318920 0.028406 0.038723 0.006693
2 0.695395 0.318895 0.028292 0.038598 0.017986
2 0.695435 0.317333 0.028360 0.041723 0.119203
2 0.728280 0.305231 0.037655 0.088007 0.500000
2 0.728320 0.305247 0.037567 0.087981 0.500000
2 0.729770 0.305916 0.040480 0.080560 0.268941
2 0.695107 0.320481 0.028905 0.041649 0.006693
2 0.695424 0.318889 0.028350 0.038554 0.047426
2 0.694313 0.320439 0.026861 0.041671 0.268941
2 0.728332 0.305655 0.037538 0.087369 0.500000
2 0.728343 0.307239 0.037494 0.084143 0.268941
2 0.728328 0.307523 0.037611 0.083640 0.268941
2 0.728323 0.310151 0.037459 0.078429 0.500000
3 0.640392 0.301999 0.025101 0.046547 0.047426
3 0.641648 0.303574 0.022651 0.049645 0.047426
3 0.640399 0.303304 0.025118 0.044162 0.268941
3 0.641622 0.303620 0.022595 0.043530 0.500000
3 0.695227 0.318920 0.028406 0.038723 0.006693
3 0.695395 0.318895 0.028292 0.038598 0.002473
3 0.695435 0.317333 0.028360 0.041723 0.002473
3 0.639908 0.303323 0.029875 0.044171 0.268941
3 0.641622 0.304057 0.022595 0.042704 0.500000
3 0.695107 0.320481 0.028905 0.041649 0.002473
3 0.695424 0.318889 0.028350 0.038554 0.017986
3 0.694313 0.320439 0.026861 0.041671 0.017986
4 0.003891 0.316873 0.007864 0.075094 0.002473
4 0.186548 0.322845 0.061559 0.052784 0.017986
4 0.191625 0.318914 0.051292 0.054548 0.047426
4 0.193122 0.321313 0.044558 0.049760 0.119203
4 0.004853 0.319639 0.009789 0.059491 0.002473
4 0.189194 0.327254 0.052588 0.053794 0.006693
4 0.192086 0.327328 0.046736 0.053657 0.268941
4 0.193058 0.323327 0.044710 0.051972 0.119203
4 0.192998 0.323301 0.044807 0.052053 0.119203
4 0.003905 0.332451 0.008020 0.043557 0.006693
4 0.188304 0.328861 0.054372 0.050630 0.017986
4 0.192008 0.325680 0.050661 0.047352 0.119203
4 0.192993 0.324941 0.048547 0.048830 0.047426
4 0.193000 0.324957 0.044800 0.048810 0.119203
5 0.191057 0.311465 0.047851 0.073077 0.002473
5 0.186548 0.322845 0.061559 0.052784 0.002473
5 0.191625 0.318914 0.051292 0.054548 0.006693
5 0.193122 0.321313 0.044558 0.049760 0.006693
5 0.192086 0.327328 0.046736 0.053657 0.006693
5 0.193058 0.323327 0.044710 0.051972 0.017986
5 0.192998 0.323301 0.044807 0.052053 0.017986
5 0.192008 0.325680 0.050661 0.047352 0.002473
5 0.193000 0.324957 0.044800 0.048810 0.002473
