0 0.878313 0.275452 0.012826 0.053394 0.002473
0 0.881271 0.279357 0.012893 0.048582 0.002473
0 0.893753 0.284657 0.013433 0.045837 0.002473
0 0.107922 0.326650 0.025831 0.081186 0.002473
0 0.209162 0.322673 0.012630 0.052441 0.002473
0 0.606241 0.310433 0.006756 0.028100 0.017986
0 0.319706 0.322762 0.004915 0.030890 0.002473
0 0.328858 0.324899 0.007893 0.026618 0.002473
0 0.604795 0.313577 0.009650 0.029957 0.002473
1 0.384397 0.329413 0.093713 0.107307 0.880797
1 0.383928 0.329410 0.092855 0.107313 0.731059
1 0.385886 0.327940 0.090785 0.104372 0.006693
1 0.487303 0.346186 0.125412 0.192383 0.880797
1 0.547314 0.318891 0.019685 0.044852 0.268941
1 0.549153 0.317350 0.017195 0.041822 0.047426
1 0.383956 0.327804 0.092805 0.104118 0.500000
1 0.383928 0.329324 0.092825 0.107325 0.500000
1 0.385400 0.327807 0.089946 0.104266 0.500000
1 0.484578 0.343743 0.125077 0.177841 0.731059
1 0.486024 0.343762 0.127956 0.187477 0.500000
1 0.486018 0.346128 0.127938 0.182614 0.500000
1 0.547041 0.316467 0.019165 0.049640 0.500000
1 0.549085 0.320563 0.017323 0.041447 0.119203
1 0.385386 0.327773 0.089943 0.104176 0.731059
1 0.385829 0.329337 0.090871 0.107294 0.731059
1 0.384411 0.330896 0.093743 0.104172 0.500000
1 0.486027 0.343730 0.127977 0.187536 0.731059
1 0.486028 0.343743 0.127959 0.187514 0.731059
1 0.486025 0.341345 0.127950 0.182718 0.500000
1 0.385365 0.329296 0.089929 0.101144 0.268941
1 0.385851 0.329294 0.090933 0.107385 0.500000
1 0.484604 0.346157 0.125039 0.182636 0.500000
1 0.485112 0.343746 0.129791 0.187490 0.500000
1 0.484579 0.343718 0.125074 0.187563 0.731059
1 0.812209 0.417644 0.345151 0.403436 0.939913
1 0.816945 0.415343 0.346563 0.408868 0.939913
1 0.816032 0.410909 0.351359 0.400290 0.924142
1 0.812592 0.415129 0.349723 0.398597 0.924142
1 0.814701 0.416816 0.342103 0.402031 0.939913
1 0.813859 0.417786 0.348191 0.403937 0.924142
1 0.818805 0.416605 0.343711 0.411228 0.924142
1 0.811628 0.414071 0.348620 0.416282 0.952574
1 0.815273 0.418353 0.348427 0.414297 0.939913
1 0.812968 0.417016 0.352461 0.416704 0.924142
3 0.547314 0.318891 0.019685 0.044852 0.002473
3 0.549153 0.317350 0.017195 0.041822 0.002473
3 0.547041 0.316467 0.019165 0.049640 0.006693
5 0.112297 0.328693 0.031545 0.076558 0.006693
5 0.117010 0.340655 0.026040 0.058432 0.006693
5 0.120852 0.338344 0.029781 0.053019 0.002473
5 0.113970 0.342486 0.028315 0.049133 0.002473
5 0.118021 0.344773 0.023668 0.044531 0.002473
5 0.116366 0.345740 0.023514 0.049005 0.002473
