0 0.993438 0.305658 0.013213 0.134823 0.002473
0 0.083547 0.296956 0.017217 0.053220 0.002473
0 0.092119 0.301532 0.010273 0.053374 0.002473
0 0.996101 0.316796 0.007808 0.093192 0.268941
0 0.093554 0.307905 0.013063 0.050628 0.002473
0 0.984451 0.318482 0.019057 0.082916 0.002473
0 0.995175 0.320568 0.009659 0.090738 0.268941
0 0.542812 0.325342 0.004978 0.025946 0.017986
0 0.559079 0.322763 0.006847 0.030890 0.017986
0 0.571136 0.324457 0.007904 0.033925 0.002473
0 0.974600 0.317615 0.018719 0.093564 0.002473
0 0.985074 0.322490 0.026384 0.083473 0.002473
0 0.995178 0.321838 0.009664 0.091174 0.119203
0 0.973753 0.321427 0.018005 0.087677 0.006693
0 0.981406 0.330603 0.019054 0.075883 0.002473
0 0.995145 0.326710 0.009736 0.100621 0.119203
0 0.973285 0.325060 0.016626 0.090756 0.002473
0 0.981053 0.331184 0.019042 0.089953 0.006693
0 0.994785 0.328578 0.010459 0.110738 0.119203
0 0.990100 0.335197 0.014160 0.138791 0.006693
1 0.915775 0.295653 0.019151 0.034193 0.002473
1 0.996101 0.316796 0.007808 0.093192 0.006693
1 0.467767 0.333260 0.054822 0.083294 0.119203
1 0.467795 0.328493 0.054846 0.083358 0.731059
1 0.469661 0.330873 0.054761 0.078547 0.500000
1 0.845379 0.312482 0.024609 0.025782 0.119203
1 0.845909 0.313997 0.023721 0.028822 0.119203
1 0.913878 0.302040 0.016450 0.021063 0.006693
1 0.916080 0.302083 0.017860 0.020881 0.047426
1 0.995175 0.320568 0.009659 0.090738 0.002473
1 0.404773 0.325321 0.025036 0.025675 0.500000
1 0.403842 0.325319 0.023120 0.025673 0.500000
1 0.423330 0.322889 0.015912 0.020918 0.047426
1 0.425285 0.322899 0.013140 0.020903 0.017986
1 0.468712 0.330915 0.052897 0.078532 0.731059
1 0.467811 0.330922 0.054841 0.078518 0.500000
1 0.468750 0.333324 0.052963 0.083329 0.731059
1 0.501378 0.327902 0.012729 0.021217 0.268941
1 0.520232 0.329298 0.021302 0.023988 0.500000
1 0.520710 0.329355 0.022279 0.024137 0.017986
1 0.581266 0.324463 0.018521 0.033925 0.002473
1 0.620149 0.324022 0.072229 0.044352 0.500000
1 0.620395 0.324149 0.071715 0.044134 0.500000
1 0.620579 0.326133 0.072084 0.046407 0.500000
1 0.620521 0.324311 0.072212 0.043815 0.268941
1 0.619646 0.324463 0.073966 0.043557 0.500000
1 0.653468 0.325218 0.036455 0.035880 0.047426
1 0.661730 0.324470 0.026623 0.034381 0.047426
1 0.739091 0.323845 0.053400 0.039343 0.002473
1 0.775705 0.319399 0.042860 0.037787 0.006693
1 0.818740 0.327690 0.031720 0.030437 0.500000
1 0.818735 0.324537 0.031764 0.033759 0.731059
1 0.818765 0.325235 0.031699 0.035168 0.500000
1 0.846696 0.314238 0.025520 0.028636 0.119203
1 0.846838 0.314238 0.025593 0.028589 0.119203
1 0.071372 0.360795 0.142845 0.197761 0.002473
1 0.071865 0.360401 0.143773 0.196894 0.731059
1 0.467771 0.330911 0.054779 0.078543 0.731059
1 0.468747 0.330919 0.052970 0.078524 0.500000
1 0.467805 0.330923 0.054816 0.078519 0.500000
1 0.502310 0.331147 0.014609 0.027233 0.002473
1 0.620327 0.325737 0.071865 0.047325 0.500000
1 0.619667 0.324275 0.073910 0.043920 0.500000
1 0.619909 0.324275 0.074490 0.043918 0.500000
1 0.621036 0.324464 0.072977 0.043548 0.500000
1 0.620515 0.324168 0.072216 0.044186 0.500000
1 0.641396 0.326566 0.038105 0.039852 0.002473
1 0.818715 0.328294 0.031686 0.031685 0.002473
1 0.820192 0.326215 0.034592 0.037068 0.002473
1 0.995145 0.326710 0.009736 0.100621 0.002473
1 0.071213 0.360239 0.142532 0.196611 0.500000
1 0.071416 0.360178 0.142882 0.196486 0.500000
1 0.072853 0.357516 0.139998 0.194123 0.500000
1 0.467779 0.330915 0.054774 0.088173 0.500000
1 0.467786 0.328501 0.054750 0.083380 0.731059
1 0.994785 0.328578 0.010459 0.110738 0.002473
1 0.071398 0.357198 0.142902 0.193562 0.500000
1 0.071670 0.360240 0.143435 0.196640 0.500000
1 0.071879 0.359512 0.143745 0.198136 0.731059
1 0.071852 0.356961 0.143812 0.193088 0.500000
1 0.071900 0.359293 0.143837 0.197749 0.731059
1 0.071441 0.357717 0.142840 0.191550 0.268941
2 0.273371 0.298264 0.159164 0.127927 0.731059
2 0.272961 0.299718 0.154190 0.125035 0.500000
2 0.274395 0.298113 0.157115 0.128068 0.500000
2 0.276316 0.298121 0.153162 0.121809 0.500000
2 0.273223 0.298490 0.153599 0.121196 0.731059
2 0.885069 0.298781 0.020194 0.037071 0.119203
2 0.886087 0.298030 0.022100 0.038548 0.047426
2 0.996101 0.316796 0.007808 0.093192 0.002473
2 0.273645 0.298116 0.152794 0.121825 0.500000
2 0.276446 0.299791 0.152902 0.124725 0.500000
2 0.276606 0.296938 0.152621 0.124336 0.500000
2 0.885077 0.298970 0.020180 0.036731 0.119203
2 0.886066 0.298216 0.022136 0.038212 0.119203
2 0.954264 0.294489 0.044357 0.033853 0.002473
2 0.276850 0.296674 0.146593 0.124902 0.500000
2 0.275031 0.300061 0.149970 0.124191 0.500000
3 0.885069 0.298781 0.020194 0.037071 0.017986
3 0.886087 0.298030 0.022100 0.038548 0.006693
3 0.915775 0.295653 0.019151 0.034193 0.002473
3 0.996101 0.316796 0.007808 0.093192 0.002473
3 0.469661 0.330873 0.054761 0.078547 0.002473
3 0.589283 0.320740 0.029240 0.043028 0.002473
3 0.647352 0.315034 0.046956 0.047873 0.006693
3 0.653686 0.317508 0.037217 0.042947 0.002473
3 0.739539 0.322048 0.054533 0.042194 0.047426
3 0.738315 0.321225 0.051658 0.043356 0.047426
3 0.741428 0.321360 0.057605 0.040558 0.047426
3 0.752356 0.321351 0.079747 0.043575 0.119203
3 0.754908 0.318993 0.084158 0.045302 0.500000
3 0.763850 0.318890 0.066478 0.045026 0.119203
3 0.773013 0.318868 0.048328 0.044969 0.006693
3 0.845379 0.312482 0.024609 0.025782 0.002473
3 0.885077 0.298970 0.020180 0.036731 0.047426
3 0.886066 0.298216 0.022136 0.038212 0.017986
3 0.423330 0.322889 0.015912 0.020918 0.006693
3 0.501378 0.327902 0.012729 0.021217 0.002473
3 0.520232 0.329298 0.021302 0.023988 0.006693
3 0.520710 0.329355 0.022279 0.024137 0.002473
3 0.653468 0.325218 0.036455 0.035880 0.002473
3 0.661730 0.324470 0.026623 0.034381 0.002473
3 0.739091 0.323845 0.053400 0.039343 0.731059
3 0.739235 0.322745 0.047723 0.041366 0.500000
3 0.738226 0.322438 0.051453 0.040752 0.268941
3 0.743874 0.322481 0.062975 0.040844 0.268941
3 0.754777 0.320653 0.084427 0.041518 0.268941
3 0.763952 0.320609 0.066275 0.041431 0.268941
3 0.775705 0.319399 0.042860 0.037787 0.119203
3 0.846696 0.314238 0.025520 0.028636 0.006693
3 0.737595 0.325434 0.050872 0.037403 0.006693
3 0.737712 0.323427 0.050715 0.042644 0.002473
3 0.738458 0.323090 0.051879 0.042078 0.002473
3 0.739500 0.323401 0.054256 0.042734 0.006693
3 0.751005 0.321013 0.078536 0.047620 0.006693
4 0.996101 0.316796 0.007808 0.093192 0.002473
4 0.995175 0.320568 0.009659 0.090738 0.002473
4 0.995145 0.326710 0.009736 0.100621 0.002473
5 0.996101 0.316796 0.007808 0.093192 0.002473
5 0.916080 0.302083 0.017860 0.020881 0.002473
5 0.995175 0.320568 0.009659 0.090738 0.002473
5 0.581266 0.324463 0.018521 0.033925 0.002473
5 0.661730 0.324470 0.026623 0.034381 0.002473
