0 0.052338 0.260246 0.017061 0.095545 0.002473
0 0.622598 0.322459 0.010802 0.042995 0.017986
0 0.370174 0.319996 0.009789 0.026772 0.017986
0 0.622582 0.323401 0.010693 0.037992 0.047426
0 0.629611 0.322627 0.010271 0.032065 0.002473
0 0.621462 0.328205 0.013024 0.042863 0.006693
0 0.624176 0.325800 0.017189 0.041556 0.002473
1 0.421367 0.319090 0.033258 0.029161 0.006693
1 0.423801 0.321356 0.033314 0.033598 0.268941
1 0.424047 0.320513 0.032744 0.025671 0.119203
1 0.460374 0.325329 0.015006 0.016110 0.006693
1 0.467030 0.322915 0.016018 0.011288 0.006693
1 0.491326 0.324478 0.023137 0.033631 0.119203
1 0.491886 0.326878 0.022013 0.028792 0.500000
1 0.507725 0.325312 0.009687 0.016091 0.047426
1 0.516140 0.322907 0.008221 0.011349 0.006693
1 0.530382 0.322890 0.016749 0.020917 0.119203
1 0.540619 0.322889 0.018782 0.030532 0.119203
1 0.562751 0.317233 0.035203 0.048108 0.017986
1 0.563202 0.319693 0.032409 0.043264 0.006693
1 0.591354 0.328503 0.032718 0.041679 0.500000
1 0.589911 0.328492 0.035603 0.041638 0.500000
1 0.592297 0.326949 0.034636 0.044787 0.268941
1 0.418784 0.328423 0.037998 0.043646 0.006693
1 0.422863 0.325422 0.029529 0.041994 0.006693
1 0.589912 0.328497 0.035610 0.041720 0.500000
1 0.589913 0.328521 0.035600 0.041673 0.500000
1 0.589920 0.328513 0.035646 0.041689 0.500000
1 0.978765 0.372203 0.042566 0.270656 0.500000
1 0.978836 0.374463 0.042347 0.272724 0.268941
1 0.979784 0.376609 0.040495 0.270196 0.500000
1 0.979714 0.374148 0.040664 0.272849 0.268941
1 0.979771 0.372969 0.040468 0.268556 0.268941
1 0.979777 0.372852 0.040476 0.268916 0.500000
1 0.979714 0.372155 0.040664 0.270110 0.500000
1 0.979771 0.367653 0.040468 0.278126 0.268941
1 0.979780 0.370209 0.040469 0.280332 0.268941
1 0.981216 0.373182 0.043358 0.273839 0.500000
2 0.421367 0.319090 0.033258 0.029161 0.002473
2 0.423801 0.321356 0.033314 0.033598 0.017986
2 0.424047 0.320513 0.032744 0.025671 0.047426
2 0.507725 0.325312 0.009687 0.016091 0.002473
2 0.530382 0.322890 0.016749 0.020917 0.002473
2 0.540619 0.322889 0.018782 0.030532 0.017986
3 0.032703 0.242460 0.059633 0.162214 0.002473
3 0.031052 0.247739 0.062153 0.175277 0.002473
3 0.564377 0.308625 0.035712 0.061031 0.017986
3 0.564195 0.309586 0.038294 0.058980 0.006693
3 0.566371 0.309235 0.038752 0.068013 0.002473
3 0.563149 0.313878 0.036286 0.054877 0.268941
3 0.563680 0.312489 0.037088 0.057654 0.268941
3 0.778076 0.324488 0.187014 0.174685 0.731059
3 0.777058 0.326950 0.185989 0.179435 0.500000
3 0.421367 0.319090 0.033258 0.029161 0.002473
3 0.423801 0.321356 0.033314 0.033598 0.017986
3 0.424047 0.320513 0.032744 0.025671 0.017986
3 0.530382 0.322890 0.016749 0.020917 0.006693
3 0.540619 0.322889 0.018782 0.030532 0.017986
3 0.562751 0.317233 0.035203 0.048108 0.119203
3 0.563202 0.319693 0.032409 0.043264 0.047426
3 0.777294 0.325354 0.185532 0.182675 0.500000
3 0.778068 0.326943 0.187045 0.179497 0.731059
3 0.778249 0.326885 0.187426 0.179514 0.731059
3 0.418784 0.328423 0.037998 0.043646 0.002473
3 0.422863 0.325422 0.029529 0.041994 0.002473
3 0.778230 0.322954 0.187405 0.177811 0.731059
3 0.777291 0.326947 0.185489 0.179440 0.500000
3 0.778248 0.326946 0.187422 0.179441 0.731059
3 0.778243 0.325467 0.187393 0.182402 0.500000
3 0.778057 0.325488 0.187288 0.182361 0.731059
4 0.931785 0.356027 0.067209 0.058425 0.002473
