0 0.004811 0.351093 0.009650 0.068997 0.017986
0 0.047615 0.343590 0.010718 0.062893 0.006693
0 0.591373 0.318754 0.007805 0.029242 0.006693
0 0.004824 0.352692 0.009677 0.062990 0.017986
0 0.047615 0.341274 0.010717 0.057812 0.002473
0 0.700735 0.341145 0.014055 0.067625 0.006693
0 0.004819 0.352669 0.009715 0.063514 0.017986
0 0.047684 0.343785 0.010872 0.062744 0.002473
0 0.004773 0.356000 0.009757 0.078494 0.017986
0 0.004776 0.364663 0.009801 0.130857 0.006693
0 0.004720 0.371601 0.010146 0.184899 0.002473
1 0.398529 0.312313 0.077867 0.067099 0.731059
1 0.400001 0.311680 0.075003 0.065840 0.731059
1 0.399992 0.311958 0.074960 0.063417 0.006693
1 0.004805 0.334211 0.009765 0.101137 0.002473
1 0.106862 0.335695 0.076736 0.078728 0.017986
1 0.113823 0.338143 0.072556 0.083380 0.047426
1 0.123947 0.339684 0.055177 0.080313 0.047426
1 0.142398 0.336881 0.082859 0.074594 0.017986
1 0.149977 0.334724 0.075055 0.070256 0.268941
1 0.148556 0.334828 0.072180 0.070464 0.500000
1 0.152084 0.334720 0.070905 0.070263 0.268941
1 0.161817 0.330156 0.063753 0.067655 0.017986
1 0.334837 0.314903 0.044750 0.046523 0.268941
1 0.334854 0.314891 0.044743 0.046548 0.500000
1 0.334860 0.314892 0.044728 0.046535 0.500000
1 0.336137 0.314889 0.047080 0.046541 0.119203
1 0.399990 0.310130 0.069214 0.068940 0.731059
1 0.398554 0.311729 0.072123 0.065918 0.731059
1 0.398557 0.311692 0.072114 0.065819 0.500000
1 0.398554 0.312439 0.072108 0.064324 0.500000
1 0.446020 0.306004 0.023023 0.028975 0.047426
1 0.447107 0.303665 0.019486 0.033851 0.047426
1 0.492086 0.304486 0.010179 0.016160 0.002473
1 0.546679 0.306026 0.012591 0.012996 0.002473
1 0.613961 0.314611 0.022772 0.037009 0.006693
1 0.614561 0.314145 0.021348 0.029217 0.006693
1 0.004811 0.351093 0.009650 0.068997 0.017986
1 0.100718 0.335685 0.065976 0.078301 0.002473
1 0.109386 0.338303 0.081351 0.083071 0.017986
1 0.121941 0.339876 0.056173 0.079934 0.119203
1 0.123253 0.340219 0.053522 0.079401 0.268941
1 0.125706 0.337493 0.057470 0.075167 0.017986
1 0.151781 0.333276 0.071519 0.073582 0.500000
1 0.151574 0.333290 0.071855 0.073554 0.500000
1 0.151693 0.334836 0.071639 0.070456 0.268941
1 0.218660 0.333364 0.062687 0.051492 0.731059
1 0.220200 0.335755 0.065406 0.046546 0.268941
1 0.220203 0.333329 0.065418 0.051334 0.268941
1 0.218757 0.334906 0.062519 0.054488 0.268941
1 0.220264 0.335780 0.065318 0.046692 0.500000
1 0.284177 0.328433 0.062672 0.041788 0.268941
1 0.282744 0.328493 0.059594 0.041637 0.500000
1 0.282753 0.326944 0.059605 0.044786 0.500000
1 0.281277 0.328495 0.062479 0.041693 0.268941
1 0.282755 0.328485 0.065292 0.041680 0.731059
1 0.334831 0.314913 0.044692 0.046483 0.500000
1 0.334832 0.312511 0.044750 0.041680 0.268941
1 0.335388 0.312505 0.045699 0.041673 0.731059
1 0.336616 0.314910 0.042379 0.046536 0.047426
1 0.398552 0.312450 0.072093 0.067340 0.500000
1 0.399992 0.311736 0.074988 0.065906 0.731059
1 0.400000 0.311737 0.075000 0.065909 0.500000
1 0.398542 0.311700 0.072113 0.065850 0.500000
1 0.613318 0.325025 0.021484 0.027225 0.006693
1 0.618045 0.323139 0.019909 0.022097 0.047426
1 0.635673 0.323139 0.016221 0.033168 0.002473
1 0.004824 0.352692 0.009677 0.062990 0.047426
1 0.099260 0.338372 0.061239 0.073154 0.002473
1 0.107996 0.339867 0.078607 0.079968 0.017986
1 0.122068 0.339866 0.055670 0.079895 0.268941
1 0.123248 0.340615 0.053516 0.078420 0.500000
1 0.123418 0.340614 0.053719 0.078422 0.268941
1 0.150876 0.334894 0.073250 0.070526 0.268941
1 0.152702 0.333317 0.069597 0.067412 0.731059
1 0.151688 0.333335 0.071634 0.067388 0.500000
1 0.218738 0.333349 0.062610 0.051370 0.500000
1 0.218756 0.337296 0.062519 0.049624 0.500000
1 0.220225 0.337305 0.059590 0.049606 0.731059
1 0.220196 0.337301 0.065396 0.049616 0.268941
1 0.221664 0.334901 0.062474 0.054541 0.500000
1 0.281401 0.328508 0.062832 0.041743 0.268941
1 0.282744 0.328515 0.059593 0.041700 0.500000
1 0.282738 0.326962 0.059565 0.044791 0.500000
1 0.282767 0.325397 0.065237 0.041684 0.500000
1 0.282780 0.328454 0.065243 0.041825 0.268941
1 0.398546 0.311821 0.072104 0.065842 0.017986
1 0.398548 0.311824 0.072099 0.065848 0.047426
1 0.613923 0.334006 0.022197 0.033004 0.002473
1 0.618632 0.338508 0.013208 0.031592 0.006693
1 0.638871 0.348336 0.022197 0.040658 0.006693
1 0.638453 0.351364 0.017333 0.046072 0.017986
1 0.004819 0.352669 0.009715 0.063514 0.119203
1 0.107380 0.339401 0.075195 0.080960 0.017986
1 0.120628 0.340915 0.052762 0.077845 0.268941
1 0.123311 0.340196 0.053627 0.079284 0.500000
1 0.123311 0.340945 0.053738 0.077782 0.268941
1 0.152572 0.334961 0.069902 0.070509 0.268941
1 0.637480 0.348998 0.019319 0.043238 0.047426
1 0.638539 0.351600 0.017161 0.046847 0.047426
1 0.004773 0.356000 0.009757 0.078494 0.006693
2 0.334837 0.314903 0.044750 0.046523 0.047426
2 0.334854 0.314891 0.044743 0.046548 0.047426
2 0.334860 0.314892 0.044728 0.046535 0.047426
2 0.336137 0.314889 0.047080 0.046541 0.006693
2 0.478304 0.304426 0.012881 0.016196 0.002473
2 0.492086 0.304486 0.010179 0.016160 0.002473
2 0.511548 0.306004 0.011924 0.013135 0.006693
2 0.546679 0.306026 0.012591 0.012996 0.017986
2 0.004811 0.351093 0.009650 0.068997 0.002473
2 0.334831 0.314913 0.044692 0.046483 0.047426
2 0.334832 0.312511 0.044750 0.041680 0.047426
2 0.335388 0.312505 0.045699 0.041673 0.047426
2 0.336616 0.314910 0.042379 0.046536 0.017986
2 0.004824 0.352692 0.009677 0.062990 0.002473
2 0.004819 0.352669 0.009715 0.063514 0.002473
3 0.109380 0.321245 0.068925 0.101689 0.002473
3 0.447020 0.298020 0.020523 0.038854 0.017986
3 0.448747 0.298015 0.022160 0.039172 0.006693
3 0.099747 0.332858 0.065024 0.074182 0.002473
3 0.113823 0.338143 0.072556 0.083380 0.002473
3 0.334837 0.314903 0.044750 0.046523 0.002473
3 0.446020 0.306004 0.023023 0.028975 0.268941
3 0.447107 0.303665 0.019486 0.033851 0.119203
3 0.546679 0.306026 0.012591 0.012996 0.006693
3 0.614561 0.314145 0.021348 0.029217 0.006693
3 0.004811 0.351093 0.009650 0.068997 0.002473
3 0.100718 0.335685 0.065976 0.078301 0.002473
3 0.334831 0.314913 0.044692 0.046483 0.002473
3 0.618045 0.323139 0.019909 0.022097 0.006693
3 0.004824 0.352692 0.009677 0.062990 0.002473
3 0.107996 0.339867 0.078607 0.079968 0.002473
3 0.638453 0.351364 0.017333 0.046072 0.002473
3 0.004819 0.352669 0.009715 0.063514 0.006693
4 0.638871 0.348336 0.022197 0.040658 0.002473
5 0.004811 0.351093 0.009650 0.068997 0.002473
5 0.004824 0.352692 0.009677 0.062990 0.006693
5 0.004819 0.352669 0.009715 0.063514 0.017986
5 0.004773 0.356000 0.009757 0.078494 0.002473
