0 0.004853 0.321265 0.009784 0.111443 0.006693
0 0.459509 0.306279 0.013378 0.041127 0.006693
0 0.003881 0.327697 0.007844 0.100075 0.006693
0 0.379783 0.321711 0.009703 0.033814 0.006693
0 0.432244 0.325417 0.005015 0.027656 0.006693
0 0.604385 0.318793 0.011296 0.030869 0.002473
0 0.003865 0.324939 0.007812 0.105711 0.002473
0 0.003830 0.330936 0.007882 0.098393 0.002473
1 0.446719 0.327867 0.019494 0.021410 0.002473
1 0.455573 0.329709 0.020099 0.018845 0.002473
1 0.521672 0.320487 0.012603 0.016077 0.002473
1 0.535400 0.320282 0.015119 0.026235 0.002473
1 0.567297 0.330782 0.025098 0.036626 0.017986
1 0.568495 0.330902 0.022701 0.036841 0.500000
1 0.569734 0.330718 0.024361 0.036759 0.002473
1 0.590039 0.327864 0.020078 0.021354 0.006693
1 0.568175 0.330924 0.025042 0.036984 0.047426
1 0.568652 0.330921 0.024074 0.036885 0.731059
1 0.569051 0.330876 0.024873 0.037022 0.006693
1 0.629556 0.343574 0.016025 0.021357 0.002473
2 0.521672 0.320487 0.012603 0.016077 0.119203
2 0.535400 0.320282 0.015119 0.026235 0.006693
2 0.538889 0.320159 0.017216 0.026634 0.002473
2 0.590039 0.327864 0.020078 0.021354 0.002473
3 0.521672 0.320487 0.012603 0.016077 0.006693
3 0.535400 0.320282 0.015119 0.026235 0.017986
3 0.567297 0.330782 0.025098 0.036626 0.002473
3 0.568495 0.330902 0.022701 0.036841 0.017986
3 0.590039 0.327864 0.020078 0.021354 0.002473
3 0.568175 0.330924 0.025042 0.036984 0.006693
3 0.568652 0.330921 0.024074 0.036885 0.047426
