0 0.596143 0.341149 0.007771 0.057615 0.017986
0 0.621136 0.338013 0.007819 0.042717 0.002473
0 0.653823 0.338272 0.007896 0.043912 0.006693
0 0.596650 0.344080 0.012555 0.052222 0.047426
0 0.620205 0.338646 0.009681 0.031842 0.002473
0 0.653882 0.349977 0.007845 0.025090 0.006693
0 0.892313 0.360332 0.034876 0.119761 0.002473
0 0.595227 0.344876 0.009681 0.050689 0.047426
0 0.654854 0.355323 0.009785 0.031074 0.002473
0 0.670007 0.358032 0.015934 0.024370 0.002473
0 0.888640 0.380036 0.033491 0.166911 0.268941
0 0.889643 0.380129 0.029404 0.166733 0.500000
0 0.887761 0.377460 0.031469 0.171269 0.268941
0 0.889206 0.375028 0.028526 0.166607 0.268941
0 0.891546 0.375943 0.039420 0.154853 0.002473
0 0.889967 0.377576 0.030073 0.161543 0.268941
0 0.887601 0.379115 0.031010 0.158314 0.268941
0 0.887526 0.379424 0.030901 0.157747 0.500000
0 0.887614 0.379439 0.030986 0.157761 0.500000
0 0.962489 0.431452 0.044107 0.238200 0.500000
0 0.963171 0.432674 0.042981 0.229304 0.268941
0 0.889026 0.380223 0.028212 0.156376 0.500000
0 0.887593 0.380210 0.025191 0.156347 0.500000
0 0.962074 0.432207 0.049855 0.239870 0.006693
0 0.961020 0.430165 0.047065 0.234439 0.500000
0 0.964012 0.432427 0.047055 0.229894 0.500000
0 0.960906 0.431858 0.047034 0.229920 0.500000
0 0.962381 0.431975 0.049868 0.229590 0.500000
0 0.961125 0.432262 0.047268 0.229017 0.500000
0 0.964221 0.430315 0.047591 0.233432 0.047426
0 0.962316 0.431431 0.044129 0.238340 0.047426
0 0.961026 0.431976 0.047078 0.229618 0.268941
0 0.961144 0.429875 0.047307 0.233820 0.500000
0 0.964217 0.429580 0.047597 0.235134 0.002473
0 0.961020 0.428839 0.047066 0.235361 0.500000
0 0.960954 0.429492 0.046963 0.234055 0.047426
1 0.668683 0.353677 0.018583 0.021853 0.017986
1 0.679500 0.352884 0.022248 0.030393 0.006693
1 0.670007 0.358032 0.015934 0.024370 0.017986
1 0.677898 0.359342 0.025449 0.031596 0.002473
2 0.583228 0.343792 0.017788 0.021012 0.002473
4 0.670007 0.358032 0.015934 0.024370 0.002473
4 0.960906 0.431858 0.047034 0.229920 0.002473
5 0.964221 0.430315 0.047591 0.233432 0.002473
