1 0.330992 0.327822 0.143882 0.146031 0.006693
1 0.993749 0.302238 0.012660 0.066790 0.002473
1 0.332143 0.325364 0.141849 0.141073 0.047426
1 0.329624 0.327757 0.141064 0.145830 0.119203
1 0.331103 0.325355 0.143986 0.141105 0.119203
1 0.625270 0.326266 0.081168 0.079616 0.268941
1 0.625106 0.326391 0.080932 0.079412 0.500000
1 0.625247 0.325676 0.081340 0.077840 0.500000
1 0.625185 0.324874 0.081668 0.076259 0.047426
1 0.677693 0.333333 0.119726 0.115345 0.880797
1 0.677683 0.337287 0.119665 0.117035 0.731059
1 0.982184 0.299679 0.041460 0.055861 0.002473
1 0.995155 0.307665 0.009765 0.073479 0.017986
1 0.229924 0.357018 0.165732 0.172411 0.268941
1 0.231070 0.357000 0.163077 0.172493 0.731059
1 0.229807 0.358267 0.165618 0.175077 0.731059
1 0.330770 0.327764 0.145146 0.145782 0.047426
1 0.330089 0.322947 0.145690 0.145771 0.047426
1 0.332246 0.325362 0.141693 0.140990 0.119203
1 0.407251 0.335579 0.020483 0.048501 0.119203
1 0.421673 0.324007 0.019310 0.050642 0.017986
1 0.430605 0.321295 0.023774 0.049638 0.002473
1 0.493737 0.320500 0.018312 0.025677 0.268941
1 0.535888 0.325241 0.022218 0.016563 0.002473
1 0.539253 0.325281 0.021923 0.016246 0.002473
1 0.610819 0.332260 0.052615 0.067729 0.017986
1 0.625048 0.329129 0.080853 0.075186 0.500000
1 0.624297 0.326698 0.083241 0.079993 0.500000
1 0.624334 0.326457 0.083243 0.079316 0.731059
1 0.625096 0.325519 0.081811 0.078181 0.119203
1 0.678963 0.331768 0.122982 0.112230 0.500000
1 0.677516 0.331747 0.120081 0.112207 0.731059
1 0.679124 0.333312 0.122559 0.115325 0.500000
1 0.761809 0.350223 0.167801 0.174923 0.731059
1 0.759881 0.349385 0.169687 0.176241 0.731059
1 0.760844 0.352530 0.171690 0.179536 0.731059
1 0.973426 0.317094 0.053180 0.091589 0.006693
1 0.981055 0.371956 0.038389 0.200056 0.002473
1 0.993658 0.382616 0.012768 0.245654 0.047426
1 0.229793 0.360537 0.165623 0.170060 0.500000
1 0.229729 0.360593 0.165626 0.169949 0.500000
1 0.229810 0.358157 0.165473 0.174823 0.500000
1 0.329330 0.327810 0.141023 0.145697 0.119203
1 0.329156 0.327679 0.141927 0.145961 0.268941
1 0.330689 0.325331 0.144546 0.141065 0.268941
1 0.402361 0.340153 0.020379 0.046535 0.002473
1 0.407643 0.338638 0.015660 0.041470 0.119203
1 0.420254 0.329956 0.016429 0.038862 0.006693
1 0.430488 0.321782 0.023611 0.048932 0.006693
1 0.606285 0.331833 0.047307 0.066860 0.017986
1 0.625167 0.326627 0.081523 0.080157 0.731059
1 0.625642 0.326434 0.082473 0.079350 0.731059
1 0.678150 0.331825 0.125388 0.112115 0.500000
1 0.676603 0.331771 0.122040 0.112160 0.500000
1 0.677546 0.333288 0.120134 0.115206 0.731059
1 0.761293 0.352538 0.166777 0.179568 0.500000
1 0.759939 0.350019 0.169806 0.175011 0.500000
1 0.761550 0.349390 0.167347 0.176265 0.500000
1 0.974808 0.360786 0.050314 0.172423 0.002473
1 0.979849 0.395532 0.040366 0.310908 0.006693
1 0.990888 0.377063 0.018309 0.355591 0.017986
1 0.080312 0.379035 0.154798 0.314691 0.731059
1 0.081303 0.378313 0.156499 0.313196 0.731059
1 0.231243 0.356706 0.162590 0.171908 0.500000
1 0.231204 0.356596 0.162673 0.171688 0.500000
1 0.229769 0.358162 0.165494 0.174809 0.500000
1 0.407441 0.341965 0.016064 0.050333 0.017986
1 0.600989 0.336343 0.033307 0.061610 0.006693
1 0.623569 0.328751 0.078355 0.076701 0.017986
1 0.678095 0.331776 0.125288 0.112216 0.500000
1 0.676942 0.331744 0.122025 0.112244 0.500000
1 0.760378 0.349717 0.170695 0.175585 0.500000
1 0.760455 0.349278 0.170835 0.176495 0.500000
1 0.760963 0.350027 0.171925 0.174996 0.731059
1 0.876085 0.380884 0.162174 0.278370 0.880797
1 0.875663 0.381004 0.161932 0.278617 0.880797
1 0.980297 0.395719 0.045362 0.274571 0.017986
1 0.982512 0.377103 0.040791 0.340117 0.047426
1 0.990105 0.364076 0.019952 0.374097 0.047426
1 0.006307 0.375543 0.013061 0.252296 0.002473
1 0.081244 0.377507 0.156387 0.317058 0.731059
1 0.081245 0.377383 0.156660 0.317337 0.731059
1 0.080388 0.380940 0.154661 0.317957 0.500000
1 0.081421 0.378100 0.156364 0.312672 0.119203
1 0.229801 0.358070 0.165614 0.174827 0.500000
1 0.229949 0.358070 0.165188 0.174827 0.006693
1 0.762234 0.349716 0.174262 0.175590 0.731059
1 0.875661 0.382672 0.163105 0.276815 0.731059
1 0.875827 0.382547 0.163404 0.276574 0.731059
1 0.877068 0.382557 0.164725 0.276559 0.731059
1 0.979315 0.376400 0.040884 0.275296 0.119203
1 0.981366 0.364890 0.037217 0.354741 0.047426
1 0.990540 0.360018 0.018981 0.374238 0.119203
1 0.081288 0.379125 0.156435 0.313832 0.500000
1 0.081242 0.380996 0.156666 0.317885 0.731059
1 0.081331 0.379321 0.156538 0.314014 0.500000
1 0.875662 0.382867 0.163101 0.275950 0.731059
1 0.875896 0.382846 0.163268 0.275991 0.731059
1 0.877579 0.380172 0.163703 0.271739 0.731059
1 0.977654 0.359049 0.036288 0.268293 0.047426
1 0.982669 0.366118 0.034644 0.360471 0.017986
1 0.990613 0.358330 0.018783 0.391607 0.268941
1 0.081240 0.377440 0.156408 0.318469 0.731059
1 0.080367 0.377257 0.154726 0.318024 0.880797
1 0.876092 0.385031 0.162178 0.281218 0.500000
1 0.875829 0.382625 0.161609 0.276415 0.731059
1 0.875946 0.381899 0.162484 0.277998 0.002473
1 0.974221 0.369265 0.029423 0.296132 0.047426
1 0.989375 0.362345 0.021228 0.380264 0.017986
1 0.990622 0.361305 0.018765 0.385234 0.268941
1 0.990298 0.366760 0.019407 0.378251 0.047426
1 0.989987 0.363012 0.020030 0.381285 0.500000
1 0.989868 0.373908 0.020267 0.363904 0.047426
1 0.989919 0.372930 0.020173 0.362071 0.119203
1 0.989862 0.379474 0.020284 0.346461 0.047426
1 0.989915 0.376186 0.020202 0.348754 0.119203
1 0.988911 0.387414 0.022175 0.331122 0.119203
1 0.989905 0.391105 0.020286 0.326191 0.119203
1 0.988846 0.397452 0.022304 0.318970 0.006693
1 0.988993 0.400573 0.022095 0.309053 0.017986
1 0.988745 0.420954 0.022502 0.319550 0.006693
1 0.989079 0.421519 0.022066 0.302468 0.002473
1 0.081216 0.317615 0.154460 0.424072 0.004070
1 0.079147 0.330248 0.158816 0.402842 0.006693
1 0.078224 0.341011 0.156587 0.386558 0.001501
2 0.015805 0.183046 0.025795 0.441175 0.002473
2 0.012654 0.261161 0.031109 0.311396 0.002473
2 0.014395 0.258300 0.028756 0.370020 0.006693
2 0.013281 0.281212 0.026606 0.270863 0.002473
2 0.015142 0.296648 0.030249 0.282178 0.002473
2 0.012971 0.285763 0.026078 0.259480 0.006693
2 0.015134 0.309913 0.030263 0.278698 0.006693
2 0.010736 0.299976 0.021524 0.288131 0.006693
2 0.016205 0.307356 0.032376 0.281283 0.006693
2 0.006551 0.319899 0.013154 0.243545 0.002473
2 0.330992 0.327822 0.143882 0.146031 0.731059
2 0.330657 0.323169 0.138949 0.146347 0.006693
2 0.405772 0.316813 0.022299 0.077459 0.006693
2 0.700543 0.295593 0.079850 0.040111 0.002473
2 0.715808 0.291205 0.049362 0.031453 0.006693
2 0.332143 0.325364 0.141849 0.141073 0.731059
2 0.329624 0.327757 0.141064 0.145830 0.500000
2 0.331103 0.325355 0.143986 0.141105 0.500000
2 0.407765 0.322924 0.016590 0.073256 0.047426
2 0.427671 0.322678 0.025153 0.052714 0.047426
2 0.429631 0.320426 0.025727 0.047936 0.500000
2 0.433158 0.319073 0.024707 0.045353 0.002473
2 0.454362 0.308952 0.035367 0.034716 0.002473
2 0.479980 0.312377 0.021221 0.041572 0.002473
2 0.493515 0.314846 0.019367 0.036969 0.002473
2 0.705320 0.302814 0.071735 0.064767 0.002473
2 0.330770 0.327764 0.145146 0.145782 0.500000
2 0.330089 0.322947 0.145690 0.145771 0.500000
2 0.332246 0.325362 0.141693 0.140990 0.500000
2 0.421673 0.324007 0.019310 0.050642 0.017986
2 0.430605 0.321295 0.023774 0.049638 0.119203
2 0.435407 0.319889 0.017897 0.045310 0.006693
2 0.482018 0.319998 0.009127 0.026764 0.002473
2 0.493737 0.320500 0.018312 0.025677 0.006693
2 0.624334 0.326457 0.083243 0.079316 0.002473
2 0.625096 0.325519 0.081811 0.078181 0.002473
2 0.329330 0.327810 0.141023 0.145697 0.047426
2 0.329156 0.327679 0.141927 0.145961 0.268941
2 0.330689 0.325331 0.144546 0.141065 0.119203
2 0.420254 0.329956 0.016429 0.038862 0.006693
2 0.430488 0.321782 0.023611 0.048932 0.047426
2 0.081244 0.377507 0.156387 0.317058 0.006693
2 0.081288 0.379125 0.156435 0.313832 0.002473
2 0.081240 0.377440 0.156408 0.318469 0.002473
2 0.081216 0.317615 0.154460 0.424072 0.006693
2 0.079147 0.330248 0.158816 0.402842 0.001927
3 0.407765 0.322924 0.016590 0.073256 0.006693
3 0.427671 0.322678 0.025153 0.052714 0.002473
3 0.429631 0.320426 0.025727 0.047936 0.006693
3 0.407251 0.335579 0.020483 0.048501 0.002473
3 0.421673 0.324007 0.019310 0.050642 0.002473
3 0.430605 0.321295 0.023774 0.049638 0.017986
3 0.493737 0.320500 0.018312 0.025677 0.047426
3 0.329156 0.327679 0.141927 0.145961 0.002473
3 0.407643 0.338638 0.015660 0.041470 0.006693
3 0.420254 0.329956 0.016429 0.038862 0.006693
3 0.430488 0.321782 0.023611 0.048932 0.017986
3 0.080312 0.379035 0.154798 0.314691 0.006693
3 0.081303 0.378313 0.156499 0.313196 0.006693
3 0.081244 0.377507 0.156387 0.317058 0.006693
3 0.081245 0.377383 0.156660 0.317337 0.006693
3 0.080388 0.380940 0.154661 0.317957 0.002473
3 0.081288 0.379125 0.156435 0.313832 0.006693
3 0.081242 0.380996 0.156666 0.317885 0.002473
3 0.081240 0.377440 0.156408 0.318469 0.006693
3 0.080367 0.377257 0.154726 0.318024 0.002473
3 0.989987 0.363012 0.020030 0.381285 0.002473
3 0.078431 0.314042 0.153927 0.429819 0.001927
3 0.081216 0.317615 0.154460 0.424072 0.005220
3 0.079147 0.330248 0.158816 0.402842 0.008577
3 0.078224 0.341011 0.156587 0.386558 0.001170
