1 0.060938 0.323642 0.022036 0.064918 0.002473
1 0.062656 0.328527 0.025157 0.064624 0.006693
1 0.187390 0.323021 0.082718 0.046873 0.002473
1 0.240356 0.327409 0.050430 0.063300 0.002473
1 0.964810 0.321024 0.063788 0.049388 0.006693
1 0.963049 0.325600 0.067952 0.058556 0.006693
1 0.964593 0.347245 0.070761 0.105322 0.002473
1 0.103319 0.349258 0.062464 0.083434 0.500000
1 0.103317 0.349258 0.062563 0.083434 0.500000
1 0.103252 0.351622 0.062678 0.088236 0.500000
1 0.186731 0.354204 0.108400 0.115394 0.731059
1 0.240362 0.335688 0.049993 0.046669 0.268941
1 0.240491 0.335739 0.049824 0.046517 0.268941
1 0.240484 0.335715 0.049803 0.046538 0.268941
1 0.240436 0.335721 0.049930 0.046552 0.268941
1 0.279956 0.328891 0.029584 0.023834 0.002473
1 0.311681 0.335752 0.080404 0.046643 0.047426
1 0.313682 0.335736 0.086956 0.046524 0.500000
1 0.314085 0.335741 0.084351 0.046510 0.500000
1 0.313145 0.333327 0.086226 0.051330 0.500000
1 0.314547 0.337297 0.085267 0.049637 0.268941
1 0.315069 0.333311 0.084242 0.051299 0.268941
1 0.348005 0.329773 0.023499 0.024977 0.047426
1 0.379800 0.326878 0.040447 0.028792 0.268941
1 0.382942 0.329305 0.040889 0.024030 0.268941
1 0.381808 0.329303 0.038804 0.024034 0.047426
1 0.402986 0.329296 0.025240 0.023982 0.268941
1 0.405512 0.327682 0.029585 0.021058 0.006693
1 0.491617 0.327722 0.027502 0.020872 0.119203
1 0.491637 0.327721 0.027476 0.020874 0.268941
1 0.495299 0.329304 0.033177 0.017826 0.017986
1 0.521662 0.331344 0.024173 0.021845 0.268941
1 0.549599 0.333317 0.043998 0.032068 0.500000
1 0.547577 0.333316 0.045255 0.032055 0.500000
1 0.547521 0.333323 0.045046 0.032073 0.268941
1 0.547564 0.333320 0.045374 0.032068 0.268941
1 0.598507 0.338998 0.053223 0.053049 0.500000
1 0.597512 0.336607 0.054978 0.057893 0.500000
1 0.597514 0.337317 0.054995 0.059399 0.268941
1 0.597076 0.339731 0.055898 0.054576 0.500000
1 0.651655 0.346524 0.084185 0.077738 0.500000
1 0.653108 0.346840 0.081299 0.078384 0.500000
1 0.653119 0.346956 0.081317 0.078620 0.500000
1 0.746419 0.351769 0.117838 0.120202 0.731059
1 0.746265 0.351752 0.117451 0.120168 0.731059
1 0.900757 0.337412 0.060341 0.050117 0.047426
1 0.904058 0.338211 0.058323 0.051518 0.047426
1 0.904149 0.340909 0.060043 0.047355 0.017986
1 0.906956 0.340091 0.060812 0.045719 0.006693
1 0.914711 0.339194 0.045603 0.043966 0.002473
1 0.036057 0.353446 0.072138 0.221185 0.731059
1 0.103317 0.349323 0.062563 0.083383 0.731059
1 0.102409 0.349320 0.064395 0.083371 0.500000
1 0.103252 0.349316 0.062674 0.083382 0.268941
1 0.187756 0.354164 0.110193 0.115302 0.731059
1 0.187505 0.356576 0.109956 0.120117 0.731059
1 0.187570 0.354153 0.109825 0.115324 0.500000
1 0.238923 0.335687 0.047173 0.046896 0.268941
1 0.238982 0.337291 0.047068 0.049625 0.500000
1 0.240496 0.339701 0.049818 0.044812 0.500000
1 0.240487 0.338123 0.049865 0.041758 0.268941
1 0.313468 0.335723 0.083959 0.046728 0.119203
1 0.314097 0.335742 0.084319 0.046521 0.500000
1 0.314079 0.334894 0.084348 0.054418 0.500000
1 0.314084 0.335757 0.084337 0.046463 0.500000
1 0.314083 0.333342 0.084352 0.051316 0.500000
1 0.313150 0.337300 0.088050 0.049683 0.500000
1 0.523935 0.331078 0.023024 0.027381 0.017986
1 0.547490 0.335741 0.045115 0.036879 0.500000
1 0.547502 0.335747 0.045105 0.036872 0.731059
1 0.547603 0.334894 0.045128 0.028938 0.731059
1 0.547624 0.335750 0.045248 0.036866 0.268941
1 0.597634 0.337368 0.054954 0.059366 0.500000
1 0.597602 0.337367 0.054876 0.059364 0.500000
1 0.599058 0.337375 0.057795 0.059349 0.500000
1 0.598971 0.337345 0.057893 0.059347 0.500000
1 0.652655 0.346662 0.080389 0.077991 0.500000
1 0.651222 0.346666 0.083250 0.077974 0.500000
1 0.651674 0.346665 0.084170 0.077974 0.500000
1 0.651419 0.346525 0.083940 0.077790 0.731059
1 0.747862 0.351736 0.114959 0.120146 0.731059
1 0.746242 0.350191 0.117484 0.117051 0.731059
1 0.746750 0.351737 0.112695 0.120144 0.500000
1 0.899341 0.338533 0.055760 0.050888 0.047426
1 0.902651 0.338636 0.060989 0.051910 0.006693
1 0.904522 0.338326 0.059293 0.051312 0.006693
1 0.906966 0.338646 0.060794 0.052069 0.002473
1 0.962481 0.387736 0.080826 0.182779 0.119203
1 0.037512 0.355731 0.075015 0.221652 0.731059
1 0.036059 0.354170 0.077914 0.218526 0.500000
1 0.037497 0.356414 0.075043 0.214111 0.500000
1 0.103312 0.349281 0.062555 0.083447 0.500000
1 0.102412 0.351689 0.064402 0.088263 0.731059
1 0.104767 0.351689 0.065441 0.088265 0.500000
1 0.187949 0.354214 0.110868 0.115259 0.731059
1 0.187572 0.354188 0.109817 0.109083 0.731059
1 0.187500 0.354178 0.109958 0.115321 0.500000
1 0.599049 0.339024 0.057772 0.053097 0.731059
1 0.598977 0.339783 0.057912 0.054569 0.500000
1 0.653108 0.346648 0.081306 0.078018 0.500000
1 0.651675 0.346971 0.084155 0.078599 0.500000
1 0.653102 0.346969 0.081313 0.078596 0.500000
1 0.746244 0.354175 0.117461 0.115347 0.500000
1 0.746164 0.351769 0.117357 0.120157 0.500000
1 0.746171 0.354177 0.117341 0.115319 0.500000
1 0.897184 0.343991 0.047152 0.041983 0.002473
1 0.900398 0.342759 0.048933 0.045647 0.006693
1 0.960953 0.388142 0.078106 0.183121 0.500000
1 0.961027 0.387888 0.077958 0.182638 0.119203
1 0.962480 0.387969 0.075042 0.183309 0.119203
1 0.037517 0.356686 0.075025 0.214687 0.500000
1 0.036059 0.354164 0.072130 0.218533 0.500000
1 0.037491 0.356480 0.075031 0.213935 0.500000
1 0.102381 0.349186 0.064440 0.083671 0.500000
1 0.187221 0.355702 0.111219 0.112288 0.500000
1 0.187571 0.355729 0.111619 0.112240 0.500000
1 0.187051 0.355728 0.110865 0.112240 0.731059
1 0.746234 0.354134 0.117497 0.115407 0.500000
1 0.746191 0.350177 0.117302 0.117100 0.731059
1 0.959577 0.384894 0.075082 0.189618 0.500000
1 0.961027 0.385214 0.077959 0.189223 0.268941
1 0.961021 0.385166 0.077964 0.189302 0.268941
1 0.037517 0.351976 0.075006 0.214155 0.268941
1 0.037506 0.353938 0.075024 0.209192 0.500000
1 0.037494 0.354294 0.075050 0.208594 0.500000
1 0.960108 0.385427 0.079794 0.187868 0.119203
1 0.961022 0.385056 0.077970 0.189538 0.119203
1 0.961021 0.387136 0.077965 0.194032 0.268941
2 0.904149 0.340909 0.060043 0.047355 0.002473
2 0.902651 0.338636 0.060989 0.051910 0.002473
2 0.906966 0.338646 0.060794 0.052069 0.002473
2 0.962481 0.387736 0.080826 0.182779 0.006693
2 0.960953 0.388142 0.078106 0.183121 0.002473
2 0.962480 0.387969 0.075042 0.183309 0.002473
2 0.959577 0.384894 0.075082 0.189618 0.002473
2 0.960108 0.385427 0.079794 0.187868 0.002473
2 0.961021 0.387136 0.077965 0.194032 0.006693
3 0.641571 0.313387 0.041063 0.034638 0.002473
3 0.658233 0.326060 0.048152 0.060021 0.002473
3 0.963049 0.325600 0.067952 0.058556 0.002473
3 0.964593 0.347245 0.070761 0.105322 0.006693
3 0.982410 0.343391 0.035268 0.113757 0.002473
3 0.900757 0.337412 0.060341 0.050117 0.002473
3 0.904058 0.338211 0.058323 0.051518 0.002473
3 0.904149 0.340909 0.060043 0.047355 0.002473
3 0.906956 0.340091 0.060812 0.045719 0.002473
3 0.963840 0.372856 0.072546 0.157776 0.002473
3 0.899341 0.338533 0.055760 0.050888 0.006693
3 0.902651 0.338636 0.060989 0.051910 0.002473
3 0.904522 0.338326 0.059293 0.051312 0.002473
3 0.906966 0.338646 0.060794 0.052069 0.002473
3 0.962481 0.387736 0.080826 0.182779 0.268941
3 0.960953 0.388142 0.078106 0.183121 0.119203
3 0.961027 0.387888 0.077958 0.182638 0.119203
3 0.962480 0.387969 0.075042 0.183309 0.268941
3 0.959577 0.384894 0.075082 0.189618 0.119203
3 0.961027 0.385214 0.077959 0.189223 0.119203
3 0.961021 0.385166 0.077964 0.189302 0.119203
3 0.960108 0.385427 0.079794 0.187868 0.017986
3 0.961022 0.385056 0.077970 0.189538 0.047426
3 0.961021 0.387136 0.077965 0.194032 0.119203
3 0.961274 0.286852 0.077991 0.375141 0.001927
3 0.961091 0.298388 0.080188 0.370014 0.002473
5 0.856458 0.346017 0.013052 0.037148 0.006693
