0 0.035429 0.336836 0.017318 0.105753 0.002473
0 0.081263 0.320213 0.012875 0.047576 0.006693
0 0.754714 0.314964 0.009947 0.046886 0.006693
0 0.079744 0.319546 0.009837 0.046077 0.002473
0 0.673805 0.322884 0.021882 0.021062 0.002473
0 0.754791 0.319330 0.009953 0.037757 0.006693
0 0.079635 0.330525 0.016227 0.063590 0.002473
1 0.484348 0.315111 0.018867 0.026818 0.006693
1 0.509489 0.319928 0.024926 0.036476 0.006693
1 0.509565 0.319615 0.025143 0.037087 0.002473
1 0.638015 0.311980 0.034837 0.024989 0.006693
1 0.639165 0.312311 0.034408 0.025484 0.006693
1 0.642011 0.313562 0.037197 0.028177 0.006693
1 0.721872 0.312078 0.049910 0.043008 0.002473
1 0.726737 0.312254 0.046957 0.042062 0.002473
1 0.846072 0.310043 0.042369 0.046768 0.006693
1 0.847686 0.312454 0.039832 0.051392 0.002473
1 0.847042 0.310047 0.038459 0.046588 0.006693
1 0.859108 0.310068 0.062773 0.046570 0.002473
1 0.199884 0.343750 0.225077 0.204104 0.731059
1 0.197076 0.343743 0.225004 0.204100 0.731059
1 0.326614 0.329745 0.028384 0.025129 0.006693
1 0.328897 0.329475 0.026003 0.024372 0.006693
1 0.375265 0.329465 0.016135 0.024482 0.006693
1 0.376515 0.331019 0.016291 0.021279 0.119203
1 0.457585 0.322596 0.009999 0.038179 0.017986
1 0.468626 0.318947 0.007066 0.012997 0.006693
1 0.484373 0.318886 0.018825 0.028924 0.500000
1 0.484618 0.318944 0.024993 0.028792 0.119203
1 0.509594 0.321287 0.024991 0.033728 0.500000
1 0.509621 0.320592 0.024999 0.035148 0.731059
1 0.537220 0.320509 0.014943 0.016064 0.017986
1 0.542280 0.320505 0.015497 0.016044 0.268941
1 0.554722 0.318797 0.009796 0.013240 0.017986
1 0.571127 0.324470 0.023068 0.033611 0.268941
1 0.571193 0.322932 0.023107 0.030537 0.268941
1 0.601394 0.318105 0.022056 0.020899 0.119203
1 0.601092 0.320501 0.017267 0.016052 0.119203
1 0.617357 0.317482 0.026905 0.022224 0.017986
1 0.638231 0.315980 0.033546 0.025151 0.006693
1 0.637559 0.315275 0.031915 0.026561 0.006693
1 0.658203 0.320279 0.036194 0.026230 0.002473
1 0.669761 0.322921 0.020471 0.020875 0.119203
1 0.673805 0.322884 0.021882 0.021062 0.006693
1 0.704066 0.322490 0.027734 0.022094 0.002473
1 0.719378 0.317639 0.051400 0.031529 0.002473
1 0.848431 0.310078 0.041222 0.046560 0.006693
1 0.845560 0.310111 0.041225 0.046543 0.047426
1 0.845517 0.312500 0.041090 0.041714 0.006693
1 0.852075 0.312487 0.054258 0.051386 0.002473
1 0.198460 0.342688 0.222015 0.206227 0.500000
1 0.199986 0.342578 0.225089 0.205986 0.500000
1 0.199908 0.343000 0.225111 0.205604 0.500000
1 0.198477 0.343442 0.228133 0.204706 0.731059
1 0.323687 0.333820 0.022585 0.025269 0.002473
1 0.376556 0.332776 0.016378 0.023999 0.047426
1 0.436072 0.315549 0.042196 0.061413 0.002473
1 0.435923 0.316400 0.046998 0.059686 0.002473
1 0.434547 0.316468 0.044153 0.059550 0.002473
1 0.436832 0.321989 0.041978 0.048748 0.002473
1 0.199966 0.342178 0.225049 0.200963 0.500000
1 0.198488 0.342998 0.222273 0.205602 0.731059
1 0.199834 0.342150 0.225421 0.202125 0.002473
1 0.199855 0.342579 0.225026 0.205992 0.500000
1 0.198519 0.342578 0.222253 0.205989 0.500000
2 0.420294 0.306529 0.076432 0.071422 0.500000
2 0.419252 0.307281 0.074197 0.072931 0.500000
2 0.419201 0.307277 0.074108 0.072919 0.500000
2 0.418943 0.307266 0.074646 0.072903 0.119203
2 0.421834 0.307176 0.074617 0.072854 0.017986
2 0.439331 0.304160 0.037021 0.067528 0.017986
2 0.421761 0.307285 0.079269 0.072934 0.500000
2 0.419861 0.304882 0.074676 0.077733 0.500000
2 0.419829 0.307738 0.075389 0.073724 0.268941
2 0.422744 0.311876 0.069565 0.068445 0.006693
2 0.470687 0.314657 0.011446 0.027580 0.002473
2 0.557608 0.312435 0.015604 0.025715 0.268941
2 0.638015 0.311980 0.034837 0.024989 0.002473
2 0.642011 0.313562 0.037197 0.028177 0.002473
2 0.419117 0.305198 0.073256 0.078359 0.119203
2 0.419431 0.307254 0.073823 0.072995 0.500000
2 0.420820 0.308791 0.073409 0.074787 0.047426
2 0.435900 0.314416 0.043531 0.063606 0.002473
2 0.484618 0.318944 0.024993 0.028792 0.002473
2 0.554722 0.318797 0.009796 0.013240 0.017986
2 0.601092 0.320501 0.017267 0.016052 0.006693
2 0.617357 0.317482 0.026905 0.022224 0.002473
2 0.638231 0.315980 0.033546 0.025151 0.002473
2 0.637559 0.315275 0.031915 0.026561 0.002473
2 0.417308 0.308035 0.070158 0.073459 0.006693
2 0.436072 0.315549 0.042196 0.061413 0.006693
2 0.435923 0.316400 0.046998 0.059686 0.002473
3 0.421834 0.307176 0.074617 0.072854 0.017986
3 0.439331 0.304160 0.037021 0.067528 0.006693
3 0.724220 0.304462 0.051682 0.057883 0.002473
3 0.422744 0.311876 0.069565 0.068445 0.047426
3 0.435316 0.315142 0.042614 0.061932 0.047426
3 0.454223 0.317109 0.010882 0.042701 0.006693
3 0.509565 0.319615 0.025143 0.037087 0.002473
3 0.557608 0.312435 0.015604 0.025715 0.006693
3 0.638015 0.311980 0.034837 0.024989 0.017986
3 0.639165 0.312311 0.034408 0.025484 0.006693
3 0.642011 0.313562 0.037197 0.028177 0.017986
3 0.721872 0.312078 0.049910 0.043008 0.006693
3 0.726658 0.312273 0.046480 0.042029 0.006693
3 0.726221 0.314781 0.047578 0.046653 0.006693
3 0.726737 0.312254 0.046957 0.042062 0.002473
3 0.847686 0.312454 0.039832 0.051392 0.002473
3 0.847042 0.310047 0.038459 0.046588 0.002473
3 0.859108 0.310068 0.062773 0.046570 0.002473
3 0.420820 0.308791 0.073409 0.074787 0.017986
3 0.435900 0.314416 0.043531 0.063606 0.268941
3 0.435876 0.316024 0.047093 0.060339 0.268941
3 0.457585 0.322596 0.009999 0.038179 0.006693
3 0.484373 0.318886 0.018825 0.028924 0.006693
3 0.484618 0.318944 0.024993 0.028792 0.002473
3 0.554722 0.318797 0.009796 0.013240 0.017986
3 0.601092 0.320501 0.017267 0.016052 0.017986
3 0.617357 0.317482 0.026905 0.022224 0.002473
3 0.638231 0.315980 0.033546 0.025151 0.006693
3 0.637559 0.315275 0.031915 0.026561 0.017986
3 0.669761 0.322921 0.020471 0.020875 0.017986
3 0.719378 0.317639 0.051400 0.031529 0.002473
3 0.726178 0.317676 0.045537 0.031363 0.002473
3 0.725441 0.317628 0.043025 0.031516 0.002473
3 0.845560 0.310111 0.041225 0.046543 0.002473
3 0.845517 0.312500 0.041090 0.041714 0.002473
3 0.436072 0.315549 0.042196 0.061413 0.047426
3 0.435923 0.316400 0.046998 0.059686 0.268941
3 0.434547 0.316468 0.044153 0.059550 0.500000
3 0.436832 0.321989 0.041978 0.048748 0.006693
4 0.669761 0.322921 0.020471 0.020875 0.002473
5 0.669761 0.322921 0.020471 0.020875 0.006693
5 0.988398 0.335510 0.023291 0.070370 0.002473
5 0.978208 0.345293 0.025390 0.115832 0.002473
