0 0.873127 0.289848 0.015522 0.079990 0.002473
0 0.004821 0.302447 0.009719 0.073234 0.047426
0 0.060221 0.313325 0.015313 0.069357 0.006693
0 0.063139 0.315961 0.018395 0.075202 0.002473
0 0.095417 0.301303 0.010106 0.061590 0.006693
0 0.006251 0.300511 0.012580 0.076123 0.047426
0 0.059147 0.317231 0.019254 0.062716 0.047426
0 0.059633 0.315943 0.025043 0.066859 0.006693
0 0.006251 0.302371 0.012576 0.072589 0.017986
0 0.056192 0.320498 0.030782 0.067627 0.017986
0 0.055104 0.317187 0.034093 0.065000 0.006693
0 0.532695 0.333309 0.009631 0.025795 0.006693
0 0.531250 0.334952 0.012510 0.028817 0.017986
0 0.993628 0.373424 0.013195 0.188700 0.002473
0 0.995010 0.378576 0.015958 0.254573 0.002473
0 0.991686 0.384877 0.017059 0.320769 0.002473
0 0.991599 0.400823 0.016883 0.328782 0.002473
1 0.004821 0.302447 0.009719 0.073234 0.017986
1 0.372686 0.305635 0.010873 0.053790 0.002473
1 0.006251 0.300511 0.012580 0.076123 0.002473
1 0.373626 0.307868 0.012774 0.053678 0.002473
1 0.371757 0.328002 0.012748 0.031653 0.047426
1 0.375465 0.323991 0.019057 0.033426 0.017986
1 0.488433 0.322915 0.017350 0.020937 0.017986
1 0.489632 0.320513 0.014965 0.025675 0.500000
1 0.532695 0.333309 0.009631 0.025795 0.002473
1 0.372919 0.330585 0.015137 0.037634 0.017986
1 0.377447 0.328116 0.023813 0.042773 0.006693
1 0.399785 0.333084 0.013342 0.043017 0.002473
1 0.991697 0.379166 0.017080 0.312071 0.002473
1 0.991686 0.384877 0.017059 0.320769 0.002473
1 0.991599 0.400823 0.016883 0.328782 0.002473
2 0.436282 0.284648 0.091852 0.170756 0.006693
2 0.437436 0.283918 0.094033 0.172009 0.500000
2 0.436320 0.283916 0.091783 0.172013 0.268941
2 0.434854 0.283905 0.094715 0.172006 0.268941
2 0.004821 0.302447 0.009719 0.073234 0.002473
2 0.437437 0.283982 0.094035 0.172187 0.500000
2 0.436477 0.283980 0.092102 0.172188 0.500000
2 0.435184 0.282412 0.094792 0.169053 0.268941
2 0.373626 0.307868 0.012774 0.053678 0.006693
2 0.436547 0.281631 0.091996 0.176868 0.500000
2 0.435035 0.283958 0.094990 0.172217 0.731059
2 0.436339 0.283978 0.091688 0.172175 0.500000
2 0.371757 0.328002 0.012748 0.031653 0.002473
2 0.436095 0.280826 0.091069 0.172395 0.119203
3 0.437436 0.283918 0.094033 0.172009 0.002473
3 0.436320 0.283916 0.091783 0.172013 0.002473
3 0.434854 0.283905 0.094715 0.172006 0.047426
3 0.285449 0.297965 0.160226 0.195871 0.500000
3 0.285466 0.300509 0.160292 0.200491 0.731059
3 0.286874 0.298081 0.161245 0.195639 0.731059
3 0.372686 0.305635 0.010873 0.053790 0.006693
3 0.437437 0.283982 0.094035 0.172187 0.002473
3 0.435184 0.282412 0.094792 0.169053 0.017986
3 0.285716 0.299610 0.159691 0.202163 0.500000
3 0.285913 0.300361 0.159379 0.200662 0.500000
3 0.287131 0.299650 0.162506 0.202237 0.731059
3 0.373626 0.307868 0.012774 0.053678 0.006693
3 0.435035 0.283958 0.094990 0.172217 0.002473
3 0.436339 0.283978 0.091688 0.172175 0.047426
3 0.285719 0.297646 0.159684 0.196442 0.731059
3 0.285916 0.299609 0.159375 0.202154 0.731059
3 0.287249 0.300343 0.161993 0.200625 0.731059
3 0.371757 0.328002 0.012748 0.031653 0.006693
3 0.436095 0.280826 0.091069 0.172395 0.006693
3 0.489632 0.320513 0.014965 0.025675 0.047426
3 0.285472 0.300044 0.160284 0.201237 0.731059
4 0.004821 0.302447 0.009719 0.073234 0.006693
5 0.004821 0.302447 0.009719 0.073234 0.002473
5 0.006251 0.300511 0.012580 0.076123 0.002473
5 0.054501 0.322245 0.034455 0.063343 0.006693
5 0.056224 0.326184 0.031812 0.056246 0.006693
5 0.055104 0.317187 0.034093 0.065000 0.006693
5 0.532695 0.333309 0.009631 0.025795 0.268941
5 0.055234 0.327907 0.029818 0.052678 0.002473
5 0.054756 0.324704 0.034354 0.059084 0.002473
5 0.055206 0.323432 0.033893 0.061993 0.006693
5 0.531250 0.334952 0.012510 0.028817 0.268941
5 0.536677 0.335419 0.017477 0.028464 0.002473
5 0.991686 0.384877 0.017059 0.320769 0.002473
5 0.991599 0.400823 0.016883 0.328782 0.002473
