0 0.817800 0.321982 0.021320 0.186809 0.017986
0 0.777184 0.301300 0.015087 0.086984 0.006693
0 0.817328 0.315710 0.022286 0.183704 0.017986
0 0.679856 0.316357 0.015658 0.075264 0.047426
0 0.690689 0.316331 0.019000 0.075203 0.017986
0 0.710065 0.309913 0.014581 0.078832 0.002473
0 0.722510 0.314852 0.020068 0.088358 0.119203
0 0.726235 0.317416 0.016790 0.083631 0.268941
0 0.778101 0.297820 0.013113 0.078024 0.002473
0 0.657943 0.316466 0.010154 0.033855 0.002473
0 0.678365 0.315146 0.012721 0.067919 0.119203
0 0.690124 0.316559 0.014073 0.073743 0.119203
0 0.710371 0.316998 0.015239 0.072309 0.006693
0 0.722488 0.315331 0.020109 0.077873 0.119203
0 0.724163 0.315102 0.017161 0.078336 0.119203
0 0.869281 0.326353 0.024340 0.158784 0.002473
0 0.993342 0.337105 0.013786 0.191370 0.002473
0 0.657935 0.316947 0.010140 0.032870 0.002473
0 0.678408 0.317572 0.012633 0.072804 0.119203
0 0.688168 0.316812 0.017986 0.074324 0.119203
0 0.711720 0.319013 0.018495 0.068977 0.006693
0 0.723258 0.316933 0.021652 0.074476 0.047426
0 0.723776 0.315031 0.021691 0.087934 0.268941
0 0.808760 0.317322 0.042493 0.197742 0.500000
0 0.808952 0.317731 0.042826 0.197871 0.047426
0 0.681858 0.317750 0.013794 0.072996 0.047426
0 0.689060 0.319443 0.022038 0.069602 0.047426
0 0.711785 0.319560 0.020499 0.069361 0.002473
0 0.721787 0.319360 0.018948 0.079262 0.268941
0 0.724153 0.317470 0.017195 0.083069 0.268941
0 0.809434 0.322148 0.038125 0.189070 0.500000
0 0.810208 0.317719 0.039630 0.197935 0.500000
0 0.808748 0.317693 0.042497 0.197977 0.500000
0 0.807970 0.317626 0.040950 0.188749 0.500000
0 0.809253 0.319256 0.037721 0.194612 0.500000
0 0.808744 0.317652 0.042488 0.197798 0.500000
0 0.038155 0.332388 0.062416 0.173889 0.002473
0 0.040923 0.330734 0.064241 0.174865 0.006693
0 0.044956 0.332422 0.073888 0.171631 0.002473
0 0.809414 0.322168 0.038061 0.189170 0.268941
0 0.808749 0.320755 0.042500 0.191636 0.500000
0 0.807978 0.317122 0.040960 0.189431 0.500000
0 0.035392 0.340250 0.060642 0.159409 0.002473
0 0.038411 0.337647 0.068884 0.164567 0.006693
0 0.809445 0.321831 0.038087 0.190017 0.006693
1 0.472595 0.321644 0.035678 0.044259 0.268941
1 0.472649 0.321677 0.035616 0.044161 0.500000
1 0.472603 0.321367 0.035632 0.043542 0.268941
1 0.386929 0.330444 0.032817 0.027047 0.006693
1 0.438978 0.329478 0.022273 0.018160 0.006693
1 0.442124 0.325247 0.025766 0.016322 0.006693
1 0.472610 0.322001 0.035704 0.044757 0.268941
1 0.472646 0.320442 0.035624 0.047858 0.268941
1 0.472654 0.321680 0.035629 0.044154 0.500000
1 0.493588 0.322156 0.013224 0.040291 0.047426
1 0.634745 0.312883 0.036718 0.085082 0.002473
1 0.657935 0.316947 0.010140 0.032870 0.006693
1 0.663360 0.317741 0.018248 0.031448 0.002473
1 0.388300 0.333607 0.032732 0.031693 0.002473
1 0.472666 0.321786 0.035849 0.048926 0.047426
1 0.471846 0.322234 0.037517 0.045021 0.119203
1 0.472801 0.322228 0.035610 0.045032 0.268941
1 0.486700 0.322474 0.021526 0.047645 0.002473
1 0.637226 0.324722 0.031487 0.082381 0.006693
2 0.568208 0.239464 0.170432 0.302216 0.731059
2 0.567364 0.241021 0.172227 0.299103 0.500000
2 0.567283 0.244488 0.172283 0.301693 0.500000
2 0.567134 0.242798 0.171924 0.304747 0.500000
2 0.567172 0.242176 0.171862 0.297112 0.880797
2 0.569217 0.242802 0.172264 0.305135 0.731059
2 0.568234 0.240712 0.170365 0.300728 0.731059
2 0.567797 0.243003 0.171294 0.305312 0.731059
2 0.570006 0.239517 0.166821 0.303099 0.006693
2 0.568746 0.242382 0.169234 0.306912 0.731059
2 0.568688 0.240415 0.168769 0.310842 0.880797
2 0.630878 0.312452 0.044388 0.099487 0.006693
2 0.632055 0.303114 0.041825 0.080748 0.017986
2 0.632378 0.301008 0.042177 0.070354 0.017986
2 0.440704 0.309304 0.027015 0.047523 0.002473
2 0.445341 0.312066 0.028613 0.041775 0.002473
2 0.632320 0.315833 0.041559 0.106793 0.006693
2 0.632133 0.308515 0.041668 0.085647 0.017986
2 0.632426 0.305125 0.041393 0.085049 0.017986
2 0.632348 0.319085 0.041552 0.110915 0.006693
2 0.634745 0.312883 0.036718 0.085082 0.006693
2 0.147875 0.233774 0.293699 0.447109 0.008577
2 0.147326 0.234023 0.295722 0.447905 0.268941
2 0.146927 0.235676 0.294136 0.455509 0.222700
2 0.146038 0.234561 0.292780 0.452617 0.095349
2 0.146043 0.232970 0.295949 0.453915 0.119203
2 0.147684 0.235442 0.295464 0.449781 0.095349
2 0.149739 0.232625 0.298594 0.447205 0.377541
2 0.145934 0.239555 0.295783 0.453247 0.047426
2 0.147532 0.237271 0.295511 0.449349 0.095349
2 0.147767 0.235488 0.295348 0.453659 0.119203
2 0.149848 0.234784 0.298473 0.450916 0.119203
3 0.440704 0.309304 0.027015 0.047523 0.002473
3 0.445341 0.312066 0.028613 0.041775 0.006693
3 0.472595 0.321644 0.035678 0.044259 0.006693
3 0.472649 0.321677 0.035616 0.044161 0.002473
3 0.472603 0.321367 0.035632 0.043542 0.002473
3 0.657943 0.316466 0.010154 0.033855 0.002473
3 0.472610 0.322001 0.035704 0.044757 0.006693
3 0.472646 0.320442 0.035624 0.047858 0.006693
3 0.472654 0.321680 0.035629 0.044154 0.002473
3 0.634745 0.312883 0.036718 0.085082 0.002473
3 0.633304 0.315189 0.033821 0.084839 0.002473
3 0.657935 0.316947 0.010140 0.032870 0.006693
3 0.472666 0.321786 0.035849 0.048926 0.017986
3 0.471846 0.322234 0.037517 0.045021 0.006693
3 0.472801 0.322228 0.035610 0.045032 0.017986
3 0.149739 0.232625 0.298594 0.447205 0.001927
4 0.873138 0.351775 0.033780 0.109389 0.002473
4 0.689060 0.319443 0.022038 0.069602 0.002473
4 0.874270 0.362378 0.036808 0.090991 0.017986
4 0.884380 0.365891 0.058111 0.088527 0.047426
4 0.885299 0.364426 0.060072 0.094930 0.047426
4 0.922056 0.366750 0.043957 0.092538 0.002473
4 0.924112 0.374325 0.041434 0.114287 0.002473
4 0.870800 0.365096 0.036245 0.102714 0.006693
4 0.886620 0.365939 0.062614 0.087826 0.017986
4 0.887945 0.365863 0.065194 0.089862 0.119203
4 0.888045 0.364370 0.065596 0.093642 0.119203
4 0.897695 0.374985 0.068560 0.114687 0.002473
4 0.922124 0.384718 0.044276 0.128198 0.006693
4 0.933193 0.382120 0.066429 0.141521 0.006693
4 0.951342 0.372991 0.096875 0.171112 0.268941
4 0.948527 0.366162 0.097340 0.184762 0.047426
4 0.949876 0.362866 0.100388 0.202121 0.017986
4 0.873504 0.366250 0.041607 0.092170 0.006693
4 0.887850 0.365269 0.063411 0.092035 0.047426
4 0.888441 0.361284 0.064459 0.095565 0.047426
4 0.888035 0.362348 0.065590 0.099971 0.268941
4 0.899707 0.383557 0.059449 0.126392 0.002473
4 0.949894 0.373214 0.099797 0.180025 0.500000
4 0.948589 0.368453 0.097197 0.179907 0.047426
4 0.948511 0.364597 0.103041 0.187872 0.047426
4 0.887734 0.366100 0.067247 0.095700 0.047426
4 0.889079 0.369675 0.070313 0.104290 0.002473
4 0.912972 0.403662 0.033109 0.097572 0.002473
4 0.949893 0.378936 0.099795 0.158922 0.268941
4 0.950020 0.368719 0.100123 0.179294 0.268941
4 0.949953 0.366595 0.100146 0.183983 0.268941
4 0.971738 0.379435 0.057166 0.164815 0.002473
4 0.888025 0.375843 0.066843 0.151991 0.002473
4 0.950089 0.378414 0.100262 0.159902 0.268941
4 0.950029 0.378582 0.100075 0.160174 0.002473
4 0.946298 0.395020 0.092627 0.126976 0.002473
4 0.948101 0.384794 0.096278 0.147395 0.002473
4 0.971037 0.397092 0.050230 0.172692 0.002473
5 0.722488 0.315331 0.020109 0.077873 0.002473
5 0.688168 0.316812 0.017986 0.074324 0.002473
5 0.723258 0.316933 0.021652 0.074476 0.002473
5 0.637226 0.324722 0.031487 0.082381 0.002473
5 0.689060 0.319443 0.022038 0.069602 0.017986
5 0.721787 0.319360 0.018948 0.079262 0.002473
5 0.809434 0.322148 0.038125 0.189070 0.002473
5 0.951480 0.364113 0.097209 0.189553 0.002473
5 0.951342 0.372991 0.096875 0.171112 0.047426
5 0.948527 0.366162 0.097340 0.184762 0.119203
5 0.949876 0.362866 0.100388 0.202121 0.119203
5 0.949894 0.373214 0.099797 0.180025 0.047426
5 0.948589 0.368453 0.097197 0.179907 0.268941
5 0.948511 0.364597 0.103041 0.187872 0.500000
5 0.949893 0.378936 0.099795 0.158922 0.002473
5 0.950020 0.368719 0.100123 0.179294 0.119203
5 0.949953 0.366595 0.100146 0.183983 0.268941
5 0.950089 0.378414 0.100262 0.159902 0.017986
