0 0.004784 0.326002 0.009791 0.086212 0.002473
0 0.003862 0.340555 0.007881 0.051619 0.006693
0 0.017172 0.338248 0.021903 0.041978 0.006693
0 0.003867 0.342802 0.007791 0.048147 0.006693
0 0.331195 0.336768 0.006880 0.035093 0.002473
1 0.004784 0.326002 0.009791 0.086212 0.002473
1 0.430132 0.323177 0.035447 0.044197 0.002473
1 0.571625 0.319463 0.037570 0.049809 0.006693
1 0.570908 0.322787 0.033218 0.046627 0.006693
1 0.062236 0.334419 0.018746 0.034467 0.017986
1 0.067288 0.343238 0.015794 0.045715 0.047426
1 0.075712 0.338363 0.018072 0.032987 0.047426
1 0.176674 0.343721 0.040866 0.052867 0.006693
1 0.176676 0.343727 0.040855 0.052881 0.017986
1 0.176501 0.343685 0.041235 0.052793 0.047426
1 0.356443 0.325277 0.013123 0.016158 0.002473
1 0.368184 0.325313 0.013790 0.016057 0.017986
1 0.393749 0.330848 0.018351 0.020855 0.119203
1 0.426506 0.324393 0.028088 0.040438 0.119203
1 0.426663 0.325145 0.028045 0.041480 0.047426
1 0.460104 0.338706 0.045227 0.062771 0.119203
1 0.460118 0.337298 0.045237 0.065752 0.500000
1 0.462498 0.337274 0.044223 0.065737 0.268941
1 0.461572 0.335759 0.042343 0.062530 0.047426
1 0.504740 0.327737 0.015690 0.020955 0.017986
1 0.568619 0.324695 0.031557 0.042378 0.006693
1 0.572843 0.322963 0.029339 0.046508 0.006693
1 0.571969 0.321391 0.031460 0.049654 0.002473
1 0.718804 0.320507 0.012743 0.025689 0.017986
1 0.734103 0.322884 0.013007 0.020916 0.006693
1 0.757571 0.326875 0.010017 0.012964 0.002473
1 0.787468 0.327725 0.025429 0.020978 0.006693
1 0.792050 0.327749 0.021848 0.020901 0.017986
1 0.861699 0.333118 0.039049 0.032342 0.006693
1 0.865403 0.333312 0.031752 0.032061 0.268941
1 0.865811 0.335721 0.031643 0.036832 0.500000
1 0.868645 0.335695 0.031976 0.036813 0.047426
1 0.937412 0.330404 0.019098 0.026718 0.002473
1 0.964896 0.337228 0.020294 0.033735 0.119203
1 0.965113 0.334881 0.020285 0.028922 0.047426
1 0.977689 0.333135 0.042580 0.032381 0.002473
1 0.003867 0.342802 0.007791 0.048147 0.002473
1 0.063871 0.342717 0.022102 0.044309 0.017986
1 0.068751 0.344895 0.012874 0.044130 0.119203
1 0.076680 0.341449 0.015987 0.037236 0.047426
1 0.127989 0.346139 0.025300 0.025762 0.047426
1 0.131918 0.346152 0.020746 0.025673 0.119203
1 0.178301 0.343762 0.043388 0.052840 0.017986
1 0.176938 0.346205 0.040353 0.057571 0.047426
1 0.176868 0.343753 0.040504 0.052858 0.047426
1 0.214882 0.350165 0.029815 0.033717 0.500000
1 0.213444 0.352598 0.032695 0.028921 0.500000
1 0.426218 0.326829 0.027509 0.038837 0.119203
1 0.428285 0.328365 0.025839 0.042185 0.047426
1 0.461549 0.337286 0.042335 0.065742 0.500000
1 0.461561 0.337342 0.042355 0.065657 0.731059
1 0.462499 0.337342 0.044209 0.065658 0.268941
1 0.462513 0.337181 0.044204 0.059778 0.500000
1 0.567375 0.324978 0.029069 0.042565 0.006693
1 0.573092 0.323397 0.028096 0.045676 0.017986
1 0.573371 0.321812 0.028639 0.048846 0.002473
1 0.862200 0.333448 0.039941 0.031883 0.002473
1 0.866179 0.337316 0.032732 0.033714 0.500000
1 0.867038 0.333354 0.034091 0.032014 0.500000
1 0.867428 0.333352 0.034462 0.032026 0.119203
1 0.936481 0.333494 0.017233 0.025534 0.002473
1 0.965284 0.337340 0.019281 0.033685 0.119203
1 0.965111 0.339730 0.020282 0.038508 0.119203
1 0.974614 0.336137 0.038663 0.036114 0.006693
1 0.063930 0.345189 0.022355 0.044111 0.002473
1 0.067231 0.350050 0.015674 0.034067 0.047426
1 0.075388 0.348189 0.019189 0.044760 0.006693
1 0.178749 0.346208 0.042478 0.057596 0.006693
1 0.178757 0.343775 0.042477 0.052832 0.017986
1 0.177138 0.343801 0.039967 0.052800 0.268941
1 0.214859 0.351758 0.029854 0.036882 0.500000
1 0.214865 0.351769 0.029814 0.036876 0.500000
1 0.461020 0.337319 0.047058 0.065759 0.017986
1 0.461564 0.338880 0.042335 0.062629 0.500000
1 0.462500 0.338764 0.044178 0.062851 0.500000
1 0.462536 0.335649 0.044172 0.062889 0.268941
2 0.687480 0.302214 0.050081 0.114100 0.500000
2 0.686026 0.302222 0.052959 0.114094 0.268941
2 0.567010 0.306015 0.041353 0.080941 0.017986
2 0.568519 0.305501 0.038049 0.079341 0.006693
2 0.565620 0.305888 0.038432 0.079935 0.002473
2 0.686022 0.300545 0.052987 0.116978 0.500000
2 0.686053 0.302086 0.052936 0.113834 0.731059
2 0.687477 0.299700 0.050062 0.109062 0.268941
2 0.426883 0.323468 0.028850 0.044833 0.047426
2 0.430132 0.323177 0.035447 0.044197 0.047426
2 0.453966 0.316975 0.050585 0.041096 0.017986
2 0.571625 0.319463 0.037570 0.049809 0.017986
2 0.571992 0.321305 0.031443 0.049764 0.002473
2 0.686027 0.302074 0.053030 0.113869 0.500000
2 0.688926 0.298105 0.052980 0.112177 0.500000
2 0.686029 0.299653 0.052986 0.109028 0.500000
2 0.175666 0.340785 0.041832 0.047098 0.002473
2 0.176674 0.343721 0.040866 0.052867 0.268941
2 0.176676 0.343727 0.040855 0.052881 0.268941
2 0.176501 0.343685 0.041235 0.052793 0.268941
2 0.426506 0.324393 0.028088 0.040438 0.017986
2 0.426663 0.325145 0.028045 0.041480 0.002473
2 0.568619 0.324695 0.031557 0.042378 0.002473
2 0.686025 0.302026 0.052985 0.113930 0.500000
2 0.687408 0.302035 0.056011 0.113944 0.500000
2 0.718804 0.320507 0.012743 0.025689 0.002473
2 0.734103 0.322884 0.013007 0.020916 0.002473
2 0.175664 0.342997 0.041869 0.050446 0.047426
2 0.178301 0.343762 0.043388 0.052840 0.731059
2 0.176938 0.346205 0.040353 0.057571 0.500000
2 0.176868 0.343753 0.040504 0.052858 0.268941
2 0.178749 0.346208 0.042478 0.057596 0.500000
2 0.178757 0.343775 0.042477 0.052832 0.500000
2 0.177138 0.343801 0.039967 0.052800 0.119203
3 0.687480 0.302214 0.050081 0.114100 0.002473
3 0.686026 0.302222 0.052959 0.114094 0.002473
3 0.567010 0.306015 0.041353 0.080941 0.017986
3 0.568519 0.305501 0.038049 0.079341 0.017986
3 0.565620 0.305888 0.038432 0.079935 0.017986
3 0.686022 0.300545 0.052987 0.116978 0.119203
3 0.687477 0.299700 0.050062 0.109062 0.002473
3 0.426883 0.323468 0.028850 0.044833 0.002473
3 0.430132 0.323177 0.035447 0.044197 0.002473
3 0.571625 0.319463 0.037570 0.049809 0.017986
3 0.570908 0.322787 0.033218 0.046627 0.119203
3 0.571992 0.321305 0.031443 0.049764 0.119203
3 0.577839 0.321107 0.044562 0.049523 0.002473
3 0.686027 0.302074 0.053030 0.113869 0.017986
3 0.176501 0.343685 0.041235 0.052793 0.002473
3 0.356443 0.325277 0.013123 0.016158 0.002473
3 0.368184 0.325313 0.013790 0.016057 0.002473
3 0.426506 0.324393 0.028088 0.040438 0.017986
3 0.426663 0.325145 0.028045 0.041480 0.002473
3 0.504740 0.327737 0.015690 0.020955 0.002473
3 0.568619 0.324695 0.031557 0.042378 0.017986
3 0.572843 0.322963 0.029339 0.046508 0.119203
3 0.571969 0.321391 0.031460 0.049654 0.268941
3 0.579505 0.321307 0.047985 0.049632 0.006693
3 0.687408 0.302035 0.056011 0.113944 0.002473
3 0.718804 0.320507 0.012743 0.025689 0.006693
3 0.734103 0.322884 0.013007 0.020916 0.017986
3 0.964896 0.337228 0.020294 0.033735 0.002473
3 0.426218 0.326829 0.027509 0.038837 0.006693
3 0.428285 0.328365 0.025839 0.042185 0.006693
3 0.567375 0.324978 0.029069 0.042565 0.006693
3 0.573092 0.323397 0.028096 0.045676 0.119203
3 0.573371 0.321812 0.028639 0.048846 0.268941
3 0.177138 0.343801 0.039967 0.052800 0.006693
5 0.426506 0.324393 0.028088 0.040438 0.002473
5 0.068751 0.344895 0.012874 0.044130 0.002473
5 0.426218 0.326829 0.027509 0.038837 0.006693
5 0.573092 0.323397 0.028096 0.045676 0.002473
