0 0.355211 0.323363 0.017923 0.048452 0.002473
0 0.643727 0.316524 0.006817 0.034042 0.002473
0 0.897635 0.329531 0.014760 0.059943 0.006693
0 0.902314 0.325587 0.010894 0.058251 0.006693
0 0.356460 0.332906 0.019166 0.031348 0.002473
0 0.365259 0.334794 0.014331 0.028789 0.006693
0 0.742078 0.327931 0.010356 0.041304 0.017986
0 0.753835 0.330516 0.007831 0.036135 0.047426
0 0.898524 0.331283 0.012656 0.055516 0.006693
0 0.901690 0.330108 0.010319 0.057815 0.006693
0 0.355817 0.333772 0.020456 0.031393 0.006693
0 0.365591 0.335918 0.013137 0.036638 0.006693
0 0.754780 0.333478 0.009698 0.031834 0.017986
0 0.896006 0.333269 0.017973 0.042071 0.002473
0 0.901674 0.329785 0.010364 0.058563 0.017986
0 0.277716 0.344307 0.023304 0.052601 0.002473
0 0.011257 0.349524 0.016871 0.125472 0.002473
0 0.009819 0.354235 0.019716 0.126913 0.006693
0 0.010144 0.356166 0.020214 0.122084 0.002473
0 0.008375 0.358772 0.016992 0.210900 0.002473
0 0.008453 0.369827 0.017159 0.314087 0.002473
0 0.008400 0.393352 0.017247 0.447303 0.002473
1 0.010027 0.317219 0.020104 0.187580 0.002473
1 0.011251 0.320021 0.022554 0.197378 0.006693
1 0.015626 0.324743 0.031228 0.183576 0.002473
1 0.211278 0.325602 0.077882 0.058498 0.002473
1 0.216950 0.322458 0.071840 0.052010 0.006693
1 0.216724 0.310190 0.064392 0.027470 0.002473
1 0.011072 0.320142 0.022285 0.194800 0.017986
1 0.013422 0.322447 0.026860 0.186423 0.002473
1 0.214479 0.334278 0.069763 0.071836 0.017986
1 0.217185 0.325303 0.072351 0.058823 0.006693
1 0.229720 0.346156 0.084423 0.067347 0.500000
1 0.231271 0.348583 0.087456 0.062551 0.268941
1 0.231286 0.348572 0.087653 0.062573 0.500000
1 0.282864 0.334938 0.032920 0.035387 0.017986
1 0.312620 0.338157 0.050395 0.041744 0.268941
1 0.312558 0.335728 0.050122 0.046541 0.268941
1 0.312484 0.335721 0.050057 0.046542 0.268941
1 0.312495 0.335740 0.055858 0.046577 0.500000
1 0.348818 0.334880 0.021179 0.035580 0.002473
1 0.356460 0.332906 0.019166 0.031348 0.047426
1 0.365259 0.334794 0.014331 0.028789 0.006693
1 0.378395 0.327787 0.024059 0.021005 0.017986
1 0.417499 0.329295 0.015947 0.017749 0.047426
1 0.428911 0.327724 0.024290 0.020980 0.047426
1 0.460178 0.326931 0.014626 0.028956 0.268941
1 0.482687 0.333314 0.034627 0.051366 0.500000
1 0.481247 0.333302 0.037506 0.051366 0.500000
1 0.479809 0.331761 0.034618 0.054442 0.268941
1 0.503370 0.323205 0.012766 0.012020 0.002473
1 0.523961 0.320502 0.017190 0.025696 0.119203
1 0.525988 0.320506 0.017340 0.025703 0.047426
1 0.620423 0.325289 0.016221 0.016122 0.002473
1 0.693971 0.328250 0.019186 0.021914 0.047426
1 0.718730 0.321598 0.027985 0.055451 0.006693
1 0.717804 0.324885 0.029717 0.048912 0.047426
1 0.717858 0.332447 0.029810 0.033789 0.047426
1 0.010041 0.321460 0.020228 0.180955 0.047426
1 0.011236 0.322729 0.022491 0.177629 0.006693
1 0.036520 0.363725 0.041648 0.075482 0.006693
1 0.041286 0.360967 0.045715 0.070123 0.006693
1 0.193028 0.348940 0.026652 0.060051 0.002473
1 0.198361 0.345859 0.040385 0.066218 0.006693
1 0.228190 0.346194 0.087010 0.067439 0.047426
1 0.231215 0.348566 0.087350 0.062518 0.500000
1 0.229791 0.348567 0.090338 0.062515 0.500000
1 0.229846 0.348584 0.084690 0.062543 0.268941
1 0.232668 0.348619 0.084741 0.062658 0.047426
1 0.280186 0.338779 0.029405 0.042576 0.047426
1 0.311099 0.335727 0.053045 0.046551 0.500000
1 0.312481 0.337302 0.050046 0.049638 0.268941
1 0.312559 0.335750 0.050119 0.046499 0.500000
1 0.312533 0.335745 0.050072 0.046513 0.268941
1 0.343981 0.333648 0.032652 0.041495 0.006693
1 0.355817 0.333772 0.020456 0.031393 0.006693
1 0.459258 0.328518 0.012875 0.032525 0.006693
1 0.481248 0.333308 0.037505 0.051361 0.500000
1 0.481247 0.333312 0.037506 0.051353 0.500000
1 0.479812 0.333266 0.034613 0.051434 0.500000
1 0.717690 0.327204 0.029701 0.044313 0.047426
1 0.718264 0.328099 0.027001 0.042523 0.268941
1 0.717459 0.330807 0.028776 0.037117 0.119203
1 0.009975 0.340361 0.020168 0.143854 0.047426
1 0.010203 0.340309 0.020430 0.141910 0.017986
1 0.040380 0.362738 0.043975 0.076347 0.017986
1 0.040659 0.360423 0.042216 0.070987 0.006693
1 0.041807 0.361582 0.047564 0.068667 0.002473
1 0.189118 0.351234 0.023574 0.057962 0.002473
1 0.193085 0.351417 0.028051 0.057600 0.006693
1 0.231250 0.348577 0.087499 0.062513 0.500000
1 0.231271 0.348571 0.087460 0.062523 0.500000
1 0.231232 0.348577 0.087545 0.062513 0.500000
1 0.011257 0.349524 0.016871 0.125472 0.047426
1 0.011086 0.349554 0.022193 0.124989 0.047426
1 0.037883 0.364153 0.038859 0.073334 0.017986
1 0.040865 0.364230 0.042474 0.073119 0.017986
1 0.043311 0.363560 0.045977 0.074472 0.017986
1 0.009819 0.354235 0.019716 0.126913 0.119203
1 0.010144 0.356166 0.020214 0.122084 0.047426
1 0.008375 0.358772 0.016992 0.210900 0.006693
2 0.009574 0.314471 0.019196 0.188278 0.002473
2 0.018789 0.320914 0.037569 0.176572 0.002473
2 0.027541 0.320531 0.055185 0.166244 0.006693
2 0.053481 0.320211 0.106924 0.166031 0.002473
2 0.075649 0.323128 0.141615 0.165282 0.017986
2 0.010027 0.317219 0.020104 0.187580 0.002473
2 0.018345 0.321072 0.036681 0.177437 0.006693
2 0.031824 0.321493 0.063807 0.168155 0.017986
2 0.063265 0.320010 0.126710 0.165220 0.006693
2 0.070546 0.321392 0.136350 0.160130 0.500000
2 0.076377 0.321708 0.145422 0.159557 0.268941
2 0.086306 0.325627 0.162489 0.153239 0.268941
2 0.089434 0.324856 0.168202 0.131450 0.017986
2 0.096531 0.320015 0.161740 0.111650 0.006693
2 0.111632 0.308004 0.131290 0.075195 0.002473
2 0.566260 0.311693 0.067484 0.062889 0.119203
2 0.566260 0.312002 0.067481 0.063494 0.119203
2 0.564818 0.312001 0.064578 0.063503 0.002473
2 0.716008 0.311929 0.032711 0.073106 0.006693
2 0.718632 0.315924 0.031761 0.074943 0.006693
2 0.717220 0.311889 0.035518 0.073011 0.006693
2 0.011251 0.320021 0.022554 0.197378 0.006693
2 0.015626 0.324743 0.031228 0.183576 0.017986
2 0.039284 0.322636 0.078580 0.166753 0.017986
2 0.066746 0.320109 0.133589 0.165597 0.047426
2 0.071837 0.320775 0.138279 0.163666 0.268941
2 0.076335 0.321744 0.142911 0.158793 0.119203
2 0.085081 0.320680 0.157588 0.152438 0.119203
2 0.093679 0.327463 0.160761 0.144232 0.002473
2 0.211278 0.325602 0.077882 0.058498 0.017986
2 0.216950 0.322458 0.071840 0.052010 0.268941
2 0.217932 0.315913 0.070054 0.038923 0.268941
2 0.214845 0.312934 0.061612 0.032925 0.268941
2 0.216724 0.310190 0.064392 0.027470 0.119203
2 0.222953 0.311497 0.077185 0.030278 0.047426
2 0.233792 0.312096 0.086899 0.042186 0.006693
2 0.263288 0.317239 0.062888 0.042409 0.002473
2 0.272136 0.318110 0.065666 0.044734 0.002473
2 0.460579 0.321314 0.021243 0.040543 0.002473
2 0.565753 0.311432 0.062744 0.063412 0.731059
2 0.567200 0.312071 0.065600 0.062887 0.731059
2 0.566332 0.312071 0.067347 0.062887 0.500000
2 0.566264 0.312378 0.067462 0.062275 0.500000
2 0.718711 0.317508 0.031697 0.063517 0.731059
2 0.717702 0.318693 0.029662 0.054846 0.731059
2 0.716293 0.317780 0.033016 0.062907 0.500000
2 0.011072 0.320142 0.022285 0.194800 0.017986
2 0.013422 0.322447 0.026860 0.186423 0.002473
2 0.032417 0.319742 0.057572 0.162788 0.002473
2 0.073771 0.320299 0.134165 0.162223 0.119203
2 0.073805 0.320098 0.136924 0.161679 0.119203
2 0.082960 0.326159 0.112149 0.150503 0.017986
2 0.214479 0.334278 0.069763 0.071836 0.002473
2 0.217185 0.325303 0.072351 0.058823 0.119203
2 0.282864 0.334938 0.032920 0.035387 0.002473
2 0.460178 0.326931 0.014626 0.028956 0.047426
2 0.523961 0.320502 0.017190 0.025696 0.006693
2 0.525988 0.320506 0.017340 0.025703 0.006693
2 0.567214 0.311872 0.065398 0.062543 0.500000
2 0.566331 0.312068 0.067338 0.062895 0.731059
2 0.567204 0.311762 0.065602 0.062280 0.731059
2 0.566260 0.312073 0.067452 0.062889 0.731059
2 0.567281 0.312358 0.065464 0.062334 0.268941
2 0.718730 0.321598 0.027985 0.055451 0.119203
2 0.717804 0.324885 0.029717 0.048912 0.017986
2 0.717858 0.332447 0.029810 0.033789 0.006693
2 0.010041 0.321460 0.020228 0.180955 0.002473
2 0.717690 0.327204 0.029701 0.044313 0.017986
2 0.718264 0.328099 0.027001 0.042523 0.047426
2 0.717459 0.330807 0.028776 0.037117 0.006693
3 0.010497 0.312650 0.021042 0.176540 0.006693
3 0.009574 0.314471 0.019196 0.188278 0.017986
3 0.018789 0.320914 0.037569 0.176572 0.006693
3 0.010027 0.317219 0.020104 0.187580 0.047426
3 0.018345 0.321072 0.036681 0.177437 0.017986
3 0.031824 0.321493 0.063807 0.168155 0.002473
3 0.011251 0.320021 0.022554 0.197378 0.047426
3 0.015626 0.324743 0.031228 0.183576 0.047426
3 0.039284 0.322636 0.078580 0.166753 0.002473
3 0.153327 0.322042 0.062388 0.061207 0.006693
3 0.716293 0.317780 0.033016 0.062907 0.002473
3 0.011072 0.320142 0.022285 0.194800 0.119203
3 0.013422 0.322447 0.026860 0.186423 0.017986
3 0.032417 0.319742 0.057572 0.162788 0.006693
3 0.120305 0.348515 0.124470 0.115488 0.268941
3 0.120490 0.345618 0.128127 0.118248 0.268941
3 0.125129 0.345612 0.124677 0.117950 0.047426
3 0.149714 0.335623 0.069746 0.097987 0.002473
3 0.152254 0.331689 0.063796 0.089894 0.006693
3 0.460178 0.326931 0.014626 0.028956 0.047426
3 0.523961 0.320502 0.017190 0.025696 0.017986
3 0.525988 0.320506 0.017340 0.025703 0.006693
3 0.718730 0.321598 0.027985 0.055451 0.002473
3 0.717804 0.324885 0.029717 0.048912 0.002473
3 0.717858 0.332447 0.029810 0.033789 0.006693
3 0.010041 0.321460 0.020228 0.180955 0.047426
3 0.011236 0.322729 0.022491 0.177629 0.017986
3 0.121231 0.346200 0.125799 0.120128 0.500000
3 0.119387 0.347805 0.126387 0.113926 0.500000
3 0.120449 0.345632 0.128208 0.118250 0.500000
3 0.120541 0.348045 0.128118 0.113384 0.047426
3 0.156904 0.336838 0.060859 0.090596 0.002473
3 0.459258 0.328518 0.012875 0.032525 0.002473
3 0.717690 0.327204 0.029701 0.044313 0.006693
3 0.718264 0.328099 0.027001 0.042523 0.017986
3 0.717459 0.330807 0.028776 0.037117 0.017986
3 0.009975 0.340361 0.020168 0.143854 0.006693
3 0.010203 0.340309 0.020430 0.141910 0.006693
3 0.121670 0.345523 0.121688 0.121559 0.119203
3 0.120146 0.346164 0.127905 0.120233 0.268941
3 0.119708 0.348618 0.129690 0.115289 0.500000
3 0.122980 0.346174 0.128972 0.120274 0.017986
3 0.011257 0.349524 0.016871 0.125472 0.006693
3 0.011086 0.349554 0.022193 0.124989 0.017986
3 0.120241 0.346180 0.127801 0.123343 0.500000
3 0.120754 0.345351 0.127438 0.121965 0.731059
3 0.009819 0.354235 0.019716 0.126913 0.002473
3 0.010144 0.356166 0.020214 0.122084 0.002473
4 0.355817 0.333772 0.020456 0.031393 0.002473
4 0.695466 0.333500 0.022948 0.031985 0.002473
4 0.764058 0.340789 0.016380 0.036589 0.002473
5 0.356460 0.332906 0.019166 0.031348 0.002473
5 0.365259 0.334794 0.014331 0.028789 0.006693
5 0.010041 0.321460 0.020228 0.180955 0.002473
5 0.355817 0.333772 0.020456 0.031393 0.002473
5 0.365591 0.335918 0.013137 0.036638 0.002473
5 0.009975 0.340361 0.020168 0.143854 0.002473
5 0.010203 0.340309 0.020430 0.141910 0.002473
5 0.011257 0.349524 0.016871 0.125472 0.006693
5 0.011086 0.349554 0.022193 0.124989 0.006693
5 0.009819 0.354235 0.019716 0.126913 0.017986
5 0.010144 0.356166 0.020214 0.122084 0.017986
5 0.008375 0.358772 0.016992 0.210900 0.002473
5 0.011689 0.346516 0.017286 0.208164 0.002473
