0 0.003865 0.330784 0.007952 0.069478 0.002473
0 0.003825 0.336541 0.007871 0.076280 0.006693
0 0.717307 0.322611 0.009705 0.038102 0.002473
0 0.219394 0.361220 0.020054 0.077171 0.006693
0 0.225749 0.349946 0.029741 0.058872 0.002473
0 0.214341 0.366770 0.023724 0.068756 0.002473
0 0.220249 0.365861 0.016455 0.069866 0.006693
0 0.223089 0.363250 0.023316 0.081908 0.006693
1 0.796157 0.284108 0.051618 0.026970 0.002473
1 0.804920 0.286075 0.037606 0.020939 0.017986
1 0.808411 0.281262 0.033970 0.020909 0.017986
1 0.816006 0.286075 0.034519 0.020917 0.017986
1 0.820603 0.289228 0.035332 0.021066 0.002473
1 0.003865 0.330784 0.007952 0.069478 0.002473
1 0.743189 0.307577 0.049645 0.032102 0.002473
1 0.814171 0.292201 0.041449 0.032756 0.002473
1 0.211889 0.323522 0.051563 0.031794 0.002473
1 0.214856 0.335205 0.051764 0.035837 0.017986
1 0.216802 0.335755 0.048393 0.036979 0.017986
1 0.217229 0.335794 0.051509 0.037274 0.017986
1 0.256558 0.333271 0.044374 0.041700 0.002473
1 0.259239 0.335691 0.041498 0.036817 0.006693
1 0.259861 0.335601 0.036714 0.036637 0.002473
1 0.287689 0.331618 0.030513 0.028657 0.002473
1 0.308269 0.329794 0.027522 0.025125 0.002473
1 0.318496 0.329349 0.020961 0.024125 0.006693
1 0.338710 0.329362 0.028463 0.024153 0.047426
1 0.340440 0.326904 0.025360 0.028843 0.047426
1 0.357706 0.327722 0.022500 0.020975 0.006693
1 0.424987 0.333315 0.044203 0.051366 0.500000
1 0.424992 0.333324 0.044230 0.051324 0.500000
1 0.424995 0.331768 0.044217 0.054435 0.268941
1 0.425007 0.331776 0.044215 0.054445 0.500000
1 0.459393 0.325286 0.018946 0.016189 0.006693
1 0.467101 0.320489 0.010146 0.016116 0.017986
1 0.481106 0.320486 0.013265 0.016110 0.047426
1 0.502821 0.325345 0.019336 0.025737 0.119203
1 0.502874 0.322916 0.019278 0.030507 0.268941
1 0.516140 0.322889 0.008327 0.011397 0.002473
1 0.528803 0.322909 0.007997 0.011276 0.002473
1 0.544760 0.318924 0.020466 0.028828 0.002473
1 0.560788 0.320421 0.019031 0.025842 0.002473
1 0.621745 0.322911 0.031199 0.020960 0.006693
1 0.622684 0.320552 0.030908 0.016253 0.002473
1 0.668813 0.327077 0.037706 0.029253 0.268941
1 0.670410 0.329475 0.039967 0.024367 0.268941
1 0.672323 0.329473 0.036203 0.024369 0.047426
1 0.753423 0.324011 0.057390 0.033621 0.002473
1 0.757193 0.321050 0.065418 0.029742 0.002473
1 0.004793 0.346316 0.009668 0.059368 0.002473
1 0.211597 0.342490 0.055082 0.039461 0.002473
1 0.215585 0.340489 0.046003 0.039528 0.017986
1 0.220941 0.340825 0.042934 0.038977 0.017986
1 0.224146 0.337921 0.037486 0.033167 0.047426
1 0.247960 0.335901 0.031674 0.036579 0.006693
1 0.257903 0.335790 0.040294 0.036805 0.006693
1 0.285393 0.331876 0.035303 0.028806 0.002473
1 0.291308 0.331814 0.027438 0.028870 0.002473
1 0.294730 0.333471 0.032083 0.025964 0.006693
1 0.336658 0.331132 0.026866 0.027702 0.002473
1 0.424963 0.334865 0.044153 0.054476 0.500000
1 0.424998 0.331772 0.044217 0.054432 0.500000
1 0.424998 0.331768 0.044210 0.054430 0.500000
1 0.425013 0.333310 0.044203 0.051349 0.500000
1 0.670632 0.331860 0.035864 0.029159 0.002473
1 0.671681 0.331062 0.037471 0.027517 0.002473
1 0.672245 0.331074 0.036394 0.027504 0.002473
1 0.752733 0.333480 0.056603 0.051970 0.002473
2 0.218296 0.326367 0.065999 0.053921 0.002473
2 0.250839 0.323093 0.049485 0.047368 0.017986
2 0.253923 0.325828 0.051183 0.052841 0.006693
2 0.452910 0.312310 0.049267 0.032530 0.002473
2 0.460434 0.312392 0.061362 0.032129 0.006693
2 0.546917 0.317211 0.025208 0.032258 0.047426
2 0.550223 0.317197 0.035416 0.032234 0.119203
2 0.551247 0.316380 0.036307 0.033809 0.047426
2 0.256558 0.333271 0.044374 0.041700 0.006693
2 0.287689 0.331618 0.030513 0.028657 0.002473
2 0.289012 0.328438 0.028219 0.031904 0.002473
2 0.459393 0.325286 0.018946 0.016189 0.006693
2 0.544760 0.318924 0.020466 0.028828 0.268941
2 0.549189 0.318423 0.032865 0.029830 0.047426
2 0.560788 0.320421 0.019031 0.025842 0.006693
3 0.958520 0.300782 0.082933 0.091954 0.002473
3 0.960105 0.299053 0.079798 0.088062 0.002473
3 0.973426 0.295980 0.053234 0.085165 0.002473
3 0.960131 0.302574 0.085216 0.090162 0.002473
3 0.217229 0.335794 0.051509 0.037274 0.002473
3 0.259239 0.335691 0.041498 0.036817 0.017986
3 0.259861 0.335601 0.036714 0.036637 0.047426
3 0.287689 0.331618 0.030513 0.028657 0.017986
3 0.289012 0.328438 0.028219 0.031904 0.017986
3 0.338710 0.329362 0.028463 0.024153 0.002473
3 0.340440 0.326904 0.025360 0.028843 0.002473
3 0.215585 0.340489 0.046003 0.039528 0.002473
3 0.247960 0.335901 0.031674 0.036579 0.002473
3 0.257903 0.335790 0.040294 0.036805 0.047426
3 0.258035 0.335764 0.034953 0.036857 0.017986
3 0.285393 0.331876 0.035303 0.028806 0.006693
3 0.291308 0.331814 0.027438 0.028870 0.002473
5 0.247960 0.335901 0.031674 0.036579 0.006693
5 0.223089 0.363250 0.023316 0.081908 0.002473
