0 0.008746 0.328501 0.017703 0.066434 0.002473
0 0.790606 0.334547 0.013309 0.070134 0.002473
0 0.007815 0.331244 0.015708 0.055797 0.002473
0 0.042080 0.335852 0.010218 0.047001 0.006693
0 0.618746 0.327869 0.007014 0.021350 0.002473
0 0.773357 0.339781 0.016033 0.056358 0.006693
0 0.779952 0.343572 0.016180 0.062435 0.017986
0 0.789199 0.336839 0.012144 0.066629 0.017986
0 0.818887 0.343352 0.013260 0.062576 0.002473
0 0.772344 0.346061 0.020056 0.048124 0.002473
0 0.781736 0.350568 0.024194 0.039244 0.002473
0 0.786118 0.345912 0.022272 0.048590 0.002473
0 0.810395 0.353817 0.011333 0.041828 0.002473
0 0.817270 0.353953 0.009914 0.041889 0.006693
0 0.852672 0.358101 0.019796 0.033715 0.006693
0 0.776306 0.354027 0.022066 0.042085 0.002473
0 0.782211 0.356471 0.021352 0.037093 0.002473
0 0.810375 0.354279 0.011294 0.042246 0.002473
0 0.818810 0.354171 0.012756 0.041801 0.006693
1 0.008746 0.328501 0.017703 0.066434 0.002473
1 0.317556 0.328323 0.050597 0.042011 0.500000
1 0.317340 0.326929 0.050004 0.044840 0.500000
1 0.317791 0.328505 0.050902 0.041686 0.268941
1 0.318240 0.325384 0.050003 0.041690 0.268941
1 0.319095 0.326573 0.052417 0.038002 0.006693
1 0.471691 0.318895 0.012617 0.013037 0.002473
1 0.484150 0.318928 0.012554 0.012953 0.006693
1 0.501442 0.322330 0.022123 0.022057 0.017986
1 0.501482 0.326852 0.022044 0.022635 0.268941
1 0.521622 0.322791 0.012706 0.011476 0.002473
1 0.560864 0.326876 0.015979 0.012962 0.047426
1 0.571361 0.326881 0.018065 0.012922 0.119203
1 0.589944 0.329297 0.030018 0.017746 0.119203
1 0.591889 0.329290 0.026923 0.023969 0.268941
1 0.594044 0.329283 0.027413 0.024009 0.119203
1 0.661035 0.341317 0.072074 0.057711 0.047426
1 0.662471 0.341316 0.074954 0.057713 0.500000
1 0.661055 0.338919 0.072142 0.062510 0.500000
1 0.661026 0.341273 0.072132 0.057631 0.006693
1 0.701747 0.331317 0.034850 0.037802 0.002473
1 0.726492 0.346167 0.077928 0.067371 0.500000
1 0.727932 0.346171 0.075063 0.067375 0.500000
1 0.728012 0.346172 0.074892 0.067374 0.500000
1 0.067013 0.341156 0.016135 0.026068 0.002473
1 0.140227 0.336750 0.038460 0.054482 0.006693
1 0.148499 0.346766 0.022320 0.031452 0.006693
1 0.317545 0.328340 0.050575 0.042069 0.268941
1 0.317791 0.328497 0.050900 0.041719 0.500000
1 0.317791 0.325395 0.050897 0.041681 0.500000
1 0.318240 0.325376 0.050002 0.041725 0.500000
1 0.318679 0.326947 0.050600 0.045098 0.047426
1 0.661040 0.341337 0.072112 0.057679 0.731059
1 0.661041 0.343744 0.072094 0.062487 0.500000
1 0.661053 0.343743 0.072107 0.062491 0.500000
1 0.661051 0.341338 0.072102 0.057715 0.500000
1 0.728226 0.346206 0.075367 0.067410 0.880797
1 0.726478 0.345314 0.072154 0.075250 0.500000
1 0.727955 0.346160 0.075010 0.067316 0.500000
1 0.728872 0.346162 0.076828 0.067337 0.500000
1 0.852672 0.358101 0.019796 0.033715 0.002473
1 0.116905 0.333799 0.067637 0.066560 0.002473
1 0.662479 0.341339 0.074964 0.057735 0.268941
1 0.661041 0.346148 0.072094 0.057711 0.500000
1 0.662492 0.343739 0.074987 0.062538 0.500000
1 0.662479 0.341338 0.074986 0.057776 0.500000
1 0.726499 0.346146 0.077927 0.067352 0.500000
1 0.727942 0.347705 0.075039 0.070471 0.731059
1 0.728858 0.345306 0.076856 0.075273 0.500000
1 0.852970 0.358201 0.019228 0.033649 0.002473
2 0.501503 0.308384 0.028243 0.059496 0.017986
2 0.500245 0.306800 0.025595 0.053110 0.047426
2 0.110344 0.330394 0.061454 0.067997 0.006693
2 0.118841 0.335459 0.081072 0.068755 0.006693
2 0.119637 0.333261 0.078730 0.067345 0.268941
2 0.120873 0.331582 0.081141 0.070251 0.268941
2 0.120298 0.332787 0.078395 0.066460 0.731059
2 0.126502 0.328648 0.066944 0.064649 0.006693
2 0.501457 0.309898 0.027973 0.046911 0.268941
2 0.502922 0.308468 0.025102 0.049791 0.119203
2 0.109485 0.334859 0.058521 0.069953 0.119203
2 0.119740 0.333320 0.078845 0.067224 0.500000
2 0.119733 0.334891 0.078813 0.070350 0.500000
2 0.119724 0.335750 0.076987 0.068626 0.268941
2 0.121658 0.332528 0.080876 0.064114 0.500000
2 0.135559 0.334536 0.048233 0.055775 0.006693
2 0.407754 0.320332 0.016559 0.016447 0.002473
2 0.471691 0.318895 0.012617 0.013037 0.006693
2 0.484150 0.318928 0.012554 0.012953 0.006693
2 0.501442 0.322330 0.022123 0.022057 0.006693
2 0.109318 0.333409 0.058169 0.067079 0.047426
2 0.118118 0.335042 0.073740 0.070210 0.500000
2 0.119680 0.333425 0.076910 0.067021 0.500000
2 0.119724 0.333467 0.076988 0.067113 0.500000
2 0.140227 0.336750 0.038460 0.054482 0.017986
2 0.108857 0.336361 0.051105 0.067692 0.006693
2 0.116905 0.333799 0.067637 0.066560 0.119203
2 0.114344 0.333256 0.066085 0.067690 0.017986
3 0.461312 0.303104 0.028741 0.049066 0.002473
3 0.500245 0.306800 0.025595 0.053110 0.006693
3 0.008746 0.328501 0.017703 0.066434 0.002473
3 0.120298 0.332787 0.078395 0.066460 0.002473
3 0.501457 0.309898 0.027973 0.046911 0.017986
3 0.502922 0.308468 0.025102 0.049791 0.047426
3 0.507374 0.306233 0.036249 0.044546 0.006693
3 0.594202 0.318743 0.026135 0.039078 0.006693
3 0.596578 0.319501 0.026499 0.037579 0.006693
3 0.121658 0.332528 0.080876 0.064114 0.006693
3 0.135559 0.334536 0.048233 0.055775 0.002473
3 0.407754 0.320332 0.016559 0.016447 0.002473
3 0.471691 0.318895 0.012617 0.013037 0.006693
3 0.484150 0.318928 0.012554 0.012953 0.006693
3 0.501442 0.322330 0.022123 0.022057 0.002473
3 0.501482 0.326852 0.022044 0.022635 0.006693
3 0.594044 0.329283 0.027413 0.024009 0.017986
3 0.140227 0.336750 0.038460 0.054482 0.017986
3 0.148499 0.346766 0.022320 0.031452 0.002473
3 0.116905 0.333799 0.067637 0.066560 0.002473
3 0.114344 0.333256 0.066085 0.067690 0.006693
4 0.772344 0.346061 0.020056 0.048124 0.002473
4 0.781736 0.350568 0.024194 0.039244 0.017986
4 0.786118 0.345912 0.022272 0.048590 0.002473
4 0.852672 0.358101 0.019796 0.033715 0.002473
4 0.912387 0.361732 0.031041 0.047437 0.002473
4 0.776306 0.354027 0.022066 0.042085 0.017986
4 0.782211 0.356471 0.021352 0.037093 0.017986
4 0.784398 0.353458 0.025563 0.043205 0.002473
4 0.852970 0.358201 0.019228 0.033649 0.002473
4 0.912392 0.362478 0.031031 0.047152 0.002473
4 0.912411 0.365065 0.031065 0.045754 0.002473
5 0.442296 0.336992 0.040418 0.101122 0.268941
5 0.440862 0.338396 0.037527 0.104993 0.268941
5 0.443725 0.340907 0.037560 0.099972 0.268941
5 0.440844 0.338642 0.037618 0.104512 0.268941
5 0.773357 0.339781 0.016033 0.056358 0.002473
5 0.779952 0.343572 0.016180 0.062435 0.006693
5 0.140227 0.336750 0.038460 0.054482 0.002473
5 0.440853 0.338746 0.037545 0.104460 0.500000
5 0.443717 0.336929 0.037465 0.101854 0.500000
5 0.442280 0.338389 0.040496 0.105031 0.268941
5 0.772344 0.346061 0.020056 0.048124 0.002473
5 0.781736 0.350568 0.024194 0.039244 0.017986
5 0.786118 0.345912 0.022272 0.048590 0.017986
5 0.852672 0.358101 0.019796 0.033715 0.006693
5 0.908725 0.362351 0.033274 0.049239 0.002473
5 0.912387 0.361732 0.031041 0.047437 0.017986
5 0.910924 0.359299 0.028311 0.052256 0.017986
5 0.443640 0.338466 0.037653 0.105026 0.500000
5 0.443711 0.337758 0.037508 0.106492 0.268941
5 0.442281 0.336888 0.040497 0.108186 0.119203
5 0.776306 0.354027 0.022066 0.042085 0.006693
5 0.782211 0.356471 0.021352 0.037093 0.017986
5 0.784398 0.353458 0.025563 0.043205 0.002473
5 0.852970 0.358201 0.019228 0.033649 0.002473
5 0.907688 0.362207 0.034867 0.046594 0.002473
5 0.912392 0.362478 0.031031 0.047152 0.006693
5 0.912484 0.362510 0.030979 0.047121 0.002473
5 0.442255 0.336974 0.034746 0.108104 0.006693
5 0.912411 0.365065 0.031065 0.045754 0.002473
5 0.912583 0.365079 0.025207 0.042715 0.002473
