0 0.803609 0.275360 0.008395 0.034922 0.002473
0 0.856619 0.287794 0.014575 0.060857 0.002473
0 0.306479 0.314472 0.013395 0.078499 0.002473
0 0.748324 0.318285 0.015887 0.095218 0.017986
0 0.751198 0.317102 0.013105 0.093325 0.006693
0 0.818605 0.286229 0.013166 0.040728 0.002473
0 0.179843 0.332917 0.022246 0.094376 0.006693
0 0.307700 0.317843 0.015457 0.062829 0.006693
0 0.556308 0.312274 0.006889 0.025698 0.002473
0 0.568692 0.309606 0.007260 0.036247 0.002473
0 0.583665 0.312111 0.007825 0.052623 0.006693
0 0.590830 0.307261 0.007033 0.061673 0.017986
0 0.749251 0.321186 0.014027 0.089771 0.006693
0 0.749586 0.320846 0.014537 0.087370 0.017986
0 0.856267 0.313525 0.019599 0.101457 0.002473
0 0.917323 0.328411 0.009808 0.075404 0.017986
0 0.926634 0.315856 0.016012 0.090732 0.002473
0 0.970226 0.328102 0.015501 0.063353 0.047426
0 0.040336 0.320403 0.013683 0.079209 0.002473
0 0.306331 0.320364 0.012719 0.057927 0.002473
0 0.588690 0.313334 0.013147 0.050436 0.006693
0 0.748309 0.328242 0.015890 0.075737 0.017986
0 0.749082 0.323537 0.017372 0.085150 0.006693
0 0.917522 0.328720 0.015897 0.074759 0.002473
0 0.967340 0.329003 0.015483 0.064469 0.119203
0 0.993453 0.328386 0.013255 0.034186 0.002473
0 0.176619 0.338295 0.028685 0.073551 0.006693
0 0.180203 0.340794 0.023290 0.078572 0.002473
0 0.307703 0.326990 0.015542 0.044751 0.017986
0 0.748483 0.333207 0.016281 0.063995 0.047426
0 0.749091 0.329610 0.017361 0.073062 0.006693
0 0.967396 0.329505 0.015595 0.064260 0.047426
0 0.176583 0.338803 0.028672 0.073997 0.017986
0 0.179107 0.341061 0.025474 0.079475 0.006693
0 0.746617 0.338390 0.019296 0.054376 0.006693
0 0.970603 0.336738 0.016353 0.078841 0.006693
0 0.172495 0.348393 0.038832 0.096894 0.006693
0 0.180041 0.346956 0.023710 0.089371 0.006693
1 0.995153 0.319331 0.009933 0.047752 0.002473
1 0.566309 0.317879 0.007992 0.021336 0.002473
1 0.993453 0.328386 0.013255 0.034186 0.002473
1 0.990140 0.332853 0.019940 0.033545 0.002473
1 0.746617 0.338390 0.019296 0.054376 0.002473
2 0.671945 0.278820 0.162943 0.192350 0.731059
2 0.670358 0.281250 0.159921 0.187872 0.500000
2 0.671827 0.278814 0.162547 0.192392 0.731059
2 0.670524 0.281250 0.159930 0.187890 0.731059
2 0.671714 0.281163 0.162634 0.197350 0.500000
2 0.670349 0.278701 0.159592 0.192650 0.500000
2 0.670530 0.281149 0.159943 0.187840 0.731059
2 0.506076 0.310775 0.013111 0.019634 0.002473
2 0.670443 0.281257 0.159743 0.187486 0.500000
2 0.670346 0.281252 0.159576 0.187498 0.731059
2 0.670324 0.281277 0.159485 0.187577 0.880797
2 0.995153 0.319331 0.009933 0.047752 0.017986
2 0.976721 0.326000 0.034128 0.045202 0.002473
2 0.993453 0.328386 0.013255 0.034186 0.002473
3 0.670324 0.281277 0.159485 0.187577 0.006693
3 0.995153 0.319331 0.009933 0.047752 0.002473
3 0.993453 0.328386 0.013255 0.034186 0.002473
4 0.173636 0.335767 0.022432 0.067790 0.002473
4 0.748309 0.328242 0.015890 0.075737 0.002473
4 0.880677 0.332815 0.042452 0.073688 0.002473
4 0.993453 0.328386 0.013255 0.034186 0.002473
4 0.171579 0.343426 0.044513 0.063850 0.006693
4 0.176619 0.338295 0.028685 0.073551 0.006693
4 0.180203 0.340794 0.023290 0.078572 0.002473
4 0.748483 0.333207 0.016281 0.063995 0.006693
4 0.749091 0.329610 0.017361 0.073062 0.002473
4 0.882050 0.335831 0.039663 0.068484 0.002473
4 0.979210 0.329158 0.033116 0.034681 0.002473
4 0.990140 0.332853 0.019940 0.033545 0.002473
4 0.172890 0.345884 0.042029 0.070371 0.002473
4 0.176583 0.338803 0.028672 0.073997 0.006693
4 0.746617 0.338390 0.019296 0.054376 0.017986
4 0.747588 0.336609 0.020485 0.060948 0.006693
4 0.882057 0.340547 0.039675 0.059549 0.002473
4 0.172495 0.348393 0.038832 0.096894 0.002473
5 0.749251 0.321186 0.014027 0.089771 0.006693
5 0.749586 0.320846 0.014537 0.087370 0.002473
5 0.748309 0.328242 0.015890 0.075737 0.047426
5 0.749082 0.323537 0.017372 0.085150 0.006693
5 0.171579 0.343426 0.044513 0.063850 0.006693
5 0.176619 0.338295 0.028685 0.073551 0.002473
5 0.748483 0.333207 0.016281 0.063995 0.017986
5 0.749091 0.329610 0.017361 0.073062 0.017986
5 0.172890 0.345884 0.042029 0.070371 0.002473
5 0.746617 0.338390 0.019296 0.054376 0.017986
5 0.747588 0.336609 0.020485 0.060948 0.002473
