0 0.783353 0.306793 0.017139 0.106008 0.002473
0 0.781395 0.319062 0.013225 0.090714 0.006693
0 0.798681 0.314786 0.017208 0.090060 0.002473
0 0.803094 0.305576 0.013135 0.060125 0.006693
0 0.865879 0.298846 0.019322 0.066464 0.002473
0 0.123944 0.331979 0.017195 0.064881 0.047426
0 0.126678 0.330433 0.015873 0.067964 0.119203
0 0.307677 0.322410 0.009809 0.052393 0.002473
0 0.608902 0.318750 0.008478 0.041044 0.002473
0 0.658743 0.327549 0.007988 0.053217 0.006693
0 0.670200 0.326794 0.009659 0.054451 0.017986
0 0.682660 0.322682 0.009840 0.052865 0.002473
0 0.697927 0.324926 0.015123 0.078308 0.006693
0 0.710190 0.328078 0.010900 0.072989 0.119203
0 0.718350 0.325674 0.014323 0.068437 0.017986
0 0.734082 0.324897 0.012687 0.067265 0.017986
0 0.745131 0.326412 0.010114 0.061189 0.006693
0 0.779802 0.326899 0.015453 0.071140 0.268941
0 0.804732 0.309631 0.009854 0.063744 0.002473
0 0.858702 0.307219 0.018366 0.053590 0.002473
0 0.124740 0.332287 0.018737 0.064752 0.119203
0 0.126672 0.332264 0.015886 0.064644 0.047426
0 0.302679 0.322911 0.014151 0.052713 0.002473
0 0.607806 0.325378 0.009867 0.026558 0.006693
0 0.614374 0.327292 0.016316 0.030038 0.002473
0 0.638076 0.332974 0.014731 0.041414 0.002473
0 0.658690 0.328750 0.007873 0.050454 0.047426
0 0.670194 0.325669 0.009628 0.047218 0.268941
0 0.681223 0.325454 0.006806 0.043865 0.017986
0 0.697892 0.332224 0.015090 0.054883 0.006693
0 0.710088 0.329616 0.010672 0.065694 0.119203
0 0.718551 0.327886 0.013060 0.062460 0.006693
0 0.732739 0.329348 0.010001 0.049751 0.006693
0 0.746387 0.332914 0.018208 0.052639 0.017986
0 0.779797 0.326861 0.015580 0.070750 0.268941
0 0.798676 0.322596 0.017200 0.063547 0.002473
0 0.803048 0.314801 0.013174 0.073755 0.002473
0 0.123513 0.332563 0.022082 0.064173 0.119203
0 0.125266 0.333332 0.018725 0.065621 0.047426
0 0.532284 0.324955 0.033808 0.039623 0.002473
0 0.534193 0.322627 0.037248 0.044283 0.006693
0 0.607798 0.328929 0.009846 0.034856 0.017986
0 0.615287 0.329364 0.014391 0.034260 0.006693
0 0.657710 0.328199 0.009661 0.052063 0.047426
0 0.668745 0.327376 0.006749 0.053627 0.268941
0 0.678835 0.331482 0.007831 0.056021 0.006693
0 0.696930 0.334171 0.013169 0.058182 0.002473
0 0.707687 0.329626 0.009682 0.065714 0.119203
0 0.716162 0.329770 0.008283 0.064966 0.006693
0 0.732602 0.334762 0.010239 0.048803 0.006693
0 0.745260 0.334493 0.016570 0.055528 0.006693
0 0.779788 0.329605 0.009745 0.065031 0.119203
0 0.802138 0.317979 0.015207 0.093597 0.006693
0 0.123365 0.332978 0.022180 0.068299 0.119203
0 0.123554 0.334610 0.022159 0.064981 0.047426
0 0.682957 0.332884 0.010271 0.069887 0.002473
0 0.695397 0.334599 0.016235 0.072024 0.006693
0 0.707675 0.332201 0.009804 0.069872 0.017986
0 0.803245 0.318909 0.013584 0.096681 0.006693
1 0.008917 0.320755 0.018055 0.105958 0.017986
1 0.007277 0.332883 0.020432 0.083305 0.500000
1 0.010136 0.327115 0.020331 0.073562 0.017986
1 0.213944 0.326902 0.127969 0.096177 0.731059
1 0.212522 0.326933 0.125048 0.096067 0.731059
1 0.213986 0.326912 0.127914 0.096043 0.731059
1 0.264517 0.312285 0.030044 0.031771 0.006693
1 0.264293 0.314692 0.034309 0.036466 0.006693
1 0.271670 0.321659 0.038533 0.044194 0.006693
1 0.467557 0.314739 0.017703 0.027387 0.002473
1 0.495290 0.317307 0.040601 0.041714 0.500000
1 0.495300 0.314885 0.040602 0.046537 0.500000
1 0.495300 0.318868 0.040611 0.044833 0.500000
1 0.536758 0.319729 0.042769 0.046769 0.017986
1 0.536551 0.321359 0.041248 0.040558 0.119203
1 0.537702 0.321245 0.039661 0.043310 0.119203
1 0.539390 0.318894 0.040671 0.038733 0.006693
1 0.007624 0.335711 0.021136 0.078437 0.268941
1 0.012045 0.330654 0.021810 0.068144 0.002473
1 0.027123 0.335082 0.015024 0.045698 0.047426
1 0.212500 0.326945 0.125030 0.096097 0.500000
1 0.212488 0.326943 0.125057 0.096101 0.500000
1 0.215445 0.326933 0.125020 0.096096 0.731059
1 0.263472 0.315272 0.033998 0.038093 0.002473
1 0.267826 0.319439 0.037745 0.045775 0.006693
1 0.283466 0.322444 0.033299 0.043891 0.002473
1 0.404759 0.322744 0.018328 0.021272 0.002473
1 0.420271 0.320359 0.016594 0.016469 0.002473
1 0.443745 0.318181 0.027977 0.030325 0.268941
1 0.443788 0.318193 0.031658 0.030286 0.268941
1 0.444731 0.318193 0.029795 0.030286 0.268941
1 0.468716 0.318045 0.018418 0.020998 0.268941
1 0.496167 0.317316 0.042343 0.041678 0.500000
1 0.496171 0.318889 0.042343 0.044769 0.500000
1 0.496242 0.317320 0.042485 0.041659 0.500000
1 0.535772 0.322593 0.040769 0.041125 0.047426
1 0.537051 0.321554 0.039154 0.040179 0.268941
1 0.537969 0.321744 0.038418 0.039326 0.500000
1 0.544305 0.321294 0.030832 0.033744 0.119203
1 0.565826 0.322895 0.012589 0.020893 0.119203
1 0.607806 0.325378 0.009867 0.026558 0.006693
1 0.614374 0.327292 0.016316 0.030038 0.047426
1 0.625292 0.328881 0.035275 0.032912 0.119203
1 0.008589 0.331797 0.017409 0.076817 0.500000
1 0.025967 0.338380 0.017429 0.041990 0.017986
1 0.212500 0.326944 0.125030 0.096093 0.731059
1 0.213951 0.326947 0.127905 0.096099 0.731059
1 0.212634 0.324644 0.125038 0.091086 0.500000
1 0.287428 0.326444 0.026178 0.045886 0.002473
1 0.532284 0.324955 0.033808 0.039623 0.047426
1 0.534193 0.322627 0.037248 0.044283 0.047426
1 0.537041 0.322646 0.038461 0.044206 0.002473
1 0.615287 0.329364 0.014391 0.034260 0.002473
1 0.627819 0.331109 0.026406 0.036772 0.006693
1 0.008594 0.333398 0.017399 0.083297 0.500000
1 0.009719 0.338521 0.019461 0.073467 0.002473
1 0.213974 0.327051 0.127949 0.095906 0.731059
2 0.537536 0.311148 0.037635 0.062064 0.002473
3 0.008917 0.320755 0.018055 0.105958 0.006693
3 0.068752 0.317699 0.072468 0.114603 0.731059
3 0.352488 0.302080 0.079988 0.078649 0.731059
3 0.352412 0.302030 0.079856 0.078576 0.500000
3 0.352418 0.302021 0.079865 0.078589 0.500000
3 0.010136 0.327115 0.020331 0.073562 0.002473
3 0.068820 0.314966 0.072325 0.110352 0.731059
3 0.068822 0.317683 0.072321 0.114560 0.268941
3 0.069626 0.315263 0.070439 0.109818 0.500000
3 0.352488 0.302873 0.079978 0.080059 0.268941
3 0.352413 0.302046 0.079856 0.078544 0.500000
3 0.350105 0.300486 0.080981 0.075420 0.500000
3 0.353863 0.300472 0.076958 0.075447 0.268941
3 0.444458 0.317497 0.029419 0.031688 0.002473
3 0.467557 0.314739 0.017703 0.027387 0.002473
3 0.539390 0.318894 0.040671 0.038733 0.006693
3 0.566586 0.316355 0.017558 0.033868 0.017986
3 0.069692 0.314534 0.070581 0.111279 0.731059
3 0.070072 0.315292 0.071338 0.109761 0.500000
3 0.070046 0.315291 0.071286 0.109765 0.268941
3 0.352490 0.302043 0.079985 0.078554 0.500000
3 0.352869 0.302042 0.080742 0.078555 0.731059
3 0.352849 0.300528 0.080786 0.075540 0.500000
3 0.443745 0.318181 0.027977 0.030325 0.017986
3 0.443788 0.318193 0.031658 0.030286 0.047426
3 0.444731 0.318193 0.029795 0.030286 0.017986
3 0.468716 0.318045 0.018418 0.020998 0.017986
3 0.544305 0.321294 0.030832 0.033744 0.006693
3 0.565826 0.322895 0.012589 0.020893 0.017986
3 0.607806 0.325378 0.009867 0.026558 0.002473
3 0.614374 0.327292 0.016316 0.030038 0.017986
3 0.625292 0.328881 0.035275 0.032912 0.017986
3 0.069619 0.314960 0.070447 0.110437 0.500000
3 0.070070 0.315264 0.071342 0.109815 0.500000
3 0.070046 0.315265 0.071285 0.109825 0.268941
3 0.627819 0.331109 0.026406 0.036772 0.006693
3 0.008594 0.333398 0.017399 0.083297 0.002473
4 0.287428 0.326444 0.026178 0.045886 0.002473
4 0.657710 0.328199 0.009661 0.052063 0.002473
4 0.123365 0.332978 0.022180 0.068299 0.002473
5 0.271670 0.321659 0.038533 0.044194 0.002473
5 0.293076 0.321160 0.026584 0.049676 0.002473
5 0.536758 0.319729 0.042769 0.046769 0.002473
5 0.283466 0.322444 0.033299 0.043891 0.006693
5 0.293127 0.326408 0.024543 0.045807 0.006693
5 0.535772 0.322593 0.040769 0.041125 0.006693
5 0.607806 0.325378 0.009867 0.026558 0.017986
5 0.614374 0.327292 0.016316 0.030038 0.002473
5 0.287428 0.326444 0.026178 0.045886 0.002473
5 0.532284 0.324955 0.033808 0.039623 0.017986
5 0.534193 0.322627 0.037248 0.044283 0.006693
5 0.615287 0.329364 0.014391 0.034260 0.002473
