0 0.743830 0.336463 0.012716 0.074071 0.017986
0 0.759100 0.321549 0.012640 0.050401 0.006693
0 0.784233 0.325236 0.012787 0.058215 0.002473
0 0.140907 0.330660 0.013271 0.036790 0.002473
0 0.417037 0.322909 0.015988 0.030582 0.006693
0 0.559361 0.325315 0.013241 0.025726 0.002473
0 0.695202 0.334945 0.009677 0.038866 0.006693
0 0.705263 0.335559 0.005024 0.046925 0.006693
0 0.742303 0.340927 0.009634 0.067288 0.047426
0 0.761022 0.327438 0.012541 0.047867 0.006693
0 0.763243 0.324886 0.014038 0.035245 0.002473
0 0.779798 0.331799 0.009731 0.049072 0.006693
0 0.796907 0.331767 0.013134 0.056522 0.002473
0 0.611036 0.326813 0.016347 0.038873 0.002473
0 0.695189 0.340096 0.009650 0.028284 0.006693
0 0.743749 0.341120 0.012529 0.067505 0.047426
0 0.760162 0.334992 0.010931 0.054736 0.002473
0 0.777315 0.338892 0.010871 0.050674 0.006693
0 0.742303 0.341028 0.009662 0.068213 0.119203
0 0.775670 0.360999 0.014212 0.094555 0.002473
0 0.804795 0.341725 0.009728 0.057407 0.006693
0 0.990392 0.402193 0.019687 0.209228 0.002473
0 0.989511 0.407600 0.015633 0.268747 0.002473
1 0.018745 0.325196 0.037518 0.048305 0.047426
1 0.018759 0.325518 0.037490 0.047629 0.047426
1 0.020178 0.326833 0.034673 0.054543 0.017986
1 0.221364 0.329275 0.073658 0.059494 0.119203
1 0.223514 0.327716 0.072050 0.062781 0.047426
1 0.376629 0.314035 0.043065 0.028949 0.002473
1 0.381705 0.312442 0.037607 0.031967 0.002473
1 0.384446 0.316418 0.037428 0.033659 0.006693
1 0.469921 0.320402 0.070817 0.047939 0.731059
1 0.469321 0.320112 0.073123 0.047281 0.731059
1 0.469892 0.317702 0.070915 0.052098 0.500000
1 0.470345 0.317689 0.071824 0.052130 0.731059
1 0.469723 0.320412 0.071266 0.047933 0.731059
1 0.017310 0.328104 0.040411 0.052090 0.731059
1 0.018756 0.328118 0.037501 0.052085 0.500000
1 0.020167 0.328106 0.040455 0.052116 0.500000
1 0.093754 0.326935 0.012953 0.028970 0.006693
1 0.116884 0.335715 0.028008 0.036899 0.500000
1 0.117833 0.333324 0.026104 0.041690 0.268941
1 0.118894 0.330893 0.027749 0.036899 0.017986
1 0.220843 0.330932 0.066846 0.062422 0.268941
1 0.223327 0.331034 0.071664 0.062169 0.731059
1 0.223295 0.329356 0.071594 0.059280 0.731059
1 0.223487 0.330217 0.072059 0.057560 0.731059
1 0.223458 0.329447 0.071998 0.059178 0.500000
1 0.360501 0.322767 0.023499 0.021151 0.006693
1 0.369176 0.320483 0.025982 0.025717 0.047426
1 0.380736 0.320312 0.036693 0.026053 0.006693
1 0.391301 0.320439 0.026384 0.025799 0.017986
1 0.400791 0.320429 0.032234 0.025856 0.006693
1 0.417037 0.322909 0.015988 0.030582 0.006693
1 0.469870 0.318129 0.070974 0.052969 0.731059
1 0.469272 0.317827 0.073218 0.052319 0.731059
1 0.470215 0.317840 0.071334 0.052293 0.731059
1 0.470163 0.320241 0.071442 0.047499 0.500000
1 0.469398 0.320124 0.073721 0.047280 0.731059
1 0.538998 0.322901 0.028206 0.020895 0.119203
1 0.537625 0.320505 0.030998 0.025704 0.119203
1 0.559361 0.325315 0.013241 0.025726 0.047426
1 0.567227 0.322921 0.009804 0.020859 0.119203
1 0.588882 0.323664 0.034002 0.038305 0.500000
1 0.587768 0.323680 0.035186 0.038268 0.268941
1 0.611051 0.328097 0.016342 0.031352 0.119203
1 0.628791 0.331712 0.027381 0.028985 0.268941
1 0.628014 0.331735 0.025182 0.028909 0.268941
1 0.642197 0.330783 0.016547 0.027213 0.119203
1 0.654526 0.330044 0.016007 0.025555 0.017986
1 0.018747 0.328119 0.037510 0.052127 0.500000
1 0.018750 0.328105 0.037502 0.052141 0.731059
1 0.018746 0.328111 0.037529 0.052142 0.268941
1 0.117933 0.335722 0.026356 0.046540 0.731059
1 0.117823 0.335735 0.026123 0.036880 0.500000
1 0.118331 0.333330 0.027046 0.041722 0.017986
1 0.142331 0.337500 0.015514 0.023749 0.002473
1 0.163803 0.341240 0.016309 0.016269 0.047426
1 0.163254 0.343716 0.014017 0.020912 0.119203
1 0.179663 0.343653 0.015730 0.021082 0.006693
1 0.223263 0.329472 0.065882 0.059061 0.500000
1 0.223291 0.330225 0.071616 0.057550 0.731059
1 0.224909 0.331022 0.069019 0.062171 0.731059
1 0.223535 0.329455 0.072079 0.059093 0.731059
1 0.223506 0.330225 0.072093 0.057641 0.500000
1 0.247732 0.333199 0.023893 0.051927 0.002473
1 0.611036 0.326813 0.016347 0.038873 0.047426
1 0.629065 0.331726 0.027571 0.029042 0.500000
1 0.626494 0.329365 0.028222 0.033745 0.268941
1 0.642053 0.333503 0.016260 0.025552 0.047426
1 0.654588 0.331840 0.010140 0.024607 0.006693
2 0.212433 0.299762 0.064402 0.048491 0.006693
2 0.212112 0.293054 0.056582 0.044602 0.006693
2 0.211521 0.294803 0.054800 0.038832 0.047426
2 0.467685 0.303253 0.067016 0.065717 0.002473
2 0.223514 0.327716 0.072050 0.062781 0.002473
2 0.469921 0.320402 0.070817 0.047939 0.002473
2 0.615750 0.316498 0.026205 0.051217 0.002473
2 0.625817 0.319816 0.033730 0.047342 0.047426
2 0.629458 0.318361 0.028738 0.053788 0.047426
2 0.632990 0.316536 0.035285 0.051203 0.017986
2 0.093754 0.326935 0.012953 0.028970 0.002473
2 0.567227 0.322921 0.009804 0.020859 0.002473
2 0.654526 0.330044 0.016007 0.025555 0.002473
2 0.018747 0.328119 0.037510 0.052127 0.002473
2 0.018746 0.328111 0.037529 0.052142 0.002473
3 0.206795 0.308307 0.063820 0.075380 0.017986
3 0.210816 0.299919 0.066309 0.048796 0.119203
3 0.212433 0.299762 0.064402 0.048491 0.119203
3 0.212112 0.293054 0.056582 0.044602 0.017986
3 0.211521 0.294803 0.054800 0.038832 0.002473
3 0.463836 0.302130 0.070258 0.064936 0.002473
3 0.467685 0.303253 0.067016 0.065717 0.002473
3 0.471167 0.308490 0.070874 0.067125 0.006693
3 0.204719 0.312816 0.060066 0.081804 0.002473
3 0.615750 0.316498 0.026205 0.051217 0.002473
3 0.625817 0.319816 0.033730 0.047342 0.002473
3 0.632990 0.316536 0.035285 0.051203 0.002473
3 0.093754 0.326935 0.012953 0.028970 0.002473
3 0.161722 0.330583 0.014272 0.037415 0.002473
3 0.538998 0.322901 0.028206 0.020895 0.268941
3 0.537625 0.320505 0.030998 0.025704 0.268941
3 0.559361 0.325315 0.013241 0.025726 0.006693
3 0.567227 0.322921 0.009804 0.020859 0.047426
3 0.588882 0.323664 0.034002 0.038305 0.006693
3 0.587768 0.323680 0.035186 0.038268 0.006693
3 0.611051 0.328097 0.016342 0.031352 0.002473
3 0.642197 0.330783 0.016547 0.027213 0.002473
3 0.654526 0.330044 0.016007 0.025555 0.017986
3 0.018750 0.328105 0.037502 0.052141 0.002473
3 0.163803 0.341240 0.016309 0.016269 0.002473
3 0.163254 0.343716 0.014017 0.020912 0.002473
4 0.417037 0.322909 0.015988 0.030582 0.002473
4 0.247732 0.333199 0.023893 0.051927 0.002473
4 0.769266 0.370571 0.022342 0.084221 0.002473
5 0.417037 0.322909 0.015988 0.030582 0.006693
5 0.559361 0.325315 0.013241 0.025726 0.006693
5 0.611051 0.328097 0.016342 0.031352 0.006693
5 0.611036 0.326813 0.016347 0.038873 0.006693
