0 0.099743 0.307473 0.018938 0.073566 0.017986
0 0.103256 0.311799 0.012728 0.072325 0.119203
0 0.122937 0.304584 0.017448 0.059211 0.002473
0 0.134146 0.306783 0.012548 0.062686 0.047426
0 0.079939 0.316920 0.010012 0.050821 0.006693
0 0.097255 0.309632 0.022019 0.064124 0.006693
0 0.104703 0.312717 0.015615 0.074181 0.047426
0 0.135085 0.304916 0.010667 0.056879 0.006693
0 0.295183 0.303679 0.009689 0.034386 0.002473
0 0.365876 0.315079 0.012703 0.037286 0.017986
0 0.418737 0.315793 0.006795 0.049058 0.002473
0 0.483639 0.321723 0.007804 0.051030 0.002473
0 0.077483 0.319108 0.010915 0.045197 0.002473
0 0.103091 0.312668 0.013093 0.083543 0.017986
0 0.267278 0.322909 0.009721 0.038807 0.002473
0 0.367283 0.315062 0.015813 0.037024 0.017986
0 0.454781 0.328929 0.009937 0.033019 0.002473
0 0.471209 0.323703 0.008023 0.034309 0.002473
0 0.478858 0.326332 0.007776 0.044397 0.017986
0 0.506348 0.333729 0.012779 0.033696 0.006693
0 0.519663 0.335407 0.016841 0.036930 0.002473
0 0.532045 0.338061 0.016887 0.042366 0.006693
0 0.757939 0.335297 0.010198 0.051131 0.002473
0 0.808653 0.364086 0.017700 0.093805 0.006693
0 0.098262 0.315625 0.022579 0.079442 0.002473
0 0.103101 0.317817 0.013116 0.084563 0.047426
0 0.365752 0.325797 0.012841 0.058811 0.017986
0 0.417299 0.332772 0.009752 0.044774 0.006693
0 0.478859 0.330517 0.007775 0.047443 0.006693
0 0.508375 0.339608 0.011068 0.030864 0.002473
0 0.723610 0.344098 0.012809 0.033409 0.002473
0 0.754777 0.340696 0.009946 0.046421 0.002473
0 0.807707 0.374791 0.015422 0.073440 0.119203
0 0.855234 0.390612 0.020467 0.114596 0.119203
0 0.104350 0.322419 0.017504 0.090314 0.002473
0 0.367082 0.332002 0.010428 0.076710 0.002473
0 0.808634 0.372551 0.017276 0.078402 0.268941
0 0.810337 0.372232 0.019934 0.077444 0.002473
0 0.848925 0.387785 0.025342 0.110560 0.002473
0 0.854674 0.392938 0.021877 0.119386 0.268941
0 0.859289 0.395591 0.037663 0.123993 0.006693
0 0.809152 0.375033 0.012534 0.073571 0.500000
0 0.811657 0.377165 0.017226 0.077689 0.002473
0 0.853807 0.389430 0.023394 0.110252 0.006693
0 0.853667 0.391349 0.018044 0.116175 0.268941
0 0.858815 0.393272 0.033384 0.120162 0.047426
0 0.807800 0.375149 0.015610 0.073426 0.268941
0 0.811590 0.375442 0.017361 0.072932 0.017986
0 0.834558 0.380975 0.020333 0.076569 0.002473
0 0.854037 0.389803 0.023855 0.116484 0.006693
0 0.855487 0.388947 0.020958 0.120996 0.268941
0 0.860026 0.393755 0.030958 0.119303 0.047426
0 0.852594 0.389323 0.020776 0.121602 0.047426
0 0.853810 0.388595 0.018335 0.121691 0.500000
0 0.861055 0.392919 0.028263 0.120620 0.017986
0 0.856711 0.388300 0.020377 0.124273 0.119203
0 0.864372 0.396744 0.028228 0.113644 0.006693
1 0.554728 0.326933 0.015705 0.013070 0.006693
2 0.554728 0.326933 0.015705 0.013070 0.006693
3 0.554728 0.326933 0.015705 0.013070 0.006693
3 0.782297 0.359669 0.031354 0.068858 0.002473
4 0.725877 0.375664 0.017366 0.069090 0.002473
4 0.726711 0.379734 0.022729 0.078999 0.006693
4 0.730493 0.380417 0.026164 0.094655 0.006693
4 0.744519 0.380055 0.055903 0.110727 0.002473
5 0.532045 0.338061 0.016887 0.042366 0.002473
5 0.523078 0.346151 0.028111 0.026473 0.006693
5 0.529017 0.345232 0.016987 0.033851 0.017986
