0 0.004831 0.331183 0.015511 0.164539 0.047426
0 0.993749 0.297821 0.012945 0.135573 0.002473
0 0.004959 0.326825 0.009975 0.165856 0.047426
0 0.721382 0.332491 0.023713 0.133314 0.006693
0 0.726698 0.325219 0.021743 0.118536 0.002473
0 0.993677 0.305537 0.012803 0.169803 0.006693
0 0.007820 0.320857 0.015792 0.141537 0.006693
0 0.082959 0.335525 0.016055 0.080015 0.002473
0 0.112287 0.340554 0.018893 0.098442 0.006693
0 0.114818 0.345818 0.014626 0.098865 0.017986
0 0.324826 0.334256 0.019496 0.075854 0.006693
0 0.327390 0.333186 0.010717 0.073436 0.268941
0 0.548999 0.312599 0.017370 0.051873 0.002473
0 0.550988 0.312601 0.017343 0.051877 0.002473
0 0.590390 0.317995 0.020224 0.070941 0.002473
0 0.785465 0.320717 0.040490 0.088826 0.002473
0 0.791627 0.320202 0.041855 0.078714 0.002473
0 0.995125 0.323811 0.010220 0.208716 0.002473
0 0.097735 0.344734 0.015291 0.074902 0.002473
0 0.110715 0.344267 0.016276 0.091728 0.006693
0 0.114821 0.343726 0.014615 0.094444 0.047426
0 0.313956 0.345796 0.022396 0.057195 0.002473
0 0.318789 0.341113 0.025125 0.057664 0.002473
0 0.327318 0.333317 0.014605 0.073099 0.268941
0 0.589714 0.323327 0.023341 0.061444 0.002473
0 0.723293 0.351279 0.028501 0.161281 0.119203
0 0.723313 0.349914 0.028506 0.158753 0.047426
0 0.784193 0.326462 0.050986 0.097214 0.002473
0 0.790512 0.328385 0.044181 0.087729 0.006693
0 0.799221 0.319436 0.035396 0.059620 0.002473
0 0.096827 0.344132 0.013476 0.073432 0.002473
0 0.114649 0.343735 0.015018 0.103745 0.047426
0 0.327320 0.335887 0.010843 0.078241 0.500000
0 0.466264 0.335791 0.017522 0.036768 0.002473
0 0.723306 0.347477 0.028506 0.163491 0.268941
0 0.722337 0.349016 0.030377 0.166671 0.268941
0 0.006310 0.342143 0.012647 0.107445 0.002473
0 0.116618 0.343971 0.016929 0.093941 0.017986
0 0.318762 0.348870 0.025047 0.052292 0.002473
0 0.327137 0.331204 0.011209 0.078068 0.119203
0 0.721900 0.349802 0.031304 0.159277 0.268941
0 0.722361 0.348746 0.030416 0.167224 0.268941
0 0.004831 0.343045 0.009689 0.106976 0.017986
0 0.719225 0.355696 0.032818 0.140982 0.006693
0 0.722843 0.354091 0.029332 0.156982 0.268941
0 0.721086 0.351598 0.027136 0.161527 0.268941
0 0.720895 0.354541 0.027501 0.156050 0.268941
0 0.721088 0.356116 0.027131 0.152901 0.268941
0 0.722832 0.356978 0.029356 0.151457 0.017986
0 0.722566 0.352647 0.030008 0.160115 0.002473
1 0.340109 0.327529 0.026820 0.053183 0.017986
1 0.236023 0.355076 0.147046 0.142791 0.880797
1 0.236054 0.355407 0.147097 0.143392 0.268941
1 0.313956 0.345796 0.022396 0.057195 0.006693
1 0.341520 0.330886 0.029532 0.046523 0.119203
1 0.349945 0.333255 0.025167 0.051212 0.047426
1 0.397590 0.346542 0.095152 0.119414 0.880797
1 0.397606 0.344983 0.095214 0.122537 0.731059
1 0.443845 0.328274 0.012826 0.032342 0.002473
1 0.956286 0.318439 0.078016 0.058894 0.002473
1 0.236043 0.354630 0.147063 0.141894 0.731059
1 0.236047 0.354631 0.147101 0.141897 0.731059
1 0.236058 0.355077 0.147117 0.142789 0.731059
1 0.316858 0.348059 0.025101 0.053754 0.002473
1 0.343079 0.330800 0.020797 0.046750 0.268941
1 0.346811 0.333252 0.025636 0.051569 0.047426
1 0.397060 0.344542 0.094122 0.121716 0.500000
1 0.397590 0.345488 0.095141 0.117304 0.731059
1 0.397609 0.343926 0.095207 0.120424 0.500000
1 0.442249 0.330232 0.010560 0.039973 0.002473
1 0.466264 0.335791 0.017522 0.036768 0.002473
1 0.713737 0.341553 0.047892 0.067575 0.006693
1 0.739786 0.336724 0.060831 0.078267 0.006693
1 0.236038 0.356596 0.147082 0.139749 0.880797
1 0.236047 0.355076 0.147102 0.142788 0.500000
1 0.236080 0.356594 0.147078 0.139752 0.731059
1 0.397524 0.344504 0.095020 0.121799 0.500000
1 0.399062 0.346222 0.092302 0.118832 0.731059
1 0.399048 0.346103 0.092328 0.118598 0.731059
1 0.735101 0.341384 0.040371 0.083776 0.002473
1 0.824565 0.366441 0.084789 0.216107 0.006693
1 0.825412 0.359593 0.084318 0.239669 0.006693
1 0.237463 0.354923 0.149854 0.143114 0.017986
1 0.235105 0.355039 0.145224 0.142884 0.500000
1 0.237495 0.354287 0.149988 0.144377 0.731059
1 0.399033 0.344619 0.092266 0.122047 0.731059
1 0.399032 0.345427 0.092258 0.117431 0.731059
1 0.824651 0.372460 0.085076 0.205056 0.017986
1 0.824542 0.366719 0.084776 0.225360 0.017986
1 0.824831 0.363175 0.085377 0.232162 0.017986
1 0.824525 0.380724 0.084842 0.182958 0.017986
1 0.825024 0.368520 0.085745 0.203766 0.047426
1 0.823679 0.368658 0.084865 0.211180 0.119203
1 0.824507 0.392978 0.084745 0.162149 0.500000
1 0.823902 0.389459 0.083512 0.162935 0.119203
3 0.340109 0.327529 0.026820 0.053183 0.006693
3 0.341520 0.330886 0.029532 0.046523 0.006693
3 0.349945 0.333255 0.025167 0.051212 0.006693
3 0.343079 0.330800 0.020797 0.046750 0.006693
3 0.346811 0.333252 0.025636 0.051569 0.002473
4 0.313956 0.345796 0.022396 0.057195 0.006693
4 0.312627 0.348834 0.019521 0.052250 0.002473
4 0.318762 0.348870 0.025047 0.052292 0.002473
5 0.311249 0.326819 0.029858 0.062100 0.006693
5 0.324826 0.334256 0.019496 0.075854 0.002473
5 0.313956 0.345796 0.022396 0.057195 0.119203
5 0.318789 0.341113 0.025125 0.057664 0.017986
5 0.460980 0.332549 0.022309 0.040150 0.002473
5 0.468645 0.333331 0.018510 0.041680 0.268941
5 0.312627 0.348834 0.019521 0.052250 0.119203
5 0.316858 0.348059 0.025101 0.053754 0.047426
5 0.327320 0.335887 0.010843 0.078241 0.002473
5 0.466315 0.335693 0.023218 0.037109 0.017986
5 0.466264 0.335791 0.017522 0.036768 0.500000
5 0.315492 0.348908 0.025251 0.052244 0.119203
5 0.318762 0.348870 0.025047 0.052292 0.119203
5 0.327137 0.331204 0.011209 0.078068 0.006693
