0 0.592357 0.308760 0.022256 0.108160 0.002473
0 0.770280 0.285757 0.015717 0.081437 0.006693
0 0.771128 0.286860 0.023578 0.084398 0.002473
0 0.848281 0.290285 0.029706 0.088721 0.002473
0 0.070470 0.326787 0.016181 0.102808 0.006693
0 0.477137 0.309451 0.015048 0.061552 0.002473
0 0.587375 0.305757 0.019109 0.085312 0.006693
0 0.598384 0.330614 0.022127 0.131485 0.002473
0 0.602475 0.333386 0.020103 0.125989 0.017986
0 0.769006 0.289305 0.018959 0.088437 0.006693
0 0.773910 0.290671 0.021552 0.081710 0.002473
0 0.848733 0.295965 0.028548 0.091732 0.002473
0 0.002464 0.325108 0.010910 0.107077 0.002473
0 0.123331 0.332674 0.015921 0.082729 0.002473
0 0.126735 0.332605 0.015990 0.083787 0.002473
0 0.286350 0.331237 0.023073 0.063666 0.006693
0 0.477153 0.312555 0.011218 0.051704 0.047426
0 0.551634 0.316130 0.016627 0.060803 0.002473
0 0.589789 0.333417 0.020241 0.096848 0.002473
0 0.597012 0.335489 0.025232 0.130656 0.119203
0 0.599992 0.331056 0.019277 0.130901 0.268941
0 0.681495 0.292775 0.022737 0.056597 0.002473
0 0.770693 0.288983 0.017452 0.089046 0.017986
0 0.772945 0.289558 0.024074 0.087942 0.002473
0 0.847815 0.294443 0.029438 0.088833 0.002473
0 0.846462 0.298417 0.027893 0.096775 0.002473
0 0.004732 0.334368 0.009900 0.095702 0.002473
0 0.404527 0.330890 0.015965 0.036879 0.017986
0 0.478102 0.314869 0.013117 0.046910 0.002473
0 0.530311 0.323247 0.023216 0.050718 0.002473
0 0.590232 0.343556 0.021044 0.110821 0.006693
0 0.598491 0.331509 0.022331 0.138922 0.268941
0 0.598539 0.335543 0.022163 0.130857 0.268941
0 0.769590 0.292185 0.023715 0.083675 0.002473
0 0.769872 0.293088 0.034024 0.084914 0.002473
0 0.846892 0.318244 0.031630 0.129740 0.002473
0 0.092211 0.357995 0.015634 0.054859 0.002473
0 0.123818 0.346317 0.013138 0.057408 0.002473
0 0.403255 0.330920 0.012729 0.036885 0.017986
0 0.589367 0.340704 0.023088 0.110085 0.017986
0 0.596817 0.332363 0.025538 0.137254 0.119203
0 0.597036 0.332954 0.025199 0.135639 0.268941
0 0.003853 0.348272 0.007942 0.124926 0.002473
0 0.280973 0.337055 0.019208 0.060174 0.017986
0 0.591156 0.342665 0.026808 0.116356 0.017986
0 0.596800 0.332400 0.025505 0.136751 0.268941
0 0.597028 0.334534 0.025184 0.138568 0.500000
0 0.003855 0.350458 0.007951 0.143609 0.002473
0 0.596355 0.335287 0.026396 0.130990 0.268941
0 0.595146 0.333011 0.025234 0.135548 0.500000
0 0.003743 0.358572 0.008158 0.138087 0.002473
0 0.851486 0.396149 0.046464 0.251397 0.002473
1 0.222131 0.350013 0.105737 0.116725 0.731059
1 0.222132 0.346849 0.105743 0.120032 0.500000
1 0.221082 0.346526 0.102073 0.119399 0.268941
1 0.275281 0.333132 0.019800 0.051179 0.017986
1 0.288736 0.333303 0.028416 0.051616 0.119203
1 0.288980 0.333321 0.028277 0.051343 0.268941
1 0.292350 0.333092 0.034780 0.041324 0.006693
1 0.354814 0.344557 0.090453 0.121684 0.731059
1 0.356270 0.345369 0.087572 0.117068 0.731059
1 0.356234 0.345482 0.087576 0.117298 0.731059
1 0.400849 0.330652 0.017222 0.036952 0.017986
1 0.404527 0.330890 0.015965 0.036879 0.017986
1 0.222580 0.349250 0.104842 0.115236 0.731059
1 0.222580 0.348951 0.104841 0.114598 0.500000
1 0.221074 0.348958 0.102100 0.114605 0.500000
1 0.277891 0.335225 0.025135 0.055858 0.006693
1 0.289900 0.334891 0.030174 0.054529 0.268941
1 0.289162 0.335707 0.028608 0.046590 0.500000
1 0.291695 0.333358 0.032217 0.051379 0.006693
1 0.357692 0.346103 0.090424 0.118595 0.731059
1 0.356260 0.343807 0.087521 0.113943 0.500000
1 0.357698 0.345375 0.090436 0.117058 0.500000
1 0.398938 0.330690 0.017236 0.037749 0.002473
1 0.403255 0.330920 0.012729 0.036885 0.047426
1 0.221140 0.346856 0.101954 0.120027 0.731059
1 0.221069 0.346854 0.102096 0.120024 0.731059
1 0.222330 0.348946 0.105345 0.114616 0.731059
1 0.271160 0.340820 0.017998 0.070331 0.002473
1 0.280973 0.337055 0.019208 0.060174 0.017986
1 0.356250 0.345312 0.093325 0.117011 0.731059
1 0.356260 0.345355 0.087521 0.117099 0.500000
1 0.357689 0.345354 0.090418 0.117102 0.731059
1 0.665594 0.344079 0.050104 0.135632 0.002473
1 0.665873 0.344052 0.050857 0.135577 0.006693
1 0.221130 0.346830 0.101944 0.120089 0.500000
1 0.354826 0.345309 0.090460 0.117205 0.731059
1 0.665484 0.352924 0.050099 0.127363 0.006693
1 0.665763 0.346646 0.050441 0.130399 0.017986
1 0.665798 0.350771 0.050494 0.131757 0.017986
1 0.665711 0.357157 0.049811 0.119130 0.006693
1 0.666546 0.357367 0.048175 0.109002 0.047426
2 0.183346 0.306687 0.023053 0.040802 0.002473
3 0.288736 0.333303 0.028416 0.051616 0.002473
3 0.288980 0.333321 0.028277 0.051343 0.002473
3 0.400849 0.330652 0.017222 0.036952 0.002473
3 0.404527 0.330890 0.015965 0.036879 0.006693
3 0.289900 0.334891 0.030174 0.054529 0.002473
3 0.289162 0.335707 0.028608 0.046590 0.002473
3 0.403255 0.330920 0.012729 0.036885 0.006693
3 0.280973 0.337055 0.019208 0.060174 0.002473
4 0.145142 0.346185 0.024253 0.057398 0.002473
4 0.591156 0.342665 0.026808 0.116356 0.002473
5 0.400849 0.330652 0.017222 0.036952 0.006693
5 0.404527 0.330890 0.015965 0.036879 0.047426
5 0.590232 0.343556 0.021044 0.110821 0.002473
5 0.398938 0.330690 0.017236 0.037749 0.002473
5 0.403255 0.330920 0.012729 0.036885 0.017986
5 0.589367 0.340704 0.023088 0.110085 0.002473
5 0.666688 0.345058 0.052490 0.143203 0.017986
5 0.667786 0.347371 0.054505 0.138624 0.017986
5 0.280973 0.337055 0.019208 0.060174 0.006693
5 0.662702 0.349532 0.050263 0.124128 0.017986
5 0.665594 0.344079 0.050104 0.135632 0.017986
5 0.665873 0.344052 0.050857 0.135577 0.006693
5 0.665484 0.352924 0.050099 0.127363 0.006693
5 0.665763 0.346646 0.050441 0.130399 0.017986
5 0.665798 0.350771 0.050494 0.131757 0.002473
5 0.666695 0.357363 0.048120 0.118792 0.002473
5 0.665711 0.357157 0.049811 0.119130 0.006693
5 0.666546 0.357367 0.048175 0.109002 0.002473
