0 0.003885 0.312788 0.007845 0.129069 0.002473
0 0.321378 0.299014 0.018198 0.098888 0.002473
0 0.763091 0.305214 0.036952 0.141658 0.006693
0 0.765788 0.315323 0.031599 0.161180 0.002473
0 0.780955 0.320208 0.020014 0.146636 0.047426
0 0.003415 0.315381 0.006907 0.133125 0.006693
0 0.295277 0.306837 0.009917 0.053224 0.006693
0 0.303411 0.309238 0.012670 0.057975 0.047426
0 0.321728 0.308182 0.012761 0.075373 0.047426
0 0.325370 0.311545 0.015111 0.067431 0.006693
0 0.357800 0.309538 0.016597 0.089554 0.017986
0 0.396625 0.308622 0.012705 0.066479 0.017986
0 0.495200 0.297634 0.009657 0.053709 0.017986
0 0.522689 0.295801 0.010904 0.050087 0.002473
0 0.532708 0.295793 0.009723 0.050024 0.017986
0 0.581262 0.299815 0.015298 0.042150 0.006693
0 0.592295 0.302083 0.009639 0.062519 0.119203
0 0.621750 0.304484 0.012758 0.057850 0.119203
0 0.632912 0.306761 0.010130 0.062706 0.047426
0 0.642655 0.305713 0.021150 0.071570 0.017986
0 0.750256 0.307902 0.016055 0.066434 0.002473
0 0.764321 0.316580 0.039416 0.159501 0.017986
0 0.782252 0.321193 0.020463 0.119069 0.119203
0 0.002448 0.321095 0.010711 0.131854 0.017986
0 0.198539 0.314887 0.034823 0.206679 0.002473
0 0.292319 0.308112 0.009715 0.050832 0.017986
0 0.303868 0.307292 0.007765 0.052126 0.268941
0 0.321666 0.311148 0.012649 0.069479 0.119203
0 0.327176 0.314785 0.011258 0.056714 0.006693
0 0.343557 0.317603 0.021058 0.052025 0.006693
0 0.373754 0.325230 0.048548 0.067658 0.002473
0 0.394148 0.319285 0.017928 0.065682 0.017986
0 0.401208 0.316425 0.013199 0.050325 0.017986
0 0.522665 0.299369 0.010933 0.043003 0.002473
0 0.531287 0.299167 0.006883 0.042822 0.002473
0 0.590859 0.302080 0.012521 0.062545 0.268941
0 0.618700 0.308840 0.012775 0.049113 0.017986
0 0.632732 0.309718 0.009914 0.057359 0.006693
0 0.655200 0.317123 0.033908 0.051562 0.002473
0 0.747618 0.315067 0.010733 0.048539 0.006693
0 0.764243 0.322765 0.034472 0.173353 0.268941
0 0.767337 0.318765 0.034681 0.178192 0.268941
0 0.783704 0.320476 0.017563 0.126881 0.119203
0 0.783588 0.323523 0.023363 0.092610 0.002473
0 0.803850 0.319360 0.007792 0.045844 0.017986
0 0.829834 0.321676 0.009836 0.044226 0.017986
0 0.003907 0.336558 0.007845 0.093114 0.006693
0 0.040260 0.336579 0.014331 0.049973 0.002473
0 0.197549 0.324821 0.031001 0.252659 0.002473
0 0.264894 0.315751 0.010737 0.035247 0.002473
0 0.293737 0.309636 0.006795 0.047482 0.006693
0 0.302425 0.309723 0.010638 0.056967 0.119203
0 0.321656 0.310516 0.012634 0.068209 0.047426
0 0.326706 0.314845 0.010325 0.056624 0.006693
0 0.349236 0.320215 0.019443 0.056748 0.002473
0 0.375153 0.327813 0.049748 0.062621 0.002473
0 0.402188 0.319268 0.015157 0.044284 0.002473
0 0.492073 0.305019 0.010106 0.047197 0.006693
0 0.592305 0.302090 0.009630 0.062518 0.268941
0 0.617282 0.309994 0.009939 0.046820 0.047426
0 0.634983 0.314798 0.020356 0.047718 0.002473
0 0.746204 0.315957 0.007910 0.046768 0.006693
0 0.765628 0.320406 0.031311 0.171359 0.268941
0 0.765636 0.320950 0.031277 0.173573 0.268941
0 0.783871 0.320216 0.018746 0.119903 0.500000
0 0.782918 0.321793 0.022975 0.097717 0.017986
0 0.803866 0.321093 0.007761 0.041176 0.047426
0 0.829778 0.322182 0.009717 0.040245 0.006693
0 0.848321 0.323687 0.016695 0.040328 0.002473
0 0.862253 0.328748 0.019737 0.033174 0.006693
0 0.004868 0.346395 0.009767 0.090457 0.006693
0 0.032639 0.340652 0.010099 0.055588 0.002473
0 0.306324 0.313031 0.012800 0.066662 0.002473
0 0.320203 0.312954 0.015542 0.066585 0.268941
0 0.324720 0.314873 0.016097 0.059913 0.047426
0 0.764225 0.320561 0.028471 0.171361 0.268941
0 0.764646 0.320215 0.029379 0.172063 0.268941
0 0.781968 0.320045 0.021033 0.119810 0.500000
0 0.782936 0.314894 0.022855 0.121516 0.017986
0 0.806282 0.323371 0.007038 0.043038 0.002473
0 0.845709 0.325821 0.011448 0.041238 0.006693
0 0.864622 0.331070 0.011259 0.036916 0.006693
0 0.004983 0.351168 0.010043 0.095437 0.002473
0 0.765177 0.321591 0.030375 0.170554 0.268941
0 0.764226 0.323217 0.028454 0.167295 0.268941
0 0.782381 0.318099 0.021722 0.124171 0.268941
0 0.782179 0.316802 0.024353 0.131142 0.017986
0 0.211321 0.345017 0.058356 0.298613 0.002473
0 0.211549 0.341400 0.058075 0.297618 0.500000
0 0.211492 0.341392 0.057947 0.296394 0.731059
0 0.765166 0.321549 0.030389 0.170648 0.268941
0 0.765178 0.322138 0.030357 0.168251 0.500000
0 0.777451 0.322359 0.030069 0.147186 0.006693
0 0.212305 0.344067 0.056513 0.295332 0.500000
0 0.211492 0.343741 0.057939 0.301044 0.500000
0 0.212396 0.342174 0.059762 0.299064 0.500000
0 0.981652 0.367879 0.038717 0.199421 0.002473
0 0.211472 0.344041 0.057913 0.295314 0.500000
0 0.211488 0.341709 0.057931 0.296978 0.500000
0 0.212236 0.342987 0.056396 0.294424 0.731059
0 0.981226 0.371501 0.037820 0.188635 0.002473
0 0.212257 0.342440 0.056395 0.298523 0.500000
0 0.212223 0.342094 0.056373 0.298031 0.500000
0 0.981104 0.362719 0.038069 0.207962 0.006693
1 0.343557 0.317603 0.021058 0.052025 0.002473
1 0.555053 0.309211 0.032095 0.025738 0.002473
1 0.573379 0.308489 0.028849 0.024178 0.017986
1 0.577195 0.303629 0.021049 0.033913 0.047426
1 0.607644 0.307214 0.018982 0.031509 0.006693
1 0.852389 0.319982 0.032914 0.047271 0.006693
1 0.990387 0.323293 0.014709 0.112444 0.002473
1 0.073889 0.343247 0.022938 0.042720 0.006693
1 0.093457 0.346035 0.037258 0.048240 0.047426
1 0.095162 0.346034 0.034572 0.048219 0.119203
1 0.092301 0.345241 0.034640 0.049638 0.047426
1 0.148142 0.342126 0.065481 0.075408 0.268941
1 0.148142 0.339761 0.065480 0.070504 0.500000
1 0.148149 0.341418 0.065475 0.076811 0.500000
1 0.349236 0.320215 0.019443 0.056748 0.006693
1 0.605044 0.308499 0.024182 0.034097 0.002473
1 0.848321 0.323687 0.016695 0.040328 0.002473
1 0.856543 0.323955 0.026361 0.040903 0.002473
1 0.899255 0.328475 0.037203 0.041869 0.047426
1 0.899744 0.328506 0.036996 0.041686 0.500000
1 0.899554 0.330909 0.035861 0.046494 0.500000
1 0.901433 0.327930 0.037671 0.041111 0.002473
1 0.974989 0.338811 0.024998 0.052784 0.268941
1 0.975006 0.336424 0.019246 0.057553 0.268941
1 0.056221 0.347762 0.012579 0.028962 0.119203
1 0.071434 0.345231 0.023817 0.039977 0.119203
1 0.092268 0.344680 0.034665 0.044768 0.500000
1 0.093743 0.346233 0.037487 0.047875 0.500000
1 0.095203 0.346425 0.034605 0.047493 0.268941
1 0.148147 0.342168 0.065471 0.075315 0.500000
1 0.148067 0.339759 0.065346 0.070490 0.500000
1 0.147696 0.342166 0.064569 0.075304 0.500000
1 0.147702 0.342136 0.064579 0.075467 0.731059
1 0.899252 0.328376 0.037197 0.042169 0.047426
1 0.899551 0.330904 0.035872 0.046536 0.731059
1 0.899747 0.330902 0.036989 0.046540 0.731059
1 0.974977 0.336533 0.024972 0.057813 0.500000
1 0.975027 0.339584 0.019253 0.054239 0.119203
1 0.056192 0.346870 0.012776 0.037453 0.002473
1 0.071901 0.347317 0.019178 0.039652 0.119203
1 0.092287 0.346241 0.034623 0.047900 0.500000
1 0.092306 0.346237 0.034585 0.047908 0.500000
1 0.095231 0.346126 0.034561 0.048130 0.500000
1 0.146439 0.342135 0.067814 0.075406 0.731059
1 0.147691 0.342130 0.064584 0.075405 0.500000
1 0.148142 0.342131 0.065484 0.075403 0.500000
1 0.147889 0.339330 0.064974 0.071514 0.047426
1 0.973539 0.337403 0.022127 0.059358 0.268941
1 0.975064 0.339803 0.019325 0.054636 0.047426
1 0.981594 0.358070 0.031455 0.103485 0.002473
1 0.450456 0.989574 0.026730 0.020905 0.017986
3 0.581262 0.299815 0.015298 0.042150 0.002473
3 0.577195 0.303629 0.021049 0.033913 0.006693
3 0.899255 0.328475 0.037203 0.041869 0.017986
3 0.899744 0.328506 0.036996 0.041686 0.006693
3 0.899554 0.330909 0.035861 0.046494 0.017986
3 0.901433 0.327930 0.037671 0.041111 0.002473
3 0.899252 0.328376 0.037197 0.042169 0.002473
3 0.899551 0.330904 0.035872 0.046536 0.006693
3 0.899747 0.330902 0.036989 0.046540 0.017986
3 0.425196 0.987150 0.032267 0.025718 0.006693
3 0.450456 0.989574 0.026730 0.020905 0.002473
4 0.373754 0.325230 0.048548 0.067658 0.006693
4 0.373390 0.325346 0.047419 0.067524 0.017986
4 0.373502 0.325448 0.047104 0.067725 0.017986
4 0.401208 0.316425 0.013199 0.050325 0.006693
4 0.653138 0.316583 0.036936 0.050124 0.002473
4 0.655200 0.317123 0.033908 0.051562 0.002473
4 0.349236 0.320215 0.019443 0.056748 0.002473
4 0.373432 0.327039 0.047236 0.070393 0.119203
4 0.373498 0.329329 0.047236 0.065644 0.268941
4 0.375130 0.327008 0.049713 0.070285 0.119203
4 0.375153 0.327813 0.049748 0.062621 0.119203
4 0.402188 0.319268 0.015157 0.044284 0.017986
4 0.426460 0.325173 0.028863 0.025997 0.002473
4 0.634983 0.314798 0.020356 0.047718 0.002473
4 0.365362 0.325755 0.050695 0.057280 0.017986
4 0.373510 0.331667 0.047179 0.063975 0.268941
4 0.373608 0.329462 0.047016 0.065382 0.268941
4 0.374979 0.326996 0.044242 0.070315 0.500000
4 0.375005 0.327718 0.050011 0.071898 0.268941
4 0.028644 0.391394 0.057670 0.153247 0.002473
4 0.980215 0.369579 0.041623 0.200622 0.006693
4 0.034282 0.395010 0.069430 0.200668 0.002473
4 0.981652 0.367879 0.038717 0.199421 0.006693
4 0.981469 0.367085 0.038373 0.195920 0.006693
4 0.981104 0.362719 0.038069 0.207962 0.006693
5 0.642655 0.305713 0.021150 0.071570 0.006693
5 0.654040 0.308786 0.033450 0.066807 0.017986
5 0.343557 0.317603 0.021058 0.052025 0.002473
5 0.373754 0.325230 0.048548 0.067658 0.017986
5 0.373390 0.325346 0.047419 0.067524 0.047426
5 0.373502 0.325448 0.047104 0.067725 0.047426
5 0.394148 0.319285 0.017928 0.065682 0.006693
5 0.650965 0.316087 0.033196 0.050652 0.047426
5 0.653138 0.316583 0.036936 0.050124 0.119203
5 0.655200 0.317123 0.033908 0.051562 0.119203
5 0.349236 0.320215 0.019443 0.056748 0.002473
5 0.373432 0.327039 0.047236 0.070393 0.268941
5 0.373498 0.329329 0.047236 0.065644 0.119203
5 0.375130 0.327008 0.049713 0.070285 0.047426
5 0.375153 0.327813 0.049748 0.062621 0.047426
5 0.634983 0.314798 0.020356 0.047718 0.002473
5 0.652054 0.322392 0.035350 0.041034 0.119203
5 0.653256 0.321650 0.037378 0.039340 0.268941
5 0.654819 0.319241 0.034670 0.044162 0.047426
5 0.373510 0.331667 0.047179 0.063975 0.047426
5 0.373608 0.329462 0.047016 0.065382 0.047426
5 0.374979 0.326996 0.044242 0.070315 0.047426
5 0.375005 0.327718 0.050011 0.071898 0.017986
5 0.981696 0.381063 0.038410 0.174006 0.002473
5 0.980215 0.369579 0.041623 0.200622 0.006693
5 0.981652 0.367879 0.038717 0.199421 0.006693
5 0.981104 0.362719 0.038069 0.207962 0.002473
