0 0.750052 0.295632 0.025971 0.161568 0.002473
0 0.220157 0.328217 0.022268 0.105987 0.006693
0 0.228073 0.317575 0.019018 0.093935 0.002473
0 0.395207 0.314905 0.015421 0.078526 0.268941
0 0.507890 0.305962 0.010301 0.051429 0.002473
0 0.520220 0.306916 0.015499 0.062544 0.047426
0 0.525712 0.305894 0.014190 0.054463 0.002473
0 0.545805 0.303191 0.011106 0.049533 0.002473
0 0.717285 0.309270 0.016821 0.067764 0.002473
0 0.731356 0.305498 0.012870 0.060411 0.006693
0 0.748368 0.305810 0.028649 0.183997 0.002473
0 0.137449 0.350613 0.019157 0.102427 0.047426
0 0.140075 0.347334 0.020202 0.111854 0.119203
0 0.157283 0.335121 0.011468 0.071719 0.002473
0 0.212618 0.333176 0.019585 0.104266 0.017986
0 0.214774 0.333676 0.015265 0.105474 0.017986
0 0.229721 0.323236 0.009937 0.078571 0.002473
0 0.257692 0.320631 0.009625 0.042087 0.047426
0 0.285178 0.314843 0.010905 0.036985 0.002473
0 0.342302 0.317401 0.009625 0.051489 0.268941
0 0.395209 0.314949 0.015421 0.078389 0.268941
0 0.408556 0.315948 0.007907 0.049209 0.047426
0 0.471134 0.314889 0.007753 0.036881 0.006693
0 0.506260 0.304794 0.006795 0.036620 0.017986
0 0.521669 0.308640 0.012608 0.059049 0.119203
0 0.528648 0.310356 0.008254 0.055329 0.006693
0 0.542344 0.305887 0.010171 0.038452 0.006693
0 0.713205 0.312572 0.014269 0.063042 0.002473
0 0.783921 0.309654 0.023970 0.047862 0.002473
0 0.061527 0.361749 0.017280 0.098602 0.268941
0 0.063550 0.362060 0.017143 0.099226 0.268941
0 0.087539 0.362978 0.024975 0.132667 0.002473
0 0.141407 0.352284 0.023340 0.110891 0.006693
0 0.141470 0.349000 0.023272 0.114469 0.006693
0 0.157696 0.341050 0.009627 0.057718 0.119203
0 0.173538 0.345390 0.012684 0.059285 0.002473
0 0.214169 0.337104 0.028588 0.111016 0.017986
0 0.215708 0.335454 0.018936 0.111584 0.047426
0 0.229708 0.331174 0.009909 0.062747 0.002473
0 0.257693 0.320941 0.009621 0.040763 0.047426
0 0.323370 0.317825 0.012281 0.041188 0.002473
0 0.329833 0.319418 0.009827 0.037793 0.002473
0 0.342302 0.317413 0.009624 0.051461 0.119203
0 0.396652 0.314945 0.012534 0.078393 0.500000
0 0.408566 0.315251 0.007924 0.057320 0.017986
0 0.470195 0.314226 0.009619 0.028606 0.017986
0 0.506272 0.305998 0.006908 0.045289 0.006693
0 0.518756 0.307051 0.012538 0.062207 0.268941
0 0.526698 0.307332 0.010299 0.052049 0.017986
0 0.541304 0.309808 0.007999 0.037702 0.006693
0 0.779733 0.310103 0.009917 0.046768 0.002473
0 0.063339 0.359303 0.017163 0.103356 0.119203
0 0.062613 0.358137 0.015265 0.100980 0.119203
0 0.086040 0.364255 0.022126 0.135065 0.268941
0 0.087525 0.364396 0.024977 0.135662 0.268941
0 0.159141 0.345659 0.012517 0.049032 0.047426
0 0.171140 0.351575 0.007782 0.037164 0.047426
0 0.213989 0.352001 0.028220 0.087555 0.006693
0 0.214283 0.340318 0.021783 0.123513 0.047426
0 0.342297 0.317905 0.009645 0.052451 0.047426
0 0.387039 0.318680 0.014859 0.052215 0.002473
0 0.396652 0.316527 0.012532 0.075297 0.268941
0 0.399711 0.315253 0.016080 0.062522 0.006693
0 0.737617 0.327593 0.055603 0.237626 0.002473
0 0.063339 0.358021 0.017163 0.100729 0.119203
0 0.062993 0.360395 0.014507 0.095974 0.500000
0 0.087480 0.366152 0.024979 0.132424 0.268941
0 0.086066 0.364543 0.022137 0.135550 0.268941
0 0.157691 0.348191 0.009638 0.044389 0.119203
0 0.171131 0.351772 0.007787 0.046473 0.119203
0 0.213860 0.354213 0.028167 0.094340 0.006693
0 0.215509 0.341711 0.024927 0.119900 0.017986
0 0.226523 0.331291 0.016306 0.072075 0.002473
0 0.737566 0.328885 0.050217 0.233372 0.500000
0 0.738960 0.326952 0.052920 0.237237 0.731059
0 0.738961 0.327365 0.052921 0.238077 0.500000
0 0.062463 0.360436 0.015407 0.096372 0.268941
0 0.063552 0.359671 0.017148 0.104184 0.500000
0 0.087482 0.364669 0.024975 0.135807 0.268941
0 0.087511 0.366251 0.024995 0.132636 0.500000
0 0.213941 0.360712 0.028323 0.088231 0.002473
0 0.213973 0.346435 0.028000 0.110567 0.002473
0 0.738976 0.325637 0.052983 0.233629 0.500000
0 0.738958 0.325148 0.052917 0.234590 0.500000
0 0.737520 0.325389 0.050011 0.234125 0.500000
0 0.063339 0.359648 0.017165 0.104516 0.119203
0 0.062795 0.362196 0.014903 0.099350 0.119203
0 0.087488 0.367325 0.019203 0.130487 0.500000
0 0.087514 0.366600 0.025000 0.132088 0.500000
0 0.215483 0.356226 0.025275 0.105156 0.002473
0 0.737521 0.327728 0.050073 0.229274 0.500000
0 0.738959 0.326914 0.052915 0.237142 0.500000
0 0.738960 0.325377 0.052922 0.234003 0.500000
0 0.088938 0.367368 0.022131 0.130646 0.268941
0 0.086091 0.367358 0.022075 0.130665 0.268941
0 0.738957 0.327231 0.052914 0.236447 0.268941
0 0.626039 0.450122 0.152160 0.579440 0.001170
1 0.382186 0.317199 0.040608 0.042159 0.047426
1 0.381180 0.318993 0.043970 0.045300 0.017986
1 0.550983 0.305235 0.030110 0.036985 0.002473
1 0.796476 0.309842 0.045125 0.047113 0.002473
1 0.809502 0.312400 0.018737 0.041771 0.002473
1 0.329833 0.319418 0.009827 0.037793 0.002473
1 0.357710 0.320164 0.030305 0.027139 0.006693
1 0.374926 0.322424 0.031179 0.037800 0.047426
1 0.376133 0.319469 0.033145 0.038092 0.047426
1 0.414647 0.320006 0.016602 0.026916 0.002473
1 0.431448 0.322893 0.022890 0.020930 0.002473
1 0.812212 0.317548 0.018792 0.031619 0.006693
1 0.103731 0.355799 0.013570 0.035400 0.006693
1 0.120664 0.354135 0.018731 0.032061 0.047426
1 0.228002 0.331910 0.013257 0.060685 0.002473
1 0.105422 0.359550 0.017002 0.031775 0.006693
1 0.119755 0.354223 0.021446 0.032009 0.119203
1 0.955253 0.430159 0.090123 0.351577 0.006693
1 0.958117 0.429426 0.083849 0.353044 0.002473
1 0.624647 0.446021 0.151895 0.574449 0.001501
1 0.622835 0.448383 0.155182 0.575464 0.001927
1 0.626039 0.450122 0.152160 0.579440 0.006693
1 0.623434 0.440696 0.150614 0.571757 0.001170
1 0.623506 0.443938 0.150434 0.565951 0.001927
1 0.623900 0.449250 0.150750 0.568965 0.003173
3 0.796476 0.309842 0.045125 0.047113 0.002473
3 0.809502 0.312400 0.018737 0.041771 0.002473
4 0.171140 0.351575 0.007782 0.037164 0.002473
4 0.198133 0.350420 0.036262 0.050620 0.006693
4 0.213989 0.352001 0.028220 0.087555 0.006693
4 0.203723 0.360853 0.038857 0.057127 0.047426
4 0.213860 0.354213 0.028167 0.094340 0.002473
4 0.792749 0.346359 0.044301 0.095954 0.002473
4 0.207526 0.368642 0.041104 0.065097 0.017986
4 0.213941 0.360712 0.028323 0.088231 0.017986
4 0.671989 0.353885 0.046292 0.188401 0.002473
4 0.682390 0.350797 0.047335 0.185862 0.002473
4 0.795946 0.355862 0.043781 0.090701 0.006693
4 0.797242 0.352008 0.043675 0.097686 0.006693
4 0.199201 0.373426 0.032577 0.077620 0.002473
4 0.955253 0.430159 0.090123 0.351577 0.006693
4 0.958117 0.429426 0.083849 0.353044 0.002473
4 0.954875 0.435428 0.090877 0.351946 0.017986
4 0.957624 0.438613 0.084901 0.352000 0.002473
4 0.955569 0.446232 0.083344 0.330212 0.017986
4 0.957492 0.442006 0.085042 0.345185 0.006693
4 0.956834 0.439651 0.086389 0.343318 0.002473
4 0.959903 0.452960 0.080290 0.320210 0.119203
4 0.960197 0.448803 0.079632 0.325426 0.047426
4 0.959033 0.446666 0.081959 0.335992 0.017986
4 0.960786 0.460798 0.078453 0.298211 0.017986
4 0.959550 0.476465 0.075146 0.266999 0.002473
4 0.964927 0.462967 0.070305 0.299474 0.002473
4 0.960969 0.500703 0.078174 0.217332 0.006693
4 0.960960 0.490279 0.078105 0.238161 0.006693
4 0.961972 0.472657 0.076089 0.275019 0.002473
4 0.624647 0.446021 0.151895 0.574449 0.001927
4 0.622835 0.448383 0.155182 0.575464 0.001927
4 0.626039 0.450122 0.152160 0.579440 0.002473
4 0.623434 0.440696 0.150614 0.571757 0.001170
4 0.623506 0.443938 0.150434 0.565951 0.001170
4 0.623900 0.449250 0.150750 0.568965 0.001170
5 0.702102 0.303832 0.039610 0.083051 0.002473
5 0.706864 0.310438 0.026491 0.066817 0.002473
5 0.141407 0.352284 0.023340 0.110891 0.047426
5 0.141470 0.349000 0.023272 0.114469 0.047426
5 0.702945 0.309066 0.034432 0.073025 0.002473
5 0.707811 0.314015 0.024563 0.059691 0.006693
5 0.120664 0.354135 0.018731 0.032061 0.002473
5 0.141405 0.355236 0.023399 0.101976 0.119203
5 0.141927 0.354101 0.022393 0.101271 0.268941
5 0.159141 0.345659 0.012517 0.049032 0.006693
5 0.171140 0.351575 0.007782 0.037164 0.002473
5 0.105422 0.359550 0.017002 0.031775 0.002473
5 0.119755 0.354223 0.021446 0.032009 0.002473
5 0.141867 0.357548 0.022465 0.096193 0.119203
5 0.140073 0.358976 0.020228 0.093333 0.268941
5 0.157691 0.348191 0.009638 0.044389 0.006693
5 0.797231 0.348299 0.043497 0.094620 0.002473
5 0.806680 0.347592 0.024343 0.095924 0.002473
5 0.141419 0.362160 0.023364 0.086497 0.119203
5 0.140072 0.359884 0.020228 0.091517 0.268941
5 0.146732 0.360378 0.025853 0.082493 0.002473
5 0.631264 0.355975 0.132382 0.240298 0.002473
5 0.797242 0.352008 0.043675 0.097686 0.002473
5 0.141388 0.365043 0.023437 0.084450 0.017986
5 0.141537 0.364849 0.023162 0.083560 0.017986
5 0.145006 0.366238 0.029480 0.085059 0.002473
5 0.630965 0.420112 0.151385 0.487705 0.006693
5 0.628780 0.430310 0.145971 0.462968 0.002473
5 0.631015 0.359978 0.129725 0.250593 0.002473
5 0.625437 0.439210 0.150184 0.498114 0.006693
5 0.955253 0.430159 0.090123 0.351577 0.119203
5 0.958117 0.429426 0.083849 0.353044 0.119203
5 0.954875 0.435428 0.090877 0.351946 0.268941
5 0.957624 0.438613 0.084901 0.352000 0.119203
5 0.957944 0.430326 0.084170 0.362244 0.119203
5 0.955569 0.446232 0.083344 0.330212 0.119203
5 0.957492 0.442006 0.085042 0.345185 0.268941
5 0.956834 0.439651 0.086389 0.343318 0.119203
5 0.959903 0.452960 0.080290 0.320210 0.047426
5 0.960197 0.448803 0.079632 0.325426 0.119203
5 0.959033 0.446666 0.081959 0.335992 0.047426
5 0.960786 0.460798 0.078453 0.298211 0.002473
5 0.626032 0.438976 0.156750 0.567738 0.017986
5 0.627084 0.438816 0.157657 0.561680 0.075858
5 0.626762 0.437104 0.153394 0.558651 0.004070
5 0.624007 0.437248 0.158651 0.590949 0.047426
5 0.624647 0.446021 0.151895 0.574449 0.222700
5 0.622835 0.448383 0.155182 0.575464 0.268941
5 0.626039 0.450122 0.152160 0.579440 0.320821
5 0.622223 0.437116 0.157789 0.583400 0.010987
5 0.623434 0.440696 0.150614 0.571757 0.119203
5 0.623506 0.443938 0.150434 0.565951 0.148047
5 0.623900 0.449250 0.150750 0.568965 0.148047
5 0.623432 0.458355 0.150258 0.567703 0.008577
5 0.623571 0.459232 0.150238 0.564859 0.014064
5 0.623929 0.460045 0.150181 0.571336 0.008577
