0 0.155607 0.232096 0.023784 0.121394 0.002473
0 0.112732 0.241826 0.025480 0.077423 0.002473
0 0.154816 0.227209 0.026160 0.120982 0.002473
0 0.112661 0.245050 0.025474 0.083348 0.002473
0 0.111308 0.247524 0.028379 0.087701 0.002473
0 0.155230 0.232396 0.027105 0.131905 0.002473
0 0.258506 0.266364 0.033932 0.066813 0.002473
0 0.588588 0.291310 0.018827 0.086114 0.002473
0 0.859368 0.278693 0.018792 0.057493 0.017986
0 0.861076 0.278462 0.022165 0.066685 0.006693
0 0.113161 0.252127 0.026337 0.089751 0.002473
0 0.152071 0.232242 0.031653 0.131599 0.002473
0 0.588097 0.312766 0.027094 0.084748 0.002473
0 0.858914 0.278831 0.017885 0.057580 0.006693
0 0.861273 0.278852 0.021774 0.057537 0.002473
0 0.338305 0.336340 0.036127 0.146046 0.002473
0 0.406671 0.316583 0.025986 0.050130 0.006693
0 0.409714 0.314993 0.024890 0.046947 0.002473
0 0.507705 0.314697 0.009647 0.046705 0.119203
0 0.857970 0.278885 0.015998 0.057756 0.017986
0 0.861641 0.281480 0.017325 0.062322 0.002473
0 0.338747 0.340890 0.036954 0.141502 0.002473
0 0.407660 0.312687 0.026099 0.051705 0.006693
0 0.410911 0.317467 0.022446 0.042162 0.002473
0 0.498845 0.315084 0.013191 0.036914 0.002473
0 0.507705 0.314907 0.009646 0.046599 0.047426
0 0.407074 0.320589 0.023427 0.057812 0.006693
0 0.412846 0.319142 0.024385 0.054314 0.002473
0 0.113896 0.412258 0.055257 0.395583 0.002473
0 0.110398 0.421773 0.063717 0.413976 0.002473
0 0.109932 0.424249 0.064103 0.412893 0.002473
0 0.059227 0.319088 0.119282 0.648985 0.001927
0 0.058875 0.331534 0.115857 0.669486 0.002473
0 0.061639 0.336014 0.120163 0.678008 0.047426
0 0.070792 0.378793 0.143259 0.765555 0.004070
0 0.070646 0.379947 0.144889 0.770125 0.182426
0 0.071478 0.376470 0.146377 0.751184 0.006693
0 0.075411 0.373014 0.149186 0.762301 0.679179
0 0.074225 0.376622 0.145644 0.761326 0.777300
0 0.073114 0.377710 0.147255 0.761186 0.777300
0 0.073344 0.377103 0.147087 0.738608 0.001501
0 0.191892 0.403691 0.201706 0.433433 0.001927
0 0.074593 0.389708 0.147300 0.723417 0.777300
0 0.075876 0.395011 0.151980 0.718370 0.817575
0 0.071698 0.395558 0.146987 0.714161 0.817575
0 0.073395 0.392495 0.153097 0.715822 0.437824
0 0.074475 0.396206 0.150595 0.703406 0.182426
0 0.073355 0.401459 0.150131 0.687153 0.777300
0 0.071060 0.392512 0.146114 0.700127 0.731059
0 0.074223 0.393753 0.155282 0.712805 0.182426
0 0.072512 0.401806 0.151817 0.692055 0.001170
1 0.406671 0.316583 0.025986 0.050130 0.002473
1 0.409714 0.314993 0.024890 0.046947 0.002473
1 0.438420 0.304304 0.029494 0.026156 0.002473
1 0.507705 0.314697 0.009647 0.046705 0.006693
1 0.407660 0.312687 0.026099 0.051705 0.017986
1 0.410911 0.317467 0.022446 0.042162 0.006693
1 0.194566 0.412214 0.198205 0.420090 0.002473
1 0.194207 0.411754 0.202289 0.420795 0.001501
1 0.193400 0.408239 0.199561 0.428475 0.002473
1 0.194907 0.414242 0.200357 0.416350 0.001501
1 0.193119 0.417231 0.204146 0.410218 0.001501
1 0.191892 0.403691 0.201706 0.433433 0.004070
1 0.193512 0.409674 0.200386 0.425661 0.005220
1 0.193141 0.413548 0.201743 0.418048 0.004070
4 0.320194 0.302542 0.030913 0.053680 0.002473
4 0.324730 0.301903 0.038791 0.061790 0.002473
4 0.331483 0.335016 0.045374 0.129899 0.002473
4 0.571537 0.321424 0.030634 0.072157 0.002473
4 0.581712 0.324626 0.030079 0.081424 0.017986
4 0.319734 0.306241 0.033953 0.057347 0.017986
4 0.330013 0.309243 0.047578 0.076516 0.047426
4 0.338747 0.340890 0.036954 0.141502 0.047426
4 0.340366 0.337669 0.037706 0.148242 0.006693
4 0.576667 0.327516 0.034575 0.083823 0.047426
4 0.585178 0.329168 0.032988 0.093040 0.017986
4 0.601478 0.352207 0.052975 0.139128 0.047426
4 0.316741 0.325177 0.043886 0.087105 0.002473
4 0.331409 0.337083 0.050761 0.132523 0.017986
4 0.341207 0.338465 0.032857 0.146530 0.017986
4 0.340841 0.337733 0.037573 0.147994 0.006693
4 0.407074 0.320589 0.023427 0.057812 0.002473
4 0.412846 0.319142 0.024385 0.054314 0.002473
4 0.559776 0.331011 0.020606 0.067986 0.002473
4 0.576826 0.328717 0.034897 0.082972 0.119203
4 0.601443 0.352147 0.052986 0.138792 0.268941
4 0.601482 0.352128 0.052966 0.138751 0.119203
4 0.601509 0.349831 0.052937 0.134159 0.119203
4 0.341268 0.338620 0.032759 0.146231 0.006693
4 0.342630 0.337882 0.035288 0.147706 0.006693
4 0.360770 0.334527 0.070852 0.154422 0.002473
4 0.565755 0.344630 0.026365 0.051391 0.006693
4 0.577143 0.334740 0.030229 0.070988 0.047426
4 0.602894 0.349736 0.050084 0.134013 0.268941
4 0.601482 0.351367 0.052966 0.140278 0.268941
4 0.602939 0.353033 0.050077 0.137144 0.119203
4 0.342074 0.339130 0.034366 0.145235 0.002473
4 0.341643 0.336165 0.033306 0.151294 0.006693
4 0.370058 0.335891 0.053261 0.151291 0.002473
4 0.601478 0.348918 0.052978 0.135558 0.268941
4 0.602923 0.351338 0.050096 0.140282 0.268941
4 0.601485 0.350591 0.052980 0.141793 0.119203
4 0.191586 0.415020 0.204685 0.417603 0.002473
4 0.190935 0.420715 0.205805 0.398621 0.006693
4 0.190766 0.404651 0.198083 0.435114 0.001501
4 0.194566 0.412214 0.198205 0.420090 0.002473
4 0.194207 0.411754 0.202289 0.420795 0.001927
4 0.193400 0.408239 0.199561 0.428475 0.002473
4 0.194907 0.414242 0.200357 0.416350 0.001927
4 0.193152 0.417050 0.201893 0.415862 0.001501
4 0.193119 0.417231 0.204146 0.410218 0.001927
4 0.191892 0.403691 0.201706 0.433433 0.003173
4 0.193512 0.409674 0.200386 0.425661 0.003173
4 0.193141 0.413548 0.201743 0.418048 0.003173
5 0.381626 0.323883 0.030640 0.114321 0.017986
5 0.396226 0.309827 0.032861 0.077379 0.006693
5 0.407158 0.311156 0.027207 0.065469 0.006693
5 0.338305 0.336340 0.036127 0.146046 0.006693
5 0.372902 0.334204 0.054295 0.142858 0.119203
5 0.379906 0.336307 0.041239 0.125022 0.119203
5 0.401262 0.318602 0.035043 0.065767 0.047426
5 0.406671 0.316583 0.025986 0.050130 0.119203
5 0.409714 0.314993 0.024890 0.046947 0.119203
5 0.338747 0.340890 0.036954 0.141502 0.047426
5 0.340366 0.337669 0.037706 0.148242 0.047426
5 0.361270 0.337721 0.068273 0.156958 0.017986
5 0.371850 0.339616 0.056585 0.153129 0.268941
5 0.376839 0.338267 0.046660 0.135859 0.119203
5 0.388543 0.325767 0.044969 0.083144 0.006693
5 0.407660 0.312687 0.026099 0.051705 0.047426
5 0.410911 0.317467 0.022446 0.042162 0.047426
5 0.507705 0.314907 0.009646 0.046599 0.002473
5 0.601478 0.352207 0.052975 0.139128 0.047426
5 0.341207 0.338465 0.032857 0.146530 0.268941
5 0.340841 0.337733 0.037573 0.147994 0.119203
5 0.359351 0.335714 0.074148 0.151624 0.047426
5 0.370852 0.335911 0.058343 0.144929 0.119203
5 0.374763 0.335851 0.050809 0.143817 0.047426
5 0.380974 0.338348 0.040837 0.122881 0.047426
5 0.407074 0.320589 0.023427 0.057812 0.017986
5 0.412846 0.319142 0.024385 0.054314 0.006693
5 0.601443 0.352147 0.052986 0.138792 0.047426
5 0.601482 0.352128 0.052966 0.138751 0.017986
5 0.601509 0.349831 0.052937 0.134159 0.017986
5 0.341268 0.338620 0.032759 0.146231 0.268941
5 0.342630 0.337882 0.035288 0.147706 0.268941
5 0.360770 0.334527 0.070852 0.154422 0.047426
5 0.370593 0.335965 0.058935 0.151137 0.119203
5 0.375631 0.335867 0.043226 0.143807 0.119203
5 0.380287 0.334724 0.039868 0.133535 0.047426
5 0.602894 0.349736 0.050084 0.134013 0.047426
5 0.601482 0.351367 0.052966 0.140278 0.047426
5 0.602939 0.353033 0.050077 0.137144 0.017986
5 0.342074 0.339130 0.034366 0.145235 0.047426
5 0.341643 0.336165 0.033306 0.151294 0.119203
5 0.370058 0.335891 0.053261 0.151291 0.119203
5 0.376829 0.335816 0.045624 0.143960 0.119203
5 0.601478 0.348918 0.052978 0.135558 0.006693
5 0.602923 0.351338 0.050096 0.140282 0.017986
5 0.601485 0.350591 0.052980 0.141793 0.006693
5 0.342033 0.343078 0.028670 0.137577 0.002473
5 0.342429 0.340327 0.029031 0.143089 0.002473
5 0.357950 0.337882 0.053761 0.147978 0.002473
5 0.367388 0.337886 0.047755 0.147959 0.002473
5 0.375762 0.341010 0.036110 0.135479 0.002473
5 0.191586 0.415020 0.204685 0.417603 0.047426
5 0.194716 0.420049 0.194755 0.407515 0.047426
5 0.190935 0.420715 0.205805 0.398621 0.017986
5 0.191212 0.421691 0.201626 0.396146 0.017986
5 0.190766 0.404651 0.198083 0.435114 0.148047
5 0.194566 0.412214 0.198205 0.420090 0.377541
5 0.194207 0.411754 0.202289 0.420795 0.320821
5 0.193400 0.408239 0.199561 0.428475 0.268941
5 0.194907 0.414242 0.200357 0.416350 0.320821
5 0.193152 0.417050 0.201893 0.415862 0.320821
5 0.193119 0.417231 0.204146 0.410218 0.377541
5 0.191892 0.403691 0.201706 0.433433 0.222700
5 0.193512 0.409674 0.200386 0.425661 0.377541
5 0.193141 0.413548 0.201743 0.418048 0.377541
5 0.193765 0.415127 0.203097 0.414792 0.029312
