0 0.481305 0.301914 0.012773 0.052630 0.017986
0 0.493700 0.300083 0.006924 0.042715 0.002473
0 0.482729 0.304700 0.009715 0.047042 0.047426
0 0.494689 0.307243 0.004865 0.031391 0.047426
0 0.514925 0.308009 0.010829 0.032948 0.017986
0 0.570193 0.306473 0.015560 0.039616 0.002473
0 0.482705 0.301769 0.009646 0.047281 0.047426
0 0.493748 0.305229 0.002992 0.037382 0.017986
0 0.515848 0.308528 0.007070 0.033835 0.047426
0 0.796232 0.408025 0.101558 0.434703 0.047426
0 0.796812 0.410786 0.100621 0.429180 0.119203
0 0.796554 0.408085 0.101755 0.423383 0.047426
0 0.795687 0.405083 0.102095 0.429383 0.017986
0 0.049761 0.274662 0.096989 0.544279 0.002473
0 0.053069 0.273644 0.097170 0.541430 0.002473
0 0.795522 0.351685 0.105992 0.540432 0.001501
0 0.796261 0.356260 0.105977 0.536134 0.001170
0 0.796030 0.378994 0.104539 0.486924 0.075858
0 0.796934 0.390888 0.106414 0.468471 0.075858
0 0.796043 0.404188 0.101470 0.441754 0.222700
0 0.798319 0.406012 0.106168 0.437893 0.182426
0 0.797842 0.392815 0.105722 0.464671 0.008577
0 0.795388 0.411131 0.102698 0.417899 0.437824
0 0.799046 0.408837 0.101491 0.427598 0.377541
0 0.797912 0.399989 0.104959 0.445299 0.001501
0 0.796634 0.411552 0.102509 0.422278 0.148047
0 0.798353 0.411268 0.103154 0.417235 0.119203
1 0.028980 0.276216 0.058013 0.556535 0.002473
1 0.446870 0.306857 0.056265 0.062570 0.500000
1 0.446893 0.306887 0.056246 0.062542 0.500000
1 0.446869 0.304493 0.056271 0.057736 0.268941
1 0.017627 0.287124 0.035708 0.532259 0.002473
1 0.424891 0.304625 0.019103 0.047203 0.002473
1 0.447323 0.304507 0.055357 0.057665 0.731059
1 0.446874 0.304503 0.056255 0.057661 0.500000
1 0.448765 0.306911 0.058242 0.062473 0.500000
1 0.446898 0.306911 0.056281 0.062479 0.500000
1 0.538919 0.307608 0.033653 0.041814 0.268941
1 0.539915 0.307657 0.029861 0.041717 0.500000
1 0.446872 0.306911 0.056264 0.062494 0.500000
1 0.446881 0.306072 0.056271 0.054540 0.731059
1 0.447329 0.308473 0.055351 0.059356 0.500000
1 0.446919 0.306945 0.056316 0.062447 0.047426
1 0.539917 0.307663 0.029851 0.041720 0.731059
1 0.540363 0.310079 0.030757 0.036888 0.500000
1 0.540716 0.307669 0.031537 0.041714 0.002473
1 0.290789 0.343699 0.250310 0.229420 0.047426
1 0.296779 0.348655 0.243949 0.229214 0.119203
1 0.291737 0.348660 0.252206 0.229025 0.119203
1 0.297462 0.348628 0.242583 0.229089 0.047426
1 0.299435 0.348765 0.236837 0.229006 0.268941
1 0.034905 0.450363 0.063974 0.190996 0.002473
1 0.031179 0.465043 0.056639 0.170310 0.002473
1 0.049761 0.274662 0.096989 0.544279 0.037327
1 0.053069 0.273644 0.097170 0.541430 0.037327
1 0.049804 0.275076 0.096736 0.545236 0.029312
1 0.051607 0.272444 0.096934 0.544786 0.037327
1 0.052496 0.272272 0.103892 0.539189 0.008577
1 0.292815 0.332931 0.252016 0.256583 0.002473
1 0.045987 0.278199 0.098550 0.553541 0.010987
1 0.051426 0.275405 0.096745 0.544801 0.014064
1 0.052736 0.273545 0.100806 0.547032 0.001501
1 0.293704 0.345823 0.245640 0.230683 0.817575
1 0.292524 0.349207 0.250617 0.229085 0.904651
1 0.295783 0.347500 0.256984 0.221904 0.924142
1 0.292976 0.350206 0.252563 0.228509 0.029312
1 0.048170 0.273336 0.096351 0.540268 0.006693
1 0.049915 0.275871 0.099497 0.532912 0.008577
1 0.293116 0.345041 0.248714 0.227242 0.851953
1 0.292239 0.345150 0.251112 0.232067 0.904651
1 0.295515 0.344039 0.254109 0.228843 0.904651
1 0.293161 0.345903 0.247823 0.230511 0.904651
1 0.293430 0.347776 0.248014 0.234665 0.029312
1 0.295513 0.348068 0.253518 0.233064 0.005220
2 0.049761 0.274662 0.096989 0.544279 0.037327
2 0.053069 0.273644 0.097170 0.541430 0.022977
2 0.049804 0.275076 0.096736 0.545236 0.029312
2 0.051607 0.272444 0.096934 0.544786 0.017986
2 0.052496 0.272272 0.103892 0.539189 0.004070
2 0.045987 0.278199 0.098550 0.553541 0.010987
2 0.051426 0.275405 0.096745 0.544801 0.008577
2 0.052736 0.273545 0.100806 0.547032 0.001501
2 0.048170 0.273336 0.096351 0.540268 0.006693
2 0.049915 0.275871 0.099497 0.532912 0.005220
3 0.048244 0.273000 0.096549 0.560558 0.002473
3 0.031372 0.427462 0.062719 0.246790 0.006693
3 0.032141 0.443776 0.064218 0.208378 0.002473
3 0.034905 0.450363 0.063974 0.190996 0.002473
3 0.031179 0.465043 0.056639 0.170310 0.002473
3 0.049590 0.276201 0.101080 0.548885 0.001501
3 0.049761 0.274662 0.096989 0.544279 0.268941
3 0.053069 0.273644 0.097170 0.541430 0.268941
3 0.049804 0.275076 0.096736 0.545236 0.437824
3 0.051607 0.272444 0.096934 0.544786 0.377541
3 0.052496 0.272272 0.103892 0.539189 0.075858
3 0.045987 0.278199 0.098550 0.553541 0.622459
3 0.051426 0.275405 0.096745 0.544801 0.562177
3 0.052736 0.273545 0.100806 0.547032 0.047426
3 0.048170 0.273336 0.096351 0.540268 0.562177
3 0.049915 0.275871 0.099497 0.532912 0.377541
3 0.046299 0.286096 0.093939 0.519026 0.008577
5 0.424891 0.304625 0.019103 0.047203 0.002473
5 0.423903 0.307337 0.023180 0.042465 0.006693
