0 0.442772 0.273100 0.005007 0.027403 0.002473
0 0.467114 0.274722 0.010278 0.033925 0.002473
0 0.517795 0.272548 0.004912 0.045384 0.006693
0 0.443737 0.277099 0.006782 0.029171 0.002473
0 0.458714 0.276809 0.007950 0.029858 0.006693
0 0.467231 0.278779 0.015674 0.025812 0.006693
0 0.517021 0.283376 0.010225 0.049356 0.002473
0 0.458712 0.282956 0.008017 0.052813 0.002473
1 0.325703 0.287640 0.088915 0.107328 0.500000
1 0.325246 0.285278 0.089830 0.112226 0.731059
1 0.388142 0.288385 0.038814 0.057947 0.002473
1 0.412563 0.277945 0.019497 0.037101 0.017986
1 0.016298 0.333592 0.032984 0.373959 0.002473
1 0.207181 0.307523 0.154788 0.166433 0.731059
1 0.206327 0.305949 0.156547 0.163231 0.731059
1 0.207211 0.305941 0.154831 0.163281 0.880797
1 0.325712 0.285312 0.088895 0.112187 0.119203
1 0.325254 0.287657 0.088017 0.107318 0.500000
1 0.325546 0.283716 0.089333 0.109127 0.500000
1 0.387907 0.289937 0.039506 0.054859 0.047426
1 0.388207 0.290043 0.038917 0.054576 0.500000
1 0.388234 0.291647 0.038957 0.057610 0.268941
1 0.388207 0.287632 0.039106 0.049785 0.268941
1 0.413543 0.278668 0.017153 0.026031 0.268941
1 0.467231 0.278779 0.015674 0.025812 0.119203
1 0.480690 0.284844 0.013999 0.029829 0.002473
1 0.207241 0.307546 0.154770 0.156968 0.731059
1 0.207953 0.305169 0.159103 0.161726 0.500000
1 0.206316 0.305168 0.156622 0.161724 0.731059
1 0.325263 0.286121 0.087998 0.104153 0.500000
1 0.325250 0.285272 0.089824 0.112092 0.268941
1 0.325248 0.286115 0.089835 0.104324 0.500000
1 0.387009 0.291480 0.039506 0.057960 0.017986
1 0.388230 0.291602 0.038966 0.057678 0.500000
1 0.388206 0.290043 0.038910 0.054578 0.500000
1 0.387609 0.291604 0.038474 0.057718 0.500000
1 0.107839 0.339849 0.171815 0.246898 0.731059
1 0.108159 0.338447 0.173035 0.249961 0.880797
1 0.207262 0.304864 0.154727 0.161120 0.268941
1 0.206311 0.304865 0.156613 0.161111 0.731059
1 0.206354 0.304864 0.156526 0.161109 0.731059
1 0.325606 0.287544 0.088847 0.107486 0.047426
1 0.325184 0.283613 0.089686 0.109172 0.268941
1 0.108889 0.338343 0.167919 0.249828 0.047426
1 0.108854 0.335840 0.167989 0.245177 0.731059
1 0.109042 0.336017 0.168689 0.245181 0.500000
1 0.108295 0.338383 0.172776 0.250121 0.500000
1 0.206848 0.304746 0.155540 0.161355 0.500000
1 0.022451 0.341967 0.045278 0.418287 0.500000
1 0.023521 0.344565 0.046979 0.419130 0.500000
1 0.110280 0.338363 0.164405 0.249781 0.002473
1 0.110145 0.338329 0.164676 0.249715 0.500000
1 0.109185 0.339872 0.168403 0.252884 0.731059
1 0.111011 0.338363 0.165541 0.250222 0.500000
1 0.872901 0.371790 0.185208 0.350939 0.731059
1 0.871875 0.371878 0.181291 0.351010 0.880797
1 0.871867 0.372541 0.181314 0.352326 0.500000
1 0.022013 0.343044 0.049861 0.421235 0.500000
1 0.022643 0.337879 0.045182 0.419477 0.268941
1 0.023482 0.345985 0.046974 0.400938 0.500000
1 0.110332 0.338350 0.164302 0.249835 0.500000
1 0.110323 0.338240 0.164333 0.250056 0.731059
1 0.871916 0.370704 0.181384 0.352113 0.731059
1 0.870446 0.370727 0.178407 0.352162 0.880797
1 0.870475 0.371500 0.178452 0.356868 0.880797
1 0.022584 0.340918 0.045187 0.417927 0.500000
1 0.022629 0.340388 0.045219 0.424361 0.500000
1 0.023523 0.345821 0.047065 0.413206 0.500000
1 0.871911 0.369974 0.181374 0.353581 0.500000
1 0.871935 0.371569 0.181383 0.350388 0.500000
1 0.871947 0.370709 0.181393 0.352096 0.880797
1 0.022584 0.340191 0.045186 0.413648 0.119203
1 0.022629 0.338041 0.045219 0.410988 0.500000
1 0.023516 0.348684 0.047080 0.395346 0.119203
1 0.871895 0.372048 0.181306 0.355380 0.731059
1 0.870853 0.372601 0.179895 0.348770 0.004070
3 0.044596 0.239340 0.078273 0.233502 0.002473
3 0.015007 0.327742 0.030434 0.352396 0.002473
3 0.325703 0.287640 0.088915 0.107328 0.017986
3 0.325246 0.285278 0.089830 0.112226 0.006693
3 0.412563 0.277945 0.019497 0.037101 0.006693
3 0.016298 0.333592 0.032984 0.373959 0.002473
3 0.325712 0.285312 0.088895 0.112187 0.047426
3 0.325254 0.287657 0.088017 0.107318 0.017986
3 0.325546 0.283716 0.089333 0.109127 0.017986
3 0.413543 0.278668 0.017153 0.026031 0.006693
3 0.467231 0.278779 0.015674 0.025812 0.006693
3 0.325263 0.286121 0.087998 0.104153 0.047426
3 0.325250 0.285272 0.089824 0.112092 0.006693
3 0.325248 0.286115 0.089835 0.104324 0.006693
3 0.325606 0.287544 0.088847 0.107486 0.047426
3 0.325184 0.283613 0.089686 0.109172 0.119203
3 0.022451 0.341967 0.045278 0.418287 0.047426
3 0.023521 0.344565 0.046979 0.419130 0.047426
3 0.871875 0.371878 0.181291 0.351010 0.002473
3 0.022013 0.343044 0.049861 0.421235 0.017986
3 0.022643 0.337879 0.045182 0.419477 0.017986
3 0.023482 0.345985 0.046974 0.400938 0.047426
3 0.022584 0.340918 0.045187 0.417927 0.006693
3 0.022629 0.340388 0.045219 0.424361 0.047426
3 0.023523 0.345821 0.047065 0.413206 0.017986
3 0.022629 0.338041 0.045219 0.410988 0.006693
4 0.505781 0.301688 0.024193 0.032075 0.002473
