0 0.993695 0.281333 0.012768 0.066647 0.006693
0 0.577491 0.309607 0.020640 0.088185 0.002473
0 0.579713 0.312733 0.015636 0.093536 0.119203
0 0.993718 0.288712 0.012591 0.051528 0.017986
0 0.443631 0.321116 0.013200 0.049540 0.047426
0 0.532166 0.317267 0.004938 0.041834 0.006693
0 0.577378 0.311362 0.020458 0.073799 0.002473
0 0.578345 0.312227 0.012636 0.093001 0.047426
0 0.993659 0.310493 0.012761 0.104955 0.017986
0 0.439783 0.328802 0.020103 0.034342 0.002473
0 0.443659 0.325152 0.018529 0.042075 0.006693
0 0.531247 0.320058 0.006824 0.036349 0.006693
0 0.577286 0.315704 0.020642 0.069939 0.002473
0 0.581180 0.313214 0.012738 0.095821 0.047426
0 0.993519 0.379565 0.013404 0.276745 0.002473
0 0.006934 0.393875 0.013945 0.129250 0.002473
0 0.438274 0.329069 0.017063 0.034519 0.002473
0 0.442282 0.325919 0.015513 0.037648 0.006693
0 0.578390 0.315695 0.012729 0.098244 0.119203
0 0.008453 0.413140 0.016935 0.156604 0.002473
0 0.581222 0.320970 0.012816 0.092481 0.047426
0 0.008261 0.469232 0.017232 0.287646 0.002473
1 0.993695 0.281333 0.012768 0.066647 0.006693
1 0.993718 0.288712 0.012591 0.051528 0.002473
1 0.385079 0.335692 0.095174 0.110596 0.119203
1 0.385085 0.335053 0.095170 0.111866 0.731059
1 0.439694 0.320738 0.019931 0.049041 0.006693
1 0.443631 0.321116 0.013200 0.049540 0.002473
1 0.465411 0.319598 0.025321 0.037112 0.119203
1 0.463980 0.319626 0.027985 0.037077 0.268941
1 0.485015 0.317174 0.014732 0.032283 0.002473
1 0.602190 0.309514 0.038264 0.037505 0.002473
1 0.632241 0.326946 0.095478 0.112224 0.731059
1 0.631250 0.329365 0.097448 0.107387 0.268941
1 0.631074 0.328165 0.097858 0.105028 0.500000
1 0.993659 0.310493 0.012761 0.104955 0.002473
1 0.386557 0.335801 0.092313 0.110345 0.731059
1 0.386052 0.335685 0.097074 0.110582 0.500000
1 0.385173 0.335757 0.095128 0.110288 0.500000
1 0.439783 0.328802 0.020103 0.034342 0.119203
1 0.443659 0.325152 0.018529 0.042075 0.047426
1 0.464903 0.319809 0.029881 0.036726 0.500000
1 0.465396 0.320122 0.025045 0.036094 0.500000
1 0.486053 0.322861 0.012586 0.020956 0.119203
1 0.487170 0.322850 0.014385 0.020996 0.002473
1 0.510334 0.317857 0.015184 0.021359 0.006693
1 0.515247 0.320277 0.014462 0.026143 0.002473
1 0.601381 0.324796 0.040471 0.047992 0.002473
1 0.632074 0.325419 0.095816 0.109056 0.500000
1 0.631258 0.325381 0.097447 0.109117 0.500000
1 0.630640 0.327888 0.098694 0.104452 0.268941
1 0.006934 0.393875 0.013945 0.129250 0.006693
1 0.386059 0.334259 0.097090 0.107248 0.500000
1 0.385114 0.334142 0.095196 0.107484 0.500000
1 0.386107 0.333491 0.096988 0.108730 0.731059
1 0.438274 0.329069 0.017063 0.034519 0.017986
1 0.442282 0.325919 0.015513 0.037648 0.047426
1 0.632235 0.326938 0.096208 0.112086 0.500000
1 0.632206 0.327760 0.095570 0.104187 0.500000
1 0.631109 0.329385 0.097788 0.107362 0.268941
1 0.991574 0.404030 0.017290 0.366713 0.002473
1 0.008453 0.413140 0.016935 0.156604 0.002473
1 0.227625 0.370559 0.230336 0.241116 0.731059
1 0.227496 0.370105 0.229993 0.240210 0.731059
1 0.227405 0.370546 0.230167 0.241091 0.880797
1 0.387497 0.334243 0.094193 0.107285 0.500000
1 0.386020 0.335787 0.097041 0.110375 0.500000
1 0.385117 0.335775 0.095208 0.110418 0.268941
1 0.630995 0.329445 0.096909 0.107083 0.268941
1 0.981573 0.426159 0.036880 0.381464 0.006693
1 0.085997 0.405249 0.052507 0.062854 0.002473
1 0.226701 0.370817 0.228488 0.241769 0.731059
1 0.227994 0.370850 0.230777 0.241701 0.731059
1 0.227406 0.372948 0.230158 0.236284 0.731059
1 0.971564 0.421343 0.038168 0.159667 0.002473
1 0.982577 0.407752 0.034869 0.478898 0.017986
1 0.987418 0.411664 0.025397 0.470069 0.006693
1 0.227651 0.370883 0.230389 0.241633 0.500000
1 0.227727 0.373269 0.230244 0.236862 0.731059
1 0.227441 0.370559 0.230823 0.241070 0.880797
1 0.961637 0.408061 0.024003 0.065347 0.002473
1 0.984171 0.425693 0.031665 0.492141 0.047426
1 0.984365 0.415968 0.025635 0.504500 0.017986
1 0.012467 0.431415 0.025088 0.253098 0.500000
1 0.012547 0.426453 0.025072 0.246136 0.268941
1 0.227739 0.370762 0.230265 0.241882 0.880797
1 0.961156 0.408010 0.022775 0.067139 0.002473
1 0.984171 0.414477 0.031665 0.499476 0.047426
1 0.983852 0.411719 0.026657 0.496191 0.047426
1 0.012465 0.437311 0.025093 0.241744 0.268941
1 0.012545 0.437047 0.025066 0.241484 0.119203
1 0.962637 0.455505 0.026522 0.181328 0.002473
1 0.976543 0.453018 0.046248 0.403372 0.002473
1 0.981565 0.431601 0.036879 0.497740 0.047426
1 0.984157 0.418402 0.031770 0.492921 0.119203
1 0.011040 0.441826 0.027938 0.234023 0.268941
1 0.011094 0.435637 0.022164 0.230381 0.268941
1 0.979879 0.439519 0.040245 0.437365 0.006693
1 0.981584 0.433284 0.037005 0.447732 0.047426
1 0.012464 0.441551 0.025091 0.235288 0.268941
1 0.013956 0.441892 0.022167 0.228633 0.119203
1 0.978816 0.468445 0.042360 0.368935 0.047426
1 0.978726 0.468116 0.042660 0.375788 0.017986
1 0.012446 0.451865 0.025047 0.238857 0.119203
1 0.012534 0.452250 0.025089 0.236965 0.119203
1 0.978564 0.485239 0.042882 0.322150 0.017986
1 0.978763 0.496648 0.042466 0.304464 0.119203
1 0.978590 0.495263 0.042858 0.311319 0.268941
1 0.010919 0.459151 0.022024 0.257665 0.047426
1 0.011116 0.460934 0.022254 0.266255 0.006693
1 0.978744 0.492339 0.042523 0.302347 0.047426
1 0.979701 0.503605 0.040580 0.278674 0.047426
1 0.978841 0.508571 0.042354 0.285269 0.047426
1 0.010201 0.462962 0.021133 0.277828 0.017986
1 0.011218 0.464809 0.022556 0.281557 0.006693
1 0.978816 0.504642 0.042380 0.306043 0.047426
1 0.979709 0.505773 0.040593 0.299826 0.047426
1 0.978855 0.509228 0.042382 0.293642 0.119203
1 0.008261 0.469232 0.017232 0.287646 0.006693
1 0.011506 0.468469 0.023265 0.308458 0.002473
1 0.978876 0.504261 0.042323 0.288875 0.047426
1 0.978059 0.361625 0.047683 0.650357 0.005220
1 0.978782 0.381227 0.046171 0.634554 0.008577
2 0.981573 0.426159 0.036880 0.381464 0.002473
2 0.982577 0.407752 0.034869 0.478898 0.002473
2 0.987418 0.411664 0.025397 0.470069 0.002473
2 0.984171 0.425693 0.031665 0.492141 0.002473
2 0.984365 0.415968 0.025635 0.504500 0.002473
2 0.984171 0.414477 0.031665 0.499476 0.002473
2 0.983852 0.411719 0.026657 0.496191 0.002473
2 0.984157 0.418402 0.031770 0.492921 0.002473
2 0.981584 0.433284 0.037005 0.447732 0.002473
3 0.636675 0.309313 0.091378 0.067593 0.002473
3 0.439694 0.320738 0.019931 0.049041 0.002473
3 0.443631 0.321116 0.013200 0.049540 0.002473
3 0.485015 0.317174 0.014732 0.032283 0.006693
3 0.439783 0.328802 0.020103 0.034342 0.006693
3 0.486053 0.322861 0.012586 0.020956 0.006693
3 0.984171 0.425693 0.031665 0.492141 0.002473
3 0.984365 0.415968 0.025635 0.504500 0.006693
3 0.984171 0.414477 0.031665 0.499476 0.002473
3 0.983852 0.411719 0.026657 0.496191 0.006693
3 0.981565 0.431601 0.036879 0.497740 0.006693
3 0.984157 0.418402 0.031770 0.492921 0.006693
3 0.981584 0.433284 0.037005 0.447732 0.002473
3 0.807225 0.264265 0.317970 0.537449 0.817575
3 0.812631 0.272958 0.321018 0.534377 0.904651
3 0.807695 0.274757 0.322686 0.538324 0.904651
3 0.817759 0.269556 0.314020 0.538343 0.148047
3 0.806862 0.269645 0.320819 0.539401 0.880797
3 0.811648 0.263747 0.322815 0.533098 0.880797
3 0.804992 0.264963 0.321266 0.540598 0.904651
3 0.815553 0.270970 0.320922 0.531543 0.904651
3 0.806800 0.272565 0.320830 0.538982 0.880797
3 0.805027 0.274115 0.322740 0.541265 0.904651
3 0.808742 0.276696 0.317813 0.541013 0.904651
3 0.975151 0.347598 0.054796 0.683162 0.004070
3 0.978059 0.361625 0.047683 0.650357 0.005220
3 0.978782 0.381227 0.046171 0.634554 0.003173
4 0.987418 0.411664 0.025397 0.470069 0.002473
4 0.069718 0.416600 0.034912 0.085081 0.002473
4 0.082218 0.428561 0.048167 0.121834 0.017986
4 0.085745 0.428788 0.053400 0.121232 0.017986
4 0.086781 0.431155 0.057164 0.103753 0.006693
4 0.074221 0.432817 0.043803 0.111266 0.017986
4 0.086792 0.428989 0.055622 0.121412 0.047426
4 0.086212 0.429354 0.054333 0.120898 0.017986
4 0.085447 0.427232 0.054903 0.116155 0.017986
4 0.087641 0.428510 0.056761 0.096874 0.006693
4 0.071305 0.433620 0.038283 0.111747 0.017986
4 0.087331 0.426959 0.058438 0.125150 0.119203
4 0.087216 0.427760 0.058071 0.129763 0.119203
4 0.086888 0.429010 0.057855 0.116939 0.047426
4 0.068850 0.438917 0.040091 0.111276 0.006693
4 0.079735 0.434710 0.047194 0.129428 0.006693
4 0.086845 0.425650 0.061329 0.137932 0.017986
4 0.088105 0.427308 0.062497 0.132630 0.006693
5 0.443631 0.321116 0.013200 0.049540 0.002473
5 0.439783 0.328802 0.020103 0.034342 0.006693
5 0.443659 0.325152 0.018529 0.042075 0.017986
5 0.438274 0.329069 0.017063 0.034519 0.006693
5 0.442282 0.325919 0.015513 0.037648 0.017986
5 0.081508 0.421617 0.044934 0.105858 0.006693
5 0.085745 0.428788 0.053400 0.121232 0.002473
5 0.086792 0.428989 0.055622 0.121412 0.002473
5 0.085447 0.427232 0.054903 0.116155 0.006693
5 0.087641 0.428510 0.056761 0.096874 0.002473
5 0.087216 0.427760 0.058071 0.129763 0.002473
5 0.086888 0.429010 0.057855 0.116939 0.006693
5 0.984157 0.418402 0.031770 0.492921 0.002473
5 0.088105 0.427308 0.062497 0.132630 0.002473
