0 0.993724 0.257541 0.012610 0.189352 0.002473
0 0.147014 0.278781 0.024868 0.109759 0.006693
0 0.148604 0.280194 0.027956 0.103040 0.002473
0 0.346339 0.299732 0.026482 0.151576 0.006693
0 0.992303 0.278460 0.015452 0.144937 0.017986
0 0.148513 0.285325 0.027872 0.110493 0.017986
0 0.147127 0.284350 0.025069 0.108594 0.047426
0 0.350254 0.303619 0.052132 0.142347 0.002473
0 0.992277 0.283776 0.015501 0.176309 0.006693
0 0.148532 0.292136 0.022118 0.100104 0.006693
0 0.150006 0.296587 0.025016 0.083732 0.017986
0 0.358297 0.325059 0.066263 0.119072 0.002473
0 0.359014 0.329435 0.070290 0.109508 0.002473
0 0.993731 0.282163 0.012595 0.180318 0.006693
0 0.148531 0.299980 0.022117 0.084576 0.006693
0 0.148559 0.303094 0.022120 0.070733 0.017986
0 0.355967 0.334552 0.053502 0.101974 0.002473
0 0.992212 0.325862 0.015631 0.283343 0.006693
0 0.147058 0.304317 0.025063 0.078983 0.017986
0 0.148563 0.303866 0.022131 0.076806 0.017986
0 0.353503 0.342661 0.032058 0.132044 0.002473
0 0.991294 0.357825 0.017570 0.370331 0.002473
0 0.132817 0.344063 0.009941 0.032070 0.002473
0 0.147781 0.308445 0.023345 0.082336 0.006693
0 0.146932 0.310106 0.025645 0.079015 0.006693
0 0.989123 0.345067 0.016115 0.476412 0.002473
0 0.346875 0.338571 0.043912 0.229998 0.500000
0 0.347073 0.340110 0.044148 0.236338 0.500000
0 0.347308 0.338461 0.044698 0.239383 0.268941
0 0.987859 0.354945 0.024446 0.489252 0.002473
0 0.347327 0.338443 0.044709 0.229951 0.268941
0 0.347046 0.338427 0.044203 0.229981 0.268941
0 0.347300 0.336833 0.044713 0.233167 0.500000
0 0.987085 0.366008 0.025890 0.494945 0.002473
0 0.345422 0.338446 0.046694 0.229958 0.268941
0 0.347310 0.336871 0.044732 0.233181 0.500000
0 0.346851 0.335294 0.043815 0.230027 0.500000
0 0.984278 0.376131 0.031452 0.506009 0.002473
0 0.345885 0.341074 0.047579 0.234011 0.268941
0 0.345850 0.338466 0.047622 0.229952 0.017986
1 0.993724 0.257541 0.012610 0.189352 0.006693
1 0.992303 0.278460 0.015452 0.144937 0.017986
1 0.992277 0.283776 0.015501 0.176309 0.002473
1 0.355804 0.307296 0.075842 0.083550 0.006693
1 0.362197 0.315422 0.075799 0.105206 0.002473
1 0.359014 0.329435 0.070290 0.109508 0.002473
1 0.608761 0.322896 0.095029 0.089730 0.002473
1 0.622005 0.311905 0.069013 0.066595 0.002473
1 0.993731 0.282163 0.012595 0.180318 0.002473
1 0.360386 0.311614 0.072215 0.081998 0.002473
1 0.361150 0.324868 0.072700 0.097069 0.002473
1 0.355967 0.334552 0.053502 0.101974 0.017986
1 0.366852 0.335943 0.084382 0.089425 0.119203
1 0.366516 0.339625 0.086133 0.086819 0.268941
1 0.412550 0.327661 0.031044 0.053162 0.047426
1 0.412586 0.327937 0.031036 0.052463 0.047426
1 0.605617 0.324969 0.081099 0.079238 0.047426
1 0.609325 0.324641 0.087615 0.082957 0.268941
1 0.609540 0.323372 0.093439 0.085614 0.500000
1 0.611660 0.321540 0.089324 0.081852 0.017986
1 0.625093 0.318625 0.067757 0.079200 0.006693
1 0.667634 0.331046 0.141378 0.146175 0.500000
1 0.668932 0.327452 0.144019 0.154599 0.268941
1 0.669410 0.329420 0.145548 0.149460 0.500000
1 0.367421 0.335907 0.084256 0.088482 0.268941
1 0.372233 0.337503 0.074769 0.091591 0.119203
1 0.385457 0.338275 0.048294 0.083739 0.268941
1 0.414978 0.331584 0.030006 0.054786 0.500000
1 0.414921 0.330952 0.029847 0.056049 0.500000
1 0.434999 0.325365 0.020047 0.041639 0.500000
1 0.434615 0.326868 0.019460 0.044924 0.119203
1 0.453655 0.325289 0.008363 0.016172 0.002473
1 0.585286 0.322735 0.083650 0.072890 0.017986
1 0.607654 0.328149 0.084394 0.083438 0.268941
1 0.607844 0.326596 0.090478 0.086554 0.268941
1 0.609545 0.323666 0.093334 0.084921 0.268941
1 0.612413 0.320814 0.087841 0.080456 0.006693
1 0.669308 0.329493 0.144797 0.148799 0.500000
1 0.668936 0.327921 0.144009 0.146104 0.500000
1 0.670401 0.328144 0.146930 0.146815 0.268941
1 0.385927 0.340665 0.053066 0.088299 0.268941
1 0.384802 0.338146 0.055401 0.092842 0.268941
1 0.388542 0.337366 0.047894 0.091414 0.268941
1 0.414957 0.330842 0.030048 0.056323 0.500000
1 0.414921 0.329197 0.029847 0.050032 0.268941
1 0.433100 0.326887 0.022040 0.044936 0.268941
1 0.434643 0.325330 0.019401 0.041817 0.119203
1 0.567982 0.326209 0.061730 0.056019 0.006693
1 0.571938 0.328071 0.070584 0.061923 0.006693
1 0.588118 0.326535 0.060477 0.073233 0.047426
1 0.606159 0.326441 0.081703 0.087274 0.268941
1 0.609629 0.326300 0.088569 0.087117 0.268941
1 0.610927 0.324697 0.090898 0.084053 0.500000
1 0.669362 0.327928 0.148661 0.146138 0.268941
1 0.668650 0.329505 0.146955 0.149223 0.731059
1 0.672002 0.329744 0.144801 0.149896 0.500000
1 0.984189 0.352609 0.031618 0.461517 0.006693
1 0.989123 0.345067 0.016115 0.476412 0.002473
1 0.233391 0.379997 0.217016 0.229779 0.731059
1 0.233332 0.377135 0.210947 0.229192 0.731059
1 0.386752 0.337282 0.051488 0.092193 0.268941
1 0.385061 0.337368 0.049115 0.091434 0.268941
1 0.387059 0.339812 0.050826 0.086536 0.500000
1 0.401818 0.335510 0.034533 0.069873 0.002473
1 0.574424 0.331446 0.032738 0.072782 0.002473
1 0.586249 0.333911 0.040900 0.072988 0.047426
1 0.608293 0.330290 0.085740 0.079953 0.047426
1 0.668840 0.327048 0.143802 0.153732 0.500000
1 0.979430 0.363662 0.035660 0.436103 0.002473
1 0.987859 0.354945 0.024446 0.489252 0.002473
1 0.232916 0.378828 0.215919 0.232594 0.500000
1 0.232961 0.378719 0.215923 0.232372 0.500000
1 0.231185 0.377131 0.213038 0.229194 0.731059
1 0.399427 0.340470 0.029568 0.095942 0.002473
1 0.980838 0.360614 0.038475 0.476529 0.002473
1 0.015922 0.455606 0.037573 0.167991 0.002473
1 0.233376 0.381142 0.216840 0.237225 0.500000
1 0.233016 0.378797 0.216034 0.232533 0.880797
1 0.232972 0.378687 0.216834 0.232312 0.880797
1 0.016412 0.470652 0.032607 0.197746 0.002473
1 0.108794 0.408377 0.036046 0.089628 0.002473
1 0.233432 0.378062 0.216963 0.234042 0.500000
1 0.234875 0.378701 0.213772 0.232323 0.731059
1 0.010537 0.476512 0.021234 0.265884 0.002473
1 0.014858 0.477584 0.029493 0.233822 0.002473
1 0.024937 0.451949 0.036215 0.146984 0.002473
1 0.110119 0.413676 0.031210 0.099890 0.006693
1 0.010787 0.490431 0.021732 0.292938 0.002473
1 0.011458 0.484951 0.022986 0.272676 0.006693
1 0.010781 0.496914 0.021720 0.306534 0.017986
1 0.011101 0.481443 0.022279 0.272246 0.006693
1 0.009804 0.499900 0.019776 0.326433 0.017986
1 0.010145 0.488123 0.020315 0.285186 0.017986
1 0.009797 0.495698 0.019768 0.336167 0.017986
1 0.010146 0.491340 0.020314 0.307012 0.017986
1 0.009341 0.492442 0.018869 0.340128 0.006693
1 0.011085 0.491738 0.022191 0.340156 0.006693
1 0.009330 0.499378 0.018892 0.350138 0.002473
1 0.009246 0.514954 0.019224 0.380441 0.002473
2 0.355804 0.307296 0.075842 0.083550 0.006693
2 0.360386 0.311614 0.072215 0.081998 0.002473
2 0.361150 0.324868 0.072700 0.097069 0.006693
3 0.698221 0.258081 0.066282 0.050184 0.002473
3 0.705094 0.256101 0.054347 0.044985 0.002473
3 0.573932 0.301851 0.114648 0.104501 0.268941
3 0.577722 0.297004 0.118120 0.104652 0.268941
3 0.576600 0.299521 0.115676 0.109289 0.268941
3 0.585045 0.296689 0.117828 0.103604 0.006693
3 0.592613 0.298660 0.105854 0.107551 0.119203
3 0.597832 0.299819 0.098025 0.100855 0.017986
3 0.282441 0.293266 0.079435 0.060876 0.002473
3 0.288112 0.293590 0.073966 0.061802 0.002473
3 0.307192 0.304685 0.075524 0.084575 0.002473
3 0.355804 0.307296 0.075842 0.083550 0.002473
3 0.359014 0.329435 0.070290 0.109508 0.002473
3 0.535665 0.310278 0.046969 0.070005 0.006693
3 0.540448 0.307773 0.050074 0.076240 0.047426
3 0.563477 0.302621 0.096072 0.092813 0.047426
3 0.574105 0.299456 0.114306 0.109288 0.500000
3 0.577206 0.301660 0.112439 0.105013 0.500000
3 0.579885 0.301553 0.110255 0.114981 0.268941
3 0.590844 0.302747 0.113882 0.116781 0.002473
3 0.606011 0.314396 0.099842 0.103510 0.002473
3 0.360386 0.311614 0.072215 0.081998 0.002473
3 0.366852 0.335943 0.084382 0.089425 0.002473
3 0.539535 0.310086 0.044587 0.068571 0.017986
3 0.538027 0.307951 0.045160 0.075853 0.047426
3 0.543529 0.304625 0.055308 0.088779 0.047426
3 0.573391 0.301984 0.108858 0.104371 0.268941
3 0.575249 0.301783 0.101163 0.104772 0.268941
3 0.583371 0.304845 0.099603 0.108621 0.006693
3 0.535874 0.315245 0.041053 0.061274 0.017986
3 0.539107 0.308329 0.047319 0.075547 0.017986
3 0.542719 0.306955 0.053835 0.084550 0.002473
3 0.575402 0.307362 0.087104 0.103291 0.006693
3 0.531836 0.320845 0.032985 0.047846 0.017986
3 0.539570 0.313675 0.048005 0.065152 0.047426
3 0.553138 0.321565 0.045851 0.065258 0.002473
4 0.786888 0.292210 0.032170 0.091748 0.002473
4 0.100453 0.406127 0.043097 0.090742 0.002473
4 0.099611 0.410885 0.051360 0.092984 0.002473
4 0.101093 0.408810 0.047495 0.088688 0.002473
4 0.108794 0.408377 0.036046 0.089628 0.002473
5 0.758401 0.276177 0.050293 0.109506 0.002473
5 0.761078 0.284417 0.054613 0.115515 0.002473
5 0.780261 0.277711 0.037294 0.098890 0.002473
5 0.785444 0.270003 0.029489 0.096863 0.002473
5 0.736079 0.280547 0.053761 0.093879 0.002473
5 0.753788 0.285256 0.055935 0.123713 0.002473
5 0.759252 0.289931 0.056761 0.133064 0.006693
5 0.764280 0.286883 0.053445 0.126967 0.002473
5 0.741820 0.291795 0.058656 0.114423 0.002473
5 0.753548 0.290606 0.062332 0.126404 0.002473
5 0.759602 0.288204 0.058004 0.129089 0.017986
5 0.765867 0.288857 0.056316 0.119820 0.002473
5 0.777092 0.286346 0.043623 0.114301 0.002473
5 0.148531 0.299980 0.022117 0.084576 0.002473
5 0.148559 0.303094 0.022120 0.070733 0.002473
5 0.744386 0.296468 0.058492 0.127643 0.002473
5 0.756527 0.290927 0.061558 0.130027 0.002473
5 0.759584 0.293432 0.057146 0.131339 0.002473
5 0.764137 0.291276 0.060575 0.124590 0.002473
5 0.776486 0.289514 0.051518 0.111604 0.002473
5 0.147058 0.304317 0.025063 0.078983 0.017986
5 0.148563 0.303866 0.022131 0.076806 0.002473
5 0.586249 0.333911 0.040900 0.072988 0.002473
