0 0.002422 0.301383 0.010658 0.094462 0.002473
0 0.004823 0.316208 0.009674 0.123594 0.002473
0 0.470203 0.308499 0.009643 0.065801 0.119203
0 0.522617 0.298391 0.010760 0.046207 0.002473
0 0.472576 0.309707 0.010634 0.056974 0.119203
0 0.481195 0.311267 0.006882 0.023403 0.017986
0 0.521132 0.306074 0.007746 0.029488 0.047426
0 0.472574 0.308987 0.010633 0.058424 0.119203
0 0.480303 0.312971 0.004878 0.024933 0.006693
0 0.521132 0.307476 0.007752 0.032959 0.002473
0 0.470189 0.312203 0.009698 0.065172 0.002473
1 0.382442 0.333377 0.129179 0.125139 0.880797
1 0.443661 0.322790 0.037695 0.062426 0.119203
1 0.446808 0.320438 0.031487 0.057822 0.268941
1 0.447830 0.320393 0.029554 0.057731 0.268941
1 0.481195 0.311267 0.006882 0.023403 0.017986
1 0.495192 0.306044 0.009878 0.012960 0.002473
1 0.535923 0.306862 0.016166 0.021007 0.047426
1 0.545868 0.303909 0.017111 0.039259 0.002473
1 0.551636 0.304824 0.027752 0.041072 0.002473
1 0.557489 0.306733 0.029343 0.052764 0.017986
1 0.298132 0.338925 0.036060 0.048704 0.006693
1 0.309987 0.338344 0.020109 0.031612 0.119203
1 0.309614 0.338015 0.025090 0.032185 0.017986
1 0.382459 0.333336 0.129240 0.125063 0.731059
1 0.382662 0.333332 0.128564 0.125055 0.500000
1 0.382853 0.333360 0.128194 0.125099 0.268941
1 0.443642 0.320405 0.037656 0.057835 0.119203
1 0.445774 0.320485 0.033560 0.057684 0.268941
1 0.446957 0.322871 0.031166 0.052902 0.268941
1 0.480303 0.312971 0.004878 0.024933 0.006693
1 0.546893 0.304208 0.018949 0.039404 0.017986
1 0.553322 0.309119 0.019389 0.038826 0.017986
1 0.562375 0.307909 0.019571 0.042442 0.017986
1 0.244353 0.361209 0.034718 0.037111 0.006693
1 0.252029 0.358870 0.035315 0.032224 0.047426
1 0.253070 0.361277 0.037292 0.037054 0.047426
1 0.273385 0.358096 0.050857 0.033715 0.047426
1 0.286749 0.353241 0.036410 0.023964 0.268941
1 0.286748 0.353995 0.036487 0.022498 0.119203
1 0.309499 0.338548 0.024846 0.031273 0.268941
1 0.308653 0.338445 0.023218 0.031533 0.047426
1 0.320062 0.341600 0.030894 0.040793 0.002473
1 0.382279 0.335747 0.129599 0.129830 0.731059
1 0.383849 0.333339 0.132011 0.125013 0.731059
1 0.382393 0.335744 0.129110 0.120220 0.500000
1 0.440326 0.325347 0.037731 0.058018 0.268941
1 0.444199 0.320487 0.036547 0.057762 0.268941
1 0.447881 0.322828 0.029265 0.062738 0.268941
1 0.203329 0.377421 0.057662 0.046638 0.006693
1 0.207819 0.377409 0.046870 0.046498 0.500000
1 0.207834 0.374981 0.046845 0.041727 0.268941
1 0.206689 0.374974 0.049140 0.041731 0.268941
1 0.208673 0.371577 0.049218 0.045517 0.006693
1 0.252037 0.359084 0.035310 0.031929 0.268941
1 0.252990 0.361490 0.037180 0.036755 0.119203
1 0.253936 0.358304 0.039455 0.033497 0.047426
1 0.286244 0.354206 0.038221 0.025814 0.119203
1 0.286628 0.355820 0.036725 0.028885 0.047426
1 0.381325 0.333292 0.127702 0.125109 0.500000
1 0.382663 0.333325 0.128563 0.125043 0.500000
1 0.384179 0.333292 0.130884 0.125141 0.500000
1 0.123928 0.406199 0.042216 0.052949 0.119203
1 0.124915 0.406195 0.044017 0.062486 0.500000
1 0.123907 0.403772 0.042008 0.057642 0.268941
1 0.151222 0.393470 0.041772 0.046586 0.268941
1 0.152479 0.395878 0.045043 0.051438 0.268941
1 0.152464 0.395844 0.045082 0.051557 0.268941
1 0.200378 0.377319 0.061657 0.046782 0.006693
1 0.207621 0.374992 0.047265 0.041699 0.731059
1 0.207700 0.372599 0.047109 0.046502 0.731059
1 0.207656 0.374988 0.047199 0.041735 0.500000
1 0.207631 0.374882 0.048491 0.051898 0.047426
1 0.124716 0.406225 0.043701 0.062497 0.268941
1 0.124112 0.406231 0.042135 0.062499 0.500000
1 0.124143 0.403848 0.041776 0.057616 0.268941
1 0.152661 0.395850 0.044650 0.051365 0.500000
1 0.152665 0.395849 0.044673 0.051368 0.500000
1 0.152653 0.395880 0.044715 0.051499 0.268941
1 0.125653 0.406239 0.041892 0.062541 0.268941
1 0.125918 0.406270 0.042004 0.062558 0.119203
1 0.124133 0.406150 0.041795 0.062886 0.268941
1 0.137386 0.399689 0.027183 0.060413 0.006693
1 0.909980 0.410385 0.180103 0.546284 0.851953
1 0.912490 0.409020 0.175087 0.547127 0.851953
1 0.913276 0.411708 0.176390 0.542926 0.851953
1 0.910282 0.414892 0.182646 0.552584 0.851953
1 0.911746 0.422011 0.177048 0.554505 0.880797
1 0.911433 0.416174 0.184559 0.539136 0.851953
1 0.913438 0.412238 0.179132 0.552955 0.851953
1 0.911769 0.411920 0.179881 0.553859 0.880797
1 0.911256 0.408460 0.181618 0.551481 0.880797
1 0.910400 0.412687 0.186966 0.550342 0.880797
2 0.309499 0.338548 0.024846 0.031273 0.006693
3 0.558779 0.293445 0.039532 0.068326 0.006693
3 0.555899 0.293601 0.034204 0.068787 0.002473
3 0.421659 0.306222 0.033751 0.062157 0.002473
3 0.541711 0.293736 0.029965 0.047895 0.002473
3 0.548947 0.297560 0.028879 0.053738 0.119203
3 0.555755 0.295443 0.036581 0.059201 0.119203
3 0.554331 0.295335 0.036187 0.065791 0.119203
3 0.631702 0.309723 0.150971 0.193076 0.500000
3 0.631880 0.311285 0.151321 0.189959 0.500000
3 0.481195 0.311267 0.006882 0.023403 0.002473
3 0.535923 0.306862 0.016166 0.021007 0.002473
3 0.545868 0.303909 0.017111 0.039259 0.119203
3 0.551636 0.304824 0.027752 0.041072 0.017986
3 0.557489 0.306733 0.029343 0.052764 0.017986
3 0.631236 0.307315 0.151795 0.197868 0.119203
3 0.631906 0.309705 0.151337 0.193090 0.500000
3 0.631429 0.309750 0.152200 0.193007 0.500000
3 0.631507 0.309743 0.152329 0.193033 0.268941
3 0.309987 0.338344 0.020109 0.031612 0.006693
3 0.546893 0.304208 0.018949 0.039404 0.119203
3 0.553322 0.309119 0.019389 0.038826 0.047426
3 0.562375 0.307909 0.019571 0.042442 0.006693
3 0.630801 0.308977 0.150921 0.191525 0.006693
3 0.631905 0.309709 0.151351 0.193076 0.500000
3 0.631956 0.309731 0.151447 0.193038 0.500000
3 0.632467 0.311313 0.154174 0.189880 0.006693
3 0.309499 0.338548 0.024846 0.031273 0.017986
3 0.632710 0.310169 0.152936 0.193389 0.500000
3 0.631492 0.310169 0.152356 0.193391 0.731059
5 0.282967 0.367598 0.025091 0.058862 0.006693
