1 0.329230 0.216362 0.023572 0.026017 0.002473
1 0.456240 0.304475 0.031720 0.057722 0.002473
1 0.479817 0.311274 0.009693 0.020406 0.002473
1 0.050977 0.338364 0.107728 0.228605 0.731059
1 0.052394 0.338352 0.104794 0.228595 0.268941
1 0.309287 0.322778 0.019633 0.011632 0.002473
1 0.316468 0.326821 0.020815 0.013168 0.002473
1 0.336013 0.325334 0.022180 0.016093 0.268941
1 0.336108 0.325325 0.022018 0.016070 0.047426
1 0.379738 0.321323 0.015688 0.008182 0.002473
1 0.404608 0.315678 0.010267 0.016539 0.002473
1 0.481261 0.314067 0.012541 0.019783 0.006693
1 0.498501 0.320488 0.016236 0.025724 0.500000
1 0.497201 0.320506 0.019285 0.016058 0.047426
1 0.515813 0.315673 0.012628 0.016787 0.002473
1 0.626771 0.322930 0.028915 0.020949 0.002473
1 0.635493 0.322907 0.037406 0.020909 0.006693
1 0.639849 0.325320 0.035366 0.025724 0.006693
1 0.050038 0.338403 0.105852 0.228678 0.500000
1 0.052421 0.340828 0.104844 0.223671 0.500000
1 0.052395 0.339526 0.104792 0.221078 0.500000
1 0.050977 0.338401 0.107729 0.228454 0.731059
1 0.052424 0.337111 0.104842 0.225881 0.500000
1 0.052887 0.341087 0.100061 0.224211 0.500000
1 0.052480 0.336850 0.104995 0.225347 0.119203
1 0.052388 0.337053 0.104807 0.225979 0.500000
1 0.051461 0.339364 0.103013 0.221361 0.500000
2 0.456240 0.304475 0.031720 0.057722 0.500000
2 0.456238 0.304486 0.031704 0.057748 0.268941
2 0.454810 0.306883 0.034639 0.062545 0.268941
2 0.542292 0.304484 0.040418 0.057700 0.500000
2 0.543740 0.304486 0.037481 0.057696 0.500000
2 0.542295 0.304481 0.040419 0.057686 0.268941
2 0.456245 0.304527 0.031724 0.057618 0.500000
2 0.456247 0.304633 0.031722 0.057403 0.500000
2 0.456255 0.304496 0.031747 0.057677 0.500000
2 0.479817 0.311274 0.009693 0.020406 0.047426
2 0.543745 0.306070 0.037511 0.054524 0.731059
2 0.542304 0.306068 0.040382 0.054523 0.731059
2 0.542302 0.306110 0.040399 0.054441 0.500000
2 0.457655 0.306166 0.034597 0.054345 0.268941
2 0.456237 0.304605 0.031707 0.057472 0.500000
2 0.456250 0.304592 0.031779 0.057492 0.500000
2 0.481261 0.314067 0.012541 0.019783 0.017986
2 0.515813 0.315673 0.012628 0.016787 0.002473
2 0.543737 0.304543 0.037501 0.057585 0.731059
2 0.542303 0.304547 0.040380 0.057577 0.731059
2 0.543743 0.306115 0.037519 0.054439 0.500000
3 0.456240 0.304475 0.031720 0.057722 0.047426
3 0.456238 0.304486 0.031704 0.057748 0.006693
3 0.454810 0.306883 0.034639 0.062545 0.017986
3 0.456245 0.304527 0.031724 0.057618 0.017986
3 0.456247 0.304633 0.031722 0.057403 0.002473
3 0.456255 0.304496 0.031747 0.057677 0.006693
3 0.479817 0.311274 0.009693 0.020406 0.006693
3 0.457655 0.306166 0.034597 0.054345 0.002473
3 0.456250 0.304592 0.031779 0.057492 0.006693
