0 0.006490 0.293657 0.013058 0.156883 0.002473
0 0.006558 0.277342 0.013270 0.107829 0.002473
0 0.656228 0.315083 0.006820 0.037351 0.002473
0 0.688167 0.337476 0.016834 0.076096 0.047426
0 0.688558 0.336904 0.017200 0.081117 0.047426
0 0.720209 0.330669 0.010056 0.064844 0.002473
0 0.761764 0.318333 0.014054 0.044191 0.002473
0 0.771658 0.312475 0.012620 0.041855 0.017986
0 0.775353 0.309566 0.015150 0.036614 0.017986
0 0.795353 0.309190 0.018464 0.037166 0.002473
0 0.559720 0.322903 0.039390 0.030563 0.002473
0 0.656267 0.317744 0.006841 0.040990 0.002473
0 0.686772 0.341912 0.014029 0.079788 0.119203
0 0.689182 0.337031 0.015886 0.070305 0.047426
0 0.704808 0.335365 0.009643 0.055467 0.119203
0 0.721138 0.335645 0.007779 0.046940 0.047426
0 0.729685 0.335518 0.009882 0.046847 0.047426
0 0.760366 0.321341 0.015053 0.038685 0.017986
0 0.768750 0.315408 0.012638 0.046301 0.017986
0 0.686288 0.346536 0.016805 0.096002 0.047426
0 0.688730 0.337349 0.016790 0.073823 0.047426
0 0.704802 0.336116 0.009632 0.056962 0.119203
0 0.718748 0.337253 0.006762 0.049999 0.119203
0 0.729765 0.340224 0.009709 0.044527 0.017986
0 0.759399 0.328704 0.013289 0.051800 0.002473
0 0.765604 0.324124 0.013285 0.060908 0.006693
0 0.687224 0.346376 0.014932 0.098306 0.119203
0 0.687613 0.343305 0.015289 0.092097 0.047426
0 0.706249 0.337264 0.012528 0.059692 0.047426
0 0.721153 0.339080 0.007850 0.053087 0.002473
0 0.729498 0.344840 0.010360 0.044994 0.002473
0 0.686275 0.346464 0.016780 0.099017 0.268941
0 0.686580 0.344518 0.017340 0.102920 0.047426
1 0.066712 0.306870 0.019409 0.021016 0.002473
1 0.562820 0.317175 0.049764 0.032235 0.006693
1 0.563433 0.313994 0.054073 0.028863 0.006693
1 0.563971 0.316147 0.047280 0.033169 0.006693
1 0.023504 0.347826 0.047151 0.136802 0.731059
1 0.023556 0.345691 0.047090 0.132200 0.500000
1 0.395195 0.315797 0.015411 0.016238 0.119203
1 0.461758 0.316519 0.014004 0.017788 0.268941
1 0.461214 0.318091 0.016271 0.020929 0.047426
1 0.502382 0.326879 0.029815 0.028793 0.500000
1 0.501467 0.324483 0.027905 0.033609 0.500000
1 0.559720 0.322903 0.039390 0.030563 0.017986
1 0.562624 0.320323 0.050469 0.026078 0.017986
1 0.565641 0.320430 0.049610 0.025866 0.047426
1 0.577707 0.325309 0.025535 0.025756 0.017986
1 0.795676 0.322966 0.025310 0.021037 0.006693
1 0.797049 0.322967 0.025756 0.021038 0.006693
1 0.022075 0.345573 0.049951 0.131935 0.731059
1 0.023556 0.346376 0.047104 0.130306 0.500000
1 0.023528 0.346472 0.047125 0.130552 0.500000
1 0.729765 0.340224 0.009709 0.044527 0.002473
1 0.023518 0.346458 0.047064 0.130631 0.500000
1 0.023565 0.344170 0.047103 0.129041 0.500000
1 0.024989 0.345721 0.049996 0.132048 0.731059
1 0.023527 0.346433 0.047105 0.130866 0.500000
1 0.023556 0.344965 0.047104 0.127466 0.500000
2 0.421770 0.306974 0.012810 0.011836 0.002473
2 0.446231 0.308651 0.007981 0.018346 0.006693
2 0.562820 0.317175 0.049764 0.032235 0.002473
2 0.337501 0.314981 0.050028 0.068719 0.002473
2 0.562624 0.320323 0.050469 0.026078 0.002473
2 0.565641 0.320430 0.049610 0.025866 0.006693
3 0.337494 0.314228 0.050043 0.070224 0.006693
3 0.338946 0.312562 0.047123 0.067331 0.500000
3 0.338937 0.314867 0.052902 0.068941 0.500000
3 0.338946 0.314970 0.052895 0.068684 0.268941
3 0.337501 0.314981 0.050028 0.068719 0.731059
3 0.337501 0.314871 0.050013 0.068951 0.731059
3 0.337500 0.314866 0.049997 0.068945 0.500000
3 0.337501 0.314233 0.050005 0.070238 0.268941
3 0.461758 0.316519 0.014004 0.017788 0.002473
3 0.461214 0.318091 0.016271 0.020929 0.006693
3 0.338944 0.314243 0.047123 0.070223 0.500000
3 0.337492 0.314881 0.050017 0.068965 0.500000
3 0.337501 0.315011 0.050009 0.068762 0.047426
4 0.559720 0.322903 0.039390 0.030563 0.002473
4 0.141873 0.329542 0.017550 0.033570 0.017986
5 0.729765 0.340224 0.009709 0.044527 0.002473
