0 0.959180 0.281133 0.012593 0.052672 0.017986
0 0.959149 0.281402 0.012540 0.052598 0.017986
1 0.167545 0.343701 0.095787 0.136062 0.731059
1 0.486044 0.325317 0.047109 0.067347 0.500000
1 0.486051 0.325320 0.047113 0.067350 0.731059
1 0.483673 0.322924 0.048132 0.072193 0.500000
1 0.167538 0.345376 0.095787 0.132989 0.500000
1 0.166281 0.347774 0.092524 0.137789 0.500000
1 0.165644 0.346180 0.093833 0.140925 0.500000
1 0.333598 0.347787 0.142484 0.128122 0.880797
1 0.332185 0.347781 0.145320 0.128116 0.880797
1 0.424962 0.328610 0.040406 0.051117 0.268941
1 0.425033 0.329355 0.040398 0.049619 0.500000
1 0.425027 0.329362 0.040372 0.049605 0.268941
1 0.445637 0.330778 0.015638 0.046231 0.017986
1 0.451045 0.325283 0.017138 0.035238 0.268941
1 0.486044 0.325324 0.047090 0.067326 0.500000
1 0.486052 0.325323 0.047115 0.067318 0.500000
1 0.487497 0.325324 0.049992 0.067324 0.268941
1 0.486563 0.325319 0.042358 0.067340 0.500000
1 0.167718 0.346271 0.095425 0.140609 0.500000
1 0.167540 0.345349 0.095729 0.132919 0.500000
1 0.167067 0.345348 0.096696 0.132920 0.268941
1 0.222682 0.346146 0.014621 0.016094 0.006693
1 0.333648 0.347762 0.142386 0.128094 0.731059
1 0.333649 0.347761 0.142383 0.128092 0.731059
1 0.333672 0.347727 0.142340 0.128001 0.731059
1 0.424962 0.328592 0.040406 0.051156 0.500000
1 0.425026 0.329343 0.040373 0.049654 0.500000
1 0.424647 0.329341 0.039332 0.049656 0.500000
1 0.425111 0.330896 0.040298 0.046560 0.268941
1 0.452449 0.326196 0.020231 0.037123 0.017986
1 0.486042 0.326883 0.047093 0.070440 0.731059
1 0.486056 0.325326 0.047108 0.067322 0.500000
1 0.487495 0.325322 0.044217 0.067331 0.500000
1 0.166572 0.343860 0.092076 0.135914 0.500000
1 0.167068 0.347854 0.096672 0.137561 0.500000
1 0.167033 0.343880 0.096763 0.135863 0.268941
1 0.331281 0.346202 0.143370 0.125036 0.731059
1 0.332220 0.347762 0.145246 0.128094 0.731059
1 0.332207 0.346200 0.145166 0.125038 0.731059
1 0.332263 0.349283 0.145432 0.125120 0.500000
1 0.332747 0.346159 0.140703 0.125127 0.731059
1 0.079901 0.379026 0.172386 0.480455 0.731059
1 0.080367 0.376171 0.162700 0.467602 0.817575
1 0.083590 0.379539 0.169975 0.475309 0.924142
1 0.083763 0.384999 0.173933 0.480492 0.904651
1 0.084554 0.384581 0.169172 0.482239 0.924142
1 0.080969 0.385326 0.170570 0.480363 0.268941
1 0.084553 0.381878 0.171611 0.485953 0.924142
1 0.083734 0.378539 0.173770 0.477963 0.924142
1 0.085256 0.380058 0.170471 0.470415 0.904651
1 0.083357 0.382843 0.172295 0.479125 0.222700
1 0.083204 0.377596 0.168511 0.484769 0.017986
1 0.081904 0.379736 0.170230 0.486284 0.939913
2 0.550322 0.318078 0.025366 0.020909 0.002473
3 0.446900 0.322318 0.018985 0.042584 0.002473
3 0.454143 0.321659 0.016979 0.044175 0.002473
3 0.486044 0.325317 0.047109 0.067347 0.002473
3 0.451045 0.325283 0.017138 0.035238 0.017986
