0 0.006484 0.227905 0.013046 0.123196 0.017986
0 0.005044 0.226288 0.015937 0.108827 0.006693
0 0.006400 0.228770 0.013224 0.113279 0.006693
0 0.006448 0.249460 0.013133 0.155374 0.017986
0 0.007945 0.295983 0.016138 0.265169 0.002473
0 0.793692 0.331987 0.012754 0.071544 0.006693
0 0.867109 0.337082 0.016168 0.095592 0.017986
0 0.868781 0.336723 0.013515 0.094302 0.002473
0 0.792362 0.328618 0.015706 0.073878 0.006693
0 0.322878 0.350767 0.015099 0.040186 0.002473
0 0.792108 0.334062 0.010264 0.084745 0.002473
0 0.869074 0.355363 0.014158 0.072080 0.017986
1 0.976097 0.335454 0.053682 0.089047 0.119203
1 0.981010 0.335429 0.032338 0.091705 0.002473
1 0.396476 0.325571 0.018893 0.016973 0.006693
1 0.423596 0.330719 0.037688 0.036578 0.047426
1 0.424110 0.330846 0.036466 0.036793 0.268941
1 0.423662 0.329337 0.037367 0.033708 0.268941
1 0.946367 0.345590 0.065864 0.057418 0.006693
1 0.946075 0.346055 0.065969 0.058017 0.002473
1 0.949817 0.349835 0.075273 0.059906 0.006693
1 0.972598 0.340221 0.054819 0.079813 0.047426
1 0.972928 0.340179 0.054200 0.079890 0.017986
1 0.974534 0.338603 0.051160 0.084468 0.017986
1 0.423545 0.328452 0.037579 0.041993 0.268941
1 0.423843 0.330921 0.036999 0.036885 0.500000
1 0.422909 0.330928 0.035118 0.036871 0.500000
1 0.425285 0.328527 0.038125 0.041799 0.002473
1 0.879970 0.358263 0.041186 0.051333 0.017986
1 0.885926 0.356527 0.035119 0.046497 0.047426
1 0.886239 0.351697 0.036783 0.046512 0.047426
1 0.891122 0.353636 0.041331 0.050774 0.017986
1 0.923049 0.346031 0.021309 0.037202 0.002473
1 0.945955 0.348776 0.066060 0.052069 0.006693
1 0.944194 0.348093 0.068155 0.053724 0.002473
1 0.947307 0.351257 0.068353 0.057121 0.006693
1 0.971815 0.341052 0.050533 0.077776 0.017986
1 0.974375 0.340124 0.051165 0.085676 0.017986
1 0.974727 0.338506 0.050787 0.083014 0.017986
1 0.883117 0.354333 0.042242 0.059510 0.002473
1 0.885151 0.354169 0.040482 0.041764 0.047426
1 0.885680 0.354134 0.035752 0.041826 0.047426
1 0.886812 0.354037 0.046680 0.051923 0.017986
1 0.944762 0.350559 0.069014 0.049041 0.006693
1 0.945940 0.348939 0.064663 0.052229 0.006693
1 0.958961 0.356249 0.044742 0.047174 0.006693
1 0.974448 0.351212 0.048966 0.057495 0.006693
1 0.973349 0.344559 0.053213 0.076860 0.006693
1 0.975988 0.339635 0.048104 0.081341 0.017986
2 0.263755 0.327692 0.023934 0.032551 0.002473
2 0.265421 0.324908 0.020574 0.034816 0.002473
