1 0.214861 0.351707 0.110630 0.078547 0.731059
1 0.214858 0.351727 0.110620 0.078497 0.500000
1 0.215543 0.351668 0.112772 0.078461 0.731059
1 0.361286 0.327643 0.038117 0.021130 0.017986
1 0.362501 0.327735 0.034692 0.020863 0.268941
1 0.363379 0.329286 0.032934 0.024003 0.268941
1 0.363444 0.325308 0.036851 0.025970 0.006693
1 0.448786 0.325280 0.016811 0.016200 0.006693
1 0.521054 0.324539 0.022956 0.033775 0.006693
1 0.523576 0.325434 0.022166 0.026161 0.006693
1 0.568994 0.336000 0.018978 0.048752 0.002473
1 0.603857 0.339405 0.092290 0.071754 0.500000
1 0.603832 0.340240 0.092339 0.079443 0.268941
1 0.603836 0.341071 0.092345 0.078176 0.500000
1 0.215819 0.351738 0.112459 0.078490 0.731059
1 0.214873 0.354145 0.110576 0.073664 0.500000
1 0.215796 0.354146 0.112490 0.073661 0.500000
1 0.520395 0.331719 0.021763 0.029121 0.006693
1 0.604810 0.341694 0.090378 0.076454 0.731059
1 0.603833 0.341004 0.092338 0.077917 0.500000
1 0.603770 0.341007 0.092491 0.077925 0.500000
1 0.603263 0.341102 0.087713 0.078139 0.268941
1 0.214877 0.351743 0.114324 0.078492 0.500000
1 0.213963 0.354156 0.112501 0.073695 0.500000
1 0.215733 0.354143 0.112635 0.073673 0.731059
1 0.602394 0.342588 0.089465 0.081037 0.268941
1 0.603839 0.341141 0.092354 0.078134 0.500000
1 0.603762 0.343451 0.092488 0.079765 0.731059
1 0.214860 0.354168 0.114394 0.083339 0.731059
