0 0.596184 0.317198 0.007893 0.042182 0.002473
0 0.614461 0.320878 0.009773 0.048808 0.047426
0 0.614920 0.321853 0.010643 0.043823 0.047426
0 0.616347 0.323086 0.007831 0.046326 0.119203
1 0.208555 0.339258 0.043049 0.039516 0.002473
1 0.216054 0.340452 0.042820 0.037082 0.047426
1 0.216063 0.338056 0.042850 0.032285 0.119203
1 0.216050 0.339651 0.042927 0.038667 0.047426
1 0.282448 0.333278 0.059384 0.032098 0.119203
1 0.284420 0.330897 0.056397 0.036887 0.500000
1 0.285871 0.333286 0.059172 0.032109 0.268941
1 0.285850 0.333290 0.059215 0.032100 0.500000
1 0.285857 0.330899 0.059120 0.036907 0.500000
1 0.312558 0.330835 0.025319 0.027139 0.006693
1 0.407510 0.325572 0.053715 0.036574 0.006693
1 0.408100 0.325590 0.052686 0.035856 0.731059
1 0.408542 0.325406 0.052014 0.035465 0.268941
1 0.408082 0.325708 0.052918 0.036093 0.500000
1 0.409388 0.325716 0.050482 0.036139 0.500000
1 0.440193 0.322860 0.022244 0.020998 0.002473
1 0.488977 0.322855 0.022275 0.021095 0.002473
1 0.490730 0.320500 0.025565 0.016153 0.002473
1 0.519867 0.326821 0.020980 0.028942 0.047426
1 0.521237 0.322896 0.023348 0.030809 0.017986
1 0.724151 0.359664 0.183281 0.155686 0.880797
1 0.722665 0.360500 0.180287 0.154382 0.880797
1 0.088978 0.378457 0.178000 0.198672 0.500000
1 0.086120 0.378952 0.177982 0.199679 0.731059
1 0.213588 0.340180 0.046989 0.037965 0.017986
1 0.215566 0.340940 0.038070 0.036089 0.500000
1 0.216261 0.340943 0.042483 0.036092 0.500000
1 0.214184 0.338529 0.040890 0.031309 0.268941
1 0.282666 0.335746 0.065782 0.036875 0.119203
1 0.286271 0.333323 0.058317 0.041696 0.268941
1 0.286319 0.333340 0.058265 0.041666 0.731059
1 0.286768 0.335734 0.061011 0.036878 0.500000
1 0.285854 0.333334 0.059127 0.041674 0.268941
1 0.407406 0.324498 0.053521 0.040626 0.002473
1 0.408028 0.326207 0.052827 0.037109 0.047426
1 0.407606 0.326214 0.050142 0.037057 0.047426
1 0.408088 0.326221 0.052925 0.037080 0.017986
1 0.408393 0.326200 0.052449 0.037137 0.047426
1 0.724039 0.359831 0.183055 0.155472 0.731059
1 0.724044 0.360430 0.183065 0.154144 0.500000
1 0.722586 0.360556 0.180135 0.153944 0.731059
1 0.087512 0.376824 0.175044 0.195419 0.731059
1 0.087503 0.378507 0.180868 0.198824 0.500000
1 0.087509 0.376777 0.175229 0.195628 0.731059
1 0.724042 0.360430 0.183050 0.154144 0.880797
1 0.724051 0.358028 0.182796 0.149331 0.500000
1 0.723608 0.357395 0.183696 0.150596 0.500000
1 0.087494 0.377676 0.175008 0.197099 0.500000
1 0.087509 0.374793 0.175249 0.196484 0.500000
1 0.087476 0.377284 0.175135 0.196366 0.731059
1 0.723981 0.356966 0.182953 0.151430 0.500000
1 0.723987 0.357724 0.182937 0.149937 0.500000
1 0.088894 0.372998 0.177916 0.192965 0.268941
1 0.087564 0.374704 0.175144 0.196385 0.731059
