0 0.993673 0.326933 0.012712 0.074417 0.002473
1 0.504825 0.325311 0.046137 0.057714 0.731059
1 0.505205 0.322911 0.045365 0.062531 0.500000
1 0.505205 0.322908 0.045376 0.062520 0.500000
1 0.248309 0.346833 0.121518 0.088284 0.500000
1 0.248977 0.346645 0.117101 0.088660 0.500000
1 0.249029 0.346795 0.117033 0.088220 0.731059
1 0.375758 0.322655 0.040270 0.032103 0.002473
1 0.379752 0.322958 0.040713 0.030668 0.268941
1 0.378402 0.322974 0.037942 0.030645 0.119203
1 0.379388 0.323083 0.043722 0.030860 0.119203
1 0.405124 0.322937 0.020975 0.030525 0.119203
1 0.411776 0.325326 0.026821 0.025686 0.017986
1 0.445144 0.325316 0.015661 0.016086 0.002473
1 0.503761 0.325321 0.042493 0.057693 0.500000
1 0.503408 0.322934 0.043189 0.062467 0.500000
1 0.503384 0.325326 0.043250 0.057683 0.500000
1 0.582798 0.325316 0.015651 0.016062 0.017986
1 0.594230 0.324473 0.014381 0.008137 0.002473
1 0.607771 0.326876 0.016502 0.012944 0.006693
1 0.620821 0.330035 0.019154 0.016297 0.006693
1 0.632840 0.329338 0.027473 0.017912 0.119203
1 0.640021 0.330912 0.028756 0.021064 0.006693
1 0.652764 0.329339 0.019983 0.017913 0.006693
1 0.728232 0.334482 0.038555 0.055764 0.017986
1 0.728104 0.333614 0.037980 0.053006 0.002473
1 0.728607 0.332184 0.037110 0.055837 0.002473
1 0.089577 0.367018 0.172405 0.134526 0.047426
1 0.088161 0.368797 0.176022 0.138060 0.119203
1 0.091254 0.365062 0.176091 0.130723 0.268941
1 0.248951 0.346524 0.117161 0.088924 0.017986
1 0.249901 0.345102 0.119031 0.085577 0.731059
1 0.248977 0.345085 0.117100 0.085545 0.500000
1 0.248981 0.346830 0.117092 0.088325 0.731059
1 0.380145 0.327001 0.042312 0.039015 0.017986
1 0.378743 0.326778 0.038197 0.039041 0.006693
1 0.382013 0.326972 0.036975 0.039069 0.006693
1 0.505273 0.322932 0.045236 0.062488 0.500000
1 0.505273 0.325345 0.045230 0.057657 0.500000
1 0.504826 0.325331 0.046133 0.057691 0.500000
1 0.636301 0.333507 0.028849 0.021300 0.002473
1 0.644473 0.334590 0.020073 0.020465 0.002473
1 0.727643 0.340890 0.039035 0.043299 0.006693
1 0.731154 0.339685 0.037539 0.040907 0.002473
1 0.729977 0.337356 0.034534 0.050453 0.002473
1 0.993521 0.362815 0.013041 0.078498 0.002473
1 0.088139 0.367878 0.182105 0.142726 0.017986
1 0.089770 0.367844 0.179074 0.142527 0.047426
1 0.091249 0.365502 0.177063 0.138128 0.119203
1 0.249900 0.346853 0.119032 0.088317 0.500000
1 0.248976 0.345291 0.117100 0.085190 0.500000
1 0.247580 0.346842 0.119930 0.088301 0.731059
1 0.881409 0.374771 0.237835 0.239260 0.880797
1 0.880996 0.374343 0.238091 0.237240 0.731059
1 0.988156 0.368318 0.023748 0.078011 0.006693
1 0.993556 0.372934 0.013117 0.087076 0.006693
1 0.089608 0.369960 0.179704 0.145444 0.047426
1 0.090778 0.367661 0.181091 0.143824 0.268941
1 0.090888 0.367379 0.181684 0.136802 0.500000
1 0.247597 0.347319 0.119976 0.087462 0.880797
1 0.882838 0.376511 0.234934 0.236482 0.500000
1 0.881251 0.376661 0.237508 0.236739 0.731059
1 0.881012 0.375036 0.237993 0.232305 0.731059
1 0.988681 0.375977 0.022695 0.088159 0.006693
1 0.992210 0.373628 0.015663 0.089988 0.006693
1 0.090591 0.366923 0.181445 0.151438 0.119203
1 0.881387 0.377529 0.237870 0.243625 0.731059
1 0.882734 0.379015 0.234758 0.241486 0.880797
1 0.880977 0.376602 0.238068 0.235445 0.047426
1 0.988761 0.378471 0.022537 0.116790 0.002473
1 0.993552 0.371361 0.013120 0.101039 0.017986
1 0.882746 0.376908 0.234538 0.236107 0.500000
1 0.884593 0.368984 0.241457 0.251571 0.962673
1 0.880123 0.370465 0.233750 0.254200 0.014064
1 0.884196 0.377588 0.241842 0.239805 0.622459
1 0.880265 0.376447 0.233475 0.237130 0.008577
2 0.776198 0.306083 0.124907 0.097367 0.002473
2 0.752406 0.305642 0.064542 0.086352 0.002473
2 0.757319 0.304996 0.082325 0.085067 0.002473
2 0.770855 0.306907 0.112282 0.090158 0.002473
2 0.769687 0.305676 0.113773 0.090754 0.006693
2 0.745727 0.309531 0.063655 0.098063 0.002473
2 0.766873 0.307259 0.103918 0.093816 0.006693
2 0.774936 0.307582 0.095571 0.094876 0.006693
2 0.793178 0.306928 0.063515 0.090421 0.017986
2 0.993673 0.326933 0.012712 0.074417 0.002473
5 0.731114 0.343260 0.025479 0.048027 0.002473
