0 0.777063 0.309982 0.015246 0.062681 0.006693
0 0.778242 0.314092 0.012756 0.055285 0.006693
0 0.780601 0.314146 0.013825 0.055117 0.002473
0 0.004824 0.362127 0.009704 0.075768 0.002473
0 0.036464 0.364655 0.011616 0.062730 0.017986
0 0.039385 0.367113 0.009982 0.067710 0.006693
0 0.054802 0.367085 0.009635 0.067556 0.047426
0 0.074071 0.364596 0.013630 0.062631 0.047426
0 0.076191 0.367022 0.013103 0.067412 0.047426
0 0.116347 0.363276 0.008158 0.051028 0.002473
0 0.036474 0.364583 0.011636 0.072192 0.047426
0 0.038724 0.367114 0.013163 0.067821 0.006693
0 0.054793 0.367137 0.009670 0.057842 0.119203
0 0.074255 0.367000 0.012212 0.067332 0.119203
0 0.076195 0.369413 0.013094 0.062566 0.047426
0 0.707483 0.327992 0.045773 0.292161 0.500000
0 0.036120 0.366108 0.012743 0.075367 0.047426
0 0.038069 0.366251 0.014405 0.075345 0.047426
0 0.053337 0.367125 0.012679 0.067163 0.268941
0 0.073808 0.364605 0.013108 0.062549 0.047426
0 0.075479 0.367034 0.012732 0.067355 0.119203
0 0.114918 0.369055 0.010689 0.044125 0.006693
0 0.706937 0.330531 0.044819 0.287439 0.500000
0 0.706981 0.328022 0.044786 0.292418 0.268941
0 0.706508 0.328295 0.043929 0.291874 0.500000
0 0.706939 0.326755 0.044815 0.288710 0.500000
0 0.707482 0.328296 0.045869 0.291872 0.500000
0 0.706958 0.328296 0.044846 0.291871 0.500000
0 0.708847 0.328091 0.043068 0.292325 0.500000
0 0.707957 0.328198 0.046722 0.291677 0.268941
0 0.707916 0.326463 0.046744 0.289280 0.500000
0 0.987859 0.391107 0.024446 0.495351 0.002473
1 0.800265 0.310164 0.062405 0.046817 0.002473
1 0.798233 0.312411 0.066377 0.041899 0.002473
1 0.796254 0.314904 0.070449 0.046625 0.006693
1 0.256040 0.350136 0.038078 0.017811 0.017986
1 0.258342 0.350130 0.033334 0.017745 0.119203
1 0.258366 0.348564 0.033325 0.020881 0.047426
1 0.317018 0.341287 0.049576 0.025902 0.047426
1 0.317164 0.339756 0.046848 0.028825 0.268941
1 0.318562 0.341328 0.047839 0.025684 0.500000
1 0.316153 0.342180 0.043066 0.033610 0.119203
1 0.344170 0.343729 0.029870 0.020931 0.017986
1 0.348273 0.346084 0.022723 0.025818 0.047426
1 0.123337 0.366879 0.030632 0.026217 0.006693
1 0.149858 0.362134 0.031225 0.025901 0.006693
1 0.155497 0.362172 0.019952 0.025705 0.006693
