0 0.651772 0.308971 0.022387 0.187671 0.002473
0 0.993679 0.301638 0.012798 0.128316 0.002473
0 0.993680 0.309151 0.012799 0.118118 0.002473
0 0.006379 0.360319 0.007251 0.092132 0.002473
0 0.060112 0.356644 0.014482 0.088580 0.017986
0 0.993659 0.309718 0.012761 0.106557 0.002473
0 0.004868 0.357833 0.009889 0.080483 0.002473
0 0.022588 0.364668 0.010662 0.062707 0.047426
0 0.035160 0.368895 0.010926 0.071586 0.002473
0 0.039912 0.367060 0.010678 0.067616 0.047426
0 0.061015 0.366630 0.012513 0.068254 0.047426
0 0.647881 0.328125 0.035075 0.239594 0.268941
0 0.648355 0.328126 0.034228 0.239592 0.268941
0 0.992208 0.309956 0.015661 0.107478 0.002473
0 0.004988 0.366255 0.010418 0.069422 0.002473
0 0.021673 0.367024 0.012603 0.067425 0.268941
0 0.032651 0.371546 0.010147 0.066429 0.002473
0 0.039877 0.369437 0.010738 0.062688 0.047426
0 0.060087 0.364495 0.010663 0.072399 0.268941
0 0.647725 0.327067 0.035493 0.237469 0.500000
0 0.647879 0.328124 0.035077 0.239583 0.500000
0 0.021232 0.366346 0.017521 0.074957 0.119203
0 0.025709 0.371591 0.018076 0.065291 0.017986
0 0.041136 0.368713 0.008330 0.070422 0.119203
0 0.061051 0.366828 0.012590 0.067682 0.119203
0 0.062143 0.371220 0.014413 0.065236 0.002473
0 0.646661 0.327491 0.037554 0.239643 0.119203
0 0.647656 0.326979 0.035632 0.237653 0.268941
0 0.646780 0.327067 0.037374 0.237476 0.500000
0 0.022134 0.374554 0.020280 0.065724 0.002473
0 0.024352 0.375244 0.017124 0.067133 0.002473
0 0.646727 0.325344 0.037689 0.243934 0.002473
0 0.647722 0.324631 0.035766 0.242350 0.268941
0 0.646847 0.327703 0.037511 0.238735 0.500000
0 0.647711 0.327496 0.035754 0.239150 0.268941
0 0.646402 0.327937 0.033166 0.238268 0.047426
1 0.716557 0.317175 0.036664 0.032235 0.002473
1 0.716768 0.314033 0.035886 0.028926 0.002473
1 0.993727 0.309797 0.012705 0.103581 0.002473
1 0.589624 0.322917 0.038059 0.020970 0.002473
1 0.716652 0.317695 0.036048 0.031329 0.006693
1 0.715624 0.317688 0.037885 0.031343 0.017986
1 0.243558 0.351717 0.031960 0.021116 0.017986
1 0.246339 0.350145 0.032125 0.017777 0.047426
1 0.243952 0.351688 0.031415 0.020939 0.017986
1 0.300350 0.343728 0.056935 0.030550 0.119203
1 0.302238 0.341313 0.052272 0.025713 0.119203
1 0.304727 0.343734 0.047536 0.030501 0.268941
1 0.306206 0.343737 0.050226 0.030509 0.268941
1 0.316479 0.341338 0.036359 0.025710 0.047426
1 0.116767 0.364047 0.056061 0.031665 0.002473
