0 0.993725 0.303997 0.012607 0.104881 0.006693
0 0.731262 0.312357 0.012533 0.073730 0.017986
0 0.995183 0.305049 0.009714 0.111258 0.017986
0 0.734143 0.315214 0.012516 0.068096 0.119203
0 0.993732 0.305310 0.012618 0.110985 0.006693
0 0.006379 0.358359 0.007251 0.095088 0.002473
0 0.732704 0.315229 0.009648 0.068133 0.268941
0 0.995192 0.309020 0.009694 0.108188 0.017986
0 0.006312 0.360349 0.013049 0.085514 0.002473
0 0.022579 0.362242 0.010644 0.067555 0.047426
0 0.039921 0.364589 0.010660 0.062560 0.119203
0 0.062210 0.366939 0.014907 0.067506 0.047426
0 0.062792 0.367025 0.013110 0.067487 0.047426
0 0.648359 0.328121 0.034221 0.239601 0.500000
0 0.648811 0.328122 0.033317 0.239593 0.268941
0 0.731259 0.316951 0.012538 0.064873 0.268941
0 0.022580 0.366949 0.010679 0.067463 0.268941
0 0.039472 0.366928 0.009756 0.067229 0.119203
0 0.062207 0.367004 0.014915 0.067380 0.047426
0 0.063247 0.367031 0.012198 0.067267 0.119203
0 0.648665 0.327700 0.037370 0.238735 0.500000
0 0.647882 0.330507 0.035071 0.234817 0.500000
0 0.023598 0.366852 0.012788 0.067716 0.119203
0 0.024128 0.368734 0.017401 0.070206 0.002473
0 0.040877 0.367019 0.012740 0.067380 0.268941
0 0.061757 0.364629 0.012208 0.072080 0.047426
0 0.063693 0.367033 0.013106 0.067273 0.047426
0 0.646738 0.325494 0.037711 0.244907 0.006693
0 0.649114 0.326979 0.036468 0.237653 0.500000
0 0.646954 0.327068 0.037025 0.237476 0.500000
0 0.646847 0.326979 0.037512 0.237650 0.268941
0 0.647789 0.326954 0.035626 0.237238 0.500000
0 0.647896 0.324974 0.036125 0.244192 0.500000
0 0.646475 0.325319 0.033019 0.243982 0.268941
1 0.708113 0.317113 0.043240 0.032230 0.002473
1 0.711183 0.317139 0.037178 0.032180 0.002473
1 0.307643 0.338331 0.053037 0.031686 0.002473
1 0.312761 0.338342 0.043640 0.031635 0.002473
1 0.311267 0.338460 0.046670 0.031378 0.002473
1 0.312762 0.338034 0.043748 0.032307 0.006693
1 0.610477 0.318919 0.036070 0.029028 0.006693
1 0.689438 0.316349 0.022992 0.024426 0.006693
1 0.708963 0.318785 0.042091 0.029261 0.047426
1 0.711417 0.318079 0.036202 0.030806 0.017986
1 0.995192 0.309020 0.009694 0.108188 0.002473
1 0.254910 0.346109 0.029666 0.016167 0.002473
1 0.255814 0.346138 0.030054 0.025706 0.047426
1 0.257508 0.348466 0.029945 0.021162 0.047426
1 0.297992 0.346126 0.046058 0.025730 0.047426
1 0.306171 0.341372 0.056547 0.035225 0.119203
1 0.312579 0.341433 0.043945 0.035098 0.268941
1 0.313141 0.341433 0.042898 0.035098 0.500000
1 0.313648 0.341417 0.041933 0.035143 0.268941
1 0.365634 0.341258 0.025754 0.016299 0.002473
1 0.138393 0.364571 0.017392 0.020955 0.002473
1 0.139062 0.364554 0.022032 0.020944 0.002473
