0 0.691137 0.307864 0.008228 0.064703 0.002473
0 0.691144 0.312568 0.008242 0.062549 0.002473
1 0.137835 0.340920 0.148728 0.079387 0.268941
1 0.138491 0.341734 0.153639 0.081015 0.268941
1 0.137866 0.343490 0.150154 0.084086 0.731059
1 0.260851 0.335891 0.037418 0.037892 0.002473
1 0.264008 0.330836 0.040585 0.036971 0.047426
1 0.278725 0.330833 0.065520 0.036976 0.047426
1 0.287428 0.330887 0.050177 0.036878 0.119203
1 0.289093 0.333241 0.047115 0.041713 0.119203
1 0.287814 0.330911 0.043857 0.036921 0.268941
1 0.325218 0.325425 0.020413 0.026258 0.017986
1 0.347624 0.327067 0.039699 0.029274 0.119203
1 0.347778 0.327679 0.035640 0.030460 0.268941
1 0.347874 0.327052 0.038957 0.029211 0.268941
1 0.510520 0.330503 0.028131 0.026630 0.002473
1 0.125393 0.338116 0.132768 0.075440 0.002473
1 0.137064 0.340810 0.149966 0.078737 0.268941
1 0.137608 0.341130 0.149680 0.078187 0.268941
1 0.137914 0.341136 0.150862 0.079420 0.268941
1 0.135761 0.341078 0.147968 0.079334 0.268941
1 0.262432 0.335959 0.040983 0.046415 0.006693
1 0.269591 0.335739 0.050130 0.046604 0.047426
1 0.281618 0.333283 0.061158 0.041820 0.119203
1 0.288755 0.333338 0.047583 0.041710 0.119203
1 0.289043 0.333347 0.046937 0.041690 0.268941
1 0.289087 0.333342 0.046983 0.041783 0.119203
1 0.348601 0.329341 0.037745 0.033936 0.006693
1 0.346930 0.328635 0.037079 0.032267 0.017986
1 0.347940 0.328620 0.035065 0.032296 0.006693
1 0.349722 0.328654 0.041207 0.032800 0.002473
1 0.137448 0.341162 0.149968 0.078187 0.268941
1 0.137534 0.341154 0.150129 0.078164 0.268941
1 0.136264 0.339033 0.152608 0.073951 0.268941
1 0.137073 0.347586 0.151316 0.091109 0.006693
2 0.213179 0.320297 0.026769 0.058056 0.002473
2 0.217359 0.319986 0.029224 0.066614 0.002473
2 0.219925 0.324753 0.041477 0.067605 0.002473
2 0.137866 0.343490 0.150154 0.084086 0.002473
2 0.137064 0.340810 0.149966 0.078737 0.002473
2 0.137608 0.341130 0.149680 0.078187 0.006693
2 0.137914 0.341136 0.150862 0.079420 0.006693
2 0.135761 0.341078 0.147968 0.079334 0.006693
2 0.137448 0.341162 0.149968 0.078187 0.002473
2 0.137534 0.341154 0.150129 0.078164 0.002473
2 0.136264 0.339033 0.152608 0.073951 0.006693
