1 0.974912 0.310839 0.050224 0.082376 0.002473
1 0.972591 0.322557 0.054956 0.072438 0.047426
1 0.972061 0.322536 0.055935 0.072396 0.017986
1 0.974565 0.320326 0.050928 0.067528 0.047426
1 0.007133 0.348028 0.014410 0.086262 0.002473
1 0.019282 0.344408 0.038584 0.080909 0.002473
1 0.083908 0.354169 0.167847 0.134683 0.880797
1 0.083869 0.354153 0.167961 0.134640 0.731059
1 0.434961 0.326749 0.037010 0.029151 0.002473
1 0.968729 0.325076 0.056824 0.067735 0.047426
1 0.970385 0.322838 0.059256 0.072169 0.017986
1 0.971712 0.322866 0.056799 0.062983 0.047426
1 0.005273 0.350489 0.010689 0.091668 0.006693
1 0.085804 0.351775 0.165881 0.129930 0.880797
1 0.083898 0.349350 0.167889 0.125024 0.731059
1 0.083741 0.351760 0.167488 0.129826 0.500000
1 0.968453 0.325248 0.063248 0.068273 0.017986
1 0.968857 0.323017 0.062379 0.072755 0.047426
1 0.970353 0.325293 0.059459 0.068454 0.017986
1 0.006522 0.351139 0.013192 0.099631 0.006693
1 0.083937 0.354129 0.167814 0.125112 0.731059
1 0.083714 0.351746 0.167526 0.129865 0.731059
1 0.082975 0.351747 0.165956 0.129880 0.731059
1 0.006530 0.352865 0.013204 0.117787 0.002473
1 0.083376 0.354156 0.166770 0.125175 0.500000
1 0.082981 0.351756 0.165967 0.129906 0.500000
