0 0.678605 0.276750 0.017930 0.127328 0.002473
0 0.928044 0.239645 0.038017 0.136482 0.006693
0 0.678154 0.293754 0.018830 0.160833 0.006693
0 0.742343 0.314568 0.022230 0.187695 0.002473
0 0.594696 0.307490 0.028834 0.179321 0.017986
0 0.677768 0.303704 0.019865 0.179831 0.119203
0 0.745684 0.319023 0.025111 0.182642 0.006693
0 0.756415 0.322082 0.019090 0.162467 0.006693
0 0.544361 0.315287 0.014090 0.091263 0.006693
0 0.557696 0.318993 0.015448 0.086788 0.017986
0 0.593752 0.308881 0.030720 0.177745 0.017986
0 0.608635 0.330047 0.020372 0.119697 0.002473
0 0.613646 0.328763 0.017046 0.124594 0.002473
0 0.658660 0.334496 0.024428 0.129703 0.002473
0 0.671147 0.331801 0.024384 0.132793 0.017986
0 0.678336 0.310020 0.019298 0.177331 0.017986
0 0.695114 0.328564 0.015727 0.105929 0.006693
0 0.731738 0.330564 0.031880 0.173085 0.006693
0 0.741748 0.323568 0.033009 0.201136 0.017986
0 0.757951 0.331306 0.016038 0.164398 0.017986
0 0.362694 0.317629 0.024855 0.052744 0.002473
0 0.535392 0.328271 0.011286 0.060867 0.002473
0 0.543912 0.321573 0.013199 0.075897 0.017986
0 0.556249 0.317454 0.012556 0.083479 0.047426
0 0.577677 0.330975 0.011597 0.089041 0.002473
0 0.594190 0.304663 0.029844 0.169960 0.017986
0 0.609119 0.332985 0.017538 0.111491 0.006693
0 0.613149 0.336469 0.014206 0.106247 0.002473
0 0.659186 0.340587 0.025482 0.120286 0.006693
0 0.668791 0.339450 0.025209 0.123390 0.006693
0 0.678363 0.315382 0.019350 0.179220 0.006693
0 0.693467 0.328737 0.019020 0.115284 0.002473
0 0.735940 0.329877 0.036333 0.191462 0.047426
0 0.739004 0.324453 0.034542 0.202272 0.006693
0 0.756014 0.330934 0.021730 0.160866 0.047426
0 0.763103 0.336688 0.026443 0.158015 0.002473
0 0.930888 0.306883 0.037919 0.280694 0.017986
0 0.532950 0.328624 0.010174 0.050548 0.002473
0 0.542070 0.326945 0.016230 0.072053 0.006693
0 0.556230 0.317766 0.012597 0.082605 0.119203
0 0.578271 0.327267 0.012525 0.095562 0.002473
0 0.594742 0.300866 0.027046 0.163152 0.017986
0 0.601221 0.335802 0.017409 0.112430 0.006693
0 0.614097 0.337258 0.016065 0.107243 0.002473
0 0.628971 0.310137 0.055042 0.200587 0.002473
0 0.662319 0.342675 0.025649 0.124025 0.006693
0 0.667861 0.342371 0.023267 0.133592 0.006693
0 0.677736 0.319435 0.022066 0.177442 0.006693
0 0.736549 0.323197 0.033821 0.207846 0.268941
0 0.736570 0.324706 0.033776 0.204749 0.268941
0 0.757295 0.334074 0.023397 0.175764 0.006693
0 0.761432 0.338263 0.029650 0.176917 0.006693
0 0.929011 0.309302 0.042340 0.275000 0.047426
0 0.932403 0.310532 0.047511 0.288111 0.002473
0 0.363883 0.325535 0.022308 0.057721 0.006693
0 0.556175 0.315371 0.012707 0.078236 0.268941
0 0.578816 0.325144 0.013880 0.099562 0.002473
0 0.592762 0.301932 0.023277 0.160427 0.006693
0 0.604902 0.331504 0.016210 0.126065 0.006693
0 0.612258 0.339701 0.016168 0.115030 0.002473
0 0.631067 0.292172 0.064187 0.261964 0.006693
0 0.662351 0.340025 0.025696 0.124754 0.017986
0 0.667376 0.337605 0.026216 0.137327 0.006693
0 0.674957 0.322899 0.024385 0.186845 0.002473
0 0.729622 0.343910 0.025071 0.150389 0.002473
0 0.738259 0.322149 0.033479 0.206916 0.500000
0 0.737524 0.323923 0.031893 0.203295 0.268941
0 0.757738 0.326728 0.022433 0.181857 0.047426
0 0.761278 0.328618 0.023417 0.196883 0.017986
0 0.905947 0.344880 0.044311 0.173630 0.002473
0 0.923219 0.314542 0.053988 0.287364 0.002473
0 0.930231 0.321074 0.042759 0.309133 0.119203
0 0.932007 0.325560 0.048359 0.308807 0.006693
0 0.554117 0.321832 0.017200 0.091016 0.006693
0 0.580384 0.318083 0.017018 0.114135 0.006693
0 0.592762 0.302412 0.023277 0.150400 0.047426
0 0.607395 0.326845 0.017290 0.138295 0.017986
0 0.617213 0.318619 0.027820 0.178455 0.006693
0 0.636834 0.291492 0.063034 0.291078 0.047426
0 0.638242 0.293993 0.061843 0.293321 0.119203
0 0.660177 0.341327 0.029968 0.132262 0.006693
0 0.668860 0.336572 0.025361 0.149045 0.047426
0 0.678640 0.324400 0.032913 0.187507 0.006693
0 0.733543 0.339464 0.033496 0.165966 0.017986
0 0.737488 0.322171 0.032006 0.206822 0.268941
0 0.737351 0.321859 0.031548 0.206102 0.268941
0 0.757877 0.317852 0.021993 0.209960 0.119203
0 0.761292 0.323813 0.023436 0.225065 0.006693
0 0.906685 0.364440 0.057831 0.223571 0.002473
0 0.920640 0.326625 0.059449 0.319811 0.002473
0 0.928650 0.333260 0.046878 0.343876 0.047426
0 0.931276 0.336394 0.047494 0.339405 0.002473
0 0.595672 0.312984 0.025906 0.170534 0.006693
0 0.606737 0.319473 0.020732 0.163190 0.017986
0 0.632213 0.286385 0.056066 0.258584 0.017986
0 0.638858 0.295057 0.059160 0.299309 0.119203
0 0.642932 0.294582 0.064109 0.303791 0.119203
0 0.649938 0.314812 0.050453 0.218016 0.017986
0 0.671121 0.328990 0.026076 0.175589 0.017986
0 0.679759 0.325300 0.041364 0.197699 0.006693
0 0.686019 0.325020 0.047750 0.211527 0.002473
0 0.726616 0.336467 0.035931 0.187324 0.002473
0 0.737474 0.326391 0.031973 0.198453 0.268941
0 0.737524 0.323665 0.031894 0.203901 0.268941
0 0.759123 0.316540 0.025201 0.215190 0.047426
0 0.761492 0.318070 0.029865 0.237147 0.002473
0 0.903995 0.375517 0.070269 0.250745 0.006693
0 0.918489 0.328432 0.067423 0.333896 0.002473
0 0.930119 0.337133 0.059446 0.344484 0.017986
0 0.634295 0.294805 0.056500 0.280740 0.047426
0 0.640302 0.293370 0.058163 0.295549 0.119203
0 0.643221 0.295869 0.063846 0.300446 0.119203
0 0.648211 0.294267 0.059429 0.288230 0.047426
0 0.670692 0.324652 0.025367 0.185737 0.017986
0 0.678856 0.327190 0.039735 0.206846 0.017986
0 0.689803 0.326147 0.055462 0.211860 0.017986
0 0.701686 0.334567 0.054127 0.202922 0.002473
0 0.737327 0.325779 0.031764 0.193389 0.268941
0 0.739063 0.324200 0.028845 0.201601 0.268941
0 0.757408 0.308972 0.028974 0.237654 0.017986
0 0.762602 0.313796 0.027626 0.246932 0.006693
0 0.895923 0.370583 0.090883 0.289664 0.002473
0 0.916172 0.337910 0.079620 0.344347 0.002473
0 0.931000 0.343290 0.068733 0.354237 0.006693
0 0.640642 0.294936 0.058549 0.316046 0.119203
0 0.645265 0.294309 0.059770 0.313055 0.047426
0 0.646733 0.301513 0.057396 0.302651 0.006693
0 0.679209 0.322515 0.042563 0.230913 0.002473
0 0.693248 0.325942 0.042554 0.223941 0.002473
0 0.755706 0.319321 0.038875 0.247120 0.006693
0 0.762667 0.314665 0.025749 0.256092 0.006693
0 0.917865 0.341900 0.085510 0.355021 0.017986
0 0.932004 0.348945 0.074485 0.376789 0.002473
0 0.936100 0.360242 0.086091 0.400968 0.002473
0 0.918095 0.342497 0.085434 0.352528 0.002473
0 0.937413 0.368539 0.092420 0.411820 0.006693
0 0.929727 0.348496 0.088078 0.370368 0.006693
0 0.940739 0.373423 0.099442 0.420220 0.002473
0 0.641061 0.316928 0.103593 0.351975 0.001927
0 0.925187 0.549953 0.152546 0.909544 0.001170
1 0.361441 0.323370 0.032590 0.047888 0.017986
1 0.362694 0.317629 0.024855 0.052744 0.006693
1 0.426433 0.316458 0.028022 0.033794 0.017986
1 0.423653 0.316440 0.028068 0.033703 0.047426
1 0.462638 0.322950 0.032402 0.047431 0.002473
1 0.474530 0.323971 0.034834 0.048989 0.006693
1 0.474095 0.321567 0.036036 0.044230 0.006693
1 0.360061 0.327602 0.029824 0.042010 0.047426
1 0.361413 0.328566 0.027252 0.050441 0.017986
1 0.384517 0.322861 0.020348 0.020997 0.047426
1 0.387416 0.320287 0.025620 0.026236 0.006693
1 0.426432 0.317414 0.028018 0.031936 0.268941
1 0.426506 0.317406 0.027936 0.031890 0.119203
1 0.430901 0.318168 0.028722 0.030994 0.002473
1 0.470014 0.324430 0.034883 0.041812 0.006693
1 0.473579 0.324728 0.034685 0.041100 0.047426
1 0.474117 0.324091 0.033867 0.039369 0.017986
1 0.502402 0.322974 0.025962 0.030641 0.047426
1 0.500054 0.322915 0.024913 0.030502 0.268941
1 0.360967 0.327247 0.027910 0.044710 0.047426
1 0.363883 0.325535 0.022308 0.057721 0.002473
1 0.466278 0.324116 0.035331 0.044364 0.006693
1 0.474523 0.324108 0.034823 0.044274 0.047426
1 0.474772 0.326447 0.035090 0.045895 0.017986
1 0.173868 0.418669 0.355172 0.562810 0.731059
1 0.172668 0.412493 0.348711 0.547667 0.817575
1 0.176528 0.417570 0.353257 0.564262 0.817575
1 0.173705 0.415232 0.346442 0.555107 0.622459
1 0.176191 0.411883 0.347171 0.541907 0.679179
1 0.173597 0.406458 0.346715 0.527899 0.731059
1 0.174087 0.425139 0.355045 0.571777 0.777300
1 0.175744 0.407041 0.345300 0.530277 0.817575
1 0.176610 0.419049 0.347333 0.552149 0.005220
1 0.173023 0.410824 0.344563 0.538427 0.731059
1 0.173368 0.422595 0.350022 0.560516 0.777300
2 0.028175 0.141269 0.050592 0.237176 0.002473
2 0.023595 0.132254 0.053025 0.219145 0.002473
2 0.426433 0.316458 0.028022 0.033794 0.002473
5 0.362694 0.317629 0.024855 0.052744 0.002473
5 0.361413 0.328566 0.027252 0.050441 0.006693
5 0.360967 0.327247 0.027910 0.044710 0.017986
5 0.363883 0.325535 0.022308 0.057721 0.017986
