0 0.181892 0.298451 0.023758 0.138617 0.017986
0 0.329400 0.308420 0.023153 0.169185 0.002473
0 0.348005 0.302775 0.022205 0.159023 0.002473
0 0.181891 0.308467 0.025555 0.158643 0.017986
0 0.293682 0.312417 0.022334 0.115270 0.119203
0 0.308614 0.309043 0.019984 0.109897 0.002473
0 0.323930 0.304393 0.033645 0.161789 0.047426
0 0.328281 0.307735 0.025453 0.168678 0.017986
0 0.349880 0.308024 0.025289 0.153571 0.006693
0 0.356697 0.314496 0.025973 0.142736 0.017986
0 0.365571 0.309637 0.025301 0.132193 0.002473
0 0.182156 0.309202 0.025024 0.160090 0.119203
0 0.183248 0.304939 0.022245 0.151356 0.002473
0 0.290591 0.314870 0.025537 0.109317 0.006693
0 0.294693 0.312911 0.020584 0.114502 0.268941
0 0.307705 0.316335 0.011224 0.105875 0.006693
0 0.325467 0.303713 0.033018 0.162399 0.017986
0 0.327763 0.312968 0.030550 0.179097 0.017986
0 0.353170 0.315875 0.028641 0.163281 0.002473
0 0.359599 0.331937 0.020125 0.127581 0.119203
0 0.368552 0.323256 0.019121 0.089316 0.006693
0 0.375996 0.319677 0.017517 0.082168 0.002473
0 0.406247 0.318894 0.018444 0.080299 0.119203
0 0.481257 0.321816 0.018713 0.092861 0.017986
0 0.519514 0.322367 0.017197 0.109991 0.002473
0 0.625901 0.317452 0.017304 0.083705 0.119203
0 0.625111 0.319328 0.015274 0.087418 0.047426
0 0.659409 0.319761 0.013134 0.110276 0.006693
0 0.006308 0.354699 0.012851 0.178286 0.002473
0 0.180557 0.316222 0.026652 0.174070 0.002473
0 0.181702 0.311326 0.025924 0.174093 0.047426
0 0.183962 0.310735 0.022682 0.146603 0.006693
0 0.245215 0.329727 0.009736 0.076230 0.017986
0 0.260109 0.330396 0.014475 0.077751 0.017986
0 0.291578 0.315701 0.023814 0.108231 0.047426
0 0.293511 0.315297 0.018925 0.119225 0.268941
0 0.304827 0.313302 0.016051 0.105548 0.006693
0 0.331383 0.304066 0.038764 0.170675 0.119203
0 0.332411 0.310632 0.040061 0.180762 0.119203
0 0.343782 0.315701 0.047415 0.170226 0.119203
0 0.356219 0.330034 0.025073 0.130560 0.119203
0 0.372658 0.323637 0.010906 0.081922 0.017986
0 0.376180 0.327766 0.013141 0.062842 0.017986
0 0.406274 0.316924 0.018398 0.074507 0.268941
0 0.416674 0.317608 0.017036 0.052691 0.002473
0 0.473686 0.318364 0.017394 0.058121 0.006693
0 0.481187 0.324419 0.018573 0.080582 0.047426
0 0.506025 0.316462 0.037885 0.180031 0.006693
0 0.624963 0.320163 0.015409 0.077886 0.119203
0 0.625042 0.319408 0.015404 0.079411 0.119203
0 0.658732 0.329911 0.017517 0.098973 0.017986
0 0.666663 0.332400 0.017130 0.093887 0.002473
0 0.870812 0.299173 0.033305 0.220018 0.006693
0 0.004858 0.364587 0.009792 0.158040 0.002473
0 0.180528 0.312372 0.026597 0.167191 0.002473
0 0.181708 0.310092 0.024127 0.162449 0.047426
0 0.183805 0.309556 0.023218 0.152245 0.006693
0 0.232860 0.338370 0.010040 0.063534 0.002473
0 0.243764 0.329882 0.012555 0.076075 0.047426
0 0.259141 0.330478 0.012666 0.077756 0.047426
0 0.291437 0.313905 0.023420 0.112371 0.119203
0 0.293469 0.312959 0.022648 0.108128 0.268941
0 0.303610 0.316579 0.014739 0.105416 0.006693
0 0.333797 0.307241 0.042962 0.176995 0.119203
0 0.338631 0.309892 0.046669 0.182297 0.268941
0 0.340876 0.312124 0.053228 0.177615 0.047426
0 0.351582 0.322924 0.033610 0.145762 0.119203
0 0.371723 0.325389 0.012767 0.078496 0.006693
0 0.375932 0.327898 0.011848 0.062713 0.006693
0 0.404890 0.315260 0.015594 0.068187 0.119203
0 0.413265 0.320420 0.014075 0.057023 0.006693
0 0.482021 0.330404 0.020944 0.075718 0.047426
0 0.493889 0.321435 0.050117 0.132441 0.017986
0 0.504528 0.311921 0.035105 0.178027 0.500000
0 0.506461 0.316646 0.037451 0.160056 0.119203
0 0.534157 0.327004 0.012635 0.044131 0.002473
0 0.624962 0.319400 0.015409 0.079418 0.268941
0 0.624170 0.320924 0.017148 0.082458 0.119203
0 0.658897 0.330372 0.017954 0.099276 0.047426
0 0.665294 0.333672 0.014420 0.082673 0.006693
0 0.868346 0.300849 0.032242 0.225323 0.017986
0 0.868783 0.292647 0.031621 0.235766 0.006693
0 0.004858 0.370764 0.009792 0.153101 0.017986
0 0.181076 0.309714 0.019055 0.162120 0.047426
0 0.194817 0.345577 0.010522 0.072782 0.002473
0 0.232790 0.343610 0.009900 0.062803 0.002473
0 0.243849 0.330881 0.012782 0.078032 0.047426
0 0.259107 0.329455 0.012732 0.074598 0.047426
0 0.263224 0.335781 0.014556 0.060741 0.006693
0 0.291423 0.313539 0.023374 0.113156 0.047426
0 0.293569 0.312969 0.019073 0.108172 0.268941
0 0.298811 0.315379 0.019505 0.109163 0.006693
0 0.336124 0.308162 0.047624 0.185262 0.119203
0 0.340522 0.308974 0.050368 0.183489 0.268941
0 0.340782 0.309854 0.049676 0.181808 0.047426
0 0.346457 0.317907 0.042799 0.156224 0.119203
0 0.371686 0.323898 0.012838 0.084627 0.006693
0 0.376701 0.327344 0.010362 0.070357 0.017986
0 0.404891 0.319409 0.015596 0.069550 0.268941
0 0.410703 0.322478 0.019095 0.064827 0.047426
0 0.476362 0.330293 0.028115 0.048617 0.006693
0 0.480829 0.322952 0.020308 0.083919 0.047426
0 0.499242 0.313831 0.045556 0.174468 0.119203
0 0.503225 0.312002 0.037741 0.177978 0.500000
0 0.504278 0.313587 0.035944 0.174708 0.268941
0 0.624890 0.320156 0.015264 0.077752 0.268941
0 0.625103 0.320181 0.019023 0.077868 0.268941
0 0.660769 0.327970 0.016031 0.094538 0.047426
0 0.665929 0.333034 0.019431 0.083963 0.002473
0 0.868425 0.287690 0.032282 0.260429 0.017986
0 0.868651 0.290519 0.031623 0.231545 0.002473
0 0.906198 0.272339 0.050608 0.315983 0.017986
0 0.907904 0.286482 0.050304 0.351322 0.017986
0 0.909447 0.285658 0.052293 0.350717 0.017986
0 0.006361 0.386698 0.012750 0.103508 0.002473
0 0.181259 0.322123 0.018727 0.137198 0.047426
0 0.203106 0.347869 0.013303 0.064247 0.002473
0 0.235209 0.344145 0.011025 0.061853 0.002473
0 0.248400 0.332226 0.016160 0.075992 0.017986
0 0.260028 0.336750 0.014929 0.060690 0.119203
0 0.292346 0.316078 0.025303 0.108264 0.047426
0 0.292625 0.315325 0.020962 0.109730 0.268941
0 0.298088 0.313099 0.019859 0.114627 0.006693
0 0.337464 0.309879 0.050302 0.182193 0.268941
0 0.339000 0.311320 0.053056 0.185182 0.119203
0 0.341646 0.311374 0.051616 0.178816 0.047426
0 0.346113 0.315606 0.042758 0.160646 0.047426
0 0.361537 0.322995 0.021797 0.095617 0.017986
0 0.479345 0.330484 0.034060 0.075369 0.047426
0 0.482885 0.327243 0.028399 0.106237 0.017986
0 0.498791 0.318265 0.046341 0.171778 0.119203
0 0.501533 0.311923 0.041122 0.177685 0.119203
0 0.504196 0.316499 0.036103 0.174645 0.268941
0 0.626045 0.323410 0.017178 0.087365 0.002473
0 0.659721 0.328533 0.019933 0.102850 0.017986
0 0.665254 0.330456 0.019948 0.098822 0.006693
0 0.868428 0.287495 0.032273 0.292170 0.006693
0 0.868651 0.281091 0.031623 0.246251 0.006693
0 0.867383 0.297382 0.034885 0.209282 0.002473
0 0.907292 0.283165 0.048820 0.336455 0.006693
0 0.907738 0.285761 0.053918 0.359811 0.017986
0 0.908959 0.290037 0.053269 0.366116 0.047426
0 0.008543 0.391670 0.017164 0.152031 0.002473
0 0.180506 0.362697 0.019966 0.056723 0.017986
0 0.337100 0.309870 0.056220 0.182359 0.268941
0 0.337578 0.309760 0.055888 0.188810 0.119203
0 0.339414 0.309654 0.052333 0.188348 0.119203
0 0.346296 0.312816 0.038623 0.175970 0.119203
0 0.356849 0.323233 0.030802 0.146109 0.006693
0 0.493117 0.329729 0.049182 0.149210 0.017986
0 0.499904 0.320521 0.050016 0.161069 0.047426
0 0.501965 0.318570 0.045881 0.164267 0.268941
0 0.504788 0.321900 0.034879 0.163853 0.119203
0 0.864447 0.289823 0.036547 0.317187 0.017986
0 0.868565 0.279408 0.031295 0.239448 0.006693
0 0.867955 0.322895 0.029775 0.158749 0.002473
0 0.908121 0.302970 0.051977 0.368493 0.006693
0 0.905924 0.294089 0.056188 0.364654 0.017986
0 0.907543 0.297087 0.053963 0.370512 0.047426
0 0.012133 0.392389 0.024419 0.175810 0.006693
0 0.333592 0.309376 0.056449 0.199254 0.006693
0 0.848505 0.312029 0.067853 0.361269 0.017986
0 0.860265 0.313830 0.044445 0.270748 0.002473
0 0.895661 0.343859 0.076403 0.346821 0.002473
0 0.900573 0.318159 0.068778 0.380988 0.006693
0 0.902142 0.354125 0.065484 0.304056 0.006693
0 0.012021 0.388951 0.024516 0.194956 0.006693
0 0.010728 0.389254 0.022166 0.200747 0.017986
0 0.011800 0.388014 0.024309 0.196549 0.002473
1 0.454114 0.327795 0.027468 0.030698 0.268941
1 0.453979 0.325594 0.027039 0.035842 0.500000
1 0.467973 0.327822 0.036127 0.041410 0.006693
1 0.455497 0.328559 0.026534 0.032369 0.047426
1 0.454161 0.328575 0.027430 0.032330 0.047426
2 0.416674 0.317608 0.017036 0.052691 0.002473
2 0.413265 0.320420 0.014075 0.057023 0.002473
