0 0.417226 0.304829 0.028296 0.177168 0.002473
0 0.427233 0.304232 0.021483 0.175345 0.006693
0 0.338935 0.310111 0.028008 0.120282 0.006693
0 0.358529 0.311909 0.025228 0.108350 0.017986
0 0.410293 0.298870 0.021543 0.166242 0.002473
0 0.431118 0.300712 0.025389 0.170785 0.002473
0 0.443197 0.304650 0.020590 0.127721 0.002473
0 0.591761 0.306802 0.017495 0.175396 0.002473
0 0.607146 0.306558 0.027189 0.183362 0.002473
0 0.156212 0.332674 0.018835 0.114204 0.002473
0 0.262479 0.324297 0.019229 0.091182 0.047426
0 0.263271 0.322733 0.014050 0.094189 0.119203
0 0.281251 0.322334 0.018757 0.087205 0.006693
0 0.310416 0.320615 0.015191 0.084800 0.006693
0 0.337560 0.314916 0.031067 0.129751 0.268941
0 0.337784 0.312518 0.031374 0.125009 0.268941
0 0.359846 0.322717 0.014011 0.094726 0.047426
0 0.365695 0.318885 0.019081 0.080434 0.006693
0 0.384744 0.309718 0.014359 0.078057 0.006693
0 0.393719 0.313344 0.018419 0.085127 0.047426
0 0.441869 0.325755 0.023179 0.124588 0.006693
0 0.534369 0.317266 0.018787 0.083414 0.268941
0 0.536280 0.314886 0.021699 0.078544 0.119203
0 0.580215 0.324141 0.017382 0.108952 0.002473
0 0.591418 0.309695 0.024490 0.161341 0.002473
0 0.695205 0.325432 0.015847 0.100294 0.002473
0 0.711078 0.325708 0.022526 0.111903 0.002473
0 0.716695 0.329209 0.022829 0.119166 0.047426
0 0.004768 0.345672 0.009972 0.180591 0.002473
0 0.137491 0.343667 0.019217 0.104645 0.119203
0 0.139004 0.343706 0.016251 0.104372 0.500000
0 0.158659 0.337637 0.017375 0.101866 0.119203
0 0.174241 0.337156 0.014086 0.075234 0.002473
0 0.175163 0.334477 0.013592 0.076267 0.002473
0 0.214807 0.312195 0.029965 0.183917 0.268941
0 0.213963 0.312195 0.028011 0.183891 0.268941
0 0.262486 0.324758 0.019210 0.090178 0.047426
0 0.264188 0.324071 0.015884 0.085725 0.268941
0 0.282697 0.324894 0.015557 0.076382 0.119203
0 0.288248 0.325515 0.014121 0.068492 0.006693
0 0.311121 0.326872 0.012729 0.070727 0.119203
0 0.314693 0.327993 0.015156 0.063556 0.006693
0 0.337493 0.314914 0.031222 0.120169 0.119203
0 0.339032 0.312464 0.028149 0.124936 0.268941
0 0.359359 0.322899 0.018871 0.094361 0.268941
0 0.366414 0.320573 0.024719 0.082009 0.002473
0 0.373271 0.312022 0.031122 0.069514 0.002473
0 0.393753 0.314952 0.018399 0.088005 0.119203
0 0.417255 0.309897 0.040718 0.191975 0.017986
0 0.421620 0.309702 0.043575 0.193227 0.002473
0 0.440025 0.331929 0.030702 0.128083 0.017986
0 0.534358 0.315285 0.018852 0.077783 0.119203
0 0.538210 0.315344 0.017820 0.077656 0.268941
0 0.665582 0.323117 0.013075 0.079552 0.006693
0 0.713777 0.328449 0.027921 0.113788 0.006693
0 0.715373 0.329748 0.029977 0.122182 0.119203
0 0.873512 0.309193 0.031156 0.206814 0.002473
0 0.875991 0.310651 0.032657 0.203929 0.002473
0 0.003885 0.363096 0.007846 0.132078 0.006693
0 0.138438 0.343676 0.017376 0.104169 0.119203
0 0.139001 0.343678 0.016241 0.094634 0.268941
0 0.157791 0.336761 0.015665 0.100366 0.119203
0 0.174073 0.340895 0.011839 0.068377 0.002473
0 0.175485 0.338556 0.012740 0.062547 0.017986
0 0.212524 0.312216 0.030886 0.177551 0.500000
0 0.213984 0.310928 0.027969 0.180120 0.268941
0 0.262467 0.323655 0.019174 0.084920 0.119203
0 0.264182 0.324947 0.015872 0.088674 0.268941
0 0.281304 0.325342 0.012765 0.077251 0.268941
0 0.287800 0.325594 0.013168 0.067292 0.017986
0 0.311308 0.327768 0.013103 0.062520 0.268941
0 0.313738 0.328163 0.016845 0.061864 0.017986
0 0.337490 0.312538 0.031225 0.124946 0.268941
0 0.337548 0.314929 0.031117 0.120101 0.268941
0 0.359286 0.320286 0.019031 0.099175 0.268941
0 0.364871 0.322349 0.029398 0.091157 0.017986
0 0.392398 0.312603 0.015683 0.083231 0.119203
0 0.420613 0.309286 0.047438 0.190781 0.017986
0 0.425282 0.306625 0.056477 0.196226 0.006693
0 0.427682 0.309001 0.055371 0.191334 0.268941
0 0.533382 0.317691 0.016929 0.082561 0.268941
0 0.537781 0.316954 0.018706 0.074518 0.268941
0 0.602767 0.313427 0.044586 0.196498 0.017986
0 0.606126 0.313267 0.043701 0.195406 0.002473
0 0.666086 0.322855 0.017890 0.073918 0.017986
0 0.715047 0.330355 0.030465 0.119469 0.006693
0 0.716678 0.329034 0.027395 0.123322 0.119203
0 0.872085 0.305903 0.032066 0.202034 0.002473
0 0.873057 0.307661 0.031721 0.188976 0.002473
0 0.905330 0.333438 0.045549 0.184738 0.002473
0 0.004838 0.369051 0.009831 0.132209 0.006693
0 0.138402 0.343650 0.017305 0.104378 0.119203
0 0.139183 0.341331 0.015876 0.099343 0.268941
0 0.156339 0.336090 0.018564 0.098753 0.268941
0 0.171744 0.339368 0.012757 0.071630 0.006693
0 0.175567 0.336784 0.011846 0.065243 0.006693
0 0.212534 0.312207 0.030870 0.183849 0.268941
0 0.212526 0.310634 0.025084 0.180705 0.268941
0 0.263417 0.322500 0.017322 0.085437 0.268941
0 0.262777 0.322958 0.018682 0.086459 0.500000
0 0.282723 0.326756 0.015502 0.071461 0.119203
0 0.288271 0.327103 0.014112 0.070842 0.006693
0 0.311297 0.325670 0.013120 0.066740 0.119203
0 0.312615 0.328775 0.015291 0.061144 0.047426
0 0.337491 0.314937 0.030929 0.120119 0.268941
0 0.337548 0.314918 0.030850 0.120079 0.268941
0 0.360771 0.322545 0.016041 0.104404 0.268941
0 0.359978 0.322563 0.021028 0.094747 0.047426
0 0.395156 0.312632 0.015688 0.083337 0.047426
0 0.428083 0.306536 0.056487 0.196429 0.500000
0 0.426720 0.307228 0.059173 0.196831 0.268941
0 0.428404 0.308631 0.055920 0.185860 0.500000
0 0.533385 0.315336 0.016925 0.077710 0.268941
0 0.535197 0.315395 0.020119 0.077699 0.119203
0 0.592836 0.313446 0.064424 0.196606 0.731059
0 0.594413 0.313446 0.061303 0.196601 0.268941
0 0.600007 0.315798 0.050153 0.201244 0.017986
0 0.664650 0.323718 0.015019 0.081872 0.047426
0 0.715088 0.329315 0.030547 0.122771 0.017986
0 0.714992 0.328979 0.030000 0.123445 0.047426
0 0.870617 0.314563 0.034667 0.185254 0.006693
0 0.907079 0.335107 0.049046 0.203860 0.002473
0 0.910307 0.338911 0.043020 0.196637 0.002473
0 0.004985 0.373257 0.010047 0.132709 0.002473
0 0.107742 0.349233 0.010002 0.062185 0.002473
0 0.138401 0.341252 0.017305 0.099538 0.119203
0 0.138245 0.343740 0.014012 0.104149 0.268941
0 0.157772 0.338699 0.015702 0.093802 0.119203
0 0.171632 0.339837 0.012719 0.072069 0.006693
0 0.175330 0.341207 0.013242 0.068470 0.006693
0 0.214040 0.312092 0.028135 0.183637 0.268941
0 0.213984 0.313674 0.027970 0.180469 0.268941
0 0.241579 0.330509 0.017849 0.073408 0.002473
0 0.262462 0.322676 0.019181 0.085811 0.119203
0 0.262790 0.323396 0.018725 0.087401 0.268941
0 0.283642 0.326049 0.017421 0.079105 0.047426
0 0.311118 0.330864 0.017287 0.069584 0.002473
0 0.337420 0.315012 0.031088 0.120044 0.268941
0 0.336122 0.315079 0.028106 0.119957 0.500000
0 0.358841 0.320777 0.018038 0.098829 0.500000
0 0.360080 0.323655 0.020447 0.102802 0.047426
0 0.395164 0.318592 0.022838 0.110332 0.002473
0 0.426418 0.309987 0.059770 0.192609 0.047426
0 0.427652 0.309485 0.061461 0.192336 0.268941
0 0.427117 0.306558 0.060235 0.196457 0.500000
0 0.429133 0.306599 0.058287 0.196460 0.500000
0 0.451615 0.331769 0.024545 0.126103 0.006693
0 0.593816 0.325267 0.062649 0.172770 0.047426
0 0.592335 0.313565 0.065366 0.196541 0.500000
0 0.592338 0.315121 0.065364 0.202982 0.500000
0 0.596066 0.313485 0.058029 0.196644 0.268941
0 0.668283 0.325744 0.020541 0.089114 0.002473
0 0.715534 0.329365 0.031435 0.123089 0.047426
0 0.714283 0.329031 0.028368 0.123757 0.047426
0 0.720476 0.339443 0.029093 0.103130 0.002473
0 0.869099 0.309489 0.031630 0.219472 0.002473
0 0.905947 0.354520 0.056020 0.243409 0.006693
0 0.136524 0.343776 0.017317 0.104168 0.119203
0 0.138245 0.341115 0.014012 0.099838 0.268941
0 0.158700 0.338004 0.018447 0.106323 0.047426
0 0.167324 0.345136 0.015811 0.085920 0.006693
0 0.213949 0.313763 0.028056 0.180339 0.500000
0 0.213966 0.313883 0.028020 0.180579 0.500000
0 0.403068 0.312612 0.026471 0.178835 0.047426
0 0.426600 0.306157 0.059353 0.196012 0.500000
0 0.427103 0.306243 0.060203 0.195839 0.500000
0 0.427960 0.306259 0.056736 0.195910 0.731059
0 0.592314 0.330394 0.065391 0.172427 0.119203
0 0.592312 0.315433 0.065380 0.192822 0.268941
0 0.593752 0.314978 0.062500 0.193708 0.731059
0 0.595319 0.313391 0.059421 0.196986 0.047426
0 0.715200 0.326068 0.031400 0.129943 0.119203
0 0.715188 0.332110 0.029607 0.127454 0.268941
0 0.897575 0.351879 0.053017 0.304764 0.006693
0 0.900940 0.369535 0.068542 0.274295 0.006693
0 0.592319 0.318987 0.065366 0.185772 0.119203
0 0.593754 0.318168 0.062502 0.187432 0.268941
0 0.850572 0.323431 0.074388 0.365786 0.002473
0 0.892984 0.356869 0.084120 0.329363 0.002473
0 0.893793 0.376062 0.085515 0.287190 0.002473
0 0.013809 0.374025 0.028327 0.217551 0.002473
0 0.850055 0.330139 0.076248 0.375574 0.002473
0 0.012232 0.380384 0.025165 0.205350 0.006693
0 0.014030 0.381855 0.028275 0.197694 0.002473
1 0.373675 0.310368 0.028913 0.069447 0.006693
1 0.457910 0.324514 0.022029 0.033791 0.119203
1 0.475232 0.322925 0.031327 0.030549 0.119203
1 0.476729 0.322912 0.028510 0.030508 0.119203
1 0.490576 0.324456 0.025253 0.033734 0.006693
1 0.501514 0.325308 0.022344 0.025782 0.119203
1 0.456785 0.325019 0.024331 0.042614 0.006693
1 0.495025 0.326604 0.017401 0.039556 0.002473
5 0.593816 0.325267 0.062649 0.172770 0.002473
5 0.592314 0.330394 0.065391 0.172427 0.006693
