0 0.346358 0.282770 0.032097 0.219165 0.002473
0 0.546663 0.310300 0.019281 0.154051 0.006693
0 0.159319 0.320918 0.024587 0.132350 0.017986
0 0.181425 0.319054 0.019208 0.128634 0.006693
0 0.344987 0.278849 0.029362 0.205958 0.017986
0 0.348912 0.282255 0.027580 0.187607 0.002473
0 0.438064 0.308903 0.026263 0.118624 0.006693
0 0.445164 0.309784 0.027871 0.129571 0.017986
0 0.450075 0.309403 0.025212 0.119683 0.017986
0 0.543222 0.317005 0.027914 0.156935 0.119203
0 0.593713 0.309096 0.029095 0.176240 0.047426
0 0.606405 0.311210 0.019267 0.161784 0.006693
0 0.622098 0.317148 0.020272 0.119440 0.002473
0 0.887511 0.315484 0.025981 0.205708 0.002473
0 0.158527 0.324930 0.023002 0.133569 0.119203
0 0.161167 0.321896 0.022137 0.129761 0.006693
0 0.180455 0.328546 0.021064 0.139731 0.017986
0 0.249075 0.319914 0.017389 0.098806 0.017986
0 0.251517 0.320330 0.016274 0.099102 0.119203
0 0.264854 0.322445 0.014754 0.093647 0.119203
0 0.275916 0.319836 0.019651 0.089110 0.002473
0 0.314436 0.317895 0.023353 0.084686 0.002473
0 0.318682 0.319339 0.018575 0.087419 0.268941
0 0.344919 0.283756 0.029216 0.214158 0.017986
0 0.350259 0.279310 0.024996 0.181036 0.002473
0 0.379998 0.322167 0.025606 0.093455 0.002473
0 0.381249 0.320401 0.022469 0.089573 0.500000
0 0.383504 0.312701 0.023608 0.084531 0.002473
0 0.439170 0.312364 0.034275 0.125180 0.047426
0 0.443956 0.312369 0.037130 0.125255 0.017986
0 0.450922 0.309853 0.029099 0.129307 0.047426
0 0.474801 0.312068 0.019672 0.073368 0.006693
0 0.477927 0.308777 0.020231 0.076777 0.017986
0 0.536302 0.320088 0.022741 0.127569 0.006693
0 0.543687 0.314897 0.031473 0.144124 0.047426
0 0.547360 0.321149 0.024766 0.131382 0.002473
0 0.573342 0.322219 0.015956 0.103060 0.017986
0 0.577129 0.327531 0.015004 0.113712 0.047426
0 0.594181 0.313697 0.030037 0.168755 0.119203
0 0.607179 0.325585 0.016866 0.140496 0.017986
0 0.623771 0.319293 0.016815 0.097591 0.119203
0 0.628156 0.315658 0.018832 0.090444 0.017986
0 0.889439 0.314469 0.023726 0.192845 0.002473
0 0.889202 0.320268 0.028205 0.204196 0.002473
0 0.159534 0.326054 0.025013 0.141245 0.047426
0 0.160107 0.326489 0.020314 0.138985 0.047426
0 0.181592 0.324914 0.020660 0.136475 0.006693
0 0.249913 0.317525 0.019096 0.103589 0.047426
0 0.250137 0.320308 0.015316 0.099201 0.047426
0 0.264804 0.322635 0.014661 0.093399 0.268941
0 0.278101 0.323660 0.013313 0.078725 0.006693
0 0.295200 0.329447 0.009656 0.066026 0.047426
0 0.317348 0.319205 0.015678 0.086541 0.500000
0 0.343773 0.291767 0.025078 0.212912 0.017986
0 0.352229 0.288689 0.021056 0.159185 0.002473
0 0.379282 0.320429 0.028128 0.088251 0.006693
0 0.381062 0.320101 0.022847 0.088967 0.268941
0 0.442065 0.312763 0.040340 0.124473 0.002473
0 0.443882 0.310112 0.037475 0.129774 0.500000
0 0.447344 0.310056 0.036274 0.129887 0.002473
0 0.474450 0.315668 0.031825 0.063445 0.002473
0 0.475180 0.315593 0.025645 0.063943 0.006693
0 0.542711 0.318503 0.029679 0.136980 0.002473
0 0.543653 0.315950 0.031540 0.143181 0.268941
0 0.574259 0.326426 0.014063 0.110976 0.119203
0 0.579127 0.332811 0.016936 0.124494 0.119203
0 0.595750 0.314214 0.033524 0.181002 0.268941
0 0.599695 0.311544 0.031829 0.169612 0.017986
0 0.622314 0.317665 0.019704 0.094025 0.119203
0 0.625293 0.316699 0.018730 0.091514 0.017986
0 0.764661 0.329606 0.029523 0.153861 0.002473
0 0.888032 0.319115 0.026550 0.170885 0.006693
0 0.891414 0.317170 0.027144 0.185790 0.006693
0 0.902552 0.323605 0.042189 0.181149 0.006693
0 0.004821 0.365374 0.009865 0.130471 0.002473
0 0.160041 0.325628 0.020242 0.140097 0.047426
0 0.158682 0.327208 0.023245 0.136885 0.119203
0 0.218752 0.332600 0.012590 0.064488 0.002473
0 0.250938 0.319084 0.017380 0.095796 0.047426
0 0.251100 0.317980 0.017252 0.104237 0.119203
0 0.263884 0.322915 0.012757 0.093957 0.119203
0 0.278311 0.331086 0.012890 0.062780 0.017986
0 0.297580 0.329526 0.010645 0.059168 0.119203
0 0.318813 0.315052 0.018619 0.088128 0.500000
0 0.330351 0.321166 0.036357 0.077944 0.002473
0 0.344977 0.306301 0.029408 0.228045 0.017986
0 0.378942 0.322302 0.027157 0.088798 0.047426
0 0.380544 0.317713 0.023599 0.093744 0.500000
0 0.383948 0.318882 0.022979 0.082898 0.002473
0 0.442299 0.312555 0.040436 0.125025 0.268941
0 0.445219 0.310021 0.040330 0.120410 0.268941
0 0.443806 0.312535 0.043336 0.124958 0.268941
0 0.542776 0.317684 0.029788 0.146462 0.268941
0 0.542778 0.317631 0.029769 0.146542 0.500000
0 0.541387 0.319512 0.032781 0.142360 0.119203
0 0.573821 0.332735 0.013143 0.113818 0.047426
0 0.579778 0.331169 0.020320 0.138660 0.017986
0 0.596398 0.313936 0.032229 0.181588 0.268941
0 0.596913 0.314753 0.031340 0.179817 0.500000
0 0.623765 0.311106 0.016799 0.090479 0.268941
0 0.624165 0.312670 0.017170 0.083732 0.047426
0 0.729783 0.321041 0.009942 0.059254 0.002473
0 0.759005 0.352015 0.032556 0.135460 0.002473
0 0.762017 0.340239 0.034811 0.165117 0.006693
0 0.887853 0.321102 0.026767 0.164984 0.002473
0 0.894931 0.320072 0.039123 0.193640 0.006693
0 0.904667 0.326143 0.052855 0.215683 0.006693
0 0.004856 0.368519 0.009795 0.124075 0.006693
0 0.158519 0.325516 0.023025 0.140702 0.119203
0 0.158770 0.322748 0.023289 0.136290 0.119203
0 0.181428 0.344140 0.019220 0.092486 0.002473
0 0.252369 0.322276 0.020286 0.095594 0.047426
0 0.251127 0.320772 0.017616 0.098765 0.017986
0 0.264758 0.324321 0.015353 0.091122 0.119203
0 0.282551 0.337600 0.016149 0.052786 0.002473
0 0.295229 0.328245 0.009716 0.061763 0.119203
0 0.318816 0.319362 0.018581 0.085587 0.500000
0 0.345649 0.302329 0.032979 0.241240 0.119203
0 0.349534 0.307783 0.026412 0.213339 0.017986
0 0.379804 0.318380 0.025105 0.094133 0.047426
0 0.380967 0.317720 0.022648 0.093755 0.500000
0 0.382016 0.318117 0.024723 0.094309 0.002473
0 0.442292 0.309716 0.040422 0.130668 0.268941
0 0.445263 0.309660 0.040238 0.130731 0.268941
0 0.443746 0.310011 0.037564 0.129996 0.500000
0 0.475092 0.322565 0.025188 0.063305 0.006693
0 0.542778 0.317665 0.029782 0.146684 0.268941
0 0.543652 0.316081 0.031518 0.143404 0.500000
0 0.542819 0.315497 0.029868 0.144555 0.119203
0 0.575280 0.330486 0.014254 0.119213 0.047426
0 0.588979 0.324935 0.034204 0.142184 0.047426
0 0.594957 0.317605 0.029264 0.167935 0.268941
0 0.595488 0.311862 0.028522 0.178156 0.268941
0 0.622314 0.310681 0.019686 0.089651 0.268941
0 0.624164 0.312650 0.017169 0.093610 0.047426
0 0.763050 0.341695 0.036846 0.167449 0.119203
0 0.762567 0.338065 0.035856 0.174706 0.047426
0 0.889545 0.329610 0.030160 0.144379 0.002473
0 0.897432 0.313824 0.044500 0.183026 0.002473
0 0.906024 0.329411 0.055540 0.213971 0.006693
0 0.004870 0.377328 0.009768 0.087107 0.002473
0 0.159340 0.323967 0.018840 0.133532 0.119203
0 0.158236 0.324255 0.022357 0.132053 0.047426
0 0.251492 0.343887 0.022306 0.052624 0.047426
0 0.254218 0.336625 0.023519 0.067146 0.017986
0 0.263209 0.346435 0.018428 0.041295 0.006693
0 0.296725 0.332360 0.012937 0.066485 0.002473
0 0.319075 0.321021 0.019392 0.089279 0.006693
0 0.344752 0.320641 0.035322 0.208091 0.047426
0 0.346286 0.297398 0.032289 0.249936 0.268941
0 0.346963 0.297340 0.031551 0.249839 0.119203
0 0.380239 0.321040 0.024216 0.089185 0.006693
0 0.380970 0.320764 0.022642 0.089623 0.047426
0 0.430476 0.327584 0.031309 0.096286 0.002473
0 0.443685 0.312546 0.037454 0.124970 0.268941
0 0.443770 0.312439 0.037466 0.125238 0.268941
0 0.443758 0.312538 0.037533 0.124968 0.731059
0 0.466056 0.328170 0.020998 0.077929 0.002473
0 0.543655 0.320501 0.031536 0.140994 0.500000
0 0.542712 0.320225 0.029637 0.141388 0.500000
0 0.542817 0.320492 0.029863 0.140815 0.268941
0 0.576726 0.334985 0.017164 0.120495 0.047426
0 0.588782 0.323857 0.034499 0.153569 0.119203
0 0.594772 0.317270 0.028896 0.173779 0.268941
0 0.595638 0.315704 0.028821 0.170538 0.268941
0 0.621530 0.326230 0.025151 0.131119 0.017986
0 0.625003 0.325757 0.025368 0.121002 0.047426
0 0.764227 0.344356 0.034691 0.154895 0.119203
0 0.763697 0.339887 0.033573 0.163605 0.119203
0 0.894131 0.323312 0.031694 0.186394 0.002473
0 0.906039 0.337797 0.055925 0.278178 0.017986
0 0.908378 0.337311 0.051916 0.292771 0.002473
0 0.006945 0.389132 0.013969 0.122702 0.002473
0 0.159162 0.326055 0.018460 0.130039 0.268941
0 0.159756 0.326700 0.019575 0.128947 0.047426
0 0.343127 0.302283 0.038998 0.245409 0.731059
0 0.346233 0.295227 0.032641 0.254405 0.268941
0 0.344307 0.297884 0.036859 0.254238 0.268941
0 0.542545 0.320791 0.029326 0.140466 0.002473
0 0.542712 0.322758 0.029638 0.136533 0.268941
0 0.577390 0.329803 0.020548 0.132199 0.017986
0 0.586257 0.324202 0.033285 0.153254 0.047426
0 0.595330 0.320308 0.028203 0.161513 0.047426
0 0.599344 0.324555 0.036196 0.159242 0.119203
0 0.610554 0.324410 0.052644 0.159509 0.017986
0 0.618259 0.327101 0.041323 0.154267 0.006693
0 0.764163 0.342860 0.034557 0.157396 0.047426
0 0.764151 0.340829 0.034431 0.161544 0.047426
0 0.770510 0.343723 0.051020 0.163675 0.002473
0 0.898791 0.351457 0.042710 0.274318 0.002473
0 0.905474 0.337942 0.059412 0.328202 0.017986
0 0.012101 0.391833 0.024356 0.157089 0.002473
0 0.342791 0.296669 0.039433 0.258070 0.500000
0 0.345230 0.296158 0.034352 0.257700 0.268941
0 0.345429 0.293914 0.034313 0.262344 0.268941
0 0.589409 0.328343 0.023788 0.161054 0.002473
0 0.764072 0.341841 0.034387 0.159385 0.119203
0 0.763747 0.339928 0.033302 0.153709 0.119203
0 0.898401 0.355476 0.074583 0.319083 0.002473
0 0.900588 0.343643 0.069091 0.340019 0.006693
0 0.012381 0.390362 0.025282 0.192536 0.002473
0 0.896594 0.351040 0.083317 0.315156 0.002473
0 0.010734 0.384037 0.022177 0.197055 0.002473
1 0.423379 0.315348 0.022136 0.037902 0.017986
1 0.474450 0.315668 0.031825 0.063445 0.002473
1 0.406864 0.324387 0.014099 0.034532 0.047426
1 0.420702 0.319450 0.023338 0.038183 0.047426
1 0.476498 0.325075 0.028158 0.046891 0.119203
1 0.476558 0.326846 0.028129 0.040743 0.119203
1 0.483452 0.327602 0.035600 0.032426 0.006693
1 0.498550 0.330420 0.022217 0.026701 0.006693
1 0.475153 0.323414 0.031119 0.061779 0.017986
1 0.475092 0.322565 0.025188 0.063305 0.017986
1 0.486556 0.326635 0.033026 0.045703 0.002473
2 0.423379 0.315348 0.022136 0.037902 0.017986
2 0.420702 0.319450 0.023338 0.038183 0.002473
3 0.423379 0.315348 0.022136 0.037902 0.002473
3 0.420702 0.319450 0.023338 0.038183 0.002473
