0 0.893926 0.332849 0.019122 0.114718 0.017986
0 0.003859 0.323491 0.007798 0.085646 0.002473
0 0.410179 0.310352 0.010885 0.028274 0.002473
0 0.596145 0.311913 0.007791 0.042225 0.002473
0 0.892807 0.334354 0.020605 0.106354 0.268941
0 0.407761 0.314578 0.009853 0.028148 0.006693
0 0.596158 0.312441 0.007841 0.041916 0.002473
0 0.888991 0.339659 0.022838 0.096964 0.002473
0 0.892117 0.335978 0.016138 0.103122 0.268941
0 0.892114 0.335159 0.016140 0.104755 0.047426
0 0.888953 0.337830 0.022361 0.095576 0.006693
0 0.891307 0.340207 0.018328 0.100952 0.268941
0 0.888859 0.340521 0.022572 0.101300 0.002473
0 0.893315 0.340508 0.020324 0.101049 0.119203
1 0.385177 0.317864 0.035895 0.054604 0.002473
1 0.388944 0.318728 0.027946 0.054289 0.268941
1 0.388961 0.316341 0.027927 0.059044 0.268941
1 0.410179 0.310352 0.010885 0.028274 0.002473
1 0.288458 0.359355 0.208051 0.177123 0.880797
1 0.385117 0.315558 0.035839 0.059810 0.017986
1 0.389803 0.318748 0.029977 0.054264 0.268941
1 0.388983 0.316356 0.027979 0.059045 0.500000
1 0.407761 0.314578 0.009853 0.028148 0.006693
1 0.413878 0.312928 0.013532 0.031435 0.002473
1 0.520232 0.319317 0.009705 0.018892 0.002473
1 0.546627 0.322877 0.012745 0.011358 0.006693
1 0.577748 0.318074 0.019943 0.020962 0.002473
1 0.288526 0.356591 0.207914 0.181421 0.500000
1 0.289908 0.356638 0.205146 0.181327 0.500000
1 0.288527 0.355900 0.207903 0.179800 0.731059
1 0.388873 0.318922 0.028195 0.054670 0.268941
1 0.389093 0.318869 0.027661 0.054746 0.268941
1 0.287582 0.355882 0.206027 0.179833 0.731059
1 0.288534 0.355887 0.207894 0.179831 0.731059
1 0.288527 0.355886 0.207903 0.179827 0.731059
1 0.289967 0.355635 0.205021 0.179872 0.731059
1 0.289909 0.355851 0.205147 0.179904 0.731059
1 0.288530 0.356483 0.207905 0.181167 0.731059
2 0.440813 0.304559 0.043406 0.077156 0.500000
2 0.442520 0.304558 0.045734 0.077157 0.500000
2 0.440822 0.304566 0.043414 0.077140 0.500000
2 0.440648 0.306973 0.043816 0.072327 0.880797
2 0.441268 0.306873 0.042496 0.072056 0.731059
2 0.442255 0.306845 0.046277 0.072113 0.500000
2 0.169391 0.333297 0.045810 0.051996 0.002473
2 0.168291 0.333419 0.047280 0.051533 0.002473
2 0.168235 0.333337 0.047360 0.051431 0.006693
2 0.413878 0.312928 0.013532 0.031435 0.002473
2 0.440811 0.304449 0.043410 0.076910 0.500000
2 0.442262 0.307128 0.046286 0.072599 0.500000
2 0.440637 0.307171 0.043778 0.072691 0.731059
2 0.170630 0.334839 0.042475 0.054838 0.002473
2 0.168241 0.333303 0.047342 0.051461 0.002473
3 0.440813 0.304559 0.043406 0.077156 0.002473
3 0.442520 0.304558 0.045734 0.077157 0.002473
3 0.440822 0.304566 0.043414 0.077140 0.017986
3 0.492386 0.314884 0.050207 0.088270 0.500000
3 0.440648 0.306973 0.043816 0.072327 0.002473
3 0.442255 0.306845 0.046277 0.072113 0.002473
3 0.491654 0.314902 0.052390 0.088189 0.500000
3 0.492837 0.312523 0.051095 0.083313 0.500000
3 0.492387 0.317297 0.050196 0.083459 0.500000
3 0.440637 0.307171 0.043778 0.072691 0.006693
3 0.491630 0.314896 0.052440 0.088177 0.500000
3 0.493011 0.314875 0.051482 0.088222 0.500000
3 0.492766 0.314908 0.050953 0.088158 0.268941
3 0.492578 0.316380 0.050585 0.091459 0.500000
3 0.492575 0.314875 0.050570 0.088225 0.500000
3 0.492837 0.314028 0.051100 0.096162 0.500000
4 0.690870 0.322900 0.019267 0.031281 0.002473
5 0.893926 0.332849 0.019122 0.114718 0.002473
5 0.891573 0.335731 0.023924 0.103123 0.002473
