0 0.993725 0.341755 0.012607 0.163523 0.017986
0 0.993750 0.344403 0.012556 0.127062 0.017986
0 0.993755 0.349060 0.012567 0.123426 0.017986
0 0.995191 0.350408 0.009699 0.110664 0.017986
0 0.993756 0.353128 0.012567 0.113300 0.017986
0 0.995192 0.360741 0.009838 0.135490 0.002473
1 0.462802 0.316527 0.025406 0.017801 0.006693
1 0.521632 0.322916 0.012717 0.011262 0.006693
1 0.535798 0.326928 0.016049 0.028995 0.047426
1 0.543680 0.327692 0.022330 0.030434 0.268941
1 0.553403 0.326330 0.012702 0.038099 0.002473
1 0.588466 0.336595 0.067264 0.067154 0.731059
1 0.587604 0.336549 0.069024 0.067247 0.500000
1 0.587768 0.338947 0.068644 0.072045 0.500000
1 0.664379 0.320477 0.032735 0.016365 0.002473
1 0.747466 0.325471 0.039877 0.016547 0.002473
1 0.753130 0.325392 0.043967 0.025859 0.002473
1 0.753024 0.325518 0.044723 0.026111 0.002473
1 0.753098 0.328216 0.039193 0.021863 0.002473
1 0.543751 0.326169 0.019437 0.037167 0.017986
1 0.588454 0.336554 0.067241 0.067255 0.500000
1 0.587525 0.336294 0.069128 0.067778 0.500000
1 0.588477 0.336550 0.067273 0.067243 0.268941
1 0.589038 0.336423 0.071897 0.067518 0.500000
1 0.588466 0.339600 0.067265 0.070808 0.500000
1 0.589987 0.338968 0.070027 0.072072 0.500000
1 0.589977 0.336446 0.070023 0.067499 0.880797
4 0.339891 0.337268 0.029840 0.033715 0.006693
4 0.339920 0.334842 0.029859 0.028895 0.006693
4 0.338451 0.338540 0.032716 0.031288 0.047426
4 0.339929 0.336131 0.029831 0.026473 0.047426
