1 0.442086 0.325154 0.024690 0.026119 0.006693
1 0.443310 0.325313 0.026682 0.025791 0.047426
1 0.457564 0.322921 0.016086 0.020872 0.119203
1 0.471215 0.320480 0.018358 0.016096 0.006693
1 0.487590 0.320502 0.025192 0.025679 0.002473
1 0.536679 0.318081 0.017246 0.020920 0.002473
4 0.740270 0.337710 0.030622 0.084582 0.006693
4 0.749958 0.342441 0.043755 0.085953 0.047426
4 0.750072 0.341622 0.049936 0.087626 0.017986
4 0.753274 0.337562 0.049689 0.098995 0.002473
4 0.748171 0.344620 0.046423 0.077264 0.119203
4 0.751696 0.344546 0.047234 0.081803 0.119203
4 0.751480 0.342922 0.047113 0.085045 0.047426
4 0.751747 0.341236 0.052750 0.088433 0.006693
4 0.749629 0.344775 0.049338 0.077101 0.047426
4 0.751501 0.341252 0.047107 0.087146 0.119203
4 0.751493 0.341547 0.047088 0.087783 0.119203
4 0.753057 0.340732 0.050148 0.089414 0.017986
4 0.750423 0.343120 0.050150 0.095835 0.002473
5 0.643017 0.338603 0.044908 0.104631 0.047426
5 0.735952 0.324148 0.022137 0.096201 0.006693
5 0.741366 0.330512 0.032453 0.108920 0.002473
5 0.749297 0.330855 0.039708 0.115826 0.017986
5 0.764751 0.330036 0.031290 0.120242 0.002473
5 0.643498 0.339658 0.043932 0.096394 0.500000
5 0.644414 0.341222 0.045756 0.099355 0.268941
5 0.643484 0.341157 0.043969 0.099521 0.500000
5 0.740270 0.337710 0.030622 0.084582 0.002473
5 0.749958 0.342441 0.043755 0.085953 0.006693
5 0.750072 0.341622 0.049936 0.087626 0.006693
5 0.753274 0.337562 0.049689 0.098995 0.006693
5 0.643058 0.339657 0.044808 0.096393 0.500000
5 0.643041 0.339532 0.044745 0.096648 0.268941
5 0.642016 0.341293 0.046807 0.099380 0.500000
5 0.748171 0.344620 0.046423 0.077264 0.017986
5 0.751696 0.344546 0.047234 0.081803 0.006693
5 0.751480 0.342922 0.047113 0.085045 0.006693
5 0.751747 0.341236 0.052750 0.088433 0.017986
5 0.642088 0.338808 0.046750 0.104335 0.268941
5 0.642093 0.338536 0.046643 0.104937 0.268941
5 0.642016 0.338470 0.046808 0.105016 0.268941
5 0.749629 0.344775 0.049338 0.077101 0.002473
5 0.751501 0.341252 0.047107 0.087146 0.006693
5 0.751493 0.341547 0.047088 0.087783 0.017986
5 0.753057 0.340732 0.050148 0.089414 0.047426
5 0.641668 0.338299 0.047596 0.105446 0.017986
