1 0.261279 0.320491 0.028664 0.016130 0.002473
1 0.299487 0.322775 0.026717 0.011686 0.002473
1 0.324283 0.321317 0.016549 0.008244 0.002473
1 0.326279 0.320503 0.016938 0.016095 0.002473
1 0.432917 0.325307 0.022078 0.016146 0.006693
1 0.556937 0.322889 0.024795 0.011315 0.002473
1 0.576072 0.322923 0.023112 0.020938 0.017986
1 0.576626 0.318077 0.023019 0.020982 0.006693
1 0.627782 0.325337 0.026082 0.016764 0.002473
1 0.630292 0.327930 0.028794 0.021286 0.017986
1 0.695258 0.346039 0.103758 0.082987 0.731059
1 0.696692 0.347720 0.106624 0.086348 0.731059
1 0.695417 0.346038 0.103340 0.082984 0.731059
1 0.630151 0.333799 0.029218 0.031387 0.002473
1 0.631568 0.333581 0.031447 0.032040 0.002473
1 0.696875 0.346161 0.106251 0.083235 0.500000
1 0.696710 0.346169 0.106656 0.083219 0.500000
1 0.696877 0.345412 0.106251 0.081708 0.500000
1 0.696873 0.346147 0.106256 0.083262 0.731059
1 0.696692 0.346143 0.106617 0.083253 0.500000
1 0.696691 0.345393 0.106625 0.081755 0.500000
1 0.696685 0.347736 0.106624 0.080349 0.268941
