1 0.153872 0.352861 0.117311 0.096900 0.500000
1 0.151543 0.354300 0.115972 0.099604 0.500000
1 0.374977 0.325311 0.030930 0.025724 0.268941
1 0.375020 0.322906 0.030903 0.020910 0.268941
1 0.448521 0.316522 0.028165 0.017790 0.002473
1 0.455026 0.316535 0.016000 0.017740 0.047426
1 0.461314 0.316527 0.028371 0.017802 0.006693
1 0.035437 0.355924 0.072235 0.086712 0.002473
1 0.153187 0.355843 0.118635 0.096620 0.500000
1 0.151669 0.354282 0.115960 0.099749 0.268941
1 0.152913 0.354571 0.118983 0.100335 0.268941
1 0.228828 0.344923 0.057683 0.039326 0.500000
1 0.230293 0.343928 0.054839 0.040089 0.268941
1 0.230332 0.344116 0.054762 0.040466 0.268941
1 0.228883 0.343815 0.057556 0.039865 0.500000
1 0.230334 0.344503 0.054816 0.039014 0.268941
1 0.881143 0.385361 0.162993 0.177607 0.731059
1 0.151772 0.355854 0.121466 0.096589 0.268941
1 0.149643 0.355743 0.120018 0.096804 0.268941
1 0.151419 0.356167 0.116325 0.097216 0.500000
1 0.230189 0.344716 0.054735 0.041733 0.017986
1 0.230183 0.344408 0.054688 0.041109 0.006693
1 0.230231 0.344408 0.054615 0.041109 0.006693
1 0.228885 0.344724 0.057552 0.041753 0.017986
1 0.230378 0.344984 0.054744 0.040010 0.006693
1 0.882909 0.387529 0.165966 0.181893 0.731059
1 0.881254 0.385438 0.163300 0.177274 0.500000
1 0.882633 0.385411 0.165928 0.177333 0.500000
1 0.040951 0.366672 0.082495 0.100528 0.002473
1 0.040739 0.366591 0.082745 0.100642 0.002473
1 0.041027 0.366749 0.082952 0.109536 0.017986
1 0.148371 0.355772 0.122551 0.096786 0.500000
1 0.150289 0.354195 0.124472 0.099962 0.731059
1 0.882684 0.385290 0.165761 0.177461 0.500000
1 0.881237 0.386577 0.168669 0.173767 0.500000
1 0.879877 0.385401 0.166192 0.177324 0.500000
1 0.718737 0.349173 0.237493 0.243412 0.006693
1 0.881371 0.383853 0.168951 0.174161 0.880797
1 0.882502 0.385417 0.166130 0.177303 0.500000
1 0.880676 0.385286 0.169580 0.177481 0.731059
1 0.882407 0.385667 0.166900 0.176774 0.002473
1 0.718730 0.348273 0.237996 0.244211 0.952574
1 0.720402 0.346269 0.237854 0.252033 0.939913
1 0.720795 0.341531 0.241500 0.253851 0.924142
1 0.720961 0.342242 0.238589 0.262018 0.924142
1 0.718539 0.348801 0.237743 0.240312 0.939913
1 0.718379 0.347983 0.240177 0.241661 0.939913
1 0.720016 0.347362 0.240020 0.242055 0.939913
1 0.721554 0.346405 0.233541 0.244833 0.924142
1 0.719190 0.349914 0.235557 0.249169 0.939913
1 0.720382 0.349002 0.237506 0.247212 0.939913
2 0.746726 0.268412 0.188057 0.134773 0.002473
2 0.755412 0.273479 0.170231 0.142864 0.002473
2 0.760994 0.267508 0.159933 0.135294 0.017986
2 0.729690 0.263842 0.216460 0.127942 0.002473
2 0.746507 0.269814 0.188762 0.133522 0.017986
2 0.756447 0.271519 0.169217 0.136344 0.006693
2 0.728502 0.264736 0.226966 0.123535 0.002473
2 0.744910 0.268146 0.187758 0.129949 0.017986
2 0.756818 0.269507 0.162656 0.132230 0.017986
2 0.766327 0.275716 0.151387 0.145206 0.006693
2 0.769524 0.270053 0.142858 0.123754 0.006693
2 0.153872 0.352861 0.117311 0.096900 0.006693
2 0.151543 0.354300 0.115972 0.099604 0.002473
2 0.150289 0.354195 0.124472 0.099962 0.002473
