0 0.677411 0.298170 0.010678 0.070864 0.006693
0 0.568783 0.314971 0.006886 0.037470 0.002473
0 0.091280 0.353669 0.007944 0.066522 0.002473
0 0.318735 0.330447 0.012607 0.057150 0.002473
0 0.604941 0.310533 0.009968 0.055575 0.002473
0 0.616288 0.311366 0.007949 0.053680 0.002473
0 0.996138 0.316914 0.007803 0.151076 0.002473
0 0.091366 0.355971 0.007753 0.061896 0.047426
0 0.318756 0.328890 0.012649 0.060308 0.006693
0 0.995192 0.328385 0.009839 0.190329 0.002473
0 0.092305 0.355982 0.009631 0.063136 0.047426
0 0.090833 0.358772 0.012615 0.064519 0.119203
1 0.361048 0.330914 0.052908 0.046504 0.500000
1 0.360126 0.330918 0.054789 0.046492 0.500000
1 0.361045 0.328505 0.052922 0.041691 0.500000
1 0.361028 0.329367 0.052964 0.049625 0.500000
1 0.392304 0.322816 0.010039 0.021131 0.002473
1 0.478636 0.323007 0.026587 0.021423 0.017986
1 0.482356 0.322890 0.029154 0.021173 0.047426
1 0.487721 0.325294 0.024930 0.025751 0.017986
1 0.507695 0.322864 0.022350 0.011341 0.006693
1 0.514165 0.325270 0.022107 0.016177 0.002473
1 0.360113 0.330926 0.054775 0.046494 0.500000
1 0.361063 0.330927 0.052914 0.046483 0.500000
1 0.361052 0.330930 0.052897 0.046491 0.500000
1 0.361049 0.328520 0.052921 0.041713 0.500000
