0 0.003864 0.325600 0.007811 0.085767 0.002473
0 0.593742 0.313849 0.006849 0.028677 0.002473
0 0.004820 0.329449 0.009723 0.090651 0.006693
0 0.592795 0.315634 0.004912 0.025917 0.006693
0 0.003859 0.341697 0.007941 0.070211 0.002473
1 0.181452 0.312015 0.037377 0.040782 0.002473
1 0.181459 0.312264 0.038091 0.042711 0.006693
1 0.239980 0.330938 0.154711 0.129850 0.880797
1 0.239943 0.335757 0.154802 0.129880 0.880797
1 0.322690 0.312073 0.014619 0.031217 0.017986
1 0.322613 0.313912 0.020594 0.035755 0.006693
1 0.438335 0.320837 0.042158 0.048877 0.047426
1 0.436566 0.321286 0.042303 0.049627 0.500000
1 0.437499 0.322847 0.044173 0.046502 0.500000
1 0.437539 0.322848 0.040409 0.046515 0.731059
1 0.472343 0.314788 0.019766 0.027415 0.002473
1 0.473699 0.314768 0.016442 0.027440 0.002473
1 0.632772 0.312033 0.034676 0.024935 0.002473
1 0.182629 0.320435 0.040959 0.048012 0.006693
1 0.182789 0.315164 0.041359 0.047142 0.006693
1 0.182963 0.320789 0.041099 0.048686 0.002473
1 0.239234 0.330918 0.153403 0.129882 0.731059
1 0.238980 0.330919 0.152971 0.129833 0.731059
1 0.239038 0.333327 0.152852 0.125016 0.731059
1 0.323350 0.320022 0.015969 0.036295 0.017986
1 0.336461 0.325175 0.031575 0.016460 0.119203
1 0.340650 0.327735 0.024646 0.020887 0.119203
1 0.359450 0.322893 0.013220 0.011297 0.119203
1 0.366802 0.320514 0.017408 0.016134 0.002473
1 0.378327 0.320509 0.012603 0.016037 0.268941
1 0.395464 0.322858 0.021777 0.020982 0.500000
1 0.400411 0.320486 0.031210 0.025799 0.119203
1 0.437468 0.321312 0.044161 0.049609 0.500000
1 0.437500 0.321354 0.040463 0.049724 0.500000
1 0.437493 0.322162 0.044192 0.045117 0.500000
1 0.438449 0.322169 0.042332 0.045109 0.500000
1 0.473319 0.314963 0.015873 0.020907 0.268941
1 0.473713 0.316517 0.016261 0.024017 0.119203
1 0.542322 0.321366 0.009806 0.008159 0.006693
1 0.652039 0.318489 0.015241 0.029968 0.002473
1 0.239215 0.330909 0.153435 0.129857 0.731059
1 0.239913 0.330909 0.154855 0.129858 0.880797
1 0.239952 0.330907 0.154677 0.129857 0.731059
1 0.437493 0.322192 0.040447 0.045094 0.500000
1 0.436564 0.322941 0.042297 0.046587 0.268941
1 0.438450 0.322943 0.042332 0.046600 0.268941
1 0.239048 0.330910 0.152828 0.129867 0.731059
1 0.239978 0.333316 0.154731 0.125038 0.731059
2 0.280981 0.293679 0.062829 0.045982 0.002473
2 0.430114 0.305952 0.030742 0.062023 0.006693
2 0.431446 0.302859 0.028070 0.048392 0.017986
2 0.181459 0.312264 0.038091 0.042711 0.002473
2 0.322690 0.312073 0.014619 0.031217 0.047426
2 0.322613 0.313912 0.020594 0.035755 0.017986
2 0.396645 0.316312 0.024628 0.034037 0.002473
2 0.323350 0.320022 0.015969 0.036295 0.047426
2 0.336461 0.325175 0.031575 0.016460 0.006693
2 0.359450 0.322893 0.013220 0.011297 0.002473
2 0.820469 0.285650 0.347327 0.565772 0.679179
2 0.823994 0.286455 0.355310 0.567175 0.731059
2 0.828233 0.287605 0.340677 0.574675 0.777300
2 0.830952 0.284812 0.344546 0.569307 0.437824
2 0.826447 0.281164 0.338411 0.551922 0.731059
2 0.827927 0.280113 0.361067 0.571238 0.777300
2 0.828446 0.279281 0.331276 0.564015 0.777300
2 0.828803 0.284102 0.348634 0.562962 0.777300
2 0.827359 0.284401 0.342312 0.568932 0.500000
2 0.830720 0.284715 0.348613 0.568164 0.817575
2 0.830600 0.284599 0.329577 0.556289 0.851953
3 0.430114 0.305952 0.030742 0.062023 0.006693
3 0.431446 0.302859 0.028070 0.048392 0.002473
3 0.498975 0.310915 0.032934 0.061467 0.002473
3 0.499942 0.310161 0.031063 0.062934 0.002473
3 0.322690 0.312073 0.014619 0.031217 0.002473
3 0.396645 0.316312 0.024628 0.034037 0.002473
3 0.472343 0.314788 0.019766 0.027415 0.017986
3 0.499055 0.314055 0.032801 0.054701 0.268941
3 0.499032 0.314758 0.032736 0.056110 0.500000
3 0.182789 0.315164 0.041359 0.047142 0.002473
3 0.323350 0.320022 0.015969 0.036295 0.002473
3 0.359450 0.322893 0.013220 0.011297 0.002473
3 0.378327 0.320509 0.012603 0.016037 0.002473
3 0.395464 0.322858 0.021777 0.020982 0.006693
3 0.473319 0.314963 0.015873 0.020907 0.017986
3 0.473713 0.316517 0.016261 0.024017 0.006693
3 0.499060 0.317485 0.032707 0.051820 0.500000
3 0.499058 0.314811 0.032683 0.056006 0.500000
3 0.497593 0.315462 0.029835 0.057334 0.002473
