0 0.771683 0.306848 0.012637 0.062669 0.002473
0 0.719689 0.307500 0.004899 0.042103 0.002473
0 0.806298 0.322864 0.006853 0.052945 0.006693
0 0.815762 0.319730 0.012734 0.058498 0.006693
0 0.221686 0.330336 0.007109 0.038050 0.006693
0 0.718753 0.312190 0.006764 0.042369 0.002473
0 0.742793 0.310930 0.004906 0.029014 0.002473
0 0.770229 0.309552 0.009699 0.048382 0.002473
0 0.807976 0.330492 0.016010 0.063523 0.002473
1 0.528591 0.298389 0.017955 0.081000 0.002473
1 0.422320 0.322836 0.044697 0.046531 0.500000
1 0.422590 0.323638 0.045151 0.045094 0.500000
1 0.422572 0.322888 0.045174 0.046597 0.500000
1 0.078829 0.345580 0.157699 0.212033 0.731059
1 0.079774 0.345587 0.159553 0.212059 0.500000
1 0.266330 0.333319 0.048148 0.041692 0.500000
1 0.264892 0.330903 0.045260 0.036901 0.500000
1 0.263986 0.330890 0.047070 0.036904 0.268941
1 0.266337 0.330900 0.048113 0.036902 0.500000
1 0.361260 0.315728 0.028368 0.025601 0.002473
1 0.380467 0.322898 0.030736 0.030542 0.119203
1 0.382704 0.318955 0.034652 0.028804 0.500000
1 0.382721 0.318950 0.034615 0.028784 0.268941
1 0.422060 0.322917 0.044123 0.046545 0.500000
1 0.420692 0.322916 0.047140 0.046600 0.500000
1 0.421162 0.322916 0.048097 0.046601 0.500000
1 0.422622 0.323669 0.045245 0.045116 0.500000
1 0.461502 0.316524 0.013486 0.017785 0.268941
1 0.483253 0.319868 0.032097 0.042940 0.006693
1 0.528828 0.319486 0.023158 0.037385 0.047426
1 0.527484 0.321091 0.020052 0.034134 0.047426
1 0.079782 0.345621 0.159581 0.212065 0.500000
1 0.079748 0.346304 0.159605 0.210422 0.500000
1 0.077419 0.344240 0.160598 0.209318 0.731059
1 0.266318 0.333324 0.048123 0.041697 0.731059
1 0.266328 0.333340 0.048132 0.041665 0.500000
1 0.265403 0.333336 0.049983 0.041673 0.500000
1 0.266343 0.330927 0.048113 0.036870 0.500000
1 0.420684 0.322982 0.047154 0.046508 0.500000
1 0.422588 0.322984 0.045146 0.046507 0.500000
1 0.422517 0.322234 0.045004 0.045010 0.500000
1 0.079718 0.349082 0.159443 0.215990 0.731059
1 0.079683 0.345523 0.159472 0.211879 0.500000
1 0.077396 0.344949 0.160645 0.207720 0.500000
1 0.079693 0.345651 0.159483 0.212088 0.006693
1 0.081156 0.344126 0.156579 0.209047 0.731059
1 0.077432 0.342290 0.160580 0.205414 0.731059
2 0.867448 0.216410 0.022551 0.434992 0.002473
2 0.611579 0.278766 0.160741 0.172893 0.880797
2 0.525909 0.298250 0.017362 0.081312 0.006693
2 0.528591 0.298389 0.017955 0.081000 0.268941
2 0.613080 0.278808 0.157501 0.172780 0.731059
2 0.612575 0.278781 0.158791 0.172857 0.500000
2 0.612537 0.276815 0.160705 0.178563 0.731059
2 0.416006 0.304709 0.026502 0.052093 0.119203
2 0.417378 0.297951 0.029062 0.044789 0.119203
2 0.420875 0.308271 0.047777 0.066651 0.017986
2 0.484374 0.310492 0.031259 0.063481 0.002473
2 0.483938 0.310173 0.032188 0.062844 0.002473
2 0.527363 0.300461 0.020251 0.076013 0.119203
2 0.527511 0.296915 0.020113 0.073043 0.731059
2 0.612701 0.276782 0.156532 0.178602 0.731059
2 0.612504 0.279497 0.156886 0.174417 0.731059
2 0.612566 0.277084 0.156847 0.179242 0.731059
2 0.361784 0.315092 0.033271 0.026801 0.119203
2 0.368202 0.317137 0.034201 0.032249 0.017986
2 0.509413 0.310135 0.013140 0.021390 0.006693
2 0.527350 0.300719 0.020196 0.065316 0.119203
2 0.527429 0.299879 0.020192 0.076547 0.119203
2 0.614538 0.276350 0.154390 0.177698 0.731059
2 0.613993 0.276317 0.153902 0.177765 0.731059
2 0.612740 0.278750 0.156431 0.172906 0.731059
2 0.361260 0.315728 0.028368 0.025601 0.268941
2 0.380467 0.322898 0.030736 0.030542 0.006693
2 0.382721 0.318950 0.034615 0.028784 0.002473
2 0.461502 0.316524 0.013486 0.017785 0.002473
2 0.528828 0.319486 0.023158 0.037385 0.047426
2 0.527484 0.321091 0.020052 0.034134 0.047426
2 0.925680 0.237916 0.145967 0.470419 0.777300
2 0.925027 0.239428 0.153399 0.473815 0.817575
2 0.928543 0.239505 0.147806 0.479511 0.817575
2 0.928999 0.240519 0.147764 0.480120 0.022977
2 0.926405 0.239993 0.150774 0.473683 0.777300
2 0.924256 0.240441 0.148509 0.474902 0.777300
2 0.928485 0.241735 0.150621 0.472336 0.777300
2 0.929444 0.240875 0.150587 0.491454 0.008577
2 0.924916 0.239785 0.147118 0.484098 0.731059
2 0.925828 0.239695 0.148403 0.478766 0.731059
2 0.929250 0.240659 0.148999 0.473654 0.731059
3 0.528591 0.298389 0.017955 0.081000 0.006693
3 0.416006 0.304709 0.026502 0.052093 0.002473
3 0.484374 0.310492 0.031259 0.063481 0.047426
3 0.483938 0.310173 0.032188 0.062844 0.047426
3 0.527511 0.296915 0.020113 0.073043 0.006693
3 0.361784 0.315092 0.033271 0.026801 0.002473
3 0.484954 0.314444 0.035428 0.047389 0.002473
3 0.484187 0.314802 0.031615 0.056669 0.500000
3 0.484193 0.314684 0.031622 0.056435 0.500000
3 0.527350 0.300719 0.020196 0.065316 0.002473
3 0.361260 0.315728 0.028368 0.025601 0.017986
3 0.461502 0.316524 0.013486 0.017785 0.006693
3 0.483253 0.319868 0.032097 0.042940 0.017986
3 0.484306 0.315140 0.031399 0.056575 0.268941
3 0.484310 0.315123 0.031402 0.056786 0.268941
3 0.528828 0.319486 0.023158 0.037385 0.006693
3 0.527484 0.321091 0.020052 0.034134 0.006693
3 0.484551 0.315459 0.030873 0.057341 0.017986
3 0.485830 0.315462 0.034129 0.057334 0.006693
3 0.928543 0.239505 0.147806 0.479511 0.001170
4 0.206272 0.341149 0.012935 0.026069 0.002473
4 0.807976 0.330492 0.016010 0.063523 0.002473
4 0.816084 0.335173 0.017890 0.048398 0.006693
5 0.807976 0.330492 0.016010 0.063523 0.002473
5 0.816084 0.335173 0.017890 0.048398 0.002473
