0 0.894241 0.271167 0.020517 0.276381 0.002473
0 0.600341 0.307988 0.014371 0.074546 0.047426
0 0.600560 0.308022 0.014367 0.074482 0.119203
0 0.618802 0.304444 0.012769 0.068025 0.017986
0 0.628089 0.296772 0.013137 0.061879 0.002473
0 0.679787 0.296765 0.009742 0.062300 0.002473
0 0.893783 0.288877 0.019498 0.294639 0.002473
0 0.559106 0.317315 0.012736 0.042206 0.017986
0 0.599507 0.308031 0.014515 0.074486 0.119203
0 0.600561 0.308330 0.014361 0.075083 0.268941
0 0.618664 0.304571 0.012831 0.067259 0.006693
0 0.556186 0.317571 0.012764 0.031799 0.006693
0 0.599959 0.307605 0.013611 0.073552 0.119203
0 0.600290 0.308346 0.013108 0.075076 0.500000
0 0.617289 0.304754 0.009740 0.066849 0.017986
0 0.692284 0.310147 0.009941 0.046516 0.002473
0 0.599440 0.308423 0.014367 0.075672 0.119203
0 0.600111 0.308509 0.013467 0.075484 0.119203
0 0.993621 0.338881 0.013186 0.187054 0.002473
0 0.993191 0.343739 0.013845 0.197983 0.002473
1 0.399981 0.317306 0.069143 0.083335 0.002473
1 0.400967 0.317328 0.067270 0.083382 0.731059
1 0.400928 0.317322 0.067321 0.083351 0.731059
1 0.400947 0.316474 0.067319 0.075410 0.500000
1 0.400937 0.317327 0.067306 0.083341 0.500000
1 0.400000 0.317318 0.065463 0.083337 0.731059
1 0.400949 0.317318 0.067322 0.083337 0.731059
1 0.400010 0.317328 0.069189 0.083343 0.500000
1 0.484830 0.322908 0.019671 0.020862 0.268941
1 0.487530 0.325316 0.019257 0.025685 0.119203
1 0.506263 0.320407 0.019544 0.016245 0.002473
1 0.556186 0.317571 0.012764 0.031799 0.002473
1 0.399998 0.317336 0.069201 0.083302 0.500000
1 0.400947 0.317336 0.067320 0.083303 0.731059
1 0.400937 0.317342 0.067306 0.083324 0.731059
4 0.164985 0.355992 0.020407 0.054168 0.002473
