0 0.894757 0.267829 0.023280 0.272191 0.006693
0 0.893782 0.277840 0.023311 0.294623 0.002473
0 0.328589 0.295524 0.032267 0.173334 0.268941
0 0.329174 0.298833 0.033059 0.170440 0.268941
0 0.893817 0.291201 0.021419 0.306092 0.006693
0 0.203278 0.344736 0.012766 0.090572 0.002473
0 0.257777 0.315363 0.009796 0.047496 0.006693
0 0.329545 0.296739 0.034117 0.167898 0.268941
0 0.328651 0.294534 0.032012 0.172373 0.268941
0 0.352409 0.309776 0.011073 0.064989 0.002473
0 0.556234 0.317455 0.006789 0.042045 0.006693
0 0.707654 0.309895 0.009827 0.046935 0.002473
0 0.892443 0.294193 0.022590 0.317179 0.002473
0 0.996135 0.330676 0.007814 0.158426 0.002473
0 0.123811 0.356623 0.013107 0.088565 0.268941
0 0.135135 0.360682 0.014720 0.086817 0.119203
0 0.137348 0.359039 0.014044 0.083717 0.017986
0 0.203353 0.349109 0.012553 0.083144 0.500000
0 0.257702 0.317634 0.009734 0.041812 0.002473
0 0.330032 0.294512 0.029304 0.172172 0.268941
0 0.327750 0.294547 0.030212 0.172385 0.268941
0 0.392277 0.325992 0.009716 0.038876 0.002473
0 0.554776 0.312685 0.009688 0.041950 0.017986
0 0.997594 0.328756 0.010795 0.149044 0.002473
0 0.096579 0.359286 0.006845 0.061633 0.047426
0 0.123622 0.359556 0.012725 0.083986 0.268941
0 0.134235 0.359228 0.012785 0.083430 0.119203
0 0.137809 0.359224 0.013145 0.083470 0.017986
0 0.204771 0.349222 0.015488 0.083344 0.500000
0 0.329583 0.294592 0.028407 0.172279 0.268941
0 0.329669 0.294291 0.028181 0.171814 0.268941
0 0.331364 0.300244 0.031589 0.159366 0.002473
0 0.392224 0.325818 0.009821 0.040921 0.006693
0 0.554227 0.323875 0.011206 0.065319 0.002473
0 0.097575 0.358146 0.010631 0.059288 0.268941
0 0.123622 0.362303 0.012726 0.083220 0.268941
0 0.135097 0.359121 0.014510 0.083116 0.047426
0 0.137800 0.359286 0.013167 0.083444 0.017986
0 0.203356 0.347635 0.012560 0.080441 0.500000
0 0.329575 0.295557 0.028403 0.171036 0.268941
0 0.329676 0.295232 0.028194 0.171158 0.731059
0 0.330972 0.296277 0.028582 0.172246 0.002473
0 0.098040 0.359620 0.009770 0.062834 0.119203
0 0.124709 0.359328 0.013108 0.083441 0.119203
0 0.131250 0.356895 0.012875 0.087802 0.047426
0 0.137795 0.359339 0.013120 0.082985 0.047426
0 0.201424 0.346633 0.016561 0.088843 0.006693
0 0.203867 0.347339 0.017321 0.087371 0.500000
0 0.329681 0.301506 0.028204 0.189325 0.006693
0 0.330759 0.309424 0.028045 0.205158 0.002473
1 0.496898 0.322888 0.013249 0.020924 0.017986
1 0.502406 0.320478 0.021276 0.016103 0.002473
4 0.161781 0.359986 0.019726 0.047964 0.002473
4 0.164997 0.364645 0.020171 0.037352 0.002473
