0 0.570809 0.310279 0.026611 0.105670 0.047426
0 0.573713 0.303395 0.021902 0.101328 0.017986
0 0.568935 0.313549 0.024655 0.097309 0.500000
0 0.570201 0.308974 0.025122 0.100578 0.047426
0 0.596835 0.304670 0.013401 0.070061 0.002473
0 0.604717 0.304400 0.010432 0.067937 0.002473
0 0.667330 0.312302 0.009796 0.073359 0.047426
0 0.681242 0.307969 0.012654 0.074301 0.047426
0 0.568750 0.311328 0.025029 0.095556 0.268941
0 0.569500 0.307313 0.026501 0.094444 0.047426
0 0.604922 0.306532 0.010009 0.053728 0.002473
0 0.663301 0.310120 0.015334 0.067413 0.002473
0 0.668682 0.311204 0.012713 0.069379 0.268941
0 0.682676 0.310504 0.009674 0.063258 0.119203
0 0.138396 0.353660 0.017317 0.072958 0.002473
0 0.140823 0.349712 0.012594 0.074445 0.119203
0 0.567793 0.312010 0.024324 0.095670 0.047426
0 0.567833 0.310570 0.025048 0.097094 0.268941
0 0.569048 0.309755 0.027405 0.099041 0.047426
0 0.604848 0.307325 0.010156 0.052274 0.002473
0 0.617231 0.308096 0.009854 0.060160 0.002473
0 0.663901 0.311662 0.016532 0.067507 0.006693
0 0.667237 0.312793 0.015686 0.066177 0.268941
0 0.682648 0.309908 0.009761 0.067982 0.047426
0 0.996139 0.326623 0.007804 0.170495 0.002473
0 0.133425 0.350133 0.017291 0.064743 0.002473
0 0.139887 0.350015 0.010722 0.075045 0.268941
0 0.351938 0.323902 0.009824 0.044857 0.002473
0 0.568289 0.311977 0.025281 0.096353 0.047426
0 0.568295 0.309883 0.024125 0.098983 0.500000
0 0.569316 0.310177 0.026870 0.099604 0.017986
0 0.665315 0.312288 0.019358 0.067966 0.006693
0 0.665887 0.313019 0.012718 0.066456 0.268941
0 0.680613 0.312730 0.013849 0.067290 0.017986
0 0.134360 0.358567 0.019153 0.054033 0.002473
0 0.140824 0.352422 0.012595 0.070256 0.268941
0 0.566653 0.317474 0.023848 0.106708 0.006693
0 0.568563 0.313798 0.024657 0.106670 0.017986
0 0.137560 0.353191 0.019615 0.069509 0.017986
0 0.142029 0.350220 0.015972 0.075385 0.119203
1 0.484394 0.320486 0.013241 0.016111 0.006693
1 0.497646 0.320476 0.014746 0.016102 0.002473
1 0.503390 0.320479 0.019301 0.016101 0.002473
1 0.518908 0.317560 0.019253 0.022005 0.006693
4 0.137560 0.353191 0.019615 0.069509 0.002473
