0 0.894433 0.271485 0.020201 0.274025 0.002473
0 0.634754 0.306930 0.014353 0.062831 0.002473
0 0.639821 0.306987 0.010860 0.062945 0.017986
0 0.676937 0.309692 0.009821 0.068156 0.017986
0 0.892375 0.289878 0.018503 0.299719 0.002473
0 0.209606 0.340969 0.025024 0.119607 0.500000
0 0.213947 0.341716 0.022127 0.118104 0.500000
0 0.557724 0.312884 0.009687 0.042539 0.006693
0 0.618758 0.308014 0.012653 0.050683 0.002473
0 0.639885 0.308837 0.010718 0.049085 0.047426
0 0.677422 0.311003 0.010648 0.062664 0.047426
0 0.995183 0.327251 0.009857 0.164376 0.002473
0 0.212494 0.340951 0.025015 0.119469 0.268941
0 0.211056 0.341685 0.022124 0.117951 0.500000
0 0.557684 0.313834 0.009687 0.044125 0.002473
0 0.606492 0.310781 0.013067 0.054853 0.002473
0 0.615775 0.311349 0.012770 0.053655 0.006693
0 0.641338 0.309699 0.007812 0.056939 0.119203
0 0.676974 0.311757 0.009751 0.061255 0.047426
0 0.995183 0.326246 0.009857 0.163041 0.002473
0 0.211056 0.340951 0.022122 0.119422 0.268941
0 0.211052 0.338559 0.022135 0.114615 0.268941
0 0.317277 0.329829 0.009715 0.058366 0.002473
0 0.676963 0.315282 0.009774 0.068325 0.006693
0 0.212499 0.339290 0.025008 0.113095 0.268941
0 0.211064 0.340949 0.022130 0.119405 0.268941
0 0.995094 0.330950 0.010033 0.169377 0.002473
0 0.212495 0.338543 0.025016 0.114593 0.268941
0 0.213965 0.340951 0.022127 0.119409 0.268941
1 0.422091 0.325326 0.024998 0.025686 0.268941
1 0.422130 0.322911 0.024981 0.020878 0.268941
1 0.476450 0.318942 0.027916 0.028799 0.500000
1 0.475012 0.318949 0.024996 0.028782 0.500000
1 0.499259 0.322833 0.014202 0.021054 0.006693
1 0.506510 0.322883 0.018957 0.020913 0.002473
4 0.164064 0.367355 0.022035 0.031945 0.002473
