0 0.893648 0.261365 0.019328 0.260260 0.002473
0 0.997568 0.290500 0.010678 0.157287 0.002473
0 0.602394 0.310158 0.010736 0.062803 0.047426
0 0.618750 0.308481 0.012635 0.059494 0.006693
0 0.678833 0.299591 0.007834 0.057811 0.002473
0 0.997577 0.305807 0.010658 0.108115 0.002473
0 0.568750 0.312616 0.006821 0.042061 0.002473
0 0.579554 0.312167 0.010161 0.041796 0.002473
0 0.602385 0.312069 0.010717 0.058673 0.268941
0 0.620184 0.307304 0.009688 0.052153 0.017986
0 0.318730 0.330468 0.012596 0.056832 0.002473
0 0.578247 0.315302 0.012763 0.036337 0.002473
0 0.601963 0.312032 0.009766 0.058580 0.268941
0 0.615827 0.308953 0.012603 0.058449 0.047426
0 0.996137 0.310729 0.007802 0.124634 0.002473
0 0.306329 0.333926 0.012717 0.060131 0.002473
0 0.318624 0.330591 0.007069 0.056901 0.002473
0 0.602314 0.313773 0.010872 0.062035 0.002473
0 0.757988 0.283705 0.016426 0.186544 0.002473
0 0.995225 0.321580 0.009773 0.165751 0.002473
0 0.758984 0.286730 0.018419 0.201577 0.002473
0 0.993661 0.333786 0.013341 0.183444 0.006693
1 0.362249 0.331353 0.018951 0.021915 0.006693
1 0.364400 0.330550 0.022546 0.026557 0.002473
1 0.387491 0.331760 0.030832 0.028914 0.500000
1 0.387499 0.331745 0.030805 0.028888 0.500000
1 0.485835 0.322875 0.015992 0.011361 0.006693
1 0.496897 0.320498 0.013247 0.016095 0.006693
1 0.503349 0.320478 0.019320 0.016103 0.002473
1 0.387491 0.331789 0.030784 0.028898 0.500000
1 0.387499 0.331796 0.030787 0.028895 0.731059
