0 0.993506 0.261405 0.013017 0.176405 0.002473
0 0.993646 0.291184 0.012738 0.238638 0.006693
0 0.482710 0.300592 0.009742 0.059680 0.002473
0 0.993659 0.293771 0.012761 0.236776 0.002473
0 0.006313 0.364650 0.012841 0.164609 0.006693
0 0.005279 0.370172 0.010701 0.152406 0.002473
0 0.006490 0.368096 0.013225 0.157467 0.002473
0 0.006443 0.372737 0.013126 0.146116 0.006693
0 0.004901 0.370269 0.010042 0.170989 0.006693
1 0.006373 0.363668 0.012968 0.146128 0.002473
1 0.398559 0.339780 0.097128 0.128266 0.880797
1 0.006313 0.364650 0.012841 0.164609 0.006693
1 0.143296 0.350203 0.150917 0.132982 0.880797
1 0.143097 0.350236 0.150575 0.133019 0.880797
1 0.244721 0.322961 0.023133 0.021019 0.006693
1 0.261665 0.322881 0.018201 0.021045 0.002473
1 0.267339 0.321292 0.027892 0.033756 0.006693
1 0.274676 0.320445 0.026021 0.025813 0.002473
1 0.399999 0.338173 0.099999 0.125038 0.731059
1 0.401454 0.338174 0.097123 0.125038 0.731059
1 0.401447 0.338170 0.097108 0.125036 0.731059
1 0.448372 0.325364 0.016012 0.037605 0.002473
1 0.458259 0.330434 0.011329 0.036334 0.002473
1 0.006311 0.365285 0.012848 0.154424 0.002473
1 0.142789 0.351699 0.153737 0.129938 0.731059
1 0.142654 0.351738 0.150400 0.129860 0.731059
1 0.143108 0.351752 0.150550 0.129832 0.731059
1 0.398558 0.335781 0.097116 0.129828 0.731059
1 0.400006 0.335782 0.094233 0.129824 0.500000
1 0.400003 0.338178 0.099996 0.125033 0.731059
1 0.004937 0.370693 0.010096 0.148057 0.002473
1 0.143558 0.351593 0.152176 0.130134 0.731059
1 0.143105 0.351696 0.151297 0.129930 0.880797
1 0.142931 0.351727 0.149110 0.129842 0.731059
1 0.400002 0.338158 0.099995 0.125079 0.500000
1 0.400018 0.338169 0.099997 0.125059 0.731059
1 0.400000 0.335750 0.100001 0.129896 0.731059
1 0.005279 0.370172 0.010701 0.152406 0.002473
1 0.143292 0.351588 0.150924 0.130161 0.731059
1 0.143098 0.351591 0.150573 0.130173 0.500000
1 0.006490 0.368096 0.013225 0.157467 0.006693
1 0.006443 0.372737 0.013126 0.146116 0.002473
2 0.265474 0.314400 0.025264 0.026685 0.017986
2 0.264249 0.314363 0.028514 0.026560 0.047426
2 0.283303 0.314665 0.021162 0.027207 0.002473
2 0.261665 0.322881 0.018201 0.021045 0.006693
2 0.267339 0.321292 0.027892 0.033756 0.047426
2 0.274676 0.320445 0.026021 0.025813 0.006693
4 0.458259 0.330434 0.011329 0.036334 0.047426
4 0.459394 0.333729 0.013241 0.031525 0.047426
4 0.464209 0.330823 0.022805 0.037337 0.006693
5 0.006313 0.364650 0.012841 0.164609 0.002473
5 0.458259 0.330434 0.011329 0.036334 0.017986
5 0.459394 0.333729 0.013241 0.031525 0.002473
