1 0.987772 0.331135 0.018822 0.110421 0.002473
1 0.399983 0.320436 0.015491 0.016363 0.002473
1 0.467329 0.320511 0.015506 0.016051 0.047426
1 0.479228 0.322933 0.010862 0.011292 0.017986
1 0.493679 0.318085 0.012799 0.020988 0.017986
1 0.616984 0.322893 0.023721 0.020930 0.002473
1 0.634275 0.322882 0.025629 0.020913 0.002473
1 0.633023 0.320431 0.024786 0.025853 0.002473
1 0.742301 0.322923 0.040413 0.030494 0.500000
1 0.745199 0.322922 0.040428 0.030490 0.268941
1 0.745181 0.322913 0.040443 0.030508 0.500000
1 0.778782 0.325321 0.020270 0.016072 0.017986
1 0.805081 0.330826 0.025665 0.027123 0.119203
1 0.806547 0.328528 0.026358 0.032158 0.268941
1 0.828757 0.333306 0.042497 0.041717 0.268941
1 0.828774 0.333307 0.042487 0.041716 0.500000
1 0.829527 0.333305 0.041001 0.041718 0.268941
1 0.852521 0.329594 0.014468 0.025416 0.002473
1 0.886936 0.333137 0.014397 0.022537 0.006693
1 0.887596 0.333213 0.019296 0.022801 0.002473
1 0.988943 0.347812 0.022196 0.072355 0.002473
1 0.989010 0.348218 0.022195 0.075364 0.017986
1 0.004995 0.348573 0.010415 0.021744 0.002473
1 0.056250 0.358105 0.037526 0.033788 0.268941
1 0.056234 0.354131 0.037473 0.032118 0.268941
1 0.056228 0.355711 0.037572 0.028957 0.268941
1 0.090156 0.346153 0.014005 0.016076 0.002473
1 0.153861 0.348566 0.023215 0.020897 0.047426
1 0.154425 0.343745 0.022096 0.020860 0.119203
1 0.176273 0.346150 0.022041 0.016067 0.006693
1 0.176535 0.341340 0.022380 0.016099 0.002473
1 0.805519 0.329350 0.024751 0.033820 0.268941
1 0.805181 0.329358 0.025425 0.033760 0.268941
1 0.829720 0.330920 0.040648 0.036884 0.500000
1 0.830213 0.333334 0.045387 0.041715 0.500000
1 0.828795 0.330920 0.042547 0.036884 0.731059
1 0.854605 0.335351 0.010299 0.022019 0.002473
1 0.885818 0.333822 0.015893 0.021855 0.017986
1 0.886624 0.333818 0.017356 0.021861 0.006693
1 0.902326 0.338761 0.014670 0.021287 0.002473
1 0.990391 0.348890 0.025097 0.073323 0.002473
1 0.987687 0.348931 0.025235 0.075393 0.017986
1 0.056252 0.356574 0.031757 0.036882 0.500000
1 0.056266 0.356589 0.037567 0.036874 0.500000
1 0.056254 0.358151 0.037519 0.033730 0.500000
1 0.989004 0.349024 0.022520 0.073253 0.006693
1 0.989156 0.348932 0.022302 0.074113 0.006693
1 0.989197 0.351920 0.023024 0.079353 0.002473
1 0.990309 0.352893 0.020144 0.078127 0.002473
2 0.448955 0.312417 0.017177 0.032147 0.500000
2 0.447610 0.310865 0.020319 0.028841 0.119203
2 0.447509 0.314446 0.020045 0.028170 0.119203
2 0.447722 0.314443 0.020385 0.028214 0.119203
2 0.467329 0.320511 0.015506 0.016051 0.006693
2 0.493679 0.318085 0.012799 0.020988 0.002473
2 0.616984 0.322893 0.023721 0.020930 0.002473
2 0.634275 0.322882 0.025629 0.020913 0.006693
2 0.633023 0.320431 0.024786 0.025853 0.006693
2 0.929451 0.335556 0.034796 0.036653 0.002473
2 0.989010 0.348218 0.022195 0.075364 0.002473
3 0.448955 0.312417 0.017177 0.032147 0.002473
3 0.886936 0.333137 0.014397 0.022537 0.002473
3 0.885818 0.333822 0.015893 0.021855 0.002473
5 0.987687 0.348931 0.025235 0.075393 0.002473
5 0.989156 0.348932 0.022302 0.074113 0.002473
