0 0.382847 0.319852 0.015830 0.058491 0.002473
0 0.085083 0.326054 0.010686 0.068328 0.002473
0 0.084170 0.329951 0.012660 0.066853 0.002473
0 0.108584 0.333838 0.007861 0.040799 0.002473
0 0.393210 0.318485 0.014045 0.071508 0.006693
1 0.349994 0.306823 0.063697 0.072430 0.002473
1 0.349605 0.309562 0.062127 0.077743 0.002473
1 0.250930 0.335743 0.083832 0.088261 0.731059
1 0.251122 0.335766 0.083438 0.088301 0.500000
1 0.490610 0.330834 0.181156 0.120259 0.731059
1 0.491613 0.328481 0.177481 0.124963 0.731059
1 0.491591 0.330884 0.177559 0.129909 0.731059
1 0.249995 0.335742 0.081839 0.088194 0.731059
1 0.249287 0.335752 0.083259 0.078571 0.500000
1 0.250161 0.338162 0.081501 0.083395 0.500000
1 0.491602 0.328471 0.177477 0.124988 0.500000
1 0.490169 0.328501 0.180344 0.124998 0.500000
1 0.490163 0.333280 0.180409 0.124980 0.500000
1 0.585906 0.331962 0.042227 0.054239 0.017986
1 0.596431 0.333265 0.055563 0.051499 0.047426
1 0.611294 0.330915 0.078039 0.046525 0.268941
1 0.615968 0.333314 0.073931 0.041709 0.268941
1 0.614572 0.333314 0.070937 0.041709 0.268941
1 0.616105 0.335718 0.073602 0.046537 0.268941
1 0.618087 0.335722 0.069674 0.046554 0.268941
1 0.877889 0.334384 0.078556 0.043866 0.002473
1 0.880104 0.334213 0.086541 0.033952 0.002473
1 0.880888 0.331056 0.089324 0.037208 0.002473
1 0.250170 0.338159 0.081494 0.083383 0.731059
1 0.249996 0.333325 0.081182 0.083373 0.500000
1 0.250003 0.335731 0.084947 0.088188 0.731059
1 0.491597 0.333279 0.177464 0.125081 0.500000
1 0.490172 0.333272 0.180352 0.124953 0.500000
1 0.490161 0.330868 0.180403 0.120275 0.500000
1 0.585810 0.328819 0.042035 0.050969 0.047426
1 0.602202 0.333131 0.068924 0.051743 0.047426
1 0.615207 0.335733 0.075608 0.046510 0.500000
1 0.614473 0.333338 0.076812 0.041663 0.500000
1 0.616037 0.335745 0.073829 0.046478 0.500000
1 0.614791 0.335742 0.070506 0.036865 0.268941
1 0.617552 0.335741 0.070697 0.046504 0.268941
1 0.761020 0.341312 0.022068 0.016098 0.017986
1 0.761098 0.341310 0.022122 0.016106 0.006693
1 0.249217 0.335714 0.083401 0.088238 0.731059
1 0.250008 0.338162 0.081868 0.083322 0.731059
1 0.265432 0.340917 0.056842 0.078226 0.002473
1 0.490614 0.330859 0.181244 0.129962 0.731059
2 0.349605 0.309562 0.062127 0.077743 0.002473
2 0.347994 0.311248 0.063052 0.081294 0.002473
5 0.995187 0.387306 0.009870 0.145028 0.002473
