0 0.897740 0.351047 0.015318 0.089102 0.006693
0 0.900274 0.351275 0.018938 0.088728 0.002473
0 0.896411 0.349228 0.017957 0.083384 0.006693
0 0.901674 0.354008 0.015973 0.083719 0.006693
0 0.995189 0.352798 0.009699 0.043474 0.006693
0 0.003521 0.382150 0.008925 0.115533 0.002473
0 0.896350 0.359483 0.018073 0.072734 0.002473
0 0.899347 0.359511 0.016913 0.072791 0.002473
1 0.333667 0.318917 0.057668 0.054604 0.500000
1 0.333667 0.318913 0.057666 0.054605 0.500000
1 0.333730 0.318905 0.057513 0.054561 0.500000
1 0.282697 0.327902 0.009748 0.021264 0.002473
1 0.333685 0.318038 0.057861 0.062489 0.268941
1 0.333660 0.320503 0.057652 0.057669 0.731059
1 0.333678 0.318950 0.057672 0.054554 0.500000
1 0.333667 0.318945 0.057656 0.054571 0.500000
1 0.333747 0.320464 0.057534 0.057801 0.500000
1 0.471746 0.318196 0.012722 0.011429 0.119203
1 0.484034 0.318945 0.012879 0.012938 0.047426
1 0.495184 0.314914 0.009689 0.020999 0.268941
1 0.600357 0.316514 0.026347 0.017865 0.002473
1 0.606689 0.318856 0.029903 0.013116 0.002473
1 0.065635 0.350018 0.025117 0.033403 0.002473
1 0.197698 0.341338 0.029211 0.016084 0.006693
1 0.197017 0.341341 0.031116 0.016125 0.006693
1 0.259158 0.329353 0.037519 0.033770 0.002473
1 0.334119 0.318949 0.056765 0.054572 0.500000
1 0.333670 0.320508 0.057661 0.057693 0.500000
1 0.333737 0.321355 0.057529 0.049776 0.880797
1 0.059252 0.351750 0.037450 0.036954 0.017986
1 0.064972 0.354178 0.026042 0.032043 0.002473
2 0.451436 0.310868 0.022105 0.029051 0.731059
2 0.452398 0.310920 0.020231 0.028949 0.500000
2 0.496724 0.313371 0.012806 0.023426 0.002473
2 0.499271 0.312757 0.015188 0.023529 0.002473
2 0.604649 0.310916 0.034796 0.022964 0.002473
2 0.607567 0.308964 0.034882 0.025026 0.006693
2 0.607606 0.308974 0.035011 0.025045 0.006693
2 0.256275 0.328502 0.037568 0.041676 0.500000
2 0.260093 0.330895 0.039384 0.036831 0.731059
2 0.259176 0.326946 0.037585 0.038543 0.731059
2 0.282697 0.327902 0.009748 0.021264 0.002473
2 0.333685 0.318038 0.057861 0.062489 0.002473
2 0.451437 0.310928 0.022104 0.028972 0.268941
2 0.448573 0.310927 0.022122 0.028994 0.268941
2 0.471746 0.318196 0.012722 0.011429 0.002473
2 0.495184 0.314914 0.009689 0.020999 0.006693
2 0.600357 0.316514 0.026347 0.017865 0.002473
2 0.606689 0.318856 0.029903 0.013116 0.002473
2 0.610513 0.320333 0.029421 0.016427 0.002473
2 0.257703 0.330906 0.040423 0.036902 0.500000
2 0.258650 0.326960 0.042272 0.038557 0.500000
2 0.259158 0.329353 0.037519 0.033770 0.731059
3 0.451436 0.310868 0.022105 0.029051 0.047426
3 0.452398 0.310920 0.020231 0.028949 0.006693
3 0.496724 0.313371 0.012806 0.023426 0.006693
3 0.451437 0.310928 0.022104 0.028972 0.017986
3 0.448573 0.310927 0.022122 0.028994 0.006693
3 0.471746 0.318196 0.012722 0.011429 0.006693
3 0.484034 0.318945 0.012879 0.012938 0.002473
3 0.495184 0.314914 0.009689 0.020999 0.119203
