0 0.731225 0.322330 0.026894 0.116625 0.002473
0 0.738206 0.327980 0.030768 0.105378 0.006693
0 0.744296 0.323201 0.042284 0.117554 0.006693
0 0.737269 0.323710 0.037067 0.102930 0.002473
0 0.738497 0.333181 0.035810 0.093554 0.017986
0 0.817277 0.332868 0.015509 0.082471 0.006693
0 0.993674 0.356241 0.012711 0.153660 0.017986
0 0.737980 0.333309 0.038433 0.083981 0.002473
0 0.818716 0.335519 0.018369 0.077862 0.017986
0 0.993722 0.352845 0.012577 0.135111 0.017986
0 0.818660 0.338188 0.018537 0.083278 0.006693
0 0.993723 0.362635 0.012582 0.110621 0.017986
0 0.816603 0.337797 0.016952 0.074677 0.006693
0 0.993676 0.370389 0.012703 0.098001 0.017986
0 0.995146 0.378649 0.009735 0.078505 0.017986
0 0.995155 0.382738 0.009765 0.060459 0.006693
1 0.758718 0.335421 0.084401 0.088386 0.002473
1 0.995146 0.378649 0.009735 0.078505 0.002473
4 0.988775 0.384198 0.022601 0.064398 0.002473
4 0.995146 0.378649 0.009735 0.078505 0.002473
4 0.988894 0.381337 0.028226 0.062427 0.002473
4 0.995155 0.382738 0.009765 0.060459 0.006693
5 0.739755 0.327687 0.039494 0.094736 0.002473
5 0.737980 0.333309 0.038433 0.083981 0.002473
5 0.739732 0.330185 0.039445 0.089871 0.006693
5 0.739097 0.333510 0.040663 0.092884 0.002473
5 0.740680 0.328869 0.037598 0.092579 0.002473
5 0.739745 0.332886 0.039426 0.084515 0.006693
5 0.993676 0.370389 0.012703 0.098001 0.002473
5 0.988775 0.384198 0.022601 0.064398 0.002473
5 0.995146 0.378649 0.009735 0.078505 0.002473
5 0.995155 0.382738 0.009765 0.060459 0.002473
