0 0.007032 0.019279 0.014632 0.039315 0.002473
0 0.992070 0.321337 0.010179 0.211498 0.002473
0 0.992028 0.318243 0.016005 0.197425 0.006693
0 0.993672 0.319506 0.012713 0.193174 0.002473
0 0.995176 0.336453 0.009803 0.173913 0.002473
0 0.582845 0.311933 0.018441 0.069697 0.006693
0 0.995176 0.334429 0.009802 0.178419 0.006693
0 0.995212 0.343959 0.009731 0.173654 0.017986
0 0.995212 0.353654 0.009730 0.174478 0.017986
0 0.995224 0.356715 0.009706 0.165933 0.017986
0 0.995188 0.366925 0.009698 0.171523 0.002473
1 0.511820 0.313872 0.061338 0.070267 0.268941
1 0.512490 0.312305 0.061850 0.067111 0.047426
1 0.569829 0.301613 0.034152 0.052670 0.002473
1 0.572281 0.301912 0.032195 0.052721 0.002473
1 0.577529 0.301905 0.028765 0.052786 0.002473
1 0.510454 0.312596 0.064054 0.067018 0.119203
1 0.510926 0.314061 0.063112 0.070343 0.731059
1 0.512366 0.312649 0.061650 0.067071 0.500000
1 0.513561 0.313399 0.057576 0.065597 0.268941
1 0.570809 0.304733 0.032224 0.047243 0.002473
1 0.573767 0.302153 0.034417 0.052517 0.006693
1 0.510888 0.314168 0.063186 0.070144 0.500000
1 0.510941 0.314173 0.063081 0.070138 0.500000
1 0.511809 0.314848 0.060952 0.068925 0.500000
1 0.513119 0.312637 0.058451 0.067128 0.500000
1 0.569907 0.304846 0.034168 0.047656 0.006693
1 0.571608 0.304106 0.032595 0.048908 0.002473
1 0.576696 0.304106 0.028559 0.048909 0.006693
1 0.510887 0.314246 0.063195 0.070239 0.500000
1 0.511918 0.314546 0.060847 0.069659 0.500000
1 0.514942 0.315330 0.054701 0.068169 0.119203
1 0.601751 0.321824 0.028516 0.075156 0.002473
1 0.995224 0.356715 0.009706 0.165933 0.006693
1 0.995188 0.366925 0.009698 0.171523 0.002473
1 0.728365 0.362670 0.251116 0.244381 0.001927
1 0.730233 0.363231 0.248693 0.245281 0.851953
1 0.731998 0.363207 0.254762 0.239679 0.880797
1 0.729119 0.364321 0.249064 0.241644 0.851953
1 0.729307 0.358888 0.249907 0.249873 0.851953
1 0.729569 0.359248 0.249877 0.251809 0.880797
1 0.731495 0.357789 0.253746 0.248919 0.880797
1 0.729128 0.359141 0.246055 0.247960 0.817575
1 0.728827 0.362199 0.251638 0.248087 0.851953
1 0.730748 0.362265 0.252326 0.244499 0.851953
1 0.730113 0.362645 0.250951 0.245661 0.731059
3 0.585736 0.291171 0.030651 0.083807 0.006693
3 0.590019 0.293349 0.029222 0.077834 0.017986
3 0.569829 0.301613 0.034152 0.052670 0.002473
3 0.572281 0.301912 0.032195 0.052721 0.017986
3 0.577529 0.301905 0.028765 0.052786 0.017986
3 0.586675 0.298909 0.029114 0.058318 0.006693
3 0.570809 0.304733 0.032224 0.047243 0.006693
3 0.571410 0.303895 0.032258 0.048685 0.017986
3 0.573767 0.302153 0.034417 0.052517 0.119203
3 0.583149 0.303967 0.029492 0.056595 0.002473
3 0.569907 0.304846 0.034168 0.047656 0.006693
3 0.571608 0.304106 0.032595 0.048908 0.006693
3 0.576696 0.304106 0.028559 0.048909 0.047426
4 0.995224 0.356715 0.009706 0.165933 0.002473
5 0.995212 0.353654 0.009730 0.174478 0.002473
5 0.995224 0.356715 0.009706 0.165933 0.006693
5 0.995188 0.366925 0.009698 0.171523 0.002473
