1 0.198679 0.332027 0.036949 0.092628 0.006693
1 0.200954 0.326125 0.037811 0.080809 0.002473
1 0.176550 0.348859 0.039470 0.103895 0.006693
1 0.180334 0.346320 0.046579 0.113848 0.017986
1 0.197595 0.344784 0.046421 0.120641 0.002473
1 0.204170 0.352866 0.047871 0.126721 0.017986
1 0.207807 0.356332 0.054958 0.140948 0.047426
1 0.253609 0.367631 0.118035 0.151990 0.500000
1 0.327406 0.338527 0.057852 0.073208 0.017986
1 0.327794 0.336798 0.058255 0.066767 0.006693
1 0.015609 0.373199 0.031369 0.199089 0.119203
1 0.016082 0.375223 0.032172 0.197468 0.047426
1 0.171052 0.363881 0.027125 0.064040 0.017986
1 0.173550 0.357296 0.032006 0.077238 0.006693
1 0.200237 0.354543 0.051705 0.113905 0.017986
1 0.209664 0.356758 0.056921 0.133666 0.119203
1 0.224064 0.358689 0.086380 0.137641 0.017986
1 0.245429 0.369762 0.128442 0.156462 0.268941
1 0.249027 0.372218 0.126965 0.151698 0.268941
1 0.255188 0.370981 0.114561 0.149259 0.268941
1 0.286729 0.334749 0.051237 0.072200 0.002473
1 0.328459 0.336005 0.054939 0.068243 0.006693
1 0.331626 0.341710 0.047495 0.056993 0.006693
1 0.015622 0.376334 0.031292 0.205942 0.268941
1 0.015186 0.378385 0.030349 0.201710 0.119203
1 0.169467 0.372280 0.025421 0.047005 0.047426
1 0.171141 0.371175 0.027220 0.049491 0.017986
1 0.207952 0.355883 0.054315 0.119883 0.017986
1 0.214756 0.356815 0.065246 0.130018 0.006693
1 0.238298 0.356921 0.114116 0.130810 0.002473
1 0.249928 0.363749 0.135583 0.147805 0.119203
1 0.247437 0.371487 0.130226 0.159731 0.268941
1 0.248537 0.373950 0.122181 0.155070 0.268941
1 0.254105 0.371001 0.111042 0.158754 0.268941
1 0.331127 0.343932 0.044641 0.052591 0.017986
1 0.330618 0.347146 0.044986 0.055853 0.006693
1 0.330500 0.350469 0.045245 0.049200 0.006693
1 0.015439 0.376845 0.030934 0.207113 0.268941
1 0.015002 0.378109 0.029980 0.203087 0.047426
1 0.164480 0.371853 0.033633 0.049966 0.002473
1 0.169867 0.372101 0.024715 0.047561 0.119203
1 0.170683 0.371319 0.028126 0.049272 0.017986
1 0.214817 0.358520 0.064608 0.126575 0.017986
1 0.231248 0.358509 0.099281 0.132910 0.017986
1 0.249220 0.364587 0.133258 0.146948 0.002473
1 0.248773 0.369655 0.127767 0.166110 0.268941
1 0.254179 0.372067 0.116661 0.161275 0.268941
1 0.257746 0.373580 0.109526 0.154602 0.268941
1 0.015187 0.379865 0.030424 0.201350 0.268941
1 0.014932 0.380171 0.029840 0.198997 0.119203
1 0.170606 0.381972 0.027080 0.060259 0.002473
1 0.203954 0.369429 0.039942 0.112440 0.006693
1 0.207965 0.365313 0.050611 0.120598 0.002473
1 0.213415 0.363150 0.061846 0.118603 0.006693
1 0.015004 0.376711 0.030067 0.208294 0.268941
1 0.014925 0.381966 0.029856 0.205269 0.119203
1 0.197778 0.377189 0.027579 0.104892 0.006693
1 0.202069 0.375962 0.034851 0.107340 0.006693
1 0.014956 0.386036 0.030078 0.196388 0.047426
1 0.014995 0.379867 0.029996 0.198113 0.017986
1 0.013825 0.394913 0.027796 0.170899 0.002473
2 0.015609 0.373199 0.031369 0.199089 0.017986
2 0.016082 0.375223 0.032172 0.197468 0.006693
2 0.015622 0.376334 0.031292 0.205942 0.047426
2 0.015186 0.378385 0.030349 0.201710 0.017986
2 0.015439 0.376845 0.030934 0.207113 0.047426
2 0.015002 0.378109 0.029980 0.203087 0.017986
2 0.015187 0.379865 0.030424 0.201350 0.047426
2 0.014932 0.380171 0.029840 0.198997 0.006693
2 0.015004 0.376711 0.030067 0.208294 0.006693
2 0.014925 0.381966 0.029856 0.205269 0.002473
3 0.015609 0.373199 0.031369 0.199089 0.047426
3 0.016082 0.375223 0.032172 0.197468 0.047426
3 0.015622 0.376334 0.031292 0.205942 0.047426
3 0.015186 0.378385 0.030349 0.201710 0.047426
3 0.015439 0.376845 0.030934 0.207113 0.047426
3 0.015002 0.378109 0.029980 0.203087 0.017986
3 0.015187 0.379865 0.030424 0.201350 0.119203
3 0.014932 0.380171 0.029840 0.198997 0.119203
3 0.015004 0.376711 0.030067 0.208294 0.047426
3 0.014925 0.381966 0.029856 0.205269 0.047426
