0 0.796731 0.322969 0.012783 0.087445 0.002473
0 0.796163 0.332492 0.007829 0.075162 0.002473
0 0.797611 0.329915 0.010749 0.074316 0.006693
1 0.836047 0.284119 0.083152 0.041803 0.002473
1 0.303332 0.319018 0.056885 0.045247 0.006693
1 0.309111 0.318931 0.074134 0.044945 0.006693
1 0.948670 0.331637 0.113613 0.121123 0.002473
1 0.014630 0.356585 0.029311 0.079414 0.002473
1 0.177076 0.341617 0.038823 0.042684 0.002473
1 0.233185 0.338150 0.052318 0.041727 0.002473
1 0.261268 0.328046 0.021832 0.031555 0.002473
1 0.298792 0.316662 0.053558 0.049978 0.017986
1 0.305523 0.318982 0.061060 0.044856 0.017986
1 0.305358 0.316634 0.060728 0.049550 0.006693
1 0.307909 0.319046 0.071797 0.044553 0.006693
1 0.320762 0.321629 0.058903 0.039419 0.006693
1 0.357376 0.320462 0.023562 0.016211 0.002473
1 0.434451 0.316466 0.013218 0.017918 0.006693
1 0.467283 0.318893 0.009692 0.013100 0.006693
1 0.478355 0.316550 0.012548 0.017750 0.119203
1 0.496071 0.318183 0.007913 0.011506 0.002473
1 0.014209 0.360144 0.028468 0.071803 0.017986
1 0.016503 0.360117 0.032983 0.071857 0.006693
1 0.171737 0.347140 0.049870 0.038014 0.017986
1 0.181088 0.345775 0.038500 0.034637 0.119203
1 0.179596 0.346531 0.041097 0.036152 0.017986
1 0.179693 0.345784 0.041554 0.034663 0.047426
1 0.203141 0.342628 0.044167 0.039822 0.002473
1 0.233241 0.335842 0.052233 0.046320 0.006693
1 0.234145 0.338194 0.050071 0.041617 0.006693
1 0.233558 0.337331 0.051107 0.049578 0.002473
1 0.233922 0.335786 0.052943 0.036891 0.006693
1 0.298409 0.321772 0.048623 0.046048 0.006693
1 0.299016 0.321929 0.048773 0.045655 0.017986
1 0.295877 0.321743 0.048465 0.046090 0.002473
1 0.014150 0.364222 0.028346 0.072877 0.017986
1 0.014823 0.360148 0.029622 0.071407 0.017986
1 0.050812 0.374039 0.054400 0.043872 0.119203
1 0.052989 0.374945 0.049895 0.041819 0.500000
1 0.051569 0.372565 0.047209 0.046587 0.268941
1 0.053037 0.372563 0.049871 0.046586 0.500000
1 0.165671 0.347676 0.063036 0.045092 0.017986
1 0.178467 0.346172 0.043373 0.041823 0.047426
1 0.180072 0.346215 0.045960 0.041735 0.002473
1 0.180348 0.347754 0.045540 0.038771 0.017986
1 0.014218 0.364325 0.028567 0.072765 0.047426
1 0.014276 0.364248 0.028491 0.063264 0.047426
1 0.052883 0.374800 0.050259 0.042209 0.119203
1 0.052922 0.374983 0.050027 0.041749 0.119203
1 0.052484 0.375002 0.045349 0.041715 0.119203
1 0.052976 0.374994 0.049985 0.041726 0.268941
2 0.017448 0.344262 0.034737 0.107555 0.002473
2 0.303332 0.319018 0.056885 0.045247 0.119203
2 0.309111 0.318931 0.074134 0.044945 0.500000
2 0.308851 0.317362 0.073699 0.041802 0.500000
2 0.309327 0.317357 0.074693 0.041810 0.500000
2 0.310761 0.314939 0.071764 0.046642 0.500000
2 0.312563 0.314961 0.075274 0.046763 0.119203
2 0.453829 0.310933 0.017350 0.028911 0.500000
2 0.014630 0.356585 0.029311 0.079414 0.006693
2 0.034876 0.342352 0.062556 0.060511 0.002473
2 0.223247 0.335617 0.060535 0.046637 0.006693
2 0.233185 0.338150 0.052318 0.041727 0.119203
2 0.233323 0.338194 0.052420 0.041803 0.047426
2 0.232615 0.335775 0.053199 0.046641 0.119203
2 0.241069 0.333011 0.051626 0.041123 0.006693
2 0.298792 0.316662 0.053558 0.049978 0.119203
2 0.305523 0.318982 0.061060 0.044856 0.268941
2 0.305358 0.316634 0.060728 0.049550 0.268941
2 0.307909 0.319046 0.071797 0.044553 0.268941
2 0.310878 0.319026 0.072157 0.044598 0.731059
2 0.320762 0.321629 0.058903 0.039419 0.047426
2 0.454768 0.314075 0.015473 0.028901 0.268941
2 0.014209 0.360144 0.028468 0.071803 0.002473
2 0.203141 0.342628 0.044167 0.039822 0.002473
2 0.233241 0.335842 0.052233 0.046320 0.119203
2 0.234145 0.338194 0.050071 0.041617 0.047426
2 0.233558 0.337331 0.051107 0.049578 0.047426
2 0.233922 0.335786 0.052943 0.036891 0.006693
2 0.298409 0.321772 0.048623 0.046048 0.002473
2 0.014150 0.364222 0.028346 0.072877 0.002473
3 0.017448 0.344262 0.034737 0.107555 0.002473
3 0.453829 0.310933 0.017350 0.028911 0.006693
3 0.014630 0.356585 0.029311 0.079414 0.047426
3 0.017390 0.354156 0.034756 0.084198 0.047426
3 0.025547 0.355802 0.051497 0.077715 0.047426
3 0.034876 0.342352 0.062556 0.060511 0.006693
3 0.320762 0.321629 0.058903 0.039419 0.002473
3 0.454768 0.314075 0.015473 0.028901 0.002473
3 0.014209 0.360144 0.028468 0.071803 0.268941
3 0.016503 0.360117 0.032983 0.071857 0.268941
3 0.025320 0.358721 0.045213 0.082173 0.047426
3 0.041371 0.359316 0.062368 0.070140 0.006693
3 0.014150 0.364222 0.028346 0.072877 0.119203
3 0.014823 0.360148 0.029622 0.071407 0.119203
3 0.014218 0.364325 0.028567 0.072765 0.119203
3 0.014276 0.364248 0.028491 0.063264 0.119203
