0 0.707802 0.316461 0.009872 0.106696 0.002473
0 0.707735 0.321038 0.015524 0.111865 0.002473
0 0.914772 0.334893 0.015938 0.078821 0.002473
0 0.910501 0.335120 0.015480 0.066503 0.002473
0 0.708731 0.329736 0.017903 0.123279 0.002473
0 0.709436 0.328941 0.019324 0.130741 0.002473
0 0.709590 0.332260 0.020476 0.127561 0.002473
1 0.497842 0.311347 0.020840 0.023569 0.002473
1 0.498773 0.310538 0.021771 0.021902 0.002473
1 0.530218 0.316541 0.023332 0.033960 0.006693
1 0.569620 0.317317 0.034097 0.041843 0.047426
1 0.572345 0.317306 0.030410 0.041705 0.119203
1 0.572333 0.318874 0.030389 0.038570 0.500000
1 0.640702 0.333314 0.112231 0.115312 0.731059
1 0.642290 0.333366 0.115506 0.115419 0.731059
1 0.443109 0.324464 0.013993 0.008260 0.002473
1 0.496443 0.316152 0.023769 0.025235 0.006693
1 0.498763 0.316859 0.022326 0.026671 0.006693
1 0.519087 0.325383 0.014358 0.027514 0.006693
1 0.530782 0.320577 0.026005 0.037091 0.017986
1 0.543583 0.323732 0.013209 0.037139 0.006693
1 0.566560 0.312782 0.033497 0.041366 0.047426
1 0.573346 0.318934 0.034220 0.038442 0.268941
1 0.572100 0.318898 0.030935 0.038514 0.731059
1 0.640799 0.334892 0.112425 0.112224 0.500000
1 0.642272 0.333288 0.115467 0.115261 0.500000
1 0.642083 0.334931 0.115861 0.112281 0.500000
1 0.642309 0.335725 0.109663 0.120068 0.500000
1 0.642220 0.333303 0.115366 0.115228 0.500000
1 0.642092 0.333365 0.115835 0.115229 0.268941
1 0.640888 0.337286 0.112607 0.117075 0.268941
1 0.642301 0.333294 0.115527 0.115386 0.500000
2 0.497842 0.311347 0.020840 0.023569 0.002473
