1 0.456106 0.322871 0.025496 0.053524 0.002473
1 0.472391 0.316790 0.026204 0.050702 0.002473
1 0.495316 0.321123 0.049454 0.049558 0.119203
1 0.497364 0.321133 0.045629 0.049479 0.119203
1 0.497498 0.320258 0.045048 0.048233 0.047426
1 0.499197 0.319199 0.042108 0.049159 0.047426
1 0.160983 0.341044 0.085420 0.048503 0.002473
1 0.353664 0.330711 0.051813 0.037234 0.119203
1 0.352814 0.328474 0.055473 0.041707 0.119203
1 0.355684 0.328426 0.055280 0.041642 0.268941
1 0.354745 0.328445 0.053229 0.041687 0.500000
1 0.359987 0.333078 0.049382 0.041659 0.006693
1 0.451461 0.335691 0.028090 0.046532 0.017986
1 0.453041 0.335694 0.025126 0.046542 0.047426
1 0.485961 0.322837 0.047968 0.044953 0.017986
1 0.496903 0.321391 0.046274 0.049452 0.268941
1 0.497360 0.320617 0.045359 0.048144 0.500000
1 0.497560 0.321214 0.045204 0.049336 0.268941
1 0.499100 0.322741 0.042301 0.046392 0.119203
1 0.539138 0.322779 0.030835 0.011783 0.002473
1 0.561026 0.318932 0.022127 0.012964 0.017986
1 0.564079 0.321349 0.021998 0.008130 0.017986
1 0.644502 0.322898 0.020248 0.011297 0.006693
1 0.158215 0.354332 0.090465 0.073218 0.047426
1 0.159539 0.355757 0.087416 0.070366 0.006693
1 0.158106 0.354197 0.086339 0.073487 0.002473
1 0.352820 0.333312 0.046245 0.041743 0.119203
1 0.353669 0.328516 0.051511 0.041694 0.500000
1 0.353311 0.330920 0.056417 0.036885 0.268941
1 0.355656 0.328534 0.055342 0.041705 0.500000
1 0.429894 0.344118 0.028203 0.054585 0.002473
1 0.451328 0.338252 0.028092 0.041812 0.047426
1 0.451469 0.338131 0.028006 0.041984 0.017986
1 0.485861 0.325732 0.056268 0.047646 0.006693
1 0.495311 0.321445 0.049457 0.049629 0.268941
1 0.496963 0.319038 0.046161 0.054401 0.268941
1 0.497484 0.320724 0.045116 0.048041 0.268941
1 0.497757 0.321696 0.045028 0.049196 0.047426
1 0.723126 0.338290 0.045757 0.033180 0.002473
1 0.755501 0.341114 0.030470 0.026243 0.006693
1 0.758563 0.338861 0.041401 0.021038 0.006693
1 0.760898 0.341116 0.041497 0.026242 0.006693
1 0.992070 0.365974 0.010136 0.152362 0.002473
1 0.157654 0.358870 0.091080 0.073739 0.002473
1 0.158650 0.358331 0.091312 0.074868 0.047426
1 0.159072 0.358311 0.088349 0.074917 0.017986
1 0.157940 0.358140 0.091056 0.075390 0.017986
1 0.927900 0.370874 0.120853 0.121045 0.002473
1 0.992197 0.382469 0.015635 0.134027 0.047426
1 0.158182 0.359085 0.091983 0.073607 0.006693
1 0.157890 0.356156 0.091216 0.079394 0.017986
1 0.160150 0.356482 0.090577 0.078765 0.017986
1 0.929232 0.383987 0.114878 0.087385 0.002473
1 0.931681 0.389909 0.120198 0.084964 0.006693
1 0.932784 0.390833 0.122008 0.084227 0.017986
1 0.938289 0.390847 0.111300 0.084255 0.006693
1 0.954905 0.391031 0.082300 0.090421 0.006693
1 0.986929 0.385976 0.026149 0.098750 0.002473
1 0.992036 0.383316 0.016006 0.127625 0.047426
1 0.927187 0.387022 0.103980 0.081606 0.002473
1 0.931623 0.392121 0.117323 0.087815 0.017986
1 0.931740 0.393108 0.120498 0.088200 0.017986
1 0.940187 0.395384 0.107524 0.083647 0.017986
1 0.956855 0.393193 0.078387 0.089783 0.002473
1 0.988367 0.389598 0.023263 0.110138 0.006693
1 0.992036 0.384315 0.016007 0.132545 0.017986
1 0.939176 0.395213 0.104333 0.095378 0.002473
1 0.952427 0.395264 0.082350 0.096421 0.002473
1 0.988372 0.384316 0.023248 0.132131 0.002473
1 0.993534 0.388624 0.013011 0.135176 0.047426
1 0.993677 0.389056 0.012729 0.153250 0.006693
2 0.499897 0.292228 0.050447 0.109402 0.006693
2 0.500000 0.287284 0.043969 0.105711 0.047426
2 0.500086 0.290270 0.043692 0.106521 0.017986
2 0.929120 0.277001 0.141791 0.321141 0.047426
2 0.928088 0.281014 0.144087 0.313304 0.500000
2 0.928376 0.278432 0.143299 0.318221 0.002473
2 0.465295 0.306098 0.020297 0.062493 0.002473
2 0.497189 0.300788 0.051218 0.091906 0.006693
2 0.498301 0.292752 0.047390 0.101987 0.017986
2 0.500081 0.290333 0.044021 0.106824 0.017986
2 0.500442 0.290173 0.043495 0.100958 0.006693
2 0.929546 0.284105 0.140973 0.309515 0.500000
2 0.928147 0.289499 0.143981 0.306699 0.500000
2 0.929224 0.285463 0.141604 0.315046 0.731059
2 0.993659 0.295073 0.012769 0.289432 0.002473
2 0.472391 0.316790 0.026204 0.050702 0.002473
2 0.499197 0.319199 0.042108 0.049159 0.017986
2 0.929574 0.279634 0.140918 0.303841 0.268941
2 0.929590 0.281842 0.140969 0.299859 0.268941
2 0.927797 0.284159 0.138788 0.307449 0.500000
2 0.993681 0.313403 0.012804 0.254162 0.002473
2 0.496903 0.321391 0.046274 0.049452 0.002473
2 0.931217 0.290192 0.137573 0.292150 0.500000
2 0.931115 0.290104 0.137912 0.295106 0.731059
2 0.928427 0.289875 0.136710 0.295803 0.268941
2 0.992197 0.382469 0.015635 0.134027 0.002473
2 0.929401 0.277202 0.141441 0.325835 0.008577
2 0.929064 0.275665 0.138863 0.326065 0.017986
3 0.992197 0.382469 0.015635 0.134027 0.002473
3 0.993534 0.388624 0.013011 0.135176 0.002473
4 0.813305 0.345309 0.030401 0.039184 0.002473
4 0.814231 0.346363 0.028676 0.040880 0.002473
4 0.293182 0.357655 0.037700 0.077798 0.002473
4 0.296982 0.356668 0.031838 0.077798 0.002473
4 0.385433 0.350912 0.015491 0.077066 0.002473
4 0.428068 0.343505 0.031813 0.079097 0.002473
4 0.429325 0.344066 0.033268 0.066587 0.006693
4 0.443408 0.339844 0.026430 0.055097 0.002473
4 0.293366 0.358165 0.040274 0.080020 0.006693
4 0.295704 0.354564 0.034484 0.075350 0.002473
4 0.297705 0.356646 0.038813 0.089089 0.002473
4 0.393303 0.353945 0.031208 0.086054 0.002473
4 0.399669 0.350173 0.043446 0.096756 0.002473
4 0.421712 0.349078 0.040004 0.096380 0.006693
4 0.293008 0.402204 0.075377 0.209241 0.002473
5 0.456106 0.322871 0.025496 0.053524 0.002473
5 0.453041 0.335694 0.025126 0.046542 0.002473
5 0.451328 0.338252 0.028092 0.041812 0.002473
5 0.451469 0.338131 0.028006 0.041984 0.006693
5 0.428068 0.343505 0.031813 0.079097 0.002473
5 0.429325 0.344066 0.033268 0.066587 0.006693
5 0.443408 0.339844 0.026430 0.055097 0.002473
5 0.491311 0.336398 0.049182 0.099776 0.002473
5 0.494265 0.332046 0.040397 0.090384 0.006693
5 0.421712 0.349078 0.040004 0.096380 0.002473
5 0.992036 0.383316 0.016006 0.127625 0.002473
