0 0.995136 0.267448 0.009757 0.290137 0.002473
0 0.995135 0.297761 0.009757 0.231781 0.006693
0 0.995202 0.304132 0.009763 0.222514 0.002473
0 0.184169 0.331660 0.012658 0.071950 0.002473
0 0.291365 0.324846 0.007816 0.047568 0.006693
0 0.995138 0.303919 0.009880 0.169609 0.006693
0 0.185113 0.334493 0.010722 0.065638 0.006693
0 0.291366 0.329424 0.007760 0.050502 0.017986
0 0.994633 0.323358 0.010974 0.197443 0.006693
0 0.185186 0.338818 0.010868 0.081950 0.006693
0 0.291373 0.336493 0.007755 0.065862 0.017986
0 0.184901 0.346959 0.014042 0.099065 0.002473
0 0.292310 0.336190 0.009648 0.068515 0.017986
1 0.427711 0.306133 0.056344 0.095908 0.002473
1 0.428980 0.307972 0.052022 0.082594 0.006693
1 0.224918 0.343725 0.069323 0.062601 0.731059
1 0.223535 0.346137 0.072129 0.067374 0.731059
1 0.225024 0.343737 0.069119 0.062576 0.500000
1 0.329643 0.325865 0.028642 0.026828 0.002473
1 0.330027 0.325495 0.028267 0.026092 0.002473
1 0.336617 0.325780 0.035988 0.026955 0.002473
1 0.372667 0.329548 0.029148 0.036283 0.002473
1 0.374099 0.332426 0.029276 0.042285 0.002473
1 0.401923 0.322604 0.040315 0.049044 0.002473
1 0.426828 0.320114 0.056303 0.058334 0.047426
1 0.428035 0.323069 0.050136 0.052500 0.119203
1 0.429398 0.325367 0.050891 0.057414 0.047426
1 0.428147 0.325221 0.049653 0.057734 0.119203
1 0.465069 0.322572 0.020679 0.031946 0.002473
1 0.471752 0.320487 0.024714 0.025727 0.017986
1 0.471133 0.318041 0.023273 0.021060 0.017986
1 0.567324 0.327743 0.028080 0.021022 0.006693
1 0.599475 0.328309 0.018307 0.034005 0.002473
1 0.225023 0.341347 0.069103 0.067329 0.500000
1 0.225073 0.346160 0.069050 0.067316 0.731059
1 0.225085 0.343745 0.069078 0.062532 0.500000
1 0.227389 0.346153 0.069921 0.067422 0.500000
1 0.328746 0.331021 0.027100 0.037512 0.006693
1 0.330346 0.330952 0.029094 0.037032 0.002473
1 0.374753 0.335874 0.031557 0.036867 0.006693
1 0.374833 0.335643 0.031580 0.037324 0.006693
1 0.424088 0.320725 0.058571 0.057310 0.006693
1 0.428973 0.320704 0.052003 0.057317 0.268941
1 0.428648 0.322984 0.048902 0.052767 0.268941
1 0.429565 0.323083 0.046815 0.052594 0.119203
1 0.599479 0.332530 0.018305 0.027499 0.002473
1 0.225005 0.346128 0.069149 0.067418 0.731059
1 0.225028 0.343738 0.069141 0.072166 0.500000
1 0.225045 0.343718 0.069161 0.062598 0.500000
1 0.948090 0.368205 0.102543 0.136224 0.002473
2 0.427652 0.286315 0.055364 0.104832 0.119203
2 0.425978 0.286151 0.058014 0.104474 0.119203
2 0.425501 0.286299 0.059735 0.114606 0.268941
2 0.427894 0.286461 0.056724 0.114587 0.500000
2 0.426133 0.286439 0.058457 0.114544 0.500000
2 0.427618 0.285630 0.055474 0.113083 0.268941
2 0.917040 0.293700 0.160215 0.239435 0.002473
2 0.920660 0.286066 0.159070 0.286034 0.002473
2 0.920402 0.290608 0.159608 0.275410 0.002473
2 0.929999 0.287641 0.134372 0.251386 0.002473
2 0.963182 0.289228 0.073703 0.234106 0.002473
2 0.417363 0.299576 0.061615 0.080153 0.006693
2 0.424462 0.290084 0.061825 0.110419 0.268941
2 0.427040 0.291494 0.056636 0.114024 0.500000
2 0.426397 0.290408 0.058995 0.113149 0.268941
2 0.428073 0.288348 0.056385 0.117361 0.268941
2 0.684445 0.308930 0.193707 0.142019 0.731059
2 0.684916 0.310096 0.188878 0.145945 0.500000
2 0.684740 0.308644 0.187781 0.149304 0.731059
2 0.918135 0.297330 0.158247 0.272871 0.006693
2 0.424256 0.308842 0.061435 0.080832 0.002473
2 0.427711 0.306133 0.056344 0.095908 0.017986
2 0.427315 0.309548 0.055348 0.079545 0.047426
2 0.428980 0.307972 0.052022 0.082594 0.047426
2 0.599908 0.316120 0.019456 0.054705 0.002473
2 0.604917 0.311718 0.029209 0.067656 0.002473
2 0.608642 0.305700 0.036214 0.084234 0.002473
2 0.685884 0.307378 0.190837 0.145094 0.731059
2 0.684919 0.308678 0.188872 0.142484 0.500000
2 0.685144 0.308787 0.188624 0.142710 0.500000
2 0.426828 0.320114 0.056303 0.058334 0.002473
2 0.685446 0.306547 0.189827 0.137157 0.500000
2 0.686087 0.306547 0.190531 0.137127 0.731059
2 0.686573 0.308961 0.189648 0.141967 0.500000
2 0.686912 0.305794 0.192600 0.139096 0.731059
2 0.918833 0.274525 0.162935 0.329328 0.001501
2 0.917164 0.276693 0.162372 0.322453 0.002473
2 0.919693 0.276890 0.160709 0.321782 0.006693
2 0.920809 0.272785 0.159405 0.333007 0.002473
2 0.915850 0.276723 0.165145 0.322708 0.001170
2 0.918729 0.280442 0.159564 0.319901 0.003173
3 0.036017 0.245490 0.072040 0.287463 0.006693
3 0.035853 0.243406 0.071683 0.287447 0.017986
3 0.035952 0.244283 0.071920 0.288662 0.002473
3 0.035879 0.244134 0.071891 0.284638 0.006693
5 0.938905 0.365071 0.111715 0.150416 0.002473
5 0.943479 0.358396 0.112324 0.161990 0.002473
5 0.908345 0.369791 0.121773 0.155696 0.002473
5 0.915538 0.368606 0.125265 0.152604 0.006693
5 0.925446 0.370837 0.127128 0.148143 0.006693
5 0.914682 0.373603 0.122306 0.150537 0.002473
5 0.919590 0.370858 0.128336 0.144583 0.002473
