0 0.377388 0.306558 0.010767 0.052788 0.002473
0 0.378853 0.309974 0.007788 0.047057 0.017986
0 0.406247 0.314835 0.006733 0.046654 0.047426
0 0.446678 0.304011 0.012627 0.035162 0.002473
0 0.454577 0.308978 0.010203 0.025229 0.002473
0 0.485090 0.304766 0.010669 0.036629 0.002473
0 0.518703 0.312366 0.006871 0.032542 0.006693
0 0.378359 0.310059 0.012521 0.046683 0.017986
0 0.406248 0.312480 0.006733 0.041754 0.017986
0 0.446592 0.310315 0.013056 0.030556 0.002473
0 0.465813 0.308491 0.007111 0.034066 0.006693
0 0.483664 0.306165 0.007830 0.038717 0.006693
0 0.007726 0.351388 0.015527 0.118338 0.002473
0 0.007803 0.357462 0.015744 0.123082 0.002473
1 0.009995 0.305743 0.020437 0.216964 0.002473
1 0.038986 0.289947 0.084398 0.124953 0.002473
1 0.977226 0.305313 0.045562 0.131067 0.017986
1 0.980469 0.308776 0.039117 0.121951 0.002473
1 0.980544 0.302482 0.038992 0.143234 0.006693
1 0.008710 0.301413 0.017567 0.209281 0.002473
1 0.615523 0.338127 0.074891 0.083313 0.731059
1 0.980772 0.316321 0.038474 0.116452 0.006693
1 0.983954 0.316679 0.037874 0.106669 0.017986
1 0.980867 0.311378 0.038346 0.116782 0.006693
1 0.009271 0.339777 0.012812 0.142556 0.002473
1 0.507914 0.320361 0.016201 0.016514 0.002473
1 0.538415 0.318898 0.022805 0.013156 0.002473
1 0.542050 0.320500 0.016061 0.016099 0.006693
1 0.563208 0.320427 0.018078 0.016239 0.002473
1 0.578234 0.325329 0.012791 0.016118 0.002473
1 0.615431 0.339713 0.074945 0.080218 0.731059
1 0.615438 0.337308 0.074949 0.075409 0.500000
1 0.614931 0.339713 0.070180 0.080221 0.500000
1 0.982356 0.321528 0.035303 0.097535 0.006693
1 0.981167 0.322358 0.037692 0.104988 0.002473
1 0.979432 0.318038 0.035489 0.104313 0.006693
1 0.616376 0.337312 0.073073 0.075398 0.500000
1 0.616352 0.339710 0.073126 0.080217 0.500000
1 0.614903 0.338161 0.070226 0.083341 0.500000
1 0.760824 0.370842 0.215899 0.216621 0.880797
1 0.761355 0.370839 0.216591 0.216627 0.880797
1 0.979633 0.327177 0.035005 0.086129 0.017986
1 0.981238 0.328074 0.037546 0.093710 0.002473
1 0.980980 0.322153 0.038273 0.096189 0.006693
1 0.616345 0.338174 0.073117 0.083298 0.500000
1 0.614930 0.338179 0.070181 0.083309 0.731059
1 0.616377 0.338173 0.073073 0.083299 0.500000
1 0.761257 0.370309 0.216667 0.218087 0.002473
1 0.761296 0.370103 0.216744 0.218143 0.500000
1 0.761362 0.368453 0.216608 0.211843 0.731059
1 0.761452 0.370551 0.216468 0.217236 0.017986
1 0.977590 0.332929 0.039181 0.087379 0.002473
1 0.982635 0.332792 0.034753 0.084743 0.006693
1 0.983657 0.333939 0.032904 0.084248 0.002473
1 0.761796 0.370544 0.217796 0.217245 0.731059
1 0.761297 0.370836 0.216749 0.216613 0.500000
1 0.761333 0.370086 0.216680 0.218112 0.731059
1 0.761473 0.370515 0.217142 0.217171 0.268941
1 0.963862 0.368857 0.072062 0.212890 0.002473
1 0.761273 0.370100 0.216797 0.218134 0.500000
1 0.761365 0.367695 0.216615 0.213329 0.731059
1 0.967418 0.397415 0.065583 0.292712 0.002473
1 0.977468 0.399897 0.045207 0.351088 0.002473
1 0.976592 0.426267 0.046859 0.315848 0.002473
1 0.976610 0.438073 0.046832 0.296529 0.002473
5 0.926078 0.349930 0.041189 0.162442 0.002473
5 0.930165 0.350180 0.042112 0.165316 0.006693
5 0.930597 0.366360 0.045388 0.141929 0.017986
5 0.930154 0.368807 0.046032 0.137422 0.017986
5 0.930386 0.373941 0.042295 0.126207 0.006693
5 0.929681 0.380093 0.041397 0.114699 0.006693
5 0.929611 0.374428 0.041141 0.126031 0.006693
5 0.929922 0.371930 0.041742 0.121586 0.006693
5 0.927146 0.383776 0.040040 0.107414 0.002473
5 0.929556 0.379082 0.040959 0.116801 0.002473
5 0.929857 0.376024 0.041713 0.122863 0.006693
5 0.929530 0.377630 0.041020 0.110199 0.002473
5 0.929592 0.377814 0.041339 0.109905 0.002473
