0 0.996157 0.356051 0.007853 0.258786 0.002473
0 0.478331 0.320331 0.007038 0.026099 0.006693
0 0.553752 0.325987 0.007994 0.038661 0.002473
0 0.996157 0.371906 0.007852 0.248050 0.006693
0 0.995204 0.374304 0.009759 0.197506 0.006693
0 0.995183 0.391074 0.009713 0.159435 0.006693
0 0.219050 0.358080 0.020653 0.091127 0.006693
0 0.995182 0.393568 0.009719 0.136420 0.006693
0 0.993750 0.400514 0.012583 0.123566 0.006693
0 0.992296 0.403265 0.009757 0.116077 0.002473
0 0.993718 0.412284 0.006925 0.106186 0.002473
1 0.416292 0.314889 0.017569 0.036880 0.002473
1 0.531170 0.329973 0.043578 0.057840 0.017986
1 0.531254 0.327659 0.043375 0.053157 0.017986
1 0.532688 0.330051 0.040475 0.057946 0.002473
1 0.996157 0.356051 0.007853 0.258786 0.002473
1 0.198671 0.345990 0.053284 0.048145 0.268941
1 0.198594 0.345993 0.053050 0.048138 0.268941
1 0.200214 0.344428 0.056571 0.045016 0.268941
1 0.218979 0.340124 0.037056 0.039400 0.017986
1 0.226369 0.334526 0.028100 0.028191 0.119203
1 0.265040 0.340455 0.069615 0.037149 0.119203
1 0.264146 0.340473 0.065863 0.037099 0.119203
1 0.264187 0.342326 0.065892 0.039580 0.119203
1 0.265630 0.341259 0.068684 0.041724 0.268941
1 0.264336 0.341206 0.065677 0.041896 0.268941
1 0.416111 0.316619 0.017934 0.033460 0.002473
1 0.435169 0.322798 0.014647 0.011498 0.017986
1 0.531246 0.331710 0.043295 0.054575 0.731059
1 0.531252 0.331703 0.043284 0.054562 0.500000
1 0.529796 0.331703 0.040415 0.054562 0.500000
1 0.996157 0.371906 0.007852 0.248050 0.006693
1 0.200046 0.343764 0.056038 0.046573 0.500000
1 0.198602 0.345325 0.053011 0.049691 0.268941
1 0.200044 0.346115 0.055955 0.048112 0.268941
1 0.199981 0.346043 0.055986 0.048145 0.268941
1 0.224498 0.337702 0.032211 0.034521 0.119203
1 0.265113 0.342092 0.069576 0.040059 0.500000
1 0.263695 0.342393 0.066710 0.039428 0.731059
1 0.264161 0.340642 0.065825 0.036691 0.500000
1 0.265156 0.340531 0.069615 0.036944 0.731059
1 0.263729 0.342101 0.066807 0.040118 0.500000
1 0.531247 0.331587 0.043295 0.054803 0.731059
1 0.531252 0.331003 0.043277 0.055969 0.500000
1 0.531250 0.330955 0.043286 0.056056 0.500000
1 0.995204 0.374304 0.009759 0.197506 0.006693
1 0.200020 0.346083 0.055986 0.048216 0.500000
1 0.198764 0.346082 0.053286 0.048217 0.500000
1 0.199976 0.345373 0.056089 0.049639 0.268941
1 0.200162 0.344566 0.056589 0.045046 0.006693
1 0.220314 0.346010 0.035603 0.049574 0.006693
1 0.995183 0.391074 0.009713 0.159435 0.006693
1 0.995182 0.393568 0.009719 0.136420 0.006693
1 0.094434 0.422627 0.184341 0.617731 0.679179
1 0.092326 0.414297 0.188022 0.618806 0.731059
1 0.093290 0.411602 0.186952 0.619113 0.731059
1 0.094658 0.414339 0.182104 0.614449 0.731059
1 0.091781 0.412951 0.186978 0.611418 0.731059
1 0.092203 0.416962 0.187757 0.618447 0.731059
1 0.092424 0.412629 0.187760 0.605048 0.731059
1 0.093407 0.415187 0.181776 0.605055 0.777300
1 0.092221 0.418225 0.184585 0.598031 0.777300
1 0.092602 0.417064 0.185351 0.603733 0.731059
2 0.416292 0.314889 0.017569 0.036880 0.002473
2 0.226369 0.334526 0.028100 0.028191 0.002473
2 0.416111 0.316619 0.017934 0.033460 0.002473
2 0.093290 0.411602 0.186952 0.619113 0.001501
3 0.414936 0.314691 0.020414 0.037276 0.047426
3 0.416292 0.314889 0.017569 0.036880 0.268941
3 0.416317 0.317421 0.023151 0.031926 0.006693
3 0.416111 0.316619 0.017934 0.033460 0.268941
3 0.435169 0.322798 0.014647 0.011498 0.002473
3 0.996157 0.371906 0.007852 0.248050 0.002473
3 0.995204 0.374304 0.009759 0.197506 0.002473
