0 0.215704 0.328131 0.018995 0.122025 0.006693
0 0.901873 0.293928 0.016311 0.037048 0.002473
0 0.932864 0.288972 0.016205 0.052306 0.002473
0 0.217279 0.339486 0.015798 0.101277 0.047426
0 0.004733 0.334117 0.010155 0.146496 0.002473
0 0.217297 0.345677 0.015544 0.088951 0.047426
0 0.184286 0.331772 0.019012 0.115130 0.002473
0 0.218749 0.345216 0.012664 0.080403 0.047426
0 0.218824 0.343978 0.018596 0.084147 0.047426
0 0.217523 0.342641 0.015995 0.090587 0.006693
0 0.174664 0.374867 0.031912 0.166210 0.002473
0 0.177474 0.377044 0.030107 0.164272 0.002473
1 0.411456 0.338028 0.032971 0.073901 0.002473
1 0.981037 0.323641 0.037948 0.127152 0.002473
1 0.388711 0.328500 0.028759 0.073518 0.002473
1 0.410065 0.339182 0.035739 0.071345 0.006693
1 0.411268 0.338749 0.033259 0.062860 0.268941
1 0.410820 0.339696 0.034159 0.070559 0.268941
1 0.428343 0.333182 0.012621 0.031828 0.119203
1 0.464200 0.330440 0.016024 0.026735 0.002473
1 0.499899 0.334180 0.050175 0.062510 0.731059
1 0.499936 0.334178 0.050129 0.062509 0.500000
1 0.499995 0.334803 0.050010 0.060795 0.500000
1 0.500046 0.334372 0.044148 0.060486 0.500000
1 0.974509 0.346156 0.051035 0.172911 0.006693
1 0.974750 0.350172 0.050551 0.183532 0.006693
1 0.975254 0.353085 0.049717 0.187433 0.006693
1 0.329902 0.365807 0.150154 0.164246 0.731059
1 0.328016 0.365806 0.149915 0.164249 0.731059
1 0.329879 0.367370 0.149822 0.161148 0.731059
1 0.410541 0.339250 0.034791 0.071540 0.017986
1 0.412203 0.339749 0.035133 0.070488 0.500000
1 0.411282 0.341163 0.033235 0.067679 0.500000
1 0.428278 0.333387 0.012765 0.032090 0.119203
1 0.498461 0.334972 0.047291 0.061102 0.731059
1 0.498497 0.334930 0.047233 0.061013 0.500000
1 0.499995 0.334930 0.050000 0.061013 0.500000
1 0.501432 0.334496 0.047156 0.060715 0.500000
1 0.919359 0.364253 0.061587 0.116842 0.002473
1 0.919941 0.367941 0.060151 0.111359 0.006693
1 0.971482 0.358126 0.057084 0.198616 0.002473
1 0.971774 0.364199 0.056522 0.220458 0.002473
1 0.971049 0.374091 0.058553 0.239970 0.002473
1 0.328086 0.367324 0.150030 0.161189 0.731059
1 0.328967 0.365803 0.148009 0.164238 0.500000
1 0.328971 0.367316 0.147987 0.161195 0.500000
1 0.410108 0.339424 0.035812 0.071469 0.047426
1 0.411289 0.339720 0.033353 0.070577 0.500000
1 0.411285 0.341295 0.033269 0.067461 0.500000
1 0.498494 0.335639 0.047225 0.062863 0.119203
1 0.499926 0.334893 0.050120 0.061375 0.268941
1 0.859717 0.366925 0.041790 0.057244 0.002473
1 0.918415 0.367082 0.063653 0.110819 0.006693
1 0.919925 0.370764 0.059967 0.117111 0.002473
1 0.917246 0.365966 0.059773 0.116801 0.002473
1 0.970574 0.357638 0.059010 0.203469 0.006693
1 0.970679 0.384782 0.058724 0.272763 0.002473
1 0.969474 0.389050 0.061701 0.280559 0.006693
1 0.328898 0.365463 0.148137 0.163734 0.500000
1 0.328025 0.366593 0.149884 0.159736 0.500000
1 0.328877 0.365008 0.148073 0.162822 0.731059
1 0.864004 0.384771 0.029025 0.022783 0.002473
1 0.871014 0.380660 0.042024 0.042484 0.002473
1 0.917884 0.370808 0.063985 0.104619 0.002473
1 0.970128 0.382548 0.059905 0.244005 0.006693
1 0.970528 0.393030 0.064840 0.303862 0.006693
1 0.969495 0.410054 0.061667 0.340925 0.017986
1 0.329038 0.364635 0.148152 0.163703 0.500000
1 0.864481 0.396072 0.030924 0.045863 0.002473
1 0.967196 0.442185 0.065766 0.372005 0.002473
1 0.968708 0.454831 0.062665 0.444699 0.006693
1 0.967638 0.433813 0.059328 0.426391 0.017986
1 0.966084 0.468804 0.067885 0.479685 0.268941
1 0.967074 0.461581 0.065874 0.504368 0.119203
1 0.966092 0.460631 0.067913 0.456468 0.500000
1 0.966097 0.463335 0.067910 0.485904 0.731059
1 0.967039 0.449490 0.065943 0.509810 0.500000
1 0.966172 0.456266 0.067814 0.485072 0.002473
1 0.966093 0.458853 0.067906 0.461857 0.268941
1 0.965634 0.459449 0.068767 0.503656 0.268941
1 0.965644 0.456204 0.068734 0.508457 0.268941
1 0.966738 0.457629 0.066677 0.480508 0.006693
1 0.965619 0.472380 0.068797 0.481990 0.047426
1 0.966119 0.469142 0.067776 0.493131 0.119203
1 0.966091 0.408757 0.070864 0.571417 0.060087
1 0.967484 0.404020 0.070899 0.600998 0.022977
1 0.967556 0.415883 0.071123 0.582490 0.377541
1 0.967208 0.413259 0.070474 0.592274 0.119203
1 0.967342 0.413510 0.068055 0.576956 0.562177
1 0.967354 0.410332 0.069843 0.583675 0.268941
1 0.967124 0.415349 0.071917 0.589785 0.148047
1 0.967869 0.414510 0.068880 0.594010 0.095349
3 0.966097 0.463335 0.067910 0.485904 0.002473
3 0.965644 0.456204 0.068734 0.508457 0.002473
3 0.967556 0.415883 0.071123 0.582490 0.001170
3 0.967208 0.413259 0.070474 0.592274 0.001170
3 0.967354 0.410332 0.069843 0.583675 0.001170
5 0.611370 0.333271 0.033461 0.073617 0.119203
5 0.613191 0.333266 0.033310 0.073599 0.268941
5 0.611371 0.334890 0.033453 0.070362 0.268941
5 0.613378 0.333372 0.032935 0.067298 0.268941
5 0.614632 0.337311 0.036281 0.075204 0.002473
5 0.218749 0.345216 0.012664 0.080403 0.002473
5 0.610006 0.331694 0.035553 0.069229 0.002473
5 0.612502 0.335028 0.034986 0.070229 0.268941
5 0.613448 0.335056 0.033074 0.070233 0.268941
5 0.614576 0.333473 0.036390 0.073376 0.002473
5 0.224160 0.343061 0.022579 0.075956 0.002473
5 0.612503 0.335072 0.034989 0.070238 0.268941
5 0.612454 0.333483 0.034782 0.073413 0.268941
5 0.614667 0.337768 0.036280 0.074527 0.002473
5 0.967039 0.449490 0.065943 0.509810 0.002473
5 0.965634 0.459449 0.068767 0.503656 0.002473
5 0.965644 0.456204 0.068734 0.508457 0.006693
5 0.965619 0.472380 0.068797 0.481990 0.006693
5 0.966119 0.469142 0.067776 0.493131 0.006693
