0 0.006340 0.320763 0.012835 0.175809 0.017986
0 0.006255 0.326887 0.012664 0.179788 0.047426
0 0.021098 0.332057 0.026029 0.124707 0.002473
0 0.990160 0.336578 0.019702 0.150573 0.006693
0 0.004818 0.338111 0.009693 0.137838 0.047426
0 0.378833 0.323955 0.007827 0.048773 0.017986
0 0.696697 0.310844 0.012887 0.048862 0.002473
0 0.714642 0.322374 0.011242 0.046022 0.002473
0 0.849777 0.331700 0.018870 0.070748 0.002473
0 0.987230 0.344474 0.025422 0.158816 0.002473
0 0.989989 0.347898 0.020042 0.159045 0.006693
0 0.004804 0.345594 0.009662 0.123950 0.047426
0 0.161762 0.350719 0.014209 0.068425 0.002473
0 0.164685 0.345554 0.015137 0.057006 0.006693
0 0.379792 0.330098 0.009643 0.056078 0.006693
0 0.714893 0.322869 0.010740 0.044924 0.002473
0 0.849900 0.337420 0.019121 0.080385 0.002473
0 0.852573 0.342645 0.020228 0.084343 0.006693
0 0.987462 0.354164 0.025068 0.177972 0.006693
0 0.988979 0.351833 0.022063 0.173875 0.006693
0 0.006253 0.351169 0.012582 0.121792 0.006693
0 0.117257 0.346257 0.015754 0.085199 0.002473
0 0.160813 0.358112 0.015902 0.061566 0.002473
0 0.378772 0.330685 0.007981 0.057395 0.006693
0 0.851280 0.350727 0.016930 0.097471 0.002473
0 0.988924 0.354118 0.022155 0.177929 0.017986
0 0.988979 0.352183 0.022063 0.174084 0.017986
0 0.004818 0.356515 0.009716 0.123566 0.047426
0 0.160368 0.356896 0.014977 0.061475 0.006693
0 0.165145 0.354763 0.013981 0.057244 0.002473
0 0.988936 0.357087 0.022130 0.175164 0.047426
0 0.988976 0.358501 0.022058 0.179360 0.017986
0 0.006249 0.363780 0.012581 0.137297 0.017986
0 0.161308 0.357227 0.013104 0.061390 0.017986
0 0.987488 0.358771 0.025031 0.184973 0.119203
0 0.987525 0.361094 0.024976 0.184073 0.047426
0 0.003366 0.374026 0.012620 0.149181 0.017986
0 0.985952 0.358539 0.028114 0.185568 0.017986
0 0.989041 0.357128 0.021974 0.193576 0.006693
0 0.006295 0.388849 0.012667 0.161673 0.006693
0 0.985940 0.362226 0.028097 0.181859 0.002473
0 0.989615 0.361421 0.020826 0.184511 0.002473
0 0.992190 0.362834 0.015676 0.192218 0.002473
0 0.004721 0.415840 0.010174 0.242250 0.002473
1 0.331231 0.327949 0.012697 0.073440 0.002473
1 0.507822 0.339737 0.059660 0.080338 0.002473
1 0.989989 0.347898 0.020042 0.159045 0.006693
1 0.183777 0.341036 0.028946 0.042307 0.002473
1 0.197692 0.341289 0.026863 0.041857 0.006693
1 0.209240 0.340944 0.024733 0.047277 0.119203
1 0.209596 0.341658 0.025126 0.048890 0.047426
1 0.446832 0.356546 0.137513 0.120145 0.880797
1 0.447000 0.351779 0.137184 0.120242 0.880797
1 0.503403 0.333747 0.051078 0.060447 0.006693
1 0.507832 0.341245 0.065346 0.077104 0.006693
1 0.506397 0.341374 0.062503 0.076899 0.500000
1 0.509189 0.338853 0.062536 0.072349 0.268941
1 0.506471 0.338841 0.062138 0.072329 0.268941
1 0.554539 0.342057 0.034136 0.040359 0.047426
1 0.553775 0.338156 0.032556 0.041746 0.047426
1 0.554815 0.338189 0.034689 0.041809 0.047426
1 0.987462 0.354164 0.025068 0.177972 0.017986
1 0.988979 0.351833 0.022063 0.173875 0.017986
1 0.185542 0.347670 0.022140 0.028974 0.047426
1 0.186505 0.345121 0.022818 0.034065 0.017986
1 0.209307 0.340964 0.024602 0.047248 0.119203
1 0.209596 0.343588 0.025127 0.052540 0.119203
1 0.268901 0.359375 0.137530 0.177084 0.731059
1 0.271684 0.362535 0.137461 0.173789 0.500000
1 0.270310 0.362543 0.134496 0.173809 0.731059
1 0.334143 0.335156 0.012600 0.066722 0.002473
1 0.370296 0.338993 0.021994 0.040100 0.002473
1 0.448654 0.351709 0.137642 0.120089 0.731059
1 0.445324 0.351748 0.134466 0.120166 0.500000
1 0.447785 0.354116 0.135620 0.115282 0.731059
1 0.509302 0.340957 0.062427 0.077777 0.500000
1 0.509255 0.338959 0.062344 0.072086 0.500000
1 0.507746 0.338964 0.059517 0.072077 0.500000
1 0.507803 0.340941 0.059548 0.077852 0.500000
1 0.553589 0.342525 0.032188 0.039262 0.500000
1 0.553589 0.343277 0.032150 0.037752 0.268941
1 0.554801 0.339903 0.034704 0.038254 0.268941
1 0.663992 0.379435 0.172195 0.175614 0.731059
1 0.662574 0.379132 0.175154 0.175013 0.880797
1 0.988924 0.354118 0.022155 0.177929 0.006693
1 0.988979 0.352183 0.022063 0.174084 0.017986
1 0.210865 0.343909 0.022181 0.052573 0.119203
1 0.211048 0.343887 0.022411 0.052709 0.119203
1 0.270251 0.357023 0.134619 0.172431 0.500000
1 0.271748 0.357038 0.137340 0.172428 0.500000
1 0.271748 0.358610 0.137330 0.175605 0.500000
1 0.448655 0.351749 0.137641 0.120166 0.500000
1 0.446749 0.351754 0.137335 0.120127 0.731059
1 0.447695 0.354157 0.135441 0.124982 0.500000
1 0.506416 0.340971 0.062418 0.077794 0.500000
1 0.509377 0.342014 0.062113 0.075640 0.500000
1 0.508992 0.338921 0.057171 0.072446 0.119203
1 0.579835 0.349725 0.009835 0.055768 0.002473
1 0.662517 0.379133 0.175044 0.175001 0.731059
1 0.662521 0.379100 0.175044 0.175054 0.500000
1 0.662530 0.376685 0.175053 0.179891 0.500000
1 0.988936 0.357087 0.022130 0.175164 0.006693
1 0.988976 0.358501 0.022058 0.179360 0.006693
1 0.006249 0.363780 0.012581 0.137297 0.002473
1 0.272640 0.358277 0.135646 0.175020 0.268941
1 0.272625 0.357029 0.135585 0.172441 0.500000
1 0.271241 0.358591 0.132554 0.175648 0.731059
1 0.446932 0.356556 0.137060 0.120199 0.500000
1 0.447896 0.354142 0.135135 0.125010 0.731059
1 0.665390 0.375040 0.175022 0.176467 0.500000
1 0.663931 0.377418 0.177947 0.171712 0.731059
1 0.662498 0.377436 0.175044 0.172096 0.731059
1 0.987488 0.358771 0.025031 0.184973 0.002473
1 0.987525 0.361094 0.024976 0.184073 0.002473
1 0.272716 0.358652 0.135515 0.175641 0.500000
1 0.662515 0.376425 0.175045 0.179785 0.500000
1 0.662518 0.373452 0.175050 0.179648 0.500000
1 0.989041 0.357128 0.021974 0.193576 0.002473
1 0.985940 0.362226 0.028097 0.181859 0.002473
1 0.989615 0.361421 0.020826 0.184511 0.002473
1 0.992190 0.362834 0.015676 0.192218 0.002473
2 0.987230 0.344474 0.025422 0.158816 0.002473
2 0.989989 0.347898 0.020042 0.159045 0.006693
2 0.507832 0.341245 0.065346 0.077104 0.002473
2 0.987462 0.354164 0.025068 0.177972 0.002473
2 0.988979 0.351833 0.022063 0.173875 0.006693
2 0.509302 0.340957 0.062427 0.077777 0.017986
2 0.988979 0.352183 0.022063 0.174084 0.002473
3 0.989989 0.347898 0.020042 0.159045 0.017986
3 0.209240 0.340944 0.024733 0.047277 0.002473
3 0.987462 0.354164 0.025068 0.177972 0.006693
3 0.988979 0.351833 0.022063 0.173875 0.017986
3 0.209307 0.340964 0.024602 0.047248 0.017986
3 0.209596 0.343588 0.025127 0.052540 0.006693
3 0.988924 0.354118 0.022155 0.177929 0.002473
3 0.988979 0.352183 0.022063 0.174084 0.006693
3 0.210865 0.343909 0.022181 0.052573 0.006693
3 0.211048 0.343887 0.022411 0.052709 0.002473
4 0.003366 0.374026 0.012620 0.149181 0.002473
4 0.985952 0.358539 0.028114 0.185568 0.002473
4 0.985940 0.362226 0.028097 0.181859 0.006693
4 0.989615 0.361421 0.020826 0.184511 0.006693
5 0.004818 0.338111 0.009693 0.137838 0.002473
5 0.989989 0.347898 0.020042 0.159045 0.002473
5 0.004804 0.345594 0.009662 0.123950 0.002473
5 0.164685 0.345554 0.015137 0.057006 0.002473
5 0.987462 0.354164 0.025068 0.177972 0.002473
5 0.160813 0.358112 0.015902 0.061566 0.006693
5 0.165605 0.349092 0.013171 0.053178 0.006693
5 0.185542 0.347670 0.022140 0.028974 0.002473
5 0.004818 0.356515 0.009716 0.123566 0.002473
5 0.018461 0.359513 0.031384 0.114311 0.002473
5 0.160368 0.356896 0.014977 0.061475 0.002473
5 0.165145 0.354763 0.013981 0.057244 0.006693
5 0.163706 0.358513 0.016857 0.058961 0.006693
5 0.003366 0.374026 0.012620 0.149181 0.002473
5 0.006295 0.388849 0.012667 0.161673 0.002473
5 0.004845 0.405696 0.009952 0.207482 0.002473
