0 0.127396 0.308661 0.020318 0.107867 0.006693
0 0.128136 0.314778 0.018780 0.119950 0.268941
0 0.126534 0.311346 0.022337 0.112725 0.017986
0 0.129585 0.314174 0.021672 0.112261 0.500000
0 0.345225 0.313546 0.015506 0.069907 0.006693
0 0.358899 0.310718 0.018169 0.064868 0.002473
0 0.126729 0.312323 0.022777 0.114601 0.119203
0 0.129400 0.312731 0.022040 0.115251 0.268941
0 0.323872 0.317580 0.013232 0.062259 0.017986
0 0.329742 0.317914 0.009836 0.062261 0.047426
0 0.346636 0.318324 0.012531 0.055132 0.047426
0 0.359831 0.311446 0.014161 0.057760 0.002473
0 0.479230 0.302560 0.011073 0.038161 0.002473
0 0.128117 0.312702 0.019945 0.106951 0.047426
0 0.129582 0.312867 0.021674 0.114313 0.268941
0 0.323405 0.320056 0.012310 0.067873 0.017986
0 0.327420 0.322905 0.010778 0.062523 0.119203
0 0.343748 0.320235 0.012560 0.057629 0.047426
0 0.558669 0.328496 0.007823 0.041725 0.047426
0 0.566356 0.329294 0.007771 0.049744 0.119203
0 0.995008 0.349949 0.010042 0.154956 0.002473
0 0.127443 0.313369 0.020413 0.106076 0.047426
0 0.129582 0.317079 0.021674 0.116503 0.268941
0 0.324757 0.323336 0.015015 0.061802 0.006693
0 0.328264 0.320594 0.012740 0.057572 0.119203
0 0.345173 0.316441 0.009810 0.059670 0.017986
0 0.554825 0.330863 0.009671 0.046635 0.119203
0 0.567276 0.329303 0.009688 0.049773 0.268941
0 0.995147 0.355120 0.009786 0.130898 0.002473
0 0.127463 0.315542 0.020427 0.112200 0.017986
0 0.130243 0.317406 0.020457 0.120411 0.119203
0 0.670193 0.344894 0.009707 0.050669 0.002473
0 0.995193 0.371578 0.009644 0.105354 0.006693
0 0.129035 0.333343 0.024055 0.153481 0.002473
0 0.131259 0.328732 0.022499 0.146891 0.047426
0 0.995206 0.376685 0.009666 0.110043 0.006693
0 0.131362 0.346463 0.021534 0.165100 0.002473
1 0.151052 0.331830 0.064197 0.065591 0.047426
1 0.153998 0.331182 0.061088 0.069723 0.047426
1 0.158510 0.332678 0.057634 0.066406 0.047426
1 0.090070 0.337084 0.024639 0.033714 0.002473
1 0.098061 0.337981 0.023631 0.042200 0.002473
1 0.157973 0.332493 0.052390 0.064195 0.119203
1 0.158465 0.333298 0.052143 0.062573 0.268941
1 0.158546 0.334000 0.052044 0.064172 0.268941
1 0.183068 0.334844 0.048643 0.056490 0.047426
1 0.196427 0.333320 0.032182 0.041741 0.119203
1 0.196883 0.330929 0.031290 0.046543 0.047426
1 0.262516 0.341655 0.100047 0.151370 0.500000
1 0.263959 0.341447 0.097116 0.150948 0.731059
1 0.263951 0.341355 0.097100 0.150771 0.731059
1 0.432678 0.341705 0.153604 0.132113 0.731059
1 0.432656 0.342012 0.153576 0.132737 0.731059
1 0.430486 0.342033 0.154112 0.132771 0.731059
1 0.089573 0.338217 0.023997 0.032001 0.002473
1 0.095358 0.338215 0.028353 0.041660 0.002473
1 0.159534 0.333317 0.045376 0.062548 0.119203
1 0.162019 0.333316 0.045008 0.063776 0.500000
1 0.160045 0.333564 0.048832 0.063283 0.268941
1 0.181156 0.334377 0.058005 0.060519 0.047426
1 0.195446 0.333473 0.034116 0.042046 0.047426
1 0.196433 0.333481 0.032190 0.042044 0.017986
1 0.262517 0.341369 0.100047 0.150966 0.500000
1 0.263954 0.341355 0.097107 0.150765 0.500000
1 0.263952 0.341320 0.097099 0.150695 0.500000
1 0.431706 0.341261 0.151935 0.131222 0.731059
1 0.432260 0.341267 0.154581 0.131213 0.731059
1 0.431319 0.339616 0.152687 0.137522 0.500000
1 0.157727 0.334539 0.043076 0.065251 0.006693
1 0.158778 0.333809 0.044694 0.063552 0.119203
1 0.162345 0.333815 0.041983 0.066572 0.119203
1 0.187037 0.340836 0.035705 0.070913 0.006693
1 0.196334 0.344162 0.032055 0.063689 0.002473
1 0.196892 0.344942 0.031295 0.075106 0.002473
1 0.263940 0.341393 0.097148 0.151012 0.500000
1 0.262525 0.341255 0.099982 0.150731 0.500000
1 0.263951 0.341289 0.097100 0.150800 0.731059
1 0.432201 0.341258 0.154459 0.131238 0.500000
1 0.432260 0.338852 0.154579 0.136048 0.731059
1 0.431771 0.341372 0.151791 0.131479 0.731059
1 0.262546 0.341196 0.099918 0.151001 0.500000
1 0.432391 0.342053 0.154231 0.132678 0.500000
3 0.978169 0.375296 0.032047 0.072534 0.002473
4 0.195627 0.351693 0.027035 0.100144 0.002473
4 0.198370 0.346676 0.028520 0.090110 0.002473
4 0.995206 0.376685 0.009666 0.110043 0.002473
5 0.158778 0.333809 0.044694 0.063552 0.006693
