0 0.719660 0.228795 0.025039 0.124649 0.002473
0 0.725704 0.228506 0.018049 0.123966 0.002473
0 0.715110 0.270854 0.030698 0.218070 0.006693
0 0.718942 0.283856 0.031012 0.234475 0.047426
0 0.727284 0.289290 0.022907 0.245987 0.006693
0 0.746481 0.308274 0.026652 0.212551 0.002473
0 0.757374 0.299342 0.020958 0.192009 0.006693
0 0.763174 0.304362 0.026072 0.211854 0.002473
0 0.220720 0.252449 0.017394 0.037464 0.006693
0 0.235751 0.251007 0.021846 0.045591 0.002473
0 0.239115 0.254140 0.022120 0.060716 0.017986
0 0.717369 0.256481 0.029754 0.180047 0.002473
0 0.720976 0.284175 0.032286 0.235554 0.017986
0 0.724973 0.293010 0.033814 0.251782 0.002473
0 0.758278 0.310718 0.023499 0.214813 0.006693
0 0.761437 0.307336 0.022895 0.211752 0.002473
0 0.796331 0.299512 0.026538 0.235530 0.002473
0 0.798562 0.283630 0.022202 0.203824 0.002473
0 0.225517 0.252159 0.026405 0.045537 0.002473
0 0.236772 0.257140 0.024470 0.056599 0.006693
0 0.241199 0.264753 0.026288 0.074275 0.002473
0 0.254537 0.279289 0.022150 0.052423 0.002473
0 0.272855 0.281046 0.015017 0.052657 0.006693
0 0.396901 0.294860 0.031507 0.162951 0.006693
0 0.398504 0.293636 0.029091 0.149782 0.006693
0 0.595956 0.301833 0.023179 0.106062 0.017986
0 0.597628 0.301519 0.020275 0.108033 0.017986
0 0.726360 0.285118 0.035069 0.233602 0.002473
0 0.740667 0.307989 0.024776 0.212498 0.006693
0 0.757511 0.307409 0.025058 0.208455 0.119203
0 0.761143 0.308183 0.022572 0.215181 0.017986
0 0.239771 0.274645 0.030486 0.090012 0.006693
0 0.242437 0.277059 0.034135 0.072305 0.002473
0 0.259322 0.285708 0.017143 0.052380 0.002473
0 0.270268 0.283107 0.015674 0.048642 0.017986
0 0.276832 0.285792 0.016187 0.052544 0.002473
0 0.322379 0.304336 0.014076 0.085294 0.002473
0 0.329556 0.311317 0.016059 0.083605 0.006693
0 0.345224 0.303376 0.015832 0.067000 0.002473
0 0.362315 0.321221 0.019154 0.106995 0.006693
0 0.369221 0.323643 0.020396 0.097452 0.006693
0 0.379622 0.313151 0.010197 0.099759 0.006693
0 0.397501 0.299950 0.030326 0.167863 0.119203
0 0.398288 0.294358 0.028803 0.150058 0.006693
0 0.417091 0.310174 0.028088 0.073527 0.002473
0 0.570316 0.311313 0.009950 0.072674 0.002473
0 0.587009 0.311046 0.018469 0.073763 0.006693
0 0.596971 0.308641 0.019314 0.081124 0.119203
0 0.595710 0.306289 0.022284 0.084641 0.119203
0 0.621100 0.314361 0.018590 0.078853 0.006693
0 0.625645 0.313518 0.019721 0.080928 0.002473
0 0.719473 0.248198 0.029279 0.163033 0.002473
0 0.744256 0.301307 0.028137 0.200371 0.017986
0 0.756932 0.303350 0.026495 0.201464 0.119203
0 0.760869 0.306245 0.028712 0.210407 0.017986
0 0.796381 0.288860 0.026774 0.217787 0.002473
0 0.270436 0.286426 0.016244 0.052197 0.006693
0 0.328140 0.317082 0.013227 0.064160 0.002473
0 0.365394 0.329219 0.025422 0.091539 0.006693
0 0.365938 0.328359 0.025084 0.091372 0.017986
0 0.379075 0.324176 0.011084 0.071967 0.002473
0 0.398263 0.319764 0.034391 0.204083 0.047426
0 0.398313 0.302699 0.034326 0.179048 0.006693
0 0.568754 0.316518 0.006749 0.051508 0.017986
0 0.595565 0.310474 0.022117 0.066683 0.268941
0 0.596147 0.310574 0.023207 0.069465 0.119203
0 0.621823 0.317798 0.018882 0.070248 0.017986
0 0.625240 0.320321 0.018827 0.067840 0.006693
0 0.672507 0.325334 0.020071 0.057816 0.119203
0 0.677184 0.322448 0.020769 0.052243 0.047426
0 0.687806 0.315889 0.015054 0.072299 0.006693
0 0.731210 0.293734 0.037126 0.239762 0.002473
0 0.747932 0.300631 0.029841 0.205367 0.047426
0 0.755289 0.302108 0.033582 0.202117 0.119203
0 0.760357 0.300973 0.029478 0.204342 0.119203
0 0.794048 0.290419 0.027523 0.235963 0.002473
0 0.976461 0.306286 0.034728 0.340953 0.006693
0 0.365588 0.329862 0.025805 0.090676 0.002473
0 0.367193 0.332042 0.024445 0.094909 0.006693
0 0.397857 0.318939 0.035113 0.207086 0.268941
0 0.396374 0.319340 0.032303 0.211058 0.268941
0 0.567322 0.318467 0.009674 0.053727 0.017986
0 0.596784 0.308016 0.018941 0.074562 0.119203
0 0.596147 0.312722 0.023207 0.071524 0.047426
0 0.622462 0.319166 0.020162 0.069318 0.017986
0 0.625278 0.320809 0.018751 0.057524 0.017986
0 0.672325 0.325525 0.019679 0.046943 0.047426
0 0.675763 0.324602 0.017926 0.048193 0.047426
0 0.686547 0.321970 0.017556 0.063800 0.006693
0 0.749981 0.295978 0.027457 0.214630 0.047426
0 0.756863 0.299119 0.030189 0.214718 0.119203
0 0.760482 0.302799 0.023403 0.200658 0.119203
0 0.979007 0.314262 0.039794 0.352058 0.002473
0 0.984925 0.328380 0.030600 0.328867 0.002473
0 0.366572 0.332298 0.027732 0.095223 0.006693
0 0.368170 0.332729 0.026398 0.094195 0.002473
0 0.397683 0.317909 0.035430 0.198017 0.268941
0 0.396423 0.319751 0.032204 0.203961 0.268941
0 0.571950 0.322907 0.013169 0.063355 0.006693
0 0.580285 0.321776 0.017529 0.076920 0.002473
0 0.595328 0.309681 0.021868 0.079841 0.119203
0 0.596196 0.313200 0.023156 0.073551 0.047426
0 0.623359 0.324168 0.022204 0.073846 0.006693
0 0.625102 0.326631 0.019248 0.067427 0.017986
0 0.672850 0.328454 0.015021 0.055805 0.047426
0 0.676794 0.329669 0.021798 0.059466 0.017986
0 0.723218 0.305573 0.047334 0.278836 0.500000
0 0.723184 0.303403 0.052522 0.271079 0.500000
0 0.750006 0.300600 0.025953 0.188589 0.047426
0 0.759353 0.307673 0.024733 0.197641 0.047426
0 0.760937 0.301527 0.022858 0.207995 0.017986
0 0.783897 0.305718 0.045497 0.333492 0.268941
0 0.784664 0.305676 0.045025 0.333532 0.047426
0 0.973894 0.310851 0.040013 0.338343 0.002473
0 0.979563 0.313889 0.040600 0.345972 0.017986
0 0.983934 0.323184 0.032607 0.344112 0.006693
0 0.395216 0.321658 0.034661 0.199462 0.119203
0 0.395307 0.317556 0.034432 0.198282 0.268941
0 0.395304 0.316046 0.034439 0.201298 0.268941
0 0.574401 0.330654 0.014324 0.079849 0.002473
0 0.621505 0.347602 0.026993 0.098977 0.002473
0 0.670368 0.339422 0.022160 0.074530 0.002473
0 0.722866 0.307281 0.046176 0.281228 0.268941
0 0.724831 0.307453 0.044082 0.281613 0.268941
0 0.724656 0.307157 0.049582 0.280931 0.268941
0 0.749989 0.298502 0.025920 0.205691 0.047426
0 0.759556 0.312006 0.025037 0.189365 0.119203
0 0.763155 0.279293 0.027170 0.271656 0.047426
0 0.784824 0.306290 0.044782 0.335239 0.268941
0 0.784506 0.307200 0.043541 0.333890 0.500000
0 0.975921 0.310223 0.041555 0.351567 0.002473
0 0.979841 0.315579 0.040246 0.355658 0.047426
0 0.982962 0.320211 0.034249 0.349457 0.017986
0 0.395201 0.316379 0.034631 0.200807 0.017986
0 0.396748 0.318437 0.037331 0.206174 0.268941
0 0.395305 0.315938 0.034438 0.201524 0.268941
0 0.722959 0.308309 0.046175 0.282301 0.119203
0 0.724637 0.306484 0.049345 0.279604 0.268941
0 0.724372 0.304454 0.049467 0.285904 0.119203
0 0.750318 0.300382 0.026710 0.209389 0.119203
0 0.759492 0.320734 0.021488 0.171558 0.119203
0 0.781943 0.299724 0.044818 0.321905 0.047426
0 0.784537 0.307291 0.043573 0.343758 0.500000
0 0.784371 0.307315 0.043842 0.343696 0.500000
0 0.973074 0.310425 0.047977 0.359687 0.047426
0 0.981436 0.310744 0.031334 0.348613 0.047426
0 0.984228 0.316086 0.031623 0.341040 0.047426
0 0.395255 0.320221 0.034608 0.202559 0.268941
0 0.395286 0.318435 0.040368 0.206143 0.119203
0 0.723004 0.307551 0.046085 0.280755 0.268941
0 0.722989 0.307392 0.046323 0.281148 0.268941
0 0.742895 0.305614 0.040072 0.252926 0.002473
0 0.761693 0.306454 0.026228 0.212593 0.047426
0 0.782749 0.306126 0.047574 0.341121 0.047426
0 0.786232 0.309792 0.042060 0.348748 0.268941
0 0.784818 0.310093 0.044759 0.349346 0.268941
0 0.962272 0.321490 0.072937 0.325218 0.002473
0 0.965145 0.311899 0.060407 0.353052 0.006693
0 0.968774 0.309565 0.056061 0.354347 0.047426
0 0.985002 0.311744 0.029692 0.346277 0.017986
0 0.986733 0.319215 0.026622 0.331572 0.047426
0 0.721998 0.305371 0.044230 0.285714 0.006693
0 0.785795 0.305714 0.041484 0.357231 0.500000
0 0.785530 0.305812 0.046398 0.357027 0.268941
0 0.960956 0.344209 0.068956 0.290394 0.006693
0 0.963738 0.320677 0.064750 0.333870 0.006693
0 0.967705 0.313602 0.058980 0.353744 0.017986
0 0.985608 0.317100 0.022650 0.336026 0.047426
0 0.985839 0.323792 0.022680 0.323753 0.017986
0 0.963279 0.359309 0.066433 0.262474 0.006693
0 0.970045 0.350422 0.054295 0.280085 0.002473
0 0.985686 0.397086 0.022807 0.180923 0.002473
0 0.985950 0.388960 0.022712 0.197519 0.006693
0 0.934309 0.438501 0.127629 0.642062 0.005220
0 0.935419 0.435638 0.123851 0.630607 0.006693
0 0.933975 0.451528 0.126542 0.664778 0.001170
0 0.934892 0.449574 0.128018 0.663086 0.004070
1 0.434362 0.329243 0.056285 0.065794 0.731059
1 0.434395 0.325321 0.056300 0.067412 0.500000
1 0.435854 0.325323 0.059215 0.067407 0.268941
1 0.464636 0.321658 0.019057 0.044201 0.006693
1 0.479040 0.319021 0.017378 0.038959 0.002473
1 0.377475 0.325393 0.014304 0.066241 0.002473
1 0.434370 0.326886 0.056261 0.070528 0.500000
1 0.433943 0.325333 0.057193 0.067329 0.500000
1 0.435828 0.325332 0.059156 0.067327 0.268941
1 0.434465 0.329289 0.056421 0.065663 0.268941
1 0.470176 0.323220 0.022287 0.038087 0.017986
1 0.479544 0.322759 0.021715 0.030881 0.119203
1 0.497374 0.317917 0.014065 0.021258 0.002473
1 0.527381 0.320490 0.020255 0.025736 0.047426
1 0.527496 0.322912 0.020036 0.030494 0.268941
1 0.433117 0.325328 0.053015 0.067352 0.500000
1 0.434376 0.326885 0.056251 0.070444 0.500000
1 0.434376 0.326885 0.056253 0.070445 0.500000
1 0.435862 0.326913 0.059222 0.070402 0.002473
1 0.468522 0.326450 0.019083 0.045859 0.017986
1 0.154420 0.388659 0.305756 0.368451 0.851953
1 0.152370 0.388925 0.295353 0.363085 0.952574
1 0.152875 0.396886 0.299686 0.362379 0.924142
1 0.148399 0.398095 0.299952 0.364825 0.924142
1 0.153917 0.394614 0.301453 0.362360 0.939913
1 0.154737 0.397008 0.312489 0.367268 0.924142
1 0.154251 0.395644 0.298141 0.369614 0.010987
1 0.155785 0.399698 0.300522 0.367613 0.924142
1 0.149059 0.400964 0.304928 0.370217 0.939913
1 0.155248 0.401103 0.301269 0.370429 0.924142
1 0.154690 0.399695 0.312178 0.367501 0.924142
3 0.527381 0.320490 0.020255 0.025736 0.002473
3 0.527496 0.322912 0.020036 0.030494 0.047426
4 0.367193 0.332042 0.024445 0.094909 0.002473
4 0.377475 0.325393 0.014304 0.066241 0.002473
4 0.366572 0.332298 0.027732 0.095223 0.006693
4 0.368170 0.332729 0.026398 0.094195 0.006693
4 0.364019 0.332977 0.028960 0.094515 0.002473
4 0.366319 0.331965 0.026545 0.086372 0.006693
5 0.365394 0.329219 0.025422 0.091539 0.017986
5 0.365938 0.328359 0.025084 0.091372 0.017986
5 0.365588 0.329862 0.025805 0.090676 0.017986
5 0.367193 0.332042 0.024445 0.094909 0.047426
5 0.377475 0.325393 0.014304 0.066241 0.002473
5 0.366572 0.332298 0.027732 0.095223 0.017986
5 0.368170 0.332729 0.026398 0.094195 0.047426
5 0.318194 0.349261 0.032959 0.092774 0.002473
5 0.329921 0.345242 0.044308 0.100402 0.002473
5 0.342990 0.340807 0.055971 0.097676 0.006693
5 0.364019 0.332977 0.028960 0.094515 0.006693
5 0.366319 0.331965 0.026545 0.086372 0.047426
5 0.316519 0.350424 0.032268 0.090872 0.002473
5 0.328800 0.348864 0.046206 0.094454 0.002473
