0 0.893754 0.307317 0.019466 0.179297 0.006693
0 0.944748 0.287678 0.020476 0.158854 0.017986
0 0.891312 0.311860 0.018346 0.182116 0.017986
0 0.920560 0.310268 0.025375 0.194162 0.006693
0 0.943796 0.299851 0.022384 0.183186 0.017986
0 0.006868 0.310597 0.013958 0.190300 0.002473
0 0.892184 0.313715 0.021879 0.187109 0.017986
0 0.919107 0.315879 0.026239 0.206627 0.017986
0 0.943548 0.303778 0.024681 0.190980 0.047426
0 0.006488 0.328611 0.013057 0.118254 0.017986
0 0.142344 0.302600 0.022230 0.075329 0.002473
0 0.167338 0.293323 0.024026 0.062921 0.006693
0 0.264844 0.301366 0.020380 0.072853 0.006693
0 0.268563 0.313388 0.019085 0.085996 0.017986
0 0.890341 0.315078 0.019425 0.189562 0.002473
0 0.892000 0.319663 0.022248 0.204897 0.268941
0 0.917732 0.319036 0.028894 0.229255 0.017986
0 0.943745 0.303913 0.025020 0.191305 0.119203
0 0.006342 0.328311 0.012765 0.115517 0.002473
0 0.168322 0.313468 0.025996 0.103172 0.002473
0 0.218306 0.342108 0.024240 0.143234 0.002473
0 0.266228 0.316770 0.027510 0.092826 0.006693
0 0.269069 0.316039 0.021834 0.088654 0.047426
0 0.270963 0.320135 0.023897 0.068979 0.002473
0 0.521912 0.321655 0.013145 0.044202 0.002473
0 0.889869 0.322598 0.020356 0.207350 0.017986
0 0.891545 0.322989 0.023135 0.208539 0.268941
0 0.917446 0.316661 0.029466 0.230299 0.006693
0 0.943929 0.323339 0.025389 0.230461 0.047426
0 0.006341 0.331492 0.012767 0.112393 0.006693
0 0.176576 0.331949 0.034631 0.133278 0.002473
0 0.218443 0.352165 0.036958 0.167212 0.017986
0 0.265905 0.329860 0.028184 0.115505 0.006693
0 0.269001 0.320678 0.021689 0.088542 0.017986
0 0.270939 0.319176 0.023948 0.072998 0.002473
0 0.443676 0.326871 0.012704 0.038496 0.002473
0 0.520216 0.322588 0.009704 0.038128 0.006693
0 0.890454 0.323413 0.025229 0.208597 0.017986
0 0.891732 0.325810 0.023510 0.214121 0.119203
0 0.908469 0.322612 0.047401 0.238766 0.006693
0 0.914708 0.320862 0.035675 0.236251 0.119203
0 0.932926 0.299705 0.011680 0.178881 0.002473
0 0.943749 0.328637 0.026832 0.240631 0.119203
0 0.944513 0.325237 0.026580 0.223837 0.002473
0 0.006487 0.358007 0.013054 0.179932 0.002473
0 0.218165 0.351972 0.037013 0.160396 0.006693
0 0.222967 0.348982 0.045982 0.166532 0.006693
0 0.260729 0.347910 0.034772 0.115937 0.002473
0 0.267085 0.330783 0.025815 0.105040 0.017986
0 0.270437 0.329215 0.024957 0.088730 0.002473
0 0.521749 0.322626 0.012749 0.044251 0.002473
0 0.887394 0.328686 0.019243 0.213226 0.047426
0 0.891509 0.330269 0.026862 0.232737 0.047426
0 0.907406 0.333182 0.050275 0.251222 0.047426
0 0.909729 0.330472 0.049467 0.255707 0.017986
0 0.937373 0.326534 0.030950 0.234927 0.006693
0 0.943916 0.334283 0.027230 0.251931 0.268941
0 0.944059 0.333157 0.027493 0.249675 0.006693
0 0.005450 0.398454 0.016778 0.313715 0.006693
0 0.221051 0.351285 0.042320 0.162254 0.017986
0 0.225242 0.348518 0.049745 0.168031 0.006693
0 0.264954 0.342351 0.030112 0.119308 0.017986
0 0.885509 0.326062 0.022075 0.214421 0.047426
0 0.903847 0.333996 0.047078 0.251348 0.047426
0 0.907910 0.335234 0.053088 0.264099 0.268941
0 0.909104 0.333328 0.050726 0.267789 0.268941
0 0.938156 0.336464 0.032510 0.253607 0.002473
0 0.943988 0.333954 0.027369 0.250312 0.500000
0 0.944044 0.336079 0.027527 0.245532 0.047426
0 0.009514 0.379427 0.019113 0.363446 0.006693
0 0.016099 0.377971 0.037846 0.379923 0.002473
0 0.028570 0.399660 0.057139 0.298517 0.002473
0 0.220938 0.359462 0.042316 0.145891 0.006693
0 0.225603 0.356963 0.048999 0.149973 0.002473
0 0.885086 0.327119 0.022911 0.223239 0.047426
0 0.906279 0.334163 0.050106 0.261885 0.268941
0 0.908184 0.332036 0.048076 0.263962 0.500000
0 0.908697 0.332586 0.050843 0.262809 0.500000
0 0.936962 0.336077 0.036914 0.255504 0.017986
0 0.943365 0.340416 0.028396 0.253645 0.500000
0 0.943474 0.337779 0.028673 0.258918 0.119203
0 0.010798 0.391575 0.021650 0.366106 0.017986
0 0.017221 0.393696 0.034462 0.346364 0.002473
0 0.881666 0.322357 0.022916 0.224964 0.006693
0 0.906707 0.333594 0.049168 0.260738 0.268941
0 0.908175 0.331354 0.048066 0.263805 0.500000
0 0.908296 0.331371 0.050100 0.263779 0.500000
0 0.935913 0.333828 0.039077 0.260271 0.047426
0 0.943753 0.336162 0.030940 0.255634 0.500000
0 0.943028 0.336498 0.029826 0.255398 0.268941
0 0.010724 0.407033 0.021500 0.318368 0.002473
0 0.906410 0.332482 0.044065 0.261945 0.006693
0 0.908445 0.331407 0.041960 0.263569 0.500000
0 0.910829 0.334971 0.041841 0.262689 0.500000
0 0.935595 0.336033 0.039543 0.254875 0.047426
0 0.942314 0.338607 0.028108 0.249740 0.500000
0 0.944448 0.337786 0.031067 0.257894 0.047426
0 0.910044 0.335418 0.036743 0.261814 0.006693
0 0.932536 0.338122 0.035220 0.256618 0.017986
0 0.937562 0.338710 0.033718 0.249176 0.047426
0 0.946767 0.337566 0.032899 0.257826 0.017986
1 0.521912 0.321655 0.013145 0.044202 0.006693
1 0.532380 0.324423 0.021009 0.049667 0.047426
1 0.536027 0.324720 0.022331 0.066253 0.002473
1 0.568818 0.335713 0.068576 0.088187 0.880797
1 0.568834 0.335728 0.068579 0.088217 0.731059
1 0.356360 0.350025 0.163074 0.158412 0.880797
1 0.354858 0.347724 0.165622 0.163421 0.880797
1 0.356092 0.347314 0.162960 0.162624 0.047426
1 0.435682 0.323901 0.016209 0.044091 0.002473
1 0.443676 0.326871 0.012704 0.038496 0.047426
1 0.473439 0.314958 0.022034 0.020895 0.268941
1 0.472126 0.314958 0.025015 0.020896 0.047426
1 0.520216 0.322588 0.009704 0.038128 0.119203
1 0.532895 0.325693 0.016168 0.047266 0.268941
1 0.537619 0.329843 0.019044 0.058679 0.017986
1 0.570262 0.333341 0.065649 0.083368 0.500000
1 0.569710 0.333334 0.070251 0.083351 0.731059
1 0.568842 0.335740 0.068508 0.088181 0.268941
1 0.354837 0.351297 0.165634 0.160948 0.731059
1 0.356269 0.349184 0.168395 0.166337 0.500000
1 0.356187 0.350020 0.162679 0.158393 0.500000
1 0.436222 0.325597 0.016938 0.047607 0.002473
1 0.443548 0.330764 0.013058 0.037195 0.017986
1 0.521749 0.322626 0.012749 0.044251 0.006693
1 0.531083 0.325693 0.019101 0.047401 0.268941
1 0.568837 0.335739 0.068501 0.088172 0.500000
1 0.569722 0.335733 0.070240 0.088160 0.500000
1 0.568842 0.330920 0.068508 0.088164 0.500000
1 0.356290 0.350019 0.162718 0.158444 0.500000
1 0.354806 0.351574 0.165516 0.161554 0.731059
1 0.354733 0.349184 0.165591 0.166360 0.731059
1 0.569688 0.333324 0.070305 0.083367 0.500000
1 0.569792 0.335731 0.070391 0.088182 0.500000
1 0.357697 0.347689 0.165549 0.163548 0.006693
1 0.356254 0.349981 0.168414 0.158479 0.500000
1 0.357673 0.349978 0.165597 0.158469 0.002473
1 0.735796 0.394052 0.274928 0.310717 0.924142
1 0.736712 0.389277 0.279688 0.304767 0.939913
1 0.739418 0.391429 0.281949 0.305868 0.924142
1 0.735362 0.391467 0.276497 0.300720 0.002473
1 0.734999 0.397227 0.273390 0.299714 0.924142
1 0.736012 0.394541 0.281148 0.294308 0.924142
1 0.743051 0.394601 0.279351 0.299485 0.904651
1 0.734950 0.394642 0.277264 0.299989 0.904651
1 0.734808 0.396500 0.279636 0.287295 0.939913
1 0.736667 0.397534 0.279826 0.294635 0.924142
1 0.741631 0.396477 0.279393 0.287151 0.904651
2 0.473439 0.314958 0.022034 0.020895 0.002473
3 0.473439 0.314958 0.022034 0.020895 0.002473
3 0.520216 0.322588 0.009704 0.038128 0.002473
4 0.228973 0.361863 0.049034 0.133636 0.006693
4 0.229918 0.368382 0.050935 0.117511 0.006693
4 0.234230 0.373876 0.044299 0.096875 0.002473
4 0.257045 0.368162 0.041589 0.083153 0.006693
4 0.262046 0.352131 0.032936 0.108379 0.006693
4 0.225240 0.359139 0.049742 0.145353 0.006693
4 0.228297 0.373671 0.050037 0.113457 0.017986
4 0.233694 0.374569 0.043575 0.095816 0.017986
4 0.248987 0.370341 0.041648 0.093405 0.017986
4 0.221884 0.379866 0.043374 0.105823 0.006693
4 0.227019 0.379533 0.046542 0.106486 0.017986
4 0.236551 0.377602 0.040887 0.110675 0.006693
5 0.443676 0.326871 0.012704 0.038496 0.017986
5 0.520216 0.322588 0.009704 0.038128 0.006693
5 0.443548 0.330764 0.013058 0.037195 0.006693
