0 0.779116 0.279142 0.023771 0.090588 0.119203
0 0.781278 0.277679 0.025086 0.087412 0.268941
0 0.789391 0.277096 0.034500 0.080185 0.047426
0 0.815167 0.270261 0.020045 0.063354 0.002473
0 0.780585 0.278792 0.026657 0.089485 0.047426
0 0.781834 0.277855 0.028000 0.087109 0.268941
0 0.790172 0.276116 0.028355 0.073211 0.119203
0 0.806111 0.275747 0.025530 0.063395 0.017986
0 0.817260 0.273881 0.021319 0.066902 0.268941
0 0.822508 0.273532 0.025805 0.063806 0.006693
0 0.219841 0.315978 0.024676 0.080921 0.017986
0 0.225435 0.310514 0.025099 0.089363 0.002473
0 0.259120 0.333307 0.030999 0.109321 0.002473
0 0.291166 0.322959 0.018052 0.095366 0.002473
0 0.338593 0.326457 0.017270 0.092732 0.002473
0 0.668781 0.288914 0.012568 0.045890 0.047426
0 0.674758 0.292073 0.015979 0.052405 0.006693
0 0.780550 0.281226 0.026588 0.093952 0.047426
0 0.781287 0.280807 0.025083 0.087215 0.268941
0 0.790034 0.278397 0.028630 0.077849 0.119203
0 0.798453 0.277451 0.020644 0.059883 0.017986
0 0.815652 0.274745 0.018834 0.065645 0.500000
0 0.821308 0.273926 0.028199 0.059477 0.006693
0 0.217466 0.315089 0.025725 0.064825 0.002473
0 0.219392 0.322280 0.023768 0.082261 0.047426
0 0.221234 0.321203 0.023334 0.083254 0.017986
0 0.248513 0.341357 0.028016 0.117427 0.017986
0 0.256856 0.347203 0.030182 0.122659 0.017986
0 0.265603 0.328137 0.018847 0.083324 0.047426
0 0.290634 0.332824 0.018792 0.104785 0.006693
0 0.313937 0.334897 0.022145 0.096891 0.047426
0 0.314228 0.333105 0.021601 0.092803 0.119203
0 0.337504 0.333026 0.019247 0.093152 0.047426
0 0.338749 0.333068 0.016810 0.092730 0.119203
0 0.672881 0.292152 0.015021 0.052259 0.047426
0 0.675744 0.294077 0.014032 0.055994 0.006693
0 0.780514 0.279687 0.024716 0.090751 0.017986
0 0.780804 0.279372 0.024112 0.090128 0.268941
0 0.788638 0.278536 0.029660 0.077846 0.268941
0 0.801571 0.278249 0.020171 0.068603 0.047426
0 0.817550 0.274719 0.020850 0.065963 0.500000
0 0.216179 0.320009 0.028172 0.071018 0.002473
0 0.220780 0.321113 0.022769 0.079787 0.047426
0 0.221170 0.330102 0.023542 0.100872 0.017986
0 0.250111 0.346754 0.025673 0.121762 0.047426
0 0.254165 0.346346 0.033134 0.126003 0.119203
0 0.265110 0.343297 0.019843 0.113627 0.017986
0 0.287134 0.334955 0.019145 0.114062 0.006693
0 0.289213 0.339063 0.015951 0.109078 0.006693
0 0.312488 0.336687 0.025137 0.090820 0.119203
0 0.315011 0.335274 0.020073 0.096880 0.119203
0 0.338931 0.331040 0.022249 0.088926 0.119203
0 0.339228 0.330791 0.021600 0.088074 0.119203
0 0.780055 0.280153 0.025613 0.090541 0.047426
0 0.781262 0.281315 0.025043 0.088220 0.268941
0 0.785825 0.282169 0.032010 0.094470 0.002473
0 0.220159 0.336045 0.022253 0.106582 0.047426
0 0.220435 0.337243 0.025832 0.115140 0.006693
0 0.249061 0.345288 0.029453 0.125034 0.047426
0 0.253085 0.348420 0.031457 0.124965 0.119203
0 0.263984 0.341465 0.023118 0.109817 0.017986
0 0.287882 0.342933 0.024522 0.114942 0.006693
0 0.288819 0.339005 0.017019 0.112556 0.002473
0 0.314006 0.336028 0.022287 0.098782 0.047426
0 0.314257 0.337665 0.021658 0.092501 0.268941
0 0.338997 0.333118 0.022385 0.093326 0.047426
0 0.340200 0.330632 0.019752 0.087874 0.119203
0 0.218555 0.347492 0.027939 0.132420 0.006693
0 0.220191 0.347085 0.022317 0.131705 0.017986
0 0.223041 0.344034 0.030865 0.125527 0.006693
0 0.248879 0.345576 0.029808 0.125669 0.119203
0 0.250588 0.348445 0.032621 0.124961 0.119203
0 0.265488 0.343777 0.026144 0.114785 0.047426
0 0.281683 0.343288 0.036917 0.115270 0.017986
0 0.287890 0.340240 0.019220 0.110920 0.006693
0 0.313992 0.337586 0.022302 0.092807 0.119203
0 0.314258 0.335265 0.021643 0.097391 0.268941
0 0.339715 0.336762 0.020761 0.086941 0.047426
0 0.340758 0.333522 0.024726 0.083599 0.119203
0 0.217884 0.358823 0.032020 0.148745 0.006693
0 0.220175 0.353935 0.022289 0.142378 0.047426
0 0.226569 0.348607 0.033756 0.134299 0.017986
0 0.249815 0.347335 0.025648 0.122575 0.047426
0 0.250755 0.348896 0.025993 0.125696 0.047426
0 0.267760 0.346773 0.027779 0.109705 0.006693
0 0.279068 0.349444 0.040051 0.103210 0.006693
0 0.288857 0.341227 0.023567 0.109501 0.002473
0 0.313049 0.341286 0.022066 0.099989 0.017986
0 0.315427 0.341392 0.020234 0.099439 0.119203
0 0.332062 0.345264 0.027813 0.092144 0.002473
0 0.220183 0.359656 0.022321 0.156950 0.047426
0 0.248140 0.347630 0.028362 0.122254 0.017986
0 0.250224 0.351785 0.024927 0.120171 0.017986
0 0.217888 0.362437 0.023473 0.162468 0.017986
1 0.406311 0.338822 0.102771 0.104164 0.119203
1 0.449152 0.315103 0.017340 0.038111 0.002473
1 0.525284 0.322401 0.016108 0.042715 0.006693
1 0.531330 0.322737 0.018596 0.046281 0.119203
1 0.552893 0.330827 0.044028 0.068742 0.500000
1 0.552674 0.331585 0.044659 0.070227 0.268941
1 0.553313 0.330950 0.043395 0.068956 0.500000
1 0.406251 0.338923 0.102829 0.104176 0.731059
1 0.407259 0.338926 0.104566 0.104159 0.500000
1 0.405609 0.338865 0.104146 0.104081 0.731059
1 0.466346 0.320503 0.017687 0.025695 0.006693
1 0.484231 0.320478 0.012784 0.016099 0.006693
1 0.522855 0.323339 0.011228 0.039627 0.017986
1 0.529800 0.323781 0.015536 0.044640 0.268941
1 0.552941 0.331013 0.044121 0.069016 0.731059
1 0.553126 0.330962 0.043752 0.068942 0.500000
1 0.553127 0.332518 0.043753 0.065830 0.268941
1 0.641645 0.350628 0.148334 0.149892 0.731059
1 0.641646 0.352181 0.148621 0.146809 0.880797
1 0.406251 0.338923 0.102830 0.104170 0.731059
1 0.406346 0.338914 0.102734 0.104135 0.731059
1 0.406352 0.338912 0.102732 0.104154 0.731059
1 0.525775 0.324168 0.015247 0.044218 0.006693
1 0.531542 0.327049 0.019032 0.054284 0.268941
1 0.552939 0.331017 0.044124 0.069012 0.268941
1 0.553126 0.331019 0.043752 0.069005 0.500000
1 0.553128 0.330976 0.043762 0.068920 0.500000
1 0.641519 0.351890 0.148087 0.146156 0.731059
1 0.641641 0.352238 0.148621 0.146678 0.500000
1 0.640755 0.352941 0.145850 0.148279 0.500000
1 0.406184 0.338908 0.102694 0.104204 0.500000
1 0.406251 0.338922 0.102831 0.104173 0.500000
1 0.405563 0.338916 0.104210 0.104218 0.880797
1 0.553137 0.331190 0.043748 0.068766 0.500000
1 0.641524 0.351074 0.148092 0.150789 0.731059
1 0.641707 0.351117 0.148470 0.150718 0.731059
1 0.640936 0.352938 0.150001 0.148309 0.500000
1 0.405488 0.341294 0.104114 0.099492 0.119203
1 0.641587 0.352246 0.148501 0.146703 0.268941
1 0.641692 0.353000 0.148475 0.148212 0.268941
1 0.856527 0.412903 0.283454 0.619878 0.022977
1 0.858577 0.412712 0.285919 0.632636 0.777300
1 0.859597 0.405418 0.291345 0.664113 0.817575
1 0.074363 0.464107 0.154375 0.632053 0.777300
1 0.069386 0.476202 0.147306 0.632771 0.817575
1 0.072026 0.472131 0.144194 0.630322 0.777300
1 0.857350 0.418865 0.281748 0.620545 0.851953
1 0.857931 0.408732 0.280824 0.628732 0.851953
1 0.859337 0.397001 0.292170 0.627735 0.880797
1 0.860615 0.403020 0.272718 0.634075 0.880797
1 0.076359 0.471653 0.150694 0.653112 0.777300
1 0.069387 0.479902 0.145328 0.655454 0.817575
1 0.069711 0.482058 0.148855 0.643878 0.817575
1 0.073568 0.484785 0.147288 0.638564 0.731059
1 0.858540 0.414987 0.285765 0.601655 0.880797
1 0.855514 0.407346 0.279486 0.603310 0.880797
1 0.860234 0.410793 0.292397 0.620470 0.880797
1 0.861348 0.399958 0.274410 0.637116 0.904651
1 0.076150 0.475089 0.147814 0.653560 0.777300
1 0.073359 0.472723 0.141683 0.654085 0.817575
1 0.070247 0.480947 0.150288 0.643689 0.817575
1 0.073604 0.491131 0.147160 0.636283 0.008577
2 0.641519 0.351890 0.148087 0.146156 0.002473
2 0.641707 0.351117 0.148470 0.150718 0.002473
2 0.640936 0.352938 0.150001 0.148309 0.002473
2 0.641692 0.353000 0.148475 0.148212 0.002473
3 0.074363 0.464107 0.154375 0.632053 0.002473
3 0.072026 0.472131 0.144194 0.630322 0.001501
3 0.076359 0.471653 0.150694 0.653112 0.001170
3 0.073568 0.484785 0.147288 0.638564 0.001501
3 0.076150 0.475089 0.147814 0.653560 0.001170
4 0.703111 0.318915 0.013239 0.029494 0.002473
5 0.074363 0.464107 0.154375 0.632053 0.001501
5 0.072026 0.472131 0.144194 0.630322 0.001170
5 0.073568 0.484785 0.147288 0.638564 0.001170
