0 0.822818 0.322089 0.015152 0.093403 0.017986
0 0.824092 0.323401 0.017358 0.095778 0.006693
0 0.822821 0.325579 0.015132 0.098331 0.006693
0 0.824046 0.325596 0.017410 0.098385 0.006693
0 0.239164 0.333359 0.022649 0.042007 0.002473
0 0.823105 0.325580 0.015575 0.089014 0.002473
0 0.822629 0.324799 0.020278 0.090309 0.002473
0 0.236945 0.340679 0.018381 0.045440 0.006693
0 0.821403 0.326486 0.017968 0.087338 0.002473
0 0.820444 0.333905 0.016050 0.072589 0.002473
0 0.006513 0.350718 0.015186 0.100342 0.006693
1 0.014875 0.335274 0.029827 0.078103 0.006693
1 0.018198 0.334676 0.036433 0.070402 0.006693
1 0.025022 0.332737 0.056002 0.063406 0.006693
1 0.014624 0.335192 0.035093 0.069520 0.006693
1 0.017093 0.335001 0.034189 0.070184 0.006693
1 0.028053 0.332941 0.056145 0.063464 0.017986
1 0.029434 0.333616 0.055688 0.058979 0.017986
1 0.100699 0.337712 0.082141 0.050506 0.268941
1 0.101651 0.338218 0.084331 0.051507 0.500000
1 0.101644 0.337781 0.084305 0.050640 0.268941
1 0.102083 0.337770 0.085287 0.050620 0.500000
1 0.104159 0.337467 0.083209 0.050036 0.268941
1 0.150561 0.328310 0.043444 0.041582 0.002473
1 0.155219 0.328310 0.046170 0.041586 0.006693
1 0.159510 0.330885 0.044285 0.036914 0.006693
1 0.168788 0.330840 0.050379 0.046694 0.006693
1 0.176477 0.330808 0.048323 0.046631 0.002473
1 0.251691 0.331643 0.045042 0.028711 0.017986
1 0.260755 0.332398 0.028590 0.023948 0.268941
1 0.260846 0.332396 0.028463 0.023948 0.047426
1 0.284591 0.327256 0.020564 0.014326 0.002473
1 0.296565 0.322917 0.024109 0.011259 0.006693
1 0.303110 0.325331 0.031492 0.016199 0.006693
1 0.318656 0.320453 0.021938 0.016187 0.006693
1 0.338932 0.322926 0.022314 0.011384 0.017986
1 0.341728 0.322918 0.022787 0.011258 0.017986
1 0.348914 0.320545 0.021527 0.016170 0.002473
1 0.387465 0.320492 0.019247 0.016126 0.119203
1 0.389921 0.320488 0.020207 0.016118 0.119203
1 0.461570 0.315483 0.011829 0.015634 0.119203
1 0.462349 0.315772 0.014011 0.016274 0.006693
1 0.013503 0.333506 0.032848 0.066509 0.017986
1 0.015237 0.335272 0.030398 0.069606 0.017986
1 0.028985 0.333521 0.056401 0.062544 0.006693
1 0.034801 0.338038 0.044851 0.048993 0.006693
1 0.039153 0.334169 0.042931 0.051879 0.002473
1 0.102612 0.338557 0.080453 0.052162 0.500000
1 0.101661 0.337796 0.084189 0.050604 0.500000
1 0.103070 0.337818 0.081356 0.050607 0.268941
1 0.101709 0.338247 0.084312 0.051492 0.268941
1 0.104265 0.337387 0.082992 0.049748 0.268941
1 0.137958 0.333641 0.025993 0.041220 0.002473
1 0.155025 0.331078 0.042108 0.046280 0.047426
1 0.160830 0.333395 0.041637 0.041561 0.017986
1 0.170110 0.333398 0.040907 0.041636 0.006693
1 0.243923 0.335169 0.031968 0.028898 0.002473
1 0.260065 0.333356 0.029710 0.025782 0.047426
1 0.260821 0.333345 0.028434 0.025808 0.119203
1 0.014711 0.336186 0.029584 0.068296 0.047426
1 0.015025 0.336085 0.029772 0.068298 0.017986
1 0.026336 0.338031 0.052920 0.064965 0.006693
1 0.032302 0.344774 0.049918 0.051108 0.006693
1 0.103077 0.339792 0.081462 0.054640 0.006693
2 0.421668 0.306031 0.037571 0.054611 0.268941
2 0.422579 0.306045 0.039378 0.054570 0.268941
2 0.421656 0.304385 0.037526 0.048262 0.119203
2 0.014875 0.335274 0.029827 0.078103 0.047426
2 0.018198 0.334676 0.036433 0.070402 0.017986
2 0.422587 0.306862 0.035657 0.052939 0.500000
2 0.422580 0.306980 0.039379 0.052704 0.500000
2 0.422577 0.304574 0.039375 0.047887 0.731059
2 0.014624 0.335192 0.035093 0.069520 0.017986
2 0.017093 0.335001 0.034189 0.070184 0.017986
2 0.028053 0.332941 0.056145 0.063464 0.006693
2 0.150561 0.328310 0.043444 0.041582 0.006693
2 0.155219 0.328310 0.046170 0.041586 0.006693
2 0.159510 0.330885 0.044285 0.036914 0.002473
2 0.387465 0.320492 0.019247 0.016126 0.002473
2 0.389921 0.320488 0.020207 0.016118 0.006693
2 0.422612 0.306963 0.039455 0.052752 0.500000
2 0.422579 0.306978 0.039373 0.052715 0.731059
2 0.422584 0.307283 0.035631 0.052103 0.500000
2 0.013503 0.333506 0.032848 0.066509 0.017986
2 0.015237 0.335272 0.030398 0.069606 0.006693
2 0.014711 0.336186 0.029584 0.068296 0.006693
2 0.015025 0.336085 0.029772 0.068298 0.002473
3 0.014875 0.335274 0.029827 0.078103 0.006693
3 0.018198 0.334676 0.036433 0.070402 0.002473
3 0.422587 0.306862 0.035657 0.052939 0.002473
3 0.014624 0.335192 0.035093 0.069520 0.002473
3 0.017093 0.335001 0.034189 0.070184 0.002473
3 0.389921 0.320488 0.020207 0.016118 0.002473
3 0.422612 0.306963 0.039455 0.052752 0.002473
3 0.422584 0.307283 0.035631 0.052103 0.002473
3 0.461570 0.315483 0.011829 0.015634 0.002473
3 0.013503 0.333506 0.032848 0.066509 0.006693
3 0.015237 0.335272 0.030398 0.069606 0.006693
3 0.155025 0.331078 0.042108 0.046280 0.002473
3 0.014711 0.336186 0.029584 0.068296 0.017986
3 0.015025 0.336085 0.029772 0.068298 0.017986
4 0.236945 0.340679 0.018381 0.045440 0.006693
4 0.243923 0.335169 0.031968 0.028898 0.002473
4 0.236944 0.345110 0.018374 0.044163 0.002473
4 0.237605 0.345115 0.025448 0.044167 0.017986
5 0.236945 0.340679 0.018381 0.045440 0.006693
5 0.243923 0.335169 0.031968 0.028898 0.002473
5 0.237605 0.345115 0.025448 0.044167 0.006693
