0 0.035752 0.356050 0.022550 0.114982 0.002473
0 0.113913 0.332422 0.022278 0.081675 0.006693
0 0.117549 0.338380 0.020842 0.093485 0.006693
0 0.173083 0.342871 0.028119 0.104765 0.002473
0 0.037413 0.367095 0.025197 0.121094 0.002473
0 0.037909 0.356715 0.019011 0.105081 0.006693
0 0.112334 0.350708 0.025622 0.118091 0.002473
0 0.117550 0.354399 0.020847 0.125386 0.017986
0 0.171820 0.348831 0.024587 0.094048 0.002473
0 0.307709 0.335707 0.009740 0.046707 0.002473
0 0.345189 0.333979 0.009871 0.058393 0.006693
0 0.035951 0.375248 0.022901 0.143442 0.006693
0 0.036475 0.374725 0.022958 0.144159 0.006693
0 0.112282 0.360447 0.031510 0.137609 0.002473
0 0.116153 0.360424 0.018068 0.137677 0.017986
0 0.342250 0.337751 0.009872 0.051035 0.002473
0 0.410129 0.336678 0.010743 0.035075 0.002473
0 0.036172 0.374075 0.028680 0.140892 0.002473
0 0.040749 0.374883 0.031786 0.139183 0.002473
0 0.113562 0.357780 0.022942 0.141638 0.006693
0 0.115853 0.360036 0.019333 0.137127 0.017986
0 0.173331 0.349025 0.027611 0.093737 0.002473
0 0.173698 0.348223 0.028041 0.085076 0.002473
0 0.037937 0.375751 0.027110 0.141413 0.002473
0 0.041120 0.375976 0.032534 0.146979 0.002473
0 0.110406 0.359443 0.023320 0.146054 0.002473
0 0.117389 0.361377 0.022348 0.140857 0.017986
0 0.173320 0.351744 0.028577 0.098645 0.006693
0 0.043423 0.380504 0.037007 0.135133 0.002473
0 0.116263 0.361197 0.020285 0.142423 0.006693
1 0.500452 0.331695 0.060866 0.070472 0.500000
1 0.500457 0.332511 0.060876 0.065843 0.268941
1 0.500273 0.333145 0.061228 0.067110 0.500000
1 0.376668 0.339737 0.059166 0.080186 0.731059
1 0.375732 0.339738 0.061040 0.080180 0.500000
1 0.376645 0.340485 0.059212 0.078750 0.500000
1 0.410128 0.333073 0.010744 0.032045 0.006693
1 0.446722 0.329304 0.012766 0.024039 0.017986
1 0.457013 0.330865 0.019962 0.036748 0.119203
1 0.467329 0.333272 0.026118 0.041653 0.268941
1 0.500447 0.330833 0.060875 0.068724 0.500000
1 0.500450 0.331707 0.060858 0.070450 0.731059
1 0.499622 0.332521 0.060725 0.065825 0.268941
1 0.500453 0.331713 0.060860 0.070457 0.500000
1 0.620990 0.351597 0.182036 0.161532 0.880797
1 0.620114 0.351614 0.178483 0.161590 0.006693
1 0.375546 0.340546 0.060677 0.078640 0.731059
1 0.375740 0.337329 0.061021 0.075372 0.731059
1 0.376668 0.340462 0.059166 0.078701 0.500000
1 0.376599 0.339737 0.059021 0.080199 0.500000
1 0.410129 0.336678 0.010743 0.035075 0.017986
1 0.455032 0.329397 0.016011 0.033702 0.047426
1 0.466836 0.333290 0.025142 0.041840 0.268941
1 0.500453 0.331724 0.060859 0.070423 0.500000
1 0.500450 0.332578 0.060582 0.065886 0.500000
1 0.500188 0.331060 0.060328 0.068940 0.500000
1 0.619701 0.354117 0.179479 0.156924 0.731059
1 0.619705 0.351710 0.179465 0.161707 0.500000
1 0.621189 0.354104 0.182434 0.156939 0.731059
1 0.375741 0.340533 0.061021 0.078601 0.500000
1 0.375741 0.339778 0.061021 0.080085 0.500000
1 0.376669 0.339795 0.059163 0.080123 0.500000
1 0.500636 0.331831 0.061229 0.070489 0.119203
1 0.619704 0.350175 0.179465 0.158694 0.731059
1 0.619705 0.352577 0.179465 0.153887 0.731059
1 0.619780 0.354094 0.179611 0.156945 0.731059
1 0.619907 0.351744 0.179184 0.161811 0.268941
1 0.619946 0.351742 0.179249 0.161810 0.500000
1 0.619929 0.351703 0.179192 0.161735 0.731059
1 0.851414 0.419553 0.287894 0.511733 0.817575
1 0.854029 0.415968 0.288827 0.508852 0.817575
1 0.856513 0.424022 0.297485 0.520171 0.777300
1 0.854512 0.412655 0.290781 0.511745 0.777300
1 0.855009 0.411550 0.286635 0.494879 0.777300
1 0.857309 0.421359 0.298453 0.519970 0.777300
1 0.856239 0.421280 0.284703 0.519530 0.817575
1 0.854549 0.420944 0.290522 0.508877 0.880797
1 0.854763 0.416025 0.290338 0.504027 0.851953
1 0.857204 0.420519 0.296417 0.523230 0.851953
5 0.279621 0.344057 0.021951 0.062157 0.002473
5 0.298392 0.346629 0.017595 0.077738 0.002473
5 0.301661 0.346987 0.016030 0.080020 0.002473
5 0.300704 0.348806 0.018080 0.078233 0.006693
