0 0.471927 0.309397 0.013210 0.061512 0.002473
0 0.529693 0.309615 0.016872 0.062706 0.002473
0 0.553320 0.306179 0.014192 0.055234 0.002473
0 0.074897 0.317413 0.015397 0.042390 0.006693
0 0.076223 0.312496 0.013149 0.041718 0.047426
0 0.471167 0.312265 0.007827 0.051562 0.119203
0 0.487134 0.313929 0.012221 0.054957 0.017986
0 0.488319 0.312380 0.011330 0.051834 0.017986
0 0.504799 0.307262 0.009656 0.040952 0.047426
0 0.518846 0.309870 0.007317 0.047185 0.006693
0 0.529737 0.312555 0.009847 0.042070 0.017986
0 0.546421 0.312336 0.014286 0.042150 0.006693
0 0.553553 0.309941 0.014696 0.047204 0.002473
0 0.074255 0.317737 0.014127 0.041200 0.006693
0 0.076218 0.314978 0.013157 0.036810 0.017986
0 0.472682 0.312601 0.010882 0.053244 0.119203
0 0.486474 0.313981 0.011636 0.054886 0.017986
0 0.488246 0.312458 0.011462 0.051495 0.006693
0 0.506253 0.312529 0.006765 0.042005 0.017986
0 0.519162 0.318149 0.007683 0.040059 0.006693
0 0.529738 0.317780 0.015686 0.041083 0.017986
0 0.544801 0.315324 0.010773 0.036161 0.006693
0 0.554872 0.312967 0.016841 0.041139 0.002473
0 0.472890 0.313968 0.015101 0.065058 0.017986
0 0.485560 0.315569 0.009824 0.058374 0.002473
0 0.532520 0.321448 0.016037 0.057045 0.047426
0 0.684157 0.325571 0.012635 0.066863 0.002473
1 0.345670 0.197928 0.033511 0.020953 0.002473
1 0.349422 0.197906 0.032397 0.020906 0.002473
1 0.393747 0.197920 0.012872 0.011230 0.002473
1 0.577176 0.312419 0.030722 0.032151 0.119203
1 0.580434 0.314872 0.024118 0.036846 0.119203
1 0.583811 0.310037 0.025049 0.036903 0.006693
1 0.601531 0.307394 0.051114 0.042137 0.002473
1 0.619720 0.308036 0.034765 0.050064 0.002473
1 0.634520 0.309605 0.019282 0.026776 0.006693
1 0.004856 0.355375 0.009789 0.104250 0.002473
1 0.332324 0.329350 0.058901 0.049682 0.731059
1 0.334157 0.329361 0.062420 0.049598 0.500000
1 0.332725 0.330916 0.059552 0.046487 0.500000
1 0.334268 0.330898 0.062379 0.046484 0.500000
1 0.332831 0.326949 0.059472 0.044857 0.268941
1 0.529738 0.317780 0.015686 0.041083 0.002473
1 0.576258 0.315306 0.028567 0.036149 0.047426
1 0.583120 0.316953 0.018745 0.032904 0.119203
1 0.584633 0.312691 0.019639 0.031841 0.006693
1 0.636358 0.318800 0.022944 0.029384 0.002473
1 0.640277 0.319816 0.036300 0.038918 0.006693
1 0.006261 0.371894 0.012744 0.097661 0.002473
1 0.332734 0.330882 0.059721 0.046684 0.500000
1 0.332731 0.329367 0.059544 0.049615 0.731059
1 0.332847 0.330929 0.059528 0.046493 0.500000
1 0.333670 0.329375 0.057668 0.049631 0.500000
1 0.334247 0.330929 0.062344 0.046530 0.500000
1 0.006378 0.383108 0.012978 0.091009 0.006693
1 0.006394 0.382913 0.012946 0.103263 0.017986
1 0.020516 0.389572 0.041217 0.119324 0.002473
1 0.006507 0.405345 0.013250 0.175430 0.006693
1 0.157555 0.405183 0.315168 0.324231 0.924142
1 0.158702 0.405610 0.314204 0.324620 0.924142
1 0.156746 0.406346 0.316887 0.325522 0.924142
1 0.156841 0.411947 0.317093 0.309023 0.924142
1 0.160681 0.410909 0.312008 0.311629 0.904651
1 0.156532 0.412024 0.316265 0.309120 0.904651
1 0.160090 0.410764 0.313474 0.311245 0.924142
1 0.155684 0.411590 0.318270 0.312698 0.939913
1 0.161440 0.414621 0.310489 0.314008 0.939913
1 0.155607 0.413645 0.318096 0.311903 0.904651
2 0.577176 0.312419 0.030722 0.032151 0.002473
2 0.580434 0.314872 0.024118 0.036846 0.006693
2 0.332324 0.329350 0.058901 0.049682 0.002473
2 0.332734 0.330882 0.059721 0.046684 0.002473
3 0.577176 0.312419 0.030722 0.032151 0.006693
3 0.580434 0.314872 0.024118 0.036846 0.006693
3 0.583811 0.310037 0.025049 0.036903 0.002473
3 0.576258 0.315306 0.028567 0.036149 0.006693
3 0.583120 0.316953 0.018745 0.032904 0.006693
4 0.006378 0.383108 0.012978 0.091009 0.002473
4 0.006394 0.382913 0.012946 0.103263 0.017986
5 0.529738 0.317780 0.015686 0.041083 0.002473
5 0.006394 0.382913 0.012946 0.103263 0.002473
