0 0.834648 0.351088 0.024626 0.109923 0.002473
0 0.935364 0.353796 0.015373 0.130375 0.006693
0 0.603805 0.327674 0.008004 0.021233 0.002473
0 0.828166 0.352547 0.043566 0.111636 0.006693
0 0.899231 0.369891 0.029924 0.126299 0.002473
0 0.933935 0.362683 0.017920 0.129156 0.006693
0 0.938290 0.360911 0.018419 0.139635 0.002473
0 0.006502 0.352252 0.013226 0.061192 0.002473
0 0.826252 0.352516 0.041757 0.111725 0.002473
0 0.933927 0.371043 0.017928 0.145044 0.002473
0 0.938211 0.368320 0.018647 0.150780 0.006693
0 0.005168 0.358741 0.010559 0.054291 0.002473
0 0.933365 0.374185 0.017103 0.153755 0.006693
0 0.937752 0.369042 0.019494 0.150736 0.006693
0 0.933811 0.375624 0.020129 0.154067 0.006693
0 0.936079 0.376949 0.022359 0.141385 0.002473
0 0.934837 0.402271 0.025401 0.090667 0.002473
1 0.191099 0.340768 0.057396 0.037890 0.002473
1 0.285881 0.333297 0.052738 0.041643 0.017986
1 0.284306 0.330802 0.049754 0.046281 0.017986
1 0.284429 0.330775 0.050049 0.036669 0.047426
1 0.284559 0.330579 0.050151 0.036248 0.047426
1 0.347816 0.329358 0.021636 0.024136 0.006693
1 0.352752 0.327760 0.028301 0.020912 0.002473
1 0.465857 0.320503 0.012561 0.016051 0.047426
1 0.486003 0.327727 0.016235 0.020847 0.500000
1 0.486128 0.327729 0.016435 0.020880 0.047426
1 0.006502 0.352252 0.013226 0.061192 0.006693
1 0.013027 0.348889 0.032411 0.062391 0.002473
1 0.049574 0.352592 0.050253 0.035064 0.002473
1 0.057186 0.355738 0.048190 0.029015 0.006693
1 0.057941 0.358093 0.051421 0.033732 0.006693
1 0.058641 0.358046 0.051750 0.033830 0.017986
1 0.060849 0.353525 0.053751 0.033434 0.006693
1 0.189555 0.346501 0.060347 0.036248 0.119203
1 0.190865 0.346529 0.062113 0.036147 0.119203
1 0.191281 0.344983 0.057601 0.039242 0.268941
1 0.189693 0.345000 0.060704 0.039285 0.119203
1 0.191804 0.344250 0.056892 0.037845 0.119203
1 0.285812 0.330911 0.052861 0.046558 0.047426
1 0.284477 0.330946 0.050107 0.046490 0.119203
1 0.284430 0.333335 0.050050 0.041715 0.017986
1 0.285903 0.333361 0.047511 0.041772 0.047426
1 0.005168 0.358741 0.010559 0.054291 0.006693
1 0.052530 0.358587 0.054243 0.033131 0.006693
1 0.057193 0.356669 0.048198 0.027095 0.006693
1 0.059121 0.359070 0.050033 0.031897 0.006693
1 0.058102 0.359370 0.052213 0.031361 0.047426
1 0.060482 0.356209 0.054481 0.028138 0.017986
1 0.106179 0.358520 0.037974 0.033265 0.002473
1 0.107585 0.361708 0.040936 0.036342 0.006693
1 0.106065 0.359227 0.044147 0.031865 0.006693
1 0.191399 0.347728 0.058802 0.038725 0.268941
1 0.191119 0.349331 0.057849 0.041731 0.047426
1 0.192067 0.346245 0.059221 0.041691 0.119203
1 0.189746 0.346224 0.060873 0.041774 0.047426
1 0.192801 0.347828 0.058714 0.045147 0.119203
1 0.004886 0.367006 0.010160 0.061594 0.002473
2 0.428325 0.316461 0.037453 0.049648 0.500000
2 0.428830 0.316473 0.032661 0.049625 0.500000
2 0.427421 0.316468 0.035640 0.049631 0.268941
2 0.008395 0.348821 0.017178 0.073927 0.006693
2 0.235431 0.334461 0.050750 0.028116 0.002473
2 0.237531 0.334463 0.050632 0.028119 0.002473
2 0.251734 0.335479 0.025050 0.036570 0.002473
2 0.285881 0.333297 0.052738 0.041643 0.119203
2 0.284306 0.330802 0.049754 0.046281 0.119203
2 0.284429 0.330775 0.050049 0.036669 0.119203
2 0.284559 0.330579 0.050151 0.036248 0.119203
2 0.427411 0.317214 0.035606 0.051110 0.731059
2 0.429768 0.319642 0.034537 0.046254 0.500000
2 0.428859 0.318871 0.032765 0.044806 0.500000
2 0.465857 0.320503 0.012561 0.016051 0.017986
2 0.285812 0.330911 0.052861 0.046558 0.047426
2 0.284477 0.330946 0.050107 0.046490 0.047426
2 0.284430 0.333335 0.050050 0.041715 0.047426
2 0.285903 0.333361 0.047511 0.041772 0.017986
3 0.465857 0.320503 0.012561 0.016051 0.017986
4 0.893709 0.399947 0.037867 0.074232 0.002473
4 0.894254 0.400045 0.038732 0.074815 0.006693
4 0.895659 0.404416 0.041542 0.075920 0.006693
5 0.828061 0.349950 0.043694 0.115646 0.002473
5 0.828166 0.352547 0.043566 0.111636 0.500000
5 0.826672 0.352787 0.040859 0.108161 0.731059
5 0.826673 0.352731 0.040834 0.111295 0.500000
5 0.826252 0.352516 0.041757 0.111725 0.119203
5 0.826858 0.352801 0.040486 0.111598 0.500000
5 0.825733 0.352179 0.038961 0.109848 0.500000
5 0.826498 0.352881 0.041245 0.108624 0.500000
5 0.898595 0.399586 0.037045 0.086384 0.002473
5 0.825732 0.353803 0.038980 0.109599 0.500000
5 0.826831 0.353884 0.040422 0.109438 0.500000
5 0.826687 0.355946 0.040887 0.105325 0.268941
5 0.825904 0.357452 0.038589 0.099580 0.119203
5 0.826840 0.359246 0.040430 0.098983 0.119203
