0 0.030325 0.318307 0.021429 0.138978 0.006693
0 0.006936 0.332857 0.013948 0.185091 0.002473
0 0.020405 0.319461 0.016160 0.128333 0.006693
0 0.030338 0.312135 0.021386 0.125913 0.006693
0 0.143689 0.318753 0.013703 0.105840 0.002473
0 0.004979 0.347759 0.010035 0.171540 0.002473
0 0.020459 0.326658 0.016046 0.113395 0.006693
0 0.029559 0.312580 0.016054 0.124527 0.006693
0 0.757720 0.329593 0.009696 0.066259 0.006693
0 0.914147 0.334507 0.034629 0.106583 0.002473
0 0.020424 0.323321 0.010155 0.105951 0.002473
0 0.029552 0.313007 0.016067 0.113894 0.006693
0 0.757705 0.336136 0.009645 0.077572 0.006693
0 0.911577 0.340109 0.029482 0.101190 0.002473
0 0.020767 0.320748 0.010977 0.102352 0.006693
0 0.029529 0.316359 0.016020 0.116912 0.017986
0 0.371142 0.336165 0.007773 0.047800 0.006693
0 0.757712 0.340912 0.009731 0.077851 0.002473
0 0.913947 0.341071 0.028251 0.099262 0.006693
0 0.021310 0.328557 0.020022 0.111521 0.017986
0 0.028146 0.319821 0.018863 0.110508 0.047426
0 0.757718 0.343769 0.015809 0.083675 0.006693
0 0.911100 0.341532 0.028574 0.098756 0.002473
0 0.913100 0.341285 0.026305 0.099249 0.006693
0 0.759387 0.346763 0.013263 0.088792 0.002473
0 0.910765 0.348657 0.022600 0.084759 0.002473
0 0.006243 0.350000 0.012744 0.331195 0.006693
0 0.006242 0.352072 0.012730 0.340305 0.006693
0 0.004773 0.367279 0.009802 0.307549 0.002473
1 0.004979 0.347759 0.010035 0.171540 0.006693
1 0.429001 0.326870 0.042706 0.054599 0.500000
1 0.428922 0.326846 0.042441 0.054515 0.268941
1 0.430736 0.325298 0.044769 0.057675 0.268941
1 0.693711 0.333295 0.106741 0.083360 0.731059
1 0.692467 0.335683 0.114909 0.088158 0.500000
1 0.006392 0.351264 0.012942 0.136883 0.006693
1 0.076106 0.347980 0.041893 0.071765 0.006693
1 0.076591 0.345676 0.041006 0.076362 0.047426
1 0.090905 0.342028 0.025151 0.075244 0.006693
1 0.429332 0.327020 0.039904 0.054239 0.731059
1 0.428869 0.326931 0.042331 0.054434 0.731059
1 0.430637 0.326898 0.044970 0.054547 0.268941
1 0.443632 0.326518 0.032322 0.053294 0.002473
1 0.524099 0.340561 0.183959 0.211682 0.731059
1 0.523175 0.342657 0.182077 0.210571 0.268941
1 0.523304 0.341088 0.182309 0.213710 0.500000
1 0.649532 0.339444 0.024114 0.038597 0.002473
1 0.692289 0.333330 0.109567 0.083371 0.731059
1 0.692329 0.333334 0.109545 0.073713 0.500000
1 0.693607 0.333320 0.112723 0.083366 0.500000
1 0.006362 0.356283 0.012949 0.124651 0.002473
1 0.072284 0.342616 0.045020 0.064566 0.017986
1 0.075579 0.348063 0.042810 0.071711 0.017986
1 0.076451 0.345640 0.040522 0.076535 0.047426
1 0.080183 0.345316 0.040576 0.075872 0.017986
1 0.428324 0.327340 0.041353 0.053699 0.500000
1 0.428388 0.327059 0.041369 0.054249 0.731059
1 0.429985 0.327904 0.040401 0.062282 0.268941
1 0.522843 0.342195 0.183246 0.214887 0.500000
1 0.522347 0.343802 0.182206 0.217922 0.500000
1 0.522757 0.343815 0.181213 0.217939 0.500000
1 0.647900 0.342176 0.020881 0.034340 0.002473
1 0.693707 0.333324 0.106682 0.083345 0.500000
1 0.692329 0.333330 0.109545 0.083337 0.731059
1 0.692185 0.333331 0.109880 0.083342 0.731059
1 0.952843 0.341671 0.111297 0.108796 0.002473
1 0.007750 0.353119 0.010142 0.136554 0.006693
1 0.075456 0.348486 0.038555 0.070974 0.047426
1 0.076922 0.348974 0.039375 0.069917 0.047426
1 0.078543 0.348672 0.037726 0.069304 0.017986
1 0.101648 0.356888 0.016215 0.036873 0.002473
1 0.440650 0.337114 0.019993 0.087721 0.006693
1 0.522351 0.344652 0.182216 0.213291 0.268941
1 0.522884 0.345370 0.182534 0.214750 0.268941
1 0.524906 0.347928 0.185514 0.219870 0.268941
1 0.692307 0.333337 0.109552 0.083345 0.731059
1 0.692365 0.333336 0.109440 0.083350 0.500000
1 0.006293 0.353344 0.012851 0.141569 0.017986
1 0.073324 0.355648 0.030458 0.065048 0.002473
1 0.076506 0.352688 0.034661 0.067513 0.006693
1 0.083220 0.355630 0.034554 0.064741 0.002473
1 0.525742 0.346550 0.188996 0.223579 0.731059
1 0.007686 0.357784 0.015606 0.188501 0.006693
1 0.006226 0.362622 0.012710 0.292467 0.006693
1 0.006243 0.350000 0.012744 0.331195 0.006693
1 0.006242 0.352072 0.012730 0.340305 0.006693
1 0.004773 0.367279 0.009802 0.307549 0.002473
1 0.931245 0.490594 0.137549 0.440426 0.006693
1 0.931249 0.472820 0.137526 0.463509 0.002473
1 0.931303 0.499596 0.137429 0.425645 0.002473
1 0.931272 0.498237 0.137556 0.428364 0.006693
1 0.932282 0.390782 0.135222 0.670361 0.004070
1 0.932457 0.402092 0.136439 0.679687 0.008577
1 0.931988 0.402272 0.137324 0.681421 0.014064
1 0.931509 0.399083 0.133792 0.667116 0.006693
1 0.932060 0.407952 0.136208 0.665333 0.010987
1 0.932618 0.407998 0.138623 0.656070 0.010987
1 0.930926 0.398366 0.134725 0.685341 0.008577
1 0.931776 0.411861 0.136657 0.663759 0.037327
1 0.932333 0.406765 0.138954 0.659423 0.014064
1 0.931102 0.387011 0.138043 0.727605 0.001927
1 0.928841 0.512765 0.147325 0.931706 0.001501
2 0.063557 0.301350 0.066746 0.109058 0.002473
2 0.068067 0.318131 0.058004 0.138247 0.002473
2 0.429332 0.327020 0.039904 0.054239 0.002473
2 0.430637 0.326898 0.044970 0.054547 0.002473
2 0.428324 0.327340 0.041353 0.053699 0.002473
2 0.692307 0.333337 0.109552 0.083345 0.002473
3 0.010432 0.282270 0.021017 0.322283 0.002473
3 0.076591 0.345676 0.041006 0.076362 0.006693
3 0.076451 0.345640 0.040522 0.076535 0.006693
3 0.080183 0.345316 0.040576 0.075872 0.002473
3 0.075456 0.348486 0.038555 0.070974 0.002473
3 0.076922 0.348974 0.039375 0.069917 0.002473
4 0.777014 0.347651 0.032649 0.068930 0.002473
4 0.783564 0.346267 0.026743 0.069003 0.002473
4 0.790513 0.348927 0.013293 0.068764 0.002473
4 0.007750 0.353119 0.010142 0.136554 0.006693
4 0.785761 0.352960 0.022586 0.062029 0.002473
4 0.790089 0.356184 0.014139 0.054271 0.017986
4 0.006293 0.353344 0.012851 0.141569 0.002473
4 0.782162 0.350126 0.027192 0.075739 0.002473
4 0.789152 0.357900 0.016185 0.060047 0.002473
5 0.004979 0.347759 0.010035 0.171540 0.002473
5 0.006392 0.351264 0.012942 0.136883 0.006693
5 0.076591 0.345676 0.041006 0.076362 0.002473
5 0.783681 0.342548 0.026622 0.082721 0.002473
5 0.911577 0.340109 0.029482 0.101190 0.002473
5 0.915481 0.338695 0.031995 0.104011 0.002473
5 0.006362 0.356283 0.012949 0.124651 0.017986
5 0.076451 0.345640 0.040522 0.076535 0.002473
5 0.783564 0.346267 0.026743 0.069003 0.002473
5 0.913947 0.341071 0.028251 0.099262 0.002473
5 0.918371 0.341379 0.040118 0.097517 0.002473
5 0.007750 0.353119 0.010142 0.136554 0.047426
5 0.075456 0.348486 0.038555 0.070974 0.002473
5 0.076922 0.348974 0.039375 0.069917 0.002473
5 0.790089 0.356184 0.014139 0.054271 0.002473
5 0.911100 0.341532 0.028574 0.098756 0.002473
5 0.913100 0.341285 0.026305 0.099249 0.006693
5 0.918466 0.344560 0.040061 0.092423 0.002473
5 0.006293 0.353344 0.012851 0.141569 0.047426
5 0.073324 0.355648 0.030458 0.065048 0.006693
5 0.076506 0.352688 0.034661 0.067513 0.002473
5 0.007686 0.357784 0.015606 0.188501 0.047426
5 0.011233 0.350834 0.022526 0.166790 0.002473
5 0.006226 0.362622 0.012710 0.292467 0.017986
5 0.006243 0.350000 0.012744 0.331195 0.006693
5 0.006242 0.352072 0.012730 0.340305 0.002473
