0 0.004938 0.271566 0.010115 0.244260 0.002473
0 0.004889 0.285113 0.015670 0.270940 0.006693
0 0.006322 0.286229 0.012805 0.289648 0.017986
0 0.094259 0.319515 0.020470 0.114340 0.017986
0 0.004866 0.289635 0.015716 0.304886 0.006693
0 0.094255 0.317297 0.020464 0.107736 0.017986
0 0.133709 0.330119 0.008068 0.061713 0.002473
0 0.152405 0.332773 0.021272 0.073108 0.006693
0 0.393705 0.320406 0.006863 0.041953 0.002473
0 0.095651 0.315891 0.022549 0.107401 0.006693
0 0.134114 0.337532 0.012619 0.050712 0.002473
0 0.153101 0.331920 0.025257 0.069606 0.002473
0 0.218776 0.335126 0.012712 0.063198 0.017986
0 0.094405 0.315552 0.020846 0.102950 0.006693
0 0.220180 0.334527 0.009813 0.065021 0.002473
0 0.366341 0.331290 0.007819 0.055581 0.006693
0 0.393733 0.329415 0.006787 0.049804 0.002473
0 0.094298 0.317990 0.020633 0.106158 0.002473
0 0.132324 0.340777 0.010819 0.052626 0.002473
0 0.217237 0.336800 0.009847 0.060567 0.002473
1 0.506329 0.338788 0.162668 0.187240 0.880797
1 0.580746 0.315258 0.020445 0.066838 0.002473
1 0.660467 0.335676 0.110200 0.078449 0.880797
1 0.659439 0.330876 0.106396 0.078530 0.731059
1 0.661862 0.330831 0.107218 0.078460 0.880797
1 0.115608 0.335828 0.025707 0.057558 0.119203
1 0.114211 0.336084 0.028517 0.057013 0.119203
1 0.134114 0.337532 0.012619 0.050712 0.002473
1 0.153292 0.333827 0.031958 0.064790 0.002473
1 0.153101 0.331920 0.025257 0.069606 0.002473
1 0.159156 0.335926 0.037934 0.061588 0.002473
1 0.507771 0.338880 0.165581 0.187478 0.731059
1 0.507733 0.341294 0.165470 0.182657 0.731059
1 0.507737 0.339668 0.165475 0.195302 0.731059
1 0.583649 0.319304 0.017734 0.075958 0.002473
1 0.614883 0.337247 0.020313 0.033972 0.002473
1 0.615132 0.339674 0.020741 0.038574 0.002473
1 0.660412 0.330916 0.110081 0.078513 0.500000
1 0.660854 0.333325 0.109202 0.073690 0.500000
1 0.659884 0.333314 0.105356 0.073721 0.500000
1 0.113958 0.338276 0.028292 0.052741 0.047426
1 0.114230 0.338413 0.028473 0.052451 0.047426
1 0.154757 0.336042 0.028971 0.061465 0.002473
1 0.154602 0.334314 0.028699 0.071165 0.002473
1 0.507782 0.341188 0.165608 0.192266 0.500000
1 0.507732 0.338936 0.165469 0.187596 0.731059
1 0.507717 0.338894 0.165513 0.187675 0.500000
1 0.584940 0.329821 0.014829 0.077818 0.002473
1 0.589874 0.336546 0.010959 0.035761 0.002473
1 0.614682 0.341008 0.019907 0.036324 0.047426
1 0.616430 0.341007 0.023377 0.036242 0.017986
1 0.660219 0.333330 0.110471 0.073687 0.500000
1 0.660852 0.333322 0.109204 0.073697 0.731059
1 0.660828 0.330917 0.103472 0.078519 0.500000
1 0.113965 0.339486 0.028302 0.055711 0.047426
1 0.114174 0.339794 0.022655 0.055090 0.017986
1 0.152339 0.336278 0.023089 0.067959 0.002473
1 0.507781 0.341147 0.165607 0.192571 0.500000
1 0.507712 0.341146 0.165507 0.192573 0.500000
1 0.507737 0.338792 0.165469 0.187864 0.500000
1 0.659398 0.330931 0.106301 0.078531 0.731059
1 0.853231 0.414972 0.286574 0.642224 0.679179
1 0.855774 0.420193 0.288838 0.648073 0.679179
1 0.854694 0.418748 0.292748 0.654903 0.731059
1 0.852822 0.427399 0.284929 0.664687 0.777300
1 0.855874 0.431787 0.288463 0.673904 0.777300
1 0.852938 0.430475 0.297291 0.679095 0.777300
1 0.859867 0.433406 0.281591 0.672654 0.817575
1 0.853899 0.431098 0.285383 0.668907 0.047426
1 0.856115 0.429397 0.287647 0.667602 0.817575
1 0.854002 0.430324 0.293924 0.679550 0.817575
1 0.862147 0.429828 0.276384 0.687559 0.731059
3 0.113965 0.339486 0.028302 0.055711 0.002473
