0 0.305735 0.291319 0.022189 0.166373 0.002473
0 0.326185 0.313492 0.017562 0.119400 0.002473
0 0.790239 0.308127 0.019922 0.100739 0.002473
0 0.816153 0.310102 0.018081 0.101442 0.006693
0 0.326209 0.313579 0.016861 0.097439 0.017986
0 0.351189 0.314304 0.028445 0.145280 0.047426
0 0.349866 0.313575 0.025416 0.143835 0.017986
0 0.729923 0.299941 0.009983 0.049213 0.002473
0 0.743751 0.299350 0.012873 0.057832 0.002473
0 0.754252 0.301359 0.011009 0.063441 0.002473
0 0.773633 0.308809 0.012790 0.076805 0.047426
0 0.785825 0.315654 0.015879 0.089927 0.047426
0 0.789226 0.318942 0.021598 0.106213 0.268941
0 0.811741 0.320150 0.018192 0.109067 0.002473
0 0.816098 0.330576 0.017947 0.129925 0.268941
0 0.857723 0.320942 0.016618 0.102615 0.002473
0 0.306278 0.301950 0.037448 0.187633 0.500000
0 0.307810 0.299631 0.034731 0.182631 0.002473
0 0.328802 0.313021 0.017646 0.085027 0.017986
0 0.349969 0.317709 0.025098 0.156249 0.500000
0 0.351445 0.316374 0.027913 0.149358 0.500000
0 0.731338 0.306742 0.012725 0.041809 0.006693
0 0.741348 0.307131 0.007825 0.042553 0.006693
0 0.752335 0.308394 0.010935 0.050035 0.006693
0 0.773661 0.312538 0.012864 0.080558 0.017986
0 0.786273 0.313987 0.016782 0.095970 0.047426
0 0.789221 0.322058 0.021586 0.103087 0.119203
0 0.811712 0.320641 0.018109 0.109780 0.002473
0 0.816103 0.330634 0.017930 0.129947 0.268941
0 0.857202 0.341644 0.023581 0.124637 0.006693
0 0.963368 0.341320 0.014294 0.115461 0.002473
0 0.306253 0.302057 0.037527 0.187410 0.268941
0 0.307739 0.299535 0.034560 0.182755 0.500000
0 0.307732 0.299757 0.034672 0.182476 0.268941
0 0.329704 0.312469 0.016487 0.097508 0.002473
0 0.350001 0.318425 0.025034 0.154678 0.268941
0 0.349982 0.318446 0.030825 0.154719 0.500000
0 0.733194 0.313786 0.016603 0.043542 0.002473
0 0.741366 0.309190 0.007861 0.038851 0.017986
0 0.753183 0.310472 0.012954 0.045996 0.002473
0 0.773660 0.314116 0.012862 0.077056 0.006693
0 0.786798 0.319248 0.017824 0.097339 0.119203
0 0.789047 0.319975 0.021935 0.108066 0.119203
0 0.814826 0.328899 0.020513 0.126173 0.047426
0 0.815623 0.329564 0.018810 0.133586 0.268941
0 0.857171 0.359024 0.025113 0.111319 0.017986
0 0.874952 0.363492 0.019354 0.102874 0.006693
0 0.875025 0.359424 0.019208 0.103886 0.017986
0 0.956240 0.354111 0.012870 0.083938 0.006693
0 0.963223 0.349680 0.014313 0.119191 0.006693
0 0.078066 0.299541 0.056468 0.296775 0.006693
0 0.077280 0.297536 0.054614 0.300910 0.500000
0 0.306250 0.302180 0.037511 0.187318 0.268941
0 0.307734 0.302041 0.034568 0.177881 0.268941
0 0.306353 0.299582 0.037431 0.182800 0.268941
0 0.327514 0.312635 0.015812 0.101152 0.002473
0 0.350002 0.316054 0.025032 0.149890 0.268941
0 0.348562 0.316042 0.027932 0.149914 0.268941
0 0.774445 0.321780 0.014552 0.076910 0.002473
0 0.790380 0.322470 0.024997 0.113183 0.047426
0 0.787690 0.324578 0.025099 0.118522 0.119203
0 0.815224 0.330789 0.025398 0.130014 0.047426
0 0.815621 0.330758 0.018815 0.131272 0.268941
0 0.857249 0.360823 0.023251 0.111309 0.006693
0 0.877311 0.361762 0.020401 0.098981 0.006693
0 0.875978 0.361655 0.017288 0.098808 0.006693
0 0.962134 0.354481 0.016491 0.106602 0.002473
0 0.079572 0.299486 0.053399 0.306345 0.500000
0 0.078236 0.299541 0.056292 0.307413 0.500000
0 0.079857 0.302537 0.056997 0.301527 0.047426
0 0.306248 0.299932 0.037517 0.182212 0.268941
0 0.307734 0.302150 0.034568 0.177659 0.268941
0 0.307725 0.299756 0.034607 0.182476 0.268941
0 0.349994 0.318452 0.025046 0.154730 0.268941
0 0.350006 0.315285 0.025044 0.151404 0.268941
0 0.791195 0.330222 0.026708 0.111410 0.047426
0 0.792651 0.331354 0.028506 0.115093 0.017986
0 0.812900 0.330509 0.024299 0.129808 0.017986
0 0.815642 0.333111 0.018851 0.125932 0.500000
0 0.856295 0.361736 0.019525 0.120110 0.047426
0 0.875847 0.360988 0.017485 0.098126 0.017986
0 0.876039 0.356864 0.017162 0.098945 0.017986
0 0.888748 0.360212 0.017006 0.081430 0.002473
0 0.909158 0.368346 0.012684 0.071474 0.002473
0 0.992030 0.380195 0.015966 0.062820 0.002473
0 0.078632 0.297942 0.051418 0.304208 0.268941
0 0.078248 0.298181 0.056267 0.303729 0.500000
0 0.079683 0.298786 0.053388 0.302559 0.731059
0 0.307702 0.302090 0.034602 0.187507 0.268941
0 0.348528 0.315282 0.028043 0.151510 0.500000
0 0.348583 0.317695 0.027974 0.156335 0.500000
0 0.795534 0.343607 0.032719 0.105111 0.006693
0 0.807924 0.337894 0.033995 0.116477 0.002473
0 0.817095 0.335890 0.021759 0.130258 0.119203
0 0.856258 0.358418 0.018727 0.126737 0.119203
0 0.874873 0.357512 0.015341 0.104442 0.047426
0 0.876426 0.358326 0.016389 0.102824 0.047426
0 0.891604 0.366057 0.011286 0.077857 0.002473
0 0.992043 0.383104 0.015990 0.057374 0.002473
0 0.079114 0.299521 0.052389 0.307339 0.500000
0 0.079578 0.298054 0.053456 0.304435 0.500000
0 0.079845 0.300261 0.053048 0.296582 0.731059
0 0.818130 0.344378 0.020069 0.135186 0.017986
0 0.850059 0.358058 0.019619 0.129163 0.002473
0 0.854735 0.360441 0.015681 0.122806 0.119203
0 0.874243 0.360251 0.014081 0.114592 0.006693
0 0.876058 0.362284 0.017202 0.113149 0.017986
0 0.076859 0.301327 0.053016 0.297949 0.119203
0 0.078316 0.298766 0.055899 0.302600 0.268941
0 0.857591 0.367378 0.016192 0.124512 0.002473
1 0.022846 0.248107 0.045835 0.039293 0.002473
1 0.034354 0.305773 0.068317 0.133340 0.006693
1 0.374698 0.327398 0.018882 0.062676 0.002473
1 0.373152 0.325344 0.021971 0.057413 0.006693
1 0.372703 0.329620 0.020252 0.058626 0.002473
1 0.696873 0.351739 0.149558 0.129811 0.880797
1 0.696995 0.349337 0.149899 0.125019 0.880797
1 0.372245 0.332595 0.025562 0.054765 0.002473
1 0.479579 0.339719 0.209179 0.293087 0.500000
1 0.479765 0.342678 0.209618 0.293820 0.731059
1 0.481252 0.342661 0.212292 0.293745 0.731059
1 0.697008 0.349326 0.149844 0.124978 0.268941
1 0.697068 0.349339 0.149963 0.125002 0.500000
1 0.697048 0.351723 0.150003 0.120189 0.731059
1 0.696015 0.351689 0.148128 0.129774 0.268941
1 0.479580 0.342719 0.209178 0.293901 0.500000
1 0.481229 0.342693 0.212546 0.293845 0.731059
1 0.481308 0.341389 0.212405 0.290015 0.731059
1 0.697009 0.351723 0.149843 0.120183 0.500000
1 0.697020 0.351736 0.149848 0.120207 0.731059
1 0.698496 0.349314 0.147105 0.125001 0.731059
1 0.697079 0.351609 0.150006 0.120424 0.006693
1 0.479751 0.342291 0.209520 0.295282 0.731059
1 0.481193 0.342742 0.212618 0.293940 0.731059
1 0.481325 0.343069 0.212438 0.293335 0.500000
1 0.697023 0.350174 0.149952 0.117103 0.731059
1 0.697567 0.351703 0.145220 0.120310 0.731059
1 0.482644 0.341150 0.209737 0.290744 0.880797
3 0.169699 0.294554 0.125305 0.231997 0.047426
3 0.165770 0.296837 0.135060 0.239668 0.017986
3 0.167751 0.296853 0.128969 0.239637 0.006693
3 0.169847 0.294679 0.123117 0.235404 0.017986
3 0.164628 0.294218 0.137728 0.244892 0.017986
3 0.168420 0.294840 0.127629 0.243039 0.002473
3 0.166843 0.290137 0.130953 0.245179 0.047426
3 0.168286 0.291605 0.128177 0.241805 0.017986
3 0.169892 0.292145 0.127640 0.241226 0.006693
4 0.328802 0.313021 0.017646 0.085027 0.002473
4 0.374698 0.327398 0.018882 0.062676 0.002473
4 0.792651 0.331354 0.028506 0.115093 0.002473
4 0.812900 0.330509 0.024299 0.129808 0.002473
4 0.821248 0.338951 0.030451 0.111870 0.002473
4 0.992030 0.380195 0.015966 0.062820 0.006693
4 0.789885 0.349163 0.030223 0.097726 0.002473
4 0.795534 0.343607 0.032719 0.105111 0.017986
4 0.807924 0.337894 0.033995 0.116477 0.017986
4 0.817095 0.335890 0.021759 0.130258 0.006693
4 0.989860 0.385481 0.020224 0.062285 0.002473
4 0.992043 0.383104 0.015990 0.057374 0.017986
4 0.818130 0.344378 0.020069 0.135186 0.002473
4 0.987504 0.385767 0.019278 0.052406 0.002473
4 0.993567 0.388175 0.013077 0.057247 0.006693
5 0.979365 0.347927 0.041785 0.130515 0.002473
5 0.992030 0.380195 0.015966 0.062820 0.002473
