0 0.645850 0.273159 0.022636 0.161914 0.002473
0 0.568945 0.282581 0.022882 0.129710 0.006693
0 0.596792 0.280196 0.024573 0.134241 0.002473
0 0.484426 0.247199 0.013110 0.047836 0.006693
0 0.490602 0.254904 0.013115 0.053286 0.017986
0 0.537466 0.280977 0.025071 0.135484 0.047426
0 0.537484 0.281119 0.025055 0.135895 0.017986
0 0.566225 0.283659 0.022944 0.119382 0.017986
0 0.568115 0.282738 0.024476 0.125011 0.500000
0 0.598490 0.282885 0.027994 0.132659 0.017986
0 0.600011 0.283135 0.025029 0.131890 0.006693
0 0.485381 0.254876 0.015020 0.043779 0.002473
0 0.489653 0.255746 0.011218 0.051351 0.017986
0 0.537488 0.283464 0.025026 0.140457 0.268941
0 0.537509 0.280901 0.019217 0.135284 0.268941
0 0.567292 0.281976 0.025100 0.123509 0.017986
0 0.567933 0.282276 0.024107 0.122854 0.268941
0 0.598513 0.283271 0.027976 0.132117 0.268941
0 0.597102 0.283214 0.025032 0.132033 0.268941
0 0.649986 0.273260 0.030820 0.171655 0.268941
0 0.651424 0.270831 0.027954 0.166665 0.500000
0 0.486932 0.262755 0.018357 0.060676 0.002473
0 0.489681 0.264162 0.015137 0.055871 0.006693
0 0.538938 0.283617 0.022130 0.140733 0.500000
0 0.537504 0.281151 0.025013 0.135767 0.268941
0 0.567753 0.282322 0.024226 0.125924 0.119203
0 0.567931 0.283374 0.024108 0.125015 0.500000
0 0.568416 0.281209 0.026180 0.127961 0.006693
0 0.598515 0.283682 0.027975 0.131100 0.500000
0 0.599973 0.283722 0.025063 0.131178 0.268941
0 0.651442 0.268381 0.027906 0.171522 0.268941
0 0.649976 0.268382 0.025067 0.161951 0.268941
0 0.537495 0.283572 0.019226 0.140892 0.268941
0 0.538944 0.281145 0.022123 0.135825 0.500000
0 0.566819 0.281743 0.022328 0.127233 0.119203
0 0.567932 0.282020 0.024107 0.126557 0.500000
0 0.569076 0.283916 0.025662 0.130216 0.006693
0 0.598510 0.283273 0.027957 0.132075 0.268941
0 0.598458 0.283270 0.028093 0.132080 0.268941
0 0.650003 0.270822 0.025028 0.166640 0.268941
0 0.651432 0.268422 0.022162 0.161846 0.500000
0 0.537489 0.283745 0.024984 0.140545 0.268941
0 0.537506 0.285316 0.019220 0.137386 0.500000
0 0.567751 0.282073 0.024189 0.126643 0.268941
0 0.568116 0.282780 0.023737 0.125057 0.500000
0 0.569708 0.283665 0.026176 0.129717 0.006693
0 0.599968 0.283988 0.024990 0.130479 0.119203
0 0.598549 0.284029 0.027923 0.130565 0.500000
0 0.650006 0.270818 0.025033 0.166637 0.268941
0 0.651444 0.270831 0.022170 0.166658 0.268941
0 0.536045 0.283807 0.022116 0.140968 0.119203
0 0.536095 0.281548 0.022082 0.145469 0.047426
0 0.568759 0.282478 0.025024 0.127558 0.017986
0 0.598507 0.282431 0.027962 0.133858 0.268941
0 0.599984 0.284025 0.025053 0.130667 0.119203
0 0.651453 0.271090 0.022222 0.166168 0.119203
0 0.648632 0.273343 0.022190 0.161698 0.500000
1 0.517439 0.267619 0.015825 0.035499 0.047426
1 0.516103 0.272627 0.013181 0.043329 0.006693
1 0.320242 0.329822 0.016544 0.047372 0.002473
1 0.411019 0.342198 0.197345 0.242203 0.952574
1 0.310301 0.338234 0.011426 0.022468 0.002473
1 0.318879 0.339671 0.013254 0.029133 0.006693
1 0.411034 0.338986 0.202933 0.239240 0.731059
1 0.412444 0.341317 0.200192 0.243905 0.731059
1 0.411087 0.341435 0.202858 0.243669 0.731059
1 0.053548 0.336404 0.107117 0.399872 0.731059
1 0.053836 0.339527 0.107678 0.390893 0.500000
1 0.053775 0.339533 0.107554 0.390852 0.500000
1 0.412485 0.342068 0.200059 0.242404 0.731059
1 0.412425 0.343628 0.200150 0.245530 0.731059
1 0.412478 0.342168 0.200156 0.242607 0.731059
1 0.053755 0.340590 0.107515 0.387628 0.500000
1 0.055274 0.341920 0.104781 0.384969 0.268941
1 0.053777 0.343298 0.107531 0.382546 0.500000
1 0.409605 0.343607 0.200072 0.239160 0.500000
1 0.412499 0.343709 0.200082 0.238955 0.731059
1 0.411073 0.339766 0.197141 0.237318 0.731059
1 0.053743 0.343301 0.107520 0.376198 0.268941
1 0.053829 0.344837 0.107668 0.379553 0.500000
1 0.053768 0.342280 0.107523 0.378403 0.731059
1 0.053818 0.349153 0.107687 0.367337 0.731059
3 0.517439 0.267619 0.015825 0.035499 0.002473
