0 0.996173 0.275665 0.007885 0.064031 0.002473
0 0.703983 0.311334 0.014299 0.081868 0.002473
0 0.703834 0.316995 0.013614 0.062940 0.047426
0 0.897503 0.338154 0.038913 0.083868 0.002473
0 0.897714 0.338196 0.036525 0.083525 0.047426
0 0.120437 0.343607 0.010195 0.062887 0.002473
0 0.126722 0.343409 0.012404 0.062113 0.002473
0 0.595209 0.320219 0.009737 0.027030 0.002473
0 0.617219 0.327237 0.009830 0.030150 0.002473
0 0.703853 0.326995 0.007844 0.044136 0.006693
0 0.898359 0.338548 0.040877 0.073114 0.002473
0 0.898414 0.338557 0.040732 0.073093 0.002473
0 0.128960 0.343839 0.017552 0.062456 0.002473
0 0.192216 0.342198 0.016864 0.048236 0.002473
0 0.706242 0.329091 0.006792 0.034317 0.006693
0 0.898817 0.342977 0.041742 0.073708 0.002473
0 0.900129 0.342307 0.040346 0.065597 0.002473
0 0.899752 0.345561 0.039867 0.068521 0.002473
0 0.898870 0.343613 0.041588 0.072449 0.002473
1 0.282318 0.311420 0.042111 0.023695 0.017986
1 0.282370 0.311316 0.042089 0.023440 0.017986
1 0.281620 0.309794 0.047534 0.020448 0.017986
1 0.723257 0.318174 0.034426 0.053899 0.002473
1 0.723281 0.318383 0.034287 0.053753 0.002473
1 0.007976 0.351424 0.016004 0.069081 0.047426
1 0.018292 0.350070 0.036728 0.069385 0.006693
1 0.278294 0.320723 0.051813 0.041897 0.017986
1 0.278109 0.316981 0.054270 0.034715 0.006693
1 0.278839 0.322398 0.057127 0.045767 0.006693
1 0.329725 0.346142 0.159575 0.141002 0.731059
1 0.329808 0.343733 0.159617 0.145803 0.731059
1 0.328283 0.343732 0.162673 0.145826 0.731059
1 0.420926 0.322914 0.016908 0.011283 0.002473
1 0.465850 0.320510 0.012539 0.016032 0.268941
1 0.479599 0.318946 0.010120 0.012984 0.006693
1 0.492289 0.318924 0.009740 0.012981 0.017986
1 0.507779 0.318390 0.009877 0.014097 0.006693
1 0.523130 0.324368 0.015510 0.017952 0.017986
1 0.523652 0.322574 0.016386 0.011947 0.047426
1 0.010045 0.361273 0.020140 0.058256 0.017986
1 0.018847 0.364385 0.037619 0.062569 0.047426
1 0.021140 0.361754 0.042110 0.058240 0.002473
1 0.224979 0.340052 0.050391 0.038665 0.006693
1 0.232622 0.338233 0.054259 0.041783 0.002473
1 0.328305 0.343750 0.162540 0.136189 0.731059
1 0.328369 0.341328 0.162495 0.140972 0.500000
1 0.328280 0.343744 0.162674 0.136200 0.731059
1 0.723789 0.330169 0.033367 0.038394 0.002473
1 0.012713 0.361991 0.025472 0.057728 0.017986
1 0.018020 0.364580 0.035965 0.052826 0.017986
1 0.022029 0.362073 0.044103 0.057823 0.006693
1 0.328321 0.343744 0.162456 0.145832 0.500000
1 0.329788 0.343733 0.159657 0.145803 0.500000
1 0.329725 0.343740 0.165563 0.136210 0.731059
1 0.012273 0.367133 0.024591 0.057940 0.017986
1 0.017664 0.367118 0.035253 0.057695 0.006693
1 0.022604 0.362152 0.045249 0.057903 0.002473
1 0.031448 0.363747 0.056994 0.064973 0.002473
1 0.329792 0.346134 0.159658 0.141008 0.500000
2 0.375607 0.294987 0.060848 0.038747 0.002473
2 0.381728 0.294455 0.055463 0.037813 0.006693
2 0.401020 0.298068 0.023039 0.038708 0.006693
2 0.282318 0.311420 0.042111 0.023695 0.047426
2 0.282370 0.311316 0.042089 0.023440 0.047426
2 0.281620 0.309794 0.047534 0.020448 0.017986
2 0.514301 0.310735 0.023209 0.029196 0.017986
2 0.521385 0.314801 0.019015 0.036904 0.500000
2 0.522111 0.312421 0.019504 0.032074 0.119203
2 0.007976 0.351424 0.016004 0.069081 0.002473
2 0.172520 0.342410 0.051296 0.050362 0.002473
2 0.226781 0.339850 0.053996 0.045153 0.268941
2 0.225228 0.338194 0.050498 0.041805 0.268941
2 0.225199 0.339701 0.050497 0.044820 0.500000
2 0.227075 0.335757 0.052780 0.046543 0.500000
2 0.231906 0.338155 0.055716 0.041850 0.047426
2 0.278294 0.320723 0.051813 0.041897 0.017986
2 0.278109 0.316981 0.054270 0.034715 0.006693
2 0.278839 0.322398 0.057127 0.045767 0.002473
2 0.507779 0.318390 0.009877 0.014097 0.017986
2 0.523130 0.324368 0.015510 0.017952 0.017986
2 0.523652 0.322574 0.016386 0.011947 0.002473
2 0.724203 0.323820 0.036292 0.050465 0.002473
2 0.723781 0.322339 0.033385 0.047589 0.002473
2 0.163622 0.345398 0.053021 0.049355 0.002473
2 0.224979 0.340052 0.050391 0.038665 0.119203
2 0.225041 0.339752 0.050139 0.044737 0.500000
2 0.225757 0.338190 0.049390 0.041620 0.731059
2 0.227095 0.338162 0.052761 0.041676 0.500000
2 0.232622 0.338233 0.054259 0.041783 0.047426
3 0.282318 0.311420 0.042111 0.023695 0.017986
3 0.282370 0.311316 0.042089 0.023440 0.006693
3 0.281620 0.309794 0.047534 0.020448 0.006693
3 0.007976 0.351424 0.016004 0.069081 0.006693
3 0.032279 0.349745 0.064962 0.077582 0.002473
3 0.060428 0.353579 0.091912 0.073385 0.002473
3 0.278294 0.320723 0.051813 0.041897 0.017986
3 0.278109 0.316981 0.054270 0.034715 0.006693
3 0.278839 0.322398 0.057127 0.045767 0.002473
3 0.010045 0.361273 0.020140 0.058256 0.002473
3 0.018847 0.364385 0.037619 0.062569 0.002473
3 0.021140 0.361754 0.042110 0.058240 0.002473
3 0.051676 0.356596 0.102422 0.077320 0.002473
3 0.224979 0.340052 0.050391 0.038665 0.002473
3 0.232622 0.338233 0.054259 0.041783 0.002473
3 0.022029 0.362073 0.044103 0.057823 0.002473
4 0.898361 0.343237 0.041043 0.073286 0.006693
4 0.898359 0.338548 0.040877 0.073114 0.006693
4 0.898414 0.338557 0.040732 0.073093 0.002473
4 0.898848 0.341784 0.041955 0.076155 0.047426
4 0.898817 0.342977 0.041742 0.073708 0.047426
4 0.899752 0.341097 0.039854 0.077467 0.006693
4 0.900129 0.342307 0.040346 0.065597 0.002473
4 0.899726 0.343566 0.039979 0.072539 0.006693
4 0.899752 0.345561 0.039867 0.068521 0.006693
4 0.898870 0.343613 0.041588 0.072449 0.006693
5 0.886864 0.335186 0.024111 0.079318 0.002473
5 0.897503 0.338154 0.038913 0.083868 0.017986
5 0.897714 0.338196 0.036525 0.083525 0.002473
5 0.898361 0.343237 0.041043 0.073286 0.017986
5 0.898359 0.338548 0.040877 0.073114 0.119203
5 0.898414 0.338557 0.040732 0.073093 0.119203
5 0.899411 0.343353 0.042034 0.073564 0.002473
5 0.898848 0.341784 0.041955 0.076155 0.047426
5 0.898817 0.342977 0.041742 0.073708 0.119203
5 0.899752 0.341097 0.039854 0.077467 0.119203
5 0.900129 0.342307 0.040346 0.065597 0.006693
5 0.899726 0.343566 0.039979 0.072539 0.017986
5 0.899752 0.345561 0.039867 0.068521 0.119203
5 0.898870 0.343613 0.041588 0.072449 0.047426
5 0.900315 0.347424 0.039983 0.055440 0.002473
