1 0.417362 0.313998 0.025248 0.028879 0.047426
1 0.416979 0.313240 0.022254 0.024298 0.119203
1 0.510995 0.330553 0.072265 0.098644 0.731059
1 0.512511 0.330266 0.069184 0.099309 0.731059
1 0.545491 0.310399 0.016413 0.042500 0.002473
1 0.582132 0.329463 0.070419 0.066019 0.731059
1 0.581182 0.327045 0.068563 0.070856 0.500000
1 0.582134 0.327795 0.070395 0.072359 0.500000
1 0.416813 0.313433 0.022326 0.023962 0.119203
1 0.416898 0.314993 0.022043 0.027061 0.500000
1 0.418592 0.313427 0.025791 0.023981 0.006693
1 0.512523 0.330546 0.069153 0.098624 0.731059
1 0.512585 0.329786 0.069064 0.100147 0.500000
1 0.512558 0.327426 0.068990 0.095707 0.500000
1 0.581478 0.327361 0.068928 0.071431 0.500000
1 0.581252 0.330107 0.068419 0.067260 0.500000
1 0.581255 0.327820 0.068419 0.072303 0.268941
1 0.582110 0.327698 0.070353 0.072078 0.268941
1 0.020193 0.366537 0.040518 0.070290 0.047426
1 0.020202 0.366833 0.040383 0.069451 0.047426
1 0.020175 0.366670 0.040532 0.068342 0.017986
1 0.159396 0.352931 0.081434 0.060074 0.731059
1 0.156923 0.353231 0.080381 0.059413 0.500000
1 0.155331 0.353044 0.083551 0.059789 0.500000
1 0.156972 0.351691 0.080289 0.056337 0.500000
1 0.159812 0.351535 0.080354 0.056785 0.500000
1 0.511066 0.330536 0.072064 0.098581 0.500000
1 0.512518 0.330534 0.069197 0.098583 0.500000
1 0.514024 0.329790 0.071928 0.100113 0.500000
1 0.579744 0.330536 0.065628 0.068136 0.731059
1 0.581241 0.330222 0.068350 0.067508 0.268941
1 0.580237 0.327065 0.070355 0.070859 0.500000
1 0.018760 0.369630 0.037599 0.062777 0.047426
1 0.020205 0.369722 0.040381 0.062106 0.047426
1 0.020151 0.369694 0.040501 0.061999 0.047426
1 0.158392 0.352445 0.083440 0.054876 0.731059
1 0.158367 0.353045 0.083267 0.059791 0.500000
1 0.155192 0.353230 0.083829 0.059422 0.500000
1 0.155367 0.351372 0.083480 0.056922 0.500000
1 0.157895 0.353225 0.078427 0.059470 0.268941
1 0.512469 0.329784 0.069217 0.100170 0.500000
1 0.512547 0.330236 0.074912 0.099264 0.731059
1 0.018769 0.371397 0.037585 0.065060 0.047426
1 0.020197 0.371328 0.040396 0.064993 0.268941
1 0.018719 0.369664 0.043402 0.062259 0.268941
1 0.848949 0.302721 0.295012 0.274718 0.001501
1 0.848454 0.300087 0.293844 0.274977 0.001927
1 0.849252 0.300171 0.295192 0.274876 0.010987
1 0.850438 0.299847 0.306962 0.274585 0.095349
1 0.848894 0.304606 0.297989 0.264980 0.006693
1 0.846892 0.305447 0.297008 0.262423 0.006693
1 0.850793 0.305996 0.292195 0.263360 0.017986
1 0.850374 0.304336 0.309315 0.264703 0.095349
1 0.849100 0.305503 0.295353 0.261609 0.060087
1 0.850672 0.305565 0.298502 0.261426 0.075858
2 0.849140 0.297003 0.295171 0.279445 0.006693
2 0.848320 0.297796 0.296960 0.275883 0.006693
2 0.848949 0.302721 0.295012 0.274718 0.817575
2 0.848454 0.300087 0.293844 0.274977 0.817575
2 0.849252 0.300171 0.295192 0.274876 0.817575
2 0.850438 0.299847 0.306962 0.274585 0.562177
2 0.848894 0.304606 0.297989 0.264980 0.817575
2 0.846892 0.305447 0.297008 0.262423 0.817575
2 0.850793 0.305996 0.292195 0.263360 0.731059
2 0.850374 0.304336 0.309315 0.264703 0.500000
2 0.849100 0.305503 0.295353 0.261609 0.437824
2 0.850672 0.305565 0.298502 0.261426 0.268941
3 0.850793 0.305996 0.292195 0.263360 0.001170
3 0.850374 0.304336 0.309315 0.264703 0.001927
3 0.849100 0.305503 0.295353 0.261609 0.001927
3 0.850672 0.305565 0.298502 0.261426 0.001927
4 0.345083 0.318029 0.016218 0.021035 0.006693
5 0.020197 0.371328 0.040396 0.064993 0.002473
5 0.018719 0.369664 0.043402 0.062259 0.002473
