1 0.279985 0.335680 0.109178 0.078461 0.268941
1 0.280345 0.335719 0.104672 0.078496 0.500000
1 0.280870 0.333267 0.103640 0.073625 0.731059
1 0.453831 0.304481 0.017711 0.016056 0.002473
1 0.514013 0.329402 0.078129 0.101040 0.731059
1 0.512606 0.327838 0.075139 0.104167 0.731059
1 0.598524 0.321283 0.047105 0.049648 0.500000
1 0.598542 0.318880 0.047115 0.054458 0.500000
1 0.597093 0.318866 0.049995 0.054486 0.500000
1 0.598559 0.321157 0.047122 0.049485 0.268941
1 0.018665 0.355491 0.038082 0.088682 0.002473
1 0.281328 0.335704 0.106539 0.078441 0.731059
1 0.280368 0.333316 0.104701 0.073675 0.500000
1 0.280509 0.330920 0.104317 0.078458 0.268941
1 0.337069 0.318060 0.024381 0.021557 0.002473
1 0.344057 0.318035 0.021923 0.020995 0.006693
1 0.515424 0.326994 0.075064 0.096224 0.500000
1 0.513985 0.329412 0.077942 0.101060 0.500000
1 0.515406 0.329392 0.075006 0.101096 0.268941
1 0.597077 0.321328 0.049944 0.049725 0.731059
1 0.597116 0.322903 0.050001 0.052821 0.500000
1 0.599994 0.322901 0.049986 0.046584 0.268941
1 0.598542 0.322871 0.052946 0.052826 0.500000
1 0.637300 0.316428 0.019442 0.018300 0.002473
1 0.018801 0.363551 0.037740 0.076335 0.002473
1 0.020223 0.365762 0.040513 0.071384 0.002473
1 0.018353 0.366286 0.044276 0.068210 0.017986
1 0.158302 0.351375 0.089396 0.056954 0.731059
1 0.156464 0.351484 0.087102 0.056668 0.500000
1 0.157935 0.351676 0.084132 0.056306 0.500000
1 0.156500 0.351676 0.081246 0.056307 0.500000
1 0.158363 0.351535 0.083280 0.056784 0.500000
1 0.279803 0.335723 0.109590 0.078420 0.500000
1 0.279795 0.333332 0.109514 0.073689 0.268941
1 0.282390 0.333334 0.104322 0.073696 0.268941
1 0.513971 0.329413 0.077917 0.101045 0.500000
1 0.512535 0.329368 0.075044 0.100957 0.731059
1 0.515394 0.327947 0.075031 0.103964 0.268941
1 0.599920 0.321378 0.049867 0.049730 0.500000
1 0.600000 0.322930 0.049972 0.052855 0.500000
1 0.598553 0.321370 0.047107 0.049747 0.500000
1 0.018742 0.363403 0.037630 0.075352 0.002473
1 0.020273 0.367503 0.040394 0.072813 0.006693
1 0.018444 0.365939 0.038269 0.069685 0.017986
1 0.156493 0.353358 0.087247 0.059202 0.731059
1 0.156464 0.353351 0.087101 0.059179 0.500000
1 0.155018 0.353232 0.084197 0.059418 0.500000
1 0.157751 0.351674 0.084499 0.056318 0.268941
1 0.158272 0.351685 0.083431 0.056391 0.268941
1 0.281182 0.333359 0.106802 0.073680 0.500000
1 0.281752 0.333371 0.105353 0.083301 0.119203
1 0.512576 0.329493 0.075166 0.100939 0.500000
1 0.513996 0.330971 0.077921 0.104216 0.500000
1 0.020191 0.364682 0.040540 0.074103 0.006693
1 0.018791 0.367813 0.037520 0.072225 0.017986
1 0.020198 0.368866 0.040552 0.070121 0.017986
1 0.851194 0.300013 0.308476 0.269744 0.003173
1 0.849643 0.304040 0.296562 0.258952 0.002473
1 0.848379 0.304571 0.296848 0.260612 0.001501
1 0.850789 0.304616 0.292248 0.260584 0.001501
1 0.850279 0.303363 0.309816 0.263020 0.003173
1 0.849876 0.304930 0.293951 0.259672 0.001501
1 0.849850 0.305817 0.300131 0.257560 0.001501
2 0.849924 0.297124 0.296609 0.275803 0.095349
2 0.848331 0.297061 0.296958 0.274916 0.182426
2 0.848980 0.303177 0.295085 0.270270 0.817575
2 0.849164 0.300356 0.295261 0.270506 0.817575
2 0.849996 0.300452 0.293716 0.270398 0.851953
2 0.851194 0.300013 0.308476 0.269744 0.851953
2 0.849643 0.304040 0.296562 0.258952 0.817575
2 0.848379 0.304571 0.296848 0.260612 0.851953
2 0.850789 0.304616 0.292248 0.260584 0.817575
2 0.850279 0.303363 0.309816 0.263020 0.817575
2 0.849876 0.304930 0.293951 0.259672 0.377541
2 0.849850 0.305817 0.300131 0.257560 0.377541
3 0.850279 0.303363 0.309816 0.263020 0.001501
