0 0.029608 0.350822 0.016250 0.103743 0.006693
0 0.006322 0.355237 0.007000 0.092331 0.002473
0 0.024436 0.353646 0.026333 0.094175 0.006693
0 0.029713 0.354068 0.015635 0.083854 0.047426
0 0.028262 0.354009 0.012743 0.083720 0.047426
0 0.028079 0.354324 0.013111 0.083015 0.047426
0 0.240707 0.338745 0.013922 0.063513 0.006693
0 0.021371 0.358022 0.026435 0.075784 0.002473
0 0.029154 0.357489 0.010934 0.076737 0.119203
1 0.202762 0.330987 0.032517 0.062827 0.006693
1 0.204429 0.331228 0.029789 0.063316 0.006693
1 0.204304 0.329023 0.037935 0.059108 0.006693
1 0.006322 0.355237 0.007000 0.092331 0.002473
1 0.127109 0.351739 0.139879 0.129808 0.731059
1 0.127122 0.349351 0.139959 0.125094 0.731059
1 0.203132 0.328115 0.031752 0.062849 0.047426
1 0.204643 0.330352 0.034467 0.058302 0.006693
1 0.211782 0.330869 0.042533 0.057904 0.006693
1 0.250058 0.333434 0.049642 0.051857 0.006693
1 0.253849 0.330911 0.042389 0.046497 0.002473
1 0.256185 0.328511 0.043545 0.041677 0.002473
1 0.255022 0.330912 0.045793 0.046474 0.006693
1 0.292329 0.333309 0.040593 0.041768 0.500000
1 0.295179 0.333276 0.040587 0.041656 0.268941
1 0.293769 0.330880 0.043709 0.046443 0.268941
1 0.327904 0.327389 0.035703 0.029877 0.047426
1 0.333852 0.326938 0.026500 0.028976 0.268941
1 0.333367 0.326939 0.027612 0.028977 0.268941
1 0.356256 0.322922 0.015316 0.020953 0.002473
1 0.370785 0.320499 0.022814 0.016096 0.047426
1 0.377106 0.320508 0.020875 0.025793 0.017986
1 0.474895 0.316535 0.015273 0.017758 0.119203
1 0.475017 0.318104 0.015457 0.020857 0.268941
1 0.127296 0.349273 0.139558 0.125085 0.500000
1 0.125918 0.347763 0.138599 0.121850 0.500000
1 0.127127 0.351693 0.139949 0.129773 0.731059
1 0.207252 0.329878 0.034088 0.065308 0.047426
1 0.218216 0.340375 0.045103 0.048556 0.268941
1 0.219725 0.347027 0.045463 0.032234 0.500000
1 0.219082 0.344068 0.043919 0.036926 0.119203
1 0.255220 0.330904 0.045418 0.046543 0.006693
1 0.255303 0.330919 0.045545 0.046506 0.006693
1 0.255029 0.330905 0.045777 0.046541 0.017986
1 0.293732 0.330922 0.043400 0.036881 0.500000
1 0.295209 0.333343 0.040726 0.041681 0.500000
1 0.292315 0.333345 0.040504 0.041704 0.268941
1 0.323878 0.331537 0.037154 0.037723 0.002473
1 0.332744 0.328675 0.028426 0.032338 0.006693
1 0.333868 0.329403 0.026613 0.033848 0.002473
1 0.127262 0.349169 0.139488 0.125286 0.731059
1 0.127285 0.349285 0.139530 0.125107 0.731059
1 0.126860 0.349310 0.140481 0.125005 0.731059
1 0.201900 0.335759 0.024155 0.065266 0.017986
1 0.215836 0.344699 0.040799 0.044827 0.047426
1 0.219518 0.346514 0.045966 0.041254 0.017986
1 0.219870 0.346549 0.046013 0.041451 0.017986
1 0.127107 0.349283 0.139886 0.125121 0.500000
1 0.127288 0.349316 0.139541 0.125024 0.731059
2 0.411529 0.308450 0.042286 0.059403 0.268941
2 0.411527 0.308449 0.042268 0.059402 0.268941
2 0.177337 0.321084 0.075202 0.059072 0.006693
2 0.202762 0.330987 0.032517 0.062827 0.047426
2 0.204429 0.331228 0.029789 0.063316 0.268941
2 0.204304 0.329023 0.037935 0.059108 0.017986
2 0.412459 0.306113 0.040401 0.054451 0.500000
2 0.412038 0.306114 0.039554 0.054440 0.731059
2 0.412487 0.306112 0.040448 0.054445 0.500000
2 0.411576 0.306866 0.042331 0.052946 0.500000
2 0.503264 0.311068 0.012793 0.018848 0.006693
2 0.186425 0.323669 0.063417 0.064480 0.002473
2 0.203132 0.328115 0.031752 0.062849 0.119203
2 0.204643 0.330352 0.034467 0.058302 0.119203
2 0.211782 0.330869 0.042533 0.057904 0.047426
2 0.253849 0.330911 0.042389 0.046497 0.500000
2 0.256185 0.328511 0.043545 0.041677 0.731059
2 0.255022 0.330912 0.045793 0.046474 0.500000
2 0.327904 0.327389 0.035703 0.029877 0.006693
2 0.370785 0.320499 0.022814 0.016096 0.002473
2 0.377106 0.320508 0.020875 0.025793 0.002473
2 0.412391 0.308625 0.040266 0.059053 0.500000
2 0.411528 0.309387 0.042270 0.057526 0.731059
2 0.411088 0.306226 0.041345 0.054219 0.500000
2 0.411580 0.309382 0.042338 0.057537 0.500000
2 0.207252 0.329878 0.034088 0.065308 0.017986
2 0.255220 0.330904 0.045418 0.046543 0.268941
2 0.255303 0.330919 0.045545 0.046506 0.500000
2 0.255029 0.330905 0.045777 0.046541 0.268941
3 0.202762 0.330987 0.032517 0.062827 0.002473
3 0.204429 0.331228 0.029789 0.063316 0.006693
3 0.204304 0.329023 0.037935 0.059108 0.002473
3 0.503264 0.311068 0.012793 0.018848 0.002473
3 0.203132 0.328115 0.031752 0.062849 0.017986
3 0.204643 0.330352 0.034467 0.058302 0.006693
3 0.211782 0.330869 0.042533 0.057904 0.006693
3 0.333852 0.326938 0.026500 0.028976 0.002473
3 0.333367 0.326939 0.027612 0.028977 0.002473
3 0.377106 0.320508 0.020875 0.025793 0.002473
3 0.207252 0.329878 0.034088 0.065308 0.017986
3 0.218216 0.340375 0.045103 0.048556 0.002473
3 0.219725 0.347027 0.045463 0.032234 0.002473
4 0.006322 0.355237 0.007000 0.092331 0.002473
4 0.377106 0.320508 0.020875 0.025793 0.002473
4 0.004846 0.357731 0.015575 0.081479 0.047426
4 0.025421 0.357035 0.024008 0.078179 0.002473
4 0.006238 0.363424 0.012699 0.080774 0.047426
4 0.022063 0.359080 0.025056 0.073499 0.006693
4 0.006235 0.367187 0.012680 0.076315 0.119203
4 0.021371 0.358022 0.026435 0.075784 0.006693
4 0.006136 0.373731 0.012888 0.092030 0.017986
5 0.006322 0.355237 0.007000 0.092331 0.006693
5 0.024436 0.353646 0.026333 0.094175 0.002473
5 0.004846 0.357731 0.015575 0.081479 0.006693
5 0.025421 0.357035 0.024008 0.078179 0.017986
5 0.006238 0.363424 0.012699 0.080774 0.006693
5 0.022063 0.359080 0.025056 0.073499 0.047426
5 0.215836 0.344699 0.040799 0.044827 0.006693
5 0.006235 0.367187 0.012680 0.076315 0.002473
5 0.021371 0.358022 0.026435 0.075784 0.006693
5 0.029154 0.357489 0.010934 0.076737 0.002473
5 0.040602 0.361515 0.032637 0.060444 0.002473
