1 0.035993 0.292963 0.072008 0.146268 0.002473
1 0.049654 0.284188 0.099460 0.128831 0.002473
1 0.060505 0.305408 0.121038 0.176688 0.017986
1 0.062330 0.309516 0.118734 0.181798 0.119203
1 0.062662 0.312402 0.116802 0.187518 0.268941
1 0.110304 0.320402 0.029491 0.145039 0.002473
1 0.113486 0.311971 0.030151 0.111592 0.006693
1 0.039657 0.296477 0.079376 0.169099 0.006693
1 0.047148 0.294499 0.094456 0.156067 0.002473
1 0.060840 0.307801 0.115965 0.178390 0.119203
1 0.062423 0.314427 0.118557 0.191607 0.268941
1 0.062549 0.316570 0.118301 0.189273 0.268941
1 0.064807 0.319351 0.114516 0.183839 0.017986
1 0.111056 0.325401 0.027970 0.157238 0.006693
1 0.117141 0.328639 0.021974 0.069625 0.006693
1 0.267374 0.333322 0.121479 0.093021 0.731059
1 0.268399 0.335757 0.123893 0.088214 0.731059
1 0.368724 0.330904 0.093361 0.088126 0.731059
1 0.368726 0.328481 0.093376 0.083331 0.500000
1 0.427338 0.314035 0.035661 0.054500 0.047426
1 0.428753 0.312512 0.032538 0.057610 0.047426
1 0.428791 0.312486 0.032918 0.057657 0.047426
1 0.682400 0.310960 0.025566 0.019738 0.006693
1 0.682911 0.310567 0.028539 0.021955 0.002473
1 0.728293 0.314633 0.050376 0.030132 0.017986
1 0.730392 0.316409 0.049298 0.033677 0.006693
1 0.731233 0.325470 0.044587 0.051845 0.017986
1 0.974326 0.338203 0.051583 0.089818 0.002473
1 0.040802 0.317712 0.081671 0.222253 0.002473
1 0.042551 0.307794 0.085294 0.183604 0.002473
1 0.058936 0.308393 0.117878 0.179380 0.119203
1 0.060597 0.315236 0.118914 0.190003 0.500000
1 0.062118 0.315759 0.115861 0.191050 0.500000
1 0.065916 0.321734 0.107833 0.188711 0.047426
1 0.117350 0.330765 0.016721 0.068093 0.017986
1 0.143672 0.337282 0.037721 0.065573 0.119203
1 0.143753 0.338882 0.037538 0.062523 0.268941
1 0.143842 0.338881 0.037720 0.062523 0.268941
1 0.149247 0.336557 0.046597 0.066586 0.002473
1 0.268305 0.333348 0.123358 0.093026 0.731059
1 0.267352 0.335762 0.122191 0.088198 0.731059
1 0.268275 0.335790 0.124172 0.088279 0.880797
1 0.368774 0.328510 0.093373 0.083328 0.731059
1 0.368750 0.328516 0.093324 0.083331 0.500000
1 0.368750 0.328507 0.093330 0.083348 0.500000
1 0.409629 0.318114 0.019266 0.053096 0.002473
1 0.427338 0.314044 0.035662 0.054484 0.017986
1 0.427311 0.314050 0.035431 0.054472 0.017986
1 0.427411 0.314006 0.035703 0.054627 0.047426
1 0.459142 0.317878 0.012519 0.010841 0.119203
1 0.532780 0.320459 0.009818 0.016182 0.017986
1 0.584300 0.318094 0.018971 0.020935 0.002473
1 0.589193 0.320493 0.015933 0.016082 0.002473
1 0.629698 0.320486 0.020118 0.025706 0.002473
1 0.683235 0.317419 0.027445 0.031929 0.002473
1 0.728104 0.333188 0.052429 0.063556 0.002473
1 0.731451 0.343999 0.044085 0.082745 0.002473
1 0.060718 0.314599 0.118054 0.191680 0.268941
1 0.063361 0.317650 0.110849 0.197705 0.006693
1 0.070936 0.320254 0.097627 0.195560 0.047426
1 0.120590 0.332547 0.016617 0.067523 0.002473
1 0.140835 0.338890 0.037616 0.062565 0.268941
1 0.142315 0.338904 0.034716 0.062537 0.268941
1 0.142492 0.338861 0.035020 0.062620 0.268941
1 0.148216 0.339984 0.050369 0.069674 0.006693
1 0.191312 0.332623 0.067645 0.075114 0.006693
1 0.193706 0.326933 0.074182 0.096128 0.002473
1 0.268113 0.333335 0.123733 0.092993 0.500000
1 0.267352 0.333349 0.122181 0.093026 0.731059
1 0.268754 0.333349 0.125063 0.093028 0.500000
1 0.368749 0.330901 0.093424 0.078546 0.731059
1 0.367284 0.328515 0.090473 0.083335 0.731059
1 0.368752 0.328509 0.093328 0.083325 0.731059
1 0.062575 0.315022 0.108501 0.192321 0.017986
1 0.075866 0.318633 0.084068 0.187416 0.047426
1 0.120464 0.339516 0.017259 0.061647 0.006693
1 0.143746 0.338907 0.037646 0.062579 0.268941
1 0.142418 0.341293 0.034931 0.067428 0.500000
1 0.143998 0.341299 0.038273 0.057784 0.500000
1 0.152457 0.343159 0.049426 0.064169 0.017986
1 0.190771 0.340444 0.067258 0.059720 0.017986
1 0.193603 0.339380 0.072965 0.071274 0.002473
1 0.268294 0.333324 0.124092 0.093021 0.500000
1 0.267787 0.333324 0.123073 0.093021 0.500000
1 0.367281 0.330907 0.090470 0.088191 0.731059
1 0.368727 0.330878 0.093377 0.078631 0.731059
1 0.097801 0.341123 0.036438 0.152452 0.002473
1 0.045874 0.414389 0.097542 0.421038 0.500000
1 0.047334 0.419519 0.094683 0.410857 0.731059
1 0.046965 0.419353 0.094047 0.409905 0.731059
1 0.099294 0.356919 0.032661 0.137881 0.002473
1 0.046874 0.415039 0.093748 0.419922 0.500000
1 0.047329 0.419072 0.094663 0.412854 0.500000
1 0.046870 0.419319 0.093824 0.413779 0.500000
1 0.047057 0.414546 0.094125 0.421912 0.500000
1 0.047066 0.417326 0.094122 0.416372 0.500000
1 0.045614 0.417143 0.097029 0.415846 0.500000
1 0.046691 0.415424 0.093383 0.419129 0.500000
2 0.533772 0.114151 0.117572 0.045784 0.017986
2 0.530931 0.112938 0.117630 0.049532 0.006693
2 0.058163 0.269469 0.110541 0.099071 0.002473
2 0.229714 0.303630 0.140595 0.139608 0.006693
2 0.051515 0.270058 0.097299 0.093915 0.002473
2 0.060497 0.268984 0.115209 0.097809 0.006693
2 0.061970 0.290356 0.118124 0.143548 0.006693
2 0.062054 0.299957 0.118182 0.165746 0.017986
2 0.232700 0.301931 0.140740 0.125371 0.731059
2 0.229732 0.302779 0.140607 0.123598 0.500000
2 0.228583 0.301925 0.142875 0.125224 0.500000
2 0.228597 0.277255 0.137204 0.067857 0.006693
2 0.049654 0.284188 0.099460 0.128831 0.002473
2 0.060812 0.293214 0.115848 0.149257 0.006693
2 0.060505 0.305408 0.121038 0.176688 0.047426
2 0.062330 0.309516 0.118734 0.181798 0.047426
2 0.062662 0.312402 0.116802 0.187518 0.017986
2 0.229542 0.304618 0.140359 0.131091 0.268941
2 0.229991 0.307179 0.140921 0.135507 0.500000
2 0.229719 0.304662 0.140635 0.130475 0.500000
2 0.229116 0.303590 0.141826 0.131349 0.500000
2 0.493736 0.297238 0.031707 0.062547 0.268941
2 0.491355 0.297246 0.032711 0.062562 0.268941
2 0.491358 0.299602 0.032766 0.067464 0.119203
2 0.060840 0.307801 0.115965 0.178390 0.047426
2 0.062423 0.314427 0.118557 0.191607 0.017986
2 0.062549 0.316570 0.118301 0.189273 0.002473
2 0.229336 0.307196 0.143363 0.135605 0.268941
2 0.230411 0.307179 0.145782 0.135626 0.500000
2 0.229433 0.309723 0.141480 0.130074 0.500000
2 0.428791 0.312486 0.032918 0.057657 0.002473
2 0.491355 0.295627 0.032719 0.065780 0.268941
2 0.492800 0.299512 0.029820 0.067646 0.268941
2 0.491368 0.297910 0.032753 0.070845 0.119203
2 0.682400 0.310960 0.025566 0.019738 0.006693
2 0.973944 0.337206 0.052184 0.083774 0.002473
2 0.974326 0.338203 0.051583 0.089818 0.002473
2 0.058936 0.308393 0.117878 0.179380 0.002473
2 0.060597 0.315236 0.118914 0.190003 0.002473
2 0.229570 0.309220 0.139265 0.131183 0.047426
2 0.492772 0.299868 0.029788 0.066942 0.268941
2 0.492322 0.302096 0.028878 0.062493 0.119203
2 0.491368 0.302111 0.032759 0.062479 0.047426
2 0.644301 0.316474 0.030263 0.024122 0.017986
2 0.648037 0.316364 0.023296 0.024373 0.006693
2 0.676647 0.315399 0.039013 0.026754 0.002473
2 0.683235 0.317419 0.027445 0.031929 0.006693
2 0.812695 0.352677 0.087294 0.097368 0.002473
2 0.972787 0.338497 0.054483 0.083777 0.002473
2 0.972381 0.346366 0.055258 0.100178 0.006693
2 0.974336 0.351565 0.051407 0.113724 0.006693
2 0.965964 0.340241 0.068210 0.079803 0.002473
2 0.974137 0.340521 0.051739 0.087223 0.002473
2 0.972397 0.350768 0.055216 0.119348 0.002473
3 0.060505 0.305408 0.121038 0.176688 0.002473
3 0.062330 0.309516 0.118734 0.181798 0.006693
3 0.062662 0.312402 0.116802 0.187518 0.006693
3 0.110304 0.320402 0.029491 0.145039 0.002473
3 0.113486 0.311971 0.030151 0.111592 0.002473
3 0.427112 0.310914 0.035212 0.061398 0.002473
3 0.428279 0.310887 0.037305 0.061344 0.006693
3 0.427737 0.308451 0.035065 0.059619 0.002473
3 0.493736 0.297238 0.031707 0.062547 0.119203
3 0.491355 0.297246 0.032711 0.062562 0.017986
3 0.491358 0.299602 0.032766 0.067464 0.017986
3 0.060840 0.307801 0.115965 0.178390 0.002473
3 0.062423 0.314427 0.118557 0.191607 0.002473
3 0.062549 0.316570 0.118301 0.189273 0.002473
3 0.427338 0.314035 0.035661 0.054500 0.268941
3 0.428753 0.312512 0.032538 0.057610 0.268941
3 0.428791 0.312486 0.032918 0.057657 0.268941
3 0.491355 0.295627 0.032719 0.065780 0.047426
3 0.492800 0.299512 0.029820 0.067646 0.017986
3 0.491368 0.297910 0.032753 0.070845 0.006693
3 0.974326 0.338203 0.051583 0.089818 0.002473
3 0.188356 0.327017 0.061763 0.086110 0.002473
3 0.427338 0.314044 0.035662 0.054484 0.268941
3 0.427311 0.314050 0.035431 0.054472 0.500000
3 0.427411 0.314006 0.035703 0.054627 0.119203
3 0.492772 0.299868 0.029788 0.066942 0.006693
3 0.492322 0.302096 0.028878 0.062493 0.002473
3 0.491368 0.302111 0.032759 0.062479 0.006693
3 0.972381 0.346366 0.055258 0.100178 0.002473
3 0.974336 0.351565 0.051407 0.113724 0.006693
3 0.191312 0.332623 0.067645 0.075114 0.002473
3 0.974503 0.357134 0.051075 0.129687 0.002473
4 0.718117 0.329806 0.055095 0.052786 0.002473
4 0.728104 0.333188 0.052429 0.063556 0.002473
4 0.731451 0.343999 0.044085 0.082745 0.017986
4 0.737852 0.344036 0.035051 0.082740 0.047426
4 0.744963 0.347355 0.030054 0.085470 0.002473
4 0.695040 0.333874 0.017824 0.051194 0.002473
4 0.724209 0.336523 0.051196 0.058033 0.047426
4 0.729910 0.340957 0.052096 0.066819 0.017986
4 0.737822 0.349653 0.035281 0.074699 0.047426
4 0.740407 0.352435 0.031713 0.069020 0.119203
4 0.740854 0.350093 0.037643 0.074923 0.017986
4 0.830977 0.363927 0.057113 0.104574 0.119203
4 0.829482 0.361720 0.059434 0.108598 0.268941
4 0.831056 0.363759 0.056161 0.094481 0.119203
4 0.726269 0.346755 0.055758 0.069139 0.017986
4 0.731102 0.350879 0.050484 0.066546 0.047426
4 0.740435 0.352306 0.033639 0.069350 0.268941
4 0.740408 0.352063 0.031713 0.067980 0.268941
4 0.742216 0.352879 0.034838 0.069842 0.047426
4 0.829534 0.372499 0.059117 0.070372 0.047426
4 0.829722 0.365863 0.059450 0.091537 0.500000
4 0.829746 0.363081 0.059416 0.097185 0.500000
4 0.831190 0.362066 0.056542 0.099052 0.500000
4 0.830774 0.359952 0.058056 0.095408 0.002473
4 0.737793 0.353630 0.039334 0.068573 0.017986
4 0.741085 0.352121 0.032944 0.068590 0.119203
4 0.741754 0.352873 0.032108 0.070086 0.047426
4 0.828592 0.373062 0.057232 0.069894 0.047426
4 0.829589 0.367111 0.059183 0.088911 0.268941
4 0.829741 0.365022 0.059407 0.093082 0.500000
4 0.831191 0.364299 0.056540 0.094526 0.500000
4 0.831542 0.364221 0.056865 0.093796 0.017986
4 0.829699 0.370445 0.059415 0.082918 0.047426
4 0.829767 0.363870 0.059568 0.096158 0.500000
4 0.829756 0.363801 0.059545 0.096204 0.268941
4 0.834204 0.363264 0.058613 0.097471 0.002473
5 0.117350 0.330765 0.016721 0.068093 0.002473
