1 0.056640 0.292690 0.112811 0.148238 0.002473
1 0.053795 0.282761 0.107670 0.125978 0.002473
1 0.056781 0.283999 0.113535 0.130832 0.002473
1 0.058430 0.295922 0.116888 0.151633 0.006693
1 0.058111 0.307331 0.115707 0.177449 0.017986
1 0.060049 0.312592 0.111187 0.184894 0.119203
1 0.108246 0.314948 0.027295 0.134218 0.006693
1 0.115741 0.319062 0.025641 0.095907 0.002473
1 0.039103 0.298982 0.078272 0.168745 0.002473
1 0.058500 0.296072 0.111217 0.155412 0.006693
1 0.057984 0.299201 0.115975 0.161141 0.047426
1 0.058231 0.313196 0.114750 0.189143 0.119203
1 0.060153 0.317727 0.110917 0.195042 0.500000
1 0.072623 0.319553 0.086783 0.191389 0.119203
1 0.111503 0.321341 0.021479 0.133193 0.006693
1 0.116639 0.325302 0.017096 0.077313 0.017986
1 0.125424 0.328295 0.033252 0.078255 0.006693
1 0.140577 0.334333 0.036156 0.080015 0.006693
1 0.262252 0.333377 0.106372 0.093104 0.731059
1 0.345160 0.334502 0.115599 0.101826 0.880797
1 0.345177 0.334238 0.115577 0.101116 0.731059
1 0.424180 0.314854 0.042127 0.056075 0.017986
1 0.612724 0.312733 0.032532 0.023532 0.002473
1 0.645226 0.314365 0.028727 0.026563 0.002473
1 0.647838 0.314385 0.029602 0.026603 0.002473
1 0.683284 0.309385 0.027341 0.016587 0.017986
1 0.682891 0.308948 0.028491 0.018719 0.006693
1 0.729709 0.315101 0.047584 0.031068 0.017986
1 0.730525 0.319917 0.049028 0.040696 0.006693
1 0.730683 0.327075 0.045681 0.055055 0.017986
1 0.972411 0.332368 0.055619 0.074049 0.002473
1 0.973971 0.341697 0.052238 0.092757 0.002473
1 0.974512 0.340703 0.051203 0.095997 0.002473
1 0.042005 0.320319 0.084077 0.217039 0.006693
1 0.047021 0.307979 0.094153 0.186988 0.002473
1 0.056423 0.305958 0.112859 0.174605 0.047426
1 0.060140 0.315824 0.110914 0.194234 0.268941
1 0.061830 0.317387 0.107551 0.190898 0.268941
1 0.072525 0.319434 0.086199 0.194238 0.119203
1 0.105151 0.320636 0.027968 0.151329 0.006693
1 0.117225 0.328743 0.016567 0.074697 0.017986
1 0.130948 0.338047 0.030329 0.057351 0.047426
1 0.142136 0.340675 0.030399 0.058824 0.047426
1 0.147674 0.337156 0.033436 0.075353 0.006693
1 0.184298 0.327841 0.075508 0.094339 0.006693
1 0.261565 0.335728 0.108039 0.088207 0.731059
1 0.261042 0.333353 0.108827 0.093015 0.500000
1 0.261381 0.335752 0.108427 0.088214 0.500000
1 0.343786 0.333494 0.118357 0.102618 0.731059
1 0.346135 0.334243 0.117270 0.101121 0.731059
1 0.346097 0.332743 0.117385 0.101116 0.731059
1 0.423967 0.313247 0.042108 0.059068 0.002473
1 0.423637 0.314807 0.041432 0.056019 0.017986
1 0.584297 0.318094 0.018989 0.020935 0.002473
1 0.611675 0.316341 0.025853 0.024412 0.006693
1 0.622454 0.316469 0.022537 0.024122 0.002473
1 0.642175 0.315612 0.034564 0.025877 0.002473
1 0.646381 0.318030 0.026616 0.030705 0.002473
1 0.683235 0.315314 0.027444 0.026472 0.002473
1 0.684988 0.317861 0.030470 0.031606 0.002473
1 0.729418 0.328171 0.051865 0.053528 0.006693
1 0.733936 0.343070 0.042131 0.083320 0.002473
1 0.056273 0.314347 0.112496 0.191352 0.006693
1 0.059479 0.317802 0.106959 0.191609 0.268941
1 0.072682 0.320165 0.085839 0.195633 0.268941
1 0.076654 0.323180 0.077658 0.199799 0.119203
1 0.095918 0.322146 0.040216 0.166476 0.006693
1 0.120916 0.339215 0.016995 0.061346 0.017986
1 0.131336 0.347069 0.025239 0.039297 0.047426
1 0.142847 0.346427 0.023961 0.047462 0.119203
1 0.145871 0.345683 0.029743 0.058496 0.017986
1 0.174714 0.339827 0.064047 0.070099 0.006693
1 0.183865 0.334553 0.076375 0.080888 0.006693
1 0.261726 0.334889 0.108374 0.096102 0.731059
1 0.261546 0.335724 0.108039 0.088192 0.500000
1 0.262326 0.337301 0.110306 0.091300 0.500000
1 0.345200 0.332629 0.115430 0.100886 0.500000
1 0.343756 0.334082 0.118318 0.100972 0.500000
1 0.343746 0.333380 0.118344 0.102386 0.500000
1 0.059157 0.318423 0.107390 0.199043 0.047426
1 0.080079 0.319976 0.070775 0.193877 0.119203
1 0.081720 0.323493 0.067517 0.187297 0.119203
1 0.097949 0.328288 0.035340 0.157276 0.006693
1 0.120495 0.341237 0.016144 0.057967 0.119203
1 0.130351 0.345710 0.023576 0.042803 0.047426
1 0.144289 0.346435 0.020678 0.047560 0.268941
1 0.146912 0.346197 0.027722 0.048290 0.017986
1 0.176792 0.344716 0.067061 0.060963 0.006693
1 0.184050 0.339765 0.071175 0.070583 0.002473
1 0.184316 0.337107 0.077259 0.075835 0.002473
1 0.261713 0.335704 0.108363 0.088258 0.268941
1 0.260890 0.334876 0.109281 0.096129 0.731059
1 0.262345 0.335737 0.110314 0.088196 0.500000
1 0.345224 0.334085 0.115477 0.101446 0.500000
1 0.343768 0.333334 0.118389 0.102473 0.500000
1 0.344653 0.333971 0.120273 0.101240 0.006693
1 0.830001 0.374020 0.054310 0.067329 0.002473
1 0.083224 0.334592 0.065024 0.178060 0.002473
1 0.088803 0.334422 0.053354 0.183044 0.006693
1 0.099941 0.338750 0.031095 0.150871 0.002473
1 0.047320 0.418156 0.094657 0.413499 0.500000
1 0.047356 0.419624 0.094727 0.410619 0.731059
1 0.047338 0.419089 0.094795 0.410406 0.731059
1 0.100033 0.351667 0.031182 0.151353 0.002473
1 0.046876 0.417700 0.093753 0.414598 0.500000
1 0.047335 0.417769 0.094675 0.414472 0.500000
1 0.047332 0.417940 0.094695 0.415058 0.500000
1 0.098590 0.380289 0.028297 0.099305 0.002473
1 0.047323 0.419704 0.094658 0.411572 0.500000
1 0.047066 0.419720 0.094122 0.411584 0.500000
1 0.047332 0.417880 0.094694 0.414359 0.500000
1 0.047063 0.417272 0.094127 0.415419 0.500000
2 0.492529 0.262407 0.104375 0.201373 0.119203
2 0.056184 0.267715 0.112322 0.095282 0.002473
2 0.057809 0.273332 0.115479 0.109821 0.006693
2 0.057096 0.278932 0.108739 0.124711 0.006693
2 0.490230 0.260738 0.105273 0.204702 0.268941
2 0.492100 0.262325 0.103346 0.201537 0.268941
2 0.490166 0.262300 0.105345 0.201572 0.268941
2 0.052124 0.266227 0.104214 0.091101 0.006693
2 0.056402 0.270740 0.112757 0.101236 0.017986
2 0.059878 0.283511 0.114067 0.126817 0.047426
2 0.056640 0.292690 0.112811 0.148238 0.047426
2 0.222509 0.305241 0.145124 0.139516 0.731059
2 0.220815 0.304578 0.147779 0.130645 0.731059
2 0.220195 0.305113 0.147243 0.128671 0.731059
2 0.219024 0.286833 0.145941 0.093864 0.002473
2 0.490228 0.261486 0.105272 0.206206 0.731059
2 0.491641 0.262010 0.102424 0.202153 0.268941
2 0.489987 0.260728 0.104996 0.204696 0.500000
2 0.053795 0.282761 0.107670 0.125978 0.006693
2 0.056781 0.283999 0.113535 0.130832 0.047426
2 0.058430 0.295922 0.116888 0.151633 0.047426
2 0.058111 0.307331 0.115707 0.177449 0.047426
2 0.060049 0.312592 0.111187 0.184894 0.006693
2 0.222308 0.306892 0.144964 0.136350 0.731059
2 0.220805 0.307320 0.147805 0.135716 0.731059
2 0.220194 0.307226 0.147247 0.135896 0.500000
2 0.222949 0.306652 0.152621 0.135534 0.047426
2 0.223781 0.300162 0.155270 0.112307 0.002473
2 0.491463 0.262064 0.102041 0.205026 0.500000
2 0.490012 0.261296 0.104948 0.203557 0.500000
2 0.489053 0.262033 0.103113 0.202074 0.268941
2 0.058500 0.296072 0.111217 0.155412 0.002473
2 0.057984 0.299201 0.115975 0.161141 0.047426
2 0.058231 0.313196 0.114750 0.189143 0.017986
2 0.060153 0.317727 0.110917 0.195042 0.006693
2 0.220994 0.307198 0.148199 0.135605 0.500000
2 0.219465 0.307971 0.148896 0.134192 0.500000
2 0.219296 0.309398 0.149232 0.140711 0.500000
2 0.645226 0.314365 0.028727 0.026563 0.006693
2 0.647838 0.314385 0.029602 0.026603 0.006693
2 0.677051 0.311315 0.039447 0.023631 0.002473
2 0.683284 0.309385 0.027341 0.016587 0.006693
2 0.972411 0.332368 0.055619 0.074049 0.002473
2 0.973971 0.341697 0.052238 0.092757 0.002473
2 0.974512 0.340703 0.051203 0.095997 0.006693
2 0.056423 0.305958 0.112859 0.174605 0.002473
2 0.218356 0.307269 0.146645 0.135472 0.500000
2 0.227703 0.310189 0.131627 0.129629 0.002473
2 0.611675 0.316341 0.025853 0.024412 0.006693
2 0.622454 0.316469 0.022537 0.024122 0.002473
2 0.637881 0.318760 0.036537 0.029166 0.006693
2 0.642175 0.315612 0.034564 0.025877 0.017986
2 0.646381 0.318030 0.026616 0.030705 0.006693
2 0.673818 0.315400 0.052007 0.026752 0.002473
2 0.683235 0.315314 0.027444 0.026472 0.006693
2 0.684988 0.317861 0.030470 0.031606 0.002473
2 0.729418 0.328171 0.051865 0.053528 0.002473
2 0.807593 0.352572 0.097824 0.097157 0.002473
2 0.971430 0.338053 0.051471 0.082888 0.002473
2 0.974096 0.346620 0.057607 0.100372 0.002473
2 0.974742 0.347837 0.050731 0.104178 0.002473
2 0.971709 0.338505 0.056738 0.077207 0.002473
2 0.972258 0.340051 0.049762 0.086919 0.002473
2 0.974200 0.348454 0.051625 0.113061 0.002473
2 0.974746 0.350773 0.050593 0.123596 0.002473
3 0.492529 0.262407 0.104375 0.201373 0.119203
3 0.057096 0.278932 0.108739 0.124711 0.002473
3 0.490230 0.260738 0.105273 0.204702 0.017986
3 0.492100 0.262325 0.103346 0.201537 0.006693
3 0.490166 0.262300 0.105345 0.201572 0.047426
3 0.056640 0.292690 0.112811 0.148238 0.006693
3 0.490228 0.261486 0.105272 0.206206 0.017986
3 0.491641 0.262010 0.102424 0.202153 0.002473
3 0.489987 0.260728 0.104996 0.204696 0.017986
3 0.058430 0.295922 0.116888 0.151633 0.002473
3 0.058111 0.307331 0.115707 0.177449 0.006693
3 0.060049 0.312592 0.111187 0.184894 0.017986
3 0.423265 0.309973 0.040894 0.063284 0.006693
3 0.424464 0.310915 0.039365 0.061426 0.017986
3 0.423879 0.310162 0.041615 0.062902 0.047426
3 0.491463 0.262064 0.102041 0.205026 0.006693
3 0.490012 0.261296 0.104948 0.203557 0.017986
3 0.489053 0.262033 0.103113 0.202074 0.119203
3 0.057984 0.299201 0.115975 0.161141 0.002473
3 0.058231 0.313196 0.114750 0.189143 0.002473
3 0.060153 0.317727 0.110917 0.195042 0.017986
3 0.072623 0.319553 0.086783 0.191389 0.002473
3 0.125424 0.328295 0.033252 0.078255 0.002473
3 0.422325 0.314759 0.044669 0.056107 0.731059
3 0.423505 0.314800 0.041244 0.056026 0.500000
3 0.423508 0.313244 0.041229 0.059139 0.268941
3 0.424180 0.314854 0.042127 0.056075 0.119203
3 0.974512 0.340703 0.051203 0.095997 0.006693
3 0.061830 0.317387 0.107551 0.190898 0.002473
3 0.184298 0.327841 0.075508 0.094339 0.006693
3 0.218356 0.307269 0.146645 0.135472 0.002473
3 0.423503 0.313246 0.041238 0.059137 0.500000
3 0.422138 0.314800 0.044249 0.055963 0.500000
3 0.423967 0.313247 0.042108 0.059068 0.500000
3 0.423637 0.314807 0.041432 0.056019 0.119203
3 0.974096 0.346620 0.057607 0.100372 0.002473
3 0.974742 0.347837 0.050731 0.104178 0.006693
3 0.174714 0.339827 0.064047 0.070099 0.002473
3 0.183865 0.334553 0.076375 0.080888 0.002473
3 0.423132 0.315380 0.041271 0.057644 0.002473
3 0.423326 0.315434 0.040848 0.057398 0.006693
3 0.423845 0.315470 0.041639 0.057317 0.002473
3 0.974746 0.350773 0.050593 0.123596 0.002473
4 0.116639 0.325302 0.017096 0.077313 0.002473
4 0.733936 0.343070 0.042131 0.083320 0.006693
4 0.736944 0.343701 0.036868 0.083411 0.047426
4 0.741888 0.344201 0.036145 0.085516 0.006693
4 0.825812 0.356636 0.065297 0.099028 0.002473
4 0.719484 0.333193 0.045771 0.052706 0.002473
4 0.729705 0.334393 0.049127 0.055586 0.002473
4 0.738909 0.349600 0.034905 0.074658 0.047426
4 0.738647 0.349004 0.033447 0.072843 0.268941
4 0.742256 0.349618 0.040643 0.075879 0.017986
4 0.830719 0.358915 0.057281 0.104128 0.119203
4 0.828357 0.362075 0.057960 0.098096 0.268941
4 0.829804 0.359742 0.058722 0.096259 0.119203
4 0.732788 0.347466 0.044174 0.070502 0.017986
4 0.740885 0.349936 0.032784 0.074085 0.268941
4 0.739107 0.351916 0.034360 0.068274 0.500000
4 0.742229 0.351863 0.034893 0.068381 0.047426
4 0.830001 0.374020 0.054310 0.067329 0.047426
4 0.829594 0.371289 0.059165 0.080556 0.268941
4 0.829590 0.365488 0.059191 0.092279 0.500000
4 0.828608 0.363025 0.057241 0.097145 0.500000
4 0.831574 0.361180 0.062503 0.093260 0.006693
4 0.740109 0.352677 0.039241 0.076758 0.047426
4 0.740723 0.352862 0.037548 0.070108 0.047426
4 0.742699 0.352873 0.033978 0.070086 0.047426
4 0.829122 0.376494 0.058297 0.063896 0.047426
4 0.829595 0.373930 0.059166 0.075270 0.500000
4 0.829777 0.366196 0.059478 0.090704 0.500000
4 0.831190 0.363885 0.056542 0.095324 0.268941
4 0.833068 0.365779 0.060092 0.090617 0.017986
4 0.831153 0.371894 0.056581 0.080022 0.047426
4 0.829776 0.364657 0.059565 0.094585 0.268941
4 0.831329 0.363801 0.056829 0.096204 0.268941
4 0.834516 0.365343 0.059459 0.103120 0.006693
5 0.116639 0.325302 0.017096 0.077313 0.006693
5 0.825812 0.356636 0.065297 0.099028 0.002473
5 0.829804 0.359742 0.058722 0.096259 0.002473
