0 0.984865 0.319526 0.021816 0.190724 0.002473
0 0.993040 0.314303 0.014386 0.211551 0.002473
0 0.703245 0.308298 0.013992 0.066173 0.002473
0 0.982959 0.327793 0.023561 0.180789 0.006693
0 0.990362 0.324553 0.019744 0.187649 0.017986
0 0.703274 0.317486 0.012769 0.051933 0.017986
0 0.853323 0.334563 0.013042 0.079634 0.002473
0 0.983100 0.350075 0.023159 0.144678 0.047426
0 0.990304 0.347357 0.019564 0.142217 0.006693
0 0.065139 0.347228 0.014086 0.086194 0.002473
0 0.703278 0.318861 0.012775 0.054159 0.006693
0 0.846673 0.338585 0.012604 0.062696 0.002473
0 0.981889 0.351062 0.023747 0.141409 0.268941
0 0.983751 0.352451 0.026823 0.129672 0.047426
0 0.064232 0.351428 0.016026 0.088347 0.002473
0 0.156288 0.344484 0.042956 0.091376 0.002473
0 0.156589 0.345250 0.038922 0.086959 0.006693
0 0.336698 0.329406 0.021560 0.034225 0.002473
0 0.846733 0.341188 0.012773 0.057861 0.006693
0 0.852145 0.341122 0.011237 0.067400 0.006693
0 0.981438 0.356470 0.024645 0.130066 0.268941
0 0.982451 0.355987 0.025600 0.131098 0.119203
0 0.065261 0.351364 0.014473 0.088934 0.002473
0 0.138553 0.344463 0.025203 0.088667 0.002473
0 0.151515 0.348027 0.028494 0.095256 0.006693
0 0.153112 0.350609 0.025681 0.090219 0.017986
0 0.847679 0.341466 0.010885 0.067235 0.006693
0 0.852137 0.341458 0.015049 0.067225 0.006693
0 0.981253 0.356365 0.022476 0.120659 0.268941
0 0.982018 0.353319 0.024722 0.126874 0.017986
0 0.063243 0.349006 0.014120 0.084081 0.002473
0 0.136130 0.347204 0.016583 0.097445 0.002473
0 0.151342 0.350416 0.022534 0.090893 0.002473
0 0.150287 0.354244 0.025628 0.083496 0.002473
0 0.981435 0.356400 0.022841 0.130161 0.500000
0 0.981750 0.353696 0.025259 0.126052 0.047426
0 0.980337 0.362543 0.024432 0.118282 0.047426
0 0.981433 0.354970 0.022847 0.123428 0.500000
0 0.982737 0.354329 0.025066 0.124813 0.047426
1 0.203342 0.343739 0.087494 0.062512 0.731059
1 0.202406 0.343738 0.085622 0.052893 0.500000
1 0.203340 0.343723 0.087487 0.062559 0.500000
1 0.259370 0.333321 0.043898 0.041731 0.268941
1 0.259377 0.330901 0.043834 0.036886 0.268941
1 0.259810 0.333301 0.044767 0.041683 0.119203
1 0.259594 0.333292 0.044895 0.032105 0.047426
1 0.292751 0.332064 0.023731 0.023509 0.002473
1 0.319128 0.330223 0.028779 0.025879 0.047426
1 0.322338 0.331665 0.030398 0.022484 0.268941
1 0.323898 0.330078 0.033558 0.025663 0.268941
1 0.345149 0.320397 0.041103 0.035544 0.002473
1 0.351008 0.321147 0.035517 0.034044 0.017986
1 0.358907 0.325241 0.026677 0.025939 0.017986
1 0.384847 0.322926 0.028505 0.020947 0.047426
1 0.391773 0.322900 0.025212 0.020897 0.017986
1 0.397946 0.325321 0.019610 0.016073 0.017986
1 0.421120 0.320492 0.023093 0.025731 0.268941
1 0.421173 0.322897 0.023154 0.030543 0.268941
1 0.443747 0.318962 0.012671 0.012968 0.017986
1 0.462403 0.316536 0.019037 0.023986 0.268941
1 0.461572 0.318942 0.017348 0.028801 0.268941
1 0.490390 0.320554 0.021335 0.025853 0.002473
1 0.492257 0.320510 0.021286 0.025664 0.268941
1 0.504780 0.320354 0.015497 0.016345 0.119203
1 0.572495 0.318937 0.014261 0.013016 0.002473
1 0.619931 0.325316 0.021104 0.016064 0.006693
1 0.204781 0.343767 0.084587 0.062529 0.731059
1 0.202400 0.343748 0.085625 0.052869 0.500000
1 0.204787 0.346157 0.084604 0.057665 0.500000
1 0.204792 0.343748 0.084614 0.062510 0.500000
1 0.259227 0.333363 0.043905 0.041876 0.119203
1 0.260758 0.333429 0.041024 0.041505 0.268941
1 0.260863 0.333374 0.040807 0.031978 0.119203
1 0.260133 0.333381 0.045341 0.041630 0.047426
1 0.289771 0.333820 0.031422 0.024965 0.006693
1 0.316787 0.332619 0.028529 0.024418 0.002473
1 0.321877 0.331057 0.031458 0.027418 0.006693
1 0.323391 0.331053 0.034456 0.027431 0.006693
1 0.203342 0.346165 0.087494 0.057689 0.500000
1 0.203838 0.346159 0.082758 0.057698 0.500000
1 0.204792 0.343751 0.084614 0.062515 0.500000
2 0.020809 0.277771 0.041748 0.149789 0.002473
2 0.035912 0.276083 0.071841 0.143788 0.002473
2 0.028073 0.281602 0.056290 0.160168 0.006693
2 0.033273 0.279111 0.072341 0.156596 0.002473
2 0.041684 0.279544 0.083432 0.146822 0.002473
2 0.094039 0.305559 0.184655 0.172275 0.002473
2 0.095606 0.307563 0.184004 0.174590 0.006693
2 0.095129 0.310419 0.178141 0.156608 0.047426
2 0.119166 0.310900 0.129887 0.146178 0.119203
2 0.135448 0.311243 0.098411 0.140785 0.047426
2 0.137942 0.308688 0.093417 0.139395 0.006693
2 0.141446 0.299246 0.092155 0.120121 0.002473
2 0.030225 0.284201 0.060588 0.163542 0.017986
2 0.033821 0.289407 0.067632 0.165461 0.017986
2 0.037350 0.294585 0.074763 0.169372 0.006693
2 0.093279 0.305004 0.187048 0.179086 0.006693
2 0.095688 0.309351 0.183948 0.173207 0.006693
2 0.095662 0.305329 0.183775 0.167353 0.017986
2 0.097206 0.308995 0.180074 0.153130 0.017986
2 0.117068 0.311218 0.130960 0.148319 0.017986
2 0.136023 0.312185 0.102750 0.146174 0.017986
2 0.136553 0.312111 0.101692 0.146117 0.017986
2 0.136880 0.306341 0.095413 0.134055 0.047426
2 0.140375 0.291329 0.094732 0.094852 0.002473
2 0.034819 0.294470 0.069713 0.169208 0.006693
2 0.034601 0.303195 0.069390 0.138454 0.002473
2 0.093713 0.304780 0.186113 0.167748 0.006693
2 0.096038 0.305716 0.183026 0.157241 0.017986
2 0.099841 0.308574 0.169072 0.146965 0.006693
2 0.128107 0.310272 0.108132 0.140606 0.002473
2 0.133117 0.312459 0.102796 0.139205 0.006693
2 0.133426 0.312728 0.101519 0.145016 0.006693
2 0.345162 0.316382 0.041554 0.034370 0.500000
2 0.346417 0.316455 0.042894 0.033771 0.500000
2 0.345087 0.317211 0.041058 0.032256 0.268941
2 0.351171 0.318785 0.042977 0.038676 0.006693
2 0.502634 0.309867 0.014092 0.036685 0.047426
2 0.133127 0.332444 0.100313 0.099197 0.002473
2 0.259370 0.333321 0.043898 0.041731 0.017986
2 0.259377 0.330901 0.043834 0.036886 0.002473
2 0.259810 0.333301 0.044767 0.041683 0.002473
2 0.259594 0.333292 0.044895 0.032105 0.002473
2 0.345149 0.320397 0.041103 0.035544 0.268941
2 0.351008 0.321147 0.035517 0.034044 0.119203
2 0.504780 0.320354 0.015497 0.016345 0.002473
2 0.259227 0.333363 0.043905 0.041876 0.006693
2 0.260758 0.333429 0.041024 0.041505 0.002473
2 0.260863 0.333374 0.040807 0.031978 0.002473
2 0.084930 0.289783 0.198401 0.201338 0.004070
2 0.084643 0.290876 0.202700 0.193134 0.005220
3 0.095606 0.307563 0.184004 0.174590 0.002473
3 0.095129 0.310419 0.178141 0.156608 0.006693
3 0.119166 0.310900 0.129887 0.146178 0.002473
3 0.095662 0.305329 0.183775 0.167353 0.002473
3 0.097206 0.308995 0.180074 0.153130 0.006693
3 0.117068 0.311218 0.130960 0.148319 0.002473
3 0.096038 0.305716 0.183026 0.157241 0.006693
3 0.099841 0.308574 0.169072 0.146965 0.006693
3 0.128107 0.310272 0.108132 0.140606 0.002473
3 0.133117 0.312459 0.102796 0.139205 0.002473
3 0.345162 0.316382 0.041554 0.034370 0.006693
3 0.421031 0.318798 0.023055 0.038659 0.002473
3 0.502634 0.309867 0.014092 0.036685 0.017986
3 0.128973 0.324698 0.107964 0.112036 0.006693
3 0.131740 0.330374 0.102885 0.100446 0.006693
3 0.133127 0.332444 0.100313 0.099197 0.006693
3 0.135426 0.339281 0.095600 0.091998 0.002473
3 0.259370 0.333321 0.043898 0.041731 0.017986
3 0.259377 0.330901 0.043834 0.036886 0.047426
3 0.259810 0.333301 0.044767 0.041683 0.017986
3 0.259594 0.333292 0.044895 0.032105 0.006693
3 0.345149 0.320397 0.041103 0.035544 0.002473
3 0.351008 0.321147 0.035517 0.034044 0.002473
3 0.443747 0.318962 0.012671 0.012968 0.002473
3 0.504780 0.320354 0.015497 0.016345 0.006693
3 0.131661 0.335452 0.094723 0.080156 0.002473
3 0.259227 0.333363 0.043905 0.041876 0.017986
3 0.260758 0.333429 0.041024 0.041505 0.047426
3 0.260863 0.333374 0.040807 0.031978 0.017986
3 0.260133 0.333381 0.045341 0.041630 0.002473
3 0.084930 0.289783 0.198401 0.201338 0.006693
3 0.084643 0.290876 0.202700 0.193134 0.037327
3 0.092520 0.290748 0.187579 0.192535 0.004070
3 0.084268 0.295023 0.207489 0.206145 0.004070
4 0.664143 0.322917 0.016042 0.021130 0.002473
4 0.153112 0.350609 0.025681 0.090219 0.002473
4 0.150287 0.354244 0.025628 0.083496 0.006693
