0 0.564563 0.320439 0.019623 0.057708 0.006693
0 0.003355 0.349877 0.012561 0.065393 0.047426
0 0.271581 0.330828 0.006848 0.036894 0.006693
0 0.566949 0.322913 0.022587 0.062548 0.006693
0 0.569187 0.320502 0.026671 0.067341 0.002473
0 0.004813 0.354925 0.009648 0.061168 0.119203
0 0.269686 0.330966 0.004861 0.036846 0.017986
0 0.567495 0.323018 0.023679 0.062440 0.017986
0 0.568998 0.322930 0.027327 0.072121 0.002473
0 0.004810 0.359013 0.009649 0.051725 0.047426
0 0.562064 0.325909 0.014653 0.079631 0.002473
0 0.004786 0.364890 0.009782 0.043310 0.002473
1 0.564563 0.320439 0.019623 0.057708 0.017986
1 0.569669 0.320502 0.028791 0.067345 0.268941
1 0.569314 0.322916 0.026875 0.062551 0.119203
1 0.350806 0.327716 0.017304 0.020985 0.017986
1 0.350113 0.329276 0.019128 0.017790 0.017986
1 0.377490 0.325300 0.026391 0.016209 0.002473
1 0.384997 0.327731 0.020071 0.020848 0.268941
1 0.385151 0.325321 0.020241 0.016072 0.119203
1 0.422491 0.318108 0.020133 0.020894 0.047426
1 0.422624 0.320482 0.020269 0.016102 0.017986
1 0.448541 0.321349 0.022124 0.033611 0.500000
1 0.450011 0.318950 0.024994 0.028784 0.268941
1 0.479039 0.320486 0.008166 0.016105 0.006693
1 0.490810 0.325321 0.018390 0.025674 0.500000
1 0.566949 0.322913 0.022587 0.062548 0.017986
1 0.569187 0.320502 0.026671 0.067341 0.500000
1 0.570250 0.322899 0.028741 0.062557 0.268941
1 0.019354 0.357351 0.036494 0.032232 0.006693
1 0.022077 0.355354 0.032111 0.028318 0.002473
1 0.549856 0.319716 0.015314 0.053291 0.017986
1 0.567495 0.323018 0.023679 0.062440 0.017986
1 0.568998 0.322930 0.027327 0.072121 0.119203
1 0.570247 0.325334 0.028740 0.067340 0.119203
1 0.968816 0.419164 0.062654 0.069605 0.002473
2 0.659355 0.304428 0.156551 0.213219 0.268941
2 0.659358 0.307076 0.156274 0.208951 0.731059
2 0.659414 0.305492 0.156423 0.212154 0.500000
2 0.659474 0.305239 0.156382 0.211737 0.731059
2 0.506177 0.310724 0.012728 0.028734 0.047426
2 0.541357 0.314860 0.023199 0.046557 0.119203
2 0.541377 0.314905 0.023086 0.036868 0.268941
2 0.564563 0.320439 0.019623 0.057708 0.002473
2 0.569669 0.320502 0.028791 0.067345 0.006693
2 0.569314 0.322916 0.026875 0.062551 0.002473
2 0.660867 0.305507 0.159259 0.212145 0.731059
2 0.659615 0.305508 0.156019 0.212146 0.500000
2 0.659917 0.304740 0.155507 0.213681 0.731059
2 0.504784 0.316300 0.009702 0.018255 0.047426
2 0.539890 0.314797 0.020274 0.046820 0.268941
2 0.542664 0.317356 0.024656 0.041864 0.268941
2 0.566949 0.322913 0.022587 0.062548 0.006693
2 0.569187 0.320502 0.026671 0.067341 0.017986
2 0.570250 0.322899 0.028741 0.062557 0.017986
2 0.661317 0.306330 0.158362 0.210385 0.731059
2 0.660030 0.306447 0.155049 0.210595 0.731059
2 0.659656 0.305480 0.156030 0.212172 0.731059
2 0.549856 0.319716 0.015314 0.053291 0.006693
2 0.567495 0.323018 0.023679 0.062440 0.002473
2 0.568998 0.322930 0.027327 0.072121 0.017986
2 0.570247 0.325334 0.028740 0.067340 0.017986
2 0.659894 0.304770 0.155509 0.213962 0.047426
3 0.506177 0.310724 0.012728 0.028734 0.006693
3 0.564563 0.320439 0.019623 0.057708 0.006693
3 0.569669 0.320502 0.028791 0.067345 0.119203
3 0.569314 0.322916 0.026875 0.062551 0.047426
3 0.384997 0.327731 0.020071 0.020848 0.006693
3 0.422491 0.318108 0.020133 0.020894 0.002473
3 0.422624 0.320482 0.020269 0.016102 0.002473
3 0.448541 0.321349 0.022124 0.033611 0.017986
3 0.450011 0.318950 0.024994 0.028784 0.017986
3 0.566949 0.322913 0.022587 0.062548 0.017986
3 0.569187 0.320502 0.026671 0.067341 0.119203
3 0.570250 0.322899 0.028741 0.062557 0.119203
3 0.549856 0.319716 0.015314 0.053291 0.006693
3 0.567495 0.323018 0.023679 0.062440 0.006693
3 0.568998 0.322930 0.027327 0.072121 0.047426
3 0.570247 0.325334 0.028740 0.067340 0.047426
4 0.004810 0.359013 0.009649 0.051725 0.006693
4 0.028939 0.363175 0.029880 0.034206 0.006693
4 0.036056 0.365109 0.029272 0.031892 0.002473
4 0.004786 0.364890 0.009782 0.043310 0.006693
5 0.569669 0.320502 0.028791 0.067345 0.002473
5 0.569187 0.320502 0.026671 0.067341 0.002473
5 0.004813 0.354925 0.009648 0.061168 0.002473
5 0.004810 0.359013 0.009649 0.051725 0.002473
