0 0.123869 0.287701 0.068328 0.147596 0.002473
0 0.042303 0.325161 0.009663 0.068729 0.006693
0 0.221147 0.312924 0.007782 0.052515 0.002473
0 0.041368 0.330143 0.007765 0.065876 0.017986
0 0.003882 0.351319 0.007841 0.048613 0.002473
0 0.042310 0.333471 0.009701 0.061043 0.006693
1 0.418828 0.315597 0.043458 0.067481 0.500000
1 0.420238 0.315716 0.040448 0.067241 0.500000
1 0.419038 0.315760 0.043836 0.067153 0.268941
1 0.491607 0.345298 0.147637 0.174645 0.880797
1 0.418838 0.314042 0.043457 0.064370 0.731059
1 0.419713 0.315722 0.045181 0.067250 0.731059
1 0.420281 0.315720 0.040643 0.067253 0.500000
1 0.421510 0.315519 0.047641 0.067384 0.006693
1 0.490695 0.345363 0.143905 0.174596 0.731059
1 0.490448 0.346107 0.144146 0.173082 0.500000
1 0.490633 0.345325 0.143779 0.174514 0.880797
1 0.587481 0.316534 0.019212 0.017760 0.268941
1 0.588484 0.320503 0.017300 0.016055 0.268941
1 0.616736 0.318088 0.023648 0.020984 0.006693
1 0.629494 0.322904 0.012069 0.020952 0.002473
1 0.651457 0.322922 0.033859 0.030496 0.731059
1 0.651415 0.322920 0.033654 0.030493 0.500000
1 0.651010 0.324457 0.036691 0.033736 0.006693
1 0.968691 0.364458 0.068496 0.104437 0.006693
1 0.418898 0.315612 0.037878 0.067489 0.731059
1 0.421249 0.316359 0.042471 0.065990 0.731059
1 0.418835 0.315727 0.043557 0.067256 0.268941
1 0.490642 0.345336 0.143797 0.174617 0.731059
1 0.492071 0.346056 0.146654 0.173180 0.731059
1 0.490175 0.346100 0.144667 0.173092 0.731059
1 0.966342 0.364570 0.067363 0.104185 0.731059
1 0.968728 0.366981 0.068361 0.099375 0.500000
1 0.966388 0.366945 0.067460 0.099482 0.268941
1 0.492099 0.343863 0.146705 0.171140 0.500000
1 0.490633 0.345430 0.143776 0.174261 0.731059
1 0.490626 0.346180 0.143765 0.172760 0.731059
1 0.967293 0.362156 0.065514 0.099464 0.731059
1 0.967277 0.362162 0.065459 0.099382 0.731059
1 0.967322 0.366932 0.065570 0.099414 0.500000
1 0.490450 0.343906 0.144146 0.171227 0.006693
1 0.966335 0.364562 0.067350 0.104140 0.500000
1 0.967278 0.364552 0.065457 0.104158 0.731059
1 0.966489 0.362160 0.067662 0.099522 0.731059
1 0.966278 0.362163 0.067479 0.099576 0.731059
2 0.549913 0.299931 0.019279 0.031741 0.002473
2 0.418835 0.315727 0.043557 0.067256 0.002473
3 0.549913 0.299931 0.019279 0.031741 0.002473
3 0.587481 0.316534 0.019212 0.017760 0.002473
4 0.003882 0.351319 0.007841 0.048613 0.002473
5 0.127657 0.381984 0.155416 0.294284 0.731059
5 0.128136 0.382272 0.156275 0.288568 0.500000
5 0.127642 0.382953 0.155495 0.289815 0.731059
5 0.127678 0.381989 0.155378 0.294292 0.731059
5 0.128137 0.383590 0.156274 0.291088 0.731059
5 0.128123 0.381413 0.156457 0.290237 0.731059
5 0.127178 0.382030 0.154381 0.287917 0.731059
5 0.128143 0.383898 0.156286 0.291680 0.500000
5 0.127730 0.382088 0.161170 0.291631 0.500000
5 0.128183 0.383820 0.156365 0.291802 0.731059
