0 0.004819 0.302983 0.009719 0.097985 0.002473
0 0.773129 0.317858 0.009951 0.053055 0.006693
0 0.772612 0.319422 0.010725 0.055637 0.006693
1 0.153310 0.344894 0.187635 0.173841 0.880797
1 0.276456 0.326942 0.077915 0.070584 0.731059
1 0.277908 0.326895 0.075015 0.070508 0.500000
1 0.275008 0.325467 0.075008 0.067703 0.731059
1 0.360752 0.321491 0.046657 0.039670 0.002473
1 0.360114 0.321200 0.045236 0.040236 0.006693
1 0.359669 0.321186 0.049849 0.040263 0.047426
1 0.491351 0.317510 0.017671 0.052486 0.002473
1 0.520184 0.317317 0.034605 0.041759 0.500000
1 0.520214 0.317303 0.034608 0.041701 0.500000
1 0.520215 0.314901 0.034626 0.046504 0.268941
1 0.543750 0.312767 0.012637 0.023353 0.119203
1 0.591330 0.330909 0.092347 0.088180 0.880797
1 0.591335 0.333322 0.092347 0.083357 0.731059
1 0.050074 0.345783 0.050164 0.117899 0.500000
1 0.051479 0.345787 0.052970 0.117907 0.268941
1 0.051483 0.345765 0.052997 0.117937 0.500000
1 0.156134 0.344343 0.187410 0.169730 0.731059
1 0.154764 0.343749 0.190390 0.171368 0.731059
1 0.154714 0.344500 0.184730 0.169878 0.731059
1 0.276483 0.326909 0.077858 0.070484 0.731059
1 0.276463 0.326910 0.077898 0.070482 0.500000
1 0.276458 0.326905 0.077917 0.070489 0.500000
1 0.276455 0.326943 0.077907 0.070588 0.500000
1 0.317233 0.325347 0.034496 0.035597 0.268941
1 0.318698 0.322982 0.031713 0.036859 0.500000
1 0.317316 0.325277 0.034687 0.035255 0.731059
1 0.360951 0.322005 0.046913 0.038629 0.500000
1 0.361012 0.322609 0.047056 0.040410 0.731059
1 0.360099 0.322854 0.045228 0.036865 0.500000
1 0.361252 0.320102 0.047373 0.036174 0.047426
1 0.409411 0.315302 0.013135 0.017226 0.006693
1 0.413247 0.315484 0.012199 0.015638 0.006693
1 0.520192 0.317304 0.034620 0.041709 0.500000
1 0.521648 0.317319 0.037494 0.041673 0.500000
1 0.521683 0.317318 0.037437 0.041666 0.268941
1 0.545204 0.315012 0.015545 0.027098 0.047426
1 0.589887 0.330928 0.089458 0.088164 0.731059
1 0.591325 0.330924 0.092322 0.088156 0.731059
1 0.591352 0.330918 0.092382 0.088184 0.500000
1 0.631281 0.320803 0.025195 0.027042 0.017986
1 0.637546 0.316369 0.025281 0.024485 0.047426
1 0.905490 0.342900 0.074071 0.067718 0.002473
1 0.050073 0.345771 0.050160 0.117929 0.500000
1 0.051477 0.346235 0.052966 0.118798 0.500000
1 0.050100 0.346222 0.050202 0.118831 0.500000
1 0.154771 0.343734 0.190374 0.171394 0.731059
1 0.153359 0.343695 0.187526 0.171471 0.500000
1 0.154709 0.345184 0.190591 0.174308 0.731059
1 0.276455 0.326878 0.077913 0.070483 0.500000
1 0.276476 0.326907 0.077878 0.070492 0.500000
1 0.276460 0.326962 0.077995 0.070625 0.500000
1 0.312365 0.326881 0.031688 0.045471 0.006693
1 0.316966 0.326202 0.034234 0.037132 0.017986
1 0.318767 0.326204 0.031884 0.037144 0.017986
1 0.589888 0.330919 0.089457 0.088167 0.731059
1 0.589888 0.330919 0.089457 0.088166 0.731059
1 0.589832 0.330919 0.089623 0.088168 0.731059
1 0.051472 0.346218 0.052982 0.118821 0.268941
1 0.050035 0.346180 0.055858 0.118908 0.268941
1 0.050270 0.346184 0.050542 0.118906 0.500000
1 0.153350 0.343867 0.187531 0.171132 0.500000
1 0.156229 0.343749 0.187542 0.171364 0.500000
1 0.154755 0.343635 0.190417 0.171135 0.500000
1 0.591266 0.333297 0.092498 0.083446 0.500000
1 0.589881 0.330910 0.089436 0.088194 0.731059
1 0.050297 0.346150 0.050649 0.118991 0.268941
2 0.389140 0.310863 0.034229 0.028814 0.268941
2 0.387498 0.310905 0.034988 0.028913 0.731059
2 0.399040 0.309637 0.027292 0.026575 0.017986
2 0.361252 0.320102 0.047373 0.036174 0.002473
2 0.387506 0.310964 0.031232 0.028927 0.119203
3 0.493275 0.311157 0.022296 0.065024 0.006693
3 0.387498 0.310905 0.034988 0.028913 0.002473
3 0.399040 0.309637 0.027292 0.026575 0.002473
3 0.387506 0.310964 0.031232 0.028927 0.017986
3 0.637546 0.316369 0.025281 0.024485 0.002473
5 0.493275 0.311157 0.022296 0.065024 0.006693
5 0.484238 0.314333 0.012734 0.035880 0.006693
5 0.491351 0.317510 0.017671 0.052486 0.268941
5 0.484416 0.321036 0.013072 0.035028 0.047426
5 0.490822 0.321580 0.018414 0.048682 0.119203
5 0.988866 0.350251 0.022378 0.107094 0.002473
5 0.489892 0.321591 0.020275 0.049374 0.119203
5 0.491084 0.321815 0.017889 0.048862 0.268941
5 0.987423 0.351466 0.024928 0.106475 0.006693
5 0.989702 0.346014 0.020823 0.113973 0.002473
5 0.987296 0.357457 0.018845 0.093364 0.002473
