0 0.766153 0.319605 0.025110 0.085153 0.002473
0 0.918945 0.324811 0.039051 0.123944 0.002473
1 0.407708 0.327732 0.065389 0.062547 0.731059
1 0.406259 0.325323 0.068307 0.057706 0.731059
1 0.407714 0.326880 0.065400 0.054581 0.500000
1 0.448400 0.317315 0.028047 0.041687 0.268941
1 0.449926 0.317315 0.030999 0.041685 0.268941
1 0.483170 0.322898 0.047188 0.062544 0.500000
1 0.483557 0.322896 0.047938 0.062561 0.500000
1 0.482246 0.325320 0.049029 0.067338 0.500000
1 0.590766 0.302052 0.012744 0.020929 0.006693
1 0.641638 0.304514 0.026708 0.016082 0.002473
1 0.023191 0.318875 0.047959 0.421247 0.006693
1 0.141882 0.346146 0.083860 0.057712 0.500000
1 0.144037 0.346140 0.088094 0.067373 0.500000
1 0.145092 0.346138 0.090188 0.057788 0.500000
1 0.407709 0.327895 0.059669 0.062234 0.047426
1 0.407694 0.329296 0.065399 0.059376 0.500000
1 0.406258 0.327735 0.062527 0.062490 0.500000
1 0.407697 0.329294 0.065395 0.059373 0.500000
1 0.407705 0.329296 0.065439 0.059390 0.500000
1 0.447185 0.317355 0.030129 0.041687 0.500000
1 0.448500 0.318884 0.028153 0.038564 0.268941
1 0.483180 0.322918 0.047160 0.062519 0.731059
1 0.483176 0.322922 0.047175 0.062491 0.500000
1 0.483562 0.325327 0.047919 0.067310 0.500000
1 0.484840 0.327627 0.049640 0.062163 0.047426
1 0.522619 0.321352 0.014468 0.008105 0.047426
1 0.523721 0.322876 0.016285 0.011359 0.002473
1 0.023589 0.319224 0.047116 0.391941 0.047426
1 0.069748 0.363645 0.045443 0.044776 0.268941
1 0.068752 0.363648 0.043430 0.044769 0.268941
1 0.068749 0.363644 0.043448 0.044772 0.268941
1 0.141646 0.346162 0.083399 0.057727 0.731059
1 0.145207 0.346151 0.084667 0.057684 0.731059
1 0.144019 0.348563 0.087962 0.062502 0.500000
1 0.144032 0.348570 0.088064 0.062521 0.500000
1 0.406257 0.327793 0.062515 0.062393 0.731059
1 0.409142 0.329314 0.062510 0.059338 0.500000
1 0.407697 0.325350 0.065395 0.057681 0.731059
1 0.483109 0.325324 0.047021 0.067321 0.500000
1 0.483208 0.325324 0.047210 0.067318 0.500000
1 0.483175 0.325324 0.047172 0.067318 0.500000
1 0.023549 0.322962 0.047150 0.402531 0.268941
1 0.025019 0.325809 0.049999 0.376536 0.119203
1 0.024999 0.328405 0.050011 0.368856 0.268941
1 0.068835 0.364407 0.043517 0.046256 0.500000
1 0.068820 0.364406 0.043565 0.043254 0.500000
1 0.068820 0.363673 0.043570 0.044721 0.268941
1 0.094224 0.362641 0.020540 0.041447 0.006693
1 0.142696 0.348584 0.085407 0.062504 0.268941
1 0.145235 0.346175 0.084725 0.057684 0.500000
1 0.144063 0.346156 0.088132 0.057722 0.500000
1 0.024996 0.328156 0.050010 0.381671 0.119203
1 0.025015 0.331435 0.050003 0.360852 0.500000
1 0.024998 0.334136 0.050007 0.345624 0.268941
1 0.068807 0.362301 0.043586 0.048230 0.119203
1 0.068822 0.364607 0.043558 0.046597 0.119203
1 0.068758 0.364608 0.043709 0.046595 0.047426
1 0.023542 0.334347 0.047164 0.375036 0.268941
1 0.025000 0.331383 0.050006 0.358853 0.268941
1 0.024965 0.335887 0.050080 0.359327 0.268941
1 0.006800 0.412756 0.014121 0.263520 0.002473
2 0.017481 0.198167 0.040959 0.367899 0.002473
2 0.020447 0.202876 0.040834 0.345134 0.002473
2 0.020392 0.232684 0.046780 0.342769 0.002473
2 0.021528 0.247932 0.042778 0.312621 0.002473
2 0.022926 0.271243 0.046292 0.349649 0.006693
2 0.023391 0.279667 0.046719 0.335339 0.017986
2 0.022979 0.287249 0.046121 0.359208 0.017986
2 0.023461 0.292487 0.046649 0.375630 0.002473
2 0.021935 0.303368 0.049872 0.372568 0.017986
2 0.025119 0.312619 0.049963 0.385303 0.002473
2 0.026747 0.296949 0.046647 0.295750 0.002473
2 0.507160 0.279387 0.021436 0.049189 0.017986
2 0.023501 0.310421 0.047477 0.389726 0.002473
2 0.025115 0.319471 0.044141 0.386939 0.002473
2 0.025207 0.313066 0.049666 0.332259 0.006693
2 0.502861 0.286793 0.025526 0.052867 0.002473
2 0.024641 0.317127 0.050839 0.410433 0.006693
2 0.025185 0.324180 0.049495 0.355632 0.006693
2 0.025568 0.307778 0.043861 0.196227 0.006693
2 0.612362 0.299655 0.024875 0.016117 0.002473
2 0.615522 0.302075 0.025197 0.020868 0.006693
2 0.023191 0.318875 0.047959 0.421247 0.017986
2 0.025570 0.326125 0.048809 0.374028 0.006693
2 0.023589 0.319224 0.047116 0.391941 0.017986
2 0.026190 0.228138 0.056459 0.490376 0.001927
2 0.026034 0.253813 0.055762 0.494716 0.014064
2 0.025232 0.268373 0.054357 0.487813 0.008577
2 0.025929 0.287177 0.053121 0.474599 0.001170
3 0.507160 0.279387 0.021436 0.049189 0.006693
3 0.507376 0.288164 0.029600 0.060763 0.002473
3 0.588783 0.304398 0.022062 0.016590 0.002473
3 0.023191 0.318875 0.047959 0.421247 0.006693
3 0.023589 0.319224 0.047116 0.391941 0.017986
3 0.023549 0.322962 0.047150 0.402531 0.017986
3 0.025019 0.325809 0.049999 0.376536 0.006693
3 0.024999 0.328405 0.050011 0.368856 0.006693
3 0.025015 0.331435 0.050003 0.360852 0.006693
3 0.024998 0.334136 0.050007 0.345624 0.002473
3 0.026190 0.228138 0.056459 0.490376 0.001927
3 0.026034 0.253813 0.055762 0.494716 0.008577
3 0.025232 0.268373 0.054357 0.487813 0.004070
5 0.717415 0.343203 0.040920 0.086834 0.002473
5 0.717937 0.335796 0.041947 0.087256 0.002473
