0 0.497741 0.989608 0.011899 0.021019 0.002473
1 0.010975 0.317150 0.022177 0.032360 0.002473
1 0.035447 0.318097 0.015930 0.044663 0.002473
1 0.059305 0.329420 0.062524 0.066053 0.006693
1 0.059229 0.327037 0.062373 0.070846 0.500000
1 0.060222 0.326922 0.060495 0.070608 0.268941
1 0.087778 0.319200 0.047634 0.045702 0.017986
1 0.104228 0.319190 0.026775 0.045718 0.006693
1 0.586050 0.317530 0.052902 0.031686 0.047426
1 0.584632 0.320047 0.050021 0.036210 0.017986
1 0.587543 0.317521 0.055831 0.031627 0.017986
1 0.586049 0.317528 0.052960 0.031650 0.119203
1 0.710585 0.318804 0.041152 0.039013 0.017986
1 0.708947 0.319651 0.042965 0.037181 0.017986
1 0.708752 0.321231 0.042477 0.040301 0.047426
1 0.011057 0.320451 0.022141 0.025816 0.500000
1 0.011093 0.318933 0.022082 0.028849 0.268941
1 0.060213 0.330119 0.060479 0.067236 0.731059
1 0.060123 0.327688 0.060578 0.071916 0.500000
1 0.059254 0.329388 0.062320 0.065695 0.500000
1 0.060200 0.329367 0.060447 0.065754 0.500000
1 0.099937 0.328370 0.025327 0.032038 0.047426
1 0.107010 0.330509 0.028387 0.026507 0.047426
1 0.123276 0.331619 0.028463 0.022394 0.119203
1 0.124824 0.329359 0.025504 0.024113 0.119203
1 0.152924 0.331601 0.025302 0.019375 0.047426
1 0.151731 0.331623 0.028482 0.019397 0.119203
1 0.161462 0.329251 0.030896 0.024147 0.002473
1 0.192274 0.326884 0.040492 0.028806 0.268941
1 0.192285 0.326901 0.040747 0.028838 0.268941
1 0.192267 0.326886 0.041387 0.028800 0.119203
1 0.216458 0.325320 0.023020 0.025692 0.119203
1 0.587500 0.317712 0.050009 0.031261 0.500000
1 0.587523 0.320118 0.050036 0.036074 0.500000
1 0.588952 0.320116 0.052905 0.036069 0.268941
1 0.587505 0.317711 0.050039 0.031260 0.500000
1 0.625071 0.322916 0.025171 0.020882 0.268941
1 0.626610 0.322895 0.028026 0.020924 0.500000
1 0.643153 0.322918 0.020643 0.020883 0.047426
1 0.667698 0.327695 0.045377 0.030427 0.500000
1 0.666263 0.325283 0.042480 0.035247 0.500000
1 0.667713 0.325238 0.045377 0.035158 0.500000
1 0.709382 0.322476 0.043836 0.037906 0.119203
1 0.709385 0.320156 0.043784 0.036283 0.119203
1 0.707777 0.321381 0.046216 0.039887 0.047426
1 0.732170 0.325528 0.027047 0.036487 0.119203
1 0.743765 0.326293 0.050169 0.044372 0.006693
1 0.765608 0.334784 0.020167 0.035703 0.002473
1 0.783164 0.325444 0.027103 0.016430 0.047426
1 0.783214 0.326191 0.029474 0.018497 0.017986
1 0.797531 0.328890 0.024969 0.025023 0.002473
1 0.059311 0.330151 0.062927 0.065260 0.268941
1 0.058763 0.331761 0.057586 0.063775 0.500000
1 0.060126 0.330080 0.060573 0.067070 0.500000
1 0.060184 0.330209 0.060420 0.066884 0.500000
1 0.060200 0.329487 0.060439 0.065401 0.500000
1 0.101578 0.328716 0.022649 0.032225 0.017986
1 0.103424 0.333402 0.025261 0.025716 0.017986
1 0.121509 0.332611 0.031250 0.024316 0.002473
1 0.124843 0.332305 0.025470 0.023662 0.006693
1 0.666071 0.325933 0.042893 0.036532 0.002473
1 0.666281 0.326246 0.042493 0.037127 0.002473
1 0.735760 0.329318 0.034041 0.033970 0.006693
1 0.744504 0.330557 0.042243 0.047363 0.017986
1 0.759909 0.333603 0.029465 0.041210 0.002473
1 0.762484 0.335805 0.025190 0.036897 0.006693
1 0.783973 0.335081 0.032693 0.029018 0.006693
1 0.789667 0.340742 0.037510 0.036855 0.017986
1 0.803150 0.343457 0.019209 0.022077 0.002473
1 0.359159 0.360674 0.304170 0.230345 0.904651
1 0.360213 0.360581 0.306069 0.229228 0.904651
1 0.358018 0.360616 0.312133 0.229763 0.880797
1 0.359990 0.352944 0.306271 0.237516 0.001501
1 0.358806 0.352186 0.305958 0.236963 0.924142
1 0.360680 0.353230 0.304435 0.238297 0.904651
1 0.357154 0.353688 0.313511 0.237797 0.904651
1 0.360923 0.354794 0.301475 0.241311 0.880797
1 0.358787 0.359062 0.303377 0.238219 0.924142
1 0.361038 0.357704 0.305935 0.235027 0.924142
1 0.358782 0.357638 0.308772 0.235391 0.904651
2 0.708752 0.321231 0.042477 0.040301 0.002473
2 0.216458 0.325320 0.023020 0.025692 0.002473
2 0.709385 0.320156 0.043784 0.036283 0.006693
2 0.783973 0.335081 0.032693 0.029018 0.002473
2 0.789667 0.340742 0.037510 0.036855 0.002473
3 0.035447 0.318097 0.015930 0.044663 0.002473
3 0.087778 0.319200 0.047634 0.045702 0.002473
3 0.710585 0.318804 0.041152 0.039013 0.006693
3 0.708947 0.319651 0.042965 0.037181 0.017986
3 0.708752 0.321231 0.042477 0.040301 0.047426
3 0.011057 0.320451 0.022141 0.025816 0.006693
3 0.011093 0.318933 0.022082 0.028849 0.002473
3 0.643153 0.322918 0.020643 0.020883 0.002473
3 0.709382 0.322476 0.043836 0.037906 0.017986
3 0.709385 0.320156 0.043784 0.036283 0.119203
3 0.707777 0.321381 0.046216 0.039887 0.047426
3 0.732170 0.325528 0.027047 0.036487 0.006693
3 0.743765 0.326293 0.050169 0.044372 0.006693
3 0.783164 0.325444 0.027103 0.016430 0.002473
3 0.851334 0.352722 0.022611 0.080722 0.002473
3 0.744504 0.330557 0.042243 0.047363 0.002473
3 0.851094 0.351267 0.023414 0.077681 0.002473
4 0.827971 0.359520 0.025303 0.051915 0.006693
4 0.829208 0.361846 0.026621 0.045958 0.002473
5 0.828017 0.357178 0.024941 0.052437 0.002473
5 0.827971 0.359520 0.025303 0.051915 0.006693
5 0.829208 0.361846 0.026621 0.045958 0.006693
