0 0.622708 0.310416 0.010959 0.061103 0.002473
0 0.621592 0.312459 0.006872 0.042258 0.017986
0 0.629400 0.314715 0.010571 0.047384 0.002473
0 0.621140 0.318353 0.007776 0.039651 0.017986
0 0.628777 0.322385 0.007948 0.031647 0.002473
0 0.621410 0.319752 0.008364 0.053653 0.002473
0 0.525373 0.989622 0.016527 0.021172 0.006693
0 0.527111 0.987201 0.016791 0.025740 0.006693
1 0.262441 0.339710 0.175127 0.153931 0.880797
1 0.390398 0.317109 0.050066 0.032465 0.006693
1 0.390418 0.317508 0.050089 0.031632 0.002473
1 0.390493 0.315104 0.050212 0.026801 0.002473
1 0.390449 0.317202 0.050054 0.032254 0.006693
1 0.438520 0.310642 0.025756 0.029021 0.006693
1 0.467533 0.322898 0.070739 0.052883 0.731059
1 0.467265 0.322897 0.071295 0.052881 0.500000
1 0.465813 0.320479 0.068376 0.057733 0.500000
1 0.508895 0.312398 0.019906 0.025858 0.002473
1 0.579096 0.316525 0.052418 0.049756 0.500000
1 0.578162 0.318887 0.050551 0.044861 0.500000
1 0.578941 0.316468 0.052096 0.049697 0.500000
1 0.578970 0.317217 0.052050 0.051199 0.500000
1 0.591084 0.312300 0.043287 0.031806 0.006693
1 0.164732 0.328902 0.029724 0.032960 0.002473
1 0.262487 0.339610 0.175014 0.154164 0.731059
1 0.261039 0.339022 0.177939 0.155339 0.731059
1 0.260984 0.339770 0.178075 0.153844 0.731059
1 0.356323 0.319006 0.012798 0.013143 0.002473
1 0.390417 0.317870 0.050074 0.030931 0.500000
1 0.388983 0.318177 0.047146 0.030317 0.500000
1 0.390437 0.315769 0.050052 0.025503 0.268941
1 0.391351 0.315770 0.051881 0.025505 0.268941
1 0.421909 0.316525 0.013149 0.017781 0.119203
1 0.429640 0.316388 0.021905 0.018222 0.017986
1 0.466122 0.322878 0.067986 0.052815 0.500000
1 0.465817 0.318948 0.068397 0.054563 0.500000
1 0.465813 0.322913 0.068390 0.052867 0.500000
1 0.466083 0.321361 0.067846 0.049745 0.500000
1 0.510008 0.316477 0.020071 0.017879 0.500000
1 0.509642 0.318037 0.025032 0.021086 0.047426
1 0.529738 0.321381 0.015687 0.008190 0.268941
1 0.578931 0.318882 0.052094 0.044810 0.731059
1 0.577991 0.316494 0.050210 0.049650 0.500000
1 0.577492 0.318883 0.054974 0.044806 0.500000
1 0.578949 0.319634 0.052076 0.046298 0.268941
1 0.611123 0.320119 0.012817 0.016830 0.047426
1 0.628777 0.322385 0.007948 0.031647 0.002473
1 0.659919 0.325308 0.014159 0.026492 0.002473
1 0.667505 0.331186 0.022650 0.028487 0.002473
1 0.159303 0.338536 0.024850 0.031558 0.002473
1 0.164258 0.337915 0.028565 0.033165 0.002473
1 0.261057 0.339598 0.172129 0.154138 0.731059
1 0.262520 0.339712 0.175047 0.153910 0.731059
1 0.262493 0.337308 0.175058 0.149103 0.731059
1 0.467261 0.320523 0.071285 0.057670 0.500000
1 0.467257 0.322921 0.071279 0.052867 0.500000
1 0.467075 0.322929 0.071638 0.052872 0.731059
1 0.262515 0.339307 0.175045 0.154755 0.500000
1 0.262500 0.338857 0.175086 0.155651 0.500000
1 0.262513 0.339606 0.175017 0.154151 0.731059
1 0.803538 0.365571 0.042775 0.034842 0.002473
1 0.527111 0.987201 0.016791 0.025740 0.119203
1 0.549910 0.985576 0.027563 0.028992 0.002473
1 0.553360 0.985554 0.038886 0.028945 0.002473
1 0.560740 0.985554 0.031170 0.028944 0.002473
2 0.257650 0.267292 0.119083 0.098363 0.006693
2 0.508895 0.312398 0.019906 0.025858 0.002473
2 0.510008 0.316477 0.020071 0.017879 0.006693
2 0.556264 0.981759 0.033214 0.026837 0.002473
2 0.608730 0.976669 0.068128 0.046679 0.017986
2 0.610620 0.976730 0.071528 0.046545 0.006693
2 0.527111 0.987201 0.016791 0.025740 0.047426
2 0.549910 0.985576 0.027563 0.028992 0.047426
2 0.553360 0.985554 0.038886 0.028945 0.047426
2 0.560740 0.985554 0.031170 0.028944 0.006693
2 0.605510 0.979045 0.062906 0.042061 0.017986
2 0.609789 0.976708 0.070567 0.046731 0.017986
2 0.610841 0.976764 0.072423 0.046525 0.006693
2 0.609751 0.979167 0.076018 0.041711 0.002473
2 0.610755 0.975123 0.074007 0.049784 0.002473
3 0.413102 0.312350 0.032996 0.025843 0.002473
3 0.438520 0.310642 0.025756 0.029021 0.006693
3 0.508895 0.312398 0.019906 0.025858 0.006693
3 0.510772 0.312331 0.023059 0.032228 0.002473
3 0.591084 0.312300 0.043287 0.031806 0.006693
3 0.510008 0.316477 0.020071 0.017879 0.017986
3 0.509642 0.318037 0.025032 0.021086 0.002473
3 0.611123 0.320119 0.012817 0.016830 0.002473
3 0.608730 0.976669 0.068128 0.046679 0.002473
3 0.610620 0.976730 0.071528 0.046545 0.002473
3 0.610764 0.976744 0.071806 0.046517 0.006693
3 0.613971 0.976661 0.078675 0.046688 0.006693
3 0.527111 0.987201 0.016791 0.025740 0.017986
3 0.549910 0.985576 0.027563 0.028992 0.006693
3 0.553360 0.985554 0.038886 0.028945 0.006693
3 0.560740 0.985554 0.031170 0.028944 0.006693
3 0.609789 0.976708 0.070567 0.046731 0.006693
3 0.609751 0.979167 0.076018 0.041711 0.006693
3 0.610755 0.975123 0.074007 0.049784 0.017986
