1 0.351419 0.306888 0.028046 0.020985 0.006693
1 0.350003 0.308524 0.025051 0.017876 0.006693
1 0.491320 0.317521 0.023123 0.031639 0.047426
1 0.491369 0.319620 0.023060 0.037054 0.017986
1 0.554136 0.308640 0.033426 0.024363 0.006693
1 0.552710 0.310534 0.036231 0.021888 0.006693
1 0.555980 0.310558 0.038198 0.021978 0.006693
1 0.424981 0.322913 0.024978 0.020871 0.500000
1 0.425014 0.322916 0.024989 0.020882 0.268941
1 0.491768 0.320238 0.022223 0.035842 0.268941
1 0.491340 0.320234 0.023101 0.035832 0.500000
1 0.550469 0.314150 0.026177 0.028936 0.006693
1 0.556233 0.310967 0.037761 0.029011 0.002473
1 0.554702 0.312663 0.041597 0.032241 0.006693
1 0.052932 0.357406 0.105898 0.216301 0.880797
1 0.052396 0.355208 0.104893 0.220639 0.500000
1 0.051497 0.355084 0.108771 0.221332 0.731059
1 0.052938 0.354488 0.105889 0.219175 0.500000
1 0.052420 0.354909 0.104845 0.221178 0.500000
1 0.052675 0.357069 0.105355 0.225451 0.500000
1 0.052940 0.353591 0.105893 0.224911 0.500000
1 0.052401 0.354993 0.104886 0.221431 0.500000
1 0.051233 0.356941 0.108246 0.225083 0.047426
1 0.053112 0.354938 0.106282 0.221300 0.500000
1 0.053895 0.354246 0.102184 0.219694 0.731059
2 0.351419 0.306888 0.028046 0.020985 0.017986
2 0.350003 0.308524 0.025051 0.017876 0.017986
2 0.554136 0.308640 0.033426 0.024363 0.002473
2 0.552710 0.310534 0.036231 0.021888 0.002473
2 0.550469 0.314150 0.026177 0.028936 0.002473
3 0.351419 0.306888 0.028046 0.020985 0.006693
3 0.350003 0.308524 0.025051 0.017876 0.006693
3 0.554136 0.308640 0.033426 0.024363 0.047426
3 0.552710 0.310534 0.036231 0.021888 0.047426
3 0.555980 0.310558 0.038198 0.021978 0.017986
3 0.598488 0.305027 0.040145 0.026795 0.002473
3 0.598826 0.309936 0.041154 0.027370 0.006693
3 0.608350 0.307284 0.039691 0.022329 0.006693
3 0.550469 0.314150 0.026177 0.028936 0.047426
3 0.556233 0.310967 0.037761 0.029011 0.017986
3 0.554702 0.312663 0.041597 0.032241 0.002473
3 0.598774 0.315083 0.041680 0.037271 0.002473
3 0.600100 0.315044 0.043790 0.037462 0.002473
