0 0.993648 0.304910 0.012733 0.207124 0.002473
0 0.995175 0.329164 0.009670 0.127085 0.017986
0 0.993723 0.327546 0.012582 0.134778 0.017986
0 0.993669 0.331200 0.012688 0.139084 0.017986
0 0.992204 0.331408 0.015619 0.133122 0.006693
0 0.993676 0.329225 0.012726 0.136754 0.006693
1 0.345238 0.318070 0.065448 0.062495 0.500000
1 0.346142 0.318078 0.067296 0.062524 0.731059
1 0.346142 0.318038 0.067258 0.062599 0.500000
1 0.446129 0.312316 0.017286 0.022453 0.006693
1 0.479911 0.311579 0.009989 0.020994 0.017986
1 0.492200 0.311263 0.015611 0.023334 0.119203
1 0.163507 0.333138 0.061167 0.041529 0.268941
1 0.166347 0.333129 0.060744 0.041478 0.119203
1 0.166373 0.330031 0.060639 0.035290 0.047426
1 0.163984 0.333109 0.066329 0.041498 0.047426
1 0.169672 0.330469 0.064218 0.036041 0.017986
1 0.282151 0.329056 0.046241 0.023536 0.017986
1 0.283867 0.329808 0.049505 0.025028 0.017986
1 0.284070 0.329797 0.050128 0.025123 0.002473
1 0.345271 0.318022 0.065589 0.062611 0.017986
1 0.347591 0.316531 0.064397 0.059398 0.731059
1 0.347588 0.318100 0.064403 0.062496 0.500000
1 0.346135 0.320489 0.067271 0.057719 0.500000
1 0.345219 0.320458 0.065408 0.057790 0.268941
1 0.445198 0.314049 0.015403 0.019718 0.268941
1 0.477454 0.313306 0.010857 0.021259 0.002473
1 0.492205 0.312688 0.015610 0.022452 0.119203
1 0.162551 0.335973 0.063012 0.047089 0.119203
1 0.162529 0.335808 0.064325 0.046694 0.119203
1 0.164724 0.333551 0.067903 0.041971 0.047426
1 0.163103 0.333520 0.065548 0.042037 0.119203
1 0.170906 0.333559 0.071959 0.041964 0.047426
1 0.281957 0.337362 0.047817 0.033751 0.002473
1 0.285392 0.332248 0.048338 0.028356 0.002473
1 0.304486 0.334635 0.016110 0.023611 0.002473
1 0.347590 0.320465 0.064397 0.057785 0.500000
1 0.346137 0.318097 0.067306 0.062521 0.500000
1 0.346141 0.318089 0.067257 0.062552 0.731059
1 0.156772 0.344807 0.076835 0.065060 0.002473
1 0.149022 0.354440 0.062111 0.083249 0.006693
1 0.156917 0.349283 0.078108 0.084832 0.002473
3 0.479911 0.311579 0.009989 0.020994 0.002473
3 0.492200 0.311263 0.015611 0.023334 0.002473
3 0.445198 0.314049 0.015403 0.019718 0.006693
3 0.492205 0.312688 0.015610 0.022452 0.002473
5 0.013804 0.343350 0.033335 0.073200 0.002473
5 0.267042 0.340910 0.020038 0.036324 0.006693
