0 0.293529 0.315588 0.013112 0.045959 0.006693
0 0.749541 0.332802 0.014752 0.052479 0.006693
1 0.496139 0.314051 0.017305 0.028911 0.006693
1 0.496141 0.316641 0.017300 0.033394 0.047426
1 0.545206 0.315767 0.009652 0.016286 0.047426
1 0.771969 0.332809 0.044248 0.052526 0.002473
2 0.562497 0.312480 0.019233 0.041687 0.268941
2 0.562508 0.312492 0.024988 0.041662 0.268941
2 0.563942 0.312489 0.022118 0.041699 0.268941
2 0.563944 0.312499 0.022122 0.041680 0.268941
3 0.496139 0.314051 0.017305 0.028911 0.119203
3 0.562497 0.312480 0.019233 0.041687 0.047426
3 0.562508 0.312492 0.024988 0.041662 0.017986
3 0.496141 0.316641 0.017300 0.033394 0.268941
3 0.545206 0.315767 0.009652 0.016286 0.002473
3 0.563942 0.312489 0.022118 0.041699 0.119203
3 0.563944 0.312499 0.022122 0.041680 0.017986
4 0.766283 0.333187 0.032581 0.042183 0.002473
5 0.763085 0.332841 0.026331 0.052471 0.002473
5 0.766283 0.333187 0.032581 0.042183 0.002473
