0 0.442228 0.320359 0.009798 0.016347 0.002473
1 0.108037 0.774771 0.216387 0.415110 0.001501
1 0.113584 0.787302 0.227350 0.402086 0.001501
1 0.108824 0.813128 0.217821 0.351029 0.017986
1 0.113924 0.827169 0.227928 0.325235 0.029312
1 0.121476 0.842738 0.243135 0.294764 0.006693
1 0.110243 0.869341 0.220590 0.241432 0.010987
1 0.116529 0.882000 0.233064 0.216401 0.075858
1 0.120677 0.891335 0.241527 0.206824 0.006693
1 0.133819 0.894198 0.261042 0.192135 0.001501
1 0.116431 0.905050 0.232881 0.170304 0.017986
1 0.149874 0.348901 0.125363 0.124117 0.047426
1 0.442228 0.320359 0.009798 0.016347 0.047426
1 0.468669 0.320459 0.012683 0.016191 0.047426
1 0.488931 0.320359 0.022085 0.026057 0.731059
1 0.488981 0.322876 0.022041 0.030657 0.880797
1 0.147014 0.351494 0.125258 0.120175 0.006693
1 0.146776 0.349128 0.125472 0.124807 0.119203
1 0.147595 0.346800 0.130135 0.120138 0.268941
1 0.149752 0.346493 0.131331 0.119518 0.500000
1 0.148342 0.353817 0.128533 0.125382 0.017986
1 0.147508 0.351585 0.129999 0.119991 0.268941
1 0.147411 0.349996 0.130502 0.116811 0.268941
1 0.148831 0.346534 0.133338 0.119515 0.500000
1 0.153126 0.346666 0.124962 0.110085 0.017986
1 0.145934 0.351554 0.126879 0.120100 0.119203
1 0.149542 0.351595 0.132764 0.119979 0.731059
1 0.973809 0.937175 0.053710 0.148983 0.002473
2 0.979636 0.114410 0.041066 0.272386 0.002473
2 0.456283 0.318549 0.013487 0.013793 0.002473
2 0.468669 0.320459 0.012683 0.016191 0.006693
2 0.488931 0.320359 0.022085 0.026057 0.002473
2 0.488981 0.322876 0.022041 0.030657 0.006693
2 0.146776 0.349128 0.125472 0.124807 0.002473
2 0.147595 0.346800 0.130135 0.120138 0.017986
2 0.149752 0.346493 0.131331 0.119518 0.017986
2 0.148342 0.353817 0.128533 0.125382 0.002473
2 0.147508 0.351585 0.129999 0.119991 0.047426
2 0.147411 0.349996 0.130502 0.116811 0.047426
2 0.148831 0.346534 0.133338 0.119515 0.006693
2 0.145934 0.351554 0.126879 0.120100 0.002473
2 0.149542 0.351595 0.132764 0.119979 0.006693
3 0.442228 0.320359 0.009798 0.016347 0.002473
3 0.468669 0.320459 0.012683 0.016191 0.002473
3 0.488931 0.320359 0.022085 0.026057 0.002473
3 0.488981 0.322876 0.022041 0.030657 0.006693
4 0.442228 0.320359 0.009798 0.016347 0.006693
4 0.086979 0.362715 0.015186 0.068493 0.006693
4 0.094308 0.359210 0.028794 0.075003 0.002473
5 0.442228 0.320359 0.009798 0.016347 0.006693
