0 0.995180 0.337379 0.009669 0.062432 0.002473
0 0.995208 0.343730 0.009651 0.051569 0.002473
1 0.123206 0.825950 0.246495 0.337059 0.001501
1 0.885453 0.804839 0.229512 0.320202 0.004070
1 0.887528 0.824251 0.224892 0.290479 0.002473
1 0.496172 0.306114 0.017351 0.028993 0.500000
1 0.498902 0.302674 0.015927 0.022254 0.002473
1 0.529738 0.308436 0.009833 0.017863 0.017986
1 0.781445 0.295288 0.037477 0.025197 0.002473
1 0.492556 0.313128 0.015898 0.033456 0.006693
1 0.995208 0.343730 0.009651 0.051569 0.002473
1 0.995181 0.347644 0.009666 0.045585 0.002473
2 0.496172 0.306114 0.017351 0.028993 0.017986
2 0.498902 0.302674 0.015927 0.022254 0.002473
2 0.517431 0.302088 0.016080 0.020932 0.002473
2 0.529738 0.308436 0.009833 0.017863 0.002473
2 0.492556 0.313128 0.015898 0.033456 0.002473
2 0.796254 0.954040 0.145173 0.091813 0.002473
3 0.496172 0.306114 0.017351 0.028993 0.002473
3 0.796254 0.954040 0.145173 0.091813 0.006693
3 0.804108 0.953741 0.137803 0.082804 0.006693
3 0.806716 0.951341 0.126696 0.087597 0.002473
3 0.800698 0.964694 0.151131 0.060760 0.002473
3 0.817948 0.962943 0.162607 0.073606 0.006693
4 0.995208 0.343730 0.009651 0.051569 0.006693
