1 0.873552 0.887936 0.235269 0.190735 0.001501
1 0.487520 0.317219 0.025048 0.032399 0.268941
1 0.487569 0.316433 0.024865 0.033811 0.268941
1 0.504921 0.306247 0.015850 0.014110 0.002473
1 0.487492 0.317713 0.019211 0.031277 0.731059
1 0.487569 0.317702 0.024864 0.031294 0.500000
1 0.508434 0.316756 0.017326 0.024006 0.002473
1 0.397766 0.338465 0.030125 0.022047 0.002473
1 0.399298 0.337316 0.026850 0.017974 0.006693
2 0.487569 0.316433 0.024865 0.033811 0.002473
2 0.979699 0.815977 0.040690 0.261841 0.002473
2 0.979708 0.817851 0.034817 0.255643 0.002473
3 0.978979 0.851861 0.042044 0.202993 0.002473
