3 0.019921875 0.34930555555555554 0.03984375 0.09027777777777778
1 0.111328125 0.3506944444444444 0.07421875 0.0763888888888889
1 0.22421875000000002 0.33819444444444446 0.0640625 0.05138888888888889
1 0.28164062500000003 0.33125 0.04453125 0.04027777777777778
1 0.329296875 0.32708333333333334 0.03515625 0.03194444444444444
3 0.3 0.32569444444444445 0.025 0.034722222222222224
2 0.21875 0.3194444444444445 0.128125 0.09166666666666666
1 0.389453125 0.3215277777777778 0.03046875 0.029166666666666667
1 0.4734375 0.3229166666666667 0.0421875 0.04861111111111111
1 0.423828125 0.32013888888888886 0.03359375 0.03194444444444444
2 0.516015625 0.30972222222222223 0.01484375 0.022222222222222223
