2 0.49921875 0.30694444444444446 0.0296875 0.05555555555555555
1 0.9011718750000001 0.3326388888888889 0.02265625 0.029166666666666667
2 0.84453125 0.30069444444444443 0.09375 0.09583333333333334
1 0.740234375 0.3194444444444444 0.03671875 0.030555555555555555
1 0.768359375 0.3194444444444444 0.03984375 0.03333333333333333
1 0.78125 0.3229166666666667 0.034375 0.03194444444444444
1 0.919921875 0.33333333333333337 0.01796875 0.025
1 0.42734374999999997 0.325 0.0296875 0.022222222222222223
1 0.45390625 0.3277777777777778 0.0140625 0.013888888888888888
1 0.474609375 0.32638888888888884 0.01171875 0.013888888888888888
1 0.33749999999999997 0.32916666666666666 0.0515625 0.03611111111111111
1 0.2609375 0.3347222222222222 0.0453125 0.03333333333333333
1 0.15312499999999998 0.3451388888888889 0.0265625 0.029166666666666667
1 0.19765625 0.34375 0.0390625 0.034722222222222224
1 0.0171875 0.3638888888888889 0.034375 0.06388888888888888
0 0.059375 0.36041666666666666 0.0078125 0.05694444444444444
1 0.032421875 0.36319444444444443 0.02734375 0.043055555555555555
1 0.08046875 0.3555555555555555 0.0359375 0.044444444444444446
2 0.26015625 0.32708333333333334 0.05625 0.03194444444444444
1 0.22773437500000002 0.3402777777777778 0.02109375 0.019444444444444445
1 0.16953125 0.34305555555555556 0.0109375 0.016666666666666666
