2 0.491796875 0.2861111111111111 0.05859375 0.11666666666666667
1 0.38749999999999996 0.3173611111111111 0.090625 0.10416666666666667
1 0.32421875 0.32013888888888886 0.0421875 0.034722222222222224
1 0.29374999999999996 0.32083333333333336 0.028125 0.030555555555555555
1 0.23984375 0.325 0.08125 0.05555555555555555
2 0.24765625 0.2965277777777778 0.0890625 0.04027777777777778
1 0.191015625 0.3284722222222222 0.02578125 0.04027777777777778
1 0.1171875 0.32569444444444445 0.109375 0.09861111111111111
1 0.054296874999999994 0.33194444444444443 0.04921875 0.06944444444444445
2 0.054296875 0.29791666666666666 0.10859375 0.1125
