1 0.301171875 0.33611111111111114 0.02734375 0.019444444444444445
1 0.248046875 0.3423611111111111 0.01953125 0.018055555555555554
1 0.232421875 0.34375 0.02578125 0.020833333333333332
1 0.20234375 0.3416666666666667 0.0234375 0.030555555555555555
1 0.18203125 0.34305555555555556 0.0265625 0.030555555555555555
1 0.35234375 0.33402777777777776 0.046875 0.04027777777777778
2 0.5375 0.3145833333333333 0.01875 0.04583333333333333
1 0.47109375 0.3270833333333333 0.0125 0.015277777777777777
2 0.496875 0.30347222222222225 0.0421875 0.08472222222222223
1 0.57578125 0.32222222222222224 0.0671875 0.08055555555555556
1 0.837109375 0.3493055555555556 0.02578125 0.02361111111111111
3 0.940625 0.25972222222222224 0.1171875 0.5194444444444445
