1 0.5613281250000001 0.3194444444444445 0.01484375 0.019444444444444445
1 0.54140625 0.3194444444444444 0.0234375 0.03611111111111111
1 0.4609375 0.31805555555555554 0.0140625 0.03611111111111111
3 0.432421875 0.30625 0.04609375 0.08194444444444444
1 0.256640625 0.3416666666666667 0.03515625 0.04722222222222222
1 0.28203125 0.34097222222222223 0.0140625 0.04861111111111111
1 0.30390625 0.3236111111111111 0.028125 0.09444444444444444
1 0.3625 0.32222222222222224 0.1109375 0.11944444444444445
1 0.126171875 0.3263888888888889 0.25234375 0.4361111111111111
2 0.49257812500000003 0.29027777777777775 0.05234375 0.10555555555555556
1 0.7125 0.36041666666666666 0.2296875 0.2375
