1 0.951953125 0.4 0.09453125 0.23055555555555557
5 0.9195312499999999 0.4111111111111111 0.1265625 0.3111111111111111
0 0.8500000000000001 0.3590277777777778 0.0765625 0.33194444444444443
0 0.003515625 0.3506944444444445 0.00703125 0.1125
0 0.0203125 0.3354166666666667 0.0140625 0.1375
0 0.0359375 0.33819444444444446 0.015625 0.14305555555555555
0 0.05 0.3402777777777778 0.015625 0.13333333333333333
0 0.279296875 0.3145833333333333 0.00703125 0.05416666666666667
0 0.356640625 0.3125 0.00859375 0.041666666666666664
1 0.832421875 0.3569444444444444 0.15234375 0.1388888888888889
1 0.723828125 0.35277777777777775 0.06953125 0.075
1 0.677734375 0.33472222222222225 0.04140625 0.058333333333333334
1 0.65234375 0.3326388888888889 0.01875 0.043055555555555555
1 0.6378906249999999 0.3326388888888889 0.01328125 0.02638888888888889
1 0.6296875000000001 0.3298611111111111 0.0140625 0.02361111111111111
