1 0.13632812500000002 0.3486111111111111 0.10390625 0.07777777777777778
1 0.18320312500000002 0.33958333333333335 0.06484375 0.05694444444444444
1 0.265234375 0.34375 0.04296875 0.03194444444444444
1 0.308203125 0.3375 0.01953125 0.030555555555555555
1 0.319140625 0.3347222222222222 0.01328125 0.030555555555555555
1 0.342578125 0.3236111111111111 0.03828125 0.05277777777777778
1 0.376171875 0.32708333333333334 0.02890625 0.034722222222222224
1 0.4015625 0.32708333333333334 0.0234375 0.029166666666666667
1 0.422265625 0.3277777777777778 0.01953125 0.022222222222222223
1 0.440625 0.3298611111111111 0.0171875 0.020833333333333332
1 0.48828125 0.3284722222222222 0.0265625 0.03194444444444444
