1 0.49960937499999997 0.32569444444444445 0.03984375 0.05694444444444444
1 0.84765625 0.4340277777777778 0.303125 0.4041666666666667
1 0.646484375 0.33055555555555555 0.11796875 0.1361111111111111
1 0.5765625000000001 0.325 0.0375 0.06944444444444445
1 0.552734375 0.3243055555555555 0.01953125 0.043055555555555555
1 0.35234374999999996 0.3277777777777777 0.0515625 0.04722222222222222
1 0.29921875000000003 0.33541666666666664 0.0640625 0.0625
1 0.21992187500000002 0.3513888888888889 0.10234375 0.08055555555555556
1 0.105859375 0.36111111111111116 0.13359375 0.14166666666666666
1 0.019140625 0.3895833333333333 0.03828125 0.14027777777777778
