1 0.56796875 0.30833333333333335 0.01875 0.022222222222222223
1 0.5480468749999999 0.3090277777777778 0.02109375 0.02638888888888889
1 0.513671875 0.30694444444444446 0.04609375 0.04722222222222222
1 0.09453125 0.325 0.053125 0.06944444444444445
1 0.162109375 0.33055555555555555 0.02265625 0.025
0 0.22265625 0.3201388888888889 0.0140625 0.0875
0 0.240625 0.3263888888888889 0.0078125 0.05
0 0.262109375 0.31875000000000003 0.00859375 0.05416666666666667
0 0.27304687499999997 0.31875 0.00859375 0.0625
0 0.29257812499999997 0.32152777777777775 0.00859375 0.04583333333333333
0 0.31328125 0.3145833333333333 0.0078125 0.05138888888888889
0 0.31953125 0.3152777777777778 0.0046875 0.05
0 0.330078125 0.3125 0.01171875 0.05
0 0.35859375 0.31180555555555556 0.009375 0.05694444444444444
0 0.247265625 0.3201388888888889 0.00703125 0.05694444444444444
