1 0.500390625 0.3173611111111111 0.01640625 0.02638888888888889
1 0.461328125 0.32361111111111107 0.03515625 0.03888888888888889
0 0.428125 0.31875 0.0046875 0.04027777777777778
5 0.4203125 0.3263888888888889 0.0125 0.030555555555555555
1 0.34296875 0.3354166666666667 0.0515625 0.09027777777777778
1 0.212890625 0.38402777777777775 0.26796875 0.23472222222222222
1 0.53671875 0.31875000000000003 0.015625 0.02638888888888889
1 0.58125 0.31527777777777777 0.0546875 0.041666666666666664
1 0.5964843750000001 0.32083333333333336 0.05703125 0.05
1 0.6359375 0.3222222222222222 0.1 0.06944444444444445
1 0.8304687500000001 0.34930555555555554 0.1859375 0.1986111111111111
1 0.9617187500000001 0.3368055555555556 0.0765625 0.22361111111111112
1 0.9226562500000001 0.3173611111111111 0.0421875 0.10694444444444444
