2 0.10039062500000001 0.2965277777777778 0.05546875 0.07083333333333333
1 0.15195312500000002 0.31666666666666665 0.03671875 0.030555555555555555
1 0.22226562500000002 0.31527777777777777 0.05234375 0.04722222222222222
1 0.3703125 0.34097222222222223 0.24375 0.18194444444444444
1 0.54921875 0.3194444444444445 0.0984375 0.05555555555555555
0 0.633203125 0.34305555555555556 0.06328125 0.3277777777777778
1 0.71875 0.3326388888888889 0.0375 0.03194444444444444
0 0.756640625 0.34305555555555556 0.02421875 0.1
0 0.78046875 0.3416666666666667 0.021875 0.09722222222222222
0 0.96953125 0.3909722222222222 0.059375 0.3347222222222222
1 0.271875 0.3055555555555556 0.0453125 0.05277777777777778
