0 0.15234375 0.31875 0.015625 0.13472222222222222
0 0.16914062500000002 0.3263888888888889 0.01640625 0.125
0 0.2546875 0.32708333333333334 0.015625 0.09861111111111111
1 0.505078125 0.3194444444444445 0.01640625 0.022222222222222223
0 0.548046875 0.3270833333333333 0.01484375 0.07916666666666666
1 0.766015625 0.37083333333333335 0.26953125 0.19444444444444445
1 0.645703125 0.33611111111111114 0.07265625 0.08611111111111111
1 0.59609375 0.32569444444444445 0.040625 0.04027777777777778
1 0.578515625 0.325 0.02421875 0.030555555555555555
0 0.2265625 0.3194444444444444 0.0109375 0.1
