1 0.027734375 0.38402777777777775 0.05546875 0.19583333333333333
1 0.093359375 0.3854166666666667 0.08203125 0.06527777777777778
1 0.1515625 0.3597222222222222 0.0375 0.03611111111111111
1 0.272265625 0.35 0.05859375 0.044444444444444446
1 0.325390625 0.3423611111111111 0.04296875 0.034722222222222224
1 0.527734375 0.3298611111111111 0.05703125 0.07083333333333333
3 0.384765625 0.325 0.04609375 0.05
0 0.971484375 0.2520833333333333 0.05546875 0.5041666666666667
0 0.8425781250000001 0.2916666666666667 0.04140625 0.33611111111111114
0 0.89609375 0.2909722222222222 0.034375 0.23472222222222222
