1 0.45351562500000003 0.32222222222222224 0.01484375 0.019444444444444445
2 0.399609375 0.32152777777777775 0.03359375 0.034722222222222224
1 0.373828125 0.32916666666666666 0.04140625 0.03333333333333333
0 0.60859375 0.325 0.0078125 0.05277777777777778
0 0.61640625 0.32569444444444445 0.00625 0.05416666666666667
1 0.6335937500000001 0.3277777777777778 0.021875 0.03611111111111111
1 0.805078125 0.3388888888888889 0.07578125 0.09444444444444444
1 0.885546875 0.3520833333333333 0.07109375 0.10138888888888889
5 0.125 0.3513888888888889 0.025 0.058333333333333334
1 0.8500000000000001 0.3361111111111111 0.0140625 0.03611111111111111
0 0.672265625 0.33125 0.00703125 0.06527777777777778
1 0.7527343750000001 0.33958333333333335 0.05390625 0.06805555555555555
1 0.71640625 0.3326388888888889 0.0453125 0.059722222222222225
1 0.6859375 0.3333333333333333 0.0171875 0.044444444444444446
1 0.6453125 0.3277777777777778 0.0328125 0.03611111111111111
