0 0.18046874999999998 0.34791666666666665 0.0109375 0.06805555555555555
1 0.521875 0.32430555555555557 0.025 0.02638888888888889
0 0.6359375 0.3111111111111111 0.00625 0.03888888888888889
0 0.66328125 0.3201388888888889 0.0078125 0.08194444444444444
1 0.4140625 0.33055555555555555 0.0421875 0.030555555555555555
1 0.07968750000000001 0.3715277777777778 0.1296875 0.09861111111111111
5 0.973046875 0.33958333333333335 0.02890625 0.05694444444444444
0 0.38749999999999996 0.3208333333333333 0.0203125 0.1111111111111111
0 0.446484375 0.31875 0.03203125 0.14027777777777778
0 0.49531250000000004 0.32083333333333336 0.0265625 0.14722222222222223
0 0.466015625 0.3180555555555556 0.03203125 0.11666666666666667
0 0.22499999999999998 0.34444444444444444 0.00625 0.05
