2 0.5625 0.31875000000000003 0.025 0.02361111111111111
1 0.598046875 0.33402777777777776 0.05078125 0.07083333333333333
1 0.45937500000000003 0.33333333333333337 0.1046875 0.07777777777777778
0 0.25703125 0.31666666666666665 0.0125 0.07777777777777778
1 0.1625 0.33125 0.0625 0.06527777777777778
1 0.09999999999999999 0.3229166666666667 0.0265625 0.034722222222222224
1 0.564453125 0.3347222222222222 0.02109375 0.03888888888888889
3 0.71640625 0.3423611111111111 0.16875 0.18472222222222223
0 0.85546875 0.3625 0.025 0.1361111111111111
0 0.882421875 0.35833333333333334 0.02734375 0.19444444444444445
0 0.902734375 0.36527777777777776 0.02265625 0.15833333333333333
0 0.629296875 0.3326388888888889 0.01484375 0.12638888888888888
