0 0.74296875 0.3423611111111111 0.0046875 0.02638888888888889
0 0.7511718749999999 0.3451388888888889 0.00546875 0.03194444444444444
1 0.082421875 0.34930555555555554 0.12734375 0.09305555555555556
2 0.194921875 0.30625 0.18515625 0.12361111111111112
1 0.3828125 0.32569444444444445 0.025 0.02361111111111111
1 0.46328125 0.32638888888888884 0.0140625 0.013888888888888888
1 0.475 0.325 0.028125 0.016666666666666666
1 0.501953125 0.3263888888888889 0.01484375 0.011111111111111112
1 0.51640625 0.3277777777777778 0.015625 0.011111111111111112
1 0.582421875 0.3319444444444445 0.03828125 0.019444444444444445
1 0.607421875 0.3277777777777778 0.02109375 0.022222222222222223
