2 0.48125 0.30833333333333335 0.01875 0.03333333333333333
2 0.698046875 0.31527777777777777 0.06640625 0.041666666666666664
3 0.384765625 0.3125 0.05859375 0.041666666666666664
1 0.230078125 0.32499999999999996 0.06171875 0.04722222222222222
1 0.131640625 0.3368055555555556 0.11171875 0.08194444444444444
2 0.28671874999999997 0.3076388888888889 0.075 0.05694444444444444
1 0.35234375 0.3180555555555556 0.0234375 0.025
1 0.7171875000000001 0.33055555555555555 0.0375 0.025
1 0.66796875 0.32430555555555557 0.0328125 0.02361111111111111
1 0.008984375 0.3527777777777778 0.01796875 0.05555555555555555
