2 0.102734375 0.2520833333333333 0.20546875 0.44583333333333336
1 0.411328125 0.325 0.02890625 0.030555555555555555
0 0.5574218750000001 0.32083333333333336 0.00703125 0.030555555555555555
0 0.568359375 0.32083333333333336 0.00390625 0.025
0 0.58828125 0.3194444444444444 0.0046875 0.03333333333333333
0 0.592578125 0.3194444444444444 0.00390625 0.03333333333333333
0 0.6062500000000001 0.31666666666666665 0.00625 0.041666666666666664
0 0.63125 0.31666666666666665 0.0078125 0.05555555555555555
0 0.6421875 0.3125 0.00625 0.058333333333333334
0 0.6484375 0.31527777777777777 0.009375 0.06388888888888888
0 0.658203125 0.31319444444444444 0.01328125 0.0625
0 0.692578125 0.3201388888888889 0.01484375 0.08194444444444444
0 0.7023437499999999 0.31875 0.0125 0.0763888888888889
0 0.7125 0.3173611111111111 0.0078125 0.07361111111111111
0 0.9460937500000001 0.31527777777777777 0.0296875 0.175
0 0.900390625 0.31805555555555554 0.02890625 0.16111111111111112
0 0.8828125 0.32569444444444445 0.015625 0.12361111111111112
0 0.971875 0.31527777777777777 0.0265625 0.15555555555555556
