0 0.35820312499999996 0.31180555555555556 0.00859375 0.05694444444444444
0 0.34296875 0.30833333333333335 0.0125 0.08333333333333333
0 0.309765625 0.30972222222222223 0.01015625 0.06111111111111111
1 0.532421875 0.32708333333333334 0.01171875 0.018055555555555554
0 0.552734375 0.33055555555555555 0.01171875 0.044444444444444446
1 0.673828125 0.375 0.21015625 0.20277777777777778
5 0.9921875 0.3958333333333333 0.015625 0.06944444444444445
0 0.765234375 0.325 0.01015625 0.05277777777777778
0 0.75078125 0.31875 0.009375 0.04027777777777778
3 0.471484375 0.3125 0.03359375 0.075
0 0.34921874999999997 0.3076388888888889 0.00625 0.059722222222222225
0 0.36796875 0.3111111111111111 0.009375 0.05555555555555555
0 0.40078125 0.3145833333333333 0.0078125 0.034722222222222224
0 0.409375 0.3138888888888889 0.0078125 0.03611111111111111
0 0.419921875 0.3138888888888889 0.00546875 0.03611111111111111
0 0.43984375 0.31527777777777777 0.0046875 0.030555555555555555
0 0.42734374999999997 0.3159722222222222 0.0046875 0.034722222222222224
0 0.99296875 0.3361111111111111 0.0078125 0.06388888888888888
0 0.8859374999999999 0.3763888888888889 0.028125 0.18611111111111112
0 0.861328125 0.38125 0.02890625 0.1597222222222222
3 0.569140625 0.32708333333333334 0.02421875 0.04861111111111111
1 0.553515625 0.3284722222222222 0.01953125 0.029166666666666667
1 0.541015625 0.3277777777777778 0.00859375 0.022222222222222223
0 0.31796875 0.3111111111111111 0.0078125 0.06666666666666667
0 0.328125 0.30694444444444446 0.0140625 0.08333333333333333
0 0.416015625 0.3125 0.00390625 0.03611111111111111
1 0.180078125 0.2965277777777778 0.05234375 0.09027777777777778
1 0.230859375 0.30694444444444446 0.03984375 0.06388888888888888
1 0.26484375 0.30625 0.0453125 0.05138888888888889
1 0.124609375 0.3027777777777778 0.07109375 0.08611111111111111
1 0.075390625 0.29930555555555555 0.02890625 0.10138888888888889
1 0.010546875 0.2895833333333333 0.02109375 0.12361111111111112
