1 0.91171875 0.4375 0.1765625 0.5305555555555556
0 0.80390625 0.3368055555555555 0.0109375 0.07361111111111111
0 0.7859375 0.34791666666666665 0.0203125 0.10416666666666667
0 0.6984375 0.3229166666666667 0.0078125 0.029166666666666667
0 0.518359375 0.32708333333333334 0.00859375 0.04027777777777778
0 0.31328124999999996 0.3048611111111111 0.0125 0.06527777777777778
0 0.325390625 0.30833333333333335 0.01015625 0.06388888888888888
0 0.333203125 0.30972222222222223 0.01015625 0.06111111111111111
0 0.340625 0.3125 0.0109375 0.058333333333333334
0 0.34921875 0.3145833333333333 0.009375 0.05694444444444444
0 0.356640625 0.30902777777777773 0.01171875 0.07361111111111111
0 0.36796874999999996 0.3104166666666667 0.0125 0.07083333333333333
0 0.409765625 0.31319444444444444 0.00703125 0.034722222222222224
0 0.41796875 0.3138888888888889 0.00625 0.03611111111111111
0 0.43906249999999997 0.3159722222222222 0.0046875 0.034722222222222224
0 0.44453125 0.31805555555555554 0.00625 0.03333333333333333
1 0.5328125 0.3270833333333333 0.0109375 0.015277777777777777
1 0.65859375 0.34375 0.0953125 0.09583333333333334
1 0.596484375 0.33333333333333337 0.03984375 0.05277777777777778
3 0.5726562500000001 0.3256944444444444 0.0296875 0.04583333333333333
1 0.552734375 0.3277777777777778 0.01953125 0.027777777777777776
1 0.541015625 0.32708333333333334 0.01015625 0.020833333333333332
3 0.471484375 0.31180555555555556 0.03359375 0.07361111111111111
1 0.180078125 0.2965277777777778 0.05234375 0.09027777777777778
1 0.230859375 0.30694444444444446 0.03984375 0.06388888888888888
1 0.26484375 0.30625 0.0453125 0.05138888888888889
1 0.294140625 0.3069444444444444 0.03359375 0.044444444444444446
1 0.124609375 0.3027777777777778 0.07109375 0.08611111111111111
1 0.075390625 0.29930555555555555 0.02890625 0.10138888888888889
1 0.010546875 0.2895833333333333 0.02109375 0.12361111111111112
