1 0.350390625 0.3111111111111111 0.05234375 0.030555555555555555
0 0.828125 0.3513888888888889 0.015625 0.08333333333333333
0 0.7546875000000001 0.34375 0.00625 0.0625
0 0.5109374999999999 0.3229166666666667 0.0046875 0.029166666666666667
0 0.345703125 0.3104166666666667 0.00703125 0.05138888888888889
1 0.5328125 0.3270833333333333 0.0109375 0.015277777777777777
1 0.235546875 0.30625 0.04296875 0.0625
1 0.124609375 0.3027777777777778 0.07109375 0.08611111111111111
1 0.075390625 0.29930555555555555 0.02890625 0.10138888888888889
1 0.26328125 0.3076388888888889 0.0453125 0.05416666666666667
1 0.294921875 0.30694444444444446 0.04140625 0.04722222222222222
1 0.65859375 0.34375 0.0953125 0.09583333333333334
1 0.596484375 0.33333333333333337 0.03984375 0.05277777777777778
3 0.5726562500000001 0.3256944444444444 0.0296875 0.04583333333333333
1 0.552734375 0.3277777777777778 0.01953125 0.027777777777777776
1 0.541015625 0.32708333333333334 0.01015625 0.020833333333333332
1 0.010546875 0.2895833333333333 0.02109375 0.12361111111111112
0 0.948046875 0.36250000000000004 0.01953125 0.1388888888888889
0 0.9390624999999999 0.36180555555555555 0.009375 0.15694444444444444
0 0.984765625 0.4 0.03046875 0.20833333333333334
0 0.985546875 0.36319444444444443 0.02578125 0.19583333333333333
0 0.409375 0.3145833333333333 0.0078125 0.04583333333333333
0 0.209765625 0.29791666666666666 0.02109375 0.11527777777777778
0 0.241015625 0.30416666666666664 0.01171875 0.10555555555555556
0 0.3546875 0.30833333333333335 0.0078125 0.05555555555555555
0 0.375390625 0.3145833333333333 0.00390625 0.04027777777777778
0 0.370703125 0.31180555555555556 0.00546875 0.04027777777777778
0 0.401171875 0.31180555555555556 0.00703125 0.04861111111111111
0 0.393359375 0.3125 0.00546875 0.03888888888888889
3 0.471484375 0.31180555555555556 0.03359375 0.07361111111111111
1 0.17890625 0.2965277777777778 0.05 0.09027777777777778
