0 0.97109375 0.37083333333333335 0.01875 0.1388888888888889
0 0.71953125 0.3368055555555556 0.009375 0.05694444444444444
1 0.009765625 0.2881944444444444 0.01953125 0.12361111111111112
1 0.5328125 0.3270833333333333 0.0109375 0.015277777777777777
1 0.350390625 0.3111111111111111 0.05234375 0.030555555555555555
1 0.23046875 0.30625 0.0390625 0.0625
1 0.124609375 0.3027777777777778 0.07109375 0.08611111111111111
1 0.075390625 0.29930555555555555 0.02890625 0.10138888888888889
1 0.17890625 0.29583333333333334 0.0546875 0.09166666666666666
1 0.26328125 0.3076388888888889 0.0453125 0.05416666666666667
1 0.298046875 0.30763888888888885 0.03515625 0.04583333333333333
1 0.65859375 0.34375 0.0953125 0.09583333333333334
1 0.596484375 0.33333333333333337 0.03984375 0.05277777777777778
3 0.5726562500000001 0.3256944444444444 0.0296875 0.04583333333333333
1 0.552734375 0.3277777777777778 0.01953125 0.027777777777777776
1 0.541015625 0.32708333333333334 0.01015625 0.020833333333333332
5 0.9921875 0.3916666666666667 0.015625 0.07777777777777778
0 0.269921875 0.3 0.01796875 0.11666666666666667
0 0.26289062500000004 0.30416666666666664 0.02265625 0.10277777777777777
0 0.33945312499999997 0.3090277777777778 0.00859375 0.04861111111111111
0 0.345703125 0.3104166666666667 0.00546875 0.04861111111111111
3 0.471484375 0.31180555555555556 0.03359375 0.07361111111111111
