1 0.931640625 0.3298611111111111 0.05390625 0.09861111111111111
0 0.6515625 0.32361111111111107 0.0109375 0.07222222222222222
0 0.144140625 0.3458333333333333 0.01484375 0.075
0 0.19570312499999998 0.3326388888888889 0.01015625 0.07361111111111111
0 0.32109375 0.3145833333333333 0.00625 0.03194444444444444
3 0.450390625 0.3159722222222222 0.01328125 0.029166666666666667
0 0.48867187500000003 0.3236111111111111 0.00546875 0.025
3 0.5070312499999999 0.31875000000000003 0.009375 0.018055555555555554
0 0.236328125 0.325 0.00859375 0.06666666666666667
0 0.24453124999999998 0.32291666666666663 0.0140625 0.07361111111111111
0 0.363671875 0.32569444444444445 0.00859375 0.04027777777777778
0 0.37148437500000003 0.3277777777777778 0.00546875 0.041666666666666664
1 0.47109375 0.32152777777777775 0.0125 0.015277777777777777
0 0.638671875 0.32152777777777775 0.01171875 0.06805555555555555
