0 0.641796875 0.3138888888888889 0.01015625 0.05555555555555555
0 0.6179687500000001 0.31319444444444444 0.00625 0.0625
0 0.6039062500000001 0.3138888888888889 0.00625 0.06111111111111111
0 0.594140625 0.3048611111111111 0.00859375 0.03194444444444444
0 0.5816406249999999 0.3041666666666667 0.00546875 0.019444444444444445
0 0.5519531249999999 0.31805555555555554 0.00546875 0.044444444444444446
0 0.405078125 0.3263888888888889 0.00390625 0.022222222222222223
0 0.395703125 0.32569444444444445 0.00390625 0.02361111111111111
0 0.349609375 0.32708333333333334 0.00703125 0.04027777777777778
0 0.34296875 0.3277777777777778 0.009375 0.044444444444444446
0 0.255859375 0.3354166666666667 0.01015625 0.059722222222222225
0 0.17421875 0.34444444444444444 0.0109375 0.08333333333333333
0 0.140625 0.34305555555555556 0.00625 0.07222222222222222
0 0.046484375 0.34444444444444444 0.01015625 0.08055555555555556
0 0.015234375 0.34791666666666665 0.01796875 0.12638888888888888
0 0.0171875 0.34375 0.015625 0.12638888888888888
0 0.99296875 0.34652777777777777 0.0125 0.17083333333333334
0 0.775390625 0.3145833333333333 0.01796875 0.13194444444444445
0 0.755859375 0.32013888888888886 0.02578125 0.12638888888888888
0 0.7296875 0.3215277777777778 0.01875 0.12361111111111112
0 0.5687500000000001 0.3138888888888889 0.00625 0.03333333333333333
0 0.5625 0.3194444444444444 0.0046875 0.03333333333333333
0 0.5324218749999999 0.32569444444444445 0.00859375 0.04027777777777778
0 0.5425781249999999 0.3277777777777778 0.00546875 0.03888888888888889
0 0.32578124999999997 0.3298611111111111 0.00625 0.04027777777777778
0 0.291796875 0.3319444444444445 0.01015625 0.04722222222222222
0 0.284765625 0.3347222222222222 0.00703125 0.044444444444444446
0 0.318359375 0.33055555555555555 0.00546875 0.044444444444444446
0 0.11171874999999999 0.34236111111111106 0.0109375 0.10694444444444444
0 0.096875 0.35208333333333336 0.015625 0.09027777777777778
