1 0.75 0.34375 0.0546875 0.0763888888888889
0 0.907421875 0.3375 0.01484375 0.12222222222222222
0 0.9890625 0.3361111111111111 0.015625 0.06666666666666667
0 0.18398437499999998 0.3229166666666667 0.01015625 0.059722222222222225
0 0.16484374999999998 0.32916666666666666 0.0109375 0.06944444444444445
0 0.12968749999999998 0.32499999999999996 0.0140625 0.07222222222222222
0 0.138671875 0.32708333333333334 0.00703125 0.06527777777777778
0 0.44609375 0.3125 0.0109375 0.04722222222222222
0 0.45234375 0.31319444444444444 0.009375 0.04861111111111111
0 0.9640625 0.3138888888888889 0.015625 0.07777777777777778
0 0.9796875 0.3173611111111111 0.0109375 0.07916666666666666
