5 0.044921875 0.41527777777777775 0.08984375 0.5611111111111111
1 0.519140625 0.3284722222222222 0.01640625 0.02638888888888889
0 0.59609375 0.325 0.0109375 0.06111111111111111
1 0.818359375 0.46319444444444446 0.36328125 0.45694444444444443
1 0.5 0.32499999999999996 0.009375 0.013888888888888888
0 0.092578125 0.37083333333333335 0.04921875 0.17222222222222222
1 0.987109375 0.2659722222222222 0.02421875 0.13194444444444445
0 0.5230468749999999 0.32916666666666666 0.00546875 0.03333333333333333
1 0.511328125 0.3263888888888889 0.00703125 0.019444444444444445
3 0.450390625 0.32083333333333336 0.02421875 0.06111111111111111
1 0.469140625 0.3277777777777778 0.01171875 0.025
1 0.47734375 0.32708333333333334 0.00625 0.020833333333333332
3 0.41132812500000004 0.3222222222222222 0.07734375 0.1
1 0.208984375 0.3236111111111111 0.08359375 0.08333333333333333
1 0.16171875000000002 0.3159722222222222 0.025 0.06805555555555555
0 0.14375 0.3201388888888889 0.0109375 0.0875
1 0.12578125 0.3159722222222222 0.025 0.0625
1 0.9070312500000001 0.2798611111111111 0.096875 0.11527777777777778
