0 0.36171875000000003 0.3388888888888889 0.0109375 0.05555555555555555
1 0.023046874999999998 0.3798611111111111 0.04140625 0.09583333333333334
3 0.287890625 0.3361111111111111 0.10703125 0.10277777777777777
5 0.393359375 0.3416666666666666 0.01953125 0.044444444444444446
1 0.440234375 0.33819444444444446 0.04296875 0.03194444444444444
1 0.473828125 0.3340277777777778 0.02421875 0.02638888888888889
1 0.450390625 0.31875 0.02578125 0.015277777777777777
0 0.43125 0.35347222222222224 0.0234375 0.09583333333333334
1 0.199609375 0.34305555555555556 0.07109375 0.04722222222222222
1 0.127734375 0.3784722222222222 0.12265625 0.0875
1 0.08085937500000001 0.35347222222222224 0.06953125 0.06527777777777778
