1 0.22539062499999998 0.32638888888888884 0.03359375 0.04722222222222222
0 0.3203125 0.31319444444444444 0.00625 0.04027777777777778
0 0.31406249999999997 0.3111111111111111 0.0046875 0.03611111111111111
1 0.37421875 0.3069444444444444 0.0296875 0.03888888888888889
1 0.40156250000000004 0.30624999999999997 0.0421875 0.04583333333333333
1 0.429296875 0.30486111111111114 0.02890625 0.0625
5 0.5207031249999999 0.32291666666666663 0.05234375 0.06805555555555555
1 0.5964843750000001 0.3138888888888889 0.04921875 0.03888888888888889
3 0.677734375 0.31527777777777777 0.04453125 0.06666666666666667
3 0.783203125 0.33194444444444443 0.06640625 0.15
4 0.867578125 0.34375 0.03046875 0.04027777777777778
1 0.93828125 0.3194444444444444 0.109375 0.12777777777777777
0 0.923828125 0.3138888888888889 0.01171875 0.14444444444444443
3 0.7234375 0.3236111111111111 0.0171875 0.03333333333333333
