5 0.980859375 0.4180555555555555 0.03671875 0.34444444444444444
1 0.780078125 0.4027777777777778 0.33984375 0.3416666666666667
5 0.576171875 0.3520833333333333 0.07265625 0.09861111111111111
0 0.5882812500000001 0.30069444444444443 0.021875 0.07083333333333333
1 0.5109375 0.32430555555555557 0.0734375 0.09861111111111111
3 0.47109375000000003 0.3173611111111111 0.0171875 0.043055555555555555
3 0.441015625 0.3111111111111111 0.02265625 0.05
1 0.415234375 0.3173611111111111 0.02421875 0.029166666666666667
5 0.15390625 0.3576388888888889 0.1640625 0.33194444444444443
3 0.3015625 0.3208333333333333 0.178125 0.20277777777777778
0 0.513671875 0.3222222222222222 0.02109375 0.15555555555555556
