1 0.060937500000000006 0.3458333333333333 0.0171875 0.04722222222222222
5 0.043359375000000006 0.3555555555555555 0.02109375 0.07777777777777778
0 0.09492187499999999 0.3416666666666667 0.01484375 0.08888888888888889
0 0.115625 0.33819444444444446 0.0125 0.09027777777777778
0 0.46484375 0.3354166666666667 0.028125 0.14583333333333334
1 0.567578125 0.31319444444444444 0.01796875 0.034722222222222224
3 0.592578125 0.30833333333333335 0.03515625 0.06388888888888888
1 0.628125 0.31805555555555554 0.0234375 0.04722222222222222
0 0.6234375 0.3201388888888889 0.009375 0.05694444444444444
1 0.6691406249999999 0.33055555555555555 0.07109375 0.09444444444444444
1 0.803125 0.3979166666666667 0.2140625 0.24583333333333332
