1 0.11953125 0.36875 0.1046875 0.09305555555555556
1 0.28593749999999996 0.3451388888888889 0.04375 0.020833333333333332
1 0.40859375000000003 0.3340277777777778 0.0265625 0.02638888888888889
3 0.431640625 0.33055555555555555 0.01953125 0.025
5 0.49140625000000004 0.34861111111111115 0.0421875 0.11388888888888889
3 0.568359375 0.3229166666666667 0.01171875 0.029166666666666667
1 0.572265625 0.33055555555555555 0.00703125 0.022222222222222223
1 0.584765625 0.32916666666666666 0.01640625 0.03333333333333333
1 0.596484375 0.33402777777777776 0.02421875 0.034722222222222224
1 0.61796875 0.3368055555555556 0.025 0.04861111111111111
1 0.6746093750000001 0.33958333333333335 0.09296875 0.09583333333333334
