2 0.8421875 0.3159722222222222 0.0203125 0.04583333333333333
0 0.812109375 0.34652777777777777 0.03828125 0.2375
0 0.8250000000000001 0.3680555555555556 0.0109375 0.08888888888888889
0 0.73125 0.3416666666666667 0.0359375 0.17777777777777778
0 0.663671875 0.34375 0.05078125 0.30694444444444446
0 0.516015625 0.34652777777777777 0.06640625 0.19583333333333333
3 0.4625 0.3076388888888889 0.0625 0.04861111111111111
3 0.38125 0.3020833333333333 0.078125 0.06805555555555555
3 0.30312500000000003 0.32152777777777775 0.05625 0.04027777777777778
1 0.18125 0.33819444444444446 0.03125 0.02638888888888889
1 0.1390625 0.37430555555555556 0.1 0.10138888888888889
1 0.051171875 0.3909722222222222 0.10234375 0.49583333333333335
