1 0.8714843750000001 0.45 0.25546875 0.45
1 0.6417968749999999 0.3375 0.02109375 0.05
5 0.440234375 0.32430555555555557 0.01328125 0.034722222222222224
1 0.466015625 0.31805555555555554 0.03359375 0.041666666666666664
0 0.47617187499999997 0.31527777777777777 0.01640625 0.075
0 0.48828125 0.3194444444444444 0.0078125 0.06944444444444445
0 0.498046875 0.3145833333333333 0.01640625 0.09583333333333334
0 0.514453125 0.325 0.00859375 0.06111111111111111
0 0.5339843750000001 0.32222222222222224 0.01796875 0.08888888888888889
0 0.5503906249999999 0.32013888888888886 0.01328125 0.0763888888888889
