1 0.983203125 0.3680555555555555 0.03203125 0.09722222222222222
5 0.033203125 0.49583333333333335 0.06640625 0.35
0 0.28046875 0.36875 0.09375 0.4097222222222222
1 0.357421875 0.36041666666666666 0.12578125 0.1486111111111111
5 0.46054687499999997 0.33541666666666664 0.01640625 0.04583333333333333
5 0.449609375 0.3375 0.01015625 0.030555555555555555
3 0.48671875000000003 0.32430555555555557 0.0171875 0.03194444444444444
1 0.500390625 0.3236111111111111 0.00859375 0.019444444444444445
1 0.534765625 0.3277777777777778 0.01953125 0.027777777777777776
3 0.58046875 0.32361111111111107 0.0703125 0.10833333333333334
0 0.6515624999999999 0.3520833333333333 0.0203125 0.04027777777777778
