1 0.063671875 0.38055555555555554 0.12734375 0.18888888888888888
1 0.23203125 0.32569444444444445 0.0375 0.05138888888888889
5 0.272265625 0.35 0.02890625 0.10277777777777777
1 0.273046875 0.32569444444444445 0.03046875 0.07083333333333333
0 0.708203125 0.32222222222222224 0.01171875 0.08611111111111111
5 0.759375 0.34791666666666665 0.015625 0.059722222222222225
1 0.775390625 0.3458333333333333 0.01328125 0.041666666666666664
0 0.7875 0.34305555555555556 0.0078125 0.058333333333333334
0 0.796875 0.34861111111111115 0.009375 0.05555555555555555
0 0.812109375 0.3493055555555556 0.00703125 0.05416666666666667
