3 0.0671875 0.30972222222222223 0.0828125 0.10833333333333334
1 0.171484375 0.3333333333333333 0.04140625 0.044444444444444446
1 0.258984375 0.34444444444444444 0.08203125 0.058333333333333334
1 0.3671875 0.33819444444444446 0.0296875 0.02361111111111111
1 0.47109375 0.3402777777777778 0.0140625 0.016666666666666666
1 0.491796875 0.3416666666666666 0.01171875 0.013888888888888888
1 0.584765625 0.34375 0.03671875 0.020833333333333332
0 0.613671875 0.34027777777777773 0.00703125 0.041666666666666664
0 0.63984375 0.33958333333333335 0.0078125 0.05138888888888889
0 0.650390625 0.3368055555555555 0.00703125 0.04583333333333333
0 0.6578125 0.3381944444444444 0.0078125 0.04583333333333333
5 0.72265625 0.36319444444444443 0.0578125 0.1625
0 0.935546875 0.3194444444444444 0.01328125 0.13055555555555556
0 0.919921875 0.33125 0.01796875 0.15138888888888888
0 0.911328125 0.325 0.01171875 0.125
