1 0.09921875 0.3416666666666667 0.0625 0.06388888888888888
3 0.06796875 0.31527777777777777 0.084375 0.10555555555555556
1 0.29531250000000003 0.33888888888888885 0.0578125 0.041666666666666664
2 0.363671875 0.3229166666666667 0.05546875 0.05138888888888889
1 0.433203125 0.3388888888888889 0.02890625 0.03333333333333333
1 0.544921875 0.3333333333333333 0.04140625 0.030555555555555555
0 0.57109375 0.33194444444444443 0.0078125 0.03611111111111111
0 0.5921875 0.33055555555555555 0.0078125 0.044444444444444446
0 0.6 0.3298611111111111 0.0078125 0.043055555555555555
0 0.606640625 0.32916666666666666 0.00703125 0.041666666666666664
0 0.779296875 0.3298611111111111 0.04453125 0.3013888888888889
0 0.8609374999999999 0.3298611111111111 0.0640625 0.4597222222222222
0 0.9109375000000001 0.30625 0.034375 0.24861111111111112
