3 0.06015625 0.2791666666666667 0.1203125 0.19722222222222222
1 0.17109375000000002 0.33402777777777776 0.028125 0.04583333333333333
1 0.230859375 0.3402777777777778 0.05859375 0.05
3 0.45 0.3256944444444444 0.01875 0.043055555555555555
1 0.60625 0.3277777777777778 0.1265625 0.11944444444444445
0 0.724609375 0.32430555555555557 0.03046875 0.23194444444444445
0 0.77421875 0.32152777777777775 0.0515625 0.3347222222222222
0 0.8304687500000001 0.3090277777777778 0.0140625 0.19027777777777777
3 0.126171875 0.3083333333333333 0.01484375 0.07222222222222222
1 0.353515625 0.33611111111111114 0.02578125 0.022222222222222223
