0 0.6011718749999999 0.3277777777777778 0.00546875 0.03888888888888889
0 0.593359375 0.32916666666666666 0.00703125 0.03888888888888889
0 0.605859375 0.3277777777777778 0.00546875 0.03888888888888889
0 0.667578125 0.3263888888888889 0.02421875 0.19444444444444445
0 0.71171875 0.3194444444444444 0.0390625 0.2611111111111111
0 0.7433593749999999 0.32013888888888886 0.00859375 0.09583333333333334
0 0.81953125 0.2659722222222222 0.0234375 0.10138888888888889
0 0.6300781249999999 0.325 0.00546875 0.03611111111111111
0 0.648828125 0.32291666666666663 0.00703125 0.04027777777777778
0 0.58046875 0.3298611111111111 0.0078125 0.0375
0 0.571484375 0.33055555555555555 0.00703125 0.03333333333333333
1 0.552734375 0.3340277777777778 0.03046875 0.018055555555555554
0 0.774609375 0.31180555555555556 0.01171875 0.16805555555555557
1 0.15234375 0.3375 0.0671875 0.058333333333333334
3 0.10820312500000001 0.3173611111111111 0.07734375 0.09027777777777778
3 0.18046875 0.3284722222222222 0.0234375 0.05138888888888889
1 0.051171875 0.3409722222222222 0.06796875 0.07361111111111111
1 0.38984375000000004 0.33194444444444443 0.0265625 0.027777777777777776
1 0.361328125 0.3340277777777778 0.02421875 0.020833333333333332
0 0.622265625 0.32569444444444445 0.00703125 0.034722222222222224
1 0.453125 0.3347222222222222 0.0125 0.013888888888888888
5 0.01171875 0.35694444444444445 0.0234375 0.09722222222222222
