1 0.022265625 0.33055555555555555 0.04296875 0.041666666666666664
1 0.009765625 0.3368055555555555 0.01953125 0.04027777777777778
1 0.055859375 0.3305555555555556 0.02578125 0.05
3 0.249609375 0.3111111111111111 0.01484375 0.041666666666666664
3 0.33671875 0.29583333333333334 0.071875 0.10277777777777777
0 0.453515625 0.2923611111111111 0.00859375 0.02638888888888889
1 0.418359375 0.32708333333333334 0.09765625 0.0875
5 0.5460937499999999 0.3006944444444445 0.0171875 0.04861111111111111
0 0.532421875 0.30486111111111114 0.01015625 0.05694444444444444
5 0.598828125 0.30624999999999997 0.01796875 0.0375
0 0.6125 0.3013888888888889 0.0078125 0.03888888888888889
0 0.65 0.3034722222222222 0.00625 0.04027777777777778
1 0.75625 0.33541666666666664 0.0234375 0.0375
1 0.83203125 0.3513888888888889 0.0171875 0.022222222222222223
0 0.865625 0.3541666666666667 0.0078125 0.058333333333333334
1 0.7437499999999999 0.3340277777777778 0.009375 0.02361111111111111
