5 0.189453125 0.30833333333333335 0.05078125 0.08055555555555556
5 0.023828125 0.34097222222222223 0.04765625 0.1125
1 0.551171875 0.29444444444444445 0.02265625 0.025
0 0.5832031249999999 0.30486111111111114 0.00546875 0.029166666666666667
2 0.7378906249999999 0.31180555555555556 0.02109375 0.04027777777777778
0 0.8035156250000001 0.3243055555555555 0.01796875 0.1597222222222222
0 0.227734375 0.29305555555555557 0.01171875 0.06944444444444445
0 0.24375 0.2923611111111111 0.01875 0.0875
3 0.642578125 0.30416666666666664 0.02265625 0.03888888888888889
1 0.662109375 0.31180555555555556 0.01484375 0.018055555555555554
1 0.69453125 0.31805555555555554 0.0265625 0.041666666666666664
