3 0.94375 0.32916666666666666 0.040625 0.09444444444444444
1 0.02734375 0.34305555555555556 0.01875 0.03888888888888889
3 0.1625 0.25763888888888886 0.0890625 0.24583333333333332
0 0.236328125 0.34375 0.00703125 0.05138888888888889
1 0.32734375000000004 0.33958333333333335 0.153125 0.15138888888888888
1 0.424609375 0.3305555555555556 0.02109375 0.019444444444444445
2 0.4875 0.2895833333333333 0.09375 0.15416666666666667
3 0.5457031250000001 0.3256944444444444 0.02578125 0.043055555555555555
0 0.631640625 0.32916666666666666 0.00859375 0.06111111111111111
0 0.6558593749999999 0.33055555555555555 0.01328125 0.09722222222222222
0 0.7296874999999999 0.33402777777777776 0.0203125 0.09861111111111111
0 0.8089843750000001 0.35347222222222224 0.01796875 0.1486111111111111
0 0.967578125 0.34444444444444444 0.01328125 0.10277777777777777
