1 0.111328125 0.34930555555555554 0.22265625 0.2263888888888889
2 0.39765625 0.30416666666666664 0.0703125 0.075
3 0.416015625 0.31527777777777777 0.04609375 0.05555555555555555
1 0.463671875 0.31527777777777777 0.01796875 0.025
1 0.48046875 0.3173611111111111 0.0265625 0.0375
1 0.536328125 0.31875 0.02265625 0.03194444444444444
0 0.8425781250000001 0.32013888888888886 0.00703125 0.0625
0 0.837109375 0.32083333333333336 0.01015625 0.06111111111111111
5 0.9 0.35000000000000003 0.015625 0.08333333333333333
0 0.9582031249999999 0.34930555555555554 0.00859375 0.09861111111111111
5 0.96875 0.36319444444444443 0.015625 0.0875
