3 0.011328125 0.3388888888888889 0.02265625 0.06111111111111111
1 0.06640625 0.3506944444444444 0.08125 0.0763888888888889
3 0.12890625 0.33541666666666664 0.03125 0.0375
0 0.12109375 0.34375 0.0046875 0.043055555555555555
1 0.189453125 0.34652777777777777 0.03046875 0.02361111111111111
1 0.234375 0.33819444444444446 0.0234375 0.018055555555555554
1 0.33984375 0.33125 0.0171875 0.0125
1 0.35312499999999997 0.3284722222222222 0.0140625 0.0125
1 0.373046875 0.3284722222222222 0.02109375 0.015277777777777777
1 0.44882812499999997 0.3277777777777777 0.03984375 0.04722222222222222
1 0.5281250000000001 0.3236111111111111 0.01875 0.030555555555555555
2 0.569921875 0.3159722222222222 0.01640625 0.03194444444444444
2 0.645703125 0.3138888888888889 0.05859375 0.058333333333333334
0 0.8328125 0.33541666666666664 0.0046875 0.04027777777777778
0 0.9203125000000001 0.33819444444444446 0.00625 0.05138888888888889
