1 0.111328125 0.33611111111111114 0.02265625 0.016666666666666666
1 0.14375 0.3347222222222222 0.021875 0.013888888888888888
1 0.182421875 0.33125 0.03203125 0.034722222222222224
0 0.384375 0.3194444444444444 0.0078125 0.06111111111111111
0 0.42226562500000003 0.31319444444444444 0.00703125 0.0625
0 0.4484375 0.3208333333333333 0.0046875 0.041666666666666664
0 0.48515624999999996 0.31875 0.0046875 0.0375
1 0.47734375 0.3229166666666667 0.03125 0.02638888888888889
1 0.55234375 0.32708333333333334 0.03125 0.029166666666666667
3 0.581640625 0.31666666666666665 0.03359375 0.027777777777777776
3 0.6062500000000001 0.3256944444444444 0.0109375 0.015277777777777777
0 0.97890625 0.2951388888888889 0.009375 0.043055555555555555
2 0.6171875 0.31875000000000003 0.009375 0.02638888888888889
