3 0.020703125 0.2972222222222222 0.04140625 0.06944444444444445
1 0.078125 0.35 0.071875 0.07222222222222222
1 0.161328125 0.3472222222222222 0.08984375 0.06111111111111111
3 0.205078125 0.2833333333333333 0.07109375 0.08333333333333333
1 0.26640625 0.34375 0.1140625 0.08472222222222223
3 0.31210937499999997 0.31180555555555556 0.02421875 0.018055555555555554
1 0.363671875 0.3291666666666667 0.05078125 0.04722222222222222
1 0.408203125 0.32222222222222224 0.02890625 0.025
1 0.424609375 0.3083333333333333 0.01796875 0.011111111111111112
1 0.497265625 0.3159722222222222 0.02421875 0.0375
1 0.566796875 0.31319444444444444 0.02421875 0.02638888888888889
1 0.692578125 0.33194444444444443 0.06953125 0.06111111111111111
1 0.861328125 0.4305555555555556 0.27578125 0.41944444444444445
1 0.0296875 0.3736111111111111 0.059375 0.15
