0 0.173828125 0.2791666666666667 0.00703125 0.06666666666666667
0 0.2328125 0.2826388888888889 0.0109375 0.05694444444444444
0 0.29375 0.2868055555555556 0.00625 0.04861111111111111
1 0.398046875 0.2923611111111111 0.02265625 0.02361111111111111
1 0.5589843750000001 0.30763888888888885 0.01796875 0.015277777777777777
3 0.583203125 0.30347222222222225 0.02578125 0.02638888888888889
5 0.744921875 0.3569444444444444 0.05078125 0.16944444444444445
5 0.841796875 0.3590277777777778 0.14921875 0.22916666666666666
5 0.927734375 0.41875 0.14296875 0.3875
1 0.03359375 0.2659722222222222 0.0125 0.04861111111111111
