0 0.957421875 0.35625 0.03203125 0.1597222222222222
0 0.9765625 0.33402777777777776 0.0140625 0.12638888888888888
0 0.9453125 0.3527777777777778 0.015625 0.09444444444444444
2 0.750390625 0.24861111111111112 0.35546875 0.39166666666666666
1 0.5480468749999999 0.3201388888888889 0.03671875 0.04861111111111111
2 0.518359375 0.30833333333333335 0.01953125 0.03611111111111111
1 0.478125 0.3166666666666667 0.009375 0.022222222222222223
2 0.458984375 0.30625 0.02734375 0.05138888888888889
1 0.03828125 0.34444444444444444 0.0765625 0.11666666666666667
1 0.11875 0.34375 0.0796875 0.06527777777777778
1 0.244921875 0.33402777777777776 0.17578125 0.1597222222222222
1 0.340625 0.3194444444444445 0.01875 0.027777777777777776
1 0.369140625 0.3159722222222222 0.03671875 0.04027777777777778
1 0.4 0.31666666666666665 0.025 0.025
1 0.41953125 0.3166666666666667 0.0171875 0.019444444444444445
1 0.43515625 0.3159722222222222 0.0171875 0.015277777777777777
