1 0.030468750000000003 0.42916666666666664 0.0109375 0.03888888888888889
1 0.0765625 0.4222222222222223 0.021875 0.04722222222222222
1 0.0546875 0.41180555555555554 0.009375 0.029166666666666667
5 0.46367187499999996 0.3388888888888889 0.03984375 0.09722222222222222
5 0.49296875 0.3298611111111111 0.0171875 0.05694444444444444
5 0.609765625 0.33125000000000004 0.03203125 0.07916666666666666
1 0.81953125 0.4576388888888889 0.3578125 0.6041666666666666
0 0.5078125 0.32708333333333334 0.01875 0.08472222222222223
0 0.365234375 0.35277777777777775 0.02421875 0.1388888888888889
0 0.415625 0.3013888888888889 0.0171875 0.027777777777777776
