0 0.82265625 0.33819444444444446 0.009375 0.09583333333333334
0 0.7410156250000001 0.3368055555555556 0.01484375 0.0875
0 0.6859375000000001 0.30416666666666664 0.0140625 0.075
0 0.6375 0.31319444444444444 0.0125 0.05138888888888889
1 0.574609375 0.3340277777777778 0.06640625 0.08194444444444444
1 0.531640625 0.3368055555555555 0.02109375 0.04027777777777778
1 0.515234375 0.32569444444444445 0.01640625 0.020833333333333332
3 0.503125 0.31527777777777777 0.0125 0.027777777777777776
1 0.5046875 0.32222222222222224 0.0078125 0.016666666666666666
3 0.44882812499999997 0.3145833333333334 0.01015625 0.018055555555555554
0 0.8324218750000001 0.34305555555555556 0.01015625 0.09166666666666666
