1 0.024609375000000003 0.3375 0.03828125 0.05277777777777778
1 0.159375 0.33958333333333335 0.0796875 0.06527777777777778
1 0.21640625000000002 0.33472222222222225 0.040625 0.04722222222222222
1 0.350390625 0.33125 0.05859375 0.04027777777777778
1 0.40078125000000003 0.33402777777777776 0.0421875 0.034722222222222224
2 0.465625 0.30694444444444446 0.0796875 0.09444444444444444
1 0.5632812500000001 0.3319444444444445 0.0140625 0.016666666666666666
0 0.6546875 0.33541666666666664 0.0046875 0.0375
0 0.67421875 0.33749999999999997 0.0046875 0.041666666666666664
0 0.723046875 0.3402777777777778 0.00859375 0.04722222222222222
0 0.769921875 0.34305555555555556 0.01484375 0.06388888888888888
0 0.806640625 0.3506944444444444 0.01953125 0.07916666666666666
0 0.8113281250000001 0.35277777777777775 0.01796875 0.06944444444444445
0 0.85546875 0.35694444444444445 0.0109375 0.09444444444444444
0 0.874609375 0.35694444444444445 0.00703125 0.06111111111111111
0 0.9503906249999999 0.35694444444444445 0.00859375 0.09166666666666666
1 0.81015625 0.34375 0.034375 0.029166666666666667
1 0.838671875 0.3451388888888889 0.02421875 0.0375
1 0.8835937500000001 0.3486111111111111 0.0296875 0.041666666666666664
1 0.9183593750000001 0.35486111111111107 0.02578125 0.04583333333333333
1 0.964453125 0.3555555555555555 0.01953125 0.041666666666666664
1 0.991015625 0.3548611111111111 0.01640625 0.034722222222222224
2 0.98046875 0.33194444444444443 0.028125 0.05555555555555555
1 0.049999999999999996 0.33749999999999997 0.0125 0.041666666666666664
