1 0.499609375 0.32430555555555557 0.02265625 0.029166666666666667
0 0.550390625 0.31180555555555556 0.00703125 0.07083333333333333
0 0.5574218750000001 0.3145833333333333 0.01015625 0.07361111111111111
0 0.6011718749999999 0.3125 0.01328125 0.10833333333333334
0 0.921484375 0.2611111111111111 0.03359375 0.2
1 0.2609375 0.3590277777777777 0.340625 0.35138888888888886
0 0.63125 0.31527777777777777 0.0203125 0.09722222222222222
0 0.6507812500000001 0.3180555555555556 0.0140625 0.08611111111111111
0 0.7351562500000001 0.3277777777777778 0.0375 0.18333333333333332
0 0.7648437499999999 0.31666666666666665 0.028125 0.2611111111111111
