0 0.27187500000000003 0.32638888888888884 0.009375 0.075
0 0.36875 0.3208333333333333 0.0109375 0.06388888888888888
1 0.47109375000000003 0.32083333333333336 0.0171875 0.019444444444444445
1 0.4953125 0.32430555555555557 0.0140625 0.029166666666666667
0 0.5101562500000001 0.30763888888888885 0.0140625 0.10416666666666667
0 0.55703125 0.3145833333333333 0.0109375 0.07361111111111111
0 0.71171875 0.3020833333333333 0.0625 0.44027777777777777
0 0.965625 0.32152777777777775 0.0515625 0.3958333333333333
0 0.6734375 0.3125 0.028125 0.20833333333333334
0 0.59140625 0.30833333333333335 0.028125 0.16944444444444445
0 0.6136718750000001 0.3173611111111111 0.01796875 0.14305555555555555
0 0.759765625 0.30972222222222223 0.03828125 0.2722222222222222
2 0.423828125 0.30833333333333335 0.02265625 0.03333333333333333
0 0.54921875 0.3125 0.0078125 0.07222222222222222
