1 0.456640625 0.32430555555555557 0.02734375 0.034722222222222224
1 0.499609375 0.32430555555555557 0.02265625 0.029166666666666667
2 0.39140625 0.3069444444444444 0.0453125 0.044444444444444446
0 0.48359375 0.30972222222222223 0.0203125 0.1
0 0.578125 0.3125 0.0484375 0.2861111111111111
0 0.605078125 0.3076388888888889 0.03203125 0.14583333333333334
0 0.632421875 0.31875 0.04921875 0.19305555555555556
0 0.661328125 0.31319444444444444 0.02734375 0.1625
0 0.7425781250000001 0.3277777777777778 0.04140625 0.19722222222222222
0 0.771484375 0.32708333333333334 0.01796875 0.18472222222222223
0 0.837109375 0.32013888888888886 0.06640625 0.3013888888888889
0 0.87265625 0.30694444444444446 0.0265625 0.18611111111111112
0 0.909765625 0.22430555555555556 0.04140625 0.20972222222222223
1 0.21171875 0.3298611111111111 0.0171875 0.03194444444444444
