2 0.573828125 0.29166666666666663 0.09296875 0.10833333333333334
1 0.50390625 0.32222222222222224 0.028125 0.03333333333333333
1 0.321484375 0.33472222222222225 0.02734375 0.022222222222222223
0 0.6296875 0.3083333333333333 0.0078125 0.044444444444444446
0 0.98828125 0.31805555555555554 0.021875 0.19444444444444445
0 0.7121093749999999 0.30625 0.01640625 0.0875
0 0.720703125 0.3222222222222222 0.03203125 0.06666666666666667
0 0.7781250000000001 0.3236111111111111 0.01875 0.06388888888888888
0 0.752734375 0.3236111111111111 0.01953125 0.06111111111111111
0 0.843359375 0.3215277777777778 0.01640625 0.09027777777777778
0 0.8265625 0.32013888888888886 0.015625 0.09583333333333334
