1 0.154296875 0.32708333333333334 0.30859375 0.39861111111111114
0 0.366015625 0.3159722222222222 0.01953125 0.12916666666666668
1 0.50859375 0.3138888888888889 0.0328125 0.041666666666666664
1 0.5375 0.31319444444444444 0.0234375 0.03194444444444444
1 0.5953125 0.31666666666666665 0.0546875 0.08888888888888889
1 0.730078125 0.3611111111111111 0.26484375 0.24166666666666667
0 0.463671875 0.3041666666666667 0.00703125 0.05
0 0.46914062500000003 0.3055555555555556 0.00703125 0.05277777777777778
0 0.48164062500000004 0.30625 0.00703125 0.04861111111111111
0 0.487890625 0.30624999999999997 0.00546875 0.043055555555555555
0 0.32265625 0.2986111111111111 0.0125 0.06666666666666667
0 0.3625 0.3048611111111111 0.0234375 0.12083333333333333
