1 0.0515625 0.3458333333333334 0.0171875 0.05
1 0.13046875 0.34375 0.0859375 0.16805555555555557
1 0.184375 0.33749999999999997 0.0328125 0.03888888888888889
1 0.24531250000000002 0.32361111111111107 0.0984375 0.07222222222222222
1 0.377734375 0.31527777777777777 0.04296875 0.041666666666666664
1 0.5078125 0.31180555555555556 0.1234375 0.09583333333333334
0 0.5750000000000001 0.30972222222222223 0.0109375 0.06666666666666667
0 0.5874999999999999 0.31319444444444444 0.009375 0.059722222222222225
1 0.730078125 0.33402777777777776 0.08046875 0.07083333333333333
1 0.796484375 0.33472222222222225 0.04921875 0.05277777777777778
5 0.732421875 0.3625 0.03984375 0.1361111111111111
1 0.072265625 0.33888888888888885 0.03203125 0.06944444444444445
