1 0.046875 0.4534722222222222 0.09375 0.42916666666666664
4 0.125390625 0.3458333333333333 0.04921875 0.06666666666666667
0 0.14179687500000002 0.325 0.01640625 0.12222222222222222
0 0.224609375 0.2861111111111111 0.01953125 0.075
1 0.26093750000000004 0.3673611111111111 0.2078125 0.19583333333333333
1 0.37890625 0.33333333333333337 0.0609375 0.08333333333333333
0 0.421875 0.3180555555555556 0.00625 0.05555555555555555
1 0.42148437499999997 0.31736111111111115 0.03203125 0.04861111111111111
1 0.503515625 0.3340277777777778 0.08671875 0.11805555555555555
5 0.796875 0.34930555555555554 0.1328125 0.2125
