1 0.11484375 0.36875 0.2296875 0.37916666666666665
0 0.152734375 0.28194444444444444 0.01640625 0.058333333333333334
0 0.166015625 0.2847222222222222 0.01796875 0.075
0 0.32578124999999997 0.3194444444444445 0.00625 0.08333333333333333
0 0.33359375 0.3201388888888889 0.015625 0.09027777777777778
1 0.4078125 0.33125000000000004 0.0640625 0.0763888888888889
1 0.43828125 0.32499999999999996 0.01875 0.04722222222222222
1 0.46015625 0.3236111111111111 0.021875 0.030555555555555555
1 0.5078125 0.3236111111111111 0.0203125 0.027777777777777776
0 0.612890625 0.3145833333333333 0.01796875 0.13194444444444445
0 0.63671875 0.28680555555555554 0.025 0.12916666666666668
0 0.667578125 0.31319444444444444 0.03515625 0.19027777777777777
0 0.746484375 0.3173611111111111 0.05390625 0.2625
0 0.76953125 0.3243055555555555 0.028125 0.15694444444444444
0 0.7863281249999999 0.32083333333333336 0.03671875 0.16111111111111112
