0 0.007421875 0.3534722222222222 0.01484375 0.1625
0 0.0296875 0.3458333333333333 0.01875 0.15555555555555556
0 0.053515625 0.33958333333333335 0.01640625 0.14305555555555555
0 0.063671875 0.33194444444444443 0.01015625 0.12777777777777777
0 0.080859375 0.3375 0.01796875 0.1388888888888889
1 0.27421875 0.34791666666666665 0.184375 0.14027777777777778
1 0.37929687500000003 0.32013888888888886 0.07734375 0.0625
0 0.390625 0.31805555555555554 0.0515625 0.18888888888888888
0 0.42265625 0.30833333333333335 0.0140625 0.06111111111111111
0 0.465234375 0.3111111111111111 0.01640625 0.07777777777777778
0 0.478515625 0.3125 0.01328125 0.06944444444444445
1 0.442578125 0.31805555555555554 0.02421875 0.03611111111111111
0 0.76953125 0.3173611111111111 0.046875 0.22361111111111112
0 0.7796875 0.325 0.0359375 0.18333333333333332
5 0.84765625 0.35555555555555557 0.046875 0.13055555555555556
0 0.46796875000000004 0.3111111111111111 0.0109375 0.06944444444444445
