1 0.194921875 0.3416666666666667 0.07421875 0.05277777777777778
1 0.42070312499999996 0.3159722222222222 0.04765625 0.06527777777777778
1 0.8265625 0.35347222222222224 0.0859375 0.06527777777777778
1 0.378125 0.31875000000000003 0.025 0.020833333333333332
2 0.5746093750000001 0.3090277777777778 0.02578125 0.029166666666666667
1 0.5574218750000001 0.31875000000000003 0.03046875 0.04861111111111111
1 0.75390625 0.3472222222222222 0.1203125 0.10277777777777777
5 0.12382812500000001 0.3701388888888889 0.15859375 0.31527777777777777
1 0.973828125 0.37222222222222223 0.05078125 0.08333333333333333
1 0.490625 0.3458333333333333 0.1484375 0.175
5 0.6238281250000001 0.32430555555555557 0.01796875 0.0375
