1 0.20664062500000002 0.34027777777777773 0.06015625 0.07222222222222222
1 0.42070312499999996 0.3159722222222222 0.04765625 0.06527777777777778
5 0.12382812500000001 0.3701388888888889 0.15859375 0.31527777777777777
1 0.29609375 0.32708333333333334 0.028125 0.03194444444444444
1 0.260546875 0.32916666666666666 0.06796875 0.06111111111111111
1 0.38515625 0.3180555555555556 0.0234375 0.022222222222222223
1 0.490625 0.3458333333333333 0.1484375 0.175
1 0.5953125 0.3215277777777778 0.046875 0.05138888888888889
2 0.684375 0.30069444444444443 0.1171875 0.10972222222222222
1 0.910546875 0.36736111111111114 0.09921875 0.07916666666666666
