1 0.597265625 0.31805555555555554 0.03046875 0.03333333333333333
1 0.6273437500000001 0.32013888888888886 0.0453125 0.0375
1 0.677734375 0.33125 0.07109375 0.06805555555555555
1 0.527734375 0.31527777777777777 0.11015625 0.075
1 0.4171875 0.3201388888888889 0.046875 0.02638888888888889
1 0.27265625 0.3229166666666667 0.0359375 0.02361111111111111
1 0.231640625 0.3263888888888889 0.02734375 0.016666666666666666
1 0.16015625 0.32569444444444445 0.0390625 0.029166666666666667
1 0.07929687499999999 0.3229166666666667 0.03046875 0.034722222222222224
1 0.038671874999999994 0.32499999999999996 0.03203125 0.04722222222222222
1 0.305859375 0.31666666666666665 0.03984375 0.03888888888888889
1 0.349609375 0.31875 0.09296875 0.059722222222222225
