1 0.460523 0.321728 0.013154 0.023772 0.010987
1 0.464621 0.324417 0.015048 0.018902 0.010987
1 0.510693 0.337087 0.021409 0.039651 0.119203
1 0.516943 0.329886 0.019275 0.034831 0.075858
1 0.526670 0.322951 0.012163 0.020929 0.017986
1 0.462022 0.330176 0.016120 0.035982 0.001501
1 0.465845 0.332629 0.015952 0.034328 0.004070
1 0.483733 0.336481 0.020566 0.031471 0.002473
1 0.503050 0.337751 0.025590 0.033324 0.006693
1 0.510611 0.337406 0.024329 0.038831 0.268941
1 0.512539 0.336110 0.024979 0.036372 0.268941
4 0.510611 0.337406 0.024329 0.038831 0.001501
