0 0.939981 0.255451 0.020627 0.063342 0.001501
0 0.941045 0.254756 0.021491 0.061372 0.002473
0 0.939511 0.255922 0.021181 0.064217 0.002473
0 0.941277 0.254196 0.020836 0.064032 0.001501
0 0.941640 0.258414 0.020105 0.064726 0.002473
1 0.123472 0.352363 0.074985 0.066553 0.622459
1 0.123410 0.352436 0.075059 0.066721 0.731059
1 0.299566 0.331735 0.041208 0.028860 0.817575
1 0.299435 0.331746 0.043046 0.028910 0.817575
1 0.299997 0.330164 0.041979 0.030248 0.817575
1 0.300097 0.330121 0.044040 0.030169 0.731059
1 0.327057 0.328683 0.013085 0.019174 0.017986
1 0.349773 0.327527 0.018930 0.016937 0.029312
1 0.352345 0.325370 0.017367 0.016171 0.047426
1 0.373497 0.322948 0.022075 0.015860 0.500000
1 0.375001 0.322949 0.021965 0.020983 0.500000
1 0.399280 0.320510 0.014072 0.016099 0.377541
1 0.406124 0.320513 0.019288 0.016089 0.029312
1 0.413235 0.319614 0.014046 0.014290 0.268941
1 0.430497 0.318945 0.011054 0.012968 0.182426
1 0.444532 0.315754 0.011079 0.016338 0.006693
1 0.479808 0.315795 0.009630 0.016247 0.268941
1 0.512038 0.315560 0.013482 0.015958 0.047426
1 0.512671 0.315710 0.014077 0.016414 0.029312
1 0.123345 0.353093 0.074972 0.065460 0.182426
1 0.123434 0.352591 0.075041 0.066889 0.880797
1 0.123444 0.353370 0.075024 0.065795 0.817575
1 0.124211 0.353327 0.073486 0.065704 0.924142
1 0.124206 0.353272 0.073526 0.065531 0.924142
1 0.299565 0.331775 0.041237 0.028975 0.731059
1 0.299421 0.331321 0.042983 0.028043 0.731059
1 0.299433 0.331318 0.043055 0.028037 0.731059
1 0.299483 0.331769 0.043108 0.028960 0.731059
1 0.122673 0.353150 0.073483 0.065047 0.010987
1 0.123452 0.353186 0.075025 0.065249 0.880797
1 0.123449 0.353112 0.075012 0.065102 0.880797
1 0.124217 0.352969 0.073484 0.064920 0.924142
1 0.124230 0.353147 0.073487 0.065035 0.880797
2 0.444507 0.311905 0.014393 0.022834 0.004070
2 0.512037 0.311444 0.013497 0.023758 0.017986
2 0.512600 0.311241 0.015320 0.023405 0.017986
2 0.406124 0.320513 0.019288 0.016089 0.002473
2 0.444532 0.315754 0.011079 0.016338 0.047426
2 0.479808 0.315795 0.009630 0.016247 0.010987
2 0.512038 0.315560 0.013482 0.015958 0.004070
2 0.512671 0.315710 0.014077 0.016414 0.004070
2 0.630491 0.317304 0.029337 0.022956 0.004070
2 0.637554 0.318792 0.033805 0.026071 0.002473
2 0.660084 0.317268 0.027596 0.023021 0.010987
2 0.661911 0.317220 0.028434 0.022884 0.010987
2 0.673936 0.321782 0.035737 0.024304 0.001501
3 0.481279 0.312126 0.009543 0.022124 0.001501
3 0.512037 0.311444 0.013497 0.023758 0.047426
3 0.512600 0.311241 0.015320 0.023405 0.047426
3 0.352345 0.325370 0.017367 0.016171 0.001501
3 0.399280 0.320510 0.014072 0.016099 0.002473
3 0.479808 0.315795 0.009630 0.016247 0.075858
3 0.512038 0.315560 0.013482 0.015958 0.017986
3 0.512671 0.315710 0.014077 0.016414 0.010987
