0 0.057058 0.358097 0.011109 0.064885 0.002473
0 0.071404 0.359028 0.007220 0.046349 0.047426
0 0.056428 0.360346 0.013046 0.057375 0.001501
0 0.071140 0.358928 0.007800 0.046257 0.075858
0 0.070027 0.362131 0.010104 0.051757 0.002473
1 0.292755 0.331120 0.028100 0.024223 0.004070
1 0.297058 0.330954 0.025002 0.023694 0.182426
1 0.297746 0.330051 0.026587 0.025495 0.182426
1 0.335378 0.327611 0.057531 0.043522 0.731059
1 0.335270 0.326941 0.057595 0.044820 0.880797
1 0.335277 0.327595 0.057601 0.043510 0.817575
1 0.335948 0.326944 0.058948 0.044822 0.731059
1 0.370206 0.325468 0.015533 0.020996 0.119203
1 0.374434 0.325284 0.018428 0.016280 0.004070
1 0.438510 0.321818 0.013489 0.013692 0.002473
1 0.459054 0.318676 0.010248 0.013654 0.001501
1 0.476984 0.307833 0.021053 0.037813 0.001501
1 0.477011 0.308775 0.021006 0.039558 0.001501
1 0.130952 0.360598 0.072782 0.070481 0.817575
1 0.131207 0.360602 0.072380 0.070461 0.880797
1 0.130554 0.360603 0.071993 0.070459 0.880797
1 0.190179 0.348111 0.059152 0.034982 0.029312
1 0.191094 0.347860 0.057059 0.034250 0.017986
1 0.191014 0.346727 0.057251 0.036518 0.017986
1 0.191032 0.346539 0.057391 0.036137 0.029312
1 0.208785 0.348635 0.041595 0.030792 0.010987
1 0.240028 0.346221 0.024397 0.026334 0.004070
1 0.240083 0.345016 0.024104 0.023554 0.002473
1 0.285263 0.335301 0.019024 0.022094 0.001501
1 0.297079 0.332003 0.025116 0.025494 0.047426
1 0.297796 0.331325 0.027161 0.028086 0.029312
1 0.335406 0.328730 0.057628 0.045870 0.817575
1 0.335460 0.328720 0.057262 0.045853 0.817575
1 0.335343 0.328716 0.057448 0.045833 0.817575
1 0.335262 0.328037 0.057577 0.047223 0.817575
1 0.131246 0.359304 0.073378 0.067984 0.880797
1 0.130800 0.360595 0.073082 0.070495 0.880797
1 0.130962 0.359977 0.072694 0.066626 0.924142
1 0.130888 0.359306 0.072837 0.067983 0.880797
1 0.190791 0.348247 0.058352 0.040487 0.004070
1 0.190479 0.348836 0.059407 0.036517 0.017986
1 0.190238 0.350127 0.059405 0.033943 0.017986
1 0.191311 0.348907 0.055565 0.036605 0.010987
1 0.130979 0.361252 0.072829 0.069193 0.880797
1 0.130908 0.360596 0.072865 0.070511 0.924142
1 0.130511 0.360577 0.072073 0.070548 0.952574
1 0.005498 0.401870 0.011080 0.098962 0.002473
1 0.005503 0.409077 0.014128 0.099431 0.002473
1 0.005555 0.410185 0.014272 0.130056 0.002473
1 0.005786 0.411401 0.011821 0.190029 0.001501
2 0.409252 0.305382 0.043551 0.055928 0.731059
2 0.409852 0.306040 0.041637 0.054586 0.731059
2 0.409262 0.306045 0.043528 0.054571 0.731059
2 0.409758 0.304881 0.041541 0.051836 0.880797
2 0.409779 0.304935 0.041494 0.051703 0.817575
2 0.409013 0.304934 0.043032 0.051697 0.880797
2 0.409473 0.306421 0.044297 0.053763 0.075858
2 0.476986 0.308792 0.021048 0.039444 0.622459
2 0.477003 0.308802 0.021018 0.039416 0.622459
2 0.409815 0.306634 0.041718 0.053449 0.817575
2 0.409020 0.306148 0.043014 0.054399 0.817575
2 0.409002 0.304864 0.043059 0.051855 0.817575
2 0.412503 0.309781 0.040531 0.042147 0.006693
2 0.476984 0.307833 0.021053 0.037813 0.268941
2 0.477011 0.308775 0.021006 0.039558 0.268941
2 0.610572 0.318096 0.029743 0.021395 0.001501
2 0.191014 0.346727 0.057251 0.036518 0.001501
2 0.191032 0.346539 0.057391 0.036137 0.001501
2 0.190238 0.350127 0.059405 0.033943 0.001501
3 0.409252 0.305382 0.043551 0.055928 0.001501
3 0.476986 0.308792 0.021048 0.039444 0.047426
3 0.477003 0.308802 0.021018 0.039416 0.029312
3 0.190651 0.341408 0.056615 0.045212 0.001501
3 0.292755 0.331120 0.028100 0.024223 0.004070
3 0.297058 0.330954 0.025002 0.023694 0.047426
3 0.297746 0.330051 0.026587 0.025495 0.029312
3 0.370206 0.325468 0.015533 0.020996 0.002473
3 0.409815 0.306634 0.041718 0.053449 0.001501
3 0.476984 0.307833 0.021053 0.037813 0.119203
3 0.477011 0.308775 0.021006 0.039558 0.119203
3 0.190179 0.348111 0.059152 0.034982 0.017986
3 0.191094 0.347860 0.057059 0.034250 0.004070
3 0.191014 0.346727 0.057251 0.036518 0.006693
3 0.191032 0.346539 0.057391 0.036137 0.004070
3 0.297079 0.332003 0.025116 0.025494 0.004070
3 0.297796 0.331325 0.027161 0.028086 0.006693
3 0.190791 0.348247 0.058352 0.040487 0.002473
3 0.190479 0.348836 0.059407 0.036517 0.002473
3 0.190238 0.350127 0.059405 0.033943 0.004070
4 0.004826 0.393110 0.009739 0.099364 0.002473
4 0.215107 0.376763 0.028743 0.069174 0.001501
4 0.005498 0.401870 0.011080 0.098962 0.001501
5 0.004826 0.393110 0.009739 0.099364 0.002473
5 0.005498 0.401870 0.011080 0.098962 0.001501
