0 0.128873 0.344294 0.007771 0.047791 0.010987
0 0.128870 0.349235 0.007754 0.045853 0.047426
0 0.129360 0.349373 0.005708 0.046464 0.029312
0 0.156153 0.354398 0.016140 0.032001 0.001501
1 0.445419 0.313961 0.019163 0.028828 0.002473
1 0.009590 0.367163 0.022279 0.102889 0.119203
1 0.011155 0.365768 0.022235 0.105476 0.017986
1 0.219760 0.347171 0.074684 0.050520 0.075858
1 0.352924 0.332094 0.025081 0.023360 0.817575
1 0.352916 0.331134 0.025044 0.024055 0.731059
1 0.360387 0.328116 0.021644 0.022152 0.001501
1 0.406254 0.324059 0.012605 0.013548 0.182426
1 0.425956 0.321813 0.016365 0.013661 0.006693
1 0.429233 0.320512 0.016573 0.016050 0.377541
1 0.445786 0.318028 0.016662 0.021024 0.182426
1 0.447655 0.316998 0.019135 0.019594 0.006693
1 0.585849 0.319660 0.025062 0.014708 0.001501
1 0.588472 0.319409 0.027020 0.019050 0.002473
1 0.010005 0.368889 0.020089 0.090312 0.622459
1 0.010541 0.368189 0.021120 0.091838 0.622459
1 0.072059 0.365469 0.108987 0.092739 0.817575
1 0.072321 0.365465 0.111174 0.092733 0.880797
1 0.072351 0.365688 0.111142 0.096815 0.880797
1 0.111700 0.345505 0.030046 0.029942 0.006693
1 0.112007 0.347087 0.029504 0.032976 0.001501
1 0.157759 0.348709 0.015778 0.021218 0.017986
1 0.161960 0.347754 0.024570 0.023978 0.006693
1 0.220672 0.346539 0.074567 0.047351 0.880797
1 0.220013 0.347244 0.073233 0.050424 0.817575
1 0.219795 0.347435 0.072965 0.050038 0.817575
1 0.219565 0.347559 0.072344 0.049791 0.817575
1 0.219544 0.346529 0.072395 0.047285 0.817575
1 0.276296 0.339134 0.019730 0.016929 0.010987
1 0.287195 0.340054 0.032096 0.018670 0.010987
1 0.294105 0.338027 0.028656 0.019064 0.075858
1 0.295347 0.337117 0.028565 0.020891 0.075858
1 0.352942 0.332604 0.025128 0.024350 0.182426
1 0.352909 0.331956 0.025025 0.025606 0.182426
1 0.010026 0.369636 0.020188 0.089080 0.622459
1 0.010134 0.368426 0.020331 0.091476 0.622459
1 0.072073 0.365484 0.108955 0.092729 0.817575
1 0.071666 0.365712 0.109773 0.096796 0.880797
1 0.071678 0.366619 0.109772 0.094984 0.880797
1 0.071791 0.366992 0.112336 0.099350 0.817575
1 0.220627 0.347580 0.074656 0.049811 0.817575
1 0.219395 0.347499 0.073752 0.049935 0.817575
1 0.219433 0.347494 0.073649 0.049928 0.880797
1 0.219184 0.347499 0.071578 0.049936 0.731059
1 0.219252 0.347571 0.071808 0.049794 0.817575
1 0.010040 0.369568 0.020166 0.089009 0.622459
1 0.010131 0.368444 0.020313 0.091237 0.500000
1 0.071991 0.364597 0.109091 0.094508 0.817575
1 0.071600 0.365718 0.109900 0.096770 0.880797
1 0.072747 0.365726 0.110295 0.096758 0.880797
1 0.011219 0.371019 0.019399 0.091480 0.500000
1 0.010882 0.369229 0.018764 0.089983 0.500000
1 0.009720 0.379134 0.019465 0.123510 0.001501
2 0.016250 0.333582 0.032667 0.247825 0.001501
2 0.445419 0.313961 0.019163 0.028828 0.075858
2 0.453951 0.311731 0.018086 0.027296 0.001501
2 0.476986 0.311344 0.021049 0.034303 0.500000
2 0.477003 0.311363 0.021018 0.034307 0.500000
2 0.429233 0.320512 0.016573 0.016050 0.002473
2 0.445786 0.318028 0.016662 0.021024 0.075858
2 0.447655 0.316998 0.019135 0.019594 0.004070
2 0.476980 0.311336 0.021082 0.034408 0.377541
2 0.476469 0.311416 0.022085 0.034247 0.377541
3 0.561019 0.177213 0.025598 0.058042 0.002473
3 0.556400 0.189936 0.020911 0.033393 0.004070
3 0.556414 0.197162 0.020938 0.040501 0.001501
3 0.445419 0.313961 0.019163 0.028828 0.010987
3 0.476986 0.311344 0.021049 0.034303 0.119203
3 0.477003 0.311363 0.021018 0.034307 0.075858
3 0.009590 0.367163 0.022279 0.102889 0.002473
3 0.406254 0.324059 0.012605 0.013548 0.002473
3 0.429233 0.320512 0.016573 0.016050 0.002473
3 0.445786 0.318028 0.016662 0.021024 0.010987
3 0.447655 0.316998 0.019135 0.019594 0.001501
3 0.476980 0.311336 0.021082 0.034408 0.119203
3 0.476469 0.311416 0.022085 0.034247 0.119203
3 0.294105 0.338027 0.028656 0.019064 0.004070
3 0.295347 0.337117 0.028565 0.020891 0.001501
5 0.009590 0.367163 0.022279 0.102889 0.001501
5 0.010541 0.368189 0.021120 0.091838 0.002473
5 0.010026 0.369636 0.020188 0.089080 0.001501
5 0.010134 0.368426 0.020331 0.091476 0.004070
5 0.010040 0.369568 0.020166 0.089009 0.004070
5 0.010131 0.368444 0.020313 0.091237 0.004070
5 0.011219 0.371019 0.019399 0.091480 0.006693
5 0.010882 0.369229 0.018764 0.089983 0.006693
