0 0.759403 0.318548 0.009294 0.054490 0.002473
0 0.768046 0.326987 0.008158 0.057806 0.001501
0 0.931248 0.318311 0.009566 0.040113 0.001501
0 0.940902 0.319511 0.010298 0.042501 0.001501
0 0.470739 0.318809 0.008602 0.029344 0.004070
0 0.760130 0.325500 0.010852 0.068291 0.002473
0 0.767305 0.331249 0.009675 0.057206 0.002473
0 0.818776 0.334621 0.012688 0.034678 0.002473
0 0.931259 0.320935 0.012789 0.043734 0.002473
0 0.939883 0.320617 0.010899 0.047897 0.004070
0 0.994444 0.351903 0.011223 0.112822 0.001501
0 0.471169 0.323348 0.007841 0.044087 0.001501
0 0.767980 0.332941 0.011017 0.059211 0.001501
0 0.818097 0.347575 0.017737 0.060031 0.004070
0 0.994964 0.355648 0.007060 0.098424 0.004070
0 0.816757 0.348841 0.019982 0.057633 0.001501
0 0.969427 0.367822 0.008117 0.046311 0.001501
0 0.996138 0.362928 0.007789 0.084776 0.006693
0 0.969425 0.366690 0.008109 0.053298 0.002473
0 0.996121 0.361824 0.007782 0.086914 0.010987
0 0.995713 0.364552 0.008613 0.103002 0.002473
1 0.390958 0.324466 0.085106 0.091401 0.817575
1 0.390829 0.324939 0.087550 0.094992 0.817575
1 0.390810 0.323809 0.087538 0.092732 0.952574
1 0.472203 0.316455 0.011522 0.033843 0.017986
1 0.492194 0.320178 0.037487 0.051959 0.731059
1 0.492297 0.320194 0.034609 0.051989 0.817575
1 0.490990 0.318908 0.035091 0.054510 0.817575
1 0.324124 0.332386 0.034338 0.024008 0.004070
1 0.336043 0.330886 0.028166 0.027278 0.029312
1 0.337771 0.329541 0.028731 0.029695 0.017986
1 0.390826 0.324489 0.087481 0.091404 0.880797
1 0.390828 0.324486 0.087521 0.091388 0.880797
1 0.390844 0.324959 0.087525 0.094967 0.924142
1 0.389761 0.324958 0.087511 0.094974 0.952574
1 0.446142 0.315721 0.014266 0.016391 0.006693
1 0.451822 0.316884 0.013547 0.014063 0.017986
1 0.470739 0.318809 0.008602 0.029344 0.268941
1 0.491527 0.320209 0.036152 0.052038 0.731059
1 0.491536 0.318474 0.036146 0.053624 0.880797
1 0.491533 0.320174 0.036164 0.051982 0.817575
1 0.524621 0.319242 0.014738 0.018641 0.500000
1 0.524371 0.319230 0.015667 0.018618 0.500000
1 0.640250 0.341911 0.136430 0.126264 0.924142
1 0.640221 0.341258 0.138638 0.127571 0.817575
1 0.640242 0.341577 0.136512 0.128119 0.880797
1 0.313909 0.335060 0.025344 0.025142 0.006693
1 0.318747 0.334584 0.025210 0.021513 0.006693
1 0.335260 0.332811 0.026603 0.023867 0.047426
1 0.336614 0.331425 0.027091 0.027907 0.047426
1 0.390838 0.323836 0.087500 0.092688 0.880797
1 0.390301 0.323834 0.086431 0.092683 0.952574
1 0.390844 0.323838 0.087507 0.092692 0.924142
1 0.492957 0.320228 0.035935 0.052054 0.731059
1 0.491533 0.319778 0.036149 0.051113 0.817575
1 0.492206 0.320259 0.037535 0.051984 0.817575
1 0.640820 0.341496 0.137506 0.128002 0.880797
1 0.639718 0.341493 0.137531 0.127996 0.924142
1 0.639332 0.341683 0.136763 0.128380 0.924142
1 0.640141 0.341788 0.136695 0.128456 0.880797
1 0.640277 0.342065 0.138590 0.126446 0.952574
1 0.640269 0.341931 0.136466 0.126235 0.924142
1 0.639332 0.342065 0.136763 0.126444 0.952574
3 0.181973 0.291909 0.072092 0.094300 0.001501
3 0.184234 0.311204 0.076914 0.133407 0.119203
3 0.185042 0.309956 0.078479 0.130348 0.119203
3 0.184652 0.311073 0.077743 0.127979 0.268941
3 0.185842 0.311268 0.080078 0.133024 0.075858
3 0.184694 0.311233 0.079180 0.132906 0.047426
3 0.184418 0.309904 0.077273 0.130251 0.047426
3 0.184419 0.309609 0.077550 0.125472 0.017986
3 0.338677 0.321122 0.031040 0.046546 0.010987
3 0.342986 0.318782 0.030196 0.050059 0.017986
3 0.350208 0.316126 0.027813 0.050353 0.001501
3 0.472203 0.316455 0.011522 0.033843 0.002473
3 0.185882 0.309851 0.080151 0.130555 0.047426
3 0.184656 0.309782 0.079299 0.125314 0.047426
3 0.184062 0.309702 0.076880 0.125590 0.017986
3 0.336043 0.330886 0.028166 0.027278 0.017986
3 0.337771 0.329541 0.028731 0.029695 0.017986
3 0.470739 0.318809 0.008602 0.029344 0.006693
3 0.335260 0.332811 0.026603 0.023867 0.004070
3 0.336614 0.331425 0.027091 0.027907 0.004070
4 0.994964 0.355648 0.007060 0.098424 0.001501
5 0.470739 0.318809 0.008602 0.029344 0.006693
5 0.980554 0.348336 0.029135 0.085282 0.001501
5 0.994444 0.351903 0.011223 0.112822 0.001501
5 0.982402 0.350759 0.034685 0.090040 0.002473
5 0.994964 0.355648 0.007060 0.098424 0.002473
5 0.982112 0.353231 0.032584 0.085801 0.001501
5 0.982115 0.353757 0.032642 0.090733 0.002473
5 0.996121 0.361824 0.007782 0.086914 0.001501
