0 0.393758 0.304383 0.006755 0.054220 0.004070
0 0.791532 0.314360 0.013908 0.069466 0.017986
0 0.859852 0.307818 0.013995 0.058298 0.001501
0 0.978196 0.317202 0.021909 0.088912 0.002473
0 0.980580 0.319609 0.016962 0.087973 0.500000
0 0.390937 0.313614 0.010238 0.051377 0.004070
0 0.656860 0.311154 0.019685 0.029648 0.002473
0 0.790865 0.315522 0.012531 0.061267 0.622459
0 0.859744 0.311687 0.011568 0.054667 0.006693
0 0.863606 0.312397 0.012194 0.047373 0.002473
0 0.979803 0.319697 0.015450 0.087805 0.622459
0 0.988133 0.316489 0.014256 0.066421 0.004070
0 0.790863 0.315497 0.012527 0.061337 0.622459
0 0.860114 0.312393 0.010719 0.056591 0.010987
0 0.864320 0.315100 0.011856 0.042211 0.001501
0 0.980561 0.320018 0.016962 0.084919 0.622459
0 0.990847 0.322384 0.010437 0.063544 0.002473
0 0.791531 0.316954 0.013899 0.061209 0.377541
0 0.977675 0.319446 0.019758 0.090479 0.001501
0 0.980563 0.320704 0.016961 0.085361 0.500000
0 0.992168 0.324926 0.010308 0.062905 0.001501
0 0.977862 0.321007 0.019418 0.092545 0.001501
0 0.980004 0.322111 0.018115 0.088184 0.029312
1 0.419981 0.322915 0.052029 0.062546 0.817575
1 0.420068 0.322912 0.051898 0.067627 0.817575
1 0.420717 0.324191 0.052760 0.065076 0.880797
1 0.490264 0.321853 0.030532 0.044570 0.817575
1 0.490441 0.321672 0.030886 0.044168 0.817575
1 0.500500 0.316135 0.014493 0.039491 0.004070
1 0.702712 0.308465 0.028181 0.020656 0.001501
1 0.381278 0.322816 0.021628 0.039501 0.001501
1 0.419992 0.324167 0.052040 0.065131 0.817575
1 0.420611 0.322916 0.052986 0.067636 0.880797
1 0.420001 0.322909 0.052049 0.062532 0.880797
1 0.419890 0.321651 0.052288 0.065172 0.880797
1 0.489181 0.320930 0.031427 0.045201 0.880797
1 0.490442 0.320749 0.030885 0.044808 0.880797
1 0.496326 0.319135 0.024464 0.034531 0.004070
1 0.517952 0.319243 0.014124 0.018629 0.731059
1 0.540870 0.318312 0.012543 0.016858 0.377541
1 0.617281 0.340033 0.109580 0.101926 0.880797
1 0.616735 0.340033 0.108504 0.101928 0.880797
1 0.617265 0.338900 0.109630 0.104192 0.952574
1 0.661712 0.317899 0.020559 0.026264 0.002473
1 0.664575 0.320569 0.017840 0.026088 0.004070
1 0.699028 0.323290 0.028259 0.038544 0.002473
1 0.704392 0.326144 0.028148 0.037937 0.001501
1 0.420523 0.324190 0.053101 0.065089 0.731059
1 0.420534 0.324187 0.053108 0.065085 0.817575
1 0.420070 0.322916 0.051902 0.062519 0.924142
1 0.490262 0.321362 0.030529 0.046033 0.182426
1 0.490263 0.321551 0.030529 0.046404 0.119203
1 0.490804 0.322288 0.032804 0.046683 0.010987
1 0.616505 0.338920 0.111099 0.104181 0.880797
1 0.617292 0.338926 0.109592 0.104169 0.880797
1 0.617277 0.338023 0.109585 0.105981 0.952574
1 0.617272 0.338920 0.109604 0.104187 0.924142
1 0.615983 0.338903 0.110044 0.104199 0.924142
1 0.615968 0.338914 0.110039 0.104180 0.952574
1 0.616742 0.338901 0.108532 0.104191 0.952574
3 0.358653 0.293323 0.023255 0.025371 0.002473
3 0.360296 0.299833 0.024452 0.038401 0.002473
3 0.589363 0.282176 0.034469 0.023478 0.001501
3 0.355092 0.310436 0.027300 0.051992 0.002473
3 0.358072 0.308504 0.024880 0.053851 0.010987
3 0.360354 0.309084 0.028760 0.053919 0.006693
3 0.500500 0.316135 0.014493 0.039491 0.001501
3 0.540891 0.314764 0.012626 0.027445 0.001501
3 0.354856 0.313036 0.022539 0.057816 0.001501
3 0.540870 0.318312 0.012543 0.016858 0.017986
4 0.715536 0.340319 0.021949 0.041936 0.001501
5 0.354856 0.313036 0.022539 0.057816 0.001501
5 0.373113 0.316171 0.032528 0.055322 0.001501
