0 0.679625 0.318243 0.006239 0.035515 0.004070
0 0.680316 0.319610 0.004870 0.032707 0.017986
0 0.728304 0.326477 0.012692 0.033184 0.001501
1 0.010478 0.290661 0.020985 0.201420 0.002473
1 0.012056 0.290417 0.021048 0.203726 0.001501
1 0.012541 0.300349 0.025113 0.227879 0.004070
1 0.014166 0.298884 0.025261 0.221133 0.006693
1 0.014667 0.290836 0.029386 0.221600 0.006693
1 0.014794 0.291010 0.029574 0.215662 0.006693
1 0.015447 0.294893 0.030941 0.224231 0.004070
1 0.015341 0.296130 0.030677 0.220680 0.002473
1 0.266059 0.331278 0.082125 0.069676 0.880797
1 0.266326 0.331265 0.082689 0.069695 0.880797
1 0.266696 0.331228 0.083470 0.069600 0.924142
1 0.507016 0.309816 0.014066 0.023162 0.377541
1 0.632288 0.310790 0.020415 0.019396 0.047426
1 0.635121 0.309406 0.021949 0.019938 0.001501
1 0.015600 0.296300 0.031355 0.222191 0.001501
1 0.267090 0.331723 0.081135 0.070617 0.880797
1 0.266325 0.331756 0.082674 0.070588 0.880797
1 0.266345 0.332416 0.082699 0.071902 0.924142
1 0.266724 0.332398 0.083468 0.071879 0.880797
1 0.507693 0.311530 0.015400 0.023304 0.006693
1 0.267092 0.332645 0.081127 0.068722 0.001501
1 0.266344 0.331764 0.082696 0.070561 0.880797
1 0.266346 0.331754 0.082696 0.070540 0.924142
1 0.266722 0.331738 0.083464 0.070523 0.952574
2 0.010478 0.290661 0.020985 0.201420 0.004070
2 0.012056 0.290417 0.021048 0.203726 0.006693
2 0.011057 0.298951 0.022169 0.222317 0.006693
2 0.011162 0.299813 0.022290 0.232262 0.010987
2 0.012541 0.300349 0.025113 0.227879 0.029312
2 0.014166 0.298884 0.025261 0.221133 0.047426
2 0.014667 0.290836 0.029386 0.221600 0.119203
2 0.014794 0.291010 0.029574 0.215662 0.182426
2 0.015447 0.294893 0.030941 0.224231 0.119203
2 0.015341 0.296130 0.030677 0.220680 0.268941
2 0.015600 0.296300 0.031355 0.222191 0.075858
2 0.015453 0.298272 0.030903 0.219549 0.182426
2 0.016645 0.307374 0.030435 0.202761 0.017986
2 0.015627 0.308877 0.031254 0.195131 0.047426
2 0.015766 0.303935 0.031811 0.212248 0.017986
2 0.015740 0.314435 0.031485 0.188370 0.029312
2 0.016077 0.309528 0.032311 0.206750 0.001501
3 0.010478 0.290661 0.020985 0.201420 0.006693
3 0.012056 0.290417 0.021048 0.203726 0.004070
3 0.011057 0.298951 0.022169 0.222317 0.004070
3 0.011162 0.299813 0.022290 0.232262 0.002473
3 0.012541 0.300349 0.025113 0.227879 0.006693
3 0.014166 0.298884 0.025261 0.221133 0.006693
3 0.014667 0.290836 0.029386 0.221600 0.017986
3 0.014794 0.291010 0.029574 0.215662 0.017986
3 0.015447 0.294893 0.030941 0.224231 0.010987
3 0.015341 0.296130 0.030677 0.220680 0.017986
3 0.507016 0.309816 0.014066 0.023162 0.119203
3 0.632288 0.310790 0.020415 0.019396 0.002473
3 0.015600 0.296300 0.031355 0.222191 0.006693
3 0.015453 0.298272 0.030903 0.219549 0.006693
3 0.016645 0.307374 0.030435 0.202761 0.006693
3 0.015627 0.308877 0.031254 0.195131 0.017986
3 0.015766 0.303935 0.031811 0.212248 0.017986
3 0.015740 0.314435 0.031485 0.188370 0.047426
3 0.016077 0.309528 0.032311 0.206750 0.004070
3 0.015905 0.316716 0.031889 0.186809 0.006693
