0 0.793725 0.310206 0.009542 0.050858 0.004070
0 0.371410 0.319135 0.007226 0.035223 0.001501
0 0.723634 0.338075 0.016627 0.053267 0.001501
0 0.728040 0.336117 0.009422 0.053170 0.010987
0 0.793688 0.318498 0.012652 0.068759 0.004070
0 0.721239 0.338230 0.011740 0.050929 0.002473
0 0.726949 0.337507 0.011611 0.050667 0.004070
0 0.793672 0.326823 0.012749 0.085765 0.001501
1 0.994509 0.329929 0.011115 0.086466 0.001501
1 0.427655 0.320538 0.011876 0.016184 0.002473
1 0.442222 0.322923 0.012530 0.015773 0.622459
1 0.531922 0.324834 0.033075 0.040590 0.880797
1 0.533243 0.325516 0.033516 0.039372 0.817575
1 0.533254 0.324093 0.033506 0.040886 0.817575
1 0.599449 0.339103 0.093116 0.100068 0.924142
1 0.599314 0.339118 0.095558 0.100105 0.924142
1 0.994526 0.336786 0.011078 0.082329 0.002473
1 0.532457 0.324913 0.031990 0.040862 0.622459
1 0.532483 0.325364 0.031995 0.041761 0.622459
1 0.532712 0.325560 0.034589 0.039627 0.817575
1 0.599311 0.339136 0.095553 0.100098 0.880797
1 0.598772 0.339147 0.094470 0.100089 0.880797
1 0.598777 0.340055 0.094485 0.101907 0.924142
1 0.598766 0.341150 0.094480 0.104213 0.924142
1 0.994521 0.343001 0.011035 0.069922 0.002473
1 0.048516 0.377217 0.097050 0.157018 0.817575
1 0.047970 0.377158 0.095969 0.156870 0.817575
1 0.047555 0.377501 0.095147 0.156674 0.182426
1 0.599297 0.339100 0.095489 0.100057 0.924142
1 0.598772 0.340026 0.094469 0.101868 0.924142
1 0.598775 0.339138 0.094482 0.100088 0.952574
1 0.599307 0.339140 0.095563 0.100172 0.924142
1 0.994509 0.354845 0.011029 0.064132 0.004070
1 0.048005 0.377152 0.096007 0.157215 0.817575
1 0.047764 0.377110 0.098609 0.157318 0.880797
1 0.047998 0.377159 0.096012 0.157189 0.880797
1 0.048746 0.376242 0.094492 0.159034 0.880797
1 0.048511 0.378546 0.097014 0.159745 0.182426
1 0.047994 0.377242 0.096022 0.156979 0.880797
1 0.049289 0.378697 0.095563 0.159129 0.924142
1 0.047994 0.378705 0.096037 0.159240 0.952574
2 0.752855 0.322465 0.097890 0.062509 0.006693
2 0.764746 0.320556 0.077789 0.058017 0.010987
2 0.775673 0.319063 0.055756 0.055316 0.004070
2 0.741138 0.329811 0.046760 0.054070 0.002473
2 0.762702 0.325255 0.075408 0.057171 0.010987
2 0.774219 0.321896 0.049890 0.055508 0.002473
2 0.598766 0.341150 0.094480 0.104213 0.001501
3 0.442222 0.322923 0.012530 0.015773 0.002473
5 0.721239 0.338230 0.011740 0.050929 0.002473
