0 0.008671 0.319129 0.017354 0.023417 0.002473
0 0.993337 0.362149 0.013400 0.172244 0.001501
0 0.987065 0.376258 0.025978 0.141263 0.001501
0 0.993461 0.389447 0.013094 0.121743 0.002473
0 0.987349 0.390062 0.025362 0.113660 0.001501
0 0.993472 0.401823 0.013066 0.099276 0.004070
0 0.987392 0.396407 0.025230 0.105345 0.001501
0 0.992650 0.404396 0.014712 0.096960 0.004070
0 0.987346 0.401699 0.025100 0.097396 0.001501
0 0.993491 0.404163 0.013035 0.097644 0.004070
0 0.987067 0.403317 0.025844 0.101685 0.001501
0 0.993698 0.408062 0.012642 0.091839 0.006693
1 0.008266 0.314486 0.016596 0.037681 0.004070
1 0.964002 0.326124 0.074389 0.193376 0.001501
1 0.008671 0.319129 0.017354 0.023417 0.075858
1 0.010464 0.319040 0.017832 0.023599 0.002473
1 0.965926 0.334769 0.070472 0.206289 0.001501
1 0.802056 0.348957 0.042679 0.051987 0.001501
1 0.812920 0.348953 0.024480 0.046341 0.002473
1 0.825732 0.351024 0.032468 0.042374 0.001501
1 0.981138 0.350458 0.038083 0.201093 0.001501
1 0.802186 0.351924 0.039134 0.051330 0.002473
1 0.816848 0.352680 0.016752 0.044814 0.001501
2 0.758973 0.289069 0.132439 0.166674 0.731059
2 0.758839 0.289095 0.132039 0.166714 0.817575
2 0.757151 0.290364 0.129805 0.169297 0.880797
2 0.756305 0.287851 0.125214 0.164377 0.029312
2 0.760138 0.289069 0.133720 0.166693 0.817575
2 0.758839 0.290350 0.132081 0.169250 0.880797
2 0.757442 0.289242 0.129276 0.171518 0.880797
2 0.758814 0.290309 0.132361 0.169301 0.817575
2 0.760308 0.290403 0.134094 0.169468 0.731059
2 0.759716 0.290379 0.133854 0.169407 0.731059
2 0.758160 0.290321 0.130681 0.169428 0.880797
2 0.758510 0.291610 0.129942 0.171984 0.010987
3 0.965614 0.323032 0.072710 0.190846 0.001501
3 0.964832 0.319501 0.074366 0.204313 0.001501
3 0.964002 0.326124 0.074389 0.193376 0.001501
3 0.008671 0.319129 0.017354 0.023417 0.001501
4 0.816848 0.352680 0.016752 0.044814 0.002473
5 0.008266 0.314486 0.016596 0.037681 0.001501
5 0.008671 0.319129 0.017354 0.023417 0.006693
