1 0.246771 0.326600 0.081504 0.060261 0.731059
1 0.246314 0.328628 0.082433 0.060731 0.817575
1 0.448423 0.310345 0.013926 0.021526 0.001501
1 0.455136 0.313034 0.020785 0.025103 0.004070
1 0.488700 0.316937 0.019480 0.032912 0.075858
1 0.488822 0.317221 0.019313 0.032261 0.075858
1 0.247277 0.326605 0.083532 0.060295 0.817575
1 0.246590 0.327505 0.081857 0.058465 0.880797
1 0.246576 0.327506 0.081846 0.058469 0.880797
1 0.246515 0.327514 0.081990 0.058466 0.924142
1 0.449072 0.314904 0.017407 0.027779 0.004070
1 0.458314 0.315643 0.017636 0.026002 0.006693
1 0.466528 0.315574 0.011221 0.019682 0.029312
1 0.489474 0.318298 0.021023 0.030120 0.377541
1 0.489549 0.318317 0.020918 0.030104 0.731059
1 0.246201 0.328646 0.082628 0.060718 0.817575
1 0.246521 0.328640 0.081995 0.060703 0.817575
1 0.246691 0.327513 0.081632 0.058448 0.880797
1 0.245549 0.327513 0.080867 0.058446 0.880797
