0 0.742984 0.300883 0.014142 0.088738 0.006693
0 0.742222 0.304110 0.012532 0.081164 0.047426
0 0.742221 0.307980 0.012519 0.073501 0.047426
0 0.804254 0.312013 0.008566 0.035658 0.002473
0 0.742991 0.316987 0.014083 0.059425 0.017986
0 0.803088 0.314218 0.009352 0.040394 0.001501
0 0.741538 0.320237 0.013893 0.058313 0.017986
1 0.347264 0.304528 0.040596 0.054408 0.002473
1 0.360456 0.311156 0.051936 0.049585 0.731059
1 0.362730 0.313630 0.056395 0.049153 0.731059
1 0.363125 0.311370 0.057417 0.049136 0.731059
1 0.362934 0.312504 0.057208 0.051329 0.622459
1 0.403276 0.312500 0.062596 0.051333 0.817575
1 0.403334 0.311370 0.062530 0.049093 0.817575
1 0.402789 0.312508 0.061447 0.051338 0.817575
1 0.436005 0.304643 0.022249 0.039267 0.377541
1 0.435837 0.304659 0.025408 0.039235 0.377541
1 0.454755 0.307403 0.024174 0.031516 0.268941
1 0.459839 0.306798 0.024682 0.030890 0.047426
1 0.496827 0.315788 0.071740 0.076784 0.880797
1 0.497217 0.317079 0.072538 0.079273 0.817575
1 0.496834 0.317084 0.071758 0.079272 0.880797
1 0.496834 0.315807 0.071759 0.076730 0.119203
1 0.634590 0.310229 0.023005 0.021317 0.002473
1 0.042507 0.334568 0.026573 0.039381 0.002473
1 0.362194 0.313560 0.057436 0.049294 0.817575
1 0.362641 0.313609 0.058311 0.049137 0.731059
1 0.362630 0.311352 0.058450 0.049097 0.731059
1 0.363369 0.312446 0.060086 0.051453 0.268941
1 0.403440 0.312484 0.064985 0.051355 0.817575
1 0.402795 0.312473 0.063586 0.051408 0.817575
1 0.404011 0.311592 0.061168 0.053184 0.817575
1 0.410570 0.305859 0.066541 0.041797 0.119203
1 0.435259 0.305617 0.021567 0.037767 0.377541
1 0.455407 0.307774 0.024178 0.032282 0.182426
1 0.497973 0.314914 0.070960 0.078515 0.817575
1 0.497234 0.315818 0.072541 0.076710 0.817575
1 0.497606 0.315821 0.070234 0.076715 0.924142
1 0.496839 0.315824 0.071770 0.076708 0.924142
1 0.587283 0.325113 0.056355 0.058038 0.004070
1 0.638030 0.316972 0.029886 0.028014 0.002473
1 0.647779 0.322896 0.012666 0.020978 0.047426
1 0.652925 0.322737 0.022867 0.027061 0.010987
1 0.658979 0.320773 0.036558 0.047524 0.001501
1 0.031882 0.342281 0.049169 0.029689 0.001501
1 0.042030 0.343756 0.026195 0.026075 0.047426
1 0.042085 0.343783 0.026096 0.026078 0.075858
1 0.043284 0.344749 0.027918 0.028860 0.010987
1 0.496790 0.316243 0.071641 0.080985 0.268941
1 0.496827 0.315831 0.071734 0.076687 0.880797
1 0.496836 0.315839 0.071758 0.076704 0.924142
1 0.582561 0.320270 0.060251 0.073034 0.001501
1 0.581104 0.321314 0.059798 0.065810 0.001501
1 0.586369 0.325365 0.052372 0.057708 0.017986
1 0.041747 0.350187 0.026806 0.033941 0.001501
2 0.578751 0.270679 0.082576 0.156385 0.817575
2 0.579926 0.271685 0.081843 0.158397 0.817575
2 0.579141 0.271675 0.083447 0.158628 0.880797
2 0.578579 0.273054 0.082150 0.161635 0.731059
2 0.579155 0.272034 0.083355 0.159045 0.817575
2 0.579180 0.273426 0.083303 0.161341 0.817575
2 0.579077 0.272287 0.083291 0.163787 0.880797
2 0.578733 0.274838 0.082769 0.158767 0.010987
2 0.103455 0.308004 0.065298 0.079809 0.001501
2 0.101882 0.307067 0.065527 0.077862 0.001501
2 0.190458 0.309956 0.119070 0.088475 0.817575
2 0.191357 0.310960 0.120374 0.086455 0.817575
2 0.190716 0.311519 0.121738 0.090447 0.880797
2 0.293581 0.299250 0.054299 0.051823 0.006693
2 0.315691 0.303353 0.096671 0.065066 0.731059
2 0.316505 0.303349 0.098083 0.059966 0.731059
2 0.316428 0.304595 0.096813 0.062525 0.622459
2 0.320736 0.302951 0.087107 0.059569 0.029312
2 0.347264 0.304528 0.040596 0.054408 0.010987
2 0.435218 0.300835 0.034063 0.041165 0.002473
2 0.579460 0.273288 0.080886 0.161785 0.817575
2 0.579477 0.274197 0.080846 0.160039 0.817575
2 0.579733 0.273346 0.081546 0.161671 0.880797
2 0.098655 0.308236 0.082819 0.086176 0.002473
2 0.102260 0.308287 0.068963 0.081234 0.001501
2 0.102938 0.308524 0.065779 0.076422 0.002473
2 0.102858 0.307047 0.066568 0.078141 0.002473
2 0.117286 0.307434 0.042296 0.078535 0.001501
2 0.190501 0.311045 0.119019 0.091459 0.817575
2 0.190086 0.311238 0.116686 0.091015 0.817575
2 0.191388 0.312284 0.120362 0.088896 0.817575
2 0.190718 0.313059 0.121738 0.091893 0.731059
2 0.286816 0.302149 0.040786 0.056700 0.006693
2 0.312708 0.303327 0.092921 0.060049 0.817575
2 0.315230 0.303334 0.094594 0.065124 0.731059
2 0.316057 0.304611 0.096283 0.062578 0.731059
2 0.317500 0.304594 0.097495 0.062607 0.731059
2 0.436005 0.304643 0.022249 0.039267 0.006693
2 0.435837 0.304659 0.025408 0.039235 0.029312
2 0.634590 0.310229 0.023005 0.021317 0.002473
2 0.647168 0.314608 0.014329 0.037188 0.001501
2 0.661034 0.313687 0.038291 0.039462 0.002473
2 0.661287 0.313889 0.040454 0.044743 0.002473
2 0.664856 0.311306 0.042555 0.045069 0.001501
2 0.099772 0.308941 0.074141 0.080397 0.001501
2 0.102568 0.308804 0.070677 0.075843 0.004070
2 0.103506 0.308398 0.065135 0.075503 0.004070
2 0.121623 0.309915 0.029245 0.073635 0.002473
2 0.190082 0.311265 0.116546 0.090961 0.731059
2 0.191355 0.312404 0.120430 0.088667 0.817575
2 0.191440 0.311180 0.120292 0.091176 0.880797
2 0.276113 0.314535 0.021692 0.047425 0.001501
2 0.315549 0.304635 0.093422 0.062539 0.622459
2 0.317152 0.303363 0.095170 0.065086 0.731059
2 0.315347 0.305753 0.090888 0.060292 0.622459
2 0.435259 0.305617 0.021567 0.037767 0.001501
2 0.638030 0.316972 0.029886 0.028014 0.004070
2 0.658979 0.320773 0.036558 0.047524 0.002473
3 0.177438 0.256930 0.112344 0.134722 0.001501
3 0.436005 0.304643 0.022249 0.039267 0.001501
3 0.435837 0.304659 0.025408 0.039235 0.006693
3 0.435259 0.305617 0.021567 0.037767 0.004070
5 0.666758 0.330888 0.013569 0.053379 0.001501
