0 0.422828 0.315750 0.012764 0.035065 0.001501
0 0.437458 0.327818 0.025141 0.058809 0.001501
1 0.604632 0.263205 0.021846 0.032247 0.006693
1 0.339598 0.319174 0.049294 0.042184 0.001501
1 0.343052 0.320687 0.045327 0.039270 0.004070
1 0.343098 0.320578 0.045147 0.039010 0.002473
1 0.344609 0.319692 0.047505 0.037279 0.001501
1 0.422828 0.315750 0.012764 0.035065 0.010987
1 0.433486 0.316206 0.029525 0.041013 0.004070
1 0.436546 0.316769 0.032196 0.047915 0.006693
1 0.497580 0.324134 0.101805 0.101761 0.004070
1 0.521560 0.324505 0.057114 0.095432 0.001501
1 0.594629 0.317158 0.092346 0.102377 0.817575
1 0.595811 0.318058 0.091655 0.104179 0.880797
1 0.596265 0.319169 0.092572 0.101934 0.880797
1 0.253716 0.334614 0.070710 0.044268 0.377541
1 0.254624 0.333329 0.071750 0.046837 0.500000
1 0.255170 0.333339 0.072853 0.046857 0.500000
1 0.254435 0.335746 0.072111 0.046586 0.500000
1 0.255129 0.333297 0.074372 0.046920 0.377541
1 0.340556 0.323687 0.050782 0.035979 0.047426
1 0.342131 0.322973 0.047142 0.036907 0.182426
1 0.342993 0.322946 0.045882 0.036837 0.119203
1 0.343361 0.323681 0.047449 0.035671 0.119203
1 0.358585 0.321754 0.054618 0.028478 0.002473
1 0.386372 0.319198 0.037199 0.023268 0.004070
1 0.388085 0.319229 0.034637 0.023166 0.010987
1 0.401796 0.319201 0.025815 0.018719 0.004070
1 0.421694 0.318634 0.012678 0.029460 0.047426
1 0.435022 0.318425 0.031534 0.031702 0.010987
1 0.437477 0.322414 0.028541 0.036798 0.047426
1 0.493174 0.324111 0.113895 0.101787 0.001501
1 0.498289 0.324601 0.103525 0.100828 0.004070
1 0.520776 0.325546 0.055573 0.093333 0.001501
1 0.594587 0.320349 0.089178 0.104177 0.817575
1 0.594794 0.319220 0.092665 0.101910 0.817575
1 0.595310 0.318076 0.093696 0.104174 0.924142
1 0.596397 0.319203 0.092835 0.106458 0.880797
1 0.230378 0.334218 0.067956 0.045222 0.001501
1 0.254457 0.333319 0.071909 0.046851 0.500000
1 0.255167 0.333312 0.072852 0.046880 0.622459
1 0.254628 0.334578 0.071767 0.044401 0.622459
1 0.254988 0.334426 0.073208 0.049202 0.622459
1 0.255526 0.333283 0.073589 0.046966 0.268941
1 0.341935 0.326358 0.048458 0.038051 0.004070
1 0.342744 0.325221 0.047195 0.039115 0.006693
1 0.343771 0.326067 0.046320 0.037476 0.006693
1 0.594639 0.318305 0.092385 0.100135 0.880797
1 0.595583 0.318063 0.094277 0.104180 0.880797
1 0.596779 0.319182 0.093655 0.101942 0.880797
1 0.096413 0.181400 0.193116 0.357465 0.001927
1 0.809907 0.325237 0.382698 0.655957 0.001170
1 0.809442 0.317257 0.381201 0.641168 0.001170
1 0.811357 0.320278 0.383300 0.660332 0.001170
1 0.811590 0.326657 0.376771 0.676822 0.001170
1 0.813888 0.339627 0.370989 0.664291 0.001170
2 0.489022 0.241379 0.143812 0.254880 0.731059
2 0.486690 0.241251 0.146055 0.255382 0.817575
2 0.489094 0.240265 0.143627 0.255348 0.817575
2 0.488369 0.239612 0.145148 0.256628 0.817575
2 0.486131 0.239399 0.144499 0.253564 0.880797
2 0.486867 0.239763 0.144909 0.254411 0.817575
2 0.488663 0.242132 0.143863 0.265825 0.731059
2 0.487280 0.242152 0.143278 0.266136 0.731059
2 0.486771 0.239719 0.142119 0.265649 0.622459
2 0.486600 0.242115 0.141517 0.265943 0.500000
2 0.487102 0.242081 0.140313 0.260956 0.029312
2 0.487185 0.243264 0.137407 0.263451 0.006693
2 0.604632 0.263205 0.021846 0.032247 0.006693
2 0.422828 0.315750 0.012764 0.035065 0.001501
2 0.436546 0.316769 0.032196 0.047915 0.001501
2 0.253716 0.334614 0.070710 0.044268 0.017986
2 0.254624 0.333329 0.071750 0.046837 0.029312
2 0.255170 0.333339 0.072853 0.046857 0.029312
2 0.254435 0.335746 0.072111 0.046586 0.017986
2 0.255129 0.333297 0.074372 0.046920 0.006693
2 0.340556 0.323687 0.050782 0.035979 0.002473
2 0.342131 0.322973 0.047142 0.036907 0.010987
2 0.342993 0.322946 0.045882 0.036837 0.017986
2 0.343361 0.323681 0.047449 0.035671 0.017986
2 0.388085 0.319229 0.034637 0.023166 0.001501
2 0.488433 0.321867 0.120249 0.106310 0.001501
2 0.493174 0.324111 0.113895 0.101787 0.002473
2 0.498289 0.324601 0.103525 0.100828 0.002473
2 0.254457 0.333319 0.071909 0.046851 0.075858
2 0.255167 0.333312 0.072852 0.046880 0.017986
2 0.254628 0.334578 0.071767 0.044401 0.047426
2 0.254988 0.334426 0.073208 0.049202 0.047426
2 0.255526 0.333283 0.073589 0.046966 0.029312
2 0.096163 0.180874 0.193285 0.356649 0.010987
2 0.096285 0.180750 0.193258 0.356438 0.008577
2 0.096413 0.181400 0.193116 0.357465 0.010987
2 0.096040 0.199618 0.190312 0.398688 0.004070
2 0.096307 0.186913 0.193052 0.373255 0.001927
2 0.096417 0.185751 0.193008 0.365758 0.003173
2 0.096803 0.209751 0.194290 0.413441 0.001927
2 0.096400 0.198987 0.193137 0.391927 0.001170
2 0.097069 0.194525 0.194086 0.382994 0.001170
2 0.811357 0.320278 0.383300 0.660332 0.001170
2 0.811590 0.326657 0.376771 0.676822 0.001501
2 0.813888 0.339627 0.370989 0.664291 0.001170
3 0.489022 0.241379 0.143812 0.254880 0.001501
3 0.489094 0.240265 0.143627 0.255348 0.002473
3 0.488369 0.239612 0.145148 0.256628 0.002473
3 0.486867 0.239763 0.144909 0.254411 0.002473
3 0.488663 0.242132 0.143863 0.265825 0.002473
3 0.487280 0.242152 0.143278 0.266136 0.002473
3 0.486600 0.242115 0.141517 0.265943 0.001501
3 0.604632 0.263205 0.021846 0.032247 0.004070
3 0.423066 0.306913 0.015693 0.059987 0.001501
3 0.387133 0.315102 0.035444 0.031218 0.004070
3 0.388047 0.315058 0.034733 0.031168 0.001501
3 0.422828 0.315750 0.012764 0.035065 0.010987
3 0.433486 0.316206 0.029525 0.041013 0.006693
3 0.436546 0.316769 0.032196 0.047915 0.006693
3 0.487081 0.308684 0.126414 0.127607 0.001501
3 0.490766 0.321920 0.115663 0.101097 0.006693
3 0.497580 0.324134 0.101805 0.101761 0.010987
3 0.521560 0.324505 0.057114 0.095432 0.001501
3 0.255129 0.333297 0.074372 0.046920 0.001501
3 0.340556 0.323687 0.050782 0.035979 0.001501
3 0.342131 0.322973 0.047142 0.036907 0.002473
3 0.342993 0.322946 0.045882 0.036837 0.002473
3 0.343361 0.323681 0.047449 0.035671 0.001501
3 0.386372 0.319198 0.037199 0.023268 0.002473
3 0.388085 0.319229 0.034637 0.023166 0.002473
3 0.421694 0.318634 0.012678 0.029460 0.002473
3 0.437477 0.322414 0.028541 0.036798 0.004070
3 0.486858 0.319120 0.121761 0.116928 0.002473
3 0.488433 0.321867 0.120249 0.106310 0.006693
3 0.493174 0.324111 0.113895 0.101787 0.010987
3 0.498289 0.324601 0.103525 0.100828 0.017986
3 0.520776 0.325546 0.055573 0.093333 0.001501
3 0.254457 0.333319 0.071909 0.046851 0.001501
3 0.254628 0.334578 0.071767 0.044401 0.001501
3 0.254988 0.334426 0.073208 0.049202 0.001501
3 0.255526 0.333283 0.073589 0.046966 0.001501
3 0.494861 0.325964 0.107277 0.098089 0.002473
3 0.505167 0.326315 0.086397 0.097388 0.001501
3 0.096163 0.180874 0.193285 0.356649 0.003173
3 0.096285 0.180750 0.193258 0.356438 0.004070
3 0.096413 0.181400 0.193116 0.357465 0.005220
3 0.096040 0.199618 0.190312 0.398688 0.001927
3 0.096307 0.186913 0.193052 0.373255 0.001927
3 0.095591 0.186718 0.194747 0.367814 0.001927
3 0.096417 0.185751 0.193008 0.365758 0.004070
3 0.096803 0.209751 0.194290 0.413441 0.006693
3 0.096400 0.198987 0.193137 0.391927 0.006693
3 0.097069 0.194525 0.194086 0.382994 0.005220
3 0.806560 0.309715 0.379824 0.624475 0.119203
3 0.808150 0.319566 0.382452 0.639556 0.777300
3 0.809907 0.325237 0.382698 0.655957 0.679179
3 0.812991 0.308752 0.390583 0.624008 0.060087
3 0.808575 0.316903 0.381620 0.645106 0.679179
3 0.809896 0.317114 0.385917 0.650242 0.731059
3 0.810721 0.322654 0.380987 0.657879 0.679179
3 0.815207 0.324847 0.388747 0.668554 0.047426
3 0.809442 0.317257 0.381201 0.641168 0.679179
3 0.811357 0.320278 0.383300 0.660332 0.622459
3 0.811590 0.326657 0.376771 0.676822 0.377541
3 0.814635 0.332571 0.382395 0.686653 0.017986
3 0.812900 0.328024 0.383116 0.650449 0.222700
3 0.813888 0.339627 0.370989 0.664291 0.095349
5 0.422828 0.315750 0.012764 0.035065 0.001501
5 0.421694 0.318634 0.012678 0.029460 0.006693
5 0.435022 0.318425 0.031534 0.031702 0.002473
5 0.437458 0.327818 0.025141 0.058809 0.006693
