0 0.235445 0.310048 0.015150 0.036944 0.017986
0 0.236810 0.312422 0.020686 0.032015 0.002473
0 0.235178 0.311742 0.014618 0.030619 0.010987
0 0.237481 0.313703 0.022127 0.030091 0.001501
0 0.234795 0.330855 0.013844 0.073403 0.010987
0 0.235525 0.343101 0.015535 0.047967 0.002473
1 0.571414 0.304379 0.023634 0.072321 0.004070
1 0.572230 0.302144 0.022692 0.072388 0.006693
1 0.572403 0.302060 0.022913 0.072463 0.010987
1 0.571507 0.302086 0.024121 0.072573 0.006693
1 0.649984 0.325190 0.150030 0.160152 0.268941
1 0.648428 0.325461 0.150057 0.160776 0.500000
1 0.419190 0.321774 0.027788 0.028316 0.047426
1 0.420224 0.321655 0.028418 0.023488 0.182426
1 0.421395 0.322944 0.029301 0.026062 0.182426
1 0.442568 0.318213 0.023623 0.025193 0.006693
1 0.450594 0.319167 0.032905 0.023298 0.006693
1 0.465836 0.320370 0.012648 0.020889 0.047426
1 0.480005 0.324189 0.013240 0.023521 0.075858
1 0.491053 0.320500 0.025938 0.025831 0.731059
1 0.509702 0.319236 0.011475 0.018622 0.377541
1 0.541144 0.321671 0.020985 0.018403 0.029312
1 0.541766 0.322929 0.019590 0.020878 0.622459
1 0.571397 0.303018 0.020925 0.070458 0.017986
1 0.571998 0.301103 0.025291 0.074430 0.006693
1 0.650008 0.324625 0.150016 0.159033 0.075858
1 0.649991 0.325021 0.150006 0.159759 0.182426
1 0.647772 0.325008 0.148689 0.159789 0.377541
1 0.648456 0.325168 0.150001 0.160237 0.622459
1 0.649999 0.326081 0.146947 0.157647 0.182426
1 0.649222 0.325259 0.151543 0.160289 0.182426
1 0.648417 0.326490 0.150075 0.158305 0.268941
1 0.648416 0.325439 0.150103 0.160883 0.622459
2 0.572135 0.298440 0.025197 0.081601 0.002473
2 0.573712 0.297356 0.025743 0.077291 0.001501
2 0.491090 0.300836 0.029191 0.060248 0.119203
2 0.491786 0.300685 0.027783 0.059782 0.268941
2 0.493239 0.301845 0.032963 0.057064 0.002473
2 0.571414 0.304379 0.023634 0.072321 0.622459
2 0.572230 0.302144 0.022692 0.072388 0.377541
2 0.351641 0.311100 0.033233 0.029306 0.002473
2 0.356615 0.311852 0.022051 0.027149 0.010987
2 0.360830 0.313628 0.022830 0.028178 0.002473
2 0.423035 0.316432 0.033677 0.033820 0.001501
2 0.438475 0.313213 0.034626 0.030050 0.047426
2 0.439288 0.313898 0.033371 0.028613 0.017986
2 0.448638 0.313785 0.044957 0.028464 0.010987
2 0.455436 0.314360 0.039670 0.032370 0.001501
2 0.491802 0.301083 0.027861 0.064352 0.047426
2 0.491888 0.300771 0.027827 0.065167 0.182426
2 0.572403 0.302060 0.022913 0.072463 0.622459
2 0.571507 0.302086 0.024121 0.072573 0.377541
2 0.649984 0.325190 0.150030 0.160152 0.500000
2 0.648428 0.325461 0.150057 0.160776 0.268941
2 0.355065 0.316520 0.026336 0.039228 0.001501
2 0.419190 0.321774 0.027788 0.028316 0.002473
2 0.420224 0.321655 0.028418 0.023488 0.006693
2 0.421395 0.322944 0.029301 0.026062 0.002473
2 0.442568 0.318213 0.023623 0.025193 0.119203
2 0.450594 0.319167 0.032905 0.023298 0.006693
2 0.571397 0.303018 0.020925 0.070458 0.377541
2 0.571998 0.301103 0.025291 0.074430 0.268941
2 0.650008 0.324625 0.150016 0.159033 0.622459
2 0.649991 0.325021 0.150006 0.159759 0.622459
2 0.647772 0.325008 0.148689 0.159789 0.500000
2 0.648456 0.325168 0.150001 0.160237 0.182426
2 0.649999 0.326081 0.146947 0.157647 0.500000
2 0.649222 0.325259 0.151543 0.160289 0.500000
2 0.648417 0.326490 0.150075 0.158305 0.500000
2 0.648416 0.325439 0.150103 0.160883 0.119203
3 0.491786 0.300685 0.027783 0.059782 0.001501
3 0.571414 0.304379 0.023634 0.072321 0.010987
3 0.572230 0.302144 0.022692 0.072388 0.010987
3 0.236810 0.312422 0.020686 0.032015 0.001501
3 0.348688 0.312057 0.041739 0.027765 0.001501
3 0.351641 0.311100 0.033233 0.029306 0.004070
3 0.356615 0.311852 0.022051 0.027149 0.010987
3 0.360830 0.313628 0.022830 0.028178 0.006693
3 0.423035 0.316432 0.033677 0.033820 0.001501
3 0.491802 0.301083 0.027861 0.064352 0.002473
3 0.491888 0.300771 0.027827 0.065167 0.002473
3 0.572403 0.302060 0.022913 0.072463 0.029312
3 0.571507 0.302086 0.024121 0.072573 0.010987
3 0.349953 0.318492 0.037805 0.040247 0.002473
3 0.355065 0.316520 0.026336 0.039228 0.004070
3 0.419190 0.321774 0.027788 0.028316 0.010987
3 0.420224 0.321655 0.028418 0.023488 0.075858
3 0.421395 0.322944 0.029301 0.026062 0.006693
3 0.442568 0.318213 0.023623 0.025193 0.002473
3 0.450594 0.319167 0.032905 0.023298 0.001501
3 0.465836 0.320370 0.012648 0.020889 0.004070
3 0.480005 0.324189 0.013240 0.023521 0.002473
3 0.491053 0.320500 0.025938 0.025831 0.002473
3 0.509702 0.319236 0.011475 0.018622 0.004070
3 0.571397 0.303018 0.020925 0.070458 0.047426
3 0.571998 0.301103 0.025291 0.074430 0.010987
4 0.648456 0.325168 0.150001 0.160237 0.001501
