0 0.672294 0.245564 0.023169 0.039360 0.002473
0 0.677815 0.259215 0.032839 0.018643 0.001501
1 0.503496 0.304152 0.207395 0.207278 0.001501
1 0.677815 0.259215 0.032839 0.018643 0.002473
1 0.673407 0.264854 0.048190 0.030320 0.002473
1 0.502800 0.305168 0.205380 0.205241 0.001501
1 0.503053 0.307531 0.202103 0.200477 0.002473
1 0.384349 0.327571 0.038032 0.016980 0.029312
1 0.385017 0.328746 0.038240 0.019286 0.047426
1 0.385357 0.327886 0.039095 0.021190 0.029312
1 0.714785 0.364697 0.220660 0.197413 0.817575
1 0.714190 0.364706 0.221620 0.197466 0.880797
1 0.713808 0.364810 0.219269 0.197741 0.924142
1 0.271346 0.340130 0.063463 0.033916 0.002473
1 0.382806 0.335904 0.040920 0.032983 0.001501
1 0.384826 0.335967 0.041103 0.037338 0.004070
1 0.385633 0.336943 0.039673 0.035552 0.002473
1 0.714215 0.364592 0.218656 0.192708 0.924142
1 0.714243 0.362173 0.218591 0.192395 0.880797
1 0.714076 0.363460 0.221767 0.194968 0.924142
1 0.714673 0.363458 0.220746 0.194971 0.924142
1 0.713849 0.364570 0.219384 0.192711 0.924142
1 0.714017 0.364577 0.221917 0.192665 0.952574
1 0.714589 0.364569 0.220859 0.192682 0.952574
1 0.504865 0.215431 0.226759 0.382138 0.001927
1 0.505349 0.215480 0.230749 0.381971 0.001170
1 0.121352 0.312985 0.243041 0.613045 0.904651
1 0.122720 0.309971 0.245420 0.608858 0.904651
1 0.122757 0.306955 0.245457 0.613009 0.904651
1 0.122959 0.307430 0.245144 0.609127 0.005220
1 0.122000 0.313595 0.244086 0.611436 0.904651
1 0.124966 0.313725 0.246833 0.606413 0.924142
1 0.122112 0.310261 0.244211 0.608267 0.924142
1 0.121482 0.307709 0.245475 0.607592 0.904651
1 0.122773 0.312905 0.242531 0.609442 0.880797
1 0.125741 0.312888 0.248416 0.609536 0.924142
1 0.122753 0.312922 0.245533 0.604738 0.924142
2 0.499883 0.303185 0.200166 0.209969 0.006693
2 0.503009 0.304255 0.206759 0.207798 0.047426
2 0.503496 0.304152 0.207395 0.207278 0.119203
2 0.496614 0.305309 0.193386 0.201894 0.006693
2 0.498675 0.304969 0.197291 0.204543 0.029312
2 0.503834 0.306442 0.204864 0.203417 0.075858
2 0.502800 0.305168 0.205380 0.205241 0.182426
2 0.498056 0.306926 0.195916 0.199838 0.047426
2 0.503218 0.305573 0.202576 0.202560 0.119203
2 0.503053 0.307531 0.202103 0.200477 0.075858
2 0.384349 0.327571 0.038032 0.016980 0.002473
2 0.385017 0.328746 0.038240 0.019286 0.002473
2 0.385357 0.327886 0.039095 0.021190 0.006693
2 0.384826 0.335967 0.041103 0.037338 0.001501
2 0.385633 0.336943 0.039673 0.035552 0.002473
2 0.504865 0.215431 0.226759 0.382138 0.437824
2 0.507120 0.217227 0.229164 0.383483 0.500000
2 0.506616 0.217216 0.230234 0.383478 0.622459
2 0.505349 0.215480 0.230749 0.381971 0.622459
2 0.503931 0.215682 0.222546 0.381809 0.437824
2 0.505680 0.217085 0.226170 0.379459 0.437824
2 0.505812 0.217104 0.226322 0.379436 0.437824
2 0.507051 0.216342 0.226896 0.380761 0.500000
2 0.504931 0.216304 0.219829 0.385466 0.148047
2 0.505042 0.215600 0.219850 0.382720 0.148047
3 0.499883 0.303185 0.200166 0.209969 0.047426
3 0.503009 0.304255 0.206759 0.207798 0.119203
3 0.503496 0.304152 0.207395 0.207278 0.119203
3 0.496614 0.305309 0.193386 0.201894 0.010987
3 0.498675 0.304969 0.197291 0.204543 0.075858
3 0.503834 0.306442 0.204864 0.203417 0.075858
3 0.502800 0.305168 0.205380 0.205241 0.119203
3 0.498056 0.306926 0.195916 0.199838 0.119203
3 0.503218 0.305573 0.202576 0.202560 0.119203
3 0.503053 0.307531 0.202103 0.200477 0.119203
3 0.267020 0.336237 0.050762 0.041075 0.004070
3 0.264939 0.336867 0.048918 0.039815 0.002473
3 0.266076 0.334207 0.054230 0.045180 0.002473
3 0.384349 0.327571 0.038032 0.016980 0.001501
3 0.385017 0.328746 0.038240 0.019286 0.001501
3 0.385357 0.327886 0.039095 0.021190 0.002473
3 0.265056 0.341544 0.049356 0.030471 0.004070
3 0.265013 0.343359 0.049027 0.026808 0.004070
3 0.264470 0.341963 0.050600 0.029632 0.001501
3 0.265350 0.342070 0.052498 0.033967 0.004070
3 0.504865 0.215431 0.226759 0.382138 0.060087
3 0.507120 0.217227 0.229164 0.383483 0.037327
3 0.506616 0.217216 0.230234 0.383478 0.022977
3 0.505349 0.215480 0.230749 0.381971 0.017986
3 0.503931 0.215682 0.222546 0.381809 0.037327
3 0.505680 0.217085 0.226170 0.379459 0.022977
3 0.505812 0.217104 0.226322 0.379436 0.017986
3 0.507051 0.216342 0.226896 0.380761 0.017986
3 0.504931 0.216304 0.219829 0.385466 0.075858
3 0.505042 0.215600 0.219850 0.382720 0.060087
5 0.427089 0.347458 0.042452 0.095894 0.002473
5 0.426272 0.350773 0.038908 0.084820 0.004070
5 0.421893 0.354603 0.028766 0.082643 0.004070
