1 0.424372 0.324432 0.017980 0.049732 0.377541
1 0.424477 0.323784 0.018151 0.051035 0.377541
1 0.432859 0.328567 0.030176 0.061164 0.002473
1 0.564744 0.325684 0.026657 0.058713 0.004070
1 0.570159 0.323721 0.015524 0.050890 0.182426
1 0.403798 0.325504 0.025559 0.016677 0.002473
1 0.424001 0.325967 0.017243 0.046687 0.731059
1 0.425002 0.324480 0.017073 0.046090 0.500000
1 0.435215 0.330648 0.030548 0.064996 0.004070
1 0.542148 0.338772 0.046904 0.102707 0.001501
1 0.565233 0.325691 0.025156 0.058015 0.004070
1 0.570962 0.325373 0.013926 0.047881 0.622459
1 0.424022 0.326022 0.017307 0.046708 0.622459
1 0.424065 0.324813 0.017372 0.045501 0.377541
1 0.570134 0.326014 0.015551 0.046752 0.622459
1 0.500601 0.240013 0.163342 0.293678 0.001927
2 0.500329 0.239397 0.168116 0.288672 0.010987
2 0.500368 0.239687 0.167727 0.292041 0.017986
2 0.564744 0.325684 0.026657 0.058713 0.001501
2 0.501094 0.240412 0.165122 0.292867 0.010987
2 0.500601 0.240013 0.163342 0.293678 0.500000
2 0.501009 0.238856 0.166227 0.295830 0.679179
2 0.501143 0.238852 0.164308 0.295847 0.679179
2 0.500761 0.241151 0.162909 0.296289 0.001170
2 0.500000 0.240027 0.161949 0.293885 0.268941
2 0.500058 0.239665 0.164205 0.297651 0.437824
2 0.500043 0.240815 0.162110 0.295498 0.500000
2 0.499126 0.239690 0.158607 0.292237 0.095349
2 0.500617 0.239308 0.161006 0.291712 0.222700
2 0.498808 0.238629 0.159816 0.294350 0.268941
3 0.424372 0.324432 0.017980 0.049732 0.002473
3 0.424477 0.323784 0.018151 0.051035 0.004070
3 0.564744 0.325684 0.026657 0.058713 0.006693
3 0.570159 0.323721 0.015524 0.050890 0.047426
3 0.424001 0.325967 0.017243 0.046687 0.001501
3 0.425002 0.324480 0.017073 0.046090 0.002473
3 0.523541 0.335288 0.084476 0.110922 0.001501
3 0.542148 0.338772 0.046904 0.102707 0.001501
3 0.565233 0.325691 0.025156 0.058015 0.004070
3 0.570962 0.325373 0.013926 0.047881 0.119203
3 0.424022 0.326022 0.017307 0.046708 0.002473
3 0.424065 0.324813 0.017372 0.045501 0.004070
3 0.570134 0.326014 0.015551 0.046752 0.047426
3 0.500601 0.240013 0.163342 0.293678 0.095349
3 0.501009 0.238856 0.166227 0.295830 0.017986
3 0.501143 0.238852 0.164308 0.295847 0.022977
3 0.500761 0.241151 0.162909 0.296289 0.001170
3 0.500000 0.240027 0.161949 0.293885 0.095349
3 0.500058 0.239665 0.164205 0.297651 0.022977
3 0.500043 0.240815 0.162110 0.295498 0.022977
3 0.499126 0.239690 0.158607 0.292237 0.222700
3 0.500617 0.239308 0.161006 0.291712 0.119203
3 0.498808 0.238629 0.159816 0.294350 0.119203
4 0.960376 0.388224 0.079778 0.237740 0.002473
4 0.960485 0.389402 0.079176 0.252072 0.001501
4 0.962286 0.392460 0.075876 0.251281 0.001501
4 0.961443 0.392250 0.077422 0.258110 0.002473
4 0.961347 0.392001 0.077431 0.258128 0.001501
5 0.425002 0.324480 0.017073 0.046090 0.001501
5 0.424022 0.326022 0.017307 0.046708 0.001501
5 0.959666 0.387430 0.081243 0.252623 0.500000
5 0.959667 0.388717 0.080795 0.257701 0.622459
5 0.960333 0.392541 0.079614 0.261038 0.622459
5 0.960376 0.388224 0.079778 0.237740 0.377541
5 0.959642 0.389814 0.078053 0.249019 0.622459
5 0.960485 0.389402 0.079176 0.252072 0.731059
5 0.960643 0.390795 0.078993 0.255564 0.622459
5 0.960572 0.392852 0.079336 0.266349 0.002473
5 0.962286 0.392460 0.075876 0.251281 0.622459
5 0.961443 0.392250 0.077422 0.258110 0.731059
5 0.961347 0.392001 0.077431 0.258128 0.622459
