1 0.387492 0.324185 0.091951 0.106784 0.880797
1 0.386327 0.324182 0.094332 0.106778 0.817575
1 0.387115 0.325458 0.091110 0.104258 0.880797
1 0.436052 0.311558 0.012591 0.035596 0.010987
1 0.438143 0.311516 0.014279 0.030572 0.001501
1 0.574928 0.324199 0.042152 0.065114 0.119203
1 0.575679 0.322904 0.042849 0.062549 0.731059
1 0.575609 0.322917 0.042964 0.062536 0.817575
1 0.575145 0.322862 0.043955 0.062494 0.004070
1 0.314644 0.324245 0.060264 0.039456 0.006693
1 0.315414 0.324197 0.058623 0.039396 0.010987
1 0.316386 0.324202 0.056013 0.039361 0.010987
1 0.315921 0.323747 0.056875 0.038452 0.010987
1 0.318350 0.323713 0.055454 0.036038 0.010987
1 0.386826 0.324206 0.095431 0.106839 0.880797
1 0.387473 0.324194 0.091975 0.106743 0.880797
1 0.386959 0.324193 0.093098 0.106733 0.924142
1 0.387090 0.325329 0.091213 0.109020 0.924142
1 0.435738 0.318678 0.011960 0.036696 0.017986
1 0.547306 0.327622 0.020391 0.069299 0.002473
1 0.575503 0.322906 0.043199 0.062548 0.377541
1 0.575702 0.321630 0.042796 0.065121 0.817575
1 0.576023 0.321632 0.042135 0.065090 0.880797
1 0.575595 0.321611 0.043054 0.065138 0.817575
1 0.314420 0.326698 0.061771 0.041910 0.002473
1 0.314575 0.325997 0.060394 0.040682 0.002473
1 0.386942 0.324196 0.093037 0.106750 0.880797
1 0.386943 0.324201 0.093085 0.106737 0.924142
1 0.387485 0.324196 0.092004 0.106752 0.952574
1 0.453005 0.333847 0.027977 0.055197 0.001501
1 0.546491 0.331051 0.018413 0.063360 0.006693
1 0.575521 0.322909 0.043141 0.062553 0.377541
1 0.576312 0.322905 0.044283 0.062558 0.731059
1 0.576037 0.321638 0.042139 0.065095 0.817575
1 0.576317 0.321639 0.044341 0.065148 0.119203
2 0.502807 0.249868 0.144265 0.245026 0.731059
2 0.501323 0.248360 0.141436 0.246955 0.817575
2 0.501059 0.246800 0.139636 0.244129 0.817575
2 0.503707 0.252500 0.147932 0.255629 0.622459
2 0.502325 0.252526 0.142192 0.255102 0.817575
2 0.501265 0.252641 0.141288 0.250475 0.817575
2 0.501287 0.249968 0.141245 0.250243 0.817575
2 0.502902 0.251307 0.140605 0.253024 0.731059
2 0.500744 0.251323 0.139131 0.247710 0.731059
2 0.500789 0.250219 0.138996 0.245093 0.622459
3 0.502807 0.249868 0.144265 0.245026 0.006693
3 0.501323 0.248360 0.141436 0.246955 0.001501
3 0.501059 0.246800 0.139636 0.244129 0.002473
3 0.503707 0.252500 0.147932 0.255629 0.075858
3 0.502325 0.252526 0.142192 0.255102 0.010987
3 0.501265 0.252641 0.141288 0.250475 0.001501
3 0.501287 0.249968 0.141245 0.250243 0.002473
3 0.502902 0.251307 0.140605 0.253024 0.017986
3 0.500744 0.251323 0.139131 0.247710 0.004070
3 0.500789 0.250219 0.138996 0.245093 0.004070
3 0.416863 0.309632 0.028343 0.077715 0.001501
3 0.435738 0.318678 0.011960 0.036696 0.001501
