0 0.194974 0.339234 0.007056 0.040533 0.001501
0 0.279812 0.327446 0.009665 0.039643 0.006693
0 0.834742 0.337740 0.011594 0.080988 0.002473
0 0.194298 0.341419 0.005677 0.035507 0.002473
0 0.244977 0.335978 0.007049 0.041923 0.004070
0 0.281170 0.330728 0.012819 0.041876 0.002473
0 0.792359 0.344636 0.018674 0.042406 0.002473
0 0.834424 0.341907 0.009491 0.071869 0.002473
0 0.794517 0.346158 0.014171 0.041850 0.002473
0 0.834436 0.343948 0.009449 0.071970 0.001501
1 0.547781 0.320953 0.026353 0.040913 0.622459
1 0.548463 0.319835 0.025065 0.040509 0.731059
1 0.004123 0.338037 0.011369 0.053172 0.002473
1 0.086252 0.337991 0.030636 0.060670 0.010987
1 0.087404 0.340029 0.031044 0.060201 0.006693
1 0.328870 0.330248 0.027103 0.025954 0.004070
1 0.329404 0.330391 0.024877 0.022570 0.010987
1 0.332234 0.329622 0.027716 0.018627 0.001501
1 0.435252 0.318491 0.012612 0.012032 0.010987
1 0.467286 0.316908 0.009719 0.014181 0.001501
1 0.529740 0.321448 0.009781 0.024002 0.017986
1 0.547784 0.320518 0.026369 0.041608 0.817575
1 0.548550 0.320281 0.027934 0.039462 0.880797
1 0.564534 0.320199 0.010343 0.021331 0.001501
1 0.686688 0.345047 0.187331 0.190110 0.880797
1 0.686869 0.346308 0.186952 0.187556 0.880797
1 0.686868 0.343769 0.186942 0.187554 0.924142
1 0.778199 0.337516 0.036327 0.052665 0.002473
1 0.784941 0.340896 0.026718 0.043683 0.006693
1 0.789058 0.342328 0.025722 0.046498 0.001501
1 0.003921 0.344821 0.007872 0.037170 0.006693
1 0.014873 0.343973 0.010970 0.021477 0.004070
1 0.031281 0.352052 0.015690 0.027868 0.182426
1 0.038082 0.348456 0.025627 0.026636 0.002473
1 0.056968 0.346211 0.017287 0.021280 0.010987
1 0.064709 0.341320 0.010485 0.047013 0.004070
1 0.086858 0.340014 0.032142 0.060283 0.010987
1 0.087335 0.340006 0.031160 0.060286 0.017986
1 0.111719 0.348799 0.023478 0.036127 0.731059
1 0.112505 0.347206 0.021952 0.037510 0.622459
1 0.217473 0.339995 0.025364 0.023294 0.002473
1 0.328853 0.333473 0.029192 0.025574 0.002473
1 0.686574 0.346298 0.188191 0.187558 0.817575
1 0.687025 0.346300 0.187282 0.187533 0.924142
1 0.686639 0.346284 0.186962 0.187586 0.924142
1 0.686369 0.346143 0.187054 0.182764 0.924142
1 0.780186 0.339031 0.031366 0.048723 0.004070
1 0.785847 0.342954 0.022161 0.040396 0.017986
1 0.792359 0.344636 0.018674 0.042406 0.002473
1 0.803081 0.345043 0.031850 0.042988 0.001501
1 0.940101 0.353200 0.020829 0.027150 0.002473
1 0.943132 0.354040 0.022027 0.025689 0.002473
1 0.003904 0.352699 0.007859 0.058517 0.001501
1 0.030486 0.351098 0.014112 0.030194 0.075858
1 0.078342 0.344398 0.025965 0.052132 0.004070
1 0.087321 0.341290 0.031197 0.057865 0.006693
1 0.086790 0.339102 0.032274 0.058650 0.047426
1 0.111649 0.347694 0.023582 0.038777 0.500000
1 0.112497 0.348322 0.021973 0.035743 0.500000
1 0.686762 0.343714 0.188281 0.187648 0.924142
1 0.687022 0.345016 0.187287 0.185012 0.924142
1 0.687023 0.346151 0.187267 0.182727 0.970688
1 0.785803 0.345756 0.021883 0.045734 0.002473
1 0.939951 0.356286 0.020432 0.021674 0.004070
1 0.940910 0.356309 0.018648 0.021545 0.002473
2 0.502715 0.286929 0.058544 0.120891 0.817575
2 0.501850 0.288199 0.059570 0.118351 0.817575
2 0.501954 0.288142 0.059761 0.118188 0.182426
2 0.502087 0.288208 0.059976 0.118498 0.817575
2 0.502242 0.288279 0.060293 0.118396 0.880797
2 0.502647 0.289173 0.058407 0.120231 0.880797
2 0.502533 0.286969 0.058175 0.120941 0.924142
2 0.502320 0.289172 0.060461 0.120311 0.500000
2 0.502243 0.289128 0.060290 0.120314 0.880797
2 0.501665 0.287870 0.059201 0.122837 0.817575
2 0.501664 0.288002 0.059199 0.118420 0.880797
2 0.594473 0.309731 0.014376 0.036325 0.001501
2 0.084766 0.339248 0.036705 0.053828 0.029312
2 0.086252 0.337991 0.030636 0.060670 0.377541
2 0.087404 0.340029 0.031044 0.060201 0.731059
2 0.064709 0.341320 0.010485 0.047013 0.010987
2 0.086858 0.340014 0.032142 0.060283 0.500000
2 0.087335 0.340006 0.031160 0.060286 0.500000
2 0.111719 0.348799 0.023478 0.036127 0.001501
2 0.956210 0.349668 0.015931 0.023087 0.001501
2 0.078342 0.344398 0.025965 0.052132 0.001501
2 0.087321 0.341290 0.031197 0.057865 0.268941
2 0.086790 0.339102 0.032274 0.058650 0.268941
2 0.111649 0.347694 0.023582 0.038777 0.004070
3 0.259429 0.322261 0.030782 0.051867 0.001501
3 0.501664 0.288002 0.059199 0.118420 0.001501
3 0.084766 0.339248 0.036705 0.053828 0.010987
3 0.086252 0.337991 0.030636 0.060670 0.182426
3 0.087404 0.340029 0.031044 0.060201 0.075858
3 0.268555 0.331598 0.050792 0.039670 0.002473
3 0.031281 0.352052 0.015690 0.027868 0.001501
3 0.064709 0.341320 0.010485 0.047013 0.004070
3 0.086858 0.340014 0.032142 0.060283 0.119203
3 0.087335 0.340006 0.031160 0.060286 0.119203
3 0.111719 0.348799 0.023478 0.036127 0.001501
3 0.112505 0.347206 0.021952 0.037510 0.001501
3 0.785847 0.342954 0.022161 0.040396 0.001501
3 0.030486 0.351098 0.014112 0.030194 0.001501
3 0.078342 0.344398 0.025965 0.052132 0.004070
3 0.087321 0.341290 0.031197 0.057865 0.075858
3 0.086790 0.339102 0.032274 0.058650 0.119203
3 0.111649 0.347694 0.023582 0.038777 0.002473
3 0.112497 0.348322 0.021973 0.035743 0.001501
4 0.789058 0.342328 0.025722 0.046498 0.002473
4 0.785847 0.342954 0.022161 0.040396 0.002473
4 0.792359 0.344636 0.018674 0.042406 0.006693
4 0.785803 0.345756 0.021883 0.045734 0.004070
4 0.794517 0.346158 0.014171 0.041850 0.006693
5 0.789058 0.342328 0.025722 0.046498 0.001501
5 0.031281 0.352052 0.015690 0.027868 0.002473
5 0.785847 0.342954 0.022161 0.040396 0.002473
5 0.792359 0.344636 0.018674 0.042406 0.010987
5 0.030486 0.351098 0.014112 0.030194 0.002473
5 0.785803 0.345756 0.021883 0.045734 0.002473
5 0.794517 0.346158 0.014171 0.041850 0.010987
5 0.803555 0.345623 0.032474 0.045615 0.001501
