1 0.430551 0.323793 0.041980 0.051051 0.817575
1 0.429994 0.324441 0.043081 0.049699 0.622459
1 0.429178 0.323509 0.041667 0.047851 0.731059
1 0.456668 0.318668 0.020069 0.034602 0.001501
1 0.179667 0.350239 0.087512 0.080651 0.731059
1 0.180434 0.350315 0.089147 0.080829 0.731059
1 0.180436 0.351577 0.086057 0.078293 0.817575
1 0.264211 0.342828 0.090951 0.092741 0.880797
1 0.264593 0.342599 0.092960 0.096799 0.817575
1 0.264708 0.341688 0.092654 0.095012 0.880797
1 0.362050 0.334531 0.108924 0.099065 0.880797
1 0.361736 0.334532 0.109523 0.099067 0.924142
1 0.361852 0.334603 0.109395 0.099209 0.924142
1 0.429244 0.324475 0.041530 0.049736 0.817575
1 0.429772 0.324483 0.040457 0.049701 0.817575
1 0.429213 0.322910 0.041612 0.049254 0.817575
1 0.456302 0.320209 0.020611 0.031405 0.731059
1 0.459077 0.320796 0.021305 0.030333 0.047426
1 0.525939 0.320185 0.017360 0.031475 0.500000
1 0.527066 0.320882 0.017812 0.030072 0.817575
1 0.634010 0.337313 0.128898 0.133003 0.880797
1 0.634236 0.335420 0.128434 0.134323 0.924142
1 0.128604 0.356673 0.091914 0.138033 0.001501
1 0.155036 0.365804 0.043478 0.107934 0.004070
1 0.181103 0.353391 0.087260 0.081971 0.731059
1 0.180457 0.352840 0.089035 0.080769 0.817575
1 0.181244 0.351476 0.087526 0.083163 0.817575
1 0.180461 0.351571 0.089080 0.083360 0.880797
1 0.264843 0.343745 0.092196 0.099062 0.817575
1 0.264578 0.343749 0.092897 0.099059 0.817575
1 0.264576 0.343748 0.092827 0.099059 0.880797
1 0.264228 0.342599 0.093510 0.096807 0.880797
1 0.362058 0.334091 0.108898 0.098155 0.880797
1 0.362085 0.334091 0.108860 0.098146 0.880797
1 0.362078 0.334497 0.108837 0.098958 0.952574
1 0.361676 0.334532 0.109684 0.099070 0.924142
1 0.429201 0.323846 0.041627 0.051065 0.817575
1 0.429233 0.324503 0.041547 0.049725 0.817575
1 0.429165 0.323886 0.041694 0.050976 0.880797
1 0.634052 0.335399 0.128821 0.134280 0.924142
1 0.634010 0.336045 0.128898 0.135547 0.924142
1 0.633562 0.336059 0.127082 0.135574 0.924142
1 0.634164 0.336083 0.128573 0.135639 0.924142
1 0.131972 0.357172 0.080832 0.149567 0.006693
1 0.148115 0.369252 0.054210 0.111233 0.075858
1 0.179701 0.352701 0.087553 0.080455 0.817575
1 0.180475 0.352695 0.086046 0.080434 0.817575
1 0.181242 0.352875 0.087518 0.080825 0.880797
1 0.265408 0.342622 0.094019 0.096769 0.880797
1 0.264634 0.342627 0.092971 0.096790 0.880797
1 0.264616 0.342618 0.092919 0.096791 0.880797
1 0.362098 0.334900 0.108984 0.096252 0.924142
1 0.361483 0.333997 0.107925 0.098056 0.924142
1 0.361149 0.334002 0.108627 0.098175 0.952574
1 0.633344 0.337324 0.127479 0.133066 0.952574
1 0.634007 0.337314 0.128893 0.133012 0.924142
1 0.633486 0.336087 0.127211 0.135641 0.970688
1 0.633890 0.336813 0.126419 0.132015 0.970688
1 0.153264 0.370809 0.040522 0.105121 0.182426
1 0.154131 0.376053 0.038839 0.095419 0.075858
1 0.155204 0.376679 0.036576 0.098125 0.047426
1 0.155003 0.370248 0.037053 0.111025 0.047426
1 0.081411 0.366964 0.162857 0.457347 0.817575
1 0.082034 0.370436 0.160980 0.449954 0.851953
1 0.081118 0.375452 0.162205 0.439673 0.851953
1 0.081054 0.362865 0.163212 0.462576 0.075858
1 0.081531 0.369552 0.163042 0.443436 0.817575
1 0.082139 0.371781 0.161164 0.442998 0.880797
1 0.081136 0.374583 0.162259 0.441491 0.851953
1 0.082348 0.373678 0.160707 0.440711 0.047426
1 0.081367 0.374853 0.162800 0.437490 0.904651
1 0.081268 0.377547 0.162523 0.438842 0.880797
1 0.080381 0.378915 0.163781 0.432987 0.880797
2 0.494319 0.291407 0.051640 0.108515 0.817575
2 0.494425 0.291564 0.052547 0.108662 0.880797
2 0.494620 0.291526 0.052475 0.111378 0.880797
2 0.494466 0.290951 0.052905 0.107311 0.817575
2 0.494155 0.291731 0.053368 0.108849 0.817575
2 0.495229 0.291763 0.053416 0.108677 0.880797
2 0.496283 0.290924 0.054692 0.104489 0.006693
2 0.494714 0.291021 0.052404 0.107168 0.731059
2 0.494471 0.290683 0.052906 0.109139 0.817575
2 0.494546 0.291325 0.052334 0.107739 0.880797
2 0.494984 0.291439 0.053666 0.107536 0.880797
2 0.494186 0.291893 0.053170 0.106442 0.001501
2 0.493802 0.298025 0.050069 0.096457 0.002473
3 0.527066 0.320882 0.017812 0.030072 0.004070
