0 0.648980 0.248772 0.017318 0.081428 0.002473
0 0.651780 0.238150 0.011968 0.059764 0.002473
0 0.648095 0.256562 0.015652 0.076874 0.017986
0 0.650286 0.253442 0.013899 0.089001 0.006693
0 0.647953 0.274552 0.015152 0.039958 0.075858
0 0.649465 0.273533 0.014323 0.047835 0.017986
0 0.647953 0.276901 0.015151 0.035195 0.075858
0 0.648517 0.278466 0.016212 0.037786 0.029312
0 0.986253 0.326850 0.016919 0.117720 0.004070
0 0.987663 0.327682 0.018955 0.120197 0.004070
0 0.646733 0.288025 0.018602 0.058391 0.004070
0 0.647774 0.286968 0.017693 0.060634 0.004070
0 0.952317 0.318005 0.014638 0.039550 0.006693
0 0.986261 0.327347 0.016885 0.119191 0.006693
0 0.988445 0.330801 0.020134 0.121410 0.006693
0 0.644574 0.306963 0.024586 0.092731 0.002473
0 0.747703 0.333947 0.012499 0.069979 0.001501
0 0.952716 0.319444 0.013840 0.045312 0.006693
0 0.986694 0.326518 0.017694 0.118635 0.004070
0 0.994901 0.328584 0.010263 0.118992 0.006693
0 0.951645 0.342033 0.016358 0.087377 0.001501
0 0.987109 0.331328 0.016304 0.111563 0.002473
0 0.996109 0.344448 0.007846 0.092023 0.004070
0 0.745356 0.336622 0.009994 0.072178 0.001501
0 0.758215 0.353544 0.020254 0.050402 0.002473
0 0.987258 0.340972 0.015013 0.092565 0.001501
0 0.996127 0.350626 0.007810 0.078384 0.002473
0 0.988431 0.352038 0.017378 0.092881 0.001501
0 0.995703 0.350146 0.008632 0.089069 0.002473
0 0.947677 0.458592 0.058156 0.338523 0.001501
0 0.947302 0.457487 0.057367 0.340527 0.001501
1 0.564032 0.271606 0.028141 0.034454 0.002473
1 0.564685 0.271371 0.028595 0.029567 0.001501
1 0.606761 0.272229 0.111254 0.057067 0.001501
1 0.563272 0.276791 0.029661 0.030345 0.002473
1 0.564518 0.275243 0.029023 0.028043 0.004070
1 0.607110 0.279535 0.108467 0.045552 0.002473
1 0.403237 0.324939 0.031493 0.053324 0.731059
1 0.403048 0.323795 0.031124 0.051035 0.817575
1 0.421049 0.313728 0.014076 0.034799 0.010987
1 0.438956 0.317706 0.022156 0.047300 0.047426
1 0.439724 0.317763 0.023661 0.047181 0.075858
1 0.881950 0.322141 0.068346 0.042253 0.004070
1 0.881970 0.323322 0.064712 0.043835 0.006693
1 0.881235 0.324239 0.065901 0.045662 0.004070
1 0.880400 0.320260 0.064126 0.037659 0.002473
1 0.882984 0.328753 0.062231 0.059012 0.004070
1 0.354210 0.341164 0.077638 0.104191 0.924142
1 0.354345 0.340047 0.077901 0.106451 0.880797
1 0.354215 0.341173 0.077633 0.104211 0.817575
1 0.403002 0.323831 0.031038 0.051030 0.731059
1 0.403821 0.323818 0.029578 0.051054 0.817575
1 0.419273 0.320828 0.008473 0.044184 0.029312
1 0.438261 0.317718 0.023497 0.047169 0.029312
1 0.438277 0.317767 0.023481 0.047070 0.075858
1 0.871979 0.326505 0.082174 0.047291 0.004070
1 0.881900 0.325147 0.068694 0.044501 0.029312
1 0.881825 0.326465 0.067458 0.047674 0.017986
1 0.881934 0.325900 0.064293 0.045999 0.029312
1 0.881800 0.321818 0.064515 0.038555 0.010987
1 0.888843 0.339299 0.053158 0.068155 0.029312
1 0.909012 0.347120 0.039314 0.083755 0.001501
1 0.354938 0.342453 0.076883 0.101659 0.001501
1 0.354346 0.341188 0.077901 0.104169 0.880797
1 0.354349 0.341189 0.077892 0.104167 0.924142
1 0.354711 0.341328 0.076463 0.108985 0.924142
1 0.353643 0.341148 0.079139 0.104198 0.731059
1 0.403958 0.323833 0.029867 0.051058 0.731059
1 0.403013 0.323830 0.031018 0.051055 0.817575
1 0.404216 0.323086 0.030264 0.052724 0.182426
1 0.880160 0.336592 0.075849 0.067932 0.006693
1 0.880956 0.336556 0.070223 0.068272 0.029312
1 0.881085 0.336544 0.069199 0.068261 0.047426
1 0.903923 0.353086 0.025382 0.066605 0.119203
1 0.903462 0.356219 0.023964 0.060315 0.182426
1 0.909356 0.357627 0.037818 0.065917 0.002473
1 0.354760 0.341180 0.076535 0.104185 0.924142
1 0.354889 0.338918 0.076813 0.104182 0.924142
1 0.354172 0.341179 0.077535 0.104179 0.952574
1 0.879863 0.347792 0.070628 0.090374 0.001501
1 0.883188 0.348690 0.065173 0.084546 0.010987
1 0.903476 0.356814 0.026261 0.059342 0.182426
1 0.903447 0.357031 0.023950 0.058846 0.182426
1 0.911040 0.357335 0.041063 0.062876 0.002473
1 0.902984 0.361824 0.025233 0.068350 0.119203
1 0.903485 0.358458 0.026093 0.065388 0.119203
1 0.896815 0.372787 0.019402 0.073066 0.002473
1 0.902570 0.368098 0.026635 0.090590 0.001501
2 0.421049 0.313728 0.014076 0.034799 0.010987
2 0.881970 0.323322 0.064712 0.043835 0.010987
2 0.881235 0.324239 0.065901 0.045662 0.004070
2 0.419273 0.320828 0.008473 0.044184 0.002473
2 0.881900 0.325147 0.068694 0.044501 0.017986
2 0.881825 0.326465 0.067458 0.047674 0.047426
2 0.881934 0.325900 0.064293 0.045999 0.047426
2 0.881800 0.321818 0.064515 0.038555 0.075858
2 0.888843 0.339299 0.053158 0.068155 0.029312
2 0.880160 0.336592 0.075849 0.067932 0.004070
2 0.880956 0.336556 0.070223 0.068272 0.029312
2 0.881085 0.336544 0.069199 0.068261 0.029312
2 0.903923 0.353086 0.025382 0.066605 0.002473
2 0.879863 0.347792 0.070628 0.090374 0.004070
2 0.883188 0.348690 0.065173 0.084546 0.001501
3 0.019333 0.261440 0.038823 0.365888 0.001501
3 0.258942 0.277894 0.086938 0.176324 0.047426
3 0.260405 0.276340 0.087766 0.172841 0.182426
3 0.261356 0.277311 0.088067 0.174724 0.377541
3 0.261275 0.277101 0.089322 0.179585 0.119203
3 0.020090 0.269015 0.037309 0.353920 0.006693
3 0.020511 0.270792 0.040982 0.349349 0.004070
3 0.259827 0.275685 0.088786 0.177739 0.029312
3 0.259980 0.276979 0.089080 0.174138 0.075858
3 0.260964 0.277319 0.088852 0.174747 0.119203
3 0.261155 0.279589 0.089300 0.184575 0.029312
3 0.019408 0.275778 0.038973 0.349676 0.002473
3 0.260361 0.280359 0.090638 0.177243 0.029312
3 0.260470 0.278411 0.090927 0.177016 0.017986
3 0.438202 0.309749 0.023489 0.065434 0.017986
3 0.438266 0.308386 0.023582 0.066514 0.029312
3 0.019165 0.274819 0.038477 0.364208 0.001501
3 0.421049 0.313728 0.014076 0.034799 0.029312
3 0.438956 0.317706 0.022156 0.047300 0.731059
3 0.439724 0.317763 0.023661 0.047181 0.731059
3 0.462380 0.309546 0.015748 0.036331 0.002473
3 0.019482 0.272332 0.036023 0.383933 0.002473
3 0.019254 0.278350 0.038518 0.376416 0.001501
3 0.419273 0.320828 0.008473 0.044184 0.004070
3 0.438261 0.317718 0.023497 0.047169 0.731059
3 0.438277 0.317767 0.023481 0.047070 0.817575
3 0.881900 0.325147 0.068694 0.044501 0.001501
3 0.881800 0.321818 0.064515 0.038555 0.002473
3 0.888843 0.339299 0.053158 0.068155 0.029312
3 0.909012 0.347120 0.039314 0.083755 0.002473
3 0.920324 0.345563 0.057812 0.095151 0.001501
3 0.404216 0.323086 0.030264 0.052724 0.002473
3 0.881085 0.336544 0.069199 0.068261 0.002473
3 0.903923 0.353086 0.025382 0.066605 0.010987
3 0.903462 0.356219 0.023964 0.060315 0.029312
3 0.917023 0.355887 0.053842 0.074896 0.001501
3 0.883188 0.348690 0.065173 0.084546 0.001501
3 0.903476 0.356814 0.026261 0.059342 0.004070
3 0.903447 0.357031 0.023950 0.058846 0.017986
3 0.903485 0.358458 0.026093 0.065388 0.004070
4 0.640957 0.338621 0.028920 0.073492 0.001501
4 0.641216 0.336364 0.028937 0.072689 0.001501
5 0.647953 0.276901 0.015151 0.035195 0.002473
5 0.648517 0.278466 0.016212 0.037786 0.001501
5 0.641942 0.318884 0.028290 0.073858 0.001501
5 0.641216 0.336364 0.028937 0.072689 0.001501
