0 0.102643 0.172329 0.013965 0.053436 0.001501
0 0.102923 0.174106 0.016144 0.057122 0.001501
0 0.452367 0.315933 0.017272 0.029759 0.001501
0 0.533261 0.327968 0.019697 0.086099 0.004070
0 0.540908 0.329683 0.023405 0.087770 0.002473
1 0.718203 0.281884 0.185909 0.115552 0.004070
1 0.580738 0.310738 0.081483 0.074789 0.119203
1 0.578868 0.318980 0.092031 0.096397 0.075858
1 0.071316 0.297242 0.070873 0.140114 0.002473
1 0.077075 0.296800 0.079363 0.149627 0.002473
1 0.452551 0.315176 0.020610 0.031246 0.017986
1 0.453274 0.315187 0.018618 0.031187 0.075858
1 0.516040 0.317121 0.026319 0.045845 0.731059
1 0.514751 0.317107 0.026441 0.045791 0.731059
1 0.536035 0.320292 0.022131 0.057349 0.377541
1 0.536728 0.319193 0.023585 0.060208 0.268941
1 0.572421 0.315856 0.098376 0.085264 0.047426
1 0.579883 0.324149 0.099347 0.106833 0.731059
1 0.580972 0.325400 0.100584 0.104343 0.731059
1 0.580980 0.324274 0.098353 0.101563 0.119203
1 0.713961 0.328342 0.178031 0.208213 0.817575
1 0.715079 0.327439 0.177075 0.210024 0.817575
1 0.715407 0.328349 0.180864 0.208215 0.880797
1 0.451928 0.317641 0.020992 0.031474 0.017986
1 0.452367 0.315933 0.017272 0.029759 0.182426
1 0.469460 0.318133 0.014984 0.017252 0.001501
1 0.481272 0.319149 0.006866 0.018779 0.002473
1 0.497718 0.318088 0.012580 0.020876 0.377541
1 0.515983 0.318242 0.026218 0.043543 0.731059
1 0.516045 0.316213 0.026303 0.043988 0.731059
1 0.537492 0.321318 0.025030 0.059485 0.377541
1 0.536738 0.319126 0.023553 0.060283 0.268941
1 0.557040 0.319760 0.064381 0.082542 0.001501
1 0.580364 0.325434 0.095681 0.104290 0.731059
1 0.580971 0.325471 0.099528 0.104173 0.731059
1 0.581271 0.325517 0.100037 0.104087 0.817575
1 0.581397 0.326735 0.097518 0.101646 0.817575
1 0.713076 0.328262 0.176206 0.208257 0.817575
1 0.713627 0.329469 0.177210 0.206126 0.880797
1 0.713268 0.327362 0.176586 0.210062 0.880797
1 0.713493 0.328255 0.180254 0.204301 0.880797
1 0.536609 0.321621 0.023265 0.060244 0.268941
1 0.536809 0.319213 0.023665 0.060434 0.268941
1 0.553836 0.324413 0.057537 0.093286 0.001501
1 0.581486 0.325483 0.093807 0.104191 0.075858
1 0.580995 0.326636 0.099498 0.101856 0.731059
1 0.581943 0.326679 0.098652 0.101772 0.817575
1 0.582523 0.327627 0.096799 0.099871 0.924142
1 0.711889 0.325972 0.173878 0.208741 0.880797
1 0.712310 0.325489 0.174582 0.207024 0.880797
1 0.712562 0.325504 0.175122 0.206997 0.924142
1 0.990362 0.410851 0.019360 0.412408 0.001501
1 0.987212 0.411776 0.025625 0.422690 0.010987
1 0.984227 0.407558 0.028482 0.410133 0.182426
1 0.986005 0.411118 0.028031 0.421056 0.182426
1 0.985395 0.406578 0.029214 0.389639 0.268941
1 0.985204 0.409487 0.026553 0.396373 0.377541
1 0.984675 0.410937 0.027598 0.374654 0.268941
1 0.986009 0.413508 0.027999 0.378509 0.377541
1 0.985897 0.410130 0.025145 0.365423 0.268941
1 0.986032 0.415664 0.027953 0.362168 0.268941
1 0.986653 0.419161 0.026687 0.346771 0.182426
1 0.986676 0.422562 0.026677 0.353536 0.268941
1 0.987441 0.431239 0.025158 0.326358 0.047426
1 0.985915 0.432508 0.025176 0.333988 0.047426
1 0.987424 0.449844 0.025307 0.310308 0.001501
1 0.987516 0.457721 0.025084 0.320551 0.006693
1 0.212585 0.341117 0.347811 0.447569 0.924142
1 0.211716 0.341330 0.344825 0.447801 0.939913
1 0.211664 0.341618 0.344582 0.448586 0.939913
1 0.211766 0.341466 0.344331 0.452979 0.679179
1 0.212811 0.342120 0.346678 0.449440 0.924142
1 0.212010 0.341647 0.343957 0.448385 0.939913
1 0.212292 0.341905 0.343238 0.448933 0.939913
1 0.866958 0.379816 0.266044 0.342970 0.952574
1 0.867335 0.378781 0.268491 0.340911 0.952574
1 0.864759 0.380085 0.267521 0.338405 0.924142
1 0.212617 0.340680 0.345151 0.455183 0.939913
1 0.212461 0.341056 0.341431 0.452028 0.939913
1 0.213194 0.340921 0.341500 0.451721 0.939913
1 0.866143 0.380085 0.264538 0.338369 0.939913
1 0.867292 0.380071 0.268531 0.338332 0.939913
1 0.864701 0.379907 0.267576 0.343193 0.924142
1 0.865619 0.380205 0.268848 0.343774 0.924142
1 0.866154 0.380032 0.264504 0.342883 0.904651
1 0.866536 0.378899 0.266943 0.340719 0.939913
1 0.864692 0.381312 0.267555 0.340359 0.924142
2 0.718203 0.281884 0.185909 0.115552 0.002473
2 0.453274 0.315187 0.018618 0.031187 0.004070
2 0.452367 0.315933 0.017272 0.029759 0.002473
3 0.580738 0.310738 0.081483 0.074789 0.001501
3 0.452551 0.315176 0.020610 0.031246 0.047426
3 0.453274 0.315187 0.018618 0.031187 0.182426
3 0.461362 0.311481 0.031111 0.026771 0.002473
3 0.451928 0.317641 0.020992 0.031474 0.004070
3 0.452367 0.315933 0.017272 0.029759 0.182426
3 0.497718 0.318088 0.012580 0.020876 0.006693
3 0.984227 0.407558 0.028482 0.410133 0.001501
3 0.986005 0.411118 0.028031 0.421056 0.001501
3 0.985395 0.406578 0.029214 0.389639 0.001501
3 0.985204 0.409487 0.026553 0.396373 0.002473
3 0.986009 0.413508 0.027999 0.378509 0.002473
3 0.985897 0.410130 0.025145 0.365423 0.001501
3 0.986032 0.415664 0.027953 0.362168 0.001501
3 0.986676 0.422562 0.026677 0.353536 0.001501
5 0.413084 0.353483 0.026787 0.095942 0.006693
5 0.415394 0.346816 0.022440 0.085510 0.004070
5 0.451928 0.317641 0.020992 0.031474 0.010987
5 0.452367 0.315933 0.017272 0.029759 0.006693
5 0.411056 0.356121 0.030999 0.100173 0.010987
5 0.412172 0.354641 0.025747 0.101283 0.004070
5 0.536609 0.321621 0.023265 0.060244 0.001501
5 0.405448 0.357054 0.039141 0.090239 0.001501
5 0.409278 0.355067 0.031504 0.099511 0.006693
5 0.411739 0.353562 0.029691 0.103698 0.004070
5 0.533261 0.327968 0.019697 0.086099 0.010987
5 0.540908 0.329683 0.023405 0.087770 0.004070
5 0.408715 0.355341 0.032653 0.099985 0.006693
5 0.412033 0.353461 0.029098 0.103744 0.017986
5 0.412104 0.353862 0.029382 0.110143 0.001501
