0 0.054779 0.301212 0.041098 0.132669 0.001501
0 0.618141 0.298614 0.014400 0.042934 0.002473
0 0.625950 0.296982 0.017401 0.061566 0.001501
0 0.053865 0.306783 0.043665 0.118843 0.001501
0 0.054152 0.302675 0.045125 0.126984 0.004070
0 0.058464 0.304051 0.033686 0.130686 0.004070
0 0.028785 0.330894 0.013342 0.105200 0.001501
0 0.053932 0.314303 0.034076 0.100855 0.004070
0 0.058531 0.304977 0.036362 0.123946 0.017986
0 0.062470 0.304914 0.028533 0.127852 0.010987
0 0.051436 0.323079 0.026439 0.081152 0.001501
0 0.061959 0.309193 0.022389 0.120388 0.017986
0 0.064201 0.306977 0.025773 0.125109 0.010987
0 0.060847 0.319716 0.018764 0.105610 0.006693
0 0.064122 0.312965 0.022367 0.119358 0.002473
0 0.647591 0.334438 0.058284 0.341279 0.731059
0 0.647262 0.333390 0.058927 0.333462 0.731059
0 0.647460 0.332883 0.062125 0.334439 0.731059
0 0.647320 0.331735 0.061578 0.336591 0.731059
0 0.646440 0.330449 0.060516 0.334083 0.731059
0 0.646778 0.333344 0.059691 0.333566 0.029312
0 0.647096 0.331845 0.062330 0.341541 0.622459
0 0.646385 0.330832 0.063432 0.338479 0.731059
0 0.647050 0.331994 0.062346 0.341345 0.731059
0 0.646913 0.329636 0.060036 0.340753 0.268941
0 0.047713 0.414202 0.041539 0.266010 0.017986
0 0.048593 0.405716 0.041052 0.283814 0.029312
0 0.647270 0.332052 0.062425 0.336142 0.622459
0 0.647317 0.330669 0.062373 0.338892 0.622459
0 0.046855 0.420587 0.041412 0.261709 0.006693
0 0.047867 0.425379 0.037060 0.253288 0.029312
0 0.046898 0.417827 0.040273 0.266629 0.047426
0 0.046019 0.418691 0.039453 0.262239 0.010987
0 0.046984 0.435035 0.037585 0.230404 0.017986
0 0.046357 0.425213 0.039314 0.247393 0.047426
0 0.045876 0.422437 0.040268 0.256363 0.002473
0 0.045524 0.432579 0.037674 0.235403 0.047426
0 0.047057 0.424738 0.037499 0.252840 0.075858
0 0.046248 0.430672 0.036159 0.238674 0.017986
0 0.047636 0.423088 0.036332 0.254313 0.006693
1 0.049177 0.282293 0.048866 0.101502 0.004070
1 0.049853 0.286826 0.050507 0.110770 0.004070
1 0.047999 0.290929 0.051049 0.114854 0.004070
1 0.050005 0.294546 0.050124 0.125892 0.017986
1 0.049938 0.295610 0.047346 0.127966 0.029312
1 0.053343 0.296447 0.047527 0.130263 0.010987
1 0.390529 0.262547 0.049260 0.039659 0.001501
1 0.401222 0.263222 0.026098 0.036321 0.006693
1 0.404172 0.261863 0.019993 0.028918 0.006693
1 0.474861 0.290262 0.118918 0.106239 0.817575
1 0.473293 0.290171 0.118502 0.105931 0.817575
1 0.049339 0.297834 0.049289 0.124363 0.004070
1 0.051977 0.299605 0.049658 0.129826 0.017986
1 0.051696 0.301135 0.046796 0.131507 0.017986
1 0.054779 0.301212 0.041098 0.132669 0.017986
1 0.078428 0.290672 0.015120 0.062118 0.004070
1 0.404101 0.265552 0.022914 0.036696 0.002473
1 0.474929 0.291100 0.119071 0.106072 0.880797
1 0.474405 0.290824 0.118014 0.105385 0.924142
1 0.473726 0.290408 0.119376 0.106212 0.924142
1 0.474059 0.291046 0.117117 0.105406 0.880797
1 0.532050 0.291453 0.014247 0.041425 0.001501
1 0.680851 0.319809 0.028878 0.094245 0.004070
1 0.685464 0.321370 0.032769 0.101300 0.622459
1 0.685672 0.319329 0.032125 0.097120 0.622459
1 0.053865 0.306783 0.043665 0.118843 0.006693
1 0.054152 0.302675 0.045125 0.126984 0.006693
1 0.058464 0.304051 0.033686 0.130686 0.002473
1 0.079042 0.303832 0.014006 0.072945 0.004070
1 0.474917 0.290407 0.119037 0.106229 0.924142
1 0.474002 0.290823 0.117225 0.105389 0.880797
1 0.473336 0.290371 0.118560 0.106289 0.952574
1 0.474456 0.290523 0.117908 0.106459 0.880797
1 0.532123 0.293195 0.014394 0.039389 0.002473
1 0.552667 0.301325 0.016976 0.027711 0.001501
1 0.610557 0.307008 0.018424 0.032626 0.001501
1 0.614296 0.307375 0.013582 0.026940 0.002473
1 0.681167 0.322129 0.029435 0.096972 0.029312
1 0.685496 0.321684 0.032356 0.096661 0.731059
1 0.684675 0.319132 0.031216 0.101796 0.622459
1 0.742268 0.333907 0.115518 0.151859 0.731059
1 0.742927 0.333244 0.114243 0.153177 0.006693
1 0.058531 0.304977 0.036362 0.123946 0.001501
1 0.080457 0.311563 0.014187 0.067762 0.002473
1 0.682783 0.324435 0.031129 0.109441 0.006693
1 0.684793 0.320408 0.030657 0.099202 0.622459
1 0.684714 0.320318 0.030974 0.099145 0.622459
1 0.741503 0.334207 0.113845 0.154942 0.880797
1 0.742291 0.336018 0.115500 0.156018 0.924142
1 0.743702 0.334243 0.115680 0.155008 0.880797
1 0.741600 0.334204 0.116839 0.154952 0.924142
1 0.079105 0.319833 0.013891 0.067256 0.001501
1 0.683940 0.320418 0.029255 0.099327 0.622459
1 0.684079 0.319025 0.028976 0.101995 0.622459
1 0.742937 0.336036 0.114031 0.156066 0.817575
1 0.740975 0.334901 0.115042 0.153848 0.924142
1 0.743009 0.334257 0.117041 0.155155 0.924142
1 0.741663 0.334254 0.116697 0.155177 0.880797
1 0.683271 0.323261 0.027299 0.093907 0.500000
1 0.684278 0.320986 0.028755 0.098611 0.182426
1 0.742281 0.335035 0.115577 0.153575 0.622459
1 0.742449 0.335511 0.118243 0.157157 0.119203
2 0.047904 0.281780 0.050525 0.101412 0.006693
2 0.049177 0.282293 0.048866 0.101502 0.017986
2 0.049853 0.286826 0.050507 0.110770 0.029312
2 0.051797 0.289367 0.049085 0.117096 0.002473
2 0.047999 0.290929 0.051049 0.114854 0.017986
2 0.050005 0.294546 0.050124 0.125892 0.029312
2 0.049938 0.295610 0.047346 0.127966 0.017986
2 0.053343 0.296447 0.047527 0.130263 0.010987
2 0.077478 0.286071 0.017020 0.074069 0.017986
2 0.049339 0.297834 0.049289 0.124363 0.004070
2 0.051977 0.299605 0.049658 0.129826 0.010987
2 0.051696 0.301135 0.046796 0.131507 0.006693
2 0.054779 0.301212 0.041098 0.132669 0.010987
2 0.078428 0.290672 0.015120 0.062118 0.017986
2 0.053865 0.306783 0.043665 0.118843 0.002473
2 0.054152 0.302675 0.045125 0.126984 0.006693
2 0.058464 0.304051 0.033686 0.130686 0.002473
2 0.079042 0.303832 0.014006 0.072945 0.006693
2 0.080457 0.311563 0.014187 0.067762 0.001501
3 0.580705 0.265572 0.042620 0.115420 0.006693
3 0.581442 0.265821 0.041245 0.116001 0.004070
3 0.582035 0.268453 0.045243 0.116567 0.006693
3 0.047904 0.281780 0.050525 0.101412 0.002473
3 0.049177 0.282293 0.048866 0.101502 0.010987
3 0.049853 0.286826 0.050507 0.110770 0.010987
3 0.051797 0.289367 0.049085 0.117096 0.001501
3 0.581445 0.263320 0.041117 0.114718 0.004070
3 0.581491 0.265965 0.041190 0.109359 0.004070
3 0.583014 0.266011 0.041224 0.113883 0.004070
3 0.016000 0.268327 0.032049 0.247351 0.001501
3 0.032032 0.266289 0.060950 0.201344 0.002473
3 0.047999 0.290929 0.051049 0.114854 0.004070
3 0.050005 0.294546 0.050124 0.125892 0.010987
3 0.049938 0.295610 0.047346 0.127966 0.017986
3 0.053343 0.296447 0.047527 0.130263 0.010987
3 0.077478 0.286071 0.017020 0.074069 0.004070
3 0.138435 0.274076 0.108384 0.179568 0.002473
3 0.582214 0.274907 0.039564 0.091520 0.010987
3 0.583037 0.272607 0.038120 0.097485 0.006693
3 0.582281 0.272535 0.042727 0.099566 0.010987
3 0.015236 0.272871 0.030519 0.256120 0.001501
3 0.017039 0.273075 0.033989 0.216469 0.002473
3 0.049339 0.297834 0.049289 0.124363 0.002473
3 0.051977 0.299605 0.049658 0.129826 0.010987
3 0.051696 0.301135 0.046796 0.131507 0.004070
3 0.054779 0.301212 0.041098 0.132669 0.004070
3 0.078428 0.290672 0.015120 0.062118 0.004070
3 0.138187 0.289169 0.109260 0.211190 0.001501
3 0.582938 0.290929 0.038059 0.054044 0.029312
3 0.582330 0.292959 0.039728 0.052781 0.006693
3 0.583060 0.295735 0.041154 0.047522 0.010987
3 0.590652 0.298563 0.053132 0.046920 0.004070
3 0.618141 0.298614 0.014400 0.042934 0.001501
3 0.685672 0.319329 0.032125 0.097120 0.002473
3 0.053865 0.306783 0.043665 0.118843 0.004070
3 0.054152 0.302675 0.045125 0.126984 0.004070
3 0.058464 0.304051 0.033686 0.130686 0.001501
3 0.079042 0.303832 0.014006 0.072945 0.002473
3 0.582240 0.297608 0.036661 0.043618 0.010987
3 0.582977 0.297572 0.037923 0.043612 0.029312
3 0.585405 0.297376 0.045661 0.046942 0.047426
3 0.610557 0.307008 0.018424 0.032626 0.001501
3 0.614296 0.307375 0.013582 0.026940 0.002473
4 0.046019 0.418691 0.039453 0.262239 0.001501
5 0.050005 0.294546 0.050124 0.125892 0.002473
5 0.049938 0.295610 0.047346 0.127966 0.002473
5 0.053343 0.296447 0.047527 0.130263 0.002473
5 0.647460 0.332883 0.062125 0.334439 0.002473
5 0.647096 0.331845 0.062330 0.341541 0.004070
5 0.046019 0.418691 0.039453 0.262239 0.004070
