0 0.703968 0.281489 0.011301 0.031510 0.002473
0 0.497696 0.317858 0.012493 0.039601 0.006693
0 0.512610 0.318227 0.019511 0.035507 0.006693
0 0.497112 0.321789 0.013506 0.045249 0.010987
0 0.510901 0.317483 0.016137 0.032380 0.004070
0 0.495349 0.323323 0.016325 0.053126 0.004070
0 0.502769 0.323104 0.013714 0.050010 0.047426
0 0.653954 0.336917 0.017252 0.085033 0.006693
1 0.970729 0.289920 0.055388 0.076451 0.001501
1 0.512610 0.318227 0.019511 0.035507 0.047426
1 0.515893 0.317403 0.018271 0.031873 0.268941
1 0.533496 0.311474 0.013958 0.020012 0.029312
1 0.555421 0.317377 0.011130 0.031832 0.010987
1 0.571798 0.321934 0.028286 0.040937 0.119203
1 0.571133 0.321436 0.027071 0.041939 0.182426
1 0.624965 0.330757 0.069129 0.083315 0.880797
1 0.624979 0.329630 0.071882 0.085601 0.817575
1 0.624316 0.332029 0.070452 0.085893 0.010987
1 0.969742 0.318766 0.060668 0.134889 0.001501
1 0.362022 0.329677 0.045991 0.077358 0.001501
1 0.484618 0.321055 0.020232 0.043559 0.004070
1 0.497112 0.321789 0.013506 0.045249 0.002473
1 0.510901 0.317483 0.016137 0.032380 0.029312
1 0.516640 0.317587 0.019801 0.031539 0.622459
1 0.533543 0.313928 0.014118 0.023043 0.004070
1 0.546445 0.315752 0.007292 0.021976 0.002473
1 0.556915 0.320451 0.008153 0.025841 0.119203
1 0.571532 0.322670 0.028839 0.040478 0.817575
1 0.571117 0.322177 0.027029 0.040293 0.817575
1 0.589655 0.326251 0.012849 0.040840 0.004070
1 0.624297 0.330740 0.070498 0.083411 0.880797
1 0.624313 0.330757 0.070562 0.083383 0.880797
1 0.624298 0.330898 0.070528 0.088194 0.880797
1 0.624289 0.329626 0.070507 0.085610 0.817575
1 0.965966 0.355004 0.065118 0.218244 0.002473
1 0.971351 0.381447 0.057344 0.268523 0.001501
1 0.571138 0.323226 0.026970 0.042301 0.017986
1 0.571838 0.323228 0.028405 0.042347 0.047426
1 0.624300 0.330767 0.070514 0.083348 0.880797
1 0.624983 0.330770 0.071900 0.083347 0.880797
1 0.624974 0.329642 0.069164 0.081087 0.880797
1 0.624309 0.329627 0.070545 0.081084 0.880797
1 0.964874 0.380274 0.070321 0.290175 0.001501
1 0.977221 0.391941 0.045603 0.334147 0.001501
1 0.966558 0.398663 0.066940 0.332873 0.002473
1 0.967891 0.394826 0.061351 0.354523 0.004070
1 0.976728 0.394822 0.046570 0.377553 0.006693
1 0.986645 0.392406 0.026758 0.379460 0.002473
1 0.972843 0.390399 0.054450 0.374464 0.006693
1 0.976384 0.388411 0.047257 0.389944 0.017986
1 0.982274 0.387057 0.035499 0.406368 0.010987
1 0.974319 0.388999 0.051489 0.379677 0.010987
1 0.975352 0.384623 0.046262 0.392984 0.010987
1 0.979174 0.384471 0.041692 0.399889 0.017986
1 0.976092 0.393746 0.048192 0.373755 0.006693
1 0.976822 0.386948 0.046331 0.382323 0.006693
1 0.977366 0.386485 0.045333 0.396118 0.017986
1 0.976974 0.393636 0.046659 0.368763 0.002473
1 0.976672 0.388081 0.046701 0.379240 0.004070
1 0.977366 0.392444 0.045418 0.400042 0.002473
1 0.977809 0.402435 0.047612 0.371204 0.001501
1 0.818722 0.359170 0.323248 0.379891 0.001501
1 0.822915 0.357875 0.331605 0.382560 0.952574
1 0.823647 0.359170 0.337533 0.379971 0.924142
1 0.818660 0.357904 0.323290 0.382445 0.939913
1 0.822779 0.359214 0.333830 0.379869 0.939913
1 0.822996 0.357943 0.337038 0.382426 0.924142
1 0.826663 0.360354 0.334896 0.382128 0.924142
1 0.818481 0.359091 0.322980 0.384646 0.924142
1 0.821713 0.359271 0.331744 0.379884 0.939913
1 0.822015 0.360580 0.337870 0.377266 0.924142
1 0.825414 0.361724 0.333771 0.379496 0.003173
1 0.973442 0.359938 0.058420 0.454775 0.002473
2 0.025999 0.256281 0.052016 0.066999 0.002473
2 0.042838 0.260794 0.082600 0.063644 0.001501
2 0.044190 0.261534 0.091574 0.068265 0.001501
2 0.044859 0.263240 0.090118 0.065536 0.001501
2 0.048204 0.259970 0.100053 0.069511 0.001501
2 0.044112 0.262680 0.091405 0.070238 0.001501
2 0.045774 0.265860 0.094905 0.070842 0.004070
2 0.121253 0.273216 0.078687 0.037056 0.004070
2 0.123647 0.272849 0.070873 0.032536 0.004070
2 0.122477 0.273440 0.072798 0.041930 0.006693
2 0.122896 0.274295 0.071135 0.034966 0.004070
2 0.127884 0.277274 0.066274 0.035168 0.001501
2 0.533496 0.311474 0.013958 0.020012 0.004070
3 0.533496 0.311474 0.013958 0.020012 0.006693
3 0.555421 0.317377 0.011130 0.031832 0.004070
3 0.976384 0.388411 0.047257 0.389944 0.001501
3 0.979174 0.384471 0.041692 0.399889 0.001501
3 0.977366 0.386485 0.045333 0.396118 0.001501
4 0.383561 0.337595 0.057907 0.064675 0.001501
4 0.404699 0.339715 0.012765 0.060336 0.002473
4 0.386640 0.339149 0.051777 0.061642 0.002473
4 0.405477 0.338881 0.014208 0.058732 0.001501
4 0.448287 0.335284 0.027534 0.051581 0.001501
4 0.653954 0.336917 0.017252 0.085033 0.001501
5 0.497112 0.321789 0.013506 0.045249 0.002473
5 0.510901 0.317483 0.016137 0.032380 0.002473
5 0.405477 0.338881 0.014208 0.058732 0.001501
5 0.448287 0.335284 0.027534 0.051581 0.002473
5 0.495349 0.323323 0.016325 0.053126 0.002473
5 0.502769 0.323104 0.013714 0.050010 0.010987
5 0.406261 0.341020 0.012624 0.062984 0.001501
