0 0.244544 0.307560 0.011067 0.127064 0.001501
0 0.582713 0.317345 0.015452 0.087996 0.731059
0 0.460438 0.317893 0.017898 0.047532 0.004070
0 0.582689 0.318016 0.015441 0.089360 0.622459
0 0.621186 0.326961 0.032965 0.066022 0.002473
0 0.625469 0.329775 0.030619 0.067155 0.004070
0 0.460141 0.317158 0.017338 0.045897 0.006693
0 0.462643 0.317266 0.021853 0.045959 0.001501
0 0.582710 0.317194 0.015458 0.087626 0.731059
0 0.621854 0.333213 0.035473 0.061060 0.002473
0 0.626769 0.334317 0.031438 0.061813 0.004070
0 0.519302 0.312632 0.005678 0.070091 0.004070
0 0.584037 0.318365 0.015037 0.085130 0.622459
0 0.585164 0.318407 0.020319 0.088794 0.002473
0 0.616779 0.331605 0.037018 0.059251 0.001501
0 0.623134 0.334735 0.036513 0.061048 0.001501
0 0.626550 0.334262 0.032985 0.061497 0.002473
0 0.632699 0.336296 0.033078 0.059172 0.001501
0 0.584062 0.319529 0.015117 0.092225 0.004070
1 0.018631 0.281639 0.040326 0.179087 0.001501
1 0.018644 0.289864 0.037774 0.193680 0.004070
1 0.018939 0.292445 0.037922 0.189539 0.002473
1 0.022565 0.289518 0.045248 0.183691 0.001501
1 0.017422 0.293680 0.038019 0.200992 0.002473
1 0.019452 0.292077 0.038950 0.186931 0.004070
1 0.021061 0.292386 0.045365 0.187387 0.001501
1 0.018184 0.296895 0.036511 0.189646 0.004070
1 0.018489 0.294240 0.037055 0.194715 0.006693
1 0.018964 0.292260 0.041601 0.189616 0.001501
1 0.795312 0.302925 0.072976 0.059098 0.377541
1 0.793773 0.303392 0.077226 0.060037 0.377541
1 0.789347 0.304900 0.086389 0.068210 0.268941
1 0.787542 0.306384 0.089748 0.066277 0.119203
1 0.788019 0.303661 0.089257 0.065878 0.029312
1 0.011466 0.330000 0.022981 0.094405 0.006693
1 0.018812 0.309831 0.037413 0.118314 0.006693
1 0.019128 0.322870 0.031833 0.086161 0.001501
1 0.316335 0.321750 0.107718 0.138429 0.817575
1 0.316330 0.320475 0.107728 0.140979 0.924142
1 0.315219 0.321723 0.111546 0.138379 0.924142
1 0.496521 0.311361 0.023881 0.034303 0.731059
1 0.496172 0.311216 0.023158 0.039116 0.817575
1 0.515053 0.309485 0.009406 0.042505 0.001501
1 0.535016 0.297509 0.030016 0.071808 0.002473
1 0.562481 0.312471 0.021959 0.032031 0.622459
1 0.563180 0.313366 0.020600 0.030269 0.500000
1 0.786837 0.300761 0.085448 0.060054 0.004070
1 0.785792 0.303651 0.092133 0.060634 0.377541
1 0.783413 0.303629 0.098241 0.065675 0.377541
1 0.782230 0.303751 0.099236 0.060861 0.377541
1 0.779715 0.306001 0.104953 0.065432 0.182426
1 0.779248 0.307655 0.106936 0.068995 0.017986
1 0.008017 0.344332 0.019114 0.059542 0.047426
1 0.025363 0.342196 0.018513 0.046846 0.017986
1 0.026021 0.341846 0.017266 0.045557 0.029312
1 0.315516 0.320494 0.109193 0.141023 0.880797
1 0.316733 0.320504 0.108502 0.140997 0.817575
1 0.315573 0.319596 0.109241 0.139195 0.924142
1 0.315899 0.319595 0.110179 0.139198 0.880797
1 0.495609 0.311368 0.024183 0.034325 0.817575
1 0.496584 0.311363 0.023926 0.034348 0.817575
1 0.534664 0.298125 0.030684 0.075613 0.010987
1 0.535781 0.298190 0.031549 0.075510 0.047426
1 0.563166 0.311620 0.020593 0.030252 0.731059
1 0.562497 0.311603 0.019240 0.030313 0.622459
1 0.778626 0.305777 0.106031 0.064873 0.010987
1 0.778426 0.304384 0.107957 0.067137 0.268941
1 0.778600 0.305419 0.106502 0.069191 0.377541
1 0.777776 0.307989 0.110510 0.069333 0.182426
1 0.008044 0.342450 0.019187 0.054637 0.075858
1 0.025538 0.343410 0.018151 0.041251 0.047426
1 0.026047 0.342953 0.017178 0.042215 0.075858
1 0.315939 0.321777 0.110030 0.138465 0.924142
1 0.316307 0.322909 0.107781 0.140727 0.952574
1 0.315850 0.321617 0.110278 0.143291 0.924142
1 0.777041 0.324618 0.112968 0.107971 0.004070
1 0.777064 0.322762 0.111807 0.103837 0.017986
1 0.008470 0.350482 0.016996 0.066902 0.029312
1 0.023966 0.345531 0.021217 0.050063 0.017986
1 0.026144 0.344220 0.017180 0.045802 0.029312
1 0.006863 0.349623 0.013821 0.082438 0.002473
1 0.013596 0.348347 0.027525 0.092312 0.002473
1 0.860202 0.434895 0.279532 0.463501 0.924142
1 0.861032 0.436205 0.281104 0.466085 0.939913
1 0.860285 0.436157 0.279558 0.466031 0.939913
1 0.860966 0.437362 0.278253 0.468647 0.010987
1 0.860113 0.437602 0.276543 0.463487 0.924142
1 0.862489 0.437595 0.281198 0.463511 0.952574
1 0.859630 0.437547 0.280848 0.463566 0.939913
1 0.860301 0.438842 0.279556 0.460824 0.939913
1 0.860149 0.434892 0.279549 0.463316 0.182426
1 0.861002 0.434981 0.281150 0.463295 0.939913
1 0.860285 0.436222 0.279541 0.460828 0.924142
2 0.018631 0.281639 0.040326 0.179087 0.002473
2 0.018644 0.289864 0.037774 0.193680 0.002473
2 0.018939 0.292445 0.037922 0.189539 0.004070
2 0.022565 0.289518 0.045248 0.183691 0.001501
2 0.017422 0.293680 0.038019 0.200992 0.004070
2 0.019452 0.292077 0.038950 0.186931 0.001501
2 0.018184 0.296895 0.036511 0.189646 0.006693
2 0.018489 0.294240 0.037055 0.194715 0.004070
2 0.018964 0.292260 0.041601 0.189616 0.001501
2 0.018812 0.309831 0.037413 0.118314 0.001501
3 0.535871 0.298980 0.031440 0.078481 0.004070
3 0.536209 0.298993 0.030819 0.078624 0.004070
3 0.534857 0.300025 0.030384 0.076387 0.731059
3 0.535088 0.298909 0.029873 0.074208 0.817575
3 0.555353 0.299420 0.031159 0.054825 0.001501
3 0.795312 0.302925 0.072976 0.059098 0.002473
3 0.535568 0.298544 0.032031 0.074754 0.817575
3 0.535016 0.297509 0.030016 0.071808 0.880797
3 0.785792 0.303651 0.092133 0.060634 0.002473
3 0.534664 0.298125 0.030684 0.075613 0.622459
3 0.535781 0.298190 0.031549 0.075510 0.500000
4 0.460438 0.317893 0.017898 0.047532 0.004070
4 0.462539 0.317193 0.019223 0.046252 0.002473
4 0.610718 0.322010 0.021898 0.047944 0.004070
4 0.621186 0.326961 0.032965 0.066022 0.006693
4 0.625469 0.329775 0.030619 0.067155 0.004070
4 0.460141 0.317158 0.017338 0.045897 0.010987
4 0.462643 0.317266 0.021853 0.045959 0.010987
4 0.613968 0.326825 0.028898 0.048731 0.075858
4 0.621854 0.333213 0.035473 0.061060 0.075858
4 0.626769 0.334317 0.031438 0.061813 0.075858
4 0.631965 0.336695 0.031056 0.058969 0.029312
4 0.649538 0.335998 0.036947 0.060479 0.002473
4 0.616779 0.331605 0.037018 0.059251 0.182426
4 0.623134 0.334735 0.036513 0.061048 0.119203
4 0.626550 0.334262 0.032985 0.061497 0.075858
4 0.632699 0.336296 0.033078 0.059172 0.047426
4 0.651528 0.336671 0.036209 0.057291 0.006693
4 0.620886 0.333839 0.042480 0.066853 0.029312
4 0.624665 0.334571 0.037395 0.065028 0.075858
4 0.626569 0.335936 0.035622 0.062297 0.075858
4 0.634942 0.338237 0.033761 0.057700 0.017986
4 0.650440 0.339254 0.038420 0.058359 0.004070
5 0.460270 0.306928 0.017581 0.063494 0.001501
5 0.453634 0.315347 0.024383 0.048522 0.006693
5 0.460438 0.317893 0.017898 0.047532 0.182426
5 0.462539 0.317193 0.019223 0.046252 0.119203
5 0.610718 0.322010 0.021898 0.047944 0.001501
5 0.621186 0.326961 0.032965 0.066022 0.010987
5 0.625469 0.329775 0.030619 0.067155 0.010987
5 0.453299 0.314512 0.023735 0.052569 0.006693
5 0.460141 0.317158 0.017338 0.045897 0.182426
5 0.462643 0.317266 0.021853 0.045959 0.119203
5 0.613968 0.326825 0.028898 0.048731 0.010987
5 0.621854 0.333213 0.035473 0.061060 0.010987
5 0.626769 0.334317 0.031438 0.061813 0.006693
5 0.631965 0.336695 0.031056 0.058969 0.002473
5 0.649538 0.335998 0.036947 0.060479 0.001501
5 0.462583 0.320263 0.019123 0.052168 0.001501
5 0.616779 0.331605 0.037018 0.059251 0.017986
5 0.623134 0.334735 0.036513 0.061048 0.006693
5 0.626550 0.334262 0.032985 0.061497 0.002473
5 0.632699 0.336296 0.033078 0.059172 0.002473
5 0.620886 0.333839 0.042480 0.066853 0.001501
5 0.624665 0.334571 0.037395 0.065028 0.001501
5 0.626569 0.335936 0.035622 0.062297 0.001501
