0 0.559641 0.310636 0.034431 0.141929 0.002473
0 0.491529 0.307492 0.013911 0.057927 0.006693
0 0.535174 0.316484 0.018340 0.113166 0.002473
0 0.544924 0.314091 0.022824 0.132040 0.002473
0 0.557867 0.324338 0.034538 0.175150 0.004070
0 0.661247 0.317628 0.014583 0.078182 0.029312
0 0.662398 0.317861 0.014619 0.078576 0.010987
0 0.457724 0.318854 0.015607 0.054483 0.047426
0 0.492212 0.308342 0.012600 0.050327 0.029312
0 0.533514 0.331733 0.014057 0.077356 0.017986
0 0.661578 0.321253 0.013649 0.076417 0.119203
0 0.662539 0.320513 0.014334 0.077606 0.075858
0 0.693687 0.330298 0.022569 0.064322 0.001501
0 0.457701 0.318730 0.015557 0.054101 0.029312
0 0.492242 0.311017 0.012647 0.044889 0.017986
0 0.533558 0.332142 0.014165 0.074763 0.010987
0 0.661641 0.320020 0.013776 0.074578 0.119203
0 0.662113 0.319315 0.014477 0.076282 0.047426
0 0.694155 0.333247 0.027772 0.064789 0.001501
0 0.694857 0.333673 0.029613 0.066784 0.002473
0 0.040845 0.336441 0.012652 0.050864 0.001501
0 0.458474 0.321950 0.013998 0.054895 0.029312
0 0.535270 0.328509 0.014830 0.076084 0.002473
0 0.559651 0.339173 0.052389 0.220025 0.006693
0 0.661575 0.321547 0.013657 0.076176 0.075858
0 0.662327 0.319766 0.014764 0.075300 0.047426
0 0.691157 0.334046 0.026891 0.061701 0.001501
0 0.693137 0.332932 0.029119 0.063755 0.002473
0 0.694136 0.332951 0.028865 0.066796 0.001501
0 0.535524 0.323689 0.015522 0.089766 0.006693
0 0.558825 0.336151 0.054110 0.212689 0.622459
0 0.559331 0.336116 0.056371 0.208296 0.622459
0 0.558995 0.335643 0.053886 0.214025 0.817575
0 0.660643 0.326901 0.015570 0.088207 0.006693
0 0.559351 0.336744 0.056317 0.215258 0.731059
0 0.559337 0.335798 0.056295 0.213319 0.731059
0 0.558868 0.335235 0.054162 0.218259 0.731059
0 0.559669 0.329498 0.055724 0.230980 0.001501
0 0.559072 0.334356 0.056869 0.216436 0.622459
0 0.558910 0.334006 0.057161 0.216958 0.731059
0 0.559355 0.331312 0.056253 0.218011 0.880797
0 0.558879 0.325282 0.057256 0.234552 0.047426
1 0.068711 0.300935 0.018639 0.083034 0.001501
1 0.410129 0.317985 0.048436 0.089385 0.731059
1 0.412565 0.298388 0.056281 0.078198 0.010987
1 0.421055 0.300395 0.069079 0.078406 0.002473
1 0.013151 0.325816 0.023302 0.055770 0.006693
1 0.014805 0.327353 0.023644 0.058393 0.010987
1 0.410236 0.318280 0.048631 0.089907 0.731059
1 0.410067 0.318297 0.045205 0.089856 0.817575
1 0.410427 0.318615 0.045960 0.090676 0.731059
1 0.413277 0.312075 0.053954 0.077782 0.006693
1 0.451287 0.316695 0.029744 0.051687 0.010987
1 0.457724 0.318854 0.015607 0.054483 0.002473
1 0.460580 0.316344 0.018288 0.045047 0.001501
1 0.599999 0.332782 0.059951 0.063488 0.182426
1 0.599691 0.332501 0.060410 0.062126 0.268941
1 0.015408 0.333277 0.025055 0.041852 0.731059
1 0.015957 0.331997 0.023928 0.044378 0.622459
1 0.410475 0.317813 0.045973 0.088855 0.731059
1 0.410473 0.318339 0.045973 0.089794 0.817575
1 0.409713 0.317967 0.047548 0.088725 0.817575
1 0.409747 0.321748 0.047687 0.081864 0.017986
1 0.450463 0.319764 0.028390 0.050334 0.004070
1 0.457701 0.318730 0.015557 0.054101 0.002473
1 0.505472 0.318091 0.014101 0.020895 0.731059
1 0.516250 0.317678 0.008123 0.015553 0.002473
1 0.599676 0.333607 0.059059 0.063952 0.817575
1 0.599701 0.333435 0.060285 0.063071 0.817575
1 0.599577 0.332836 0.058946 0.061569 0.880797
1 0.599308 0.332316 0.059498 0.060793 0.880797
1 0.015401 0.334596 0.025056 0.044287 0.731059
1 0.015415 0.333305 0.025013 0.046884 0.731059
1 0.410401 0.317834 0.045843 0.088824 0.817575
1 0.410479 0.319426 0.045965 0.087338 0.817575
1 0.410454 0.319089 0.046002 0.086492 0.817575
1 0.599404 0.333595 0.059611 0.063979 0.731059
1 0.599603 0.333037 0.059172 0.062395 0.880797
1 0.599931 0.333034 0.059821 0.061905 0.880797
1 0.599567 0.332962 0.059094 0.062055 0.924142
1 0.600426 0.335228 0.059402 0.066383 0.075858
1 0.599822 0.334564 0.058547 0.065059 0.017986
1 0.953810 0.486622 0.092501 0.555521 0.182426
1 0.954935 0.482517 0.093236 0.549237 0.731059
1 0.953834 0.485778 0.092464 0.549403 0.004070
1 0.953860 0.488814 0.092374 0.558567 0.268941
1 0.954572 0.484709 0.093930 0.564824 0.622459
1 0.954253 0.486320 0.091551 0.540321 0.047426
1 0.954230 0.484953 0.091558 0.545410 0.500000
1 0.257743 0.320642 0.268811 0.323150 0.904651
1 0.256858 0.321726 0.269941 0.320477 0.939913
1 0.257417 0.320674 0.271059 0.323132 0.952574
1 0.257479 0.320480 0.271139 0.322934 0.939913
1 0.256605 0.320424 0.269463 0.322779 0.924142
1 0.257372 0.321631 0.270947 0.320371 0.939913
1 0.258769 0.321700 0.270738 0.320495 0.924142
1 0.258057 0.320897 0.272281 0.323753 0.924142
1 0.257306 0.321454 0.270931 0.324355 0.939913
1 0.258625 0.320348 0.273506 0.326560 0.939913
1 0.257362 0.320826 0.273656 0.327412 0.939913
1 0.953325 0.475966 0.090323 0.559483 0.851953
1 0.953867 0.467282 0.095132 0.565201 0.008577
1 0.954617 0.475910 0.093509 0.558433 0.437824
1 0.954476 0.479626 0.091071 0.551552 0.817575
1 0.953517 0.475753 0.094624 0.558593 0.679179
1 0.954636 0.478900 0.093472 0.557820 0.562177
1 0.953273 0.479867 0.090400 0.555739 0.851953
1 0.954325 0.477900 0.096251 0.551566 0.622459
1 0.954102 0.481773 0.091771 0.547207 0.880797
2 0.414424 0.299750 0.057312 0.110921 0.002473
2 0.068646 0.309265 0.018688 0.097793 0.004070
2 0.013151 0.325816 0.023302 0.055770 0.006693
2 0.014805 0.327353 0.023644 0.058393 0.006693
2 0.067645 0.314951 0.020827 0.109972 0.001501
2 0.067582 0.316628 0.021898 0.108826 0.004070
2 0.093560 0.329993 0.067137 0.083718 0.001501
3 0.068711 0.300935 0.018639 0.083034 0.002473
3 0.412159 0.302543 0.056077 0.111490 0.002473
3 0.414424 0.299750 0.057312 0.110921 0.006693
3 0.412975 0.287144 0.054368 0.085477 0.004070
3 0.414573 0.286539 0.061086 0.079593 0.004070
3 0.417886 0.289355 0.069536 0.087856 0.001501
3 0.056452 0.309746 0.047118 0.094267 0.001501
3 0.068646 0.309265 0.018688 0.097793 0.002473
3 0.412565 0.298388 0.056281 0.078198 0.010987
3 0.421055 0.300395 0.069079 0.078406 0.002473
3 0.013151 0.325816 0.023302 0.055770 0.010987
3 0.014805 0.327353 0.023644 0.058393 0.017986
3 0.043668 0.318025 0.025573 0.083635 0.001501
3 0.015408 0.333277 0.025055 0.041852 0.006693
3 0.015957 0.331997 0.023928 0.044378 0.010987
3 0.015401 0.334596 0.025056 0.044287 0.004070
3 0.015415 0.333305 0.025013 0.046884 0.006693
4 0.457724 0.318854 0.015607 0.054483 0.001501
4 0.450463 0.319764 0.028390 0.050334 0.002473
4 0.457701 0.318730 0.015557 0.054101 0.004070
4 0.450778 0.322093 0.024171 0.055132 0.002473
4 0.458474 0.321950 0.013998 0.054895 0.006693
4 0.535270 0.328509 0.014830 0.076084 0.001501
4 0.535524 0.323689 0.015522 0.089766 0.004070
5 0.451287 0.316695 0.029744 0.051687 0.002473
5 0.457724 0.318854 0.015607 0.054483 0.047426
5 0.460580 0.316344 0.018288 0.045047 0.001501
5 0.450463 0.319764 0.028390 0.050334 0.004070
5 0.457701 0.318730 0.015557 0.054101 0.047426
5 0.460754 0.317376 0.017983 0.045814 0.002473
5 0.533558 0.332142 0.014165 0.074763 0.006693
5 0.450778 0.322093 0.024171 0.055132 0.004070
5 0.458474 0.321950 0.013998 0.054895 0.047426
5 0.460918 0.323438 0.018721 0.057189 0.002473
5 0.535270 0.328509 0.014830 0.076084 0.006693
5 0.535524 0.323689 0.015522 0.089766 0.010987
5 0.558825 0.336151 0.054110 0.212689 0.004070
