0 0.738664 0.262421 0.019484 0.053413 0.010987
0 0.740009 0.260277 0.020427 0.052657 0.029312
0 0.737994 0.262268 0.018106 0.048768 0.010987
0 0.741315 0.260490 0.017528 0.052270 0.017986
0 0.743289 0.262020 0.036899 0.053989 0.002473
0 0.105454 0.307836 0.014167 0.079267 0.004070
0 0.736130 0.266749 0.016641 0.044934 0.002473
0 0.740166 0.263004 0.020064 0.052476 0.002473
0 0.106233 0.321278 0.015724 0.106600 0.002473
0 0.432827 0.319896 0.012663 0.051609 0.029312
0 0.438138 0.318367 0.013132 0.053880 0.010987
0 0.469628 0.314759 0.008559 0.037293 0.001501
0 0.479025 0.315910 0.013939 0.029694 0.001501
0 0.600058 0.324167 0.015685 0.060370 0.006693
0 0.603360 0.324200 0.012540 0.060027 0.500000
0 0.635989 0.329039 0.014169 0.059017 0.001501
0 0.105152 0.330226 0.015154 0.129449 0.001501
0 0.425555 0.322110 0.020660 0.049204 0.001501
0 0.433623 0.320822 0.014255 0.052875 0.017986
0 0.438497 0.319665 0.013509 0.050407 0.010987
0 0.532821 0.321781 0.012623 0.028556 0.001501
0 0.599584 0.324244 0.016557 0.059915 0.001501
0 0.604029 0.324204 0.011219 0.060015 0.500000
0 0.636484 0.329963 0.017719 0.054505 0.001501
0 0.639077 0.330487 0.016205 0.058957 0.002473
0 0.423266 0.322423 0.013733 0.050385 0.002473
0 0.435255 0.322359 0.014765 0.050413 0.017986
0 0.437944 0.321841 0.014608 0.051505 0.010987
0 0.597136 0.325940 0.016763 0.056772 0.004070
0 0.604030 0.325340 0.011177 0.057734 0.622459
0 0.634845 0.332375 0.014081 0.053776 0.002473
0 0.639894 0.332616 0.020369 0.061209 0.001501
0 0.866622 0.421641 0.134707 0.688361 0.017986
0 0.880515 0.403873 0.144740 0.715293 0.095349
0 0.889242 0.395090 0.159088 0.718888 0.119203
0 0.899678 0.391373 0.179436 0.708978 0.029312
0 0.866242 0.427152 0.118381 0.697201 0.008577
0 0.871176 0.419025 0.124282 0.702155 0.095349
0 0.876139 0.410423 0.132786 0.710635 0.222700
0 0.893276 0.419049 0.164998 0.684486 0.037327
0 0.866646 0.476113 0.113675 0.598295 0.037327
0 0.872650 0.483921 0.124622 0.575713 0.029312
0 0.866189 0.548226 0.111192 0.461749 0.002473
1 0.971493 0.253230 0.057027 0.209753 0.001501
1 0.971312 0.253299 0.057470 0.212057 0.001501
1 0.970444 0.266306 0.056088 0.226602 0.001501
1 0.276010 0.316355 0.216400 0.210848 0.880797
1 0.277362 0.317479 0.220063 0.208634 0.924142
1 0.278044 0.317474 0.219311 0.208599 0.952574
1 0.397658 0.313669 0.035956 0.081029 0.002473
1 0.398271 0.315703 0.031583 0.076531 0.500000
1 0.399157 0.315629 0.029915 0.076434 0.500000
1 0.008471 0.324537 0.017022 0.053347 0.006693
1 0.025556 0.324126 0.047387 0.053152 0.001501
1 0.275981 0.316231 0.216336 0.206168 0.924142
1 0.276379 0.317341 0.218714 0.208413 0.952574
1 0.278770 0.317382 0.220771 0.208424 0.924142
1 0.278465 0.318318 0.221324 0.206672 0.924142
1 0.397220 0.316494 0.033952 0.080664 0.001501
1 0.399257 0.317291 0.029634 0.078794 0.731059
1 0.399280 0.317237 0.029682 0.078904 0.622459
1 0.419654 0.320710 0.026775 0.055074 0.004070
1 0.479025 0.315910 0.013939 0.029694 0.006693
1 0.561721 0.329074 0.048504 0.055281 0.002473
1 0.560957 0.329059 0.050004 0.055243 0.002473
1 0.011739 0.334411 0.020429 0.034419 0.075858
1 0.013245 0.336008 0.020505 0.031199 0.119203
1 0.031948 0.331946 0.049134 0.034563 0.004070
1 0.051838 0.333334 0.028996 0.046983 0.017986
1 0.052821 0.332052 0.027849 0.044332 0.017986
1 0.062998 0.330899 0.030970 0.046488 0.006693
1 0.072921 0.333816 0.021451 0.048031 0.002473
1 0.276023 0.315037 0.216391 0.208445 0.924142
1 0.276483 0.313782 0.217758 0.210980 0.924142
1 0.278567 0.313797 0.221454 0.210926 0.970688
1 0.397454 0.317470 0.033700 0.078540 0.010987
1 0.399284 0.317532 0.029556 0.078452 0.622459
1 0.399288 0.317998 0.029597 0.077502 0.622459
1 0.425555 0.322110 0.020660 0.049204 0.002473
1 0.433623 0.320822 0.014255 0.052875 0.001501
1 0.479028 0.318036 0.013935 0.021006 0.182426
1 0.505543 0.315604 0.011183 0.015871 0.017986
1 0.521668 0.319226 0.012625 0.018609 0.500000
1 0.532821 0.321781 0.012623 0.028556 0.047426
1 0.560963 0.329846 0.050023 0.053786 0.817575
1 0.561726 0.329827 0.048466 0.053824 0.817575
1 0.560953 0.329868 0.049998 0.053716 0.817575
1 0.560961 0.329672 0.050030 0.054146 0.817575
1 0.012448 0.337177 0.019130 0.028934 0.268941
1 0.013218 0.337230 0.020541 0.028828 0.182426
1 0.029472 0.335699 0.042107 0.032562 0.002473
1 0.052526 0.334680 0.027100 0.044300 0.017986
1 0.052478 0.333304 0.030124 0.046936 0.047426
1 0.058086 0.334651 0.035464 0.044622 0.010987
1 0.371666 0.315591 0.032026 0.088269 0.001501
1 0.396539 0.316591 0.033795 0.080477 0.010987
1 0.399183 0.317497 0.029697 0.078537 0.500000
1 0.399921 0.316251 0.028393 0.075961 0.500000
1 0.560959 0.330967 0.050015 0.056076 0.880797
1 0.560959 0.329831 0.049995 0.053800 0.880797
1 0.560961 0.330126 0.050012 0.053204 0.880797
1 0.560971 0.330845 0.050016 0.056302 0.880797
1 0.846437 0.433031 0.311236 0.499229 0.006693
1 0.847062 0.431822 0.310499 0.511422 0.003173
1 0.846665 0.441509 0.312919 0.508123 0.817575
1 0.846381 0.447845 0.310848 0.522464 0.731059
1 0.847370 0.447800 0.309096 0.533176 0.731059
1 0.845585 0.446522 0.306558 0.548128 0.679179
1 0.848102 0.439418 0.315966 0.511296 0.777300
1 0.846317 0.452817 0.310669 0.533952 0.777300
1 0.847390 0.454103 0.308918 0.538282 0.777300
1 0.845556 0.447796 0.306086 0.552011 0.777300
1 0.847756 0.460830 0.303007 0.545126 0.320821
1 0.854738 0.458657 0.293442 0.546865 0.500000
1 0.860413 0.449456 0.276154 0.564143 0.001501
1 0.908955 0.390697 0.182916 0.689622 0.001170
1 0.899678 0.391373 0.179436 0.708978 0.001170
1 0.905421 0.390503 0.190772 0.703339 0.001927
2 0.031948 0.331946 0.049134 0.034563 0.001501
2 0.051838 0.333334 0.028996 0.046983 0.002473
2 0.052821 0.332052 0.027849 0.044332 0.004070
3 0.401028 0.301515 0.042937 0.101454 0.001501
3 0.399157 0.315629 0.029915 0.076434 0.004070
3 0.008471 0.324537 0.017022 0.053347 0.001501
3 0.399257 0.317291 0.029634 0.078794 0.001501
3 0.051838 0.333334 0.028996 0.046983 0.002473
3 0.052821 0.332052 0.027849 0.044332 0.002473
3 0.399284 0.317532 0.029556 0.078452 0.002473
3 0.505543 0.315604 0.011183 0.015871 0.002473
3 0.521668 0.319226 0.012625 0.018609 0.006693
3 0.052478 0.333304 0.030124 0.046936 0.001501
4 0.433623 0.320822 0.014255 0.052875 0.002473
4 0.423266 0.322423 0.013733 0.050385 0.002473
4 0.435255 0.322359 0.014765 0.050413 0.006693
4 0.437944 0.321841 0.014608 0.051505 0.001501
4 0.683848 0.353448 0.021067 0.066564 0.001501
4 0.690395 0.361971 0.031049 0.093862 0.001501
4 0.687173 0.363367 0.027518 0.093525 0.002473
4 0.691612 0.365587 0.033434 0.094651 0.002473
4 0.687702 0.368577 0.028596 0.101327 0.002473
4 0.689653 0.368135 0.032908 0.096809 0.001501
5 0.432827 0.319896 0.012663 0.051609 0.001501
5 0.438138 0.318367 0.013132 0.053880 0.001501
5 0.425555 0.322110 0.020660 0.049204 0.002473
5 0.433623 0.320822 0.014255 0.052875 0.010987
5 0.438497 0.319665 0.013509 0.050407 0.010987
5 0.479028 0.318036 0.013935 0.021006 0.006693
5 0.532821 0.321781 0.012623 0.028556 0.002473
5 0.423266 0.322423 0.013733 0.050385 0.002473
5 0.435255 0.322359 0.014765 0.050413 0.017986
5 0.437944 0.321841 0.014608 0.051505 0.010987
