0 0.753344 0.263152 0.024431 0.068651 0.001501
0 0.755028 0.261622 0.021445 0.065116 0.017986
0 0.760226 0.260458 0.026462 0.061963 0.001501
0 0.754470 0.271079 0.026278 0.047343 0.004070
0 0.758412 0.273399 0.019984 0.041785 0.182426
0 0.760080 0.272179 0.020359 0.044492 0.119203
0 0.433479 0.309488 0.014125 0.068282 0.002473
0 0.753886 0.271650 0.024911 0.050712 0.004070
0 0.759167 0.273386 0.018465 0.041742 0.182426
0 0.759266 0.272108 0.021969 0.044493 0.075858
0 0.433456 0.318146 0.013929 0.053268 0.075858
0 0.436438 0.315306 0.016550 0.048604 0.001501
0 0.454618 0.314895 0.006266 0.036982 0.010987
0 0.469981 0.310513 0.007122 0.046329 0.006693
0 0.491098 0.320571 0.007217 0.042140 0.182426
0 0.601315 0.321304 0.018218 0.060447 0.002473
0 0.606242 0.322899 0.009475 0.062510 0.500000
0 0.645126 0.327534 0.015633 0.058548 0.004070
0 0.758382 0.277823 0.020079 0.056336 0.006693
0 0.758478 0.283000 0.025323 0.066798 0.001501
0 0.433476 0.320018 0.011275 0.050755 0.047426
0 0.454628 0.317201 0.006287 0.032419 0.010987
0 0.491364 0.320257 0.007781 0.039735 0.377541
0 0.532889 0.322818 0.012759 0.026287 0.004070
0 0.606224 0.321623 0.009512 0.060021 0.377541
0 0.636520 0.327677 0.023777 0.052726 0.002473
0 0.642652 0.328466 0.018033 0.056705 0.010987
0 0.433508 0.323916 0.014029 0.050959 0.029312
0 0.436657 0.324789 0.017193 0.049669 0.001501
0 0.491377 0.321837 0.007813 0.045869 0.004070
0 0.597834 0.328396 0.015407 0.057290 0.002473
0 0.605479 0.322895 0.010989 0.062605 0.377541
0 0.638053 0.327788 0.020608 0.053284 0.004070
0 0.642477 0.328523 0.018364 0.056751 0.010987
0 0.034013 0.342322 0.010149 0.052504 0.004070
0 0.929345 0.444924 0.141581 0.698433 0.003173
0 0.936138 0.451923 0.130815 0.771354 0.095349
0 0.937966 0.441779 0.124034 0.805700 0.148047
0 0.942743 0.437902 0.120553 0.793307 0.022977
0 0.938338 0.447778 0.122737 0.788607 0.095349
0 0.938856 0.434378 0.122249 0.819700 0.222700
0 0.937520 0.430310 0.121866 0.828614 0.148047
0 0.942847 0.437542 0.122551 0.819917 0.029312
0 0.940356 0.454078 0.118211 0.775523 0.022977
0 0.940460 0.448739 0.122089 0.786336 0.075858
0 0.939873 0.446630 0.120723 0.796338 0.075858
0 0.944423 0.461745 0.125245 0.780971 0.004070
0 0.939816 0.480777 0.120709 0.721299 0.001927
0 0.940229 0.476705 0.121467 0.730652 0.001170
1 0.389157 0.301479 0.052704 0.110707 0.001501
1 0.264626 0.319147 0.229404 0.226797 0.017986
1 0.390690 0.319179 0.040474 0.083848 0.004070
1 0.391289 0.319859 0.039270 0.082379 0.047426
1 0.392191 0.315785 0.037998 0.081296 0.010987
1 0.008825 0.326061 0.020749 0.056346 0.001501
1 0.017596 0.326023 0.035203 0.055989 0.001501
1 0.264585 0.320276 0.229174 0.229209 0.075858
1 0.265720 0.320324 0.228524 0.229211 0.970688
1 0.392168 0.323726 0.037559 0.078831 0.731059
1 0.392258 0.322447 0.034652 0.079562 0.622459
1 0.392170 0.322975 0.037675 0.080795 0.622459
1 0.423809 0.318720 0.034523 0.046957 0.010987
1 0.480442 0.314771 0.014377 0.027454 0.002473
1 0.561728 0.330216 0.048482 0.057507 0.182426
1 0.560956 0.328883 0.049992 0.055596 0.268941
1 0.010948 0.337025 0.024965 0.039553 0.119203
1 0.012957 0.335728 0.025907 0.046566 0.119203
1 0.037206 0.333430 0.035318 0.047166 0.010987
1 0.044594 0.333349 0.028036 0.046855 0.017986
1 0.050007 0.332062 0.034877 0.044269 0.029312
1 0.059992 0.333480 0.022153 0.042041 0.006693
1 0.073261 0.341063 0.023969 0.055106 0.001501
1 0.264009 0.321602 0.228103 0.226699 0.622459
1 0.265421 0.320323 0.227818 0.229258 0.377541
1 0.387780 0.320991 0.043736 0.080806 0.002473
1 0.392194 0.322062 0.037507 0.077904 0.731059
1 0.392286 0.322020 0.034596 0.077812 0.731059
1 0.392223 0.322787 0.037613 0.079387 0.622459
1 0.425455 0.321428 0.028310 0.046994 0.010987
1 0.433476 0.320018 0.011275 0.050755 0.002473
1 0.479810 0.318321 0.015463 0.024950 0.731059
1 0.506292 0.314900 0.012992 0.018141 0.010987
1 0.520983 0.319232 0.013994 0.018598 0.622459
1 0.532889 0.322818 0.012759 0.026287 0.047426
1 0.560968 0.329198 0.050020 0.055115 0.817575
1 0.561049 0.329294 0.047113 0.054914 0.817575
1 0.560961 0.329328 0.050002 0.054803 0.817575
1 0.561057 0.329215 0.047127 0.055062 0.817575
1 0.010274 0.339505 0.020561 0.034546 0.500000
1 0.010563 0.339973 0.021165 0.038094 0.377541
1 0.035678 0.337388 0.020988 0.044762 0.004070
1 0.044350 0.333351 0.027529 0.046991 0.029312
1 0.048810 0.333353 0.035102 0.046855 0.017986
1 0.062777 0.336389 0.018716 0.042709 0.006693
1 0.391499 0.321989 0.036145 0.080425 0.622459
1 0.392286 0.321568 0.034619 0.078716 0.731059
1 0.392196 0.322507 0.037626 0.079490 0.622459
1 0.560967 0.330470 0.050019 0.057070 0.817575
1 0.560285 0.330537 0.048639 0.056911 0.880797
1 0.561733 0.329407 0.048481 0.054649 0.880797
1 0.561058 0.329335 0.047131 0.054800 0.880797
1 0.264008 0.319921 0.228194 0.228707 0.939913
1 0.264078 0.319956 0.225056 0.228690 0.939913
1 0.264903 0.320019 0.226622 0.228895 0.851953
1 0.263830 0.320264 0.227940 0.228970 0.500000
1 0.264013 0.320296 0.228144 0.229102 0.939913
1 0.263301 0.320555 0.226630 0.229629 0.924142
1 0.263338 0.319035 0.226639 0.231539 0.952574
1 0.264704 0.322776 0.229614 0.234071 0.005220
1 0.262541 0.322780 0.228315 0.234035 0.880797
1 0.862290 0.408843 0.280800 0.529853 0.851953
1 0.861129 0.407332 0.281340 0.529085 0.817575
1 0.861301 0.407850 0.281548 0.529467 0.817575
1 0.862107 0.412557 0.280484 0.540967 0.095349
1 0.859744 0.412835 0.278646 0.533434 0.095349
1 0.862305 0.410488 0.280861 0.532403 0.851953
1 0.862570 0.410602 0.281341 0.535026 0.817575
1 0.859762 0.411997 0.278492 0.536109 0.817575
1 0.861320 0.415625 0.278881 0.545063 0.731059
1 0.861549 0.412335 0.279398 0.529446 0.817575
1 0.861082 0.413443 0.278297 0.531039 0.817575
1 0.860582 0.415233 0.277206 0.537231 0.777300
2 0.010948 0.337025 0.024965 0.039553 0.010987
2 0.012957 0.335728 0.025907 0.046566 0.029312
2 0.037206 0.333430 0.035318 0.047166 0.010987
2 0.044594 0.333349 0.028036 0.046855 0.006693
2 0.010563 0.339973 0.021165 0.038094 0.002473
3 0.008825 0.326061 0.020749 0.056346 0.004070
3 0.505414 0.311525 0.011239 0.021011 0.001501
3 0.010948 0.337025 0.024965 0.039553 0.017986
3 0.012957 0.335728 0.025907 0.046566 0.006693
3 0.037206 0.333430 0.035318 0.047166 0.006693
3 0.044594 0.333349 0.028036 0.046855 0.004070
3 0.520983 0.319232 0.013994 0.018598 0.006693
3 0.010274 0.339505 0.020561 0.034546 0.010987
3 0.010563 0.339973 0.021165 0.038094 0.006693
3 0.035678 0.337388 0.020988 0.044762 0.002473
3 0.044350 0.333351 0.027529 0.046991 0.006693
4 0.433476 0.320018 0.011275 0.050755 0.004070
4 0.423206 0.325168 0.023978 0.053455 0.002473
4 0.433508 0.323916 0.014029 0.050959 0.010987
5 0.433456 0.318146 0.013929 0.053268 0.029312
5 0.436438 0.315306 0.016550 0.048604 0.001501
5 0.425455 0.321428 0.028310 0.046994 0.004070
5 0.433476 0.320018 0.011275 0.050755 0.075858
5 0.438069 0.318506 0.018302 0.041138 0.006693
5 0.454628 0.317201 0.006287 0.032419 0.002473
5 0.491364 0.320257 0.007781 0.039735 0.006693
5 0.532889 0.322818 0.012759 0.026287 0.004070
5 0.423206 0.325168 0.023978 0.053455 0.002473
5 0.433508 0.323916 0.014029 0.050959 0.075858
5 0.436657 0.324789 0.017193 0.049669 0.006693
5 0.597834 0.328396 0.015407 0.057290 0.001501
5 0.605479 0.322895 0.010989 0.062605 0.001501
5 0.034013 0.342322 0.010149 0.052504 0.001501
