1 0.241116 0.308786 0.036385 0.021152 0.002473
1 0.283433 0.307164 0.070042 0.021398 0.029312
1 0.285543 0.307921 0.067603 0.022896 0.119203
1 0.286180 0.307848 0.067157 0.022811 0.182426
1 0.286205 0.308760 0.064064 0.021044 0.182426
1 0.285935 0.307484 0.064616 0.022079 0.119203
1 0.291200 0.309228 0.068823 0.022295 0.002473
1 0.488299 0.321761 0.037374 0.055167 0.119203
1 0.488163 0.321774 0.037802 0.055149 0.119203
1 0.488273 0.321763 0.037859 0.055138 0.119203
1 0.213741 0.332252 0.111941 0.053627 0.002473
1 0.220871 0.319893 0.077260 0.028224 0.029312
1 0.225510 0.315159 0.061741 0.018631 0.010987
1 0.229093 0.314696 0.056319 0.020378 0.010987
1 0.272223 0.325763 0.099614 0.054915 0.047426
1 0.282526 0.324040 0.076240 0.051551 0.047426
1 0.283858 0.325946 0.075645 0.055445 0.075858
1 0.283301 0.324537 0.075283 0.052630 0.119203
1 0.282293 0.322632 0.076068 0.052463 0.047426
1 0.414529 0.321802 0.021174 0.028371 0.047426
1 0.414798 0.320908 0.023752 0.030102 0.047426
1 0.454864 0.320391 0.026856 0.021157 0.006693
1 0.456731 0.319241 0.025310 0.018676 0.119203
1 0.465429 0.320395 0.009637 0.021185 0.017986
1 0.488091 0.321784 0.037065 0.055151 0.182426
1 0.488161 0.321792 0.037199 0.055112 0.182426
1 0.488161 0.322895 0.038084 0.057433 0.119203
1 0.520959 0.326711 0.011245 0.018851 0.029312
1 0.257781 0.333217 0.131133 0.066661 0.006693
1 0.277993 0.329584 0.088035 0.062675 0.029312
1 0.282032 0.329329 0.082390 0.065726 0.075858
1 0.282482 0.329531 0.082644 0.066281 0.047426
1 0.282265 0.328584 0.080592 0.064434 0.017986
1 0.487955 0.325904 0.039146 0.047812 0.002473
1 0.488269 0.322921 0.037418 0.052910 0.268941
1 0.487870 0.322923 0.037327 0.052869 0.268941
1 0.487982 0.321828 0.037725 0.055065 0.182426
2 0.283433 0.307164 0.070042 0.021398 0.001501
2 0.285543 0.307921 0.067603 0.022896 0.001501
2 0.286180 0.307848 0.067157 0.022811 0.001501
2 0.286205 0.308760 0.064064 0.021044 0.001501
2 0.285935 0.307484 0.064616 0.022079 0.001501
2 0.272223 0.325763 0.099614 0.054915 0.002473
2 0.282526 0.324040 0.076240 0.051551 0.001501
2 0.283858 0.325946 0.075645 0.055445 0.001501
2 0.488161 0.322895 0.038084 0.057433 0.001501
2 0.257781 0.333217 0.131133 0.066661 0.001501
2 0.487982 0.321828 0.037725 0.055065 0.001501
3 0.283433 0.307164 0.070042 0.021398 0.001501
3 0.285935 0.307484 0.064616 0.022079 0.001501
3 0.488299 0.321761 0.037374 0.055167 0.622459
3 0.488163 0.321774 0.037802 0.055149 0.622459
3 0.488273 0.321763 0.037859 0.055138 0.268941
3 0.272223 0.325763 0.099614 0.054915 0.001501
3 0.465429 0.320395 0.009637 0.021185 0.002473
3 0.488091 0.321784 0.037065 0.055151 0.268941
3 0.488161 0.321792 0.037199 0.055112 0.377541
3 0.488161 0.322895 0.038084 0.057433 0.182426
3 0.520959 0.326711 0.011245 0.018851 0.001501
3 0.257781 0.333217 0.131133 0.066661 0.001501
3 0.488269 0.322921 0.037418 0.052910 0.119203
3 0.487870 0.322923 0.037327 0.052869 0.182426
3 0.487982 0.321828 0.037725 0.055065 0.119203
4 0.520959 0.326711 0.011245 0.018851 0.006693
5 0.520959 0.326711 0.011245 0.018851 0.004070
