0 0.445661 0.336536 0.019423 0.053228 0.002473
0 0.447236 0.333723 0.022643 0.052214 0.004070
0 0.542373 0.317359 0.010016 0.026905 0.001501
0 0.445692 0.336883 0.022269 0.054113 0.006693
0 0.447244 0.335302 0.022605 0.051116 0.006693
0 0.557741 0.326231 0.018604 0.040113 0.001501
0 0.563126 0.326923 0.021038 0.041398 0.001501
0 0.445826 0.342525 0.019808 0.065486 0.002473
0 0.647743 0.357405 0.032287 0.149985 0.004070
1 0.546626 0.315117 0.018318 0.031076 0.004070
1 0.552962 0.319061 0.016207 0.038958 0.017986
1 0.560054 0.321655 0.027185 0.044323 0.006693
1 0.486019 0.320521 0.019221 0.032146 0.002473
1 0.504775 0.320507 0.015497 0.025725 0.500000
1 0.529791 0.318930 0.009745 0.012968 0.006693
1 0.542373 0.317359 0.010016 0.026905 0.017986
1 0.557451 0.324165 0.018128 0.035226 0.047426
1 0.561037 0.324434 0.025399 0.037704 0.029312
1 0.571611 0.325244 0.029163 0.037483 0.002473
1 0.557741 0.326231 0.018604 0.040113 0.006693
1 0.563126 0.326923 0.021038 0.041398 0.001501
3 0.987471 0.266491 0.022077 0.125480 0.002473
3 0.988212 0.275165 0.023611 0.141630 0.001501
3 0.987464 0.270014 0.022060 0.127134 0.004070
3 0.987484 0.288236 0.025131 0.168149 0.001501
3 0.546626 0.315117 0.018318 0.031076 0.002473
3 0.552962 0.319061 0.016207 0.038958 0.001501
3 0.504775 0.320507 0.015497 0.025725 0.182426
3 0.542373 0.317359 0.010016 0.026905 0.001501
4 0.445661 0.336536 0.019423 0.053228 0.004070
4 0.447236 0.333723 0.022643 0.052214 0.002473
4 0.445692 0.336883 0.022269 0.054113 0.006693
4 0.447244 0.335302 0.022605 0.051116 0.004070
4 0.445826 0.342525 0.019808 0.065486 0.002473
5 0.557451 0.324165 0.018128 0.035226 0.001501
5 0.557741 0.326231 0.018604 0.040113 0.002473
5 0.563126 0.326923 0.021038 0.041398 0.001501
