0 0.696856 0.283089 0.019976 0.053528 0.002473
0 0.671758 0.298842 0.038686 0.056788 0.004070
0 0.675565 0.298885 0.042690 0.056688 0.010987
0 0.680209 0.299276 0.049514 0.057775 0.017986
0 0.699120 0.288192 0.018423 0.048493 0.047426
0 0.699536 0.286719 0.018034 0.045155 0.075858
0 0.492263 0.318373 0.009802 0.040601 0.002473
0 0.546056 0.319570 0.011417 0.038226 0.006693
0 0.559505 0.336522 0.015974 0.076639 0.182426
0 0.561626 0.335533 0.017257 0.072071 0.010987
0 0.576967 0.318361 0.013171 0.040262 0.001501
0 0.672517 0.300702 0.037269 0.054281 0.010987
0 0.674927 0.300448 0.041723 0.054212 0.010987
0 0.681246 0.302203 0.055990 0.058254 0.017986
0 0.698952 0.299698 0.021273 0.071691 0.010987
0 0.700027 0.296875 0.019252 0.062431 0.029312
0 0.490147 0.322836 0.011842 0.031276 0.001501
0 0.545732 0.322668 0.008604 0.031354 0.010987
0 0.560454 0.339512 0.015154 0.076230 0.622459
0 0.561853 0.337440 0.015715 0.069732 0.119203
0 0.672673 0.303959 0.042524 0.059556 0.006693
0 0.676637 0.305128 0.046946 0.062142 0.017986
0 0.681190 0.306403 0.053476 0.065850 0.017986
0 0.697051 0.312325 0.027794 0.096951 0.010987
0 0.699901 0.314135 0.022402 0.100527 0.017986
0 0.546532 0.325953 0.010136 0.040930 0.001501
0 0.560455 0.336769 0.015147 0.071374 0.731059
0 0.561683 0.338582 0.016060 0.073175 0.119203
0 0.679076 0.310689 0.053856 0.079426 0.001501
0 0.683827 0.310253 0.057229 0.084264 0.002473
0 0.695358 0.313720 0.028502 0.096443 0.017986
0 0.698864 0.316002 0.024360 0.101035 0.017986
0 0.709002 0.321186 0.040065 0.094784 0.001501
0 0.559769 0.338901 0.016519 0.077486 0.622459
0 0.560469 0.337852 0.017763 0.074694 0.119203
0 0.697002 0.318646 0.028530 0.106851 0.004070
0 0.699299 0.318089 0.026723 0.105542 0.006693
0 0.559153 0.343296 0.015374 0.089577 0.010987
0 0.561162 0.344253 0.019791 0.090460 0.002473
1 0.487633 0.323900 0.015834 0.029415 0.006693
1 0.490147 0.322836 0.011842 0.031276 0.002473
1 0.504035 0.321635 0.011232 0.018348 0.377541
1 0.530015 0.320879 0.007101 0.011718 0.002473
1 0.545732 0.322668 0.008604 0.031354 0.029312
1 0.560454 0.339512 0.015154 0.076230 0.001501
1 0.561853 0.337440 0.015715 0.069732 0.004070
3 0.546056 0.319570 0.011417 0.038226 0.001501
3 0.504035 0.321635 0.011232 0.018348 0.004070
3 0.545732 0.322668 0.008604 0.031354 0.006693
