0 0.032127 0.265890 0.064335 0.209048 0.001501
0 0.993479 0.320101 0.013262 0.203529 0.006693
0 0.007559 0.295579 0.015147 0.179254 0.004070
0 0.993572 0.326881 0.012932 0.213294 0.017986
0 0.008022 0.320926 0.013021 0.175186 0.004070
0 0.051853 0.287827 0.084151 0.136603 0.002473
0 0.064847 0.285174 0.056332 0.138427 0.001501
0 0.497242 0.324407 0.011590 0.050234 0.001501
0 0.501589 0.328110 0.011234 0.057395 0.010987
0 0.577356 0.309911 0.024377 0.036812 0.029312
0 0.580055 0.311149 0.021970 0.039276 0.029312
0 0.589521 0.309864 0.027932 0.041958 0.017986
0 0.597603 0.308914 0.024082 0.042557 0.001501
0 0.674821 0.317767 0.017508 0.048507 0.001501
0 0.981486 0.327420 0.025803 0.060300 0.001501
0 0.993252 0.333769 0.013541 0.199252 0.017986
0 0.007224 0.334482 0.014476 0.194812 0.004070
0 0.153839 0.316884 0.087021 0.085023 0.001501
0 0.495242 0.326996 0.009774 0.039603 0.004070
0 0.501411 0.330976 0.010877 0.051569 0.047426
0 0.518726 0.326530 0.009615 0.023376 0.001501
0 0.577403 0.312547 0.024444 0.036629 0.017986
0 0.580064 0.311204 0.022704 0.039273 0.029312
0 0.586120 0.313671 0.031997 0.045211 0.017986
0 0.601231 0.319095 0.022634 0.036931 0.001501
0 0.941471 0.342270 0.011317 0.055136 0.010987
0 0.976634 0.331768 0.022349 0.049787 0.002473
0 0.992635 0.330606 0.014767 0.170441 0.017986
0 0.008093 0.363632 0.016215 0.270238 0.004070
0 0.498967 0.330419 0.012338 0.048015 0.010987
0 0.501912 0.330163 0.009871 0.053237 0.047426
0 0.744730 0.345410 0.033469 0.073863 0.001501
0 0.940696 0.343941 0.012936 0.057019 0.006693
0 0.976516 0.354357 0.022335 0.083851 0.002473
0 0.978302 0.346913 0.025776 0.076955 0.004070
0 0.992733 0.337211 0.017621 0.124670 0.010987
0 0.008366 0.371553 0.016760 0.302735 0.002473
0 0.923591 0.346161 0.011600 0.060272 0.001501
0 0.937410 0.345753 0.016920 0.053774 0.001501
0 0.940802 0.347239 0.012666 0.050528 0.006693
0 0.976331 0.357677 0.022028 0.086022 0.002473
0 0.982466 0.358657 0.031548 0.085263 0.004070
0 0.990460 0.359460 0.019102 0.077558 0.006693
0 0.007534 0.374735 0.015084 0.325335 0.001501
0 0.973040 0.361882 0.015371 0.083959 0.006693
0 0.983561 0.370875 0.029758 0.111810 0.002473
0 0.988516 0.371354 0.022985 0.081941 0.002473
0 0.974968 0.370080 0.022088 0.103064 0.001501
0 0.984528 0.380279 0.027827 0.148748 0.004070
0 0.985774 0.376513 0.028480 0.167624 0.002473
0 0.984232 0.379041 0.028439 0.153503 0.001501
0 0.985738 0.376845 0.028563 0.192956 0.001501
0 0.074317 0.444330 0.148338 0.454572 0.001501
0 0.074196 0.445549 0.148332 0.452489 0.001501
0 0.073576 0.449319 0.146741 0.444916 0.001501
0 0.075802 0.452888 0.148448 0.437929 0.001927
1 0.032127 0.265890 0.064335 0.209048 0.006693
1 0.041339 0.257087 0.082678 0.166713 0.010987
1 0.041384 0.256057 0.082825 0.156911 0.010987
1 0.041569 0.256345 0.083223 0.156502 0.029312
1 0.041722 0.259014 0.083751 0.153266 0.029312
1 0.039888 0.262466 0.087244 0.146768 0.004070
1 0.061090 0.269152 0.090248 0.142348 0.001501
1 0.024884 0.277061 0.052886 0.210887 0.001501
1 0.042005 0.265010 0.083991 0.179630 0.006693
1 0.040793 0.261624 0.084751 0.167469 0.010987
1 0.041740 0.264665 0.083758 0.163365 0.047426
1 0.041260 0.267815 0.086428 0.158379 0.010987
1 0.040378 0.270828 0.089358 0.158161 0.010987
1 0.148276 0.280028 0.114207 0.148653 0.377541
1 0.148092 0.279971 0.112008 0.148623 0.500000
1 0.147445 0.279995 0.113500 0.148591 0.622459
1 0.007559 0.295579 0.015147 0.179254 0.001501
1 0.042584 0.271001 0.085296 0.182988 0.010987
1 0.043869 0.271885 0.088612 0.173642 0.006693
1 0.044203 0.274592 0.090008 0.158509 0.002473
1 0.147494 0.281296 0.116492 0.151183 0.268941
1 0.147632 0.282458 0.111178 0.153499 0.377541
1 0.146266 0.281310 0.115842 0.151250 0.500000
1 0.146592 0.281384 0.115199 0.151415 0.500000
1 0.038887 0.297862 0.077716 0.170339 0.001501
1 0.043870 0.287890 0.088241 0.169613 0.001501
1 0.146366 0.283839 0.118774 0.151272 0.377541
1 0.146101 0.283773 0.116433 0.150904 0.377541
1 0.147663 0.283784 0.114917 0.151059 0.500000
1 0.007224 0.334482 0.014476 0.194812 0.001501
1 0.169594 0.324455 0.072791 0.059022 0.001501
1 0.479055 0.319240 0.011196 0.018627 0.377541
1 0.518726 0.326530 0.009615 0.023376 0.017986
1 0.528296 0.326653 0.015703 0.028994 0.002473
1 0.924462 0.338675 0.014421 0.052673 0.004070
1 0.974990 0.338377 0.021980 0.062559 0.002473
1 0.976634 0.331768 0.022349 0.049787 0.001501
1 0.008093 0.363632 0.016215 0.270238 0.002473
1 0.022633 0.371315 0.042212 0.265613 0.002473
1 0.156434 0.329868 0.093387 0.058914 0.006693
1 0.158131 0.331838 0.087882 0.054678 0.017986
1 0.159247 0.333999 0.088871 0.053994 0.010987
1 0.160695 0.330820 0.090074 0.056750 0.006693
1 0.164267 0.332015 0.081418 0.054345 0.002473
1 0.171612 0.331574 0.069645 0.050923 0.004070
1 0.923259 0.340681 0.013638 0.055960 0.001501
1 0.976516 0.354357 0.022335 0.083851 0.001501
1 0.978302 0.346913 0.025776 0.076955 0.002473
1 0.992733 0.337211 0.017621 0.124670 0.002473
1 0.008366 0.371553 0.016760 0.302735 0.002473
1 0.030255 0.384290 0.057446 0.315802 0.004070
1 0.042281 0.382850 0.081809 0.283386 0.002473
1 0.937410 0.345753 0.016920 0.053774 0.001501
1 0.982466 0.358657 0.031548 0.085263 0.004070
1 0.990460 0.359460 0.019102 0.077558 0.006693
1 0.007534 0.374735 0.015084 0.325335 0.001501
1 0.034546 0.392510 0.065972 0.362585 0.004070
1 0.043377 0.388915 0.086972 0.315348 0.006693
1 0.051864 0.382653 0.101257 0.281346 0.001501
1 0.983561 0.370875 0.029758 0.111810 0.001501
1 0.988516 0.371354 0.022985 0.081941 0.002473
1 0.034559 0.389660 0.069063 0.392566 0.001501
1 0.044024 0.408930 0.088225 0.372110 0.002473
1 0.043245 0.430344 0.086542 0.431694 0.002473
1 0.075004 0.452631 0.147038 0.445616 0.002473
1 0.075760 0.461142 0.145521 0.425229 0.002473
1 0.073991 0.434908 0.147929 0.468111 0.001501
1 0.075015 0.441266 0.146933 0.465579 0.002473
1 0.074111 0.441069 0.148150 0.461640 0.005220
1 0.075002 0.444787 0.146830 0.454160 0.004070
1 0.074317 0.444330 0.148338 0.454572 0.008577
1 0.074196 0.445549 0.148332 0.452489 0.014064
1 0.075777 0.449597 0.148401 0.444351 0.006693
1 0.073576 0.449319 0.146741 0.444916 0.010987
1 0.075802 0.452888 0.148448 0.437929 0.017986
2 0.016460 0.262274 0.036046 0.213671 0.001501
2 0.040060 0.252431 0.080116 0.170347 0.006693
2 0.040742 0.238686 0.081560 0.128414 0.001501
2 0.028318 0.258444 0.056908 0.217241 0.006693
2 0.040215 0.249293 0.083518 0.150812 0.001501
2 0.041538 0.250525 0.083205 0.151580 0.004070
2 0.032127 0.265890 0.064335 0.209048 0.029312
2 0.041339 0.257087 0.082678 0.166713 0.182426
2 0.041384 0.256057 0.082825 0.156911 0.075858
2 0.041569 0.256345 0.083223 0.156502 0.047426
2 0.041722 0.259014 0.083751 0.153266 0.010987
2 0.039888 0.262466 0.087244 0.146768 0.001501
2 0.024884 0.277061 0.052886 0.210887 0.004070
2 0.042005 0.265010 0.083991 0.179630 0.119203
2 0.040793 0.261624 0.084751 0.167469 0.047426
2 0.041740 0.264665 0.083758 0.163365 0.029312
2 0.041260 0.267815 0.086428 0.158379 0.004070
2 0.148276 0.280028 0.114207 0.148653 0.029312
2 0.148092 0.279971 0.112008 0.148623 0.029312
2 0.147445 0.279995 0.113500 0.148591 0.047426
2 0.042584 0.271001 0.085296 0.182988 0.010987
2 0.043869 0.271885 0.088612 0.173642 0.006693
2 0.147494 0.281296 0.116492 0.151183 0.010987
2 0.147632 0.282458 0.111178 0.153499 0.017986
2 0.146266 0.281310 0.115842 0.151250 0.047426
2 0.146592 0.281384 0.115199 0.151415 0.017986
2 0.146366 0.283839 0.118774 0.151272 0.006693
2 0.146101 0.283773 0.116433 0.150904 0.010987
2 0.147663 0.283784 0.114917 0.151059 0.029312
2 0.041939 0.256715 0.084392 0.328735 0.001170
3 0.041954 0.239333 0.084109 0.127343 0.002473
3 0.028318 0.258444 0.056908 0.217241 0.001501
3 0.041538 0.250525 0.083205 0.151580 0.010987
3 0.041346 0.259924 0.086944 0.143392 0.006693
3 0.064062 0.266109 0.090208 0.140547 0.001501
3 0.032127 0.265890 0.064335 0.209048 0.010987
3 0.041339 0.257087 0.082678 0.166713 0.119203
3 0.041384 0.256057 0.082825 0.156911 0.119203
3 0.041569 0.256345 0.083223 0.156502 0.182426
3 0.041722 0.259014 0.083751 0.153266 0.182426
3 0.039888 0.262466 0.087244 0.146768 0.047426
3 0.061090 0.269152 0.090248 0.142348 0.006693
3 0.024884 0.277061 0.052886 0.210887 0.002473
3 0.042005 0.265010 0.083991 0.179630 0.075858
3 0.040793 0.261624 0.084751 0.167469 0.075858
3 0.041740 0.264665 0.083758 0.163365 0.268941
3 0.041260 0.267815 0.086428 0.158379 0.182426
3 0.040378 0.270828 0.089358 0.158161 0.047426
3 0.052169 0.275882 0.081242 0.154238 0.001501
3 0.148276 0.280028 0.114207 0.148653 0.006693
3 0.148092 0.279971 0.112008 0.148623 0.001501
3 0.147445 0.279995 0.113500 0.148591 0.002473
3 0.042584 0.271001 0.085296 0.182988 0.119203
3 0.043869 0.271885 0.088612 0.173642 0.182426
3 0.044203 0.274592 0.090008 0.158509 0.047426
3 0.147494 0.281296 0.116492 0.151183 0.004070
3 0.147632 0.282458 0.111178 0.153499 0.001501
3 0.146266 0.281310 0.115842 0.151250 0.004070
3 0.146592 0.281384 0.115199 0.151415 0.010987
3 0.043870 0.287890 0.088241 0.169613 0.001501
3 0.146366 0.283839 0.118774 0.151272 0.010987
3 0.146101 0.283773 0.116433 0.150904 0.006693
3 0.147663 0.283784 0.114917 0.151059 0.010987
3 0.835605 0.289972 0.164075 0.249072 0.002473
3 0.848289 0.290214 0.138747 0.247575 0.002473
3 0.858686 0.291889 0.117959 0.244083 0.004070
3 0.479055 0.319240 0.011196 0.018627 0.047426
3 0.842250 0.289270 0.152755 0.254585 0.001501
3 0.841053 0.287675 0.153162 0.253052 0.010987
3 0.852318 0.286729 0.130655 0.249858 0.017986
3 0.857362 0.291305 0.120956 0.245972 0.002473
3 0.042825 0.223576 0.086398 0.361873 0.001170
3 0.041939 0.256715 0.084392 0.328735 0.006693
3 0.052131 0.253927 0.101076 0.263647 0.002473
3 0.045264 0.318320 0.087824 0.384136 0.001927
3 0.075015 0.441266 0.146933 0.465579 0.001501
3 0.074111 0.441069 0.148150 0.461640 0.001501
3 0.075002 0.444787 0.146830 0.454160 0.001501
3 0.074317 0.444330 0.148338 0.454572 0.002473
3 0.074196 0.445549 0.148332 0.452489 0.002473
3 0.075777 0.449597 0.148401 0.444351 0.001927
3 0.073576 0.449319 0.146741 0.444916 0.003173
3 0.075802 0.452888 0.148448 0.437929 0.003173
4 0.022633 0.371315 0.042212 0.265613 0.001501
4 0.030255 0.384290 0.057446 0.315802 0.001501
4 0.042281 0.382850 0.081809 0.283386 0.001501
4 0.982466 0.358657 0.031548 0.085263 0.002473
4 0.990460 0.359460 0.019102 0.077558 0.004070
4 0.043377 0.388915 0.086972 0.315348 0.001501
4 0.983561 0.370875 0.029758 0.111810 0.004070
4 0.988516 0.371354 0.022985 0.081941 0.004070
4 0.984528 0.380279 0.027827 0.148748 0.004070
4 0.985774 0.376513 0.028480 0.167624 0.004070
4 0.984232 0.379041 0.028439 0.153503 0.001501
4 0.075792 0.454729 0.148791 0.439325 0.002473
4 0.075004 0.452631 0.147038 0.445616 0.182426
4 0.075805 0.451142 0.148414 0.447824 0.002473
4 0.076536 0.455048 0.150173 0.437841 0.010987
4 0.076547 0.459264 0.150124 0.430958 0.010987
4 0.075760 0.461142 0.145521 0.425229 0.119203
4 0.075052 0.462708 0.146837 0.428264 0.047426
4 0.076315 0.460027 0.144337 0.423233 0.002473
4 0.073991 0.434908 0.147929 0.468111 0.001501
4 0.075015 0.441266 0.146933 0.465579 0.001927
4 0.074111 0.441069 0.148150 0.461640 0.002473
4 0.075002 0.444787 0.146830 0.454160 0.002473
4 0.074317 0.444330 0.148338 0.454572 0.002473
4 0.074196 0.445549 0.148332 0.452489 0.003173
4 0.075777 0.449597 0.148401 0.444351 0.001927
4 0.073576 0.449319 0.146741 0.444916 0.003173
4 0.075802 0.452888 0.148448 0.437929 0.003173
5 0.041260 0.267815 0.086428 0.158379 0.001501
5 0.040378 0.270828 0.089358 0.158161 0.004070
5 0.043869 0.271885 0.088612 0.173642 0.001501
5 0.044203 0.274592 0.090008 0.158509 0.001501
5 0.038887 0.297862 0.077716 0.170339 0.002473
5 0.043870 0.287890 0.088241 0.169613 0.002473
5 0.044996 0.291578 0.093675 0.147925 0.002473
5 0.007224 0.334482 0.014476 0.194812 0.001501
5 0.026785 0.337203 0.050545 0.187445 0.001501
5 0.008093 0.363632 0.016215 0.270238 0.002473
5 0.022633 0.371315 0.042212 0.265613 0.001501
5 0.940696 0.343941 0.012936 0.057019 0.002473
5 0.992733 0.337211 0.017621 0.124670 0.001501
5 0.008366 0.371553 0.016760 0.302735 0.002473
5 0.030255 0.384290 0.057446 0.315802 0.002473
5 0.940802 0.347239 0.012666 0.050528 0.006693
5 0.982466 0.358657 0.031548 0.085263 0.002473
5 0.990460 0.359460 0.019102 0.077558 0.004070
5 0.007534 0.374735 0.015084 0.325335 0.001501
5 0.034546 0.392510 0.065972 0.362585 0.002473
5 0.983561 0.370875 0.029758 0.111810 0.001501
5 0.988516 0.371354 0.022985 0.081941 0.004070
5 0.985774 0.376513 0.028480 0.167624 0.001501
5 0.075004 0.452631 0.147038 0.445616 0.119203
5 0.076536 0.455048 0.150173 0.437841 0.006693
5 0.076547 0.459264 0.150124 0.430958 0.017986
5 0.075760 0.461142 0.145521 0.425229 0.182426
5 0.075052 0.462708 0.146837 0.428264 0.029312
5 0.076315 0.460027 0.144337 0.423233 0.010987
5 0.075760 0.464881 0.145445 0.414457 0.001501
5 0.057521 0.410396 0.115474 0.483193 0.001501
5 0.073991 0.434908 0.147929 0.468111 0.182426
5 0.075015 0.441266 0.146933 0.465579 0.222700
5 0.074537 0.440086 0.148826 0.462286 0.006693
5 0.073275 0.431459 0.146862 0.475816 0.014064
5 0.074111 0.441069 0.148150 0.461640 0.437824
5 0.075002 0.444787 0.146830 0.454160 0.437824
5 0.074317 0.444330 0.148338 0.454572 0.500000
5 0.073067 0.431949 0.146537 0.474895 0.010987
5 0.074196 0.445549 0.148332 0.452489 0.562177
5 0.075777 0.449597 0.148401 0.444351 0.500000
5 0.073576 0.449319 0.146741 0.444916 0.500000
5 0.074941 0.446915 0.146702 0.454815 0.119203
5 0.075802 0.452888 0.148448 0.437929 0.562177
5 0.073675 0.453849 0.146880 0.436084 0.075858
