0 0.006353 0.293142 0.012724 0.117498 0.001501
0 0.706820 0.315579 0.020180 0.118200 0.119203
0 0.726552 0.290507 0.025171 0.071554 0.075858
0 0.727344 0.283617 0.023485 0.057702 0.119203
0 0.006319 0.299643 0.012666 0.103066 0.004070
0 0.607038 0.318899 0.014171 0.080598 0.006693
0 0.669450 0.299296 0.019787 0.047346 0.006693
0 0.703026 0.310618 0.023261 0.095286 0.006693
0 0.706329 0.316657 0.021068 0.116892 0.377541
0 0.725704 0.303696 0.027071 0.102045 0.075858
0 0.727218 0.285178 0.023679 0.065098 0.182426
0 0.007188 0.300393 0.014426 0.094711 0.001501
0 0.604039 0.323863 0.011240 0.070305 0.010987
0 0.668822 0.301658 0.020763 0.051551 0.006693
0 0.671663 0.301631 0.022262 0.056354 0.001501
0 0.701009 0.305905 0.017606 0.083994 0.004070
0 0.707592 0.315888 0.021674 0.118218 0.268941
0 0.719600 0.313831 0.037480 0.117671 0.029312
0 0.726357 0.289437 0.025373 0.073829 0.268941
0 0.994441 0.351305 0.011195 0.249656 0.001501
0 0.604829 0.328696 0.009724 0.068952 0.006693
0 0.668723 0.304745 0.018499 0.057762 0.004070
0 0.701001 0.309866 0.017555 0.094697 0.002473
0 0.708170 0.315188 0.020057 0.124765 0.268941
0 0.711272 0.315020 0.026162 0.120047 0.119203
0 0.721930 0.310411 0.034277 0.120875 0.119203
0 0.994468 0.358722 0.011145 0.265932 0.002473
0 0.607806 0.328270 0.015626 0.073981 0.004070
0 0.703651 0.316887 0.022832 0.115517 0.006693
0 0.707499 0.315050 0.021484 0.119901 0.268941
0 0.712224 0.316330 0.028022 0.122518 0.119203
0 0.719358 0.312039 0.039564 0.119736 0.017986
0 0.609386 0.327642 0.018807 0.078939 0.001501
0 0.704343 0.319269 0.024215 0.117256 0.010987
0 0.707052 0.315328 0.020150 0.119429 0.268941
0 0.710241 0.314155 0.023691 0.121804 0.182426
0 0.720093 0.312105 0.035693 0.127902 0.002473
1 0.006353 0.293142 0.012724 0.117498 0.001501
1 0.006319 0.299643 0.012666 0.103066 0.002473
1 0.037517 0.287271 0.051101 0.153098 0.001501
1 0.007188 0.300393 0.014426 0.094711 0.004070
1 0.012956 0.317556 0.018487 0.078004 0.001501
1 0.035462 0.303189 0.048150 0.121599 0.004070
1 0.034605 0.301980 0.047890 0.125210 0.004070
1 0.036172 0.305778 0.048017 0.117547 0.001501
1 0.544517 0.320202 0.039043 0.052013 0.880797
1 0.543749 0.321988 0.037504 0.051080 0.817575
1 0.544507 0.320180 0.039058 0.051962 0.817575
1 0.604039 0.323863 0.011240 0.070305 0.002473
1 0.611895 0.328991 0.020854 0.070353 0.001501
1 0.007997 0.324713 0.016030 0.047491 0.010987
1 0.013856 0.331324 0.023113 0.051591 0.004070
1 0.033415 0.333359 0.049462 0.058779 0.010987
1 0.034458 0.334241 0.047833 0.056961 0.004070
1 0.035276 0.333170 0.046782 0.061677 0.017986
1 0.542983 0.320210 0.039045 0.052017 0.817575
1 0.544514 0.320864 0.039037 0.053291 0.817575
1 0.542980 0.320849 0.039054 0.053334 0.817575
1 0.571901 0.318328 0.015790 0.016833 0.500000
1 0.573657 0.317148 0.017345 0.019227 0.006693
1 0.595951 0.316032 0.011463 0.022540 0.001501
1 0.604829 0.328696 0.009724 0.068952 0.006693
1 0.611853 0.332055 0.020741 0.069685 0.001501
1 0.009080 0.326287 0.018265 0.053694 0.010987
1 0.028788 0.333881 0.045268 0.057916 0.017986
1 0.032864 0.335527 0.048785 0.056984 0.017986
1 0.035313 0.337201 0.045846 0.052402 0.006693
1 0.034679 0.336035 0.047832 0.055257 0.010987
1 0.543759 0.320232 0.037540 0.052052 0.817575
1 0.542985 0.320228 0.039043 0.052023 0.731059
1 0.543740 0.320240 0.040595 0.052021 0.817575
1 0.607806 0.328270 0.015626 0.073981 0.001501
1 0.026089 0.335509 0.038226 0.080432 0.001501
1 0.032210 0.338180 0.048372 0.060939 0.001501
1 0.034408 0.338281 0.045849 0.057677 0.001501
1 0.030474 0.489367 0.060926 0.397843 0.622459
1 0.029756 0.495808 0.059600 0.384294 0.731059
1 0.029798 0.496477 0.059588 0.380746 0.731059
1 0.029765 0.493876 0.059553 0.385175 0.817575
1 0.030440 0.494508 0.060932 0.388160 0.731059
1 0.029780 0.495938 0.059556 0.383537 0.817575
1 0.029775 0.492240 0.059594 0.387270 0.817575
1 0.029713 0.491435 0.059593 0.385980 0.119203
1 0.029760 0.497026 0.059579 0.379563 0.622459
1 0.030528 0.497372 0.057988 0.377345 0.731059
1 0.029770 0.494727 0.059584 0.382065 0.817575
1 0.029015 0.400651 0.058946 0.598840 0.001927
3 0.005595 0.284506 0.014319 0.132734 0.004070
3 0.006353 0.293142 0.012724 0.117498 0.004070
3 0.035588 0.283904 0.053873 0.158370 0.001501
3 0.006319 0.299643 0.012666 0.103066 0.017986
3 0.012744 0.301665 0.019953 0.109321 0.001501
3 0.034949 0.286474 0.050314 0.154805 0.004070
3 0.037517 0.287271 0.051101 0.153098 0.004070
3 0.007188 0.300393 0.014426 0.094711 0.010987
3 0.034605 0.301980 0.047890 0.125210 0.001501
3 0.604039 0.323863 0.011240 0.070305 0.002473
3 0.007997 0.324713 0.016030 0.047491 0.004070
3 0.571901 0.318328 0.015790 0.016833 0.001501
3 0.009080 0.326287 0.018265 0.053694 0.001501
3 0.028393 0.372669 0.058549 0.618315 0.001501
3 0.029015 0.400651 0.058946 0.598840 0.001501
5 0.604829 0.328696 0.009724 0.068952 0.001501
5 0.607806 0.328270 0.015626 0.073981 0.001501
