1 0.425177 0.314481 0.017441 0.032447 0.002473
1 0.427171 0.315136 0.021280 0.031103 0.001501
1 0.487256 0.320177 0.035287 0.052026 0.500000
1 0.487546 0.319755 0.034882 0.051097 0.377541
1 0.488366 0.320086 0.036975 0.051925 0.006693
1 0.393546 0.322020 0.034181 0.032337 0.182426
1 0.394212 0.322023 0.032724 0.032330 0.119203
1 0.394555 0.322013 0.036050 0.032407 0.047426
1 0.427180 0.314801 0.021098 0.032131 0.002473
1 0.445720 0.316892 0.013460 0.023396 0.002473
1 0.455979 0.318327 0.022732 0.024964 0.817575
1 0.458899 0.319503 0.021643 0.028076 0.004070
1 0.487047 0.320195 0.035694 0.052014 0.500000
1 0.487546 0.320190 0.035965 0.051940 0.500000
1 0.487978 0.320241 0.037293 0.051816 0.004070
1 0.483907 0.323564 0.032238 0.046346 0.001501
1 0.487453 0.320241 0.035969 0.052022 0.377541
1 0.487502 0.319789 0.035877 0.051097 0.268941
1 0.488094 0.320586 0.037513 0.051375 0.010987
2 0.425177 0.314481 0.017441 0.032447 0.010987
2 0.427171 0.315136 0.021280 0.031103 0.006693
2 0.438683 0.315064 0.014735 0.031030 0.002473
2 0.488366 0.320086 0.036975 0.051925 0.001501
2 0.427052 0.315352 0.021263 0.031076 0.006693
2 0.427180 0.314801 0.021098 0.032131 0.004070
3 0.425177 0.314481 0.017441 0.032447 0.075858
3 0.427171 0.315136 0.021280 0.031103 0.047426
3 0.438683 0.315064 0.014735 0.031030 0.017986
3 0.487256 0.320177 0.035287 0.052026 0.268941
3 0.487546 0.319755 0.034882 0.051097 0.377541
3 0.488366 0.320086 0.036975 0.051925 0.006693
3 0.427052 0.315352 0.021263 0.031076 0.029312
3 0.427180 0.314801 0.021098 0.032131 0.047426
3 0.445720 0.316892 0.013460 0.023396 0.001501
3 0.455979 0.318327 0.022732 0.024964 0.001501
3 0.487047 0.320195 0.035694 0.052014 0.182426
3 0.487546 0.320190 0.035965 0.051940 0.268941
3 0.487978 0.320241 0.037293 0.051816 0.001501
3 0.487453 0.320241 0.035969 0.052022 0.182426
3 0.487502 0.319789 0.035877 0.051097 0.182426
3 0.488094 0.320586 0.037513 0.051375 0.004070
