0 0.005553 0.296518 0.011125 0.096279 0.001501
0 0.722630 0.282991 0.023454 0.066389 0.017986
0 0.724389 0.278819 0.020520 0.063006 0.017986
0 0.005512 0.303746 0.011053 0.092459 0.006693
0 0.664817 0.297031 0.014635 0.047451 0.001501
0 0.697922 0.308354 0.020979 0.089051 0.004070
0 0.699360 0.314209 0.020615 0.102533 0.004070
0 0.723428 0.281631 0.022100 0.063580 0.017986
0 0.722763 0.281590 0.023826 0.063512 0.017986
0 0.991431 0.292835 0.017183 0.234986 0.001501
0 0.005545 0.305635 0.011139 0.093754 0.002473
0 0.697541 0.327408 0.020265 0.077088 0.001501
0 0.698474 0.320288 0.022395 0.100891 0.002473
0 0.721943 0.283548 0.022584 0.067377 0.017986
0 0.722111 0.283764 0.023027 0.068276 0.029312
0 0.990874 0.321839 0.018388 0.296882 0.002473
0 0.697690 0.329522 0.020686 0.085211 0.002473
0 0.698477 0.325627 0.022409 0.093451 0.006693
0 0.713389 0.309203 0.036097 0.113807 0.002473
0 0.719914 0.305556 0.033141 0.110871 0.002473
0 0.697712 0.330075 0.020691 0.084360 0.001501
0 0.698520 0.328015 0.022403 0.088480 0.002473
0 0.697406 0.330338 0.020089 0.084309 0.002473
0 0.698819 0.331754 0.019653 0.081512 0.002473
0 0.989617 0.396737 0.020815 0.369951 0.001501
1 0.005553 0.296518 0.011125 0.096279 0.001501
1 0.005512 0.303746 0.011053 0.092459 0.002473
1 0.005545 0.305635 0.011139 0.093754 0.002473
1 0.020401 0.305224 0.033308 0.115488 0.001501
1 0.031418 0.297118 0.054099 0.136042 0.001501
1 0.569704 0.331954 0.054726 0.096597 0.817575
1 0.569949 0.332801 0.054288 0.098297 0.817575
1 0.570418 0.331889 0.053351 0.096439 0.880797
1 0.608245 0.329063 0.021634 0.070940 0.006693
1 0.611937 0.330318 0.024900 0.068896 0.002473
1 0.006344 0.327263 0.012706 0.061726 0.004070
1 0.019938 0.336973 0.030833 0.054494 0.006693
1 0.032499 0.330719 0.053996 0.066595 0.004070
1 0.031958 0.335802 0.052766 0.057601 0.004070
1 0.032540 0.335877 0.052075 0.057460 0.010987
1 0.570642 0.333450 0.055651 0.099737 0.817575
1 0.570236 0.333371 0.053729 0.099566 0.817575
1 0.570605 0.332733 0.052997 0.098170 0.817575
1 0.572029 0.333257 0.052885 0.097211 0.622459
1 0.610410 0.333758 0.024496 0.057967 0.017986
1 0.612619 0.334673 0.025228 0.055489 0.006693
1 0.008000 0.335391 0.016037 0.054616 0.004070
1 0.026680 0.339595 0.041984 0.049534 0.004070
1 0.032015 0.337034 0.052713 0.055158 0.004070
1 0.031602 0.338164 0.053491 0.052891 0.010987
1 0.032732 0.339009 0.050040 0.050140 0.006693
1 0.569726 0.332733 0.054751 0.098518 0.817575
1 0.570139 0.332738 0.053919 0.098499 0.817575
1 0.570429 0.333288 0.053353 0.096925 0.924142
1 0.608229 0.340185 0.019705 0.047600 0.029312
1 0.617639 0.342324 0.020919 0.041021 0.006693
1 0.629527 0.358071 0.031027 0.080020 0.010987
1 0.635897 0.359360 0.046869 0.082824 0.006693
1 0.639440 0.354158 0.054039 0.088920 0.010987
1 0.007134 0.336642 0.014304 0.076408 0.001501
1 0.016521 0.341987 0.020558 0.048394 0.004070
1 0.031619 0.340367 0.051014 0.053466 0.004070
1 0.031779 0.340477 0.051393 0.051508 0.004070
1 0.570360 0.333196 0.053437 0.099656 0.017986
1 0.607128 0.342823 0.020142 0.046793 0.004070
1 0.630211 0.356803 0.032414 0.083507 0.010987
1 0.633571 0.359429 0.039080 0.082611 0.010987
1 0.637633 0.357870 0.047199 0.085836 0.004070
1 0.640511 0.355746 0.053107 0.090033 0.004070
1 0.645272 0.348486 0.061759 0.101521 0.001501
1 0.629655 0.357266 0.031311 0.087322 0.004070
1 0.630085 0.358522 0.035161 0.084389 0.004070
1 0.636168 0.357430 0.047297 0.086575 0.002473
1 0.641065 0.356774 0.054477 0.083596 0.004070
1 0.982041 0.401641 0.033052 0.354039 0.001501
1 0.991966 0.414014 0.016096 0.335497 0.001501
1 0.993569 0.440570 0.012888 0.281178 0.002473
1 0.406469 0.368383 0.303890 0.423468 0.004070
1 0.406144 0.369818 0.306026 0.426219 0.731059
1 0.404452 0.368345 0.305510 0.423220 0.004070
1 0.405791 0.368656 0.302671 0.423834 0.939913
1 0.406851 0.368791 0.304670 0.423815 0.939913
1 0.405272 0.368836 0.307366 0.423820 0.939913
1 0.403255 0.369866 0.309700 0.421752 0.939913
1 0.405795 0.366451 0.302794 0.423236 0.777300
1 0.406799 0.367522 0.304581 0.421245 0.939913
1 0.406013 0.368805 0.305816 0.423746 0.939913
1 0.404010 0.368606 0.308122 0.419125 0.924142
1 0.406419 0.368387 0.303742 0.419669 0.006693
1 0.405613 0.369830 0.304990 0.421792 0.679179
1 0.405109 0.369749 0.303984 0.421994 0.377541
3 0.005553 0.296518 0.011125 0.096279 0.004070
3 0.005512 0.303746 0.011053 0.092459 0.004070
3 0.031049 0.288737 0.057264 0.150862 0.002473
3 0.031985 0.290220 0.055775 0.149547 0.001501
3 0.005545 0.305635 0.011139 0.093754 0.004070
3 0.031483 0.294950 0.056129 0.138544 0.001501
3 0.031418 0.297118 0.054099 0.136042 0.001501
3 0.608245 0.329063 0.021634 0.070940 0.001501
3 0.610410 0.333758 0.024496 0.057967 0.002473
3 0.608229 0.340185 0.019705 0.047600 0.004070
4 0.697690 0.329522 0.020686 0.085211 0.001501
5 0.005512 0.303746 0.011053 0.092459 0.001501
5 0.632465 0.349904 0.040253 0.086734 0.001501
5 0.608229 0.340185 0.019705 0.047600 0.002473
