0 0.005578 0.299375 0.011175 0.095063 0.001501
0 0.706057 0.295262 0.036406 0.082380 0.001501
0 0.715071 0.290012 0.028576 0.075316 0.047426
0 0.717269 0.283727 0.023684 0.067579 0.182426
0 0.721743 0.281711 0.023936 0.059335 0.001501
0 0.005522 0.305079 0.011073 0.095635 0.006693
0 0.012881 0.302390 0.018262 0.118815 0.001501
0 0.663013 0.300771 0.015440 0.055059 0.017986
0 0.664367 0.297716 0.015502 0.053834 0.075858
0 0.698093 0.306443 0.021534 0.094636 0.006693
0 0.714588 0.302267 0.030826 0.104732 0.075858
0 0.716398 0.285040 0.025338 0.070088 0.182426
0 0.720195 0.284939 0.025623 0.065289 0.002473
0 0.006311 0.306855 0.012679 0.098009 0.002473
0 0.352156 0.325097 0.037552 0.172357 0.731059
0 0.352305 0.324327 0.035621 0.170758 0.731059
0 0.663286 0.297852 0.015263 0.053653 0.017986
0 0.663642 0.299113 0.014789 0.056891 0.017986
0 0.695022 0.322948 0.018437 0.065224 0.004070
0 0.712391 0.311053 0.035176 0.117209 0.075858
0 0.715405 0.288709 0.027194 0.072360 0.182426
0 0.719748 0.291469 0.026525 0.077367 0.001501
0 0.352064 0.323372 0.037536 0.169608 0.731059
0 0.352105 0.323378 0.037602 0.168843 0.817575
0 0.352643 0.323111 0.039020 0.169032 0.002473
0 0.661917 0.312839 0.017882 0.083220 0.001501
0 0.663895 0.303791 0.016470 0.060922 0.017986
0 0.695101 0.324277 0.018579 0.074686 0.004070
0 0.707324 0.315677 0.032404 0.118715 0.029312
0 0.711669 0.309197 0.034672 0.113554 0.119203
0 0.352107 0.323496 0.037618 0.169790 0.622459
0 0.352107 0.323976 0.037429 0.168836 0.817575
0 0.352727 0.324093 0.038836 0.168892 0.001501
0 0.696344 0.328317 0.017798 0.092877 0.006693
0 0.704643 0.315631 0.028948 0.118702 0.010987
0 0.710713 0.309640 0.036812 0.119333 0.075858
0 0.352623 0.324669 0.038649 0.170162 0.622459
0 0.352068 0.325117 0.037520 0.169223 0.817575
0 0.697476 0.329734 0.017019 0.085571 0.029312
0 0.701942 0.318866 0.020411 0.112359 0.029312
0 0.710390 0.311802 0.035493 0.122127 0.017986
0 0.351617 0.323831 0.038508 0.171480 0.377541
0 0.352236 0.322628 0.039448 0.169323 0.500000
0 0.993481 0.405269 0.013083 0.350864 0.001501
0 0.995133 0.415800 0.012820 0.329632 0.001501
0 0.995165 0.433215 0.009698 0.290894 0.001501
1 0.005578 0.299375 0.011175 0.095063 0.001501
1 0.005522 0.305079 0.011073 0.095635 0.004070
1 0.006311 0.306855 0.012679 0.098009 0.002473
1 0.030198 0.298262 0.056425 0.130689 0.001501
1 0.031416 0.303739 0.054099 0.121621 0.001501
1 0.434122 0.328870 0.134955 0.133923 0.880797
1 0.432816 0.330609 0.134469 0.135590 0.880797
1 0.433563 0.329322 0.136015 0.133020 0.880797
1 0.543788 0.324365 0.090779 0.132812 0.880797
1 0.542310 0.323535 0.090512 0.131149 0.880797
1 0.543027 0.323986 0.092066 0.130247 0.880797
1 0.593751 0.311991 0.015720 0.035948 0.001501
1 0.610106 0.328346 0.028254 0.070609 0.029312
1 0.611186 0.329867 0.028592 0.069678 0.010987
1 0.624227 0.322856 0.057066 0.115181 0.006693
1 0.631637 0.323680 0.061134 0.126697 0.001501
1 0.007125 0.329081 0.014268 0.063056 0.006693
1 0.029295 0.336991 0.051747 0.054461 0.006693
1 0.031342 0.334444 0.054073 0.059558 0.006693
1 0.030997 0.334761 0.053254 0.058905 0.004070
1 0.031614 0.334750 0.052303 0.057761 0.017986
1 0.433538 0.327595 0.136090 0.131366 0.880797
1 0.433298 0.329325 0.133503 0.133018 0.924142
1 0.434051 0.328052 0.135023 0.130473 0.924142
1 0.434122 0.328059 0.134898 0.130509 0.924142
1 0.542316 0.324488 0.090499 0.132853 0.880797
1 0.542299 0.324498 0.090431 0.132968 0.924142
1 0.541523 0.322943 0.088910 0.132503 0.952574
1 0.542164 0.324514 0.087603 0.132904 0.880797
1 0.591537 0.323117 0.013917 0.040957 0.002473
1 0.609058 0.331859 0.026121 0.063552 0.119203
1 0.610991 0.330636 0.028517 0.063433 0.047426
1 0.622953 0.339570 0.044722 0.094384 0.004070
1 0.007999 0.333282 0.016032 0.057353 0.006693
1 0.030732 0.337851 0.051715 0.053022 0.004070
1 0.031474 0.335746 0.053519 0.057264 0.006693
1 0.031059 0.336375 0.053132 0.055692 0.006693
1 0.031553 0.336864 0.052412 0.053598 0.006693
1 0.433546 0.328851 0.136108 0.133987 0.924142
1 0.434059 0.328874 0.135029 0.133923 0.924142
1 0.434060 0.329325 0.135054 0.133019 0.924142
1 0.541566 0.323663 0.088997 0.131044 0.924142
1 0.542977 0.325665 0.089075 0.135203 0.924142
1 0.542273 0.326108 0.090467 0.134283 0.952574
1 0.607490 0.333662 0.023091 0.060645 0.182426
1 0.612578 0.331614 0.028643 0.059901 0.029312
1 0.630977 0.350291 0.043207 0.094584 0.004070
1 0.638454 0.348619 0.055546 0.099610 0.004070
1 0.640207 0.338761 0.059502 0.119542 0.001501
1 0.008661 0.333624 0.014287 0.072407 0.002473
1 0.016459 0.341440 0.021545 0.049492 0.002473
1 0.030468 0.338346 0.051479 0.054494 0.004070
1 0.031048 0.339753 0.051687 0.052902 0.002473
1 0.607031 0.333398 0.020011 0.064443 0.017986
1 0.627974 0.347898 0.031603 0.095013 0.006693
1 0.636095 0.354108 0.047286 0.088692 0.004070
1 0.639536 0.351586 0.054204 0.093851 0.004070
1 0.640983 0.347010 0.057481 0.102903 0.004070
1 0.627190 0.355127 0.029488 0.091740 0.001501
1 0.629005 0.354775 0.036234 0.087431 0.004070
1 0.636787 0.352913 0.051831 0.091169 0.001501
1 0.641181 0.352544 0.054941 0.092081 0.001501
1 0.995133 0.415800 0.012820 0.329632 0.002473
1 0.995165 0.433215 0.009698 0.290894 0.002473
3 0.005578 0.299375 0.011175 0.095063 0.004070
3 0.624015 0.301057 0.057299 0.133528 0.001501
3 0.624887 0.298259 0.060098 0.138785 0.004070
3 0.623990 0.299841 0.058717 0.122157 0.004070
3 0.005522 0.305079 0.011073 0.095635 0.006693
3 0.031587 0.290081 0.056152 0.148067 0.001501
3 0.622091 0.308053 0.052876 0.113113 0.004070
3 0.625507 0.306966 0.061744 0.124997 0.004070
3 0.630593 0.306389 0.068883 0.121507 0.002473
3 0.006311 0.306855 0.012679 0.098009 0.004070
3 0.607490 0.333662 0.023091 0.060645 0.001501
4 0.695022 0.322948 0.018437 0.065224 0.001501
4 0.351617 0.323831 0.038508 0.171480 0.002473
4 0.352236 0.322628 0.039448 0.169323 0.002473
5 0.613213 0.313250 0.034648 0.099737 0.001501
5 0.622091 0.308053 0.052876 0.113113 0.001501
