1 0.445217 0.317203 0.028673 0.032358 0.004070
1 0.445868 0.317409 0.027443 0.031877 0.268941
1 0.446116 0.317217 0.027007 0.032255 0.500000
1 0.490978 0.319129 0.028899 0.041749 0.500000
1 0.490950 0.319787 0.028766 0.040391 0.377541
1 0.445271 0.317704 0.028494 0.031456 0.006693
1 0.446123 0.317600 0.026933 0.031526 0.731059
1 0.446138 0.317585 0.026960 0.031538 0.880797
1 0.490667 0.319157 0.028276 0.038010 0.817575
1 0.491344 0.320408 0.026895 0.039110 0.817575
1 0.492293 0.320994 0.028657 0.038057 0.001501
