1 0.445891 0.315940 0.030022 0.029772 0.017986
1 0.446339 0.317226 0.029161 0.032268 0.377541
1 0.446799 0.317221 0.028386 0.032259 0.500000
1 0.491897 0.317752 0.025861 0.036323 0.500000
1 0.491906 0.317746 0.025731 0.036299 0.500000
1 0.445931 0.316114 0.029812 0.029485 0.017986
1 0.446527 0.317335 0.028825 0.032058 0.731059
1 0.446522 0.317474 0.028926 0.031759 0.817575
1 0.468752 0.315634 0.009478 0.019543 0.075858
1 0.491482 0.318297 0.025027 0.035200 0.731059
1 0.491371 0.316580 0.026817 0.033543 0.817575
