0 0.728718 0.288255 0.015166 0.063562 0.001501
0 0.763081 0.312666 0.026858 0.120746 0.001501
0 0.718810 0.297496 0.018426 0.054068 0.075858
0 0.721721 0.294273 0.023712 0.058862 0.004070
0 0.744528 0.302519 0.011920 0.072095 0.001501
0 0.761572 0.317632 0.026967 0.130640 0.622459
0 0.761632 0.317427 0.026820 0.129925 0.500000
0 0.618757 0.318579 0.006773 0.044614 0.010987
0 0.640974 0.322512 0.010124 0.062381 0.006693
0 0.718749 0.298122 0.018341 0.054705 0.047426
0 0.721111 0.298655 0.023442 0.057441 0.006693
0 0.743712 0.313828 0.012648 0.062837 0.002473
0 0.762467 0.318965 0.028273 0.132935 0.500000
0 0.761615 0.319284 0.026809 0.133503 0.500000
0 0.620424 0.322734 0.006338 0.036074 0.017986
0 0.629978 0.322980 0.007118 0.030726 0.047426
0 0.641345 0.328084 0.007804 0.059856 0.006693
0 0.718708 0.302293 0.018464 0.063147 0.010987
0 0.762345 0.318009 0.028452 0.136039 0.377541
0 0.761630 0.319468 0.026791 0.133891 0.622459
0 0.620762 0.325283 0.008587 0.044854 0.002473
0 0.643761 0.331403 0.009494 0.071351 0.004070
0 0.763180 0.319197 0.026750 0.133231 0.622459
0 0.762441 0.319468 0.028216 0.133883 0.622459
0 0.646736 0.330442 0.015463 0.076264 0.001501
0 0.762456 0.319247 0.025149 0.133599 0.622459
0 0.762480 0.317884 0.028159 0.135896 0.731059
1 0.602876 0.317563 0.019447 0.026640 0.010987
1 0.604242 0.317206 0.016706 0.022697 0.622459
1 0.629978 0.322980 0.007118 0.030726 0.004070
1 0.674432 0.366555 0.034902 0.086643 0.001501
1 0.150019 0.337076 0.300087 0.653643 0.904651
1 0.150796 0.338355 0.301657 0.651546 0.924142
1 0.150792 0.339310 0.304742 0.649925 0.924142
1 0.149180 0.337779 0.304931 0.653220 0.924142
1 0.150764 0.339582 0.301638 0.649219 0.904651
1 0.150023 0.339359 0.303188 0.649470 0.924142
1 0.150018 0.341924 0.306190 0.649626 0.924142
1 0.148359 0.343485 0.303389 0.651702 0.904651
1 0.150030 0.340371 0.300107 0.642576 0.924142
1 0.150781 0.341987 0.304687 0.644479 0.924142
1 0.147704 0.342655 0.304733 0.643383 0.005220
3 0.686599 0.299895 0.086511 0.162336 0.029312
3 0.686989 0.297513 0.088663 0.165895 0.047426
3 0.685970 0.290697 0.089687 0.151143 0.075858
3 0.685279 0.301557 0.086644 0.159618 0.029312
3 0.686085 0.300980 0.086561 0.164395 0.017986
3 0.686378 0.299202 0.089120 0.161505 0.017986
3 0.685315 0.291251 0.087201 0.137370 0.119203
3 0.686839 0.309494 0.088193 0.181732 0.075858
3 0.686194 0.311161 0.088057 0.177715 0.047426
3 0.685451 0.308148 0.086216 0.144914 0.017986
3 0.604242 0.317206 0.016706 0.022697 0.010987
4 0.538962 0.329775 0.022212 0.048809 0.006693
4 0.544998 0.327360 0.015963 0.043834 0.002473
4 0.538913 0.328553 0.022145 0.046566 0.006693
4 0.542070 0.329391 0.016085 0.044510 0.004070
