0 0.015678 0.283706 0.031410 0.216086 0.001501
0 0.012340 0.281883 0.024712 0.205804 0.001501
0 0.750929 0.304715 0.020227 0.096336 0.002473
0 0.010493 0.277672 0.021037 0.192885 0.001501
0 0.718808 0.297719 0.018445 0.054515 0.029312
0 0.749106 0.309229 0.023744 0.105356 0.001501
0 0.750147 0.311163 0.021784 0.112741 0.002473
0 0.005707 0.296055 0.011464 0.153192 0.002473
0 0.622290 0.315593 0.011710 0.035187 0.002473
0 0.633679 0.317513 0.014623 0.042464 0.002473
0 0.642969 0.318960 0.011027 0.049862 0.002473
0 0.718739 0.299185 0.018360 0.057054 0.010987
0 0.721506 0.298395 0.024183 0.062732 0.001501
0 0.622070 0.321581 0.009640 0.023788 0.006693
0 0.628323 0.322731 0.012734 0.031492 0.004070
0 0.642271 0.321877 0.009704 0.047439 0.004070
0 0.718179 0.305045 0.019582 0.063617 0.006693
0 0.644765 0.330278 0.011481 0.076589 0.004070
0 0.647973 0.331199 0.015192 0.078593 0.002473
0 0.749928 0.318361 0.021978 0.126850 0.001501
0 0.751728 0.319223 0.021698 0.126254 0.001501
1 0.015563 0.277907 0.028137 0.205147 0.002473
1 0.017075 0.277379 0.034140 0.196501 0.001501
1 0.684346 0.295299 0.085173 0.165979 0.001501
1 0.633679 0.317513 0.014623 0.042464 0.001501
1 0.642969 0.318960 0.011027 0.049862 0.002473
1 0.685442 0.308581 0.085774 0.188847 0.002473
1 0.684069 0.318550 0.085575 0.165618 0.002473
1 0.005810 0.325721 0.011668 0.073447 0.001501
1 0.016762 0.337317 0.032942 0.039770 0.002473
1 0.055628 0.338502 0.042094 0.052194 0.029312
1 0.056199 0.338258 0.040701 0.051923 0.010987
1 0.054776 0.337950 0.040717 0.051347 0.010987
1 0.604266 0.318325 0.016581 0.024971 0.731059
1 0.622070 0.321581 0.009640 0.023788 0.004070
1 0.628323 0.322731 0.012734 0.031492 0.006693
1 0.642271 0.321877 0.009704 0.047439 0.010987
1 0.651768 0.331222 0.018652 0.076489 0.001501
1 0.004277 0.347827 0.008565 0.033904 0.006693
1 0.017748 0.337608 0.033368 0.033957 0.006693
1 0.053922 0.338110 0.038709 0.051459 0.029312
1 0.055447 0.338381 0.039173 0.051708 0.017986
1 0.055460 0.338254 0.042310 0.051461 0.047426
1 0.652109 0.336129 0.020942 0.071975 0.002473
1 0.687458 0.349120 0.080010 0.121504 0.001501
1 0.004817 0.362461 0.009644 0.047105 0.006693
1 0.049730 0.339435 0.030366 0.052320 0.001501
1 0.054701 0.340728 0.040581 0.049727 0.002473
1 0.652296 0.336136 0.021015 0.068560 0.002473
1 0.689333 0.353152 0.078434 0.117191 0.001501
1 0.689790 0.352682 0.074564 0.118015 0.002473
1 0.004059 0.373680 0.011240 0.082029 0.002473
2 0.012971 0.270448 0.025970 0.186611 0.002473
2 0.017066 0.267795 0.031069 0.194176 0.004070
2 0.015563 0.277907 0.028137 0.205147 0.010987
2 0.016966 0.275253 0.033898 0.198677 0.010987
2 0.015678 0.283706 0.031410 0.216086 0.006693
2 0.017075 0.277379 0.034140 0.196501 0.006693
2 0.012340 0.281883 0.024712 0.205804 0.001501
2 0.685442 0.308581 0.085774 0.188847 0.001501
3 0.012971 0.270448 0.025970 0.186611 0.004070
3 0.017066 0.267795 0.031069 0.194176 0.004070
3 0.015563 0.277907 0.028137 0.205147 0.017986
3 0.016966 0.275253 0.033898 0.198677 0.006693
3 0.015678 0.283706 0.031410 0.216086 0.010987
3 0.017075 0.277379 0.034140 0.196501 0.006693
3 0.012340 0.281883 0.024712 0.205804 0.002473
3 0.018001 0.277276 0.032882 0.187621 0.002473
3 0.149400 0.280510 0.120926 0.079370 0.002473
3 0.148754 0.284500 0.129240 0.088244 0.006693
3 0.152809 0.287168 0.143877 0.093612 0.002473
3 0.684892 0.297807 0.084187 0.177779 0.047426
3 0.685665 0.296798 0.085932 0.183419 0.047426
3 0.685039 0.294544 0.086195 0.167661 0.075858
3 0.154901 0.292987 0.145704 0.103928 0.002473
3 0.154305 0.293989 0.149271 0.106038 0.004070
3 0.684823 0.301080 0.086143 0.175341 0.047426
3 0.684752 0.299041 0.085959 0.176581 0.047426
3 0.685363 0.299187 0.085777 0.179860 0.047426
3 0.684346 0.295299 0.085173 0.165979 0.119203
3 0.685442 0.308581 0.085774 0.188847 0.182426
3 0.684997 0.311706 0.086488 0.185134 0.075858
3 0.684069 0.318550 0.085575 0.165618 0.017986
3 0.604266 0.318325 0.016581 0.024971 0.017986
4 0.544524 0.329437 0.014274 0.044463 0.001501
