0 0.747629 0.301886 0.026847 0.090671 0.006693
0 0.749981 0.304303 0.022126 0.095458 0.029312
0 0.008746 0.276822 0.017543 0.192655 0.001501
0 0.635154 0.310273 0.015094 0.067009 0.002473
0 0.644739 0.312377 0.014874 0.067716 0.001501
0 0.718856 0.296870 0.018509 0.052816 0.029312
0 0.725865 0.288545 0.017728 0.054997 0.002473
0 0.749948 0.307523 0.022164 0.101842 0.017986
0 0.750072 0.309008 0.022044 0.104657 0.029312
0 0.006413 0.306238 0.012876 0.144574 0.001501
0 0.538953 0.322836 0.018413 0.057572 0.001501
0 0.541542 0.321751 0.013885 0.055156 0.268941
0 0.622785 0.315676 0.011091 0.035350 0.006693
0 0.634196 0.317406 0.012654 0.047082 0.047426
0 0.638796 0.317889 0.012896 0.058351 0.010987
0 0.650605 0.325740 0.018234 0.083571 0.001501
0 0.718750 0.297045 0.018380 0.052910 0.017986
0 0.721561 0.295631 0.024071 0.064101 0.002473
0 0.749957 0.310904 0.022042 0.108499 0.006693
0 0.749323 0.310043 0.020658 0.106661 0.004070
0 0.538325 0.324199 0.017167 0.054949 0.001501
0 0.541544 0.320517 0.013901 0.057677 0.268941
0 0.623501 0.320447 0.011435 0.025857 0.006693
0 0.633500 0.319292 0.011320 0.041898 0.047426
0 0.639580 0.320346 0.011327 0.052289 0.010987
0 0.718705 0.302779 0.018635 0.064158 0.006693
0 0.749191 0.310913 0.023526 0.104888 0.004070
0 0.749987 0.309670 0.021995 0.105074 0.001501
0 0.539085 0.325504 0.018677 0.057522 0.002473
0 0.542212 0.322991 0.012541 0.052748 0.182426
0 0.635292 0.320598 0.012654 0.051628 0.010987
0 0.645982 0.328168 0.009041 0.080890 0.004070
0 0.749962 0.314075 0.025067 0.111185 0.010987
0 0.749231 0.313994 0.023509 0.111102 0.004070
0 0.649911 0.327998 0.016898 0.084752 0.004070
0 0.749189 0.318747 0.023517 0.126228 0.006693
0 0.750115 0.319426 0.024863 0.126898 0.006693
1 0.015672 0.277615 0.031438 0.204262 0.002473
1 0.015677 0.277873 0.031410 0.206896 0.001501
1 0.017127 0.273406 0.034244 0.190008 0.001501
1 0.634196 0.317406 0.012654 0.047082 0.002473
1 0.638796 0.317889 0.012896 0.058351 0.002473
1 0.003577 0.325533 0.010279 0.083609 0.001501
1 0.054811 0.338208 0.040463 0.051607 0.010987
1 0.054791 0.338143 0.040518 0.051732 0.010987
1 0.054715 0.337856 0.040838 0.051530 0.004070
1 0.602403 0.318251 0.020305 0.025174 0.119203
1 0.603705 0.319228 0.017674 0.023166 0.622459
1 0.623501 0.320447 0.011435 0.025857 0.047426
1 0.633500 0.319292 0.011320 0.041898 0.010987
1 0.639580 0.320346 0.011327 0.052289 0.004070
1 0.003505 0.350694 0.010084 0.037045 0.004070
1 0.018684 0.341159 0.033888 0.039443 0.002473
1 0.053359 0.336880 0.037619 0.053919 0.010987
1 0.055457 0.338575 0.039335 0.052072 0.010987
1 0.055365 0.339650 0.042501 0.049162 0.010987
1 0.652099 0.331857 0.020898 0.076212 0.002473
1 0.690442 0.352301 0.074131 0.118522 0.002473
1 0.004827 0.366044 0.009663 0.054434 0.004070
1 0.012451 0.362707 0.024729 0.040326 0.001501
1 0.690354 0.355763 0.074439 0.108363 0.001501
1 0.691639 0.354577 0.071623 0.114391 0.004070
1 0.003540 0.372876 0.010176 0.070372 0.004070
1 0.692377 0.358415 0.069654 0.106626 0.002473
2 0.013348 0.270891 0.026727 0.187188 0.004070
2 0.016314 0.268721 0.032651 0.194646 0.006693
2 0.015672 0.277615 0.031438 0.204262 0.017986
2 0.016956 0.273347 0.033907 0.197767 0.017986
2 0.015677 0.277873 0.031410 0.206896 0.006693
2 0.017127 0.273406 0.034244 0.190008 0.006693
3 0.013348 0.270891 0.026727 0.187188 0.002473
3 0.016314 0.268721 0.032651 0.194646 0.004070
3 0.015672 0.277615 0.031438 0.204262 0.017986
3 0.016956 0.273347 0.033907 0.197767 0.010987
3 0.015677 0.277873 0.031410 0.206896 0.006693
3 0.017127 0.273406 0.034244 0.190008 0.006693
3 0.014109 0.277322 0.028247 0.195353 0.002473
3 0.017873 0.273885 0.035736 0.188033 0.001501
3 0.141976 0.268699 0.106704 0.056035 0.001501
3 0.149685 0.277905 0.124700 0.076009 0.002473
3 0.150794 0.282731 0.137087 0.086916 0.010987
3 0.153494 0.285651 0.142836 0.092735 0.002473
3 0.686597 0.298314 0.086516 0.175419 0.029312
3 0.686046 0.299067 0.087704 0.174058 0.029312
3 0.686133 0.296732 0.087876 0.164419 0.047426
3 0.154298 0.292889 0.147364 0.106770 0.002473
3 0.155064 0.296595 0.149141 0.114316 0.004070
3 0.684827 0.302631 0.086395 0.168512 0.047426
3 0.686197 0.303350 0.087280 0.171873 0.029312
3 0.686360 0.297049 0.089039 0.175827 0.017986
3 0.685029 0.293286 0.087775 0.151760 0.075858
3 0.154241 0.300137 0.153522 0.117218 0.001501
3 0.686451 0.310230 0.089078 0.183733 0.075858
3 0.686380 0.312941 0.089220 0.182108 0.029312
3 0.686061 0.316729 0.085908 0.157133 0.017986
3 0.603705 0.319228 0.017674 0.023166 0.004070
3 0.623501 0.320447 0.011435 0.025857 0.001501
4 0.541544 0.320517 0.013901 0.057677 0.002473
4 0.542212 0.322991 0.012541 0.052748 0.010987
5 0.541542 0.321751 0.013885 0.055156 0.001501
5 0.541544 0.320517 0.013901 0.057677 0.004070
5 0.623501 0.320447 0.011435 0.025857 0.002473
5 0.633500 0.319292 0.011320 0.041898 0.004070
5 0.542212 0.322991 0.012541 0.052748 0.010987
