0 0.297499 0.266637 0.026625 0.075035 0.004070
0 0.300256 0.275401 0.031574 0.092681 0.029312
0 0.345108 0.275104 0.018568 0.078683 0.006693
0 0.298436 0.274989 0.027992 0.091761 0.006693
0 0.300154 0.284859 0.031321 0.111625 0.006693
0 0.746282 0.311926 0.025508 0.108437 0.001501
0 0.752542 0.315514 0.023087 0.118465 0.047426
0 0.300737 0.286492 0.029703 0.114765 0.001501
0 0.300853 0.306266 0.029873 0.154397 0.004070
0 0.707722 0.289125 0.015501 0.041870 0.075858
0 0.710484 0.290250 0.021167 0.049912 0.001501
0 0.735968 0.307054 0.022395 0.089658 0.006693
0 0.747572 0.319782 0.027848 0.120537 0.075858
0 0.750765 0.317343 0.023548 0.120892 0.268941
0 0.782740 0.290340 0.012645 0.039146 0.004070
0 0.300929 0.328893 0.030158 0.204784 0.001501
0 0.353511 0.326754 0.035197 0.185413 0.182426
0 0.354613 0.327629 0.034613 0.183402 0.182426
0 0.706961 0.289404 0.017020 0.047311 0.017986
0 0.709806 0.296688 0.023092 0.064558 0.001501
0 0.733590 0.311333 0.017420 0.086775 0.006693
0 0.750721 0.320550 0.023702 0.125469 0.268941
0 0.751434 0.320357 0.022197 0.125885 0.268941
0 0.780966 0.292287 0.016174 0.042705 0.004070
0 0.301384 0.334537 0.030895 0.211055 0.268941
0 0.301380 0.334627 0.030974 0.211457 0.500000
0 0.353810 0.326684 0.035728 0.185245 0.622459
0 0.353771 0.326702 0.035771 0.185251 0.731059
0 0.733018 0.319879 0.016118 0.086950 0.002473
0 0.750678 0.320570 0.023795 0.125192 0.268941
0 0.751424 0.320334 0.022191 0.125660 0.377541
0 0.301115 0.333165 0.033036 0.213874 0.622459
0 0.301666 0.331869 0.031480 0.211391 0.731059
0 0.353661 0.327817 0.035438 0.187462 0.500000
0 0.353616 0.326702 0.035385 0.185227 0.622459
0 0.733047 0.323894 0.019387 0.100317 0.002473
0 0.750687 0.320350 0.026817 0.122997 0.268941
0 0.751527 0.319660 0.025032 0.124375 0.377541
0 0.300623 0.331537 0.032144 0.217213 0.500000
0 0.300587 0.331556 0.032044 0.217121 0.622459
0 0.352459 0.325516 0.033053 0.187486 0.500000
0 0.353757 0.325537 0.032557 0.187452 0.622459
0 0.357286 0.325901 0.039735 0.180987 0.006693
0 0.736769 0.331526 0.024558 0.101555 0.002473
0 0.750763 0.320421 0.023679 0.122859 0.268941
0 0.751580 0.319907 0.024938 0.123717 0.377541
0 0.301220 0.334394 0.030778 0.211458 0.500000
0 0.300590 0.334366 0.032050 0.211428 0.731059
0 0.351219 0.327781 0.030518 0.183059 0.500000
0 0.351442 0.328850 0.030959 0.185360 0.731059
0 0.300889 0.334616 0.033005 0.210966 0.622459
0 0.300578 0.334355 0.032082 0.211451 0.731059
0 0.350099 0.325841 0.028299 0.186982 0.377541
0 0.350866 0.325760 0.029837 0.187143 0.622459
0 0.299316 0.335204 0.032806 0.209926 0.017986
0 0.299936 0.335857 0.033538 0.203448 0.017986
0 0.137751 0.411374 0.275646 0.799564 0.001170
1 0.485013 0.302832 0.033339 0.050516 0.001501
1 0.483451 0.318642 0.033623 0.085016 0.001501
1 0.557976 0.364529 0.187733 0.229145 0.924142
1 0.558588 0.363278 0.189007 0.226596 0.924142
1 0.558657 0.363267 0.188867 0.226566 0.924142
1 0.687362 0.345974 0.066531 0.071867 0.002473
1 0.686555 0.342383 0.064580 0.075894 0.001501
1 0.558578 0.363284 0.189031 0.226624 0.880797
1 0.559050 0.364576 0.189997 0.229183 0.952574
1 0.559071 0.363286 0.189944 0.226634 0.952574
1 0.558601 0.364577 0.186082 0.224105 0.970688
1 0.685127 0.351411 0.068520 0.062265 0.029312
1 0.686799 0.349329 0.064671 0.063014 0.010987
1 0.686292 0.347715 0.065013 0.061543 0.006693
1 0.687468 0.346222 0.062640 0.057974 0.004070
1 0.558579 0.361998 0.189018 0.229185 0.924142
1 0.559738 0.362031 0.188620 0.229214 0.952574
1 0.557080 0.363285 0.189026 0.226668 0.970688
1 0.684080 0.354894 0.071102 0.074134 0.017986
1 0.685737 0.349342 0.066789 0.062593 0.006693
1 0.686749 0.348776 0.065875 0.058729 0.006693
1 0.687648 0.346986 0.063443 0.057026 0.010987
1 0.693753 0.347496 0.053486 0.062426 0.006693
1 0.685063 0.358975 0.070600 0.085671 0.002473
1 0.136712 0.408711 0.273944 0.802154 0.622459
1 0.137751 0.411374 0.275646 0.799564 0.622459
1 0.136590 0.414321 0.279461 0.796376 0.562177
1 0.137245 0.413145 0.274754 0.764338 0.268941
1 0.137596 0.407706 0.275468 0.776041 0.731059
1 0.136840 0.407263 0.273793 0.781380 0.731059
1 0.135426 0.409551 0.274009 0.772581 0.679179
1 0.137335 0.407409 0.278067 0.772228 0.004070
1 0.138345 0.407637 0.273650 0.779927 0.622459
1 0.136796 0.400171 0.273621 0.795629 0.679179
1 0.136833 0.401335 0.273585 0.792723 0.562177
2 0.136712 0.408711 0.273944 0.802154 0.005220
2 0.137751 0.411374 0.275646 0.799564 0.005220
2 0.136590 0.414321 0.279461 0.796376 0.004070
2 0.137245 0.413145 0.274754 0.764338 0.002473
2 0.137596 0.407706 0.275468 0.776041 0.004070
2 0.136840 0.407263 0.273793 0.781380 0.005220
2 0.135426 0.409551 0.274009 0.772581 0.004070
2 0.138345 0.407637 0.273650 0.779927 0.004070
2 0.136796 0.400171 0.273621 0.795629 0.002473
2 0.136833 0.401335 0.273585 0.792723 0.002473
3 0.136712 0.408711 0.273944 0.802154 0.017986
3 0.137751 0.411374 0.275646 0.799564 0.017986
3 0.136590 0.414321 0.279461 0.796376 0.008577
3 0.137245 0.413145 0.274754 0.764338 0.005220
3 0.137596 0.407706 0.275468 0.776041 0.010987
3 0.136840 0.407263 0.273793 0.781380 0.014064
3 0.135426 0.409551 0.274009 0.772581 0.006693
3 0.138345 0.407637 0.273650 0.779927 0.005220
3 0.136796 0.400171 0.273621 0.795629 0.004070
3 0.136833 0.401335 0.273585 0.792723 0.004070
4 0.657684 0.365471 0.022623 0.086793 0.002473
4 0.658486 0.367179 0.021373 0.080687 0.004070
4 0.662112 0.359592 0.029798 0.096995 0.001501
5 0.136712 0.408711 0.273944 0.802154 0.001170
5 0.137751 0.411374 0.275646 0.799564 0.001927
5 0.136590 0.414321 0.279461 0.796376 0.001170
