0 0.632561 0.290364 0.018285 0.064909 0.182426
0 0.634917 0.291044 0.022862 0.073201 0.010987
0 0.669284 0.300366 0.020135 0.101385 0.006693
0 0.669530 0.298607 0.028500 0.111317 0.002473
0 0.714875 0.283758 0.015105 0.055670 0.001501
0 0.630100 0.294907 0.027924 0.060397 0.002473
0 0.631265 0.292220 0.018429 0.065000 0.268941
0 0.634285 0.294551 0.022509 0.067379 0.017986
0 0.655392 0.299882 0.014283 0.055570 0.002473
0 0.668320 0.303024 0.022112 0.106967 0.006693
0 0.712475 0.287933 0.017067 0.039432 0.075858
0 0.714467 0.289076 0.015377 0.041718 0.182426
0 0.628870 0.303447 0.033379 0.064740 0.001501
0 0.631818 0.292758 0.019485 0.065935 0.182426
0 0.634563 0.297647 0.023007 0.075065 0.010987
0 0.655356 0.302824 0.014328 0.050389 0.002473
0 0.665832 0.304799 0.027515 0.111677 0.002473
0 0.667975 0.308387 0.031749 0.126503 0.001501
0 0.712474 0.289090 0.019268 0.041771 0.047426
0 0.714177 0.289038 0.015899 0.041882 0.119203
0 0.722187 0.288624 0.033570 0.043491 0.001501
0 0.632361 0.297710 0.020619 0.077664 0.029312
0 0.635081 0.302945 0.027368 0.087441 0.006693
0 0.654803 0.304477 0.015775 0.065471 0.001501
0 0.665157 0.306180 0.029998 0.119527 0.001501
0 0.715594 0.302272 0.019695 0.068526 0.001501
0 0.629090 0.325337 0.039384 0.134710 0.004070
0 0.639585 0.326963 0.049940 0.137350 0.004070
0 0.630532 0.324096 0.060375 0.138054 0.001501
0 0.666049 0.318027 0.036150 0.145128 0.001501
0 0.134070 0.354007 0.059975 0.310367 0.622459
0 0.133513 0.353448 0.061059 0.309223 0.731059
0 0.133289 0.353519 0.058425 0.311315 0.731059
0 0.007469 0.353410 0.014945 0.344256 0.001501
0 0.133263 0.353235 0.058506 0.310619 0.731059
0 0.132713 0.353491 0.059577 0.311154 0.731059
0 0.132695 0.352545 0.059583 0.312009 0.817575
0 0.008185 0.360957 0.016382 0.341157 0.001501
0 0.133252 0.354079 0.058516 0.310360 0.731059
0 0.131949 0.353884 0.058048 0.310754 0.731059
0 0.132696 0.352973 0.059581 0.311311 0.817575
0 0.982062 0.405571 0.035943 0.380150 0.001501
0 0.007115 0.367925 0.017315 0.322255 0.001501
0 0.132047 0.355151 0.060926 0.309585 0.029312
0 0.132706 0.356342 0.059598 0.308469 0.817575
0 0.132699 0.355392 0.059627 0.312228 0.182426
0 0.980403 0.413001 0.039342 0.366963 0.004070
0 0.007295 0.397713 0.014619 0.262262 0.001501
0 0.978741 0.420619 0.042667 0.349310 0.001501
0 0.007184 0.427846 0.014401 0.200457 0.001501
1 0.628896 0.333156 0.058294 0.126095 0.001501
1 0.641869 0.335776 0.060696 0.120855 0.002473
1 0.449568 0.418238 0.324193 0.393289 0.924142
1 0.450924 0.418333 0.323150 0.393781 0.924142
1 0.450944 0.417440 0.323169 0.391690 0.939913
1 0.451594 0.418448 0.322544 0.393438 0.939913
1 0.450089 0.416822 0.325218 0.392714 0.939913
1 0.451047 0.417835 0.323399 0.394811 0.952574
1 0.451181 0.418605 0.323609 0.393234 0.939913
1 0.452326 0.418468 0.321565 0.389656 0.952574
1 0.450768 0.420150 0.323850 0.390371 0.924142
1 0.451853 0.420887 0.322560 0.388837 0.939913
1 0.452877 0.421035 0.320871 0.388489 0.880797
3 0.980658 0.426771 0.038705 0.336784 0.001501
3 0.966836 0.431496 0.066724 0.327488 0.002473
3 0.980520 0.423435 0.039002 0.352051 0.006693
3 0.984936 0.407730 0.030239 0.379797 0.004070
3 0.980885 0.428720 0.035232 0.345114 0.001501
3 0.983735 0.411653 0.032597 0.375409 0.002473
3 0.982062 0.405571 0.035943 0.380150 0.001501
