1 0.433421 0.320112 0.044927 0.047296 0.880797
1 0.433200 0.318977 0.044475 0.049555 0.880797
1 0.433161 0.318860 0.044453 0.049313 0.880797
1 0.495288 0.316919 0.023554 0.032839 0.182426
1 0.495607 0.316909 0.024282 0.032833 0.268941
1 0.432969 0.318677 0.044023 0.048953 0.817575
1 0.433173 0.318692 0.044420 0.048921 0.817575
1 0.432915 0.318798 0.043967 0.049180 0.880797
1 0.440744 0.318819 0.035705 0.035675 0.002473
1 0.468728 0.316296 0.015676 0.020871 0.268941
1 0.495292 0.316237 0.023549 0.029122 0.731059
1 0.496153 0.315924 0.023181 0.029746 0.500000
1 0.433226 0.320433 0.044537 0.047895 0.075858
1 0.432928 0.320619 0.043931 0.048259 0.119203
1 0.432208 0.319310 0.045274 0.050135 0.182426
