0 0.729113 0.149383 0.034456 0.130494 0.001501
0 0.737365 0.145668 0.036130 0.120670 0.001501
0 0.724973 0.175817 0.025403 0.108638 0.075858
0 0.725967 0.178345 0.023331 0.112201 0.029312
0 0.737420 0.156700 0.037079 0.152488 0.001501
0 0.714241 0.176915 0.026619 0.065867 0.001501
0 0.722916 0.188487 0.020943 0.092692 0.119203
0 0.725819 0.181372 0.023626 0.102636 0.119203
0 0.738844 0.202412 0.028926 0.123991 0.010987
0 0.707123 0.194920 0.020372 0.048549 0.002473
0 0.723513 0.190379 0.019071 0.090122 0.119203
0 0.724981 0.188435 0.022170 0.093449 0.119203
0 0.739833 0.208407 0.023703 0.101305 0.119203
0 0.540715 0.244532 0.022289 0.105964 0.001501
0 0.709114 0.200195 0.027651 0.056541 0.001501
0 0.723510 0.189114 0.019072 0.085898 0.182426
0 0.725319 0.190259 0.022651 0.092077 0.047426
0 0.739100 0.223218 0.025075 0.132802 0.017986
0 0.490299 0.248154 0.011487 0.062109 0.004070
0 0.536570 0.248760 0.017402 0.067857 0.004070
0 0.539544 0.255587 0.015163 0.081936 0.119203
0 0.574801 0.224440 0.018894 0.033072 0.001501
0 0.579027 0.225342 0.013892 0.028971 0.017986
0 0.707235 0.200581 0.023432 0.063744 0.002473
0 0.723443 0.190382 0.018959 0.084192 0.182426
0 0.734182 0.218480 0.031083 0.139863 0.017986
0 0.738259 0.245671 0.026760 0.176686 0.029312
0 0.483470 0.251757 0.017032 0.045509 0.004070
0 0.489923 0.253155 0.010647 0.053208 0.377541
0 0.505558 0.245629 0.008185 0.023398 0.010987
0 0.515994 0.255059 0.010117 0.046765 0.377541
0 0.528093 0.254458 0.009419 0.050788 0.047426
0 0.538750 0.259591 0.014585 0.077810 0.377541
0 0.577316 0.230323 0.014620 0.038181 0.010987
0 0.729398 0.203205 0.030996 0.114851 0.006693
0 0.735660 0.256151 0.028971 0.214684 0.029312
0 0.736555 0.259257 0.026999 0.206426 0.029312
0 0.485456 0.252334 0.015194 0.051571 0.006693
0 0.490317 0.253584 0.011433 0.054156 0.500000
0 0.516764 0.256565 0.008543 0.045224 0.377541
0 0.527818 0.255146 0.008814 0.052520 0.075858
0 0.538535 0.258313 0.013437 0.076784 0.500000
0 0.563890 0.262308 0.014337 0.041830 0.002473
0 0.733098 0.255573 0.039370 0.219369 0.001501
0 0.733924 0.265475 0.035591 0.228415 0.047426
0 0.736213 0.264753 0.034117 0.220406 0.119203
0 0.484887 0.254812 0.016784 0.057978 0.004070
0 0.490312 0.253464 0.011461 0.058753 0.017986
0 0.517318 0.257766 0.009726 0.051967 0.047426
0 0.537042 0.261127 0.016154 0.074846 0.075858
0 0.538819 0.259666 0.014440 0.077361 0.377541
0 0.732797 0.269206 0.043600 0.234988 0.119203
0 0.733803 0.269570 0.042281 0.231822 0.047426
0 0.732575 0.268895 0.049309 0.237864 0.017986
0 0.732782 0.270036 0.048209 0.231346 0.500000
0 0.732802 0.270624 0.048060 0.236972 0.622459
0 0.732727 0.267236 0.049666 0.239805 0.500000
0 0.732964 0.269155 0.050096 0.233850 0.500000
0 0.733068 0.268442 0.048689 0.237204 0.622459
0 0.792457 0.252722 0.065189 0.317961 0.731059
0 0.791700 0.252787 0.063458 0.318075 0.622459
0 0.791884 0.254574 0.063078 0.318825 0.817575
0 0.733188 0.268002 0.050092 0.237091 0.377541
0 0.733181 0.269965 0.050055 0.232944 0.268941
0 0.733151 0.268523 0.050383 0.233898 0.377541
0 0.789347 0.253992 0.065412 0.315655 0.268941
0 0.791450 0.253523 0.064071 0.316508 0.622459
0 0.791018 0.253715 0.062149 0.316156 0.731059
0 0.791741 0.252661 0.063302 0.314657 0.731059
0 0.733187 0.273520 0.050050 0.224002 0.047426
0 0.732396 0.274898 0.050475 0.221162 0.119203
0 0.791043 0.254361 0.064928 0.315470 0.622459
0 0.790820 0.256396 0.065210 0.315882 0.731059
0 0.791541 0.255260 0.063792 0.313502 0.880797
0 0.140299 0.369267 0.138361 0.373017 0.002473
0 0.121319 0.370548 0.094323 0.518377 0.029312
0 0.120544 0.372872 0.091948 0.501590 0.017986
0 0.127723 0.374427 0.106927 0.497893 0.010987
0 0.137450 0.311806 0.129008 0.618046 0.005220
0 0.120963 0.314703 0.093502 0.620452 0.320821
0 0.128742 0.315599 0.107961 0.618317 0.500000
0 0.143321 0.315552 0.139110 0.616803 0.037327
0 0.148858 0.308697 0.134365 0.597772 0.006693
0 0.117806 0.320343 0.086310 0.614872 0.437824
0 0.120099 0.317248 0.090327 0.615592 0.500000
0 0.140496 0.314595 0.130892 0.614582 0.095349
0 0.148073 0.312879 0.136152 0.595488 0.017986
0 0.116980 0.322028 0.084547 0.606210 0.377541
0 0.117640 0.317590 0.085304 0.609762 0.437824
0 0.136873 0.314135 0.123246 0.606574 0.075858
0 0.149097 0.316606 0.139164 0.597062 0.006693
0 0.116949 0.312398 0.084899 0.620304 0.320821
0 0.117160 0.311576 0.084278 0.626938 0.437824
0 0.136103 0.308036 0.118601 0.634251 0.001501
0 0.116589 0.320404 0.087637 0.610300 0.008577
0 0.117961 0.319599 0.085674 0.611030 0.017986
1 0.505558 0.245629 0.008185 0.023398 0.002473
