0 0.129652 0.264115 0.015966 0.056771 0.004070
0 0.146814 0.263094 0.038880 0.058904 0.001501
0 0.124754 0.270586 0.021734 0.042093 0.002473
0 0.132769 0.273619 0.012692 0.047686 0.047426
0 0.144513 0.274440 0.021771 0.044218 0.010987
0 0.147235 0.276354 0.025275 0.049430 0.010987
0 0.119587 0.275224 0.017373 0.038972 0.001501
0 0.134141 0.278197 0.012619 0.046512 0.029312
0 0.144684 0.283310 0.022020 0.039073 0.029312
0 0.145488 0.284519 0.026176 0.045545 0.017986
0 0.005527 0.323941 0.011113 0.184435 0.006693
0 0.038666 0.315285 0.019677 0.057828 0.001501
0 0.041546 0.315632 0.013933 0.053358 0.075858
0 0.050103 0.310696 0.019162 0.054088 0.001501
0 0.134265 0.283734 0.012795 0.055898 0.010987
0 0.144177 0.288638 0.024317 0.052011 0.010987
0 0.145365 0.290607 0.028677 0.055969 0.006693
0 0.469646 0.299085 0.017790 0.032808 0.002473
0 0.501082 0.345371 0.019305 0.094478 0.017986
0 0.501321 0.345939 0.019382 0.099639 0.029312
0 0.519347 0.322905 0.008267 0.046678 0.001501
0 0.557493 0.346002 0.018151 0.092920 0.004070
0 0.628847 0.319478 0.014266 0.039804 0.006693
0 0.985847 0.359815 0.021968 0.133067 0.006693
0 0.990752 0.361177 0.015469 0.136637 0.006693
0 0.004059 0.340741 0.011201 0.156243 0.029312
0 0.038664 0.314251 0.019659 0.055668 0.001501
0 0.041538 0.315379 0.013893 0.053134 0.047426
0 0.049725 0.315437 0.022737 0.057400 0.001501
0 0.141902 0.303920 0.024166 0.085093 0.002473
0 0.418369 0.328759 0.042749 0.068032 0.002473
0 0.486906 0.323833 0.018075 0.037309 0.002473
0 0.501212 0.349354 0.019497 0.087774 0.500000
0 0.501639 0.348711 0.018682 0.089126 0.622459
0 0.517531 0.326375 0.007004 0.033036 0.119203
0 0.544968 0.331936 0.007006 0.044027 0.377541
0 0.558640 0.348222 0.017424 0.081297 0.622459
0 0.571649 0.347477 0.012588 0.060451 0.182426
0 0.580398 0.346987 0.011193 0.055786 0.006693
0 0.627304 0.319237 0.014628 0.035739 0.006693
0 0.736823 0.345723 0.031244 0.064796 0.001501
0 0.752689 0.342733 0.033860 0.057198 0.004070
0 0.759569 0.341523 0.017188 0.053218 0.002473
0 0.767954 0.336427 0.014761 0.043004 0.004070
0 0.775532 0.333302 0.020959 0.042444 0.004070
0 0.986594 0.363839 0.023463 0.135489 0.017986
0 0.991826 0.366488 0.016392 0.132585 0.010987
0 0.004819 0.348064 0.009646 0.138451 0.047426
0 0.042203 0.319241 0.012563 0.060681 0.010987
0 0.414994 0.332593 0.038177 0.061653 0.001501
0 0.422612 0.331335 0.051557 0.066642 0.001501
0 0.426317 0.328067 0.056533 0.072011 0.002473
0 0.500522 0.350669 0.018130 0.090297 0.377541
0 0.501277 0.350358 0.019471 0.090908 0.731059
0 0.518070 0.328835 0.008096 0.042971 0.017986
0 0.546500 0.333512 0.010072 0.042350 0.119203
0 0.557851 0.349381 0.018929 0.087462 0.817575
0 0.570980 0.345451 0.011197 0.053901 0.377541
0 0.581231 0.348224 0.012855 0.053932 0.010987
0 0.624880 0.328230 0.022359 0.055461 0.001501
0 0.728022 0.354118 0.038154 0.042883 0.001501
0 0.732841 0.352870 0.025907 0.044563 0.010987
0 0.742595 0.351171 0.043290 0.047685 0.006693
0 0.748757 0.345492 0.048636 0.049087 0.002473
0 0.765793 0.341801 0.019070 0.041191 0.004070
0 0.776328 0.341144 0.025682 0.034824 0.004070
0 0.987441 0.364484 0.022031 0.116947 0.010987
0 0.992536 0.368266 0.014949 0.105405 0.017986
0 0.004272 0.353049 0.008549 0.133600 0.119203
0 0.038032 0.333426 0.018291 0.096206 0.002473
0 0.501199 0.351576 0.019505 0.088500 0.500000
0 0.501263 0.350753 0.019440 0.090165 0.731059
0 0.516094 0.345947 0.012095 0.079653 0.002473
0 0.551657 0.348594 0.018807 0.078299 0.006693
0 0.557243 0.348331 0.020322 0.085317 0.817575
0 0.571509 0.347498 0.010138 0.055186 0.268941
0 0.580269 0.348453 0.014704 0.053283 0.010987
0 0.727682 0.354183 0.034859 0.047614 0.001501
0 0.732577 0.352966 0.028252 0.049788 0.006693
0 0.736926 0.352933 0.033239 0.045721 0.010987
0 0.747719 0.357204 0.050421 0.060416 0.001501
0 0.987458 0.373257 0.021981 0.121520 0.029312
0 0.988836 0.373943 0.022348 0.112883 0.029312
0 0.004272 0.355783 0.008550 0.127112 0.119203
0 0.500666 0.349316 0.020578 0.087956 0.377541
0 0.501260 0.350579 0.019445 0.090532 0.622459
0 0.554465 0.349210 0.024440 0.088506 0.006693
0 0.557894 0.351501 0.018907 0.088702 0.731059
0 0.561697 0.350791 0.023756 0.077411 0.004070
0 0.905329 0.380588 0.028369 0.065115 0.004070
0 0.912531 0.379770 0.019489 0.053464 0.002473
0 0.986703 0.370889 0.023516 0.118300 0.029312
0 0.988283 0.375663 0.023449 0.124069 0.047426
0 0.004268 0.363341 0.008549 0.107116 0.075858
0 0.902514 0.383859 0.030155 0.072225 0.001501
0 0.988242 0.383979 0.023509 0.135055 0.029312
0 0.987517 0.384698 0.024975 0.150444 0.047426
0 0.987447 0.384433 0.021870 0.173852 0.029312
0 0.986775 0.384527 0.023402 0.178929 0.047426
0 0.987440 0.383496 0.021885 0.176785 0.017986
0 0.986789 0.382405 0.023383 0.189479 0.029312
0 0.986683 0.387732 0.023449 0.176833 0.004070
0 0.992404 0.382048 0.012181 0.208808 0.004070
1 0.076589 0.267553 0.031456 0.021975 0.001501
1 0.083664 0.269763 0.023843 0.021876 0.002473
1 0.096537 0.271699 0.046799 0.025797 0.001501
1 0.088948 0.272662 0.031123 0.022207 0.006693
1 0.095622 0.273651 0.044704 0.022884 0.004070
1 0.097664 0.276799 0.049349 0.030110 0.001501
1 0.606776 0.331367 0.062193 0.053465 0.001501
1 0.581231 0.348224 0.012855 0.053932 0.004070
1 0.987441 0.364484 0.022031 0.116947 0.001501
1 0.992536 0.368266 0.014949 0.105405 0.002473
1 0.004272 0.353049 0.008549 0.133600 0.001501
1 0.580269 0.348453 0.014704 0.053283 0.004070
1 0.987458 0.373257 0.021981 0.121520 0.004070
1 0.988836 0.373943 0.022348 0.112883 0.004070
1 0.004272 0.355783 0.008550 0.127112 0.004070
1 0.986703 0.370889 0.023516 0.118300 0.004070
1 0.988283 0.375663 0.023449 0.124069 0.006693
1 0.004268 0.363341 0.008549 0.107116 0.004070
1 0.988242 0.383979 0.023509 0.135055 0.001501
1 0.987517 0.384698 0.024975 0.150444 0.006693
2 0.039738 0.245323 0.034075 0.042508 0.001501
2 0.097664 0.276799 0.049349 0.030110 0.001501
3 0.083664 0.269763 0.023843 0.021876 0.001501
3 0.096537 0.271699 0.046799 0.025797 0.001501
3 0.095622 0.273651 0.044704 0.022884 0.002473
3 0.097664 0.276799 0.049349 0.030110 0.001501
3 0.704414 0.320878 0.101186 0.108273 0.001501
4 0.987441 0.364484 0.022031 0.116947 0.001501
4 0.992536 0.368266 0.014949 0.105405 0.001501
4 0.987458 0.373257 0.021981 0.121520 0.002473
4 0.988836 0.373943 0.022348 0.112883 0.001501
4 0.986703 0.370889 0.023516 0.118300 0.001501
4 0.988283 0.375663 0.023449 0.124069 0.001501
5 0.004059 0.340741 0.011201 0.156243 0.004070
5 0.986594 0.363839 0.023463 0.135489 0.006693
5 0.991826 0.366488 0.016392 0.132585 0.004070
5 0.004819 0.348064 0.009646 0.138451 0.002473
5 0.581231 0.348224 0.012855 0.053932 0.002473
5 0.987441 0.364484 0.022031 0.116947 0.029312
5 0.992536 0.368266 0.014949 0.105405 0.017986
5 0.004272 0.353049 0.008549 0.133600 0.004070
5 0.571509 0.347498 0.010138 0.055186 0.001501
5 0.580269 0.348453 0.014704 0.053283 0.004070
5 0.987458 0.373257 0.021981 0.121520 0.029312
5 0.988836 0.373943 0.022348 0.112883 0.017986
5 0.004272 0.355783 0.008550 0.127112 0.002473
5 0.986703 0.370889 0.023516 0.118300 0.006693
5 0.988283 0.375663 0.023449 0.124069 0.010987
5 0.004268 0.363341 0.008549 0.107116 0.004070
5 0.988242 0.383979 0.023509 0.135055 0.001501
5 0.987517 0.384698 0.024975 0.150444 0.004070
