0 0.033658 0.318583 0.028838 0.116860 0.001501
0 0.104544 0.293486 0.019086 0.050924 0.004070
0 0.035867 0.329105 0.035734 0.133445 0.002473
0 0.039390 0.323506 0.034799 0.116447 0.002473
0 0.104775 0.300695 0.021410 0.039687 0.001501
0 0.232796 0.310031 0.015650 0.042041 0.004070
0 0.408269 0.319469 0.008605 0.050694 0.006693
0 0.419491 0.322950 0.011047 0.072703 0.029312
0 0.435316 0.329658 0.021863 0.063144 0.001501
0 0.038511 0.334657 0.047699 0.146524 0.002473
0 0.050803 0.338558 0.066666 0.149606 0.001501
0 0.105471 0.307549 0.020176 0.056351 0.001501
0 0.233701 0.314628 0.017660 0.051420 0.001501
0 0.407716 0.324435 0.009753 0.048667 0.002473
0 0.417932 0.323788 0.011127 0.074764 0.047426
0 0.493647 0.341505 0.019251 0.053154 0.004070
0 0.055336 0.345592 0.080670 0.166421 0.001501
0 0.232199 0.324799 0.017776 0.068013 0.002473
0 0.411339 0.329505 0.016997 0.059614 0.002473
0 0.418731 0.323553 0.012599 0.074778 0.029312
0 0.494566 0.344741 0.017405 0.047005 0.006693
0 0.682863 0.352796 0.006221 0.044338 0.017986
0 0.066718 0.353102 0.099899 0.186367 0.006693
0 0.494446 0.348238 0.017058 0.043938 0.001501
0 0.682865 0.352728 0.006222 0.044856 0.017986
0 0.067031 0.355788 0.100047 0.186561 0.010987
0 0.065912 0.353478 0.099590 0.186064 0.002473
0 0.682709 0.357781 0.009924 0.064082 0.001501
0 0.064796 0.354140 0.098987 0.180651 0.001501
1 0.758473 0.280125 0.137927 0.069655 0.001501
1 0.764893 0.280176 0.147361 0.075901 0.002473
1 0.104775 0.300695 0.021410 0.039687 0.001501
1 0.160105 0.325994 0.029851 0.051131 0.001501
1 0.160497 0.324324 0.029113 0.049778 0.002473
1 0.324592 0.315874 0.136688 0.141540 0.047426
1 0.324029 0.316373 0.136727 0.142625 0.075858
1 0.324023 0.316374 0.137827 0.142623 0.119203
1 0.158905 0.328416 0.032276 0.042146 0.002473
1 0.160087 0.326003 0.029805 0.043071 0.731059
1 0.160486 0.326925 0.029074 0.044871 0.817575
1 0.239173 0.322572 0.018737 0.027411 0.001501
1 0.324590 0.316399 0.136688 0.142579 0.029312
1 0.324029 0.315989 0.136727 0.141751 0.075858
1 0.324023 0.316017 0.137829 0.141807 0.075858
1 0.323512 0.315947 0.137948 0.141956 0.119203
1 0.159067 0.327397 0.031863 0.044227 0.004070
1 0.160485 0.327522 0.029017 0.043715 0.731059
1 0.161034 0.326616 0.027950 0.041918 0.817575
1 0.324431 0.316446 0.136372 0.142761 0.047426
1 0.324070 0.316420 0.137907 0.142704 0.047426
1 0.323791 0.316448 0.137379 0.142760 0.119203
1 0.713394 0.342051 0.054918 0.107515 0.001501
1 0.711148 0.351313 0.050473 0.089036 0.001501
1 0.704975 0.351072 0.035058 0.089850 0.001501
1 0.710180 0.353748 0.045345 0.084356 0.004070
1 0.710992 0.359087 0.047185 0.073605 0.001501
2 0.104775 0.300695 0.021410 0.039687 0.002473
2 0.324592 0.315874 0.136688 0.141540 0.004070
2 0.324029 0.316373 0.136727 0.142625 0.004070
2 0.324023 0.316374 0.137827 0.142623 0.002473
2 0.743824 0.317987 0.112816 0.156111 0.001501
2 0.324590 0.316399 0.136688 0.142579 0.004070
2 0.324029 0.315989 0.136727 0.141751 0.010987
2 0.324023 0.316017 0.137829 0.141807 0.004070
2 0.323512 0.315947 0.137948 0.141956 0.002473
2 0.324431 0.316446 0.136372 0.142761 0.004070
2 0.324070 0.316420 0.137907 0.142704 0.002473
3 0.758473 0.280125 0.137927 0.069655 0.001501
3 0.764893 0.280176 0.147361 0.075901 0.001501
3 0.717495 0.327598 0.060599 0.121410 0.001501
3 0.745964 0.314079 0.117193 0.145905 0.004070
3 0.752263 0.314065 0.133213 0.147282 0.002473
3 0.751852 0.314407 0.128960 0.148268 0.002473
3 0.756906 0.310000 0.135764 0.140793 0.002473
3 0.104775 0.300695 0.021410 0.039687 0.001501
3 0.324592 0.315874 0.136688 0.141540 0.731059
3 0.324029 0.316373 0.136727 0.142625 0.500000
3 0.324023 0.316374 0.137827 0.142623 0.622459
3 0.594980 0.324175 0.131894 0.148443 0.880797
3 0.593838 0.324155 0.129346 0.148485 0.817575
3 0.655430 0.316708 0.028986 0.045166 0.001501
3 0.658616 0.322801 0.030804 0.052986 0.001501
3 0.695866 0.342145 0.020915 0.106036 0.001501
3 0.714922 0.332082 0.058085 0.128029 0.029312
3 0.726554 0.325644 0.083958 0.145676 0.047426
3 0.743824 0.317987 0.112816 0.156111 0.047426
3 0.749153 0.319088 0.126769 0.159766 0.010987
3 0.753398 0.316651 0.132185 0.159754 0.010987
3 0.757001 0.317955 0.135952 0.155918 0.006693
3 0.763672 0.316422 0.149619 0.143979 0.001501
3 0.324590 0.316399 0.136688 0.142579 0.622459
3 0.324029 0.315989 0.136727 0.141751 0.268941
3 0.324023 0.316017 0.137829 0.141807 0.377541
3 0.323512 0.315947 0.137948 0.141956 0.377541
3 0.439256 0.333403 0.029023 0.055284 0.004070
3 0.446681 0.333714 0.043606 0.054437 0.001501
3 0.596180 0.322910 0.132775 0.151036 0.817575
3 0.594982 0.321642 0.131897 0.148419 0.817575
3 0.594344 0.322900 0.130507 0.151013 0.880797
3 0.593764 0.322900 0.134367 0.151056 0.880797
3 0.704076 0.345217 0.033337 0.101126 0.010987
3 0.713384 0.339124 0.054907 0.113362 0.075858
3 0.717119 0.329680 0.062375 0.132332 0.075858
3 0.738001 0.320816 0.101105 0.150211 0.029312
3 0.747363 0.320659 0.119960 0.157055 0.010987
3 0.754401 0.326829 0.134191 0.187263 0.004070
3 0.324431 0.316446 0.136372 0.142761 0.731059
3 0.324070 0.316420 0.137907 0.142704 0.622459
3 0.323791 0.316448 0.137379 0.142760 0.500000
3 0.437815 0.333515 0.025893 0.054751 0.002473
3 0.439518 0.335187 0.029177 0.051400 0.001501
3 0.594984 0.322883 0.131987 0.151065 0.880797
3 0.594312 0.325313 0.130557 0.150714 0.817575
3 0.593080 0.325290 0.132999 0.150749 0.817575
3 0.593055 0.325288 0.133103 0.150822 0.880797
3 0.708656 0.347298 0.042619 0.097427 0.017986
3 0.712467 0.346184 0.053039 0.104455 0.047426
3 0.713394 0.342051 0.054918 0.107515 0.047426
3 0.720600 0.326816 0.069357 0.137994 0.017986
3 0.741170 0.320335 0.107760 0.151905 0.002473
3 0.706320 0.348339 0.040918 0.095014 0.006693
3 0.710829 0.348383 0.046646 0.094956 0.010987
3 0.711148 0.351313 0.050473 0.089036 0.010987
3 0.713674 0.349468 0.055515 0.092794 0.002473
3 0.704975 0.351072 0.035058 0.089850 0.001501
3 0.710180 0.353748 0.045345 0.084356 0.004070
3 0.710992 0.359087 0.047185 0.073605 0.002473
3 0.844706 0.286093 0.313575 0.560848 0.119203
3 0.843947 0.286234 0.312139 0.566646 0.880797
3 0.845875 0.287317 0.314640 0.569124 0.904651
3 0.846024 0.291847 0.308333 0.578386 0.880797
3 0.844898 0.287895 0.313384 0.562124 0.851953
3 0.844155 0.285634 0.311707 0.565165 0.851953
3 0.846094 0.283998 0.314114 0.567354 0.851953
3 0.845330 0.286666 0.309563 0.573318 0.851953
3 0.843737 0.285450 0.309493 0.570082 0.851953
3 0.846283 0.284373 0.313736 0.568503 0.851953
3 0.846891 0.286798 0.306467 0.573516 0.679179
4 0.063618 0.341973 0.091615 0.165118 0.001501
4 0.482083 0.342433 0.039608 0.048352 0.002473
4 0.494566 0.344741 0.017405 0.047005 0.002473
4 0.068005 0.354269 0.100442 0.183740 0.010987
4 0.066718 0.353102 0.099899 0.186367 0.377541
4 0.066802 0.353197 0.099791 0.187271 0.377541
4 0.064582 0.350167 0.102093 0.186287 0.377541
4 0.484179 0.344638 0.035346 0.047666 0.004070
4 0.494446 0.348238 0.017058 0.043938 0.010987
4 0.067031 0.355788 0.100047 0.186561 0.182426
4 0.065912 0.353478 0.099590 0.186064 0.182426
4 0.065592 0.353001 0.100017 0.181037 0.377541
4 0.063726 0.353790 0.105978 0.177726 0.377541
4 0.064796 0.354140 0.098987 0.180651 0.119203
4 0.065461 0.352994 0.102705 0.172955 0.268941
4 0.062492 0.353312 0.106520 0.169292 0.182426
5 0.065581 0.346380 0.094621 0.176950 0.001501
5 0.066718 0.353102 0.099899 0.186367 0.010987
5 0.066802 0.353197 0.099791 0.187271 0.004070
5 0.064582 0.350167 0.102093 0.186287 0.002473
5 0.494446 0.348238 0.017058 0.043938 0.002473
5 0.498102 0.346491 0.020931 0.047830 0.001501
5 0.067031 0.355788 0.100047 0.186561 0.006693
5 0.065912 0.353478 0.099590 0.186064 0.004070
5 0.065592 0.353001 0.100017 0.181037 0.002473
5 0.063726 0.353790 0.105978 0.177726 0.001501
5 0.064796 0.354140 0.098987 0.180651 0.006693
5 0.065461 0.352994 0.102705 0.172955 0.004070
