0 0.502076 0.336531 0.035039 0.122287 0.075858
0 0.503424 0.331688 0.034977 0.138016 0.377541
0 0.580434 0.316244 0.011170 0.060978 0.004070
0 0.260096 0.347692 0.010688 0.054555 0.119203
0 0.266718 0.338994 0.008678 0.053273 0.001501
0 0.395374 0.331765 0.006237 0.025338 0.006693
0 0.503244 0.334403 0.037434 0.136671 0.268941
0 0.502737 0.332326 0.038679 0.140904 0.731059
0 0.544982 0.327257 0.007086 0.042763 0.001501
0 0.554858 0.322311 0.013240 0.041848 0.002473
0 0.566674 0.326631 0.016074 0.038849 0.002473
0 0.580287 0.323059 0.011397 0.048112 0.006693
0 0.260083 0.348762 0.010684 0.052515 0.377541
0 0.394972 0.333458 0.007008 0.028234 0.004070
0 0.502225 0.333413 0.037567 0.141485 0.817575
0 0.502201 0.330543 0.037611 0.144493 0.731059
0 0.502128 0.333024 0.037860 0.139566 0.075858
0 0.581073 0.330855 0.012920 0.048526 0.002473
0 0.042312 0.375943 0.009647 0.039296 0.004070
0 0.259397 0.348474 0.009325 0.053098 0.268941
0 0.502157 0.332776 0.037717 0.139845 0.731059
0 0.502157 0.332364 0.037693 0.140450 0.731059
0 0.502183 0.332613 0.037726 0.136518 0.817575
0 0.581248 0.340679 0.012661 0.059509 0.001501
0 0.041441 0.387208 0.011421 0.039734 0.001501
0 0.502279 0.330052 0.039540 0.147953 0.500000
0 0.501797 0.329878 0.038379 0.145452 0.731059
0 0.501786 0.334896 0.038517 0.137951 0.119203
1 0.406897 0.328653 0.015540 0.014720 0.004070
1 0.419562 0.326236 0.011289 0.014412 0.001501
1 0.436739 0.329775 0.026585 0.029524 0.731059
1 0.435988 0.328499 0.025060 0.032073 0.817575
1 0.633172 0.326431 0.019744 0.023098 0.001501
1 0.435989 0.328597 0.025074 0.032328 0.500000
1 0.436742 0.328413 0.026600 0.031942 0.500000
1 0.442047 0.330633 0.035666 0.031525 0.002473
1 0.630690 0.338723 0.023976 0.042068 0.001501
2 0.584891 0.304474 0.045194 0.045026 0.001501
2 0.443867 0.327797 0.040019 0.030988 0.001501
2 0.463570 0.327755 0.026515 0.021112 0.004070
2 0.004854 0.361898 0.009740 0.063203 0.001501
3 0.435988 0.328499 0.025060 0.032073 0.001501
3 0.436742 0.328413 0.026600 0.031942 0.001501
5 0.260083 0.348762 0.010684 0.052515 0.001501
5 0.259397 0.348474 0.009325 0.053098 0.004070
5 0.041230 0.395910 0.014661 0.038533 0.002473
