0 0.118764 0.325231 0.009498 0.057658 0.006693
0 0.117983 0.326623 0.011062 0.055203 0.010987
0 0.155040 0.316266 0.007110 0.034818 0.001501
0 0.172639 0.328514 0.010844 0.043242 0.002473
0 0.117288 0.327026 0.009664 0.054385 0.006693
0 0.172902 0.329541 0.012898 0.049877 0.004070
1 0.403579 0.333814 0.029578 0.026901 0.004070
1 0.405067 0.332892 0.031511 0.024969 0.006693
1 0.409449 0.330091 0.028189 0.022054 0.017986
1 0.459570 0.319163 0.009638 0.023293 0.001501
1 0.470215 0.320355 0.012672 0.020885 0.075858
1 0.482711 0.321777 0.009687 0.013555 0.002473
1 0.520207 0.321637 0.015437 0.023434 0.377541
1 0.534270 0.324201 0.010623 0.018363 0.006693
1 0.541478 0.328646 0.011271 0.022683 0.182426
1 0.645971 0.342244 0.086154 0.075398 0.924142
1 0.646519 0.343785 0.085099 0.075890 0.880797
1 0.645984 0.344433 0.086174 0.077160 0.880797
1 0.699674 0.328985 0.048152 0.033922 0.004070
1 0.375186 0.333492 0.040918 0.036624 0.001501
1 0.401902 0.333565 0.031209 0.028059 0.001501
1 0.403952 0.334154 0.029947 0.026880 0.006693
1 0.405558 0.333584 0.036086 0.025900 0.010987
1 0.574529 0.324050 0.057063 0.069980 0.002473
1 0.645208 0.343135 0.084632 0.077245 0.817575
1 0.645750 0.343180 0.083534 0.077332 0.880797
1 0.646654 0.343842 0.087496 0.076022 0.924142
1 0.646516 0.343775 0.085053 0.075955 0.924142
1 0.979545 0.377244 0.041153 0.089051 0.001501
1 0.985223 0.380153 0.029658 0.122789 0.001501
1 0.645211 0.343779 0.084608 0.075869 0.817575
1 0.645760 0.343782 0.083532 0.075865 0.880797
1 0.646512 0.343786 0.085063 0.075870 0.924142
1 0.847845 0.399645 0.233273 0.206208 0.880797
1 0.848342 0.399199 0.234900 0.201761 0.880797
1 0.981384 0.383998 0.037378 0.095151 0.004070
1 0.990769 0.395686 0.018506 0.115629 0.010987
1 0.848022 0.399174 0.232860 0.201722 0.924142
1 0.847601 0.399149 0.233455 0.201694 0.924142
1 0.848394 0.399830 0.234283 0.200382 0.924142
1 0.847759 0.399185 0.233078 0.201701 0.924142
1 0.978358 0.378133 0.044255 0.073419 0.001501
1 0.987893 0.398894 0.024411 0.099221 0.029312
1 0.990534 0.406329 0.018965 0.110239 0.029312
1 0.848497 0.399185 0.232704 0.201630 0.970688
1 0.848057 0.396997 0.232922 0.200955 0.924142
1 0.848532 0.398260 0.233842 0.203481 0.952574
1 0.847705 0.395903 0.232994 0.203145 0.952574
1 0.988905 0.410050 0.022296 0.097271 0.017986
1 0.990149 0.411864 0.019721 0.108127 0.017986
1 0.989460 0.415493 0.021116 0.121765 0.010987
1 0.991092 0.415136 0.017837 0.126112 0.010987
1 0.988807 0.418758 0.022388 0.140435 0.004070
1 0.993333 0.415812 0.013350 0.150657 0.010987
1 0.992711 0.423578 0.011531 0.187528 0.006693
1 0.994369 0.430425 0.011309 0.255009 0.001501
2 0.470215 0.320355 0.012672 0.020885 0.004070
2 0.520207 0.321637 0.015437 0.023434 0.017986
2 0.975727 0.362151 0.050535 0.146303 0.001501
2 0.971673 0.370310 0.057297 0.080222 0.006693
2 0.979545 0.377244 0.041153 0.089051 0.006693
2 0.985223 0.380153 0.029658 0.122789 0.006693
2 0.952201 0.366970 0.100251 0.082119 0.001501
2 0.975487 0.375065 0.049892 0.087200 0.017986
2 0.981384 0.383998 0.037378 0.095151 0.006693
2 0.990769 0.395686 0.018506 0.115629 0.006693
2 0.978358 0.378133 0.044255 0.073419 0.006693
2 0.987893 0.398894 0.024411 0.099221 0.006693
2 0.990534 0.406329 0.018965 0.110239 0.004070
2 0.988905 0.410050 0.022296 0.097271 0.002473
2 0.990149 0.411864 0.019721 0.108127 0.001501
2 0.989460 0.415493 0.021116 0.121765 0.001501
3 0.574532 0.324950 0.057110 0.071768 0.817575
3 0.574597 0.324934 0.057229 0.071731 0.817575
3 0.574508 0.324048 0.057115 0.069905 0.817575
3 0.470215 0.320355 0.012672 0.020885 0.006693
3 0.520207 0.321637 0.015437 0.023434 0.119203
3 0.541478 0.328646 0.011271 0.022683 0.004070
3 0.574101 0.324027 0.057785 0.069973 0.817575
3 0.574534 0.324032 0.057068 0.069926 0.817575
3 0.574522 0.324016 0.057079 0.069957 0.880797
3 0.575034 0.322872 0.055992 0.067752 0.880797
3 0.574529 0.324050 0.057063 0.069980 0.817575
3 0.574592 0.324046 0.057177 0.069919 0.731059
3 0.574512 0.324041 0.057123 0.069910 0.817575
3 0.990769 0.395686 0.018506 0.115629 0.002473
3 0.987893 0.398894 0.024411 0.099221 0.001501
3 0.990534 0.406329 0.018965 0.110239 0.001501
4 0.987893 0.398894 0.024411 0.099221 0.002473
4 0.990534 0.406329 0.018965 0.110239 0.006693
4 0.988905 0.410050 0.022296 0.097271 0.006693
4 0.990149 0.411864 0.019721 0.108127 0.017986
4 0.989460 0.415493 0.021116 0.121765 0.010987
4 0.991092 0.415136 0.017837 0.126112 0.017986
4 0.988807 0.418758 0.022388 0.140435 0.006693
4 0.993333 0.415812 0.013350 0.150657 0.010987
4 0.987260 0.426255 0.022480 0.185252 0.002473
4 0.992711 0.423578 0.011531 0.187528 0.004070
5 0.117983 0.326623 0.011062 0.055203 0.004070
5 0.713287 0.352938 0.034344 0.075969 0.006693
5 0.720488 0.358949 0.038405 0.083504 0.377541
5 0.722173 0.358987 0.041795 0.083739 0.002473
5 0.117288 0.327026 0.009664 0.054385 0.002473
5 0.701028 0.344640 0.048375 0.059613 0.001501
5 0.720029 0.360594 0.040201 0.086533 0.622459
5 0.721008 0.360641 0.039146 0.086356 0.622459
5 0.721557 0.358955 0.043265 0.087262 0.731059
5 0.708923 0.358109 0.044595 0.085335 0.002473
5 0.719037 0.359120 0.041269 0.083158 0.622459
5 0.720603 0.358946 0.041309 0.087049 0.731059
5 0.721954 0.358961 0.043979 0.087085 0.731059
5 0.724142 0.359729 0.049206 0.082506 0.075858
5 0.720502 0.359086 0.041271 0.083187 0.731059
5 0.720614 0.359916 0.041373 0.085110 0.622459
5 0.721120 0.360924 0.045526 0.083121 0.731059
5 0.723899 0.361634 0.049758 0.082182 0.001501
5 0.987893 0.398894 0.024411 0.099221 0.001501
5 0.990534 0.406329 0.018965 0.110239 0.002473
5 0.990149 0.411864 0.019721 0.108127 0.001501
5 0.989460 0.415493 0.021116 0.121765 0.001501
5 0.991092 0.415136 0.017837 0.126112 0.001501
5 0.988807 0.418758 0.022388 0.140435 0.001501
5 0.993333 0.415812 0.013350 0.150657 0.001501
