0 0.306290 0.300358 0.015788 0.085047 0.002473
0 0.713966 0.313296 0.025134 0.111241 0.010987
0 0.306268 0.303484 0.012559 0.079349 0.268941
0 0.706330 0.324014 0.015758 0.101952 0.377541
0 0.243753 0.324475 0.009469 0.052454 0.047426
0 0.307015 0.301970 0.011008 0.079377 0.268941
0 0.318760 0.312289 0.009671 0.042194 0.002473
0 0.334291 0.308750 0.010720 0.029206 0.004070
0 0.343025 0.308332 0.008203 0.038529 0.075858
0 0.418220 0.306548 0.005674 0.029871 0.029312
0 0.706265 0.327148 0.015651 0.095855 0.622459
0 0.728289 0.339762 0.032313 0.107700 0.001501
0 0.729375 0.341130 0.034062 0.115817 0.010987
0 0.205012 0.327619 0.007092 0.041313 0.001501
0 0.243753 0.325228 0.009462 0.053042 0.047426
0 0.307782 0.301811 0.012523 0.076797 0.268941
0 0.318764 0.316804 0.009596 0.038370 0.004070
0 0.334163 0.313976 0.010602 0.034344 0.002473
0 0.344974 0.311216 0.007028 0.044544 0.119203
0 0.418753 0.308043 0.006740 0.032940 0.010987
0 0.705586 0.327333 0.017060 0.095360 0.622459
0 0.728859 0.341469 0.035964 0.114086 0.001501
0 0.729637 0.343493 0.034641 0.114461 0.004070
0 0.243749 0.329382 0.009478 0.061467 0.029312
0 0.307765 0.303838 0.012560 0.081881 0.002473
0 0.705595 0.327939 0.017135 0.099271 0.622459
0 0.729660 0.341479 0.034689 0.114203 0.001501
0 0.730425 0.340035 0.033061 0.111814 0.002473
0 0.972180 0.353143 0.011456 0.039908 0.001501
0 0.243003 0.333206 0.011122 0.067912 0.006693
0 0.703202 0.327049 0.021914 0.101658 0.004070
0 0.706868 0.326842 0.017215 0.101556 0.622459
0 0.729624 0.342079 0.037584 0.117285 0.002473
0 0.729686 0.341285 0.034691 0.114311 0.001501
0 0.970932 0.358786 0.013978 0.051007 0.001501
0 0.728877 0.341655 0.036242 0.118190 0.004070
0 0.729687 0.342028 0.034597 0.112907 0.004070
1 0.729375 0.341130 0.034062 0.115817 0.017986
1 0.737052 0.327187 0.026089 0.076452 0.004070
1 0.764241 0.339797 0.040554 0.091260 0.880797
1 0.763618 0.341227 0.039755 0.089564 0.817575
1 0.139791 0.340179 0.026401 0.037785 0.001501
1 0.729637 0.343493 0.034641 0.114461 0.004070
1 0.730287 0.338058 0.039458 0.093006 0.029312
1 0.763579 0.341138 0.039671 0.089336 0.731059
1 0.763504 0.341135 0.039973 0.089322 0.817575
1 0.764186 0.341688 0.040882 0.090463 0.622459
1 0.044332 0.348903 0.028096 0.036295 0.500000
1 0.044679 0.350839 0.027607 0.035050 0.731059
1 0.052940 0.348874 0.019893 0.036227 0.075858
1 0.071227 0.349545 0.032556 0.037568 0.817575
1 0.071235 0.348433 0.032560 0.035344 0.731059
1 0.100000 0.347071 0.025049 0.027511 0.731059
1 0.101540 0.347080 0.025023 0.027550 0.731059
1 0.121685 0.345025 0.015427 0.023429 0.377541
1 0.140449 0.343758 0.025135 0.030580 0.731059
1 0.140432 0.343753 0.025077 0.034147 0.731059
1 0.141965 0.342793 0.030630 0.032772 0.002473
1 0.730317 0.340431 0.036359 0.102947 0.029312
1 0.764125 0.340952 0.040759 0.088941 0.731059
1 0.764147 0.340954 0.040798 0.088934 0.817575
1 0.764297 0.341260 0.040643 0.089503 0.622459
1 0.004886 0.359990 0.009838 0.021077 0.002473
1 0.044162 0.350838 0.027742 0.035146 0.268941
1 0.044486 0.350841 0.027935 0.035113 0.731059
1 0.065714 0.349561 0.034424 0.037824 0.075858
1 0.071188 0.348900 0.032635 0.036366 0.817575
1 0.070838 0.348441 0.033347 0.035478 0.817575
1 0.731196 0.340894 0.037931 0.104198 0.001501
1 0.764094 0.340964 0.040719 0.088928 0.817575
1 0.764130 0.340962 0.040769 0.088921 0.817575
1 0.764371 0.341328 0.040550 0.089576 0.010987
1 0.830438 0.377470 0.135925 0.161859 0.924142
1 0.829229 0.377587 0.133443 0.166662 0.880797
1 0.830550 0.377600 0.133001 0.166687 0.924142
1 0.764777 0.343249 0.041428 0.089368 0.075858
1 0.764229 0.343254 0.040229 0.089404 0.182426
1 0.830490 0.378726 0.136001 0.164490 0.880797
1 0.830442 0.377436 0.135903 0.161901 0.880797
1 0.829214 0.377438 0.133429 0.161941 0.924142
1 0.830536 0.378735 0.132971 0.164495 0.880797
1 0.830416 0.377545 0.135863 0.166879 0.924142
1 0.829173 0.377533 0.133383 0.166855 0.924142
1 0.830029 0.377523 0.131928 0.166998 0.924142
2 0.880261 0.320930 0.181754 0.072220 0.002473
2 0.872950 0.324905 0.182120 0.078298 0.002473
2 0.873533 0.327637 0.195241 0.088307 0.001501
2 0.273747 0.988161 0.114709 0.023845 0.002473
2 0.285206 0.991688 0.133843 0.016789 0.001501
3 0.729375 0.341130 0.034062 0.115817 0.001501
3 0.880261 0.320930 0.181754 0.072220 0.001501
3 0.044486 0.350841 0.027935 0.035113 0.001501
4 0.728859 0.341469 0.035964 0.114086 0.001501
5 0.706265 0.327148 0.015651 0.095855 0.002473
5 0.728289 0.339762 0.032313 0.107700 0.047426
5 0.729375 0.341130 0.034062 0.115817 0.268941
5 0.728859 0.341469 0.035964 0.114086 0.500000
5 0.729637 0.343493 0.034641 0.114461 0.731059
5 0.730287 0.338058 0.039458 0.093006 0.017986
5 0.729660 0.341479 0.034689 0.114203 0.731059
5 0.730425 0.340035 0.033061 0.111814 0.731059
5 0.730317 0.340431 0.036359 0.102947 0.029312
5 0.729624 0.342079 0.037584 0.117285 0.731059
5 0.729686 0.341285 0.034691 0.114311 0.731059
5 0.731196 0.340894 0.037931 0.104198 0.017986
5 0.728877 0.341655 0.036242 0.118190 0.622459
5 0.729687 0.342028 0.034597 0.112907 0.731059
5 0.731425 0.343688 0.034355 0.104689 0.182426
