0 0.397180 0.315815 0.008767 0.035222 0.017986
0 0.429633 0.313515 0.006259 0.034409 0.001501
0 0.491736 0.312210 0.008608 0.031572 0.017986
0 0.548099 0.313635 0.009891 0.051525 0.004070
0 0.123603 0.343413 0.014299 0.074332 0.001501
0 0.125670 0.346889 0.015850 0.071140 0.002473
0 0.206269 0.337038 0.009488 0.049264 0.001501
0 0.397856 0.317610 0.010129 0.031523 0.017986
0 0.430716 0.315079 0.005672 0.031527 0.001501
0 0.493056 0.313963 0.008162 0.034349 0.010987
0 0.548605 0.314705 0.010907 0.052904 0.002473
0 0.550836 0.316691 0.012036 0.045264 0.002473
0 0.123030 0.346887 0.013141 0.070104 0.001501
0 0.126123 0.347418 0.014906 0.069586 0.001501
0 0.207032 0.338796 0.011030 0.047435 0.001501
0 0.550428 0.317817 0.013582 0.059808 0.001501
0 0.596026 0.325089 0.024092 0.049425 0.001501
0 0.002838 0.367489 0.008742 0.107383 0.001501
1 0.566192 0.304965 0.035904 0.027145 0.002473
1 0.572877 0.304622 0.023704 0.020901 0.006693
1 0.577460 0.305764 0.020488 0.023180 0.004070
1 0.522624 0.316939 0.020473 0.023658 0.001501
2 0.566192 0.304965 0.035904 0.027145 0.004070
2 0.572877 0.304622 0.023704 0.020901 0.004070
2 0.577460 0.305764 0.020488 0.023180 0.002473
2 0.591416 0.304590 0.041037 0.026366 0.001501
3 0.572877 0.304622 0.023704 0.020901 0.002473
3 0.577460 0.305764 0.020488 0.023180 0.004070
3 0.591416 0.304590 0.041037 0.026366 0.010987
3 0.592394 0.307278 0.045120 0.031797 0.002473
5 0.476545 0.317474 0.025116 0.077747 0.004070
5 0.475850 0.316904 0.023464 0.079343 0.004070
5 0.475774 0.325422 0.023499 0.062649 0.622459
5 0.477229 0.324152 0.023664 0.065135 0.731059
5 0.491736 0.312210 0.008608 0.031572 0.001501
5 0.475765 0.324187 0.023489 0.065104 0.731059
5 0.475805 0.324178 0.023484 0.065106 0.731059
5 0.493056 0.313963 0.008162 0.034349 0.002473
5 0.520272 0.317920 0.018716 0.021321 0.002473
5 0.475755 0.325487 0.023466 0.062488 0.731059
5 0.476550 0.325461 0.025018 0.062527 0.731059
