0 0.004833 0.288179 0.012791 0.131301 0.001501
0 0.006320 0.298978 0.012660 0.114257 0.029312
0 0.264064 0.307798 0.022200 0.103047 0.004070
0 0.005523 0.302082 0.014130 0.117476 0.075858
0 0.260827 0.313611 0.015896 0.075977 0.377541
0 0.262141 0.314785 0.016292 0.078561 0.182426
0 0.005516 0.313750 0.011051 0.097426 0.075858
0 0.010882 0.319261 0.020455 0.060904 0.004070
0 0.261480 0.315901 0.015036 0.076548 0.622459
0 0.262142 0.316894 0.016221 0.074582 0.377541
0 0.297160 0.314945 0.011636 0.057542 0.001501
0 0.321897 0.317182 0.009306 0.041452 0.002473
0 0.005578 0.316375 0.011183 0.090272 0.075858
0 0.010180 0.326197 0.020364 0.068387 0.004070
0 0.262049 0.316649 0.014589 0.075069 0.500000
0 0.262610 0.317236 0.015278 0.073904 0.377541
0 0.302432 0.326649 0.010680 0.035558 0.001501
0 0.322576 0.319868 0.010690 0.038862 0.004070
0 0.005533 0.321859 0.011078 0.078833 0.075858
0 0.010169 0.330236 0.020246 0.067818 0.004070
0 0.262047 0.315989 0.014589 0.076394 0.500000
0 0.262540 0.317597 0.015408 0.078322 0.377541
0 0.570188 0.330313 0.015748 0.030136 0.002473
0 0.004861 0.337489 0.012796 0.060628 0.002473
1 0.006320 0.298978 0.012660 0.114257 0.002473
1 0.005523 0.302082 0.014130 0.117476 0.002473
1 0.005516 0.313750 0.011051 0.097426 0.002473
1 0.010882 0.319261 0.020455 0.060904 0.001501
1 0.828149 0.313974 0.068693 0.045024 0.002473
1 0.010180 0.326197 0.020364 0.068387 0.001501
1 0.430224 0.322775 0.024911 0.016209 0.002473
1 0.470996 0.320378 0.013985 0.020904 0.268941
1 0.477537 0.321611 0.014245 0.018528 0.017986
1 0.528490 0.324053 0.010156 0.013513 0.017986
1 0.542986 0.327518 0.014128 0.016822 0.500000
1 0.560701 0.328680 0.018411 0.027285 0.731059
1 0.561986 0.329427 0.020347 0.028799 0.268941
1 0.578632 0.332039 0.021940 0.034159 0.002473
1 0.601131 0.337015 0.035265 0.043973 0.880797
1 0.601139 0.334613 0.035248 0.044246 0.817575
1 0.601438 0.336694 0.037639 0.048440 0.182426
1 0.643738 0.340425 0.056690 0.069197 0.817575
1 0.643056 0.340418 0.058026 0.069174 0.817575
1 0.643744 0.341686 0.059417 0.071727 0.880797
1 0.005533 0.321859 0.011078 0.078833 0.001501
1 0.561138 0.328429 0.019230 0.031915 0.004070
1 0.570188 0.330313 0.015748 0.030136 0.075858
1 0.576728 0.334814 0.026137 0.033806 0.002473
1 0.600953 0.337022 0.034886 0.043976 0.817575
1 0.601142 0.337029 0.035253 0.043952 0.817575
1 0.601845 0.336670 0.036876 0.048542 0.182426
1 0.644280 0.340404 0.055602 0.069219 0.817575
1 0.643725 0.340421 0.056666 0.069184 0.817575
1 0.643748 0.339743 0.056701 0.070525 0.880797
1 0.644328 0.340334 0.055632 0.069360 0.817575
1 0.740224 0.354189 0.138649 0.130172 0.880797
1 0.739692 0.356568 0.137583 0.129867 0.880797
1 0.738613 0.356571 0.137014 0.129862 0.924142
1 0.643736 0.341681 0.059343 0.071797 0.817575
1 0.643733 0.340418 0.056652 0.069184 0.817575
1 0.644432 0.340404 0.058067 0.069215 0.880797
1 0.740272 0.356586 0.138641 0.129904 0.817575
1 0.739305 0.355308 0.138394 0.132398 0.880797
1 0.738612 0.356581 0.137015 0.129842 0.924142
1 0.739301 0.356577 0.136796 0.129861 0.924142
1 0.912537 0.415778 0.175064 0.231147 0.731059
1 0.912537 0.417723 0.175058 0.230099 0.817575
1 0.740223 0.356596 0.138642 0.129868 0.924142
1 0.739254 0.356582 0.138461 0.129862 0.952574
1 0.738542 0.356757 0.137050 0.125088 0.970688
1 0.913275 0.413050 0.176563 0.223209 0.817575
1 0.911769 0.416313 0.173435 0.221663 0.880797
1 0.912481 0.415211 0.175041 0.222724 0.880797
1 0.912472 0.415824 0.175108 0.226375 0.880797
1 0.912498 0.413583 0.175058 0.220913 0.880797
1 0.912515 0.415459 0.174973 0.220997 0.880797
1 0.912480 0.413486 0.175041 0.220379 0.952574
1 0.912494 0.414547 0.175039 0.222539 0.924142
2 0.004833 0.288179 0.012791 0.131301 0.001501
2 0.470996 0.320378 0.013985 0.020904 0.017986
2 0.477537 0.321611 0.014245 0.018528 0.006693
3 0.004833 0.288179 0.012791 0.131301 0.001501
3 0.006320 0.298978 0.012660 0.114257 0.001501
3 0.470996 0.320378 0.013985 0.020904 0.075858
3 0.477537 0.321611 0.014245 0.018528 0.002473
3 0.560701 0.328680 0.018411 0.027285 0.004070
3 0.561986 0.329427 0.020347 0.028799 0.004070
4 0.005533 0.321859 0.011078 0.078833 0.002473
4 0.010169 0.330236 0.020246 0.067818 0.002473
5 0.006320 0.298978 0.012660 0.114257 0.004070
5 0.005523 0.302082 0.014130 0.117476 0.002473
5 0.010180 0.326197 0.020364 0.068387 0.001501
5 0.561986 0.329427 0.020347 0.028799 0.001501
5 0.005533 0.321859 0.011078 0.078833 0.002473
5 0.010169 0.330236 0.020246 0.067818 0.001501
5 0.561138 0.328429 0.019230 0.031915 0.002473
5 0.570188 0.330313 0.015748 0.030136 0.029312
