0 0.006369 0.288202 0.012910 0.136019 0.001501
0 0.006279 0.303576 0.012569 0.103681 0.182426
0 0.006256 0.305344 0.012545 0.111732 0.268941
0 0.005486 0.306735 0.011027 0.109558 0.268941
0 0.012245 0.314467 0.021002 0.065445 0.001501
0 0.544549 0.326225 0.014155 0.056292 0.029312
0 0.580646 0.320878 0.011832 0.045621 0.001501
0 0.005496 0.308259 0.011010 0.109850 0.268941
0 0.010724 0.319347 0.021279 0.070569 0.001501
0 0.542217 0.330628 0.012596 0.041957 0.119203
0 0.581271 0.330799 0.006818 0.031724 0.010987
0 0.004812 0.308383 0.009637 0.106223 0.268941
0 0.010223 0.317046 0.020098 0.091054 0.004070
0 0.542218 0.331836 0.012537 0.044799 0.268941
0 0.583281 0.333507 0.008673 0.031805 0.002473
0 0.004822 0.315501 0.009655 0.104653 0.017986
1 0.006369 0.288202 0.012910 0.136019 0.004070
1 0.006279 0.303576 0.012569 0.103681 0.017986
1 0.006256 0.305344 0.012545 0.111732 0.004070
1 0.012245 0.314467 0.021002 0.065445 0.004070
1 0.308401 0.332773 0.172979 0.181725 0.817575
1 0.308548 0.333395 0.173126 0.180480 0.817575
1 0.308387 0.332513 0.173021 0.178533 0.924142
1 0.830694 0.311220 0.072993 0.045164 0.001501
1 0.010724 0.319347 0.021279 0.070569 0.004070
1 0.308871 0.333821 0.173937 0.183796 0.880797
1 0.308281 0.333364 0.172570 0.180246 0.880797
1 0.308567 0.334013 0.173079 0.181426 0.924142
1 0.308245 0.334028 0.172465 0.181558 0.924142
1 0.402929 0.312444 0.036936 0.041951 0.004070
1 0.403656 0.312497 0.038273 0.041764 0.002473
1 0.480478 0.321621 0.011044 0.018377 0.119203
1 0.504825 0.320223 0.009747 0.010382 0.006693
1 0.529038 0.324062 0.011309 0.013532 0.119203
1 0.542217 0.330628 0.012596 0.041957 0.017986
1 0.563253 0.327443 0.026601 0.029935 0.731059
1 0.564058 0.327406 0.025007 0.029832 0.731059
1 0.581271 0.330799 0.006818 0.031724 0.004070
1 0.600960 0.337014 0.034899 0.043974 0.817575
1 0.601319 0.335890 0.035607 0.041693 0.817575
1 0.601859 0.335768 0.036794 0.046577 0.119203
1 0.643741 0.341706 0.056654 0.071758 0.817575
1 0.643734 0.340418 0.056678 0.069174 0.880797
1 0.643067 0.340411 0.058064 0.069178 0.817575
1 0.308278 0.333382 0.172574 0.180262 0.880797
1 0.308274 0.334900 0.172685 0.179680 0.952574
1 0.308074 0.334902 0.172266 0.179676 0.952574
1 0.564012 0.329690 0.025093 0.029433 0.006693
1 0.564053 0.329687 0.025001 0.029395 0.006693
1 0.583281 0.333507 0.008673 0.031805 0.004070
1 0.601131 0.337017 0.035265 0.043987 0.880797
1 0.601318 0.335899 0.035625 0.041692 0.817575
1 0.601848 0.337025 0.036860 0.044029 0.268941
1 0.643740 0.340408 0.056684 0.069226 0.880797
1 0.643725 0.341036 0.056666 0.073049 0.880797
1 0.644435 0.339743 0.058075 0.070525 0.880797
1 0.643781 0.340334 0.056711 0.069359 0.880797
1 0.739699 0.355460 0.137599 0.127633 0.880797
1 0.739692 0.355434 0.137583 0.127600 0.880797
1 0.738967 0.354172 0.136306 0.130134 0.924142
1 0.738822 0.354175 0.137594 0.130156 0.075858
1 0.643732 0.341285 0.056645 0.067480 0.817575
1 0.643032 0.341678 0.057987 0.071770 0.880797
1 0.643765 0.340404 0.056734 0.069215 0.880797
1 0.740265 0.356585 0.138628 0.129906 0.817575
1 0.738910 0.355302 0.137603 0.132386 0.880797
1 0.738434 0.356583 0.136657 0.129848 0.924142
1 0.738970 0.356569 0.136304 0.129877 0.924142
1 0.912522 0.416865 0.175089 0.231819 0.622459
1 0.911714 0.418799 0.176700 0.233672 0.731059
1 0.740201 0.355451 0.138599 0.127627 0.731059
1 0.738858 0.355450 0.137671 0.127598 0.924142
1 0.738542 0.356740 0.137050 0.125055 0.952574
1 0.911750 0.416072 0.176596 0.227781 0.817575
1 0.912516 0.416993 0.174974 0.224103 0.817575
1 0.911706 0.417882 0.173540 0.224974 0.880797
1 0.910933 0.416814 0.175100 0.229020 0.817575
1 0.912499 0.413876 0.175056 0.226456 0.880797
1 0.910993 0.416880 0.174987 0.219347 0.880797
1 0.912468 0.416474 0.175065 0.222643 0.924142
1 0.912461 0.416891 0.175108 0.221792 0.924142
2 0.006369 0.288202 0.012910 0.136019 0.001501
2 0.403705 0.311198 0.035927 0.039166 0.075858
2 0.403805 0.311208 0.038646 0.039143 0.075858
2 0.406385 0.311180 0.041109 0.044283 0.119203
2 0.443487 0.308864 0.034367 0.034775 0.047426
2 0.446708 0.308407 0.031651 0.033580 0.182426
2 0.449887 0.308354 0.025292 0.033433 0.119203
2 0.402929 0.312444 0.036936 0.041951 0.075858
2 0.403656 0.312497 0.038273 0.041764 0.119203
2 0.406536 0.312437 0.041334 0.041943 0.047426
2 0.440916 0.310299 0.034119 0.036708 0.017986
2 0.444517 0.309137 0.033196 0.035242 0.119203
2 0.449040 0.308486 0.027000 0.033875 0.119203
2 0.480478 0.321621 0.011044 0.018377 0.006693
2 0.504825 0.320223 0.009747 0.010382 0.001501
3 0.006369 0.288202 0.012910 0.136019 0.001501
3 0.006279 0.303576 0.012569 0.103681 0.002473
3 0.403705 0.311198 0.035927 0.039166 0.004070
3 0.403805 0.311208 0.038646 0.039143 0.004070
3 0.402929 0.312444 0.036936 0.041951 0.010987
3 0.403656 0.312497 0.038273 0.041764 0.006693
3 0.406536 0.312437 0.041334 0.041943 0.002473
3 0.480478 0.321621 0.011044 0.018377 0.004070
3 0.529038 0.324062 0.011309 0.013532 0.004070
4 0.542218 0.331836 0.012537 0.044799 0.004070
5 0.006279 0.303576 0.012569 0.103681 0.004070
5 0.542217 0.330628 0.012596 0.041957 0.500000
5 0.542218 0.331836 0.012537 0.044799 0.182426
