0 0.007792 0.297212 0.018670 0.106135 0.006693
0 0.008828 0.302237 0.017687 0.115919 0.010987
0 0.007980 0.306486 0.015995 0.113332 0.017986
0 0.013520 0.316737 0.013462 0.051789 0.006693
0 0.319429 0.315186 0.008140 0.042316 0.001501
0 0.328588 0.311129 0.007230 0.025747 0.001501
0 0.394596 0.312449 0.011220 0.041649 0.010987
0 0.581537 0.319501 0.013402 0.051676 0.001501
0 0.896112 0.307307 0.017870 0.027071 0.001501
0 0.008426 0.314571 0.016881 0.098991 0.017986
0 0.011294 0.326187 0.017972 0.066861 0.004070
0 0.328581 0.314376 0.007261 0.024894 0.001501
0 0.367813 0.315165 0.004918 0.026935 0.001501
0 0.392531 0.318767 0.007014 0.029216 0.017986
0 0.581343 0.332172 0.009735 0.030218 0.004070
0 0.007758 0.343017 0.015529 0.039524 0.010987
0 0.009934 0.331645 0.019646 0.065007 0.001501
1 0.007925 0.283525 0.015882 0.116154 0.002473
1 0.007792 0.297212 0.018670 0.106135 0.010987
1 0.011919 0.289502 0.020843 0.085288 0.004070
1 0.008828 0.302237 0.017687 0.115919 0.004070
1 0.010584 0.295141 0.021109 0.096846 0.002473
1 0.007980 0.306486 0.015995 0.113332 0.002473
1 0.013520 0.316737 0.013462 0.051789 0.001501
1 0.008426 0.314571 0.016881 0.098991 0.004070
1 0.405109 0.321336 0.019116 0.024268 0.006693
1 0.431446 0.324048 0.022120 0.013601 0.001501
1 0.473813 0.320509 0.013126 0.016066 0.010987
1 0.476585 0.321642 0.013905 0.018329 0.017986
1 0.494437 0.320869 0.008170 0.011742 0.001501
1 0.528490 0.324052 0.010155 0.013515 0.029312
1 0.542307 0.326612 0.015495 0.018612 0.622459
1 0.564042 0.329811 0.025051 0.025023 0.731059
1 0.564723 0.328684 0.023652 0.027277 0.817575
1 0.600961 0.337014 0.034900 0.043976 0.817575
1 0.601675 0.334613 0.034182 0.044246 0.817575
1 0.601586 0.337071 0.036247 0.044073 0.182426
1 0.643739 0.340425 0.056688 0.069196 0.817575
1 0.643728 0.340417 0.056665 0.069178 0.817575
1 0.643074 0.341688 0.058057 0.071731 0.817575
1 0.007758 0.343017 0.015529 0.039524 0.001501
1 0.563291 0.330707 0.023530 0.026891 0.004070
1 0.563368 0.329595 0.026458 0.029142 0.006693
1 0.582763 0.333506 0.009861 0.031804 0.002473
1 0.600954 0.337017 0.034887 0.043986 0.817575
1 0.601859 0.337032 0.034543 0.043981 0.880797
1 0.601851 0.335738 0.036864 0.046680 0.268941
1 0.643742 0.340408 0.056676 0.069226 0.817575
1 0.643736 0.339762 0.056687 0.070502 0.817575
1 0.643748 0.339745 0.056701 0.070529 0.880797
1 0.643793 0.339718 0.056677 0.070593 0.880797
1 0.740224 0.354207 0.138649 0.130234 0.880797
1 0.739252 0.355307 0.138464 0.132426 0.880797
1 0.739254 0.356573 0.136885 0.129866 0.924142
1 0.643071 0.340402 0.058013 0.069234 0.880797
1 0.643741 0.341019 0.059384 0.073089 0.817575
1 0.643759 0.340404 0.056721 0.069215 0.924142
1 0.740272 0.356586 0.138641 0.129905 0.880797
1 0.739262 0.355303 0.138481 0.132408 0.880797
1 0.738840 0.355305 0.137644 0.132405 0.952574
1 0.738860 0.357471 0.137677 0.131678 0.924142
1 0.911753 0.417283 0.173405 0.228158 0.731059
1 0.912515 0.418488 0.174988 0.227568 0.880797
1 0.740226 0.356584 0.138649 0.129893 0.924142
1 0.739781 0.357857 0.139516 0.127310 0.952574
1 0.738840 0.355476 0.137650 0.127650 0.952574
1 0.912500 0.415899 0.175004 0.224865 0.817575
1 0.912522 0.417362 0.174957 0.224753 0.880797
1 0.912482 0.417239 0.175038 0.224266 0.924142
1 0.911702 0.415838 0.173560 0.225126 0.880797
1 0.913259 0.414826 0.176572 0.223313 0.880797
1 0.912516 0.416149 0.174970 0.220060 0.880797
1 0.911718 0.415377 0.173509 0.220928 0.952574
1 0.911692 0.415057 0.173568 0.221518 0.880797
2 0.007925 0.283525 0.015882 0.116154 0.004070
2 0.007792 0.297212 0.018670 0.106135 0.006693
2 0.011919 0.289502 0.020843 0.085288 0.010987
2 0.017443 0.283703 0.042912 0.069015 0.001501
2 0.008828 0.302237 0.017687 0.115919 0.002473
2 0.010584 0.295141 0.021109 0.096846 0.002473
2 0.403775 0.311011 0.028827 0.039103 0.004070
2 0.413101 0.312203 0.035478 0.036711 0.001501
2 0.505589 0.319591 0.008148 0.014296 0.004070
3 0.007925 0.283525 0.015882 0.116154 0.002473
3 0.007792 0.297212 0.018670 0.106135 0.006693
3 0.011919 0.289502 0.020843 0.085288 0.004070
3 0.008828 0.302237 0.017687 0.115919 0.002473
3 0.010584 0.295141 0.021109 0.096846 0.002473
3 0.405109 0.321336 0.019116 0.024268 0.004070
4 0.008426 0.314571 0.016881 0.098991 0.002473
4 0.007758 0.343017 0.015529 0.039524 0.010987
4 0.008305 0.346302 0.016624 0.040004 0.002473
5 0.007792 0.297212 0.018670 0.106135 0.010987
5 0.008828 0.302237 0.017687 0.115919 0.004070
5 0.007980 0.306486 0.015995 0.113332 0.002473
5 0.008426 0.314571 0.016881 0.098991 0.004070
5 0.306401 0.326029 0.012947 0.032697 0.001501
5 0.007758 0.343017 0.015529 0.039524 0.017986
5 0.008305 0.346302 0.016624 0.040004 0.001501
