0 0.631111 0.311204 0.013101 0.064987 0.001501
0 0.632799 0.315933 0.012575 0.053710 0.377541
0 0.640966 0.316936 0.010160 0.050651 0.075858
0 0.659977 0.315117 0.023420 0.042111 0.001501
0 0.632787 0.316586 0.012565 0.055146 0.377541
0 0.643061 0.315793 0.008178 0.053590 0.075858
0 0.651988 0.317471 0.015705 0.041739 0.001501
0 0.693996 0.313781 0.020280 0.034119 0.004070
0 0.596903 0.324244 0.009333 0.047337 0.002473
0 0.632786 0.317611 0.012554 0.057265 0.182426
0 0.643078 0.318467 0.008134 0.053768 0.017986
0 0.682726 0.322685 0.019734 0.054380 0.001501
1 0.687008 0.301682 0.034666 0.049612 0.001501
1 0.686472 0.298585 0.033813 0.042576 0.002473
1 0.005543 0.332187 0.011252 0.093120 0.002473
1 0.398800 0.317215 0.030564 0.032279 0.182426
1 0.399327 0.317211 0.029469 0.032254 0.268941
1 0.415013 0.312878 0.020974 0.026656 0.001501
1 0.426719 0.313541 0.013739 0.026129 0.029312
1 0.442569 0.310673 0.007271 0.022625 0.001501
1 0.513513 0.321629 0.082937 0.065071 0.817575
1 0.513487 0.321627 0.082996 0.065080 0.817575
1 0.512989 0.322896 0.082121 0.067658 0.880797
1 0.583900 0.315561 0.046367 0.034905 0.010987
1 0.583542 0.313520 0.044987 0.034224 0.004070
1 0.583861 0.312401 0.039841 0.031903 0.004070
1 0.610661 0.313602 0.051113 0.039185 0.004070
1 0.618272 0.312344 0.047320 0.036659 0.004070
1 0.676159 0.311027 0.056324 0.038961 0.017986
1 0.681833 0.309760 0.045063 0.031262 0.017986
1 0.693215 0.308602 0.021797 0.028784 0.029312
1 0.702995 0.306270 0.036905 0.024413 0.010987
1 0.705257 0.307618 0.043597 0.023203 0.001501
1 0.005531 0.340831 0.011173 0.064806 0.017986
1 0.120312 0.360161 0.212503 0.169035 0.817575
1 0.120329 0.360710 0.212485 0.170133 0.817575
1 0.398786 0.316431 0.030553 0.028757 0.731059
1 0.399321 0.317712 0.029467 0.031316 0.731059
1 0.424553 0.317097 0.014628 0.019335 0.017986
1 0.426771 0.316227 0.013533 0.021008 0.268941
1 0.443660 0.314331 0.006943 0.020411 0.006693
1 0.460984 0.302382 0.018732 0.043139 0.001501
1 0.513085 0.321610 0.082021 0.065138 0.817575
1 0.512939 0.321622 0.083913 0.065110 0.817575
1 0.514121 0.321623 0.081445 0.065115 0.880797
1 0.513424 0.321631 0.082836 0.065137 0.880797
1 0.582556 0.315919 0.043925 0.030157 0.010987
1 0.581486 0.315575 0.043422 0.030624 0.006693
1 0.588105 0.318206 0.029924 0.035621 0.004070
1 0.607785 0.317261 0.035590 0.032774 0.002473
1 0.613362 0.317809 0.042893 0.036931 0.002473
1 0.674603 0.313812 0.059639 0.044616 0.010987
1 0.683390 0.313778 0.042501 0.039431 0.010987
1 0.693996 0.313781 0.020280 0.034119 0.006693
1 0.698427 0.314793 0.029567 0.028416 0.004070
1 0.005420 0.353621 0.011337 0.089241 0.017986
1 0.120431 0.359983 0.212705 0.173123 0.880797
1 0.120308 0.359522 0.212487 0.172238 0.924142
1 0.119536 0.360732 0.214077 0.170107 0.924142
1 0.118707 0.360167 0.212637 0.173522 0.952574
1 0.512943 0.321637 0.083901 0.065081 0.880797
1 0.514139 0.322918 0.081408 0.067627 0.924142
1 0.513061 0.322911 0.082086 0.067659 0.924142
1 0.004542 0.356882 0.010622 0.094347 0.010987
1 0.120439 0.361782 0.212713 0.172297 0.924142
1 0.119543 0.360468 0.210965 0.174174 0.924142
1 0.119529 0.361489 0.211027 0.171698 0.924142
1 0.119464 0.361496 0.214152 0.171683 0.952574
1 0.005442 0.360016 0.011202 0.089553 0.010987
1 0.004797 0.367204 0.013048 0.111191 0.001501
2 0.459727 0.298668 0.019518 0.046091 0.119203
2 0.460101 0.298771 0.020339 0.046354 0.010987
2 0.398800 0.317215 0.030564 0.032279 0.006693
2 0.399327 0.317211 0.029469 0.032254 0.017986
2 0.415013 0.312878 0.020974 0.026656 0.001501
2 0.459991 0.301207 0.020091 0.042221 0.075858
2 0.461270 0.301721 0.019564 0.041644 0.010987
2 0.583542 0.313520 0.044987 0.034224 0.001501
2 0.398786 0.316431 0.030553 0.028757 0.001501
2 0.399321 0.317712 0.029467 0.031316 0.001501
2 0.461464 0.302472 0.017236 0.042889 0.006693
2 0.460984 0.302382 0.018732 0.043139 0.004070
2 0.582556 0.315919 0.043925 0.030157 0.001501
3 0.341641 0.306842 0.068394 0.058965 0.001501
3 0.353605 0.305477 0.043196 0.056144 0.017986
3 0.357824 0.306664 0.038648 0.058483 0.006693
3 0.358182 0.305403 0.038309 0.055952 0.017986
3 0.363781 0.306026 0.050118 0.054729 0.017986
3 0.459727 0.298668 0.019518 0.046091 0.182426
3 0.460101 0.298771 0.020339 0.046354 0.268941
3 0.486233 0.289569 0.068827 0.080354 0.002473
3 0.343527 0.306752 0.065124 0.053493 0.001501
3 0.355373 0.304754 0.040161 0.051647 0.006693
3 0.356228 0.304807 0.038680 0.051805 0.006693
3 0.357141 0.304150 0.040012 0.053170 0.010987
3 0.371704 0.307329 0.064935 0.046710 0.001501
3 0.398800 0.317215 0.030564 0.032279 0.010987
3 0.399327 0.317211 0.029469 0.032254 0.004070
3 0.415013 0.312878 0.020974 0.026656 0.002473
3 0.426719 0.313541 0.013739 0.026129 0.017986
3 0.442569 0.310673 0.007271 0.022625 0.002473
3 0.459991 0.301207 0.020091 0.042221 0.500000
3 0.461270 0.301721 0.019564 0.041644 0.377541
3 0.583900 0.315561 0.046367 0.034905 0.002473
3 0.583542 0.313520 0.044987 0.034224 0.002473
3 0.583861 0.312401 0.039841 0.031903 0.001501
3 0.676159 0.311027 0.056324 0.038961 0.004070
3 0.693215 0.308602 0.021797 0.028784 0.001501
3 0.357394 0.305277 0.039754 0.051264 0.010987
3 0.362245 0.305033 0.029522 0.051647 0.002473
3 0.398786 0.316431 0.030553 0.028757 0.010987
3 0.399321 0.317712 0.029467 0.031316 0.001501
3 0.424553 0.317097 0.014628 0.019335 0.002473
3 0.426771 0.316227 0.013533 0.021008 0.029312
3 0.461464 0.302472 0.017236 0.042889 0.047426
3 0.460984 0.302382 0.018732 0.043139 0.047426
3 0.581486 0.315575 0.043422 0.030624 0.002473
3 0.674603 0.313812 0.059639 0.044616 0.002473
5 0.588105 0.318206 0.029924 0.035621 0.002473
5 0.693996 0.313781 0.020280 0.034119 0.002473
