0 0.769323 0.304001 0.014676 0.029953 0.004070
0 0.772207 0.324934 0.009915 0.071897 0.010987
0 0.781913 0.335031 0.011196 0.059305 0.029312
0 0.773118 0.331479 0.013331 0.066689 0.006693
0 0.781893 0.336604 0.008172 0.055051 0.029312
0 0.782001 0.336953 0.011014 0.060297 0.006693
1 0.479978 0.316244 0.020835 0.029084 0.006693
1 0.579581 0.310599 0.028577 0.024924 0.001501
1 0.580989 0.310854 0.027383 0.022543 0.002473
1 0.582228 0.311811 0.027695 0.024485 0.002473
1 0.763694 0.301276 0.027651 0.032676 0.004070
1 0.008822 0.329304 0.017742 0.056075 0.001501
1 0.478787 0.318741 0.020525 0.029278 0.004070
1 0.479825 0.316868 0.021132 0.027893 0.880797
1 0.578613 0.314340 0.029281 0.024949 0.001501
1 0.582113 0.314395 0.025264 0.024795 0.006693
1 0.582261 0.314383 0.027646 0.024938 0.004070
1 0.981153 0.348644 0.039384 0.043855 0.001501
2 0.497636 0.310775 0.010792 0.020619 0.002473
2 0.506227 0.312882 0.009515 0.030157 0.002473
2 0.579581 0.310599 0.028577 0.024924 0.001501
2 0.580989 0.310854 0.027383 0.022543 0.002473
2 0.532817 0.313755 0.053600 0.085976 0.004070
2 0.578613 0.314340 0.029281 0.024949 0.001501
2 0.582113 0.314395 0.025264 0.024795 0.002473
2 0.582261 0.314383 0.027646 0.024938 0.001501
3 0.532695 0.312493 0.053813 0.083353 0.377541
3 0.533415 0.312491 0.055069 0.083350 0.001501
3 0.532520 0.312491 0.054168 0.083382 0.817575
3 0.533344 0.313765 0.055210 0.085917 0.817575
3 0.532699 0.313768 0.053812 0.085910 0.924142
3 0.579581 0.310599 0.028577 0.024924 0.001501
3 0.580989 0.310854 0.027383 0.022543 0.002473
3 0.533348 0.313777 0.055216 0.080808 0.817575
3 0.533171 0.315050 0.055575 0.083350 0.817575
3 0.532670 0.312497 0.053860 0.083344 0.880797
3 0.532817 0.313755 0.053600 0.085976 0.731059
3 0.533356 0.313780 0.055125 0.080815 0.622459
3 0.533170 0.312481 0.055574 0.083386 0.880797
3 0.533351 0.312483 0.055224 0.083385 0.817575
