0 0.604658 0.320523 0.010042 0.044625 0.001501
0 0.622587 0.323667 0.010664 0.050792 0.500000
0 0.625980 0.319483 0.013566 0.039816 0.004070
0 0.704619 0.325853 0.006268 0.050758 0.002473
0 0.497688 0.321048 0.010869 0.030270 0.002473
0 0.607707 0.325610 0.009696 0.044766 0.001501
0 0.622848 0.322841 0.010108 0.052692 0.377541
0 0.628128 0.320762 0.011210 0.040698 0.001501
0 0.675420 0.329568 0.016435 0.024617 0.001501
0 0.704635 0.329616 0.006232 0.044004 0.377541
0 0.606136 0.325774 0.009756 0.051780 0.010987
0 0.622572 0.322940 0.010655 0.052863 0.268941
0 0.625400 0.326554 0.014763 0.055819 0.004070
0 0.705031 0.330780 0.007024 0.046851 0.268941
1 0.570991 0.328643 0.070067 0.060737 0.880797
1 0.570994 0.328636 0.070069 0.060723 0.817575
1 0.571504 0.329536 0.068051 0.062529 0.817575
1 0.647314 0.316916 0.020048 0.032878 0.001501
1 0.404030 0.327500 0.013897 0.016825 0.075858
1 0.435723 0.325327 0.013527 0.016073 0.029312
1 0.436737 0.325325 0.015232 0.016106 0.010987
1 0.570996 0.328648 0.070058 0.060728 0.817575
1 0.571799 0.329298 0.068623 0.059404 0.880797
1 0.570922 0.328648 0.069923 0.060732 0.924142
1 0.571801 0.327519 0.068623 0.058489 0.880797
1 0.648474 0.319140 0.019315 0.023417 0.010987
1 0.649020 0.321791 0.019910 0.028446 0.006693
1 0.666078 0.325676 0.024875 0.021424 0.004070
1 0.675420 0.329568 0.016435 0.024617 0.002473
1 0.714807 0.325672 0.018037 0.016795 0.004070
1 0.743728 0.324178 0.012706 0.018401 0.002473
1 0.849318 0.333340 0.017917 0.022850 0.017986
1 0.851477 0.333163 0.022291 0.022497 0.010987
1 0.878828 0.336737 0.029986 0.029664 0.017986
1 0.884753 0.337753 0.030552 0.032857 0.075858
1 0.886279 0.337299 0.027593 0.033770 0.119203
1 0.917138 0.339081 0.037651 0.043580 0.731059
1 0.916513 0.339982 0.036202 0.041774 0.731059
1 0.917189 0.339086 0.037600 0.043571 0.817575
1 0.957813 0.334526 0.031122 0.049363 0.002473
1 0.958736 0.333356 0.029538 0.051401 0.010987
1 0.958465 0.332453 0.030112 0.045182 0.017986
1 0.980804 0.342889 0.041685 0.051949 0.001501
1 0.133182 0.356736 0.058589 0.041760 0.377541
1 0.134179 0.358017 0.059766 0.044287 0.731059
1 0.134162 0.356743 0.059768 0.046893 0.731059
1 0.133744 0.357939 0.057561 0.044171 0.622459
1 0.134505 0.358012 0.059130 0.044329 0.731059
1 0.571874 0.328650 0.068756 0.060728 0.880797
1 0.571036 0.329541 0.070147 0.062510 0.880797
1 0.571759 0.328641 0.068531 0.060711 0.924142
1 0.851180 0.334793 0.019438 0.021113 0.017986
1 0.852292 0.335249 0.023765 0.022023 0.029312
1 0.873607 0.338441 0.019377 0.026411 0.047426
1 0.884124 0.338717 0.028714 0.030943 0.182426
1 0.887175 0.338816 0.025692 0.030777 0.268941
1 0.916444 0.339090 0.036319 0.043598 0.622459
1 0.917255 0.339090 0.034715 0.043501 0.731059
1 0.917178 0.339056 0.037606 0.043531 0.817575
1 0.957088 0.334448 0.029674 0.049402 0.001501
1 0.957857 0.334477 0.028962 0.049343 0.006693
1 0.982824 0.349247 0.037599 0.041753 0.731059
1 0.982019 0.349540 0.035978 0.037641 0.817575
1 0.981249 0.349303 0.037546 0.041747 0.817575
1 0.134010 0.357987 0.060175 0.044221 0.377541
1 0.134114 0.358794 0.059896 0.045855 0.622459
1 0.134093 0.357913 0.059907 0.044195 0.622459
1 0.133747 0.357977 0.057574 0.044233 0.731059
1 0.134501 0.357917 0.059157 0.044199 0.731059
1 0.917247 0.342372 0.034534 0.046540 0.004070
1 0.917272 0.342366 0.034689 0.046455 0.002473
1 0.917321 0.341313 0.034664 0.047932 0.001501
1 0.981274 0.349268 0.037571 0.041880 0.622459
1 0.980485 0.349266 0.035983 0.041881 0.731059
1 0.981245 0.348361 0.037522 0.040128 0.731059
2 0.404030 0.327500 0.013897 0.016825 0.001501
2 0.957813 0.334526 0.031122 0.049363 0.001501
2 0.958736 0.333356 0.029538 0.051401 0.006693
2 0.958465 0.332453 0.030112 0.045182 0.029312
2 0.957857 0.334477 0.028962 0.049343 0.006693
3 0.404030 0.327500 0.013897 0.016825 0.002473
3 0.435723 0.325327 0.013527 0.016073 0.002473
3 0.648474 0.319140 0.019315 0.023417 0.001501
3 0.957813 0.334526 0.031122 0.049363 0.182426
3 0.958736 0.333356 0.029538 0.051401 0.622459
3 0.958465 0.332453 0.030112 0.045182 0.377541
3 0.133182 0.356736 0.058589 0.041760 0.001501
3 0.957088 0.334448 0.029674 0.049402 0.075858
3 0.957857 0.334477 0.028962 0.049343 0.622459
3 0.959803 0.339689 0.029884 0.055003 0.004070
4 0.673325 0.334010 0.016190 0.031489 0.004070
4 0.677387 0.335632 0.012647 0.027861 0.006693
5 0.675420 0.329568 0.016435 0.024617 0.001501
5 0.677387 0.335632 0.012647 0.027861 0.001501
