0 0.004916 0.334078 0.009918 0.135995 0.002473
0 0.004919 0.338619 0.009924 0.133637 0.002473
0 0.567484 0.322956 0.007127 0.031555 0.001501
1 0.138475 0.337810 0.041356 0.042549 0.002473
1 0.142272 0.337747 0.023881 0.032847 0.004070
1 0.145126 0.337401 0.040544 0.038753 0.001501
1 0.318745 0.332664 0.034456 0.027146 0.880797
1 0.318746 0.332408 0.037496 0.030219 0.731059
1 0.317983 0.331761 0.036025 0.028915 0.817575
1 0.374986 0.332042 0.075009 0.080833 0.924142
1 0.373465 0.332040 0.075005 0.085906 0.924142
1 0.374229 0.332044 0.073474 0.080806 0.952574
1 0.373466 0.332046 0.075015 0.080834 0.924142
1 0.435422 0.320338 0.015163 0.020996 0.004070
1 0.450886 0.321643 0.017273 0.023442 0.182426
1 0.452660 0.324206 0.019737 0.023458 0.182426
1 0.470922 0.321648 0.014115 0.018324 0.182426
1 0.481389 0.321589 0.013292 0.018567 0.002473
1 0.488153 0.322870 0.018026 0.021055 0.004070
1 0.054461 0.357854 0.094187 0.085676 0.817575
1 0.055133 0.359882 0.095583 0.085192 0.880797
1 0.054196 0.358768 0.094723 0.087503 0.924142
1 0.139091 0.341400 0.039376 0.035392 0.004070
1 0.146740 0.340984 0.021592 0.031499 0.006693
1 0.153083 0.342577 0.038358 0.028350 0.017986
1 0.157142 0.342498 0.043777 0.028704 0.006693
1 0.318733 0.332679 0.034452 0.027222 0.731059
1 0.318739 0.331785 0.034425 0.028926 0.817575
1 0.317994 0.332423 0.036015 0.030301 0.880797
1 0.374233 0.332050 0.073467 0.080793 0.880797
1 0.374231 0.330921 0.073473 0.078531 0.880797
1 0.374233 0.332052 0.076532 0.080793 0.924142
1 0.374234 0.332048 0.073469 0.080802 0.924142
1 0.054178 0.359002 0.094726 0.083398 0.880797
1 0.053494 0.357864 0.093041 0.085630 0.880797
1 0.054191 0.358781 0.094735 0.087445 0.924142
1 0.054192 0.358787 0.094707 0.087497 0.880797
1 0.374993 0.332049 0.074998 0.080819 0.880797
1 0.374997 0.332054 0.075000 0.080829 0.924142
1 0.374225 0.330784 0.073489 0.083368 0.010987
1 0.054188 0.358765 0.094705 0.087441 0.880797
1 0.054346 0.359902 0.094400 0.085169 0.880797
1 0.055042 0.359017 0.095772 0.083401 0.952574
2 0.150847 0.324651 0.066697 0.064737 0.001501
2 0.472892 0.315126 0.018144 0.031203 0.002473
2 0.477519 0.315608 0.021177 0.035036 0.001501
3 0.157102 0.318332 0.079599 0.076372 0.001501
3 0.138475 0.337810 0.041356 0.042549 0.001501
3 0.142272 0.337747 0.023881 0.032847 0.001501
3 0.145126 0.337401 0.040544 0.038753 0.001501
3 0.452660 0.324206 0.019737 0.023458 0.001501
3 0.470922 0.321648 0.014115 0.018324 0.002473
3 0.139091 0.341400 0.039376 0.035392 0.002473
3 0.146740 0.340984 0.021592 0.031499 0.001501
3 0.153083 0.342577 0.038358 0.028350 0.002473
