0 0.731252 0.306007 0.009561 0.034088 0.004070
0 0.776835 0.313674 0.021001 0.034779 0.001501
0 0.780391 0.318023 0.014274 0.043103 0.010987
0 0.729885 0.310791 0.016125 0.035724 0.001501
0 0.776948 0.316411 0.021119 0.039341 0.006693
0 0.782768 0.320263 0.012552 0.043814 0.029312
0 0.817961 0.318285 0.011163 0.037042 0.001501
0 0.781990 0.330768 0.014128 0.064712 0.017986
0 0.780802 0.335230 0.016586 0.080712 0.010987
1 0.431802 0.302786 0.030586 0.045085 0.001501
1 0.431332 0.302509 0.031596 0.043837 0.001501
1 0.431776 0.304736 0.030628 0.043893 0.731059
1 0.431793 0.304717 0.030615 0.043953 0.731059
1 0.431825 0.304050 0.030587 0.042670 0.817575
1 0.459197 0.300249 0.012700 0.012144 0.010987
1 0.471692 0.302015 0.012705 0.016070 0.047426
1 0.493903 0.322448 0.047953 0.169628 0.004070
1 0.515567 0.301840 0.009356 0.016281 0.029312
1 0.431771 0.304714 0.030609 0.044046 0.731059
1 0.431260 0.304049 0.029529 0.042714 0.731059
1 0.431809 0.304014 0.030615 0.042834 0.817575
1 0.493546 0.324693 0.048679 0.172043 0.001501
1 0.493259 0.326853 0.049216 0.181040 0.001501
1 0.986293 0.330334 0.027585 0.052049 0.001501
2 0.471692 0.302015 0.012705 0.016070 0.001501
3 0.013073 0.259339 0.026231 0.141919 0.002473
3 0.496428 0.297810 0.042054 0.116180 0.001501
3 0.494999 0.309776 0.044245 0.138601 0.001501
3 0.515016 0.291322 0.012085 0.037123 0.002473
3 0.431776 0.304736 0.030628 0.043893 0.017986
3 0.431793 0.304717 0.030615 0.043953 0.004070
3 0.431825 0.304050 0.030587 0.042670 0.004070
3 0.471692 0.302015 0.012705 0.016070 0.001501
3 0.493903 0.322448 0.047953 0.169628 0.004070
3 0.515567 0.301840 0.009356 0.016281 0.001501
3 0.431771 0.304714 0.030609 0.044046 0.029312
3 0.431260 0.304049 0.029529 0.042714 0.017986
3 0.431809 0.304014 0.030615 0.042834 0.004070
3 0.493546 0.324693 0.048679 0.172043 0.001501
3 0.493259 0.326853 0.049216 0.181040 0.002473
5 0.493903 0.322448 0.047953 0.169628 0.182426
5 0.493546 0.324693 0.048679 0.172043 0.622459
5 0.493191 0.324558 0.049376 0.173689 0.622459
5 0.493259 0.326853 0.049216 0.181040 0.622459
5 0.492236 0.324171 0.051260 0.174444 0.622459
5 0.493147 0.323686 0.050173 0.172438 0.622459
5 0.493454 0.325274 0.050627 0.172216 0.622459
5 0.492681 0.324566 0.052226 0.174511 0.731059
5 0.492704 0.324179 0.051071 0.179494 0.622459
5 0.493450 0.325582 0.050679 0.176756 0.500000
5 0.492956 0.327266 0.052855 0.165348 0.075858
