0 0.743900 0.306039 0.016146 0.103035 0.006693
0 0.990384 0.297796 0.019332 0.137406 0.001501
0 0.739505 0.317045 0.017716 0.084812 0.006693
0 0.740538 0.315695 0.015885 0.087211 0.047426
0 0.693050 0.309919 0.011196 0.020817 0.001501
0 0.738861 0.319612 0.016418 0.080406 0.010987
0 0.739856 0.319869 0.014523 0.082520 0.182426
0 0.738685 0.320255 0.016782 0.082868 0.010987
0 0.739859 0.318991 0.014519 0.084054 0.268941
0 0.738703 0.319003 0.016816 0.084381 0.010987
0 0.740496 0.319531 0.015963 0.082821 0.268941
1 0.755111 0.276749 0.018137 0.040320 0.001501
1 0.321377 0.314452 0.089713 0.138716 0.731059
1 0.320449 0.315401 0.087842 0.136092 0.731059
1 0.321069 0.314284 0.089073 0.138403 0.731059
1 0.988613 0.300921 0.019814 0.120370 0.001501
1 0.321402 0.314980 0.089737 0.139695 0.731059
1 0.321856 0.314983 0.087789 0.139696 0.880797
1 0.321652 0.314660 0.090098 0.139106 0.817575
1 0.320197 0.315443 0.090777 0.136161 0.817575
1 0.402117 0.318248 0.139910 0.123217 0.880797
1 0.402240 0.317356 0.139727 0.125002 0.880797
1 0.402238 0.319164 0.139709 0.125060 0.002473
1 0.559023 0.311239 0.014997 0.020308 0.002473
1 0.988270 0.311061 0.023494 0.092990 0.002473
1 0.990216 0.307017 0.019643 0.104910 0.002473
1 0.322261 0.315042 0.091372 0.139999 0.817575
1 0.322524 0.314959 0.089040 0.139699 0.817575
1 0.321816 0.314633 0.087816 0.139150 0.880797
1 0.401848 0.318954 0.140480 0.121893 0.880797
1 0.402123 0.318278 0.139930 0.123172 0.880797
1 0.402237 0.318277 0.139722 0.126779 0.924142
1 0.401969 0.319836 0.140272 0.123729 0.924142
1 0.500622 0.316039 0.018212 0.016951 0.001501
1 0.559009 0.314574 0.014969 0.017451 0.010987
1 0.984130 0.316227 0.031632 0.082872 0.002473
1 0.402784 0.318979 0.141283 0.121845 0.880797
1 0.401840 0.318955 0.140466 0.121784 0.924142
1 0.402225 0.318937 0.139698 0.121866 0.952574
1 0.402808 0.318974 0.141300 0.121852 0.952574
1 0.989403 0.324845 0.021274 0.061862 0.001501
1 0.147657 0.283478 0.298453 0.517403 0.001927
1 0.150026 0.285145 0.303128 0.508416 0.001170
2 0.325848 0.272863 0.079431 0.051234 0.002473
2 0.321377 0.314452 0.089713 0.138716 0.001501
2 0.320449 0.315401 0.087842 0.136092 0.006693
2 0.321069 0.314284 0.089073 0.138403 0.010987
2 0.321856 0.314983 0.087789 0.139696 0.001501
2 0.321652 0.314660 0.090098 0.139106 0.002473
2 0.320197 0.315443 0.090777 0.136161 0.010987
2 0.147657 0.283478 0.298453 0.517403 0.001927
2 0.150026 0.285145 0.303128 0.508416 0.001927
3 0.604071 0.309822 0.011298 0.018713 0.004070
3 0.146668 0.282799 0.293538 0.523939 0.437824
3 0.146893 0.288446 0.296990 0.511630 0.904651
3 0.150006 0.294207 0.300016 0.500141 0.924142
3 0.147681 0.292875 0.298540 0.491790 0.904651
3 0.147478 0.281215 0.295173 0.522005 0.851953
3 0.147629 0.284440 0.298393 0.514765 0.904651
3 0.150003 0.287910 0.303149 0.497541 0.880797
3 0.148435 0.290481 0.300072 0.497394 0.880797
3 0.147657 0.283478 0.298453 0.517403 0.851953
3 0.150026 0.285145 0.303128 0.508416 0.851953
3 0.148456 0.289139 0.297050 0.505534 0.377541
4 0.740496 0.319531 0.015963 0.082821 0.001501
5 0.738861 0.319612 0.016418 0.080406 0.001501
5 0.738685 0.320255 0.016782 0.082868 0.002473
