0 0.284021 0.313405 0.010187 0.069383 0.004070
0 0.284024 0.315631 0.010124 0.066941 0.017986
0 0.288052 0.317246 0.016222 0.066915 0.002473
0 0.284166 0.315829 0.012627 0.063164 0.017986
0 0.284201 0.320012 0.012662 0.058773 0.002473
1 0.703734 0.130782 0.055101 0.065527 0.001501
1 0.581906 0.312453 0.075086 0.064468 0.001501
1 0.584219 0.312542 0.080676 0.066137 0.001501
1 0.336177 0.328612 0.044340 0.056257 0.731059
1 0.336794 0.328609 0.045542 0.056230 0.500000
1 0.336789 0.328607 0.045546 0.056225 0.622459
1 0.359167 0.318237 0.028649 0.048075 0.622459
1 0.360217 0.316641 0.029661 0.050008 0.622459
1 0.422742 0.312737 0.026363 0.023386 0.004070
1 0.422806 0.312851 0.026389 0.022918 0.004070
1 0.449240 0.317112 0.026551 0.037715 0.500000
1 0.449241 0.317103 0.026551 0.037712 0.500000
1 0.478436 0.315644 0.026154 0.030300 0.622459
1 0.478467 0.315188 0.026044 0.031187 0.622459
1 0.533069 0.321040 0.046985 0.041227 0.182426
1 0.534405 0.321733 0.049651 0.041348 0.119203
1 0.535122 0.321025 0.051237 0.041232 0.119203
1 0.579793 0.315483 0.070662 0.063964 0.622459
1 0.581731 0.315498 0.073723 0.063691 0.731059
1 0.585086 0.315994 0.079249 0.061956 0.500000
1 0.595573 0.322894 0.075263 0.072255 0.075858
1 0.604656 0.325536 0.081000 0.081058 0.622459
1 0.605541 0.325829 0.080051 0.081794 0.731059
1 0.605605 0.324838 0.079218 0.082408 0.377541
1 0.656560 0.329326 0.090030 0.096286 0.029312
1 0.654342 0.330667 0.094456 0.098604 0.731059
1 0.653720 0.330605 0.095666 0.098776 0.880797
1 0.335447 0.328622 0.045941 0.056215 0.817575
1 0.336804 0.328628 0.045544 0.056208 0.817575
1 0.336723 0.327345 0.048449 0.053647 0.731059
1 0.359705 0.318495 0.027538 0.048614 0.500000
1 0.360234 0.318483 0.029595 0.048637 0.500000
1 0.379259 0.317756 0.008854 0.026208 0.006693
1 0.390476 0.315780 0.019217 0.016262 0.075858
1 0.421536 0.314523 0.026076 0.019960 0.500000
1 0.423497 0.314516 0.028030 0.019980 0.377541
1 0.449231 0.318312 0.026531 0.039732 0.731059
1 0.449228 0.318302 0.026562 0.039799 0.817575
1 0.478436 0.314093 0.026155 0.028930 0.622459
1 0.477806 0.314084 0.027352 0.028909 0.817575
1 0.532518 0.322766 0.045878 0.039117 0.817575
1 0.533644 0.322862 0.045394 0.040096 0.731059
1 0.533883 0.322862 0.048674 0.038908 0.622459
1 0.580312 0.316397 0.071409 0.065616 0.500000
1 0.581973 0.315466 0.075000 0.063929 0.731059
1 0.586635 0.315433 0.084585 0.061222 0.500000
1 0.604282 0.325194 0.080913 0.080756 0.377541
1 0.605944 0.327376 0.080769 0.081326 0.817575
1 0.605357 0.327445 0.079838 0.081482 0.731059
1 0.605792 0.328058 0.080473 0.083141 0.500000
1 0.654866 0.331536 0.093439 0.100590 0.731059
1 0.653246 0.332153 0.093568 0.101810 0.817575
1 0.653611 0.332155 0.095891 0.101821 0.880797
1 0.653730 0.333034 0.095666 0.102352 0.880797
1 0.725362 0.344879 0.132479 0.138448 0.817575
1 0.725813 0.344884 0.133064 0.138437 0.880797
1 0.336754 0.328640 0.045514 0.056190 0.817575
1 0.336789 0.328654 0.045523 0.056143 0.731059
1 0.336813 0.327363 0.045572 0.053625 0.817575
1 0.356347 0.322427 0.021037 0.050320 0.075858
1 0.360504 0.319544 0.029100 0.050427 0.029312
1 0.532274 0.324047 0.045390 0.040218 0.010987
1 0.533439 0.323707 0.047716 0.041325 0.029312
1 0.534844 0.324167 0.047962 0.040437 0.047426
1 0.578851 0.316975 0.068502 0.064858 0.047426
1 0.582357 0.316354 0.073797 0.066028 0.500000
1 0.591079 0.320948 0.085282 0.073003 0.075858
1 0.605820 0.326597 0.080748 0.083378 0.500000
1 0.606103 0.325932 0.079128 0.082033 0.622459
1 0.605320 0.325878 0.079791 0.081991 0.731059
1 0.615151 0.328370 0.090941 0.087984 0.006693
1 0.654895 0.332340 0.093456 0.101472 0.817575
1 0.653211 0.332319 0.093646 0.101400 0.880797
1 0.654024 0.332347 0.095093 0.101451 0.924142
1 0.653616 0.332442 0.095895 0.101713 0.880797
1 0.726852 0.342617 0.132061 0.138434 0.817575
1 0.724901 0.342632 0.133396 0.138429 0.817575
1 0.724936 0.345043 0.133232 0.143252 0.924142
1 0.724934 0.343768 0.134820 0.140714 0.924142
1 0.853334 0.371047 0.087574 0.138076 0.817575
1 0.853927 0.371843 0.088854 0.136708 0.880797
1 0.599924 0.326453 0.068864 0.081964 0.010987
1 0.605518 0.325901 0.080081 0.082389 0.047426
1 0.726903 0.344899 0.132059 0.138434 0.880797
1 0.724494 0.345794 0.134212 0.136626 0.880797
1 0.724932 0.344890 0.134824 0.138446 0.924142
1 0.724964 0.347080 0.133287 0.139201 0.952574
1 0.853318 0.372240 0.087467 0.140483 0.880797
1 0.853338 0.372999 0.087491 0.138849 0.880797
1 0.854680 0.372735 0.087504 0.139388 0.817575
1 0.853934 0.372072 0.086145 0.136260 0.880797
1 0.853343 0.372194 0.087518 0.140387 0.817575
1 0.852792 0.372957 0.086423 0.138781 0.817575
1 0.853284 0.372716 0.087489 0.139336 0.880797
1 0.853272 0.373903 0.087553 0.140667 0.880797
1 0.853317 0.372995 0.087534 0.138803 0.001501
1 0.135822 0.373842 0.242669 0.271689 0.939913
1 0.135814 0.375809 0.242557 0.271662 0.939913
1 0.136533 0.374822 0.244981 0.273592 0.939913
1 0.136056 0.374932 0.243979 0.269820 0.924142
1 0.136102 0.376033 0.243889 0.267382 0.924142
1 0.135253 0.374973 0.241274 0.269464 0.939913
1 0.136202 0.375886 0.243695 0.271516 0.939913
1 0.135522 0.376156 0.243064 0.267596 0.924142
1 0.135805 0.376110 0.242544 0.267651 0.952574
1 0.135974 0.374977 0.242266 0.270031 0.939913
3 0.922400 0.291229 0.157821 0.230117 0.001501
3 0.359167 0.318237 0.028649 0.048075 0.047426
3 0.360217 0.316641 0.029661 0.050008 0.075858
3 0.449241 0.317103 0.026551 0.037712 0.001501
3 0.359705 0.318495 0.027538 0.048614 0.017986
3 0.360234 0.318483 0.029595 0.048637 0.017986
3 0.379259 0.317756 0.008854 0.026208 0.001501
3 0.390476 0.315780 0.019217 0.016262 0.006693
3 0.360504 0.319544 0.029100 0.050427 0.004070
