0 0.071888 0.227326 0.015851 0.038158 0.010987
0 0.015234 0.265023 0.013861 0.069609 0.002473
0 0.016442 0.264134 0.014092 0.059929 0.004070
0 0.016446 0.269331 0.014097 0.066958 0.002473
1 0.006697 0.321025 0.013576 0.185330 0.004070
1 0.007289 0.341096 0.014888 0.136726 0.017986
1 0.312529 0.305233 0.082569 0.063120 0.002473
1 0.331758 0.324225 0.069603 0.065310 0.731059
1 0.331826 0.324187 0.067216 0.065123 0.731059
1 0.331929 0.324187 0.067243 0.059996 0.622459
1 0.356897 0.320447 0.080256 0.057663 0.182426
1 0.364832 0.321578 0.064370 0.059888 0.622459
1 0.363486 0.321550 0.066893 0.059811 0.731059
1 0.370769 0.318095 0.052808 0.059629 0.075858
1 0.471806 0.323801 0.046740 0.051086 0.817575
1 0.472210 0.324936 0.047505 0.053333 0.731059
1 0.472220 0.323807 0.047568 0.051063 0.817575
1 0.572444 0.322815 0.019901 0.046471 0.182426
1 0.573724 0.323095 0.019619 0.047020 0.075858
1 0.964619 0.310280 0.029946 0.055003 0.002473
1 0.964735 0.311883 0.033235 0.056061 0.001501
1 0.004805 0.350407 0.012738 0.109301 0.029312
1 0.014146 0.348266 0.025325 0.128834 0.004070
1 0.331126 0.324212 0.068690 0.065291 0.622459
1 0.331183 0.324229 0.068458 0.060148 0.731059
1 0.331165 0.324196 0.068590 0.060025 0.731059
1 0.335388 0.321604 0.072706 0.060033 0.075858
1 0.365282 0.321577 0.063470 0.060012 0.731059
1 0.362966 0.320466 0.066068 0.057733 0.731059
1 0.366024 0.320170 0.062222 0.058127 0.622459
1 0.471809 0.324945 0.046780 0.053336 0.731059
1 0.471838 0.323825 0.046749 0.051059 0.817575
1 0.472087 0.323819 0.050003 0.051060 0.817575
1 0.472221 0.323815 0.047624 0.051075 0.731059
1 0.502578 0.320182 0.012689 0.021414 0.006693
1 0.515594 0.319218 0.015815 0.018666 0.268941
1 0.521722 0.315036 0.026098 0.020782 0.001501
1 0.554042 0.319615 0.011169 0.014295 0.017986
1 0.572448 0.324031 0.019919 0.044005 0.622459
1 0.574084 0.323879 0.021061 0.046873 0.268941
1 0.606959 0.335734 0.067013 0.088223 0.817575
1 0.606964 0.335731 0.067005 0.088191 0.880797
1 0.606943 0.335730 0.066985 0.088177 0.924142
1 0.963211 0.330410 0.031559 0.096796 0.002473
1 0.004767 0.351946 0.012629 0.101685 0.047426
1 0.014813 0.353289 0.029621 0.125879 0.001501
1 0.330891 0.324414 0.069080 0.065665 0.500000
1 0.331683 0.322961 0.069664 0.062668 0.731059
1 0.331160 0.324252 0.068713 0.060094 0.731059
1 0.331935 0.323006 0.067211 0.062691 0.017986
1 0.363184 0.321656 0.067798 0.060047 0.731059
1 0.365511 0.320507 0.063009 0.057739 0.622459
1 0.367174 0.321719 0.059903 0.059925 0.001501
1 0.472199 0.324958 0.047525 0.053337 0.817575
1 0.472209 0.324487 0.047499 0.049746 0.817575
1 0.471837 0.324482 0.046776 0.049750 0.880797
1 0.572942 0.324152 0.017899 0.044194 0.622459
1 0.575433 0.327321 0.018687 0.056517 0.029312
1 0.607508 0.334614 0.068085 0.085911 0.817575
1 0.607728 0.335885 0.065469 0.083356 0.880797
1 0.607728 0.335740 0.065468 0.088171 0.880797
1 0.607732 0.335734 0.065486 0.088219 0.880797
1 0.004854 0.352979 0.009726 0.103139 0.029312
1 0.333180 0.333269 0.063066 0.091766 0.002473
1 0.607748 0.335890 0.065510 0.083370 0.880797
1 0.606982 0.335737 0.067051 0.088174 0.880797
1 0.607722 0.335737 0.065484 0.088173 0.880797
1 0.948286 0.391659 0.062554 0.103973 0.377541
1 0.948645 0.389584 0.063462 0.096745 0.182426
1 0.948698 0.387958 0.061813 0.096204 0.119203
1 0.949704 0.383662 0.059348 0.089098 0.029312
1 0.005616 0.352826 0.011247 0.120381 0.017986
1 0.920647 0.380698 0.010602 0.048851 0.004070
1 0.948587 0.393091 0.063581 0.105855 0.377541
1 0.948107 0.394000 0.062947 0.107549 0.377541
1 0.948469 0.392813 0.061752 0.105188 0.268941
1 0.949301 0.383568 0.060112 0.087124 0.182426
1 0.006027 0.356959 0.012068 0.173105 0.004070
1 0.947620 0.398085 0.063865 0.114709 0.500000
1 0.948238 0.396957 0.063365 0.113154 0.377541
1 0.948099 0.395751 0.062950 0.111298 0.377541
1 0.941820 0.401867 0.053003 0.107607 0.004070
1 0.945981 0.398826 0.058756 0.113769 0.029312
1 0.940499 0.399933 0.049986 0.112465 0.002473
1 0.776636 0.349706 0.277678 0.355999 0.047426
1 0.776870 0.347733 0.277858 0.357039 0.939913
1 0.778166 0.347761 0.279370 0.357039 0.939913
1 0.777356 0.347004 0.277407 0.355679 0.924142
1 0.776769 0.349903 0.277721 0.356280 0.924142
1 0.777348 0.347921 0.278836 0.357377 0.939913
1 0.777705 0.347937 0.278463 0.357330 0.924142
1 0.777247 0.347753 0.277807 0.357136 0.924142
1 0.177394 0.421441 0.357965 0.407066 0.924142
1 0.178815 0.420287 0.360780 0.409412 0.939913
1 0.176729 0.420391 0.362907 0.409271 0.924142
1 0.177612 0.421454 0.364071 0.407034 0.924142
1 0.776909 0.348133 0.277943 0.357308 0.939913
1 0.777599 0.348834 0.278695 0.358808 0.939913
1 0.777108 0.348100 0.278112 0.357073 0.924142
1 0.178828 0.419233 0.357797 0.406215 0.924142
1 0.178428 0.420500 0.363023 0.408940 0.939913
1 0.176727 0.420290 0.362891 0.404167 0.939913
1 0.177262 0.420364 0.363381 0.403968 0.924142
1 0.179011 0.421483 0.361286 0.401863 0.952574
1 0.176748 0.422353 0.363174 0.400079 0.939913
2 0.522338 0.313981 0.031082 0.028857 0.010987
2 0.521581 0.311197 0.028910 0.025902 0.010987
2 0.521722 0.315036 0.026098 0.020782 0.006693
3 0.408436 0.302838 0.071993 0.064791 0.004070
3 0.423290 0.304791 0.047146 0.063035 0.500000
3 0.423463 0.306965 0.046929 0.062775 0.377541
3 0.424107 0.305821 0.048269 0.060426 0.500000
3 0.424365 0.305804 0.048359 0.060450 0.268941
3 0.370769 0.318095 0.052808 0.059629 0.002473
3 0.423211 0.305833 0.047365 0.060802 0.500000
3 0.424075 0.305803 0.048408 0.060450 0.377541
3 0.423489 0.304685 0.047063 0.062677 0.500000
3 0.424163 0.304950 0.048725 0.062990 0.377541
3 0.504746 0.312996 0.024257 0.030155 0.004070
3 0.522338 0.313981 0.031082 0.028857 0.006693
3 0.521581 0.311197 0.028910 0.025902 0.001501
3 0.573724 0.323095 0.019619 0.047020 0.001501
3 0.423785 0.304693 0.048646 0.062909 0.182426
3 0.424007 0.304666 0.048564 0.062656 0.377541
3 0.424171 0.304653 0.048463 0.062674 0.500000
3 0.425442 0.305839 0.046214 0.062198 0.029312
3 0.515594 0.319218 0.015815 0.018666 0.010987
3 0.521722 0.315036 0.026098 0.020782 0.001501
3 0.572942 0.324152 0.017899 0.044194 0.002473
5 0.443692 0.319543 0.013612 0.059887 0.002473
5 0.969391 0.406017 0.027360 0.155209 0.001501
