0 0.605474 0.304951 0.011070 0.069104 0.006693
0 0.442958 0.311269 0.011118 0.049367 0.006693
0 0.493291 0.313951 0.011759 0.028894 0.001501
0 0.437091 0.317851 0.020191 0.039411 0.006693
0 0.491377 0.317470 0.007853 0.026700 0.002473
0 0.586015 0.316320 0.025021 0.039583 0.002473
0 0.426082 0.325683 0.026742 0.041664 0.001501
0 0.442879 0.323082 0.008779 0.052644 0.010987
0 0.583839 0.320439 0.020351 0.052764 0.001501
0 0.593690 0.319920 0.013975 0.051042 0.004070
1 0.876443 0.302929 0.131711 0.137887 0.002473
1 0.884638 0.301841 0.127337 0.135078 0.002473
1 0.387566 0.321293 0.067270 0.043400 0.500000
1 0.387460 0.320954 0.066730 0.042712 0.731059
1 0.388025 0.320952 0.067965 0.042715 0.817575
1 0.388031 0.320996 0.067972 0.042807 0.817575
1 0.387444 0.320501 0.066807 0.041809 0.731059
1 0.424575 0.317199 0.031715 0.032308 0.010987
1 0.425315 0.317202 0.032222 0.032333 0.010987
1 0.442958 0.311269 0.011118 0.049367 0.004070
1 0.465956 0.320499 0.040023 0.067340 0.817575
1 0.467269 0.319218 0.040464 0.064779 0.817575
1 0.466663 0.321633 0.041696 0.065058 0.817575
1 0.493291 0.313951 0.011759 0.028894 0.001501
1 0.502357 0.312304 0.020710 0.023690 0.006693
1 0.529737 0.318883 0.012560 0.038609 0.500000
1 0.553426 0.319220 0.043191 0.064817 0.817575
1 0.553536 0.319203 0.042952 0.064783 0.817575
1 0.553500 0.319212 0.043049 0.060233 0.731059
1 0.585896 0.315120 0.024934 0.041865 0.377541
1 0.585892 0.315079 0.025242 0.041786 0.268941
1 0.597102 0.313340 0.034740 0.052451 0.004070
1 0.650021 0.318719 0.100043 0.076037 0.817575
1 0.650764 0.319679 0.101590 0.078630 0.817575
1 0.650810 0.319725 0.101671 0.078538 0.924142
1 0.802840 0.339355 0.172441 0.210690 0.817575
1 0.801597 0.338231 0.171821 0.212937 0.880797
1 0.800760 0.340427 0.170462 0.209231 0.880797
1 0.883387 0.303323 0.116679 0.137034 0.004070
1 0.908175 0.305303 0.072687 0.128163 0.010987
1 0.911701 0.317796 0.066666 0.103745 0.004070
1 0.923394 0.323533 0.043462 0.089658 0.006693
1 0.388008 0.321467 0.066563 0.041879 0.500000
1 0.387813 0.321226 0.066018 0.043243 0.817575
1 0.387416 0.320933 0.066810 0.042651 0.817575
1 0.387859 0.321414 0.066105 0.041807 0.817575
1 0.387427 0.320933 0.066839 0.042648 0.817575
1 0.425942 0.317611 0.030048 0.026426 0.622459
1 0.425261 0.318931 0.031543 0.028884 0.500000
1 0.437091 0.317851 0.020191 0.039411 0.010987
1 0.466722 0.319220 0.041554 0.064796 0.731059
1 0.465977 0.320349 0.039992 0.062520 0.817575
1 0.465966 0.320495 0.040029 0.067351 0.817575
1 0.491377 0.317470 0.007853 0.026700 0.047426
1 0.501460 0.313947 0.016626 0.021131 0.047426
1 0.529033 0.318501 0.013882 0.034890 0.500000
1 0.553382 0.319211 0.043247 0.064836 0.817575
1 0.553385 0.319214 0.043254 0.060285 0.817575
1 0.553500 0.319207 0.043051 0.064812 0.817575
1 0.585897 0.316258 0.025054 0.039517 0.377541
1 0.586015 0.316320 0.025021 0.039583 0.119203
1 0.597276 0.317576 0.035421 0.047141 0.010987
1 0.650801 0.318616 0.098533 0.076263 0.817575
1 0.650784 0.319888 0.098487 0.078225 0.880797
1 0.650761 0.318802 0.101526 0.075873 0.924142
1 0.651523 0.318760 0.100032 0.075975 0.880797
1 0.801519 0.338317 0.172049 0.208596 0.880797
1 0.802289 0.340067 0.173529 0.208520 0.924142
1 0.801514 0.340060 0.172028 0.208533 0.924142
1 0.801484 0.340061 0.172003 0.208517 0.924142
1 0.897493 0.304211 0.089926 0.139733 0.001501
1 0.914027 0.309163 0.060808 0.121719 0.010987
1 0.916547 0.320909 0.056049 0.098219 0.004070
1 0.920966 0.325272 0.046264 0.093831 0.004070
1 0.924439 0.330281 0.045105 0.083912 0.001501
1 0.967957 0.337253 0.053936 0.050160 0.029312
1 0.968899 0.335606 0.053394 0.041238 0.047426
1 0.969428 0.334100 0.052758 0.043350 0.047426
1 0.969599 0.337656 0.054557 0.045405 0.047426
1 0.971735 0.334816 0.056667 0.076433 0.017986
1 0.387429 0.322184 0.066505 0.045116 0.006693
1 0.388008 0.322448 0.067692 0.043835 0.004070
1 0.466740 0.319224 0.041525 0.064821 0.731059
1 0.466744 0.319222 0.041517 0.064801 0.817575
1 0.465965 0.319218 0.040027 0.064815 0.880797
1 0.553356 0.320356 0.043302 0.062597 0.731059
1 0.553361 0.319219 0.043310 0.064818 0.731059
1 0.554263 0.320356 0.044577 0.062558 0.817575
1 0.593690 0.319920 0.013975 0.051042 0.001501
1 0.650010 0.319744 0.096946 0.078525 0.880797
1 0.650764 0.319930 0.098486 0.078134 0.924142
1 0.649282 0.319815 0.098471 0.078389 0.924142
1 0.801483 0.339265 0.172125 0.210091 0.029312
1 0.801521 0.339147 0.172016 0.210046 0.924142
1 0.800742 0.338219 0.170490 0.208400 0.952574
1 0.800736 0.338232 0.170500 0.208375 0.952574
1 0.914638 0.323628 0.056911 0.092985 0.004070
1 0.916009 0.326304 0.055841 0.087620 0.002473
1 0.920522 0.327377 0.047968 0.089930 0.002473
1 0.923596 0.328216 0.044491 0.083555 0.002473
1 0.963392 0.343106 0.063210 0.062800 0.017986
1 0.968436 0.340146 0.054960 0.050479 0.047426
1 0.969634 0.338470 0.054730 0.047136 0.029312
1 0.970168 0.338590 0.056359 0.047262 0.029312
1 0.971238 0.344746 0.057663 0.079304 0.017986
1 0.917629 0.326919 0.054943 0.091625 0.001501
1 0.968053 0.344252 0.058249 0.064033 0.029312
1 0.969927 0.345546 0.057129 0.061671 0.029312
1 0.970373 0.355419 0.056313 0.082547 0.029312
1 0.971324 0.393498 0.057545 0.212625 0.006693
1 0.972456 0.394558 0.055419 0.245620 0.001501
1 0.979156 0.379381 0.041849 0.290740 0.001501
1 0.995171 0.402260 0.009705 0.238067 0.001501
1 0.995189 0.448930 0.009650 0.144592 0.002473
1 0.161628 0.423794 0.323394 0.371686 0.014064
1 0.161701 0.423247 0.323459 0.370677 0.939913
1 0.160179 0.423778 0.323489 0.372027 0.952574
1 0.160928 0.422270 0.331274 0.372250 0.939913
1 0.161613 0.424194 0.323374 0.368805 0.924142
1 0.160151 0.424923 0.323471 0.369994 0.939913
1 0.160178 0.423938 0.323469 0.371728 0.939913
1 0.160148 0.423244 0.329706 0.370700 0.939913
1 0.161675 0.422580 0.323450 0.374967 0.939913
1 0.160181 0.422639 0.323488 0.372223 0.952574
1 0.160035 0.422591 0.326810 0.372345 0.939913
2 0.502357 0.312304 0.020710 0.023690 0.010987
2 0.501460 0.313947 0.016626 0.021131 0.017986
3 0.442958 0.311269 0.011118 0.049367 0.010987
3 0.493291 0.313951 0.011759 0.028894 0.002473
3 0.502357 0.312304 0.020710 0.023690 0.006693
3 0.529737 0.318883 0.012560 0.038609 0.002473
3 0.585896 0.315120 0.024934 0.041865 0.004070
3 0.585892 0.315079 0.025242 0.041786 0.004070
3 0.491377 0.317470 0.007853 0.026700 0.004070
3 0.501460 0.313947 0.016626 0.021131 0.047426
3 0.529033 0.318501 0.013882 0.034890 0.002473
3 0.585897 0.316258 0.025054 0.039517 0.001501
4 0.585897 0.316258 0.025054 0.039517 0.001501
4 0.586015 0.316320 0.025021 0.039583 0.006693
4 0.593690 0.319920 0.013975 0.051042 0.002473
5 0.442958 0.311269 0.011118 0.049367 0.001501
5 0.585896 0.315120 0.024934 0.041865 0.047426
5 0.585892 0.315079 0.025242 0.041786 0.047426
5 0.597102 0.313340 0.034740 0.052451 0.002473
5 0.437091 0.317851 0.020191 0.039411 0.010987
5 0.585897 0.316258 0.025054 0.039517 0.047426
5 0.586015 0.316320 0.025021 0.039583 0.075858
5 0.597276 0.317576 0.035421 0.047141 0.006693
5 0.331797 0.331978 0.022765 0.039626 0.002473
5 0.442879 0.323082 0.008779 0.052644 0.006693
5 0.583839 0.320439 0.020351 0.052764 0.004070
5 0.593690 0.319920 0.013975 0.051042 0.010987
