0 0.210216 0.332099 0.038790 0.068673 0.002473
0 0.070925 0.360260 0.019977 0.091090 0.006693
0 0.074871 0.360491 0.027338 0.091384 0.002473
0 0.767970 0.338602 0.011037 0.047286 0.002473
0 0.069406 0.364337 0.019633 0.085037 0.010987
0 0.077024 0.362393 0.032169 0.089547 0.002473
0 0.767972 0.341138 0.011032 0.047163 0.002473
0 0.070567 0.364599 0.019261 0.085311 0.010987
0 0.077758 0.363341 0.033612 0.087108 0.002473
0 0.161553 0.344285 0.023349 0.045784 0.001501
0 0.203951 0.340018 0.030184 0.060539 0.004070
0 0.070010 0.364625 0.020863 0.085291 0.017986
0 0.077575 0.362519 0.033300 0.087751 0.004070
0 0.201834 0.349069 0.022097 0.085294 0.002473
0 0.018171 0.368212 0.036370 0.129330 0.001501
0 0.017887 0.363815 0.035742 0.120323 0.004070
0 0.070289 0.365939 0.018700 0.085669 0.010987
1 0.555040 0.328288 0.043200 0.073361 0.817575
1 0.555705 0.328412 0.044442 0.073552 0.817575
1 0.555037 0.328416 0.043159 0.073534 0.880797
1 0.992680 0.337234 0.014941 0.099105 0.001501
1 0.171775 0.339402 0.040595 0.049413 0.029312
1 0.179612 0.337786 0.032536 0.050629 0.377541
1 0.181123 0.337936 0.031752 0.050892 0.500000
1 0.182905 0.338514 0.031740 0.052165 0.268941
1 0.211615 0.337688 0.040098 0.060296 0.622459
1 0.210382 0.336174 0.042485 0.060619 0.622459
1 0.211099 0.336124 0.042234 0.056925 0.119203
1 0.272128 0.341306 0.097389 0.083424 0.817575
1 0.273495 0.341284 0.097021 0.083383 0.817575
1 0.272697 0.340013 0.098497 0.083469 0.880797
1 0.327040 0.333204 0.046227 0.036566 0.075858
1 0.332623 0.333331 0.053896 0.041691 0.731059
1 0.332906 0.334606 0.053362 0.039164 0.731059
1 0.332904 0.332046 0.053327 0.039139 0.731059
1 0.333450 0.334603 0.052407 0.039152 0.731059
1 0.507697 0.334926 0.049937 0.054520 0.817575
1 0.508109 0.334924 0.049170 0.054524 0.817575
1 0.508469 0.334912 0.049975 0.054480 0.880797
1 0.508117 0.334054 0.050842 0.056370 0.622459
1 0.555039 0.329496 0.043059 0.070662 0.817575
1 0.555027 0.328429 0.043051 0.073546 0.880797
1 0.555697 0.329503 0.044432 0.070639 0.880797
1 0.636007 0.338487 0.047168 0.052227 0.817575
1 0.635274 0.338652 0.048611 0.052634 0.817575
1 0.635268 0.338806 0.048657 0.052796 0.880797
1 0.635989 0.337204 0.050000 0.054774 0.731059
1 0.719984 0.344643 0.056946 0.051072 0.817575
1 0.719981 0.344868 0.056974 0.055148 0.817575
1 0.719980 0.343726 0.056972 0.052846 0.880797
1 0.992920 0.343318 0.014397 0.078895 0.002473
1 0.164688 0.341033 0.029558 0.045316 0.047426
1 0.179343 0.338351 0.032843 0.051766 0.377541
1 0.180544 0.338226 0.033201 0.051520 0.500000
1 0.187027 0.339278 0.036129 0.053945 0.119203
1 0.210882 0.337704 0.040811 0.060315 0.731059
1 0.210897 0.337161 0.040744 0.059119 0.731059
1 0.211382 0.336277 0.041694 0.057441 0.377541
1 0.272099 0.340757 0.097436 0.082185 0.002473
1 0.272947 0.339102 0.095910 0.081589 0.817575
1 0.273541 0.340642 0.097077 0.082053 0.880797
1 0.274184 0.340664 0.098403 0.082078 0.880797
1 0.273485 0.340706 0.097124 0.082093 0.817575
1 0.318958 0.334815 0.030180 0.045045 0.047426
1 0.332464 0.333325 0.054267 0.036644 0.731059
1 0.332440 0.334611 0.054250 0.039180 0.731059
1 0.332925 0.333328 0.053362 0.036608 0.731059
1 0.334078 0.333325 0.053833 0.036642 0.731059
1 0.508091 0.334897 0.050740 0.054516 0.817575
1 0.508090 0.334898 0.049141 0.054516 0.817575
1 0.508494 0.334885 0.049986 0.054494 0.880797
1 0.508510 0.333968 0.050050 0.056331 0.731059
1 0.554638 0.329515 0.043820 0.070632 0.731059
1 0.555574 0.329521 0.041956 0.070620 0.880797
1 0.555022 0.329519 0.043079 0.070620 0.924142
1 0.636021 0.339775 0.047149 0.049648 0.817575
1 0.636039 0.338654 0.047103 0.052368 0.731059
1 0.635277 0.338709 0.048650 0.052534 0.817575
1 0.636061 0.338462 0.047130 0.052276 0.880797
1 0.720361 0.344601 0.056233 0.051001 0.017986
1 0.719976 0.345775 0.056957 0.053328 0.817575
1 0.719972 0.343742 0.056955 0.052891 0.880797
1 0.720378 0.343732 0.056183 0.052847 0.880797
1 0.720011 0.343728 0.056948 0.052878 0.880797
1 0.857023 0.359703 0.114080 0.145754 0.880797
1 0.856931 0.361200 0.116989 0.139132 0.880797
1 0.912866 0.357709 0.016242 0.049319 0.004070
1 0.920979 0.359920 0.029637 0.040093 0.017986
1 0.923342 0.358944 0.028645 0.041925 0.047426
1 0.951192 0.358775 0.019955 0.038267 0.017986
1 0.953192 0.360584 0.015627 0.038682 0.029312
1 0.974057 0.362473 0.032920 0.053287 0.622459
1 0.973359 0.362504 0.031509 0.053304 0.622459
1 0.993669 0.355142 0.012727 0.041548 0.029312
1 0.161553 0.344285 0.023349 0.045784 0.001501
1 0.178351 0.339761 0.036597 0.054687 0.075858
1 0.182819 0.339764 0.032964 0.054641 0.047426
1 0.203951 0.340018 0.030184 0.060539 0.075858
1 0.210904 0.340019 0.040842 0.060381 0.268941
1 0.210247 0.337984 0.042085 0.060833 0.377541
1 0.212299 0.339982 0.042891 0.060591 0.017986
1 0.272181 0.340675 0.097442 0.082001 0.817575
1 0.273523 0.340648 0.097049 0.082004 0.924142
1 0.273521 0.340648 0.097078 0.082004 0.924142
1 0.555048 0.328868 0.043081 0.074627 0.377541
1 0.636031 0.339049 0.047082 0.053070 0.377541
1 0.636054 0.339326 0.047109 0.053690 0.377541
1 0.720741 0.344657 0.058488 0.051073 0.817575
1 0.719989 0.343761 0.056955 0.052877 0.817575
1 0.720390 0.344661 0.056173 0.051079 0.924142
1 0.857031 0.359964 0.114074 0.141773 0.817575
1 0.857803 0.359984 0.112575 0.141757 0.880797
1 0.857026 0.360874 0.114081 0.143550 0.924142
1 0.857017 0.359965 0.114090 0.141778 0.880797
1 0.914986 0.359947 0.022088 0.044021 0.010987
1 0.924185 0.362513 0.026690 0.034702 0.119203
1 0.924293 0.362825 0.026509 0.034024 0.182426
1 0.949939 0.363365 0.019314 0.033137 0.029312
1 0.952035 0.361810 0.017897 0.036239 0.119203
1 0.973703 0.362138 0.033476 0.057695 0.731059
1 0.973112 0.362143 0.032099 0.057706 0.731059
1 0.993735 0.357572 0.009554 0.036938 0.029312
1 0.857784 0.363259 0.112513 0.143272 0.924142
1 0.857023 0.362143 0.114078 0.141015 0.924142
1 0.858470 0.361984 0.113908 0.145805 0.952574
1 0.857700 0.361979 0.115458 0.145840 0.970688
1 0.970477 0.364231 0.031561 0.050625 0.002473
1 0.973755 0.363462 0.033392 0.055163 0.622459
1 0.973710 0.362176 0.033460 0.057728 0.731059
1 0.988990 0.364006 0.016377 0.054115 0.001501
2 0.992680 0.337234 0.014941 0.099105 0.004070
2 0.181123 0.337936 0.031752 0.050892 0.001501
2 0.992920 0.343318 0.014397 0.078895 0.006693
2 0.993669 0.355142 0.012727 0.041548 0.001501
3 0.992680 0.337234 0.014941 0.099105 0.004070
3 0.181123 0.337936 0.031752 0.050892 0.002473
3 0.182905 0.338514 0.031740 0.052165 0.001501
3 0.210382 0.336174 0.042485 0.060619 0.001501
3 0.992920 0.343318 0.014397 0.078895 0.006693
3 0.180544 0.338226 0.033201 0.051520 0.004070
3 0.923342 0.358944 0.028645 0.041925 0.001501
3 0.993669 0.355142 0.012727 0.041548 0.004070
4 0.407175 0.336045 0.017673 0.031192 0.004070
4 0.203951 0.340018 0.030184 0.060539 0.002473
5 0.070925 0.360260 0.019977 0.091090 0.001501
5 0.069406 0.364337 0.019633 0.085037 0.004070
5 0.077024 0.362393 0.032169 0.089547 0.001501
5 0.070567 0.364599 0.019261 0.085311 0.006693
5 0.077758 0.363341 0.033612 0.087108 0.001501
5 0.082231 0.362802 0.043192 0.085267 0.001501
5 0.203951 0.340018 0.030184 0.060539 0.010987
5 0.210904 0.340019 0.040842 0.060381 0.004070
5 0.070010 0.364625 0.020863 0.085291 0.002473
5 0.077575 0.362519 0.033300 0.087751 0.001501
5 0.201834 0.349069 0.022097 0.085294 0.004070
5 0.070289 0.365939 0.018700 0.085669 0.001501
