0 0.008771 0.307861 0.017551 0.194672 0.001501
0 0.009133 0.312860 0.018295 0.161050 0.001501
0 0.009667 0.310986 0.019384 0.163152 0.001501
0 0.009064 0.310184 0.021226 0.159181 0.001501
0 0.009541 0.313346 0.019219 0.153068 0.001501
0 0.009553 0.329288 0.019195 0.116707 0.001501
1 0.008771 0.307861 0.017551 0.194672 0.004070
1 0.009133 0.312860 0.018295 0.161050 0.017986
1 0.010235 0.308741 0.020466 0.150257 0.010987
1 0.009667 0.310986 0.019384 0.163152 0.047426
1 0.010143 0.309144 0.020291 0.155633 0.029312
1 0.009064 0.310184 0.021226 0.159181 0.047426
1 0.011298 0.308282 0.019571 0.156756 0.029312
1 0.051256 0.324496 0.044356 0.091203 0.731059
1 0.050598 0.323823 0.043054 0.092605 0.731059
1 0.051739 0.324866 0.043576 0.090270 0.731059
1 0.440058 0.320495 0.080098 0.057712 0.817575
1 0.441088 0.320492 0.082185 0.057704 0.817575
1 0.441511 0.321623 0.083036 0.059963 0.731059
1 0.443584 0.320488 0.084077 0.057719 0.006693
1 0.464949 0.318917 0.077359 0.049629 0.017986
1 0.499873 0.322857 0.064827 0.049209 0.017986
1 0.500258 0.323743 0.065586 0.051016 0.622459
1 0.500125 0.322834 0.065318 0.052816 0.731059
1 0.501317 0.322730 0.065087 0.048972 0.500000
1 0.504127 0.321759 0.066905 0.047027 0.377541
1 0.647325 0.328955 0.077282 0.059141 0.001501
1 0.649224 0.330906 0.076701 0.062875 0.006693
1 0.649171 0.330857 0.079891 0.062791 0.029312
1 0.651684 0.328445 0.074801 0.060467 0.029312
1 0.660574 0.320209 0.057465 0.048093 0.001501
1 0.009930 0.309592 0.019948 0.159965 0.075858
1 0.010115 0.310336 0.020289 0.158096 0.047426
1 0.050800 0.324708 0.042134 0.090855 0.377541
1 0.050943 0.324551 0.042210 0.091177 0.731059
1 0.051265 0.324523 0.044360 0.091270 0.817575
1 0.051021 0.323883 0.042270 0.092475 0.731059
1 0.439986 0.320483 0.079980 0.057702 0.817575
1 0.441190 0.320487 0.082407 0.057731 0.817575
1 0.442278 0.320474 0.081492 0.057758 0.817575
1 0.442792 0.320472 0.085540 0.057714 0.817575
1 0.446107 0.320193 0.079696 0.051956 0.006693
1 0.499081 0.322797 0.064824 0.049142 0.500000
1 0.499255 0.322875 0.065184 0.049236 0.731059
1 0.499653 0.322891 0.064371 0.049267 0.817575
1 0.500716 0.322920 0.066218 0.049209 0.500000
1 0.504991 0.321929 0.068148 0.046379 0.268941
1 0.552820 0.329300 0.013643 0.017754 0.377541
1 0.571551 0.327739 0.015113 0.020864 0.500000
1 0.572273 0.326638 0.020020 0.023248 0.017986
1 0.609849 0.332037 0.025518 0.039159 0.500000
1 0.644698 0.333483 0.073517 0.058040 0.500000
1 0.647675 0.333424 0.076560 0.057816 0.731059
1 0.647121 0.332895 0.077417 0.058876 0.817575
1 0.648394 0.332705 0.078233 0.056898 0.731059
1 0.652517 0.334417 0.073273 0.057426 0.119203
1 0.690555 0.342513 0.102516 0.065185 0.817575
1 0.690749 0.343753 0.103478 0.067711 0.817575
1 0.689941 0.344900 0.105102 0.069961 0.880797
1 0.009541 0.313346 0.019219 0.153068 0.075858
1 0.010503 0.311561 0.021110 0.148477 0.029312
1 0.050941 0.323953 0.042100 0.092385 0.817575
1 0.051676 0.324528 0.043579 0.091118 0.731059
1 0.051759 0.325678 0.043582 0.093442 0.622459
1 0.439680 0.321776 0.079210 0.055169 0.182426
1 0.440308 0.321782 0.083705 0.055155 0.817575
1 0.442250 0.320513 0.081479 0.057724 0.880797
1 0.499196 0.321776 0.062164 0.048979 0.119203
1 0.499821 0.322094 0.064024 0.050958 0.622459
1 0.499562 0.322981 0.065130 0.049192 0.817575
1 0.499769 0.323003 0.063186 0.049148 0.622459
1 0.508902 0.322973 0.060322 0.046540 0.029312
1 0.609526 0.332057 0.022213 0.039183 0.500000
1 0.644785 0.334572 0.072960 0.057823 0.622459
1 0.647818 0.333907 0.079294 0.058963 0.817575
1 0.647708 0.334402 0.076571 0.057495 0.731059
1 0.648469 0.333714 0.078372 0.059068 0.817575
1 0.687067 0.342389 0.101641 0.065187 0.017986
1 0.690019 0.344887 0.104916 0.069988 0.817575
1 0.689926 0.344884 0.104935 0.069968 0.880797
1 0.689973 0.344882 0.105026 0.069967 0.924142
1 0.689667 0.342635 0.104367 0.070073 0.880797
1 0.009553 0.329288 0.019195 0.116707 0.017986
1 0.010528 0.329318 0.021100 0.113365 0.004070
1 0.051363 0.325900 0.044132 0.093127 0.182426
1 0.646236 0.335183 0.075764 0.062034 0.002473
1 0.646901 0.335764 0.077299 0.060897 0.017986
1 0.651100 0.336445 0.065907 0.062146 0.029312
1 0.689994 0.345068 0.104966 0.065189 0.731059
1 0.689978 0.344890 0.105005 0.069939 0.880797
1 0.689215 0.342624 0.106542 0.069938 0.924142
1 0.852600 0.385390 0.138399 0.140700 0.880797
1 0.851776 0.383005 0.138344 0.141013 0.880797
1 0.852183 0.382961 0.139599 0.140938 0.880797
1 0.008753 0.353089 0.017554 0.082569 0.006693
1 0.853406 0.383011 0.140015 0.140988 0.924142
1 0.852669 0.383013 0.138531 0.140999 0.817575
1 0.851503 0.382106 0.138881 0.139203 0.924142
1 0.851965 0.385409 0.139976 0.140727 0.880797
1 0.853363 0.384281 0.139920 0.138465 0.924142
1 0.851477 0.384282 0.139008 0.138447 0.952574
1 0.851981 0.384286 0.138024 0.138451 0.952574
2 0.008771 0.307861 0.017551 0.194672 0.001501
2 0.009133 0.312860 0.018295 0.161050 0.002473
2 0.009667 0.310986 0.019384 0.163152 0.006693
2 0.010143 0.309144 0.020291 0.155633 0.001501
2 0.009064 0.310184 0.021226 0.159181 0.010987
2 0.011298 0.308282 0.019571 0.156756 0.002473
2 0.009930 0.309592 0.019948 0.159965 0.010987
2 0.010115 0.310336 0.020289 0.158096 0.002473
2 0.009541 0.313346 0.019219 0.153068 0.006693
2 0.010503 0.311561 0.021110 0.148477 0.001501
3 0.008771 0.307861 0.017551 0.194672 0.006693
3 0.772196 0.282942 0.051987 0.179055 0.001501
3 0.009133 0.312860 0.018295 0.161050 0.017986
3 0.010235 0.308741 0.020466 0.150257 0.004070
3 0.009667 0.310986 0.019384 0.163152 0.010987
3 0.010143 0.309144 0.020291 0.155633 0.004070
3 0.650899 0.307113 0.063421 0.067979 0.001501
3 0.652961 0.315821 0.072956 0.080864 0.001501
3 0.009064 0.310184 0.021226 0.159181 0.010987
3 0.011298 0.308282 0.019571 0.156756 0.004070
3 0.500258 0.323743 0.065586 0.051016 0.002473
3 0.504127 0.321759 0.066905 0.047027 0.002473
3 0.651684 0.328445 0.074801 0.060467 0.002473
3 0.660574 0.320209 0.057465 0.048093 0.002473
3 0.009930 0.309592 0.019948 0.159965 0.017986
3 0.010115 0.310336 0.020289 0.158096 0.010987
3 0.499081 0.322797 0.064824 0.049142 0.001501
3 0.504991 0.321929 0.068148 0.046379 0.006693
3 0.571551 0.327739 0.015113 0.020864 0.017986
3 0.009541 0.313346 0.019219 0.153068 0.029312
3 0.010503 0.311561 0.021110 0.148477 0.010987
3 0.499821 0.322094 0.064024 0.050958 0.001501
3 0.499562 0.322981 0.065130 0.049192 0.001501
3 0.508902 0.322973 0.060322 0.046540 0.001501
3 0.009553 0.329288 0.019195 0.116707 0.010987
3 0.010528 0.329318 0.021100 0.113365 0.002473
3 0.008753 0.353089 0.017554 0.082569 0.001501
4 0.214065 0.039861 0.062617 0.072134 0.001501
