0 0.004302 0.329413 0.008656 0.194099 0.001501
0 0.003887 0.347596 0.007785 0.147049 0.002473
0 0.003877 0.349790 0.007763 0.143607 0.004070
0 0.003609 0.350037 0.007227 0.147195 0.004070
0 0.003424 0.366385 0.006853 0.118549 0.006693
0 0.003424 0.374150 0.006858 0.103591 0.006693
0 0.983093 0.343279 0.033849 0.102526 0.010987
0 0.003426 0.381107 0.006858 0.088321 0.006693
0 0.991762 0.356563 0.016857 0.142966 0.001501
1 0.952711 0.314107 0.040638 0.071104 0.001501
1 0.780024 0.331927 0.079253 0.085720 0.622459
1 0.779762 0.331976 0.078725 0.085819 0.731059
1 0.780797 0.330604 0.080726 0.083090 0.731059
1 0.819908 0.332357 0.076862 0.071792 0.731059
1 0.820351 0.332239 0.078213 0.071572 0.731059
1 0.819657 0.331916 0.076813 0.070970 0.006693
1 0.838427 0.323310 0.057491 0.054631 0.001501
1 0.966142 0.328792 0.060976 0.075310 0.017986
1 0.967077 0.335815 0.068967 0.083304 0.004070
1 0.966412 0.337041 0.067204 0.085764 0.622459
1 0.966373 0.335945 0.067227 0.083569 0.017986
1 0.974962 0.334397 0.050102 0.095509 0.119203
1 0.061478 0.355298 0.057902 0.133161 0.017986
1 0.213028 0.348301 0.054243 0.054087 0.010987
1 0.212957 0.349561 0.050965 0.056499 0.017986
1 0.213620 0.350714 0.055446 0.058802 0.004070
1 0.779509 0.329666 0.078525 0.085935 0.010987
1 0.780211 0.332201 0.079632 0.090856 0.817575
1 0.779262 0.330931 0.080444 0.088331 0.817575
1 0.780779 0.332188 0.078563 0.090962 0.731059
1 0.819871 0.331700 0.076805 0.070520 0.731059
1 0.819611 0.333264 0.076013 0.073628 0.817575
1 0.819828 0.333263 0.077185 0.073662 0.817575
1 0.819845 0.333240 0.077188 0.073558 0.731059
1 0.860820 0.335955 0.022590 0.031283 0.075858
1 0.862093 0.336468 0.017936 0.030289 0.075858
1 0.887201 0.334586 0.030953 0.039487 0.006693
1 0.901579 0.335652 0.028890 0.037300 0.017986
1 0.902764 0.336865 0.031420 0.040025 0.010987
1 0.931989 0.345769 0.035958 0.053331 0.622459
1 0.931224 0.344632 0.034388 0.051044 0.500000
1 0.933196 0.341595 0.035399 0.061194 0.029312
1 0.965609 0.339107 0.068825 0.085294 0.731059
1 0.965805 0.339046 0.068396 0.085267 0.731059
1 0.965613 0.337045 0.068739 0.085671 0.731059
1 0.977293 0.336290 0.045441 0.096785 0.119203
1 0.062644 0.355121 0.058390 0.142066 0.731059
1 0.061984 0.356252 0.057069 0.139858 0.731059
1 0.062459 0.355423 0.058062 0.141415 0.817575
1 0.212558 0.349236 0.053252 0.052507 0.047426
1 0.212929 0.348607 0.050898 0.053633 0.006693
1 0.211845 0.350156 0.051955 0.055056 0.010987
1 0.211941 0.348656 0.052137 0.053237 0.006693
1 0.779985 0.330909 0.079160 0.088247 0.817575
1 0.779539 0.332055 0.080974 0.086020 0.880797
1 0.780260 0.330906 0.079733 0.088317 0.880797
1 0.781272 0.334332 0.075217 0.086558 0.029312
1 0.820422 0.331941 0.078382 0.075421 0.817575
1 0.819613 0.333288 0.076007 0.073599 0.817575
1 0.819673 0.331265 0.077584 0.074098 0.817575
1 0.819346 0.332391 0.076653 0.071800 0.731059
1 0.862487 0.338512 0.019262 0.031377 0.182426
1 0.862672 0.337254 0.016747 0.028776 0.182426
1 0.884082 0.334803 0.026465 0.033963 0.006693
1 0.899844 0.338311 0.024959 0.037029 0.047426
1 0.901781 0.337584 0.029266 0.038640 0.029312
1 0.931117 0.344649 0.034218 0.051075 0.500000
1 0.931922 0.344673 0.033068 0.051002 0.622459
1 0.933094 0.343466 0.034521 0.057994 0.075858
1 0.966211 0.337986 0.070666 0.087538 0.731059
1 0.966504 0.339111 0.070053 0.085175 0.817575
1 0.965800 0.337985 0.068354 0.087518 0.731059
1 0.982285 0.338418 0.035446 0.097215 0.268941
1 0.062417 0.356596 0.058068 0.136545 0.500000
1 0.063181 0.356538 0.057294 0.141032 0.731059
1 0.061999 0.357252 0.057205 0.142604 0.731059
1 0.062498 0.356034 0.058116 0.143887 0.817575
1 0.213847 0.348407 0.052806 0.054117 0.047426
1 0.212126 0.348627 0.052333 0.053430 0.029312
1 0.211845 0.350015 0.051953 0.055454 0.047426
1 0.211097 0.349719 0.050566 0.056334 0.047426
1 0.779503 0.331934 0.080776 0.086252 0.817575
1 0.931233 0.344673 0.034420 0.051053 0.731059
1 0.931949 0.344671 0.033125 0.051039 0.622459
1 0.964347 0.343127 0.069313 0.073614 0.029312
1 0.965521 0.337150 0.069028 0.085802 0.731059
1 0.965636 0.339995 0.068766 0.083309 0.731059
1 0.967691 0.339334 0.064576 0.085354 0.182426
1 0.981257 0.339232 0.034453 0.099010 0.500000
1 0.003424 0.374150 0.006858 0.103591 0.001501
1 0.062730 0.357918 0.058643 0.138298 0.731059
1 0.062572 0.357952 0.058521 0.140192 0.731059
1 0.063057 0.356730 0.057334 0.142596 0.817575
1 0.211267 0.357966 0.047115 0.079389 0.002473
1 0.977259 0.343024 0.049088 0.090321 0.001501
1 0.983591 0.345613 0.033021 0.096627 0.075858
1 0.983093 0.343279 0.033849 0.102526 0.182426
1 0.991762 0.356563 0.016857 0.142966 0.002473
2 0.952711 0.314107 0.040638 0.071104 0.001501
2 0.966142 0.328792 0.060976 0.075310 0.001501
3 0.994965 0.298819 0.013286 0.150996 0.001501
3 0.952711 0.314107 0.040638 0.071104 0.002473
3 0.838427 0.323310 0.057491 0.054631 0.001501
3 0.860407 0.320642 0.039228 0.055216 0.001501
3 0.901057 0.325345 0.033025 0.064344 0.001501
3 0.966142 0.328792 0.060976 0.075310 0.004070
3 0.860820 0.335955 0.022590 0.031283 0.002473
3 0.862093 0.336468 0.017936 0.030289 0.002473
3 0.887201 0.334586 0.030953 0.039487 0.004070
3 0.901579 0.335652 0.028890 0.037300 0.010987
3 0.902764 0.336865 0.031420 0.040025 0.002473
3 0.862672 0.337254 0.016747 0.028776 0.002473
3 0.899844 0.338311 0.024959 0.037029 0.004070
3 0.901781 0.337584 0.029266 0.038640 0.004070
3 0.981257 0.339232 0.034453 0.099010 0.001501
3 0.983093 0.343279 0.033849 0.102526 0.002473
4 0.983093 0.343279 0.033849 0.102526 0.002473
4 0.003426 0.381107 0.006858 0.088321 0.001501
5 0.899844 0.338311 0.024959 0.037029 0.006693
5 0.981257 0.339232 0.034453 0.099010 0.002473
5 0.983591 0.345613 0.033021 0.096627 0.017986
5 0.983093 0.343279 0.033849 0.102526 0.010987
5 0.983376 0.358968 0.034190 0.127202 0.001501
5 0.991762 0.356563 0.016857 0.142966 0.001501
