0 0.666242 0.305912 0.020336 0.098885 0.001501
0 0.661278 0.309586 0.029147 0.068276 0.006693
0 0.665200 0.308159 0.013839 0.074920 0.377541
0 0.684152 0.309276 0.015390 0.071892 0.268941
0 0.683754 0.309711 0.033392 0.068772 0.006693
0 0.699539 0.309398 0.068971 0.070993 0.001501
0 0.707864 0.308807 0.050893 0.073057 0.001501
0 0.003519 0.304500 0.010123 0.079482 0.001501
0 0.521558 0.316895 0.010245 0.032857 0.001501
0 0.664354 0.309721 0.018482 0.071886 0.075858
0 0.678795 0.311504 0.026253 0.075406 0.017986
0 0.891086 0.308441 0.017984 0.110291 0.001501
0 0.521955 0.318897 0.009419 0.028975 0.010987
0 0.666167 0.309878 0.018810 0.071257 0.047426
0 0.676198 0.313866 0.030889 0.070868 0.010987
0 0.666732 0.310537 0.016589 0.074256 0.377541
0 0.680871 0.314330 0.016814 0.066470 0.119203
0 0.664921 0.323515 0.024256 0.105713 0.002473
0 0.666232 0.318386 0.017776 0.103922 0.075858
0 0.682675 0.323563 0.015763 0.087642 0.006693
1 0.661278 0.309586 0.029147 0.068276 0.029312
1 0.684152 0.309276 0.015390 0.071892 0.004070
1 0.110453 0.329936 0.093894 0.063756 0.001501
1 0.114446 0.327758 0.079570 0.054643 0.006693
1 0.109485 0.320276 0.061567 0.039577 0.010987
1 0.108180 0.317879 0.064973 0.033600 0.029312
1 0.115766 0.321829 0.080150 0.045012 0.004070
1 0.248592 0.334128 0.089301 0.071749 0.002473
1 0.252697 0.333210 0.082263 0.073591 0.010987
1 0.254152 0.332208 0.078292 0.071709 0.075858
1 0.256986 0.331074 0.072034 0.073976 0.075858
1 0.446485 0.325470 0.076061 0.062561 0.880797
1 0.447193 0.326587 0.077481 0.064799 0.731059
1 0.447182 0.327722 0.077470 0.062541 0.817575
1 0.484711 0.321638 0.027478 0.042296 0.377541
1 0.485227 0.321188 0.026515 0.041389 0.377541
1 0.501722 0.318500 0.013674 0.034838 0.075858
1 0.545238 0.324453 0.046290 0.049743 0.731059
1 0.545192 0.324453 0.046206 0.049735 0.622459
1 0.545144 0.323538 0.046195 0.047886 0.817575
1 0.595071 0.324897 0.043228 0.048826 0.622459
1 0.594994 0.325561 0.043089 0.051939 0.622459
1 0.596131 0.324887 0.042372 0.048788 0.622459
1 0.629613 0.316265 0.034509 0.039651 0.500000
1 0.631999 0.316196 0.035942 0.043995 0.500000
1 0.658759 0.315711 0.054152 0.054915 0.377541
1 0.659334 0.317094 0.052281 0.052098 0.268941
1 0.678795 0.311504 0.026253 0.075406 0.017986
1 0.704162 0.317538 0.060657 0.056972 0.500000
1 0.704550 0.317529 0.062607 0.056980 0.622459
1 0.702372 0.317016 0.063900 0.055895 0.622459
1 0.725426 0.315315 0.076296 0.074285 0.017986
1 0.757008 0.320866 0.114119 0.095005 0.817575
1 0.757686 0.321992 0.115457 0.092730 0.880797
1 0.088001 0.345169 0.089689 0.065456 0.002473
1 0.110146 0.335157 0.099720 0.062738 0.075858
1 0.117988 0.324034 0.083934 0.036535 0.010987
1 0.246252 0.334176 0.096099 0.071708 0.010987
1 0.250011 0.333241 0.088458 0.073391 0.017986
1 0.254780 0.334333 0.084691 0.075278 0.047426
1 0.293695 0.339655 0.091109 0.065561 0.500000
1 0.295183 0.342357 0.090624 0.065264 0.731059
1 0.293744 0.341250 0.090818 0.067524 0.817575
1 0.447222 0.325473 0.077443 0.062551 0.817575
1 0.447214 0.326601 0.077465 0.060271 0.817575
1 0.447217 0.327733 0.077473 0.062539 0.880797
1 0.447225 0.326615 0.077520 0.060291 0.817575
1 0.484735 0.322046 0.027476 0.041491 0.731059
1 0.485237 0.321929 0.026518 0.041275 0.622459
1 0.502287 0.319287 0.014769 0.033220 0.119203
1 0.521955 0.318897 0.009419 0.028975 0.047426
1 0.545054 0.323586 0.045945 0.047936 0.817575
1 0.545195 0.323605 0.046197 0.047880 0.817575
1 0.545296 0.324468 0.046455 0.049730 0.880797
1 0.566297 0.322694 0.011930 0.042544 0.006693
1 0.595005 0.324946 0.043094 0.048846 0.817575
1 0.595005 0.324956 0.043076 0.048772 0.817575
1 0.596166 0.324943 0.042367 0.048820 0.817575
1 0.629660 0.317377 0.034493 0.041842 0.500000
1 0.630517 0.317386 0.035874 0.041565 0.500000
1 0.660674 0.316112 0.056377 0.054097 0.268941
1 0.658025 0.315761 0.049675 0.054296 0.377541
1 0.666167 0.309878 0.018810 0.071257 0.004070
1 0.676198 0.313866 0.030889 0.070868 0.010987
1 0.702563 0.315960 0.063914 0.058494 0.500000
1 0.703302 0.317057 0.065175 0.056143 0.500000
1 0.702250 0.315440 0.064226 0.057437 0.731059
1 0.757795 0.322016 0.112499 0.092731 0.880797
1 0.758469 0.322014 0.113890 0.092732 0.880797
1 0.758465 0.322915 0.113897 0.094527 0.924142
1 0.757684 0.322901 0.115502 0.094497 0.880797
1 0.994439 0.331539 0.008138 0.061135 0.002473
1 0.107725 0.362051 0.123885 0.099308 0.622459
1 0.107871 0.362088 0.121757 0.099318 0.731059
1 0.108029 0.361110 0.119164 0.097451 0.817575
1 0.110865 0.359008 0.114305 0.098637 0.731059
1 0.140673 0.349602 0.054718 0.049852 0.006693
1 0.142539 0.358122 0.049921 0.062063 0.006693
1 0.244084 0.333391 0.094077 0.073530 0.002473
1 0.249244 0.333406 0.087784 0.073403 0.017986
1 0.294506 0.341271 0.086122 0.067472 0.817575
1 0.294544 0.339998 0.089176 0.064915 0.817575
1 0.293788 0.341276 0.090693 0.067476 0.880797
1 0.293636 0.341103 0.090874 0.062722 0.880797
1 0.447220 0.327740 0.077433 0.062522 0.817575
1 0.447214 0.327735 0.077462 0.062510 0.817575
1 0.447759 0.327736 0.076381 0.062514 0.880797
1 0.483990 0.323402 0.026031 0.043886 0.075858
1 0.484429 0.323225 0.025387 0.043071 0.047426
1 0.545231 0.324491 0.046301 0.049749 0.817575
1 0.544656 0.323593 0.047277 0.047933 0.817575
1 0.544640 0.324493 0.047311 0.049736 0.924142
1 0.595795 0.324969 0.041606 0.048851 0.817575
1 0.595006 0.325001 0.043079 0.048732 0.817575
1 0.596158 0.324595 0.042378 0.049561 0.731059
1 0.657373 0.318090 0.047864 0.052578 0.029312
1 0.655863 0.315334 0.043506 0.058836 0.004070
1 0.702909 0.316424 0.065943 0.059652 0.182426
1 0.703111 0.318275 0.065749 0.058582 0.268941
1 0.703987 0.319120 0.064316 0.061047 0.182426
1 0.758479 0.320881 0.113877 0.094956 0.880797
1 0.758473 0.322016 0.113871 0.092722 0.924142
1 0.757795 0.320880 0.112538 0.094976 0.952574
1 0.756913 0.321354 0.117032 0.091378 0.924142
1 0.107884 0.361239 0.124567 0.097559 0.622459
1 0.106710 0.361200 0.124077 0.097465 0.731059
1 0.105772 0.361198 0.124783 0.097473 0.817575
1 0.110362 0.362053 0.116047 0.099407 0.731059
1 0.143750 0.365670 0.049283 0.077378 0.002473
1 0.243656 0.334109 0.085384 0.072249 0.004070
1 0.249528 0.335727 0.062280 0.069024 0.047426
1 0.294524 0.341309 0.089143 0.067435 0.817575
1 0.293785 0.340047 0.090690 0.064842 0.880797
1 0.293786 0.340001 0.090731 0.064939 0.880797
1 0.103907 0.360999 0.129375 0.097338 0.002473
1 0.105755 0.361191 0.125924 0.097545 0.817575
1 0.107409 0.361163 0.120895 0.097563 0.817575
1 0.143423 0.372116 0.050221 0.076109 0.001501
1 0.066075 0.460135 0.132224 0.324794 0.880797
1 0.065019 0.459635 0.133211 0.325029 0.817575
1 0.065147 0.462176 0.133424 0.319885 0.817575
1 0.066185 0.462775 0.132442 0.319294 0.880797
1 0.065783 0.461447 0.131666 0.317463 0.880797
1 0.066586 0.463016 0.133233 0.318809 0.880797
1 0.066690 0.464620 0.133388 0.320562 0.817575
1 0.066467 0.465914 0.133007 0.318218 0.924142
1 0.066038 0.465005 0.132241 0.319996 0.924142
1 0.066711 0.462072 0.133428 0.320649 0.924142
2 0.108180 0.317879 0.064973 0.033600 0.001501
2 0.256986 0.331074 0.072034 0.073976 0.001501
3 0.248331 0.322965 0.089346 0.103346 0.001501
3 0.110453 0.329936 0.093894 0.063756 0.002473
3 0.114446 0.327758 0.079570 0.054643 0.006693
3 0.109485 0.320276 0.061567 0.039577 0.010987
3 0.108180 0.317879 0.064973 0.033600 0.017986
3 0.115766 0.321829 0.080150 0.045012 0.002473
3 0.208153 0.332594 0.036642 0.064666 0.006693
3 0.209533 0.333880 0.038236 0.067241 0.001501
3 0.217754 0.334883 0.054456 0.069043 0.002473
3 0.244509 0.334037 0.095650 0.071581 0.182426
3 0.248592 0.334128 0.089301 0.071749 0.500000
3 0.252697 0.333210 0.082263 0.073591 0.268941
3 0.254152 0.332208 0.078292 0.071709 0.268941
3 0.256986 0.331074 0.072034 0.073976 0.075858
3 0.501722 0.318500 0.013674 0.034838 0.017986
3 0.629613 0.316265 0.034509 0.039651 0.001501
3 0.678795 0.311504 0.026253 0.075406 0.001501
3 0.110146 0.335157 0.099720 0.062738 0.010987
3 0.117988 0.324034 0.083934 0.036535 0.001501
3 0.210330 0.337271 0.039992 0.065566 0.500000
3 0.210835 0.338375 0.040837 0.068002 0.377541
3 0.212707 0.337197 0.044539 0.065896 0.377541
3 0.242435 0.335382 0.102299 0.073841 0.377541
3 0.246252 0.334176 0.096099 0.071708 0.377541
3 0.250011 0.333241 0.088458 0.073391 0.377541
3 0.254780 0.334333 0.084691 0.075278 0.268941
3 0.502287 0.319287 0.014769 0.033220 0.004070
3 0.521955 0.318897 0.009419 0.028975 0.002473
3 0.629660 0.317377 0.034493 0.041842 0.001501
3 0.212892 0.337292 0.045197 0.065739 0.622459
3 0.213283 0.337175 0.045725 0.065981 0.377541
3 0.220942 0.338171 0.058820 0.068490 0.268941
3 0.239856 0.335278 0.096158 0.069786 0.268941
3 0.244084 0.333391 0.094077 0.073530 0.377541
3 0.249244 0.333406 0.087784 0.073403 0.377541
3 0.214031 0.338695 0.047426 0.067586 0.377541
3 0.217100 0.338667 0.051220 0.067625 0.377541
3 0.222518 0.336894 0.064172 0.066625 0.182426
3 0.232306 0.335643 0.081142 0.073677 0.075858
3 0.243656 0.334109 0.085384 0.072249 0.119203
3 0.249528 0.335727 0.062280 0.069024 0.075858
4 0.994439 0.331539 0.008138 0.061135 0.001501
4 0.995194 0.336533 0.009640 0.046443 0.006693
5 0.678795 0.311504 0.026253 0.075406 0.001501
5 0.502287 0.319287 0.014769 0.033220 0.001501
5 0.521955 0.318897 0.009419 0.028975 0.002473
5 0.676198 0.313866 0.030889 0.070868 0.004070
5 0.994439 0.331539 0.008138 0.061135 0.001501
5 0.680871 0.314330 0.016814 0.066470 0.006693
5 0.702909 0.316424 0.065943 0.059652 0.004070
5 0.703987 0.319120 0.064316 0.061047 0.002473
5 0.995194 0.336533 0.009640 0.046443 0.004070
