1 0.242231 0.295669 0.067276 0.049828 0.001501
1 0.244323 0.294454 0.067478 0.052478 0.002473
1 0.247717 0.295713 0.062635 0.049947 0.001501
1 0.262967 0.292907 0.032108 0.039138 0.006693
1 0.244829 0.296204 0.067516 0.055661 0.002473
1 0.253880 0.296877 0.051885 0.050704 0.006693
1 0.250970 0.296735 0.056722 0.046439 0.006693
1 0.266298 0.299601 0.025515 0.031204 0.029312
1 0.267572 0.299370 0.036875 0.027373 0.001501
1 0.405340 0.315063 0.026196 0.041798 0.500000
1 0.405841 0.315060 0.025379 0.041706 0.622459
1 0.406130 0.316177 0.026014 0.039457 0.119203
1 0.435721 0.312616 0.024698 0.023066 0.010987
1 0.437122 0.312200 0.025880 0.021462 0.010987
1 0.465942 0.315942 0.026129 0.029705 0.622459
1 0.465949 0.315937 0.026079 0.029687 0.731059
1 0.471495 0.313002 0.025082 0.025110 0.001501
1 0.493224 0.311335 0.017293 0.021675 0.182426
1 0.503772 0.310497 0.014475 0.019991 0.268941
1 0.521020 0.308097 0.014188 0.014035 0.010987
1 0.526102 0.310571 0.013312 0.022752 0.001501
1 0.141119 0.356194 0.182152 0.157410 0.817575
1 0.141467 0.355063 0.183043 0.155145 0.880797
1 0.249366 0.310567 0.051827 0.032673 0.001501
1 0.254281 0.310074 0.045223 0.037187 0.004070
1 0.252814 0.305266 0.053393 0.048981 0.006693
1 0.255249 0.307784 0.048504 0.040421 0.001501
1 0.316487 0.343742 0.176641 0.155543 0.817575
1 0.316571 0.341729 0.174956 0.155084 0.924142
1 0.316612 0.342637 0.174870 0.153335 0.952574
1 0.404922 0.315073 0.026951 0.041716 0.268941
1 0.406176 0.316234 0.024872 0.039357 0.622459
1 0.406800 0.315849 0.025116 0.035017 0.119203
1 0.433684 0.314035 0.023274 0.020945 0.119203
1 0.436703 0.313181 0.026720 0.021468 0.029312
1 0.465936 0.314869 0.026113 0.027341 0.817575
1 0.466334 0.315714 0.026876 0.030167 0.817575
1 0.493011 0.312680 0.014166 0.021738 0.029312
1 0.140139 0.357503 0.183363 0.159963 0.924142
1 0.141636 0.357497 0.183162 0.160007 0.880797
1 0.140295 0.356610 0.183729 0.161781 0.924142
1 0.140764 0.356223 0.181714 0.157411 0.952574
1 0.316995 0.342616 0.175796 0.153348 0.880797
1 0.316963 0.342850 0.175689 0.157324 0.880797
1 0.317008 0.342858 0.175665 0.157339 0.952574
1 0.317344 0.342858 0.174926 0.157337 0.924142
1 0.140142 0.356218 0.183397 0.157461 0.880797
1 0.141208 0.356865 0.182401 0.156151 0.817575
1 0.141474 0.357483 0.182997 0.160028 0.952574
1 0.141071 0.357475 0.182208 0.159986 0.952574
1 0.316679 0.343704 0.175280 0.155617 0.001501
1 0.316996 0.344646 0.175792 0.157342 0.924142
1 0.317006 0.344638 0.175665 0.157324 0.970688
1 0.316997 0.343739 0.175679 0.155579 0.970688
2 0.242231 0.295669 0.067276 0.049828 0.006693
2 0.241468 0.294824 0.065636 0.053165 0.006693
2 0.244323 0.294454 0.067478 0.052478 0.004070
2 0.247717 0.295713 0.062635 0.049947 0.010987
2 0.262967 0.292907 0.032108 0.039138 0.010987
2 0.404348 0.305607 0.032564 0.060069 0.001501
2 0.564352 0.295051 0.065474 0.099826 0.817575
2 0.564266 0.295119 0.063497 0.099973 0.880797
2 0.564521 0.295945 0.065101 0.097136 0.924142
2 0.244618 0.295826 0.067899 0.048771 0.002473
2 0.244829 0.296204 0.067516 0.055661 0.010987
2 0.253880 0.296877 0.051885 0.050704 0.006693
2 0.250970 0.296735 0.056722 0.046439 0.017986
2 0.266298 0.299601 0.025515 0.031204 0.010987
2 0.405340 0.315063 0.026196 0.041798 0.002473
2 0.405841 0.315060 0.025379 0.041706 0.001501
2 0.406130 0.316177 0.026014 0.039457 0.001501
2 0.435721 0.312616 0.024698 0.023066 0.029312
2 0.437122 0.312200 0.025880 0.021462 0.017986
2 0.564800 0.294856 0.064583 0.099502 0.817575
2 0.564573 0.296287 0.065026 0.097815 0.817575
2 0.564267 0.295168 0.063496 0.100056 0.880797
2 0.563988 0.294874 0.064035 0.099457 0.880797
2 0.433684 0.314035 0.023274 0.020945 0.029312
2 0.436703 0.313181 0.026720 0.021468 0.010987
2 0.564523 0.295862 0.065094 0.097039 0.731059
2 0.564803 0.295898 0.064568 0.097266 0.817575
2 0.564182 0.295899 0.063622 0.097241 0.880797
3 0.242231 0.295669 0.067276 0.049828 0.029312
3 0.241468 0.294824 0.065636 0.053165 0.029312
3 0.244323 0.294454 0.067478 0.052478 0.017986
3 0.247717 0.295713 0.062635 0.049947 0.017986
3 0.262967 0.292907 0.032108 0.039138 0.010987
3 0.244618 0.295826 0.067899 0.048771 0.004070
3 0.244829 0.296204 0.067516 0.055661 0.017986
3 0.253880 0.296877 0.051885 0.050704 0.010987
3 0.250970 0.296735 0.056722 0.046439 0.010987
3 0.266298 0.299601 0.025515 0.031204 0.006693
3 0.405841 0.315060 0.025379 0.041706 0.002473
3 0.406130 0.316177 0.026014 0.039457 0.001501
3 0.435721 0.312616 0.024698 0.023066 0.004070
3 0.437122 0.312200 0.025880 0.021462 0.010987
3 0.503772 0.310497 0.014475 0.019991 0.004070
3 0.521020 0.308097 0.014188 0.014035 0.001501
3 0.254281 0.310074 0.045223 0.037187 0.001501
3 0.252814 0.305266 0.053393 0.048981 0.001501
3 0.404922 0.315073 0.026951 0.041716 0.001501
3 0.406176 0.316234 0.024872 0.039357 0.001501
3 0.433684 0.314035 0.023274 0.020945 0.017986
3 0.436703 0.313181 0.026720 0.021468 0.006693
