0 0.119514 0.331245 0.011155 0.070548 0.010987
0 0.118363 0.343441 0.013673 0.048912 0.001501
0 0.146006 0.344910 0.011326 0.065753 0.004070
0 0.158433 0.342043 0.011360 0.074679 0.001501
0 0.994415 0.346086 0.011197 0.085624 0.001501
0 0.147144 0.346323 0.013769 0.068884 0.002473
0 0.156578 0.344791 0.018087 0.071249 0.002473
0 0.994399 0.356867 0.008162 0.067823 0.006693
0 0.995727 0.358552 0.008563 0.064229 0.006693
0 0.995726 0.360415 0.008564 0.061450 0.006693
1 0.838075 0.296688 0.047733 0.036019 0.001501
1 0.836776 0.314973 0.055413 0.073122 0.001501
1 0.380418 0.331311 0.089156 0.092562 0.817575
1 0.380439 0.332433 0.089177 0.094789 0.817575
1 0.381216 0.331322 0.087643 0.092571 0.924142
1 0.587170 0.318198 0.053254 0.040660 0.006693
1 0.591575 0.320747 0.048767 0.043063 0.010987
1 0.594017 0.320159 0.043697 0.041493 0.010987
1 0.621360 0.326825 0.071399 0.054658 0.047426
1 0.621820 0.328876 0.071631 0.055624 0.119203
1 0.622867 0.330004 0.070709 0.057927 0.047426
1 0.630831 0.327670 0.060502 0.053239 0.004070
1 0.675102 0.328719 0.091663 0.087406 0.731059
1 0.674456 0.329605 0.092921 0.085652 0.731059
1 0.675165 0.328653 0.091396 0.087524 0.817575
1 0.732737 0.325471 0.109542 0.104249 0.817575
1 0.731274 0.325482 0.109449 0.104272 0.817575
1 0.731284 0.325532 0.109386 0.104420 0.731059
1 0.987331 0.330078 0.025890 0.116881 0.002473
1 0.044653 0.335969 0.017494 0.031134 0.010987
1 0.062457 0.337318 0.028401 0.033818 0.500000
1 0.063142 0.337311 0.029681 0.033766 0.500000
1 0.095054 0.343582 0.043253 0.046344 0.622459
1 0.095776 0.343684 0.041533 0.046517 0.622459
1 0.095004 0.343274 0.043103 0.045690 0.731059
1 0.118363 0.343441 0.013673 0.048912 0.001501
1 0.124095 0.341700 0.020344 0.054822 0.004070
1 0.194766 0.323952 0.057917 0.051380 0.001501
1 0.381205 0.332455 0.087534 0.094993 0.731059
1 0.380461 0.332419 0.089076 0.094843 0.880797
1 0.381227 0.332414 0.087561 0.094829 0.817575
1 0.380479 0.333323 0.089072 0.096649 0.924142
1 0.451222 0.332191 0.033260 0.034345 0.817575
1 0.451315 0.332189 0.033438 0.034322 0.817575
1 0.473731 0.329395 0.019542 0.028734 0.731059
1 0.474270 0.329412 0.020696 0.028755 0.622459
1 0.490315 0.326589 0.016501 0.018648 0.377541
1 0.505564 0.324943 0.008141 0.011710 0.029312
1 0.533916 0.325328 0.007263 0.016109 0.006693
1 0.544574 0.325482 0.017367 0.020925 0.182426
1 0.569947 0.325255 0.034363 0.026183 0.029312
1 0.583460 0.323776 0.045688 0.032535 0.500000
1 0.592440 0.324576 0.043657 0.037642 0.622459
1 0.593165 0.324386 0.041932 0.037581 0.500000
1 0.623307 0.329375 0.068583 0.054784 0.731059
1 0.623329 0.328490 0.068584 0.051412 0.817575
1 0.623697 0.329567 0.068645 0.054398 0.622459
1 0.628713 0.329861 0.061220 0.053918 0.377541
1 0.673212 0.327388 0.094570 0.085465 0.377541
1 0.674834 0.328049 0.092207 0.088806 0.731059
1 0.674581 0.328705 0.092520 0.087482 0.817575
1 0.675013 0.329974 0.089838 0.090039 0.731059
1 0.733672 0.326647 0.111053 0.106546 0.817575
1 0.732734 0.325348 0.109654 0.109036 0.817575
1 0.731288 0.326635 0.109408 0.106522 0.924142
1 0.732717 0.327110 0.109585 0.107465 0.817575
1 0.790906 0.349628 0.155696 0.144000 0.731059
1 0.791298 0.349566 0.154202 0.144007 0.817575
1 0.790285 0.350184 0.155490 0.142718 0.924142
1 0.986633 0.340907 0.023991 0.091249 0.004070
1 0.994415 0.346086 0.011197 0.085624 0.006693
1 0.012815 0.337709 0.015047 0.019729 0.002473
1 0.041556 0.337258 0.014001 0.028772 0.075858
1 0.061790 0.337358 0.029638 0.033768 0.622459
1 0.061803 0.337336 0.029629 0.033744 0.622459
1 0.095028 0.343706 0.043144 0.046555 0.622459
1 0.095233 0.343727 0.040459 0.046549 0.731059
1 0.095001 0.344378 0.043119 0.047875 0.817575
1 0.107011 0.342649 0.036641 0.050605 0.006693
1 0.124261 0.344870 0.022249 0.050260 0.001501
1 0.252952 0.360951 0.180900 0.133484 0.880797
1 0.253139 0.359563 0.181229 0.135823 0.880797
1 0.253999 0.360838 0.179962 0.133288 0.880797
1 0.380473 0.331294 0.089054 0.092553 0.817575
1 0.381248 0.332432 0.087506 0.094803 0.880797
1 0.381256 0.331298 0.090560 0.092601 0.924142
1 0.451112 0.332211 0.033017 0.034353 0.731059
1 0.450998 0.332199 0.032825 0.034349 0.731059
1 0.474223 0.331029 0.020675 0.027443 0.268941
1 0.473630 0.331013 0.019805 0.027488 0.268941
1 0.585881 0.325453 0.050100 0.037409 0.002473
1 0.593748 0.326342 0.043555 0.038033 0.182426
1 0.614797 0.327937 0.056491 0.047519 0.119203
1 0.622155 0.328164 0.069323 0.052188 0.622459
1 0.623123 0.329895 0.068154 0.053701 0.731059
1 0.625020 0.329737 0.067691 0.054090 0.622459
1 0.630194 0.329950 0.057908 0.053845 0.377541
1 0.674745 0.328713 0.091980 0.087488 0.880797
1 0.675574 0.328706 0.092173 0.087480 0.817575
1 0.675614 0.329529 0.089183 0.085671 0.880797
1 0.732794 0.326686 0.109809 0.106622 0.817575
1 0.732724 0.324300 0.109624 0.106984 0.880797
1 0.730868 0.327230 0.111620 0.107740 0.731059
1 0.791765 0.348493 0.151710 0.141581 0.880797
1 0.790607 0.348427 0.156287 0.141724 0.817575
1 0.790450 0.348639 0.155886 0.145775 0.924142
1 0.790269 0.348678 0.155521 0.145711 0.924142
1 0.987418 0.355792 0.022351 0.068047 0.006693
1 0.994399 0.356867 0.008162 0.067823 0.029312
1 0.095821 0.343787 0.041700 0.046630 0.500000
1 0.095772 0.344888 0.041555 0.047010 0.622459
1 0.095757 0.344427 0.041599 0.047932 0.731059
1 0.253300 0.360973 0.181632 0.133494 0.880797
1 0.253329 0.359575 0.181563 0.135826 0.880797
1 0.253237 0.359381 0.181474 0.135435 0.924142
1 0.253249 0.359685 0.181453 0.136074 0.924142
1 0.380419 0.332382 0.089166 0.094933 0.001501
1 0.635186 0.335094 0.046714 0.064407 0.002473
1 0.636844 0.335465 0.050057 0.063761 0.010987
1 0.790624 0.349540 0.156250 0.143975 0.817575
1 0.790173 0.351080 0.155345 0.144505 0.924142
1 0.790265 0.350214 0.155521 0.142699 0.952574
1 0.987301 0.356423 0.025693 0.064159 0.004070
1 0.995727 0.358552 0.008563 0.064229 0.010987
1 0.252358 0.360666 0.182829 0.132914 0.924142
1 0.254078 0.360659 0.180083 0.132897 0.924142
1 0.253262 0.360664 0.181435 0.132911 0.952574
1 0.995726 0.360415 0.008564 0.061450 0.001501
2 0.030705 0.327090 0.049088 0.040270 0.002473
2 0.029304 0.326549 0.043909 0.039320 0.002473
3 0.568858 0.317065 0.032384 0.038427 0.004070
3 0.587170 0.318198 0.053254 0.040660 0.001501
3 0.591575 0.320747 0.048767 0.043063 0.001501
3 0.594017 0.320159 0.043697 0.041493 0.001501
3 0.044653 0.335969 0.017494 0.031134 0.001501
3 0.063142 0.337311 0.029681 0.033766 0.002473
3 0.490315 0.326589 0.016501 0.018648 0.017986
3 0.041556 0.337258 0.014001 0.028772 0.002473
4 0.994399 0.356867 0.008162 0.067823 0.001501
4 0.995727 0.358552 0.008563 0.064229 0.001501
5 0.987418 0.355792 0.022351 0.068047 0.001501
5 0.994399 0.356867 0.008162 0.067823 0.004070
5 0.995727 0.358552 0.008563 0.064229 0.004070
5 0.995726 0.360415 0.008564 0.061450 0.002473
