0 0.024263 0.315388 0.014028 0.084245 0.001501
0 0.026690 0.317519 0.012149 0.083848 0.006693
0 0.417973 0.300835 0.014110 0.044208 0.002473
0 0.024470 0.316952 0.014456 0.081581 0.004070
0 0.026574 0.321231 0.011265 0.082021 0.006693
0 0.418756 0.304415 0.018329 0.035432 0.017986
0 0.741761 0.309607 0.008765 0.041114 0.004070
0 0.023641 0.322972 0.012792 0.068497 0.001501
0 0.027135 0.330800 0.010216 0.061150 0.006693
0 0.182620 0.334284 0.034778 0.049557 0.001501
0 0.420328 0.307902 0.019151 0.046125 0.006693
0 0.527700 0.305858 0.030990 0.039150 0.002473
0 0.532178 0.309396 0.025061 0.030327 0.002473
0 0.741781 0.311180 0.008722 0.044613 0.004070
0 0.024021 0.327263 0.013552 0.065078 0.002473
0 0.030010 0.332505 0.007143 0.062305 0.017986
0 0.031288 0.332523 0.009558 0.069235 0.006693
0 0.050083 0.342200 0.019558 0.049956 0.002473
0 0.065474 0.340649 0.034406 0.051050 0.002473
1 0.384248 0.298197 0.061721 0.041732 0.002473
1 0.962910 0.318946 0.068955 0.092126 0.002473
1 0.963323 0.318891 0.066800 0.092278 0.004070
1 0.151515 0.315722 0.035824 0.055143 0.001501
1 0.364772 0.328643 0.126458 0.102441 0.817575
1 0.363903 0.328652 0.128071 0.102408 0.731059
1 0.418756 0.304415 0.018329 0.035432 0.001501
1 0.494303 0.309933 0.071609 0.041695 0.817575
1 0.494248 0.308809 0.071466 0.043952 0.817575
1 0.494187 0.309942 0.071409 0.041687 0.817575
1 0.494170 0.309950 0.071439 0.041686 0.731059
1 0.493823 0.311213 0.070750 0.039186 0.622459
1 0.525699 0.305249 0.033584 0.037326 0.182426
1 0.533148 0.307618 0.028114 0.026978 0.017986
1 0.558488 0.307333 0.011372 0.015513 0.029312
1 0.573062 0.309204 0.015407 0.016278 0.029312
1 0.579375 0.309393 0.019758 0.015889 0.017986
1 0.604854 0.312308 0.026874 0.022505 0.182426
1 0.605587 0.312318 0.025666 0.022455 0.119203
1 0.626873 0.314481 0.047065 0.027995 0.182426
1 0.633033 0.314490 0.040545 0.032449 0.268941
1 0.661739 0.318228 0.076597 0.043504 0.731059
1 0.662488 0.316193 0.078121 0.043970 0.817575
1 0.663183 0.317323 0.079458 0.041750 0.817575
1 0.662488 0.317104 0.078124 0.045798 0.817575
1 0.663231 0.316211 0.076665 0.044027 0.731059
1 0.754146 0.308504 0.024575 0.038934 0.004070
1 0.817204 0.321624 0.109452 0.106836 0.880797
1 0.817265 0.322889 0.109584 0.109315 0.817575
1 0.816506 0.322888 0.113916 0.109370 0.880797
1 0.893308 0.333149 0.078497 0.105750 0.017986
1 0.892707 0.332862 0.079449 0.105161 0.017986
1 0.962283 0.324095 0.067804 0.091835 0.001501
1 0.961619 0.320566 0.070057 0.093755 0.006693
1 0.964345 0.320507 0.071417 0.091702 0.010987
1 0.965294 0.323153 0.066507 0.091936 0.004070
1 0.968232 0.323987 0.066981 0.092220 0.004070
1 0.059461 0.338096 0.047610 0.046160 0.268941
1 0.060604 0.338715 0.045534 0.047571 0.377541
1 0.060796 0.338740 0.043653 0.047488 0.500000
1 0.061431 0.338848 0.044227 0.047742 0.500000
1 0.132034 0.348323 0.064082 0.081361 0.817575
1 0.132018 0.349278 0.064085 0.083249 0.817575
1 0.132012 0.348338 0.064102 0.084969 0.817575
1 0.182620 0.334284 0.034778 0.049557 0.047426
1 0.183467 0.335522 0.033041 0.046987 0.119203
1 0.183672 0.335509 0.033054 0.047009 0.119203
1 0.189359 0.335345 0.040970 0.047399 0.006693
1 0.365316 0.328680 0.127560 0.102435 0.817575
1 0.364543 0.327762 0.128938 0.104212 0.817575
1 0.364046 0.327779 0.127809 0.104168 0.880797
1 0.362401 0.329589 0.131093 0.104201 0.880797
1 0.494309 0.308801 0.071597 0.043994 0.880797
1 0.494239 0.308807 0.071473 0.043966 0.817575
1 0.493836 0.308798 0.070708 0.044001 0.880797
1 0.494776 0.311230 0.070430 0.044291 0.817575
1 0.494118 0.309938 0.071398 0.041818 0.817575
1 0.527700 0.305858 0.030990 0.039150 0.029312
1 0.532178 0.309396 0.025061 0.030327 0.002473
1 0.604295 0.313277 0.025677 0.021294 0.268941
1 0.607462 0.313712 0.024072 0.021582 0.182426
1 0.621995 0.314566 0.040480 0.024331 0.268941
1 0.632440 0.314771 0.033016 0.032070 0.182426
1 0.661827 0.318226 0.079457 0.043523 0.731059
1 0.662483 0.318220 0.078114 0.043490 0.731059
1 0.662504 0.317324 0.078092 0.041731 0.817575
1 0.663264 0.317334 0.076613 0.041749 0.817575
1 0.663094 0.318227 0.079671 0.043535 0.622459
1 0.817933 0.324044 0.110889 0.111576 0.880797
1 0.817193 0.324046 0.112473 0.111578 0.880797
1 0.816513 0.321787 0.111160 0.111587 0.924142
1 0.815822 0.321801 0.112549 0.111669 0.924142
1 0.892770 0.333534 0.079570 0.107583 0.817575
1 0.893143 0.333936 0.080383 0.107184 0.817575
1 0.892740 0.333372 0.079624 0.106059 0.817575
1 0.892939 0.333366 0.077805 0.106045 0.817575
1 0.961565 0.326363 0.064586 0.086974 0.002473
1 0.962476 0.323659 0.068327 0.082546 0.010987
1 0.964680 0.325457 0.067184 0.081295 0.017986
1 0.966493 0.329484 0.064292 0.079464 0.010987
1 0.968590 0.332141 0.060287 0.078579 0.010987
1 0.060343 0.338639 0.045397 0.047464 0.268941
1 0.061037 0.339139 0.044652 0.048287 0.377541
1 0.060910 0.339815 0.043598 0.045071 0.377541
1 0.061871 0.338648 0.043345 0.047407 0.500000
1 0.132724 0.349139 0.065493 0.083625 0.817575
1 0.132796 0.348419 0.062539 0.085175 0.817575
1 0.132025 0.350428 0.064075 0.085657 0.817575
1 0.132031 0.347480 0.061037 0.083363 0.817575
1 0.182443 0.334290 0.032159 0.049524 0.182426
1 0.183804 0.337058 0.032425 0.043981 0.182426
1 0.182771 0.336980 0.031718 0.044105 0.377541
1 0.194484 0.340244 0.030535 0.037649 0.017986
1 0.364872 0.328734 0.126705 0.105877 0.880797
1 0.365280 0.327779 0.127463 0.104144 0.817575
1 0.363970 0.327805 0.127913 0.104087 0.924142
1 0.362977 0.328679 0.129942 0.102339 0.952574
1 0.817906 0.324037 0.110822 0.111649 0.880797
1 0.816517 0.321786 0.111121 0.111621 0.924142
1 0.817922 0.321787 0.114036 0.111615 0.924142
1 0.893106 0.332686 0.080241 0.107440 0.880797
1 0.892772 0.332918 0.079694 0.108044 0.817575
1 0.893311 0.333370 0.078627 0.107132 0.880797
1 0.892675 0.332656 0.079444 0.105531 0.880797
1 0.959909 0.331178 0.063465 0.079497 0.004070
1 0.964704 0.329624 0.063867 0.073587 0.006693
1 0.968481 0.334049 0.063655 0.071115 0.006693
1 0.970466 0.336656 0.056316 0.071624 0.006693
1 0.063130 0.340604 0.042142 0.051179 0.017986
1 0.065474 0.340649 0.034406 0.051050 0.010987
1 0.064273 0.340686 0.038557 0.051026 0.006693
1 0.132032 0.349314 0.064049 0.083357 0.817575
1 0.132025 0.349300 0.064071 0.083342 0.880797
1 0.132014 0.348358 0.064072 0.085129 0.880797
1 0.893605 0.332930 0.079201 0.105793 0.377541
1 0.893094 0.333228 0.080227 0.105202 0.924142
1 0.972179 0.341929 0.057025 0.075561 0.001501
1 0.975404 0.344755 0.049604 0.079712 0.001501
2 0.151515 0.315722 0.035824 0.055143 0.002473
2 0.525699 0.305249 0.033584 0.037326 0.002473
3 0.154545 0.310764 0.055804 0.067514 0.001501
3 0.183290 0.313897 0.022945 0.077071 0.002473
3 0.187651 0.313824 0.032736 0.084824 0.002473
3 0.516409 0.300119 0.049919 0.045755 0.004070
3 0.525147 0.302028 0.033471 0.044862 0.010987
3 0.134359 0.333977 0.040410 0.085538 0.001501
3 0.140506 0.331323 0.044274 0.081290 0.002473
3 0.151515 0.315722 0.035824 0.055143 0.006693
3 0.183658 0.321576 0.030355 0.078651 0.001501
3 0.185810 0.319004 0.036362 0.080431 0.001501
3 0.525699 0.305249 0.033584 0.037326 0.377541
3 0.533148 0.307618 0.028114 0.026978 0.017986
3 0.558488 0.307333 0.011372 0.015513 0.006693
3 0.573062 0.309204 0.015407 0.016278 0.002473
3 0.604854 0.312308 0.026874 0.022505 0.001501
3 0.605587 0.312318 0.025666 0.022455 0.002473
3 0.182620 0.334284 0.034778 0.049557 0.004070
3 0.183467 0.335522 0.033041 0.046987 0.004070
3 0.183672 0.335509 0.033054 0.047009 0.002473
3 0.527700 0.305858 0.030990 0.039150 0.047426
3 0.532178 0.309396 0.025061 0.030327 0.001501
3 0.182443 0.334290 0.032159 0.049524 0.004070
3 0.183804 0.337058 0.032425 0.043981 0.001501
3 0.182771 0.336980 0.031718 0.044105 0.001501
4 0.065474 0.340649 0.034406 0.051050 0.001501
4 0.253136 0.334706 0.022465 0.071230 0.002473
4 0.255826 0.343784 0.023406 0.091498 0.001501
5 0.187651 0.313824 0.032736 0.084824 0.001501
5 0.183658 0.321576 0.030355 0.078651 0.006693
5 0.185810 0.319004 0.036362 0.080431 0.010987
5 0.252907 0.325691 0.020869 0.079132 0.004070
5 0.418756 0.304415 0.018329 0.035432 0.001501
5 0.182620 0.334284 0.034778 0.049557 0.029312
5 0.183467 0.335522 0.033041 0.046987 0.029312
5 0.183672 0.335509 0.033054 0.047009 0.029312
5 0.250456 0.327883 0.020816 0.082941 0.010987
5 0.254349 0.327742 0.023273 0.083371 0.047426
5 0.259397 0.324114 0.026676 0.077201 0.002473
5 0.420328 0.307902 0.019151 0.046125 0.004070
5 0.422218 0.309805 0.022838 0.042320 0.001501
5 0.532178 0.309396 0.025061 0.030327 0.001501
5 0.607462 0.313712 0.024072 0.021582 0.001501
5 0.182443 0.334290 0.032159 0.049524 0.017986
5 0.183804 0.337058 0.032425 0.043981 0.010987
5 0.182771 0.336980 0.031718 0.044105 0.017986
5 0.250508 0.329127 0.020777 0.074848 0.004070
5 0.253504 0.328684 0.021465 0.078522 0.006693
5 0.258395 0.329246 0.023837 0.079573 0.002473
5 0.063130 0.340604 0.042142 0.051179 0.006693
5 0.065474 0.340649 0.034406 0.051050 0.017986
5 0.064273 0.340686 0.038557 0.051026 0.006693
5 0.242960 0.332444 0.034343 0.076334 0.002473
5 0.249859 0.331077 0.025393 0.074727 0.006693
5 0.253136 0.334706 0.022465 0.071230 0.006693
5 0.258736 0.337989 0.024668 0.081079 0.004070
5 0.255826 0.343784 0.023406 0.091498 0.002473
5 0.259050 0.344311 0.026643 0.095031 0.001501
