0 0.040556 0.313197 0.009453 0.075476 0.001501
0 0.420376 0.291588 0.012745 0.032005 0.010987
0 0.430457 0.299978 0.011052 0.039460 0.010987
0 0.003600 0.323514 0.007207 0.069838 0.004070
0 0.039610 0.318191 0.010304 0.077298 0.002473
0 0.179300 0.325476 0.013472 0.050078 0.002473
0 0.427227 0.295945 0.023881 0.034502 0.004070
0 0.431254 0.301556 0.012526 0.036442 0.075858
0 0.436752 0.307081 0.017077 0.041419 0.004070
0 0.003599 0.324603 0.007210 0.071758 0.006693
0 0.184137 0.329824 0.018422 0.053682 0.004070
0 0.204560 0.326867 0.034344 0.044970 0.001501
0 0.433693 0.306476 0.017612 0.044271 0.006693
0 0.003875 0.325238 0.007758 0.074628 0.004070
0 0.046425 0.332299 0.009940 0.054184 0.002473
0 0.186545 0.328462 0.017452 0.051574 0.006693
0 0.004283 0.331416 0.008589 0.093784 0.001501
0 0.059832 0.339576 0.011765 0.055227 0.004070
0 0.071581 0.339703 0.028183 0.054924 0.002473
0 0.083296 0.339744 0.033489 0.054749 0.004070
0 0.459833 0.987097 0.011964 0.025992 0.017986
0 0.462845 0.987002 0.019750 0.026268 0.001501
1 0.179300 0.325476 0.013472 0.050078 0.002473
1 0.201672 0.326206 0.031834 0.050381 0.002473
1 0.206366 0.325680 0.029860 0.050437 0.002473
1 0.381496 0.324169 0.123336 0.101692 0.817575
1 0.380892 0.322888 0.123167 0.099115 0.731059
1 0.380616 0.322891 0.123704 0.099101 0.880797
1 0.505292 0.307680 0.070272 0.041677 0.817575
1 0.505307 0.306778 0.070233 0.043481 0.817575
1 0.504331 0.307679 0.069430 0.041679 0.817575
1 0.504322 0.306784 0.069414 0.043489 0.731059
1 0.504584 0.307503 0.069052 0.041594 0.500000
1 0.537125 0.303301 0.029071 0.036843 0.182426
1 0.555536 0.306657 0.008562 0.016843 0.010987
1 0.570260 0.306052 0.009891 0.012949 0.017986
1 0.583617 0.308081 0.014295 0.014033 0.029312
1 0.592691 0.309192 0.018067 0.016279 0.010987
1 0.615944 0.312201 0.028914 0.022292 0.182426
1 0.617743 0.312617 0.026617 0.023059 0.119203
1 0.640205 0.315623 0.041108 0.030271 0.377541
1 0.642582 0.316448 0.037508 0.033720 0.268941
1 0.672720 0.318228 0.073672 0.039901 0.817575
1 0.673428 0.317091 0.075056 0.045782 0.817575
1 0.672073 0.318227 0.075039 0.043552 0.817575
1 0.672746 0.318236 0.073697 0.043532 0.731059
1 0.673504 0.317345 0.072238 0.041759 0.622459
1 0.757995 0.304290 0.019361 0.035014 0.001501
1 0.821002 0.322936 0.111135 0.109372 0.817575
1 0.820998 0.322914 0.111144 0.109361 0.880797
1 0.821003 0.324054 0.111127 0.111653 0.880797
1 0.072994 0.334497 0.054085 0.049227 0.182426
1 0.075191 0.333381 0.046691 0.046984 0.377541
1 0.076152 0.334674 0.047764 0.044561 0.377541
1 0.076332 0.335827 0.047418 0.047034 0.500000
1 0.150367 0.343157 0.062503 0.083807 0.029312
1 0.150475 0.343011 0.062009 0.084813 0.731059
1 0.150231 0.343309 0.062053 0.084209 0.817575
1 0.184137 0.329824 0.018422 0.053682 0.029312
1 0.204560 0.326867 0.034344 0.044970 0.119203
1 0.205800 0.328669 0.030089 0.045924 0.182426
1 0.207378 0.329943 0.029533 0.048480 0.268941
1 0.381441 0.322914 0.123166 0.104191 0.817575
1 0.380905 0.324191 0.123147 0.101625 0.817575
1 0.380615 0.324197 0.123731 0.101618 0.880797
1 0.380469 0.325466 0.125131 0.104215 0.817575
1 0.433693 0.306476 0.017612 0.044271 0.001501
1 0.505315 0.308782 0.070253 0.044019 0.924142
1 0.504353 0.307905 0.069410 0.045771 0.817575
1 0.504600 0.308810 0.068884 0.043979 0.880797
1 0.504578 0.308807 0.068959 0.044011 0.817575
1 0.504591 0.308822 0.068920 0.044139 0.817575
1 0.538961 0.305013 0.028052 0.037830 0.006693
1 0.615575 0.313279 0.028111 0.021297 0.268941
1 0.620121 0.314117 0.023961 0.022585 0.182426
1 0.637648 0.315796 0.040535 0.030037 0.377541
1 0.642145 0.316627 0.034710 0.033459 0.119203
1 0.672071 0.318214 0.075016 0.043500 0.731059
1 0.672064 0.318222 0.075019 0.039898 0.817575
1 0.672765 0.318222 0.073651 0.043522 0.817575
1 0.672769 0.317330 0.073691 0.041708 0.817575
1 0.672597 0.317332 0.074058 0.041719 0.268941
1 0.821520 0.325348 0.110077 0.109059 0.880797
1 0.820244 0.324059 0.109676 0.111580 0.880797
1 0.820987 0.324961 0.111131 0.113386 0.924142
1 0.820230 0.326245 0.109608 0.110869 0.880797
1 0.895416 0.335930 0.078336 0.106481 0.817575
1 0.894848 0.335635 0.077258 0.107075 0.880797
1 0.895290 0.336325 0.078532 0.105641 0.880797
1 0.965008 0.335936 0.070185 0.079722 0.004070
1 0.962936 0.338619 0.071247 0.084293 0.006693
1 0.962712 0.340892 0.071568 0.082876 0.010987
1 0.964156 0.340211 0.068766 0.087934 0.004070
1 0.073713 0.335656 0.048517 0.046883 0.075858
1 0.076254 0.334569 0.047652 0.044553 0.377541
1 0.076855 0.335789 0.046357 0.046769 0.377541
1 0.076942 0.335413 0.046180 0.051341 0.500000
1 0.150477 0.343397 0.061835 0.083576 0.731059
1 0.150433 0.343396 0.061638 0.083575 0.817575
1 0.150410 0.343562 0.061698 0.083727 0.880797
1 0.150296 0.343371 0.061473 0.084102 0.880797
1 0.186545 0.328462 0.017452 0.051574 0.017986
1 0.203252 0.329741 0.034722 0.048944 0.075858
1 0.206573 0.329862 0.028689 0.048687 0.268941
1 0.207418 0.328604 0.029414 0.046129 0.182426
1 0.381283 0.324187 0.123304 0.101632 0.880797
1 0.381133 0.324198 0.123607 0.101615 0.880797
1 0.380848 0.322922 0.124178 0.099084 0.880797
1 0.821548 0.324065 0.110112 0.111602 0.880797
1 0.820982 0.325347 0.111159 0.109090 0.924142
1 0.821022 0.324092 0.111142 0.111697 0.924142
1 0.895271 0.336797 0.078505 0.108407 0.880797
1 0.895406 0.336834 0.078312 0.108289 0.817575
1 0.894856 0.336836 0.077232 0.108291 0.880797
1 0.895403 0.335934 0.078306 0.106485 0.880797
1 0.964770 0.342132 0.070366 0.073625 0.004070
1 0.962733 0.343963 0.071444 0.075024 0.010987
1 0.962990 0.344461 0.070984 0.075795 0.010987
1 0.963995 0.346577 0.069031 0.079517 0.006693
1 0.078277 0.339729 0.043643 0.054774 0.004070
1 0.083296 0.339744 0.033489 0.054749 0.006693
1 0.150342 0.343444 0.062276 0.083967 0.817575
1 0.150434 0.343184 0.061635 0.083732 0.880797
1 0.150409 0.343335 0.062407 0.083459 0.924142
1 0.150367 0.343378 0.061791 0.083367 0.377541
1 0.894680 0.335817 0.077600 0.106726 0.880797
1 0.895286 0.336272 0.078545 0.105822 0.880797
1 0.895392 0.336304 0.078286 0.105600 0.924142
1 0.963415 0.350198 0.069784 0.068493 0.001501
1 0.962534 0.347069 0.071942 0.074905 0.002473
1 0.963862 0.347898 0.069310 0.073458 0.004070
1 0.968163 0.352463 0.060662 0.072159 0.001501
2 0.537125 0.303301 0.029071 0.036843 0.010987
2 0.555536 0.306657 0.008562 0.016843 0.001501
3 0.521193 0.299640 0.058434 0.044797 0.002473
3 0.537650 0.300509 0.030998 0.041823 0.002473
3 0.537125 0.303301 0.029071 0.036843 0.268941
3 0.555536 0.306657 0.008562 0.016843 0.002473
3 0.570260 0.306052 0.009891 0.012949 0.004070
3 0.583617 0.308081 0.014295 0.014033 0.001501
3 0.615944 0.312201 0.028914 0.022292 0.001501
3 0.207378 0.329943 0.029533 0.048480 0.001501
3 0.538961 0.305013 0.028052 0.037830 0.004070
3 0.207418 0.328604 0.029414 0.046129 0.001501
4 0.452598 0.311463 0.011935 0.034272 0.001501
4 0.277339 0.347490 0.017310 0.050161 0.001501
5 0.206366 0.325680 0.029860 0.050437 0.002473
5 0.208782 0.326038 0.032704 0.056112 0.006693
5 0.431254 0.301556 0.012526 0.036442 0.002473
5 0.436752 0.307081 0.017077 0.041419 0.002473
5 0.184137 0.329824 0.018422 0.053682 0.001501
5 0.204560 0.326867 0.034344 0.044970 0.010987
5 0.205800 0.328669 0.030089 0.045924 0.029312
5 0.207378 0.329943 0.029533 0.048480 0.029312
5 0.272905 0.331511 0.019553 0.065028 0.002473
5 0.277000 0.331810 0.018043 0.065625 0.002473
5 0.433693 0.306476 0.017612 0.044271 0.010987
5 0.442871 0.310809 0.011338 0.040164 0.002473
5 0.452598 0.311463 0.011935 0.034272 0.001501
5 0.073713 0.335656 0.048517 0.046883 0.001501
5 0.186545 0.328462 0.017452 0.051574 0.002473
5 0.203252 0.329741 0.034722 0.048944 0.006693
5 0.206573 0.329862 0.028689 0.048687 0.075858
5 0.207418 0.328604 0.029414 0.046129 0.029312
5 0.272607 0.345648 0.018020 0.034191 0.004070
5 0.275962 0.343746 0.017338 0.041946 0.002473
5 0.071581 0.339703 0.028183 0.054924 0.004070
5 0.078277 0.339729 0.043643 0.054774 0.006693
5 0.083296 0.339744 0.033489 0.054749 0.029312
5 0.273926 0.345760 0.017227 0.042654 0.002473
5 0.277339 0.347490 0.017310 0.050161 0.004070
