0 0.447100 0.323105 0.013493 0.049719 0.006693
0 0.452399 0.318661 0.010686 0.044410 0.010987
0 0.791754 0.311088 0.008577 0.039622 0.002473
0 0.443117 0.327189 0.008226 0.044088 0.047426
0 0.453869 0.323712 0.007759 0.033441 0.029312
0 0.471945 0.329583 0.014332 0.020944 0.002473
0 0.473950 0.328828 0.016581 0.019560 0.001501
0 0.505711 0.324990 0.005659 0.030269 0.017986
0 0.790556 0.315795 0.009416 0.043804 0.002473
0 0.443079 0.328584 0.008129 0.046178 0.017986
0 0.453070 0.327942 0.009371 0.043543 0.006693
1 0.689753 0.308936 0.023769 0.016889 0.182426
1 0.689130 0.308938 0.024898 0.016883 0.182426
1 0.709773 0.301995 0.011697 0.026269 0.001501
1 0.720195 0.304492 0.009668 0.016099 0.004070
1 0.744600 0.313590 0.017285 0.026199 0.377541
1 0.747896 0.312256 0.023628 0.025342 0.010987
1 0.773979 0.310664 0.017660 0.022671 0.002473
1 0.778001 0.315487 0.023332 0.030225 0.002473
1 0.204325 0.321634 0.027901 0.023474 0.377541
1 0.204217 0.322925 0.025381 0.025972 0.500000
1 0.211220 0.325025 0.044286 0.030379 0.268941
1 0.209421 0.323960 0.056568 0.034266 0.017986
1 0.299068 0.348707 0.251683 0.177815 0.924142
1 0.300058 0.350002 0.250376 0.180409 0.880797
1 0.299066 0.348661 0.251878 0.177749 0.880797
1 0.471945 0.329583 0.014332 0.020944 0.017986
1 0.520815 0.322773 0.014482 0.026569 0.001501
1 0.544379 0.321788 0.033059 0.028264 0.622459
1 0.545343 0.322919 0.034281 0.030500 0.622459
1 0.545413 0.321794 0.034208 0.028251 0.500000
1 0.578748 0.321773 0.036139 0.028277 0.500000
1 0.579626 0.320506 0.034628 0.025696 0.500000
1 0.579760 0.319603 0.034751 0.027503 0.500000
1 0.744497 0.313788 0.017083 0.025943 0.622459
1 0.746866 0.313367 0.022018 0.026991 0.017986
1 0.776192 0.317731 0.019722 0.027265 0.004070
1 0.776090 0.320150 0.020165 0.032072 0.004070
1 0.022209 0.366986 0.036491 0.057757 0.817575
1 0.021531 0.364564 0.035071 0.057409 0.731059
1 0.022230 0.364576 0.036385 0.052873 0.817575
1 0.062469 0.357882 0.046959 0.062431 0.817575
1 0.063173 0.356606 0.045571 0.062493 0.817575
1 0.061817 0.356597 0.045569 0.062511 0.817575
1 0.063188 0.356007 0.045601 0.063349 0.880797
1 0.203417 0.328906 0.034904 0.033364 0.004070
1 0.298570 0.348666 0.250407 0.177752 0.731059
1 0.297735 0.348597 0.251595 0.177889 0.924142
1 0.300063 0.348352 0.250359 0.178300 0.924142
1 0.299900 0.347471 0.250208 0.175357 0.924142
1 0.021512 0.364579 0.035099 0.057410 0.731059
1 0.022194 0.364593 0.036430 0.057380 0.817575
1 0.022210 0.365703 0.036397 0.055157 0.731059
1 0.061813 0.357204 0.045597 0.063783 0.817575
1 0.062495 0.356589 0.046926 0.062481 0.817575
1 0.062499 0.357230 0.046926 0.063830 0.880797
1 0.062504 0.356091 0.044232 0.063471 0.817575
1 0.299106 0.349764 0.251859 0.180672 0.952574
1 0.299326 0.348496 0.248917 0.178139 0.924142
1 0.022233 0.365855 0.036543 0.059992 0.817575
1 0.022208 0.364592 0.036442 0.057394 0.731059
1 0.022224 0.364588 0.036429 0.057402 0.731059
1 0.062459 0.357201 0.046895 0.064088 0.001501
1 0.062491 0.356158 0.046914 0.063497 0.622459
1 0.061819 0.356579 0.045585 0.062649 0.817575
1 0.299217 0.349203 0.254684 0.183587 0.731059
1 0.299955 0.350688 0.256204 0.181367 0.037327
2 0.709092 0.296154 0.015241 0.033057 0.001501
2 0.709773 0.301995 0.011697 0.026269 0.006693
2 0.720195 0.304492 0.009668 0.016099 0.001501
3 0.709092 0.296154 0.015241 0.033057 0.001501
3 0.689753 0.308936 0.023769 0.016889 0.001501
3 0.689130 0.308938 0.024898 0.016883 0.001501
3 0.709773 0.301995 0.011697 0.026269 0.010987
3 0.720195 0.304492 0.009668 0.016099 0.004070
3 0.204325 0.321634 0.027901 0.023474 0.002473
3 0.204217 0.322925 0.025381 0.025972 0.004070
3 0.579626 0.320506 0.034628 0.025696 0.002473
4 0.471945 0.329583 0.014332 0.020944 0.047426
4 0.473950 0.328828 0.016581 0.019560 0.001501
4 0.471778 0.332815 0.016270 0.026945 0.004070
4 0.473889 0.332046 0.017801 0.028981 0.001501
5 0.471945 0.329583 0.014332 0.020944 0.002473
5 0.668905 0.314436 0.019420 0.022031 0.002473
