0 0.100551 0.297298 0.015503 0.090692 0.004070
0 0.103487 0.299688 0.014977 0.089870 0.075858
0 0.100995 0.299052 0.016397 0.087274 0.006693
0 0.102799 0.299492 0.013640 0.088532 0.182426
0 0.098890 0.299347 0.014887 0.086424 0.002473
0 0.103343 0.300879 0.012561 0.086970 0.075858
0 0.118384 0.300309 0.012449 0.083470 0.002473
0 0.141899 0.306312 0.023596 0.100145 0.017986
0 0.104030 0.301604 0.011177 0.086762 0.075858
0 0.120237 0.305635 0.009795 0.081395 0.002473
0 0.143719 0.321037 0.012601 0.076313 0.377541
0 0.104039 0.302115 0.013892 0.090944 0.029312
0 0.143726 0.324375 0.012613 0.073031 0.268941
0 0.150697 0.319558 0.022324 0.082488 0.001501
0 0.194461 0.310990 0.039543 0.294650 0.500000
0 0.193838 0.310900 0.041325 0.294932 0.001501
0 0.143765 0.323759 0.012632 0.085001 0.001501
0 0.194594 0.313663 0.042809 0.294374 0.731059
0 0.195215 0.309970 0.041044 0.296726 0.622459
0 0.193809 0.310927 0.041308 0.294948 0.731059
0 0.194195 0.310807 0.044312 0.300359 0.731059
0 0.195588 0.309700 0.041546 0.297354 0.622459
0 0.194151 0.311002 0.044493 0.299885 0.731059
0 0.195724 0.312648 0.044737 0.296738 0.731059
0 0.196105 0.311192 0.042817 0.299477 0.622459
0 0.194910 0.311086 0.046252 0.299703 0.817575
1 0.143529 0.294084 0.059683 0.083395 0.001501
1 0.242151 0.315828 0.062552 0.048348 0.817575
1 0.242192 0.315808 0.062510 0.048350 0.817575
1 0.241494 0.314541 0.063901 0.050885 0.880797
1 0.242144 0.315816 0.062545 0.048332 0.880797
1 0.241568 0.313707 0.061133 0.049306 0.817575
1 0.425024 0.312486 0.050086 0.028437 0.622459
1 0.425233 0.312488 0.053551 0.028426 0.731059
1 0.426778 0.312493 0.053641 0.028429 0.500000
1 0.425958 0.313146 0.055012 0.027100 0.377541
1 0.433196 0.313286 0.058878 0.030223 0.029312
1 0.168375 0.317152 0.021695 0.032805 0.010987
1 0.241499 0.315805 0.063897 0.048365 0.731059
1 0.241492 0.314532 0.063908 0.050910 0.817575
1 0.240821 0.314901 0.062553 0.046556 0.880797
1 0.242182 0.314539 0.062564 0.050898 0.880797
1 0.241551 0.314886 0.063874 0.046665 0.817575
1 0.278392 0.315519 0.015631 0.019806 0.002473
1 0.292945 0.315944 0.035660 0.017221 0.002473
1 0.425035 0.311840 0.050135 0.027177 0.731059
1 0.425893 0.312514 0.051814 0.028435 0.731059
1 0.424530 0.313164 0.054916 0.027134 0.731059
1 0.426729 0.313416 0.053556 0.030232 0.377541
1 0.446316 0.315679 0.038355 0.025757 0.029312
1 0.502969 0.320468 0.027964 0.016253 0.004070
1 0.504706 0.320579 0.026398 0.016239 0.001501
1 0.565689 0.333362 0.121732 0.099430 0.880797
1 0.565971 0.334016 0.123874 0.098103 0.952574
1 0.566023 0.333356 0.123877 0.099416 0.924142
1 0.674768 0.338015 0.091510 0.060693 0.004070
1 0.675533 0.338018 0.092981 0.060702 0.880797
1 0.676232 0.338020 0.094407 0.060714 0.817575
1 0.675033 0.338009 0.093997 0.060707 0.880797
1 0.751716 0.338227 0.028572 0.031961 0.006693
1 0.753045 0.336959 0.028061 0.029319 0.006693
1 0.755869 0.338247 0.030482 0.032780 0.002473
1 0.565673 0.334010 0.121743 0.098021 0.880797
1 0.565976 0.333351 0.123870 0.099337 0.924142
1 0.566054 0.334021 0.123750 0.098107 0.952574
1 0.565555 0.333990 0.124747 0.098353 0.880797
1 0.674924 0.337321 0.091828 0.059435 0.880797
1 0.675573 0.337986 0.092950 0.060760 0.817575
1 0.675547 0.337342 0.092924 0.059415 0.880797
1 0.675543 0.337981 0.092932 0.060758 0.880797
1 0.753170 0.339257 0.025642 0.029899 0.182426
1 0.753220 0.339222 0.028452 0.029962 0.119203
1 0.753976 0.339350 0.032614 0.030271 0.029312
1 0.783150 0.348717 0.024957 0.021461 0.001501
1 0.565684 0.333745 0.121710 0.100300 0.924142
1 0.565325 0.333293 0.122475 0.096755 0.952574
1 0.566041 0.333970 0.123764 0.098110 0.952574
1 0.676204 0.337365 0.094208 0.059424 0.817575
1 0.675609 0.337368 0.092901 0.059426 0.880797
1 0.675109 0.339156 0.093842 0.058501 0.924142
1 0.050378 0.331160 0.098924 0.636709 0.001170
1 0.049293 0.328927 0.095390 0.628813 0.029312
1 0.049857 0.343258 0.096917 0.654272 0.731059
1 0.050004 0.342533 0.096753 0.647881 0.731059
1 0.049888 0.334574 0.102032 0.627676 0.060087
1 0.049859 0.350633 0.096704 0.664826 0.777300
1 0.049239 0.349499 0.095140 0.661896 0.777300
1 0.050466 0.342100 0.100168 0.644804 0.731059
1 0.049036 0.355715 0.098202 0.674214 0.731059
1 0.049175 0.354034 0.095103 0.672392 0.777300
1 0.050525 0.348745 0.099914 0.659805 0.622459
1 0.050320 0.356044 0.097890 0.677967 0.679179
1 0.049160 0.351644 0.095017 0.674828 0.731059
1 0.048450 0.354668 0.094450 0.694149 0.017986
1 0.048657 0.350503 0.097097 0.692820 0.006693
2 0.142601 0.292648 0.061436 0.075867 0.119203
2 0.145327 0.292483 0.059494 0.079984 0.622459
2 0.144799 0.290907 0.060453 0.082040 0.622459
2 0.145556 0.289074 0.062072 0.078285 0.731059
2 0.146868 0.288870 0.059793 0.077879 0.731059
2 0.143529 0.294084 0.059683 0.083395 0.029312
2 0.145563 0.294797 0.062318 0.084803 0.622459
2 0.146539 0.294644 0.060036 0.089481 0.500000
2 0.146177 0.290362 0.060863 0.075679 0.731059
2 0.147701 0.287695 0.060950 0.075581 0.731059
2 0.147078 0.295462 0.053530 0.082871 0.010987
2 0.141899 0.306312 0.023596 0.100145 0.002473
2 0.145859 0.290982 0.061791 0.082255 0.500000
2 0.146231 0.292783 0.061129 0.080735 0.268941
2 0.425233 0.312488 0.053551 0.028426 0.004070
2 0.426778 0.312493 0.053641 0.028429 0.010987
2 0.425958 0.313146 0.055012 0.027100 0.010987
2 0.433196 0.313286 0.058878 0.030223 0.001501
2 0.156770 0.300684 0.041746 0.076421 0.004070
2 0.168375 0.317152 0.021695 0.032805 0.029312
2 0.425893 0.312514 0.051814 0.028435 0.001501
2 0.424530 0.313164 0.054916 0.027134 0.006693
2 0.426729 0.313416 0.053556 0.030232 0.017986
2 0.049293 0.328927 0.095390 0.628813 0.001501
3 0.433196 0.313286 0.058878 0.030223 0.001501
3 0.168375 0.317152 0.021695 0.032805 0.001501
3 0.049857 0.343258 0.096917 0.654272 0.001170
3 0.050004 0.342533 0.096753 0.647881 0.001170
5 0.802429 0.354683 0.021943 0.078028 0.001501
