0 0.372855 0.328634 0.020749 0.097954 0.017986
0 0.373586 0.328221 0.022237 0.099186 0.029312
0 0.520961 0.312166 0.014886 0.073499 0.001501
0 0.976654 0.345208 0.016180 0.150383 0.001501
0 0.368498 0.330381 0.027665 0.087716 0.001501
0 0.373672 0.332125 0.019321 0.099390 0.500000
0 0.373772 0.332113 0.019541 0.099422 0.500000
0 0.394515 0.324094 0.011082 0.070446 0.017986
0 0.427190 0.322939 0.014922 0.067724 0.004070
0 0.521001 0.321745 0.011247 0.055142 0.182426
0 0.525167 0.322759 0.019381 0.057412 0.006693
0 0.580044 0.317237 0.010126 0.046518 0.002473
0 0.029800 0.345490 0.009685 0.066110 0.004070
0 0.373672 0.333276 0.019312 0.099549 0.622459
0 0.373771 0.332413 0.019532 0.098606 0.500000
0 0.395262 0.323984 0.012651 0.070259 0.017986
0 0.427206 0.322914 0.014947 0.067969 0.006693
0 0.521021 0.321592 0.011301 0.059946 0.182426
0 0.525019 0.324418 0.019496 0.059614 0.004070
0 0.578890 0.318701 0.007803 0.047347 0.002473
0 0.974651 0.348136 0.016799 0.157737 0.002473
0 0.976489 0.348866 0.019316 0.151813 0.002473
0 0.008243 0.350124 0.008653 0.075979 0.001501
0 0.029809 0.346072 0.009667 0.067469 0.010987
0 0.373276 0.332556 0.018509 0.098391 0.500000
0 0.374457 0.332176 0.018156 0.099148 0.377541
0 0.396671 0.324022 0.012609 0.070040 0.017986
0 0.427640 0.323849 0.014054 0.070664 0.002473
0 0.521011 0.321571 0.011317 0.060197 0.075858
0 0.524390 0.323153 0.020845 0.057142 0.002473
0 0.975587 0.353857 0.018319 0.161582 0.002473
0 0.008255 0.350018 0.008669 0.075271 0.002473
0 0.029817 0.347518 0.009668 0.070641 0.004070
0 0.373608 0.332563 0.019166 0.098394 0.500000
0 0.374462 0.332453 0.018143 0.098631 0.500000
0 0.372823 0.334597 0.017615 0.103690 0.001501
0 0.973369 0.358758 0.022388 0.172696 0.001501
1 0.413683 0.321693 0.045657 0.070072 0.002473
1 0.597831 0.315046 0.048512 0.031716 0.001501
1 0.093265 0.354694 0.020813 0.026917 0.002473
1 0.112384 0.352708 0.025424 0.021095 0.006693
1 0.112403 0.351809 0.025623 0.021114 0.006693
1 0.110416 0.353767 0.026973 0.024858 0.001501
1 0.112498 0.353468 0.029566 0.024267 0.002473
