0 0.228171 0.273531 0.012908 0.042188 0.001501
0 0.230470 0.275359 0.011087 0.038857 0.001501
0 0.342986 0.297335 0.014048 0.037191 0.017986
0 0.721081 0.293156 0.011425 0.050079 0.001501
0 0.726726 0.292172 0.012346 0.053169 0.001501
0 0.344518 0.299520 0.014050 0.036630 0.047426
0 0.343550 0.334143 0.016473 0.107999 0.006693
1 0.303348 0.322508 0.093789 0.080116 0.001501
1 0.311019 0.326931 0.081585 0.092861 0.002473
1 0.390145 0.330764 0.083390 0.083341 0.817575
1 0.391176 0.333317 0.082443 0.083349 0.817575
1 0.430918 0.321863 0.021865 0.050847 0.029312
1 0.433215 0.322198 0.025849 0.056874 0.017986
1 0.492950 0.323984 0.111026 0.138279 0.817575
1 0.493724 0.323795 0.109445 0.134321 0.731059
1 0.553131 0.324855 0.023601 0.057081 0.002473
1 0.579836 0.331892 0.046525 0.064636 0.731059
1 0.578929 0.331604 0.045439 0.066692 0.731059
1 0.579611 0.331611 0.046728 0.066683 0.731059
1 0.318709 0.348698 0.065989 0.141630 0.002473
1 0.389742 0.332035 0.082556 0.080872 0.924142
1 0.390218 0.332034 0.083524 0.085933 0.880797
1 0.390985 0.332040 0.081996 0.085909 0.880797
1 0.390995 0.333319 0.081994 0.083365 0.880797
1 0.431439 0.323004 0.021313 0.048609 0.029312
1 0.433771 0.322609 0.026865 0.056688 0.006693
1 0.494455 0.325366 0.110852 0.141047 0.817575
1 0.492943 0.325359 0.110998 0.141015 0.880797
1 0.492923 0.326687 0.110840 0.143609 0.817575
1 0.493806 0.325641 0.109096 0.141460 0.817575
1 0.547675 0.324796 0.017500 0.065042 0.002473
1 0.554113 0.327236 0.017114 0.053778 0.006693
1 0.578941 0.331904 0.045412 0.064620 0.731059
1 0.579602 0.332111 0.046729 0.064959 0.817575
1 0.579046 0.331434 0.045137 0.066309 0.731059
1 0.319554 0.349072 0.064166 0.140753 0.001501
1 0.390511 0.332042 0.081016 0.080836 0.880797
1 0.390985 0.333329 0.081989 0.083353 0.880797
1 0.391029 0.332057 0.082075 0.085898 0.924142
1 0.391261 0.333325 0.082544 0.083383 0.924142
1 0.432559 0.324490 0.021373 0.054683 0.017986
1 0.436473 0.322382 0.028871 0.065232 0.004070
1 0.493727 0.327694 0.109405 0.142122 0.817575
1 0.492988 0.327729 0.108137 0.142164 0.817575
1 0.492955 0.328833 0.110906 0.144330 0.880797
1 0.493700 0.327839 0.108884 0.142383 0.817575
1 0.547908 0.323411 0.018090 0.067935 0.006693
1 0.558757 0.329864 0.017652 0.058742 0.006693
1 0.578935 0.332374 0.045393 0.063695 0.731059
1 0.579601 0.331992 0.046712 0.064732 0.731059
1 0.579791 0.331801 0.046366 0.064355 0.817575
1 0.673346 0.359370 0.165814 0.156258 0.880797
1 0.672400 0.359363 0.166611 0.156281 0.924142
1 0.671835 0.359544 0.165415 0.155931 0.924142
1 0.579669 0.332280 0.046851 0.067782 0.182426
1 0.672702 0.359397 0.167227 0.156314 0.924142
1 0.673345 0.358112 0.165813 0.153740 0.924142
1 0.672415 0.359387 0.166561 0.156290 0.924142
1 0.671827 0.357912 0.165415 0.154133 0.924142
1 0.322394 0.347734 0.055286 0.143002 0.001501
1 0.672661 0.360667 0.167225 0.158861 0.924142
1 0.672961 0.359370 0.164786 0.156283 0.924142
1 0.672313 0.357348 0.166066 0.155288 0.952574
1 0.099912 0.337139 0.199990 0.450167 0.851953
1 0.099216 0.339696 0.201643 0.448919 0.880797
1 0.100841 0.341498 0.201729 0.447425 0.437824
1 0.874928 0.331244 0.246865 0.527402 0.017986
1 0.877305 0.333068 0.251559 0.526813 0.904651
1 0.875013 0.333086 0.250068 0.526579 0.904651
1 0.875873 0.334374 0.251516 0.525841 0.924142
1 0.098808 0.336961 0.197916 0.455260 0.679179
1 0.099963 0.336195 0.200017 0.452706 0.851953
1 0.100002 0.337624 0.200069 0.453761 0.851953
1 0.099233 0.340546 0.201597 0.450540 0.851953
1 0.874164 0.330366 0.248455 0.535320 0.904651
1 0.877233 0.331533 0.254523 0.534772 0.924142
1 0.875012 0.331861 0.250020 0.532391 0.924142
1 0.876628 0.331299 0.250002 0.531065 0.924142
1 0.099187 0.336722 0.201560 0.454379 0.851953
1 0.098436 0.337639 0.200028 0.456384 0.851953
1 0.100766 0.339412 0.201591 0.453625 0.851953
1 0.876529 0.332767 0.253084 0.538686 0.904651
1 0.875807 0.333779 0.248472 0.537447 0.904651
1 0.875857 0.333551 0.251507 0.538191 0.904651
1 0.099215 0.333804 0.198481 0.460903 0.017986
1 0.099988 0.336559 0.200068 0.462210 0.004070
5 0.318682 0.349163 0.066213 0.140477 0.004070
5 0.318709 0.348698 0.065989 0.141630 0.500000
5 0.318611 0.350676 0.063337 0.143120 0.029312
5 0.316303 0.345201 0.067086 0.131086 0.010987
5 0.319554 0.349072 0.064166 0.140753 0.622459
5 0.320223 0.348786 0.062757 0.141205 0.731059
5 0.319500 0.348824 0.061168 0.141120 0.731059
5 0.321826 0.347636 0.056678 0.142358 0.017986
5 0.318169 0.345702 0.065633 0.134590 0.002473
5 0.320501 0.348495 0.062427 0.141829 0.731059
5 0.320555 0.347647 0.062100 0.143369 0.622459
5 0.321068 0.347559 0.057802 0.143421 0.731059
5 0.323622 0.347595 0.056098 0.143450 0.377541
5 0.319290 0.347596 0.061834 0.143393 0.047426
5 0.321581 0.348686 0.060118 0.141110 0.622459
5 0.322394 0.347734 0.055286 0.143002 0.622459
5 0.326452 0.347088 0.050634 0.139258 0.002473
5 0.324920 0.345314 0.050549 0.147908 0.002473
