1 0.336922 0.321153 0.029971 0.043267 0.002473
1 0.338269 0.319348 0.026805 0.042316 0.001501
1 0.379702 0.330916 0.090602 0.088154 0.817575
1 0.378408 0.332042 0.090124 0.085920 0.924142
1 0.266520 0.335410 0.111158 0.092683 0.880797
1 0.266497 0.336041 0.113904 0.093949 0.924142
1 0.266479 0.336067 0.113964 0.094000 0.880797
1 0.331693 0.326503 0.019334 0.033293 0.047426
1 0.338828 0.322219 0.028306 0.036821 0.029312
1 0.378458 0.332019 0.090012 0.085961 0.880797
1 0.378472 0.333311 0.089991 0.088484 0.924142
1 0.378462 0.333310 0.090015 0.088488 0.924142
1 0.377665 0.332049 0.088872 0.086002 0.731059
1 0.432921 0.322923 0.018960 0.025994 0.622459
1 0.433789 0.321663 0.020683 0.023486 0.010987
1 0.457357 0.316222 0.019352 0.021037 0.002473
1 0.467072 0.319230 0.012922 0.018618 0.075858
1 0.478266 0.320513 0.012755 0.016046 0.182426
1 0.493769 0.322916 0.015662 0.015791 0.377541
1 0.513871 0.316846 0.016488 0.027974 0.006693
1 0.514863 0.316396 0.017249 0.028820 0.017986
1 0.526949 0.318212 0.010525 0.025197 0.002473
1 0.563951 0.319609 0.022162 0.014263 0.377541
1 0.563765 0.318339 0.019471 0.016833 0.377541
1 0.635574 0.318335 0.035554 0.024967 0.268941
1 0.635851 0.318328 0.035117 0.024941 0.377541
1 0.636296 0.319227 0.036553 0.023141 0.268941
1 0.637523 0.321623 0.039407 0.023475 0.047426
1 0.266494 0.336739 0.111118 0.090233 0.924142
1 0.267293 0.336678 0.109611 0.090049 0.880797
1 0.266522 0.336046 0.111170 0.093879 0.924142
1 0.267185 0.337359 0.112552 0.091428 0.952574
1 0.330576 0.329942 0.014313 0.029643 0.029312
1 0.378079 0.333329 0.090774 0.088462 0.880797
1 0.378475 0.333333 0.089986 0.088457 0.924142
1 0.378476 0.333329 0.089983 0.088465 0.952574
1 0.378197 0.332033 0.087817 0.085974 0.924142
1 0.267190 0.337302 0.112477 0.091338 0.924142
1 0.267186 0.336654 0.112501 0.089994 0.952574
1 0.266508 0.335378 0.111182 0.092593 0.952574
1 0.378454 0.332169 0.090003 0.090784 0.119203
1 0.378435 0.330898 0.090053 0.088239 0.017986
2 0.505856 0.315156 0.040374 0.031196 0.017986
2 0.512016 0.314530 0.020181 0.032516 0.075858
2 0.514672 0.315190 0.017625 0.031182 0.377541
2 0.522271 0.315622 0.020244 0.030257 0.004070
2 0.338828 0.322219 0.028306 0.036821 0.006693
2 0.457357 0.316222 0.019352 0.021037 0.017986
2 0.467072 0.319230 0.012922 0.018618 0.004070
2 0.478266 0.320513 0.012755 0.016046 0.006693
2 0.493769 0.322916 0.015662 0.015791 0.006693
2 0.513871 0.316846 0.016488 0.027974 0.047426
2 0.514863 0.316396 0.017249 0.028820 0.377541
2 0.526949 0.318212 0.010525 0.025197 0.006693
2 0.563951 0.319609 0.022162 0.014263 0.075858
2 0.563765 0.318339 0.019471 0.016833 0.075858
2 0.635574 0.318335 0.035554 0.024967 0.017986
2 0.635851 0.318328 0.035117 0.024941 0.047426
2 0.636296 0.319227 0.036553 0.023141 0.047426
2 0.637523 0.321623 0.039407 0.023475 0.002473
3 0.336922 0.321153 0.029971 0.043267 0.004070
3 0.338269 0.319348 0.026805 0.042316 0.002473
3 0.331693 0.326503 0.019334 0.033293 0.006693
3 0.338828 0.322219 0.028306 0.036821 0.010987
3 0.457357 0.316222 0.019352 0.021037 0.017986
3 0.467072 0.319230 0.012922 0.018618 0.006693
3 0.478266 0.320513 0.012755 0.016046 0.004070
3 0.493769 0.322916 0.015662 0.015791 0.004070
3 0.513871 0.316846 0.016488 0.027974 0.002473
3 0.514863 0.316396 0.017249 0.028820 0.017986
3 0.526949 0.318212 0.010525 0.025197 0.001501
3 0.563951 0.319609 0.022162 0.014263 0.010987
3 0.563765 0.318339 0.019471 0.016833 0.006693
3 0.635574 0.318335 0.035554 0.024967 0.010987
3 0.635851 0.318328 0.035117 0.024941 0.029312
3 0.636296 0.319227 0.036553 0.023141 0.029312
3 0.637523 0.321623 0.039407 0.023475 0.002473
5 0.331693 0.326503 0.019334 0.033293 0.002473
