1 0.392397 0.327427 0.081704 0.084901 0.731059
1 0.392053 0.327498 0.081059 0.085004 0.731059
1 0.393091 0.328340 0.080406 0.083139 0.817575
1 0.435725 0.324497 0.036266 0.052525 0.182426
1 0.436183 0.323518 0.038847 0.054212 0.268941
1 0.438463 0.320491 0.042463 0.058592 0.047426
1 0.503886 0.323141 0.095354 0.118022 0.731059
1 0.503873 0.323707 0.095397 0.119150 0.817575
1 0.504595 0.323055 0.093981 0.120489 0.880797
1 0.572143 0.326961 0.047661 0.071001 0.622459
1 0.572519 0.326992 0.045308 0.070953 0.622459
1 0.572144 0.328397 0.047636 0.068533 0.731059
1 0.664752 0.301032 0.039889 0.028783 0.002473
1 0.663852 0.302244 0.038034 0.026612 0.001501
1 0.391680 0.327495 0.080248 0.085185 0.880797
1 0.392381 0.328632 0.081697 0.087345 0.731059
1 0.393142 0.328666 0.080449 0.087407 0.880797
1 0.393145 0.328701 0.080476 0.087482 0.880797
1 0.435687 0.325176 0.036440 0.057358 0.119203
1 0.436200 0.323897 0.039123 0.055072 0.119203
1 0.438188 0.322603 0.043013 0.057885 0.075858
1 0.503154 0.323364 0.096736 0.118511 0.731059
1 0.504306 0.322522 0.094488 0.119353 0.731059
1 0.503396 0.323195 0.093241 0.120696 0.880797
1 0.504273 0.323177 0.094565 0.120729 0.880797
1 0.572163 0.328457 0.047498 0.068532 0.622459
1 0.572195 0.327184 0.047585 0.071109 0.731059
1 0.572177 0.328323 0.047623 0.068319 0.731059
1 0.572203 0.328390 0.047663 0.068673 0.622459
1 0.392385 0.326846 0.081684 0.086343 0.817575
1 0.392049 0.327555 0.080979 0.085119 0.817575
1 0.393020 0.327523 0.082884 0.085130 0.880797
1 0.435812 0.325474 0.037587 0.057915 0.182426
1 0.437209 0.324255 0.040456 0.060200 0.119203
1 0.438555 0.323066 0.045670 0.063193 0.119203
1 0.502830 0.322526 0.094369 0.119427 0.817575
1 0.503571 0.323359 0.095939 0.118556 0.817575
1 0.503789 0.322718 0.095493 0.119807 0.880797
1 0.571779 0.329931 0.046787 0.066941 0.622459
1 0.572176 0.329929 0.047625 0.066663 0.622459
1 0.572197 0.328344 0.047639 0.067994 0.731059
1 0.572754 0.328906 0.048724 0.068710 0.075858
1 0.571347 0.328689 0.048760 0.075028 0.002473
1 0.176689 0.385695 0.353392 0.423157 0.904651
1 0.177309 0.382325 0.354601 0.426304 0.924142
1 0.174964 0.385206 0.353445 0.426916 0.939913
1 0.180207 0.385287 0.353616 0.427004 0.939913
1 0.176579 0.383944 0.353231 0.429023 0.924142
1 0.175819 0.385124 0.354749 0.426547 0.939913
1 0.175679 0.385231 0.354940 0.426568 0.924142
1 0.179672 0.386478 0.352354 0.424317 0.924142
1 0.837504 0.425837 0.325028 0.375916 0.904651
1 0.835976 0.426271 0.325024 0.376770 0.939913
1 0.838167 0.428656 0.329944 0.381777 0.924142
1 0.176668 0.388133 0.353385 0.423020 0.939913
1 0.176426 0.388163 0.356329 0.422960 0.939913
1 0.180341 0.387823 0.353465 0.426209 0.777300
1 0.837481 0.426101 0.325077 0.376951 0.037327
1 0.837497 0.426223 0.325051 0.372630 0.904651
1 0.836751 0.426792 0.326612 0.377476 0.904651
1 0.837423 0.426814 0.331368 0.377656 0.904651
1 0.839495 0.426878 0.321119 0.382200 0.817575
1 0.836698 0.424948 0.323463 0.379708 0.851953
1 0.837525 0.425112 0.324999 0.380043 0.904651
1 0.837456 0.426482 0.328379 0.382887 0.880797
