0 0.006334 0.269021 0.012718 0.205459 0.001501
1 0.004855 0.286278 0.009726 0.079213 0.006693
1 0.004828 0.290501 0.009666 0.067512 0.004070
1 0.281281 0.316244 0.062473 0.085772 0.047426
1 0.281237 0.316186 0.062494 0.081152 0.268941
1 0.004846 0.292696 0.009702 0.065643 0.004070
1 0.280525 0.316254 0.064204 0.086046 0.731059
1 0.281981 0.316222 0.064090 0.085676 0.817575
1 0.281239 0.316204 0.062543 0.085671 0.731059
1 0.281361 0.315121 0.062295 0.083703 0.500000
1 0.322640 0.314623 0.033269 0.051137 0.622459
1 0.321460 0.314627 0.032736 0.051151 0.622459
1 0.341297 0.313145 0.014415 0.029959 0.006693
1 0.421361 0.329291 0.151433 0.174727 0.817575
1 0.421310 0.327916 0.149320 0.171982 0.377541
1 0.005669 0.314363 0.011355 0.111700 0.001501
1 0.280546 0.313875 0.061301 0.086292 0.731059
1 0.281975 0.316207 0.064121 0.081110 0.731059
1 0.281151 0.315078 0.062729 0.083367 0.731059
1 0.281408 0.314920 0.062201 0.078564 0.500000
1 0.322481 0.315812 0.033210 0.048484 0.622459
1 0.322067 0.314573 0.034204 0.051106 0.622459
1 0.341505 0.315494 0.014006 0.030822 0.029312
1 0.423356 0.327911 0.150003 0.172162 0.047426
1 0.422690 0.327371 0.151537 0.168422 0.817575
1 0.421444 0.327939 0.151288 0.172024 0.880797
1 0.421068 0.327538 0.148292 0.168583 0.880797
1 0.421009 0.328497 0.148378 0.171022 0.731059
1 0.281162 0.315035 0.062701 0.083501 0.622459
1 0.281156 0.315056 0.062696 0.083413 0.377541
1 0.283240 0.317358 0.061598 0.078803 0.006693
1 0.322198 0.316854 0.033804 0.055937 0.017986
1 0.322954 0.318946 0.036920 0.054766 0.017986
1 0.342955 0.322248 0.017551 0.056638 0.004070
1 0.422010 0.327391 0.150177 0.168748 0.880797
1 0.421447 0.328620 0.151282 0.170915 0.817575
1 0.421381 0.329531 0.149209 0.169110 0.924142
1 0.420929 0.329805 0.148571 0.173577 0.880797
1 0.847919 0.355128 0.042862 0.053267 0.731059
1 0.847513 0.355124 0.045030 0.053271 0.817575
1 0.847512 0.354205 0.045058 0.054999 0.731059
1 0.847632 0.355146 0.045239 0.053394 0.377541
1 0.878997 0.347613 0.018110 0.023565 0.001501
1 0.934310 0.353496 0.024700 0.021513 0.004070
1 0.936585 0.353393 0.027106 0.022523 0.004070
1 0.968118 0.353699 0.033747 0.032806 0.002473
1 0.976543 0.352098 0.044965 0.036178 0.004070
1 0.987246 0.357284 0.025701 0.035401 0.006693
1 0.992585 0.357906 0.017936 0.040086 0.047426
1 0.420719 0.329519 0.150582 0.169321 0.182426
1 0.847904 0.355105 0.042893 0.053339 0.731059
1 0.847171 0.355734 0.044347 0.054532 0.731059
1 0.847554 0.354189 0.045129 0.055045 0.817575
1 0.848016 0.354173 0.046041 0.055078 0.500000
1 0.901501 0.355042 0.022964 0.026952 0.002473
1 0.903392 0.354614 0.021502 0.025000 0.002473
1 0.927412 0.355608 0.027804 0.021311 0.001501
1 0.934612 0.356434 0.022397 0.018315 0.006693
1 0.936653 0.355242 0.026967 0.020697 0.010987
1 0.966348 0.356681 0.027072 0.027266 0.002473
1 0.970941 0.355520 0.035180 0.029403 0.006693
1 0.988978 0.359272 0.022380 0.031760 0.075858
1 0.991824 0.360232 0.016382 0.035418 0.119203
1 0.846594 0.357419 0.046224 0.058056 0.017986
1 0.847580 0.357694 0.044670 0.058680 0.029312
1 0.147532 0.337120 0.295211 0.325807 0.037327
1 0.147615 0.338221 0.298372 0.323714 0.924142
1 0.146915 0.339540 0.299981 0.326349 0.924142
1 0.146880 0.339671 0.300194 0.326474 0.904651
1 0.146951 0.338318 0.294059 0.323972 0.851953
1 0.147698 0.338451 0.295446 0.328622 0.904651
1 0.148428 0.337203 0.300008 0.325947 0.924142
1 0.146165 0.339720 0.298693 0.326677 0.904651
1 0.147687 0.339841 0.295416 0.325678 0.924142
1 0.148459 0.340047 0.299982 0.330465 0.904651
1 0.146945 0.341425 0.297165 0.327987 0.817575
2 0.006334 0.269021 0.012718 0.205459 0.001501
2 0.005536 0.272425 0.011103 0.160149 0.002473
2 0.280525 0.316254 0.064204 0.086046 0.002473
2 0.281239 0.316204 0.062543 0.085671 0.001501
2 0.990540 0.333659 0.015962 0.085352 0.001501
2 0.847904 0.355105 0.042893 0.053339 0.001501
2 0.146951 0.338318 0.294059 0.323972 0.001501
3 0.280525 0.316254 0.064204 0.086046 0.001501
3 0.992585 0.357906 0.017936 0.040086 0.001501
