0 0.716110 0.261118 0.026550 0.096427 0.017986
0 0.716731 0.271657 0.025336 0.122065 0.075858
0 0.720834 0.270146 0.038066 0.126588 0.002473
0 0.716090 0.269772 0.026507 0.117894 0.182426
0 0.717013 0.281335 0.026016 0.141031 0.268941
0 0.740269 0.272436 0.019905 0.077752 0.002473
0 0.715437 0.275800 0.025167 0.125544 0.377541
0 0.716054 0.280746 0.026288 0.145031 0.377541
0 0.739529 0.274443 0.021140 0.059172 0.002473
0 0.740662 0.279715 0.018869 0.064901 0.017986
0 0.715992 0.280503 0.026229 0.139393 0.377541
0 0.716378 0.284352 0.026934 0.152060 0.622459
0 0.740027 0.302640 0.020595 0.117101 0.006693
0 0.740352 0.310331 0.019444 0.131010 0.075858
0 0.638626 0.308301 0.012276 0.056644 0.001501
0 0.715966 0.282702 0.026166 0.143699 0.268941
0 0.715991 0.284189 0.026124 0.146648 0.622459
0 0.729186 0.307477 0.046214 0.135451 0.006693
0 0.739643 0.313472 0.021071 0.137863 0.119203
0 0.757173 0.320997 0.063879 0.135687 0.001501
0 0.363135 0.334220 0.014539 0.034246 0.001501
0 0.716932 0.287584 0.025930 0.153630 0.268941
0 0.716425 0.287401 0.026838 0.158479 0.500000
0 0.726781 0.309188 0.043748 0.138934 0.001501
0 0.740057 0.313466 0.020197 0.134434 0.119203
0 0.363571 0.338459 0.011590 0.031580 0.002473
0 0.715817 0.290875 0.028639 0.161811 0.001501
0 0.716661 0.289312 0.026528 0.160815 0.377541
0 0.734070 0.309331 0.035904 0.144207 0.001501
0 0.739894 0.314461 0.020985 0.135545 0.075858
0 0.719351 0.290352 0.024227 0.165353 0.017986
0 0.737129 0.307081 0.034029 0.149135 0.010987
0 0.744145 0.315629 0.028221 0.140094 0.047426
1 0.523486 0.330204 0.065998 0.067521 0.731059
1 0.523370 0.329070 0.065782 0.069794 0.817575
1 0.340091 0.340157 0.044229 0.037721 0.004070
1 0.346976 0.337722 0.031194 0.032845 0.010987
1 0.403913 0.331405 0.023329 0.020225 0.119203
1 0.403309 0.331373 0.021867 0.020089 0.119203
1 0.420960 0.328641 0.020146 0.019083 0.182426
1 0.422989 0.327763 0.017727 0.021003 0.029312
1 0.441407 0.326239 0.014493 0.014264 0.006693
1 0.456634 0.326235 0.018288 0.014269 0.010987
1 0.469028 0.324047 0.016900 0.013524 0.002473
1 0.477337 0.321788 0.014683 0.013579 0.002473
1 0.523537 0.328703 0.066154 0.069071 0.817575
1 0.522737 0.329919 0.067320 0.066931 0.817575
1 0.523919 0.329915 0.064687 0.066946 0.880797
1 0.523590 0.328786 0.065799 0.069191 0.880797
1 0.151418 0.358767 0.036655 0.037844 0.002473
1 0.271129 0.349567 0.057760 0.045724 0.622459
1 0.270859 0.350858 0.058368 0.048296 0.817575
1 0.271965 0.348442 0.059171 0.043501 0.817575
1 0.271212 0.349579 0.057646 0.045760 0.817575
1 0.272017 0.349569 0.059088 0.045766 0.731059
1 0.326426 0.343738 0.047178 0.034283 0.119203
1 0.327694 0.342844 0.044350 0.032307 0.731059
1 0.327038 0.343742 0.042763 0.034134 0.731059
1 0.328200 0.341740 0.046195 0.034619 0.377541
1 0.347689 0.339229 0.035684 0.029976 0.182426
1 0.402401 0.333881 0.020299 0.021011 0.004070
1 0.402830 0.333488 0.022598 0.021302 0.001501
1 0.523497 0.328799 0.065977 0.069186 0.817575
1 0.523638 0.329932 0.066397 0.066922 0.817575
1 0.523414 0.329866 0.065684 0.066765 0.880797
1 0.523408 0.329859 0.065691 0.066763 0.880797
1 0.027151 0.370425 0.054451 0.232416 0.731059
1 0.027100 0.369061 0.054194 0.234615 0.622459
1 0.026516 0.372592 0.053173 0.225197 0.622459
1 0.093125 0.385394 0.080430 0.067683 0.817575
1 0.093194 0.385387 0.080553 0.067670 0.817575
1 0.093157 0.384125 0.080403 0.065115 0.880797
1 0.151133 0.360927 0.036530 0.033458 0.002473
1 0.150772 0.359868 0.036744 0.030487 0.002473
1 0.271108 0.349558 0.057775 0.045828 0.500000
1 0.271234 0.350467 0.057704 0.043997 0.817575
1 0.271574 0.349335 0.059965 0.041742 0.817575
1 0.272258 0.350464 0.058652 0.043990 0.817575
1 0.272287 0.349550 0.058548 0.045835 0.817575
1 0.027041 0.370359 0.054155 0.227263 0.731059
1 0.027054 0.370187 0.054103 0.225674 0.622459
1 0.027256 0.371617 0.051521 0.222287 0.731059
1 0.093197 0.386665 0.080524 0.065228 0.880797
1 0.092504 0.385392 0.081913 0.067714 0.817575
1 0.093732 0.385391 0.079460 0.067716 0.880797
1 0.093196 0.385433 0.080559 0.067738 0.880797
1 0.026535 0.371494 0.053154 0.229848 0.731059
1 0.027818 0.370100 0.052573 0.230656 0.622459
1 0.026488 0.371007 0.053058 0.230743 0.731059
1 0.092494 0.385424 0.081827 0.067682 0.817575
1 0.093204 0.385422 0.080512 0.067649 0.880797
1 0.093760 0.385425 0.081592 0.067682 0.880797
1 0.026618 0.374243 0.053230 0.228143 0.731059
3 0.151418 0.358767 0.036655 0.037844 0.002473
3 0.027151 0.370425 0.054451 0.232416 0.001501
4 0.605320 0.328095 0.030454 0.063514 0.002473
4 0.612789 0.325250 0.021614 0.057926 0.002473
4 0.757122 0.325101 0.065978 0.132462 0.001501
4 0.603050 0.329037 0.034465 0.062337 0.002473
4 0.604595 0.328554 0.034214 0.059708 0.006693
4 0.607696 0.328216 0.035007 0.059758 0.010987
4 0.760114 0.322402 0.064550 0.135105 0.010987
4 0.759113 0.328252 0.065458 0.124673 0.047426
4 0.770351 0.330463 0.048202 0.125480 0.001501
4 0.591861 0.331124 0.028210 0.053641 0.001501
4 0.602457 0.330959 0.033252 0.061299 0.017986
4 0.603202 0.328685 0.034755 0.062162 0.017986
4 0.605701 0.329388 0.035959 0.064490 0.010987
4 0.761241 0.327017 0.063278 0.132668 0.047426
4 0.760108 0.332576 0.063390 0.121321 0.119203
4 0.769695 0.334896 0.046576 0.116807 0.010987
4 0.600556 0.334394 0.029448 0.068332 0.006693
4 0.602960 0.333297 0.037152 0.074112 0.010987
4 0.606252 0.332832 0.038383 0.071861 0.006693
4 0.744145 0.315629 0.028221 0.140094 0.001501
4 0.761153 0.328403 0.061777 0.129648 0.119203
4 0.761154 0.335992 0.061350 0.114533 0.075858
4 0.771294 0.345320 0.041216 0.095826 0.029312
4 0.761290 0.322969 0.058889 0.141679 0.010987
4 0.761226 0.332630 0.062206 0.121438 0.047426
4 0.763557 0.344584 0.056577 0.097546 0.029312
4 0.774022 0.356456 0.035731 0.073778 0.010987
5 0.604107 0.326076 0.033976 0.064441 0.002473
5 0.605320 0.328095 0.030454 0.063514 0.001501
5 0.612789 0.325250 0.021614 0.057926 0.001501
5 0.603050 0.329037 0.034465 0.062337 0.006693
5 0.604595 0.328554 0.034214 0.059708 0.002473
5 0.591861 0.331124 0.028210 0.053641 0.001501
5 0.602457 0.330959 0.033252 0.061299 0.010987
5 0.603202 0.328685 0.034755 0.062162 0.001501
