0 0.568147 0.309349 0.022145 0.151364 0.010987
0 0.548298 0.310283 0.018733 0.111932 0.002473
0 0.562812 0.308606 0.023100 0.132477 0.017986
0 0.568694 0.310265 0.022706 0.141917 0.075858
0 0.581525 0.314631 0.019700 0.120532 0.017986
0 0.585961 0.307834 0.025280 0.107691 0.002473
0 0.006331 0.339135 0.012718 0.150048 0.002473
0 0.548229 0.315273 0.015711 0.107821 0.047426
0 0.568522 0.316178 0.038696 0.111407 0.006693
0 0.569086 0.312886 0.023175 0.148852 0.500000
0 0.583888 0.316861 0.014935 0.104044 0.047426
0 0.587312 0.314243 0.019622 0.088923 0.029312
0 0.006274 0.338301 0.012581 0.143138 0.029312
0 0.548893 0.318319 0.014926 0.100706 0.029312
0 0.556571 0.320162 0.028359 0.098937 0.006693
0 0.568659 0.311054 0.022606 0.144996 0.500000
0 0.578647 0.316572 0.022635 0.109781 0.047426
0 0.587566 0.320255 0.021896 0.087110 0.029312
0 0.005487 0.345923 0.010993 0.124055 0.017986
0 0.121144 0.347188 0.014266 0.073156 0.001501
0 0.547769 0.324399 0.014812 0.095950 0.119203
0 0.550720 0.317744 0.017536 0.108482 0.006693
0 0.568533 0.310487 0.022071 0.145661 0.500000
0 0.581773 0.311004 0.016319 0.115958 0.047426
0 0.589252 0.325383 0.018497 0.074159 0.017986
0 0.004810 0.349310 0.009638 0.114627 0.029312
0 0.034706 0.354800 0.013707 0.095190 0.002473
0 0.548700 0.322254 0.014508 0.095242 0.119203
0 0.549839 0.312273 0.016396 0.111659 0.010987
0 0.568856 0.309023 0.023018 0.145479 0.500000
0 0.580465 0.311470 0.011299 0.120933 0.047426
0 0.591174 0.325687 0.014641 0.073366 0.029312
0 0.004268 0.352624 0.008544 0.105970 0.017986
0 0.034741 0.357140 0.013923 0.096585 0.001501
0 0.548892 0.323381 0.013307 0.090027 0.119203
0 0.554415 0.306497 0.023057 0.132033 0.006693
0 0.568637 0.310638 0.022562 0.142150 0.622459
0 0.571125 0.311882 0.027061 0.140140 0.119203
0 0.591647 0.325836 0.016869 0.082545 0.004070
0 0.004268 0.359582 0.008549 0.090837 0.017986
0 0.568479 0.313295 0.022248 0.147584 0.001501
0 0.570192 0.314572 0.026895 0.147675 0.001501
0 0.004274 0.359684 0.008559 0.102607 0.004070
1 0.548893 0.318319 0.014926 0.100706 0.001501
1 0.556571 0.320162 0.028359 0.098937 0.002473
1 0.612796 0.304493 0.035841 0.026045 0.029312
1 0.617343 0.306906 0.028603 0.020897 0.047426
1 0.621815 0.306694 0.023852 0.016865 0.010987
1 0.223808 0.344846 0.060584 0.047033 0.500000
1 0.223784 0.344844 0.060536 0.047054 0.817575
1 0.223591 0.344181 0.060855 0.045720 0.817575
1 0.255758 0.331727 0.040155 0.028997 0.002473
1 0.257358 0.332035 0.033153 0.029531 0.002473
1 0.293759 0.332218 0.040656 0.023588 0.500000
1 0.293709 0.331913 0.040680 0.022969 0.500000
1 0.293752 0.331250 0.040715 0.024293 0.500000
1 0.340592 0.327514 0.025863 0.016948 0.004070
1 0.349282 0.324236 0.021076 0.018693 0.001501
1 0.375331 0.321757 0.016181 0.013601 0.006693
1 0.375664 0.320508 0.015775 0.016096 0.017986
1 0.411040 0.318923 0.019164 0.012989 0.006693
1 0.413424 0.317217 0.020273 0.014594 0.006693
1 0.495144 0.315888 0.031919 0.017288 0.001501
1 0.604366 0.315106 0.016831 0.027411 0.001501
1 0.223827 0.344207 0.060445 0.045710 0.817575
1 0.223760 0.344200 0.060479 0.045694 0.817575
1 0.223760 0.344198 0.060476 0.045660 0.880797
1 0.224073 0.343707 0.061399 0.046505 0.880797
1 0.293084 0.333377 0.041987 0.023946 0.182426
1 0.292977 0.332670 0.039147 0.024156 0.119203
1 0.293025 0.331997 0.042058 0.025521 0.119203
1 0.224116 0.343768 0.061454 0.046618 0.880797
1 0.223714 0.344228 0.060670 0.045691 0.817575
1 0.223699 0.344231 0.060640 0.045694 0.880797
1 0.223582 0.344480 0.060884 0.047869 0.006693
4 0.547769 0.324399 0.014812 0.095950 0.002473
4 0.589252 0.325383 0.018497 0.074159 0.001501
4 0.548700 0.322254 0.014508 0.095242 0.001501
4 0.591174 0.325687 0.014641 0.073366 0.002473
4 0.004268 0.359582 0.008549 0.090837 0.002473
4 0.004274 0.359684 0.008559 0.102607 0.001501
5 0.587566 0.320255 0.021896 0.087110 0.002473
