0 0.561708 0.313342 0.023530 0.135425 0.004070
0 0.564981 0.315648 0.023211 0.137859 0.017986
0 0.590384 0.322557 0.019497 0.151621 0.002473
0 0.006318 0.332319 0.012669 0.141720 0.010987
0 0.548343 0.321107 0.016000 0.111961 0.017986
0 0.563224 0.315354 0.023606 0.137035 0.268941
0 0.564005 0.316636 0.022101 0.139434 0.377541
0 0.007082 0.331968 0.014196 0.143158 0.047426
0 0.548588 0.319907 0.014316 0.114002 0.029312
0 0.563190 0.315181 0.020670 0.141703 0.500000
0 0.563185 0.316641 0.020591 0.138849 0.622459
0 0.589118 0.330447 0.025009 0.178514 0.182426
0 0.007734 0.332716 0.015489 0.141932 0.017986
0 0.142156 0.339995 0.009939 0.045786 0.001501
0 0.549170 0.319563 0.013909 0.111280 0.029312
0 0.562478 0.316289 0.022026 0.138306 0.500000
0 0.563941 0.317782 0.022128 0.136510 0.622459
0 0.589085 0.330634 0.025148 0.182604 0.500000
0 0.589044 0.331016 0.025076 0.185164 0.622459
0 0.007712 0.336408 0.015461 0.135301 0.017986
0 0.549682 0.321923 0.014932 0.111314 0.029312
0 0.563124 0.316278 0.020711 0.138310 0.500000
0 0.563947 0.316482 0.022110 0.139097 0.622459
0 0.588303 0.328670 0.023559 0.181427 0.500000
0 0.588313 0.328628 0.023596 0.181401 0.622459
0 0.008494 0.340952 0.013967 0.126446 0.017986
0 0.145742 0.348866 0.008595 0.057946 0.002473
0 0.550043 0.319147 0.015645 0.116977 0.029312
0 0.563148 0.317251 0.020608 0.136392 0.500000
0 0.563950 0.316451 0.022114 0.139232 0.622459
0 0.588972 0.328160 0.022194 0.186816 0.500000
0 0.588964 0.329361 0.022155 0.184271 0.731059
0 0.008477 0.351358 0.013931 0.105749 0.017986
0 0.563124 0.318872 0.020618 0.138158 0.001501
0 0.564012 0.317414 0.022071 0.141253 0.010987
0 0.588263 0.328648 0.023558 0.181301 0.500000
0 0.588967 0.330014 0.022149 0.183104 0.731059
0 0.007759 0.357223 0.015564 0.104093 0.002473
0 0.588978 0.326465 0.022393 0.185728 0.119203
0 0.589813 0.327888 0.023870 0.187341 0.622459
1 0.396504 0.318923 0.057420 0.038703 0.119203
1 0.397547 0.320234 0.058055 0.039470 0.731059
1 0.396783 0.319780 0.056527 0.040378 0.731059
1 0.397540 0.319788 0.058036 0.040386 0.622459
1 0.397301 0.319796 0.058556 0.040407 0.500000
1 0.610286 0.306895 0.024911 0.020919 0.075858
1 0.619079 0.306670 0.033273 0.016816 0.075858
1 0.623112 0.308466 0.026122 0.017754 0.029312
1 0.648142 0.306714 0.036480 0.025225 0.002473
1 0.657972 0.305788 0.024662 0.023186 0.029312
1 0.669962 0.308484 0.022650 0.017779 0.047426
1 0.672752 0.308731 0.021695 0.021007 0.010987
1 0.224283 0.343733 0.059628 0.046622 0.377541
1 0.224685 0.344848 0.060423 0.047058 0.731059
1 0.224588 0.344843 0.060507 0.047032 0.817575
1 0.291982 0.331632 0.034279 0.022454 0.075858
1 0.292026 0.331501 0.037279 0.022164 0.075858
1 0.293058 0.330765 0.036261 0.023356 0.047426
1 0.323559 0.327801 0.031350 0.021023 0.029312
1 0.324611 0.328670 0.030004 0.019133 0.029312
1 0.334996 0.326653 0.027313 0.018738 0.029312
1 0.397429 0.320297 0.058549 0.039497 0.075858
1 0.397469 0.319803 0.058179 0.040334 0.731059
1 0.397454 0.319808 0.058150 0.040315 0.731059
1 0.397348 0.320270 0.058363 0.039404 0.731059
1 0.397300 0.319836 0.058565 0.040306 0.622459
1 0.491147 0.317156 0.022811 0.014787 0.010987
1 0.492432 0.316920 0.022408 0.013989 0.047426
1 0.499576 0.315663 0.032843 0.016549 0.004070
1 0.133325 0.339138 0.019991 0.016938 0.004070
1 0.224479 0.343761 0.060725 0.046603 0.731059
1 0.224306 0.344212 0.059488 0.045674 0.817575
1 0.224479 0.344225 0.060721 0.045643 0.880797
1 0.224014 0.344194 0.060080 0.045611 0.880797
1 0.291052 0.334581 0.032216 0.021578 0.017986
1 0.291972 0.333493 0.034147 0.022530 0.017986
1 0.224684 0.344881 0.060424 0.047037 0.880797
1 0.224550 0.344904 0.060687 0.046974 0.817575
1 0.224260 0.344248 0.059574 0.045663 0.880797
1 0.224453 0.343823 0.060725 0.044722 0.047426
2 0.396504 0.318923 0.057420 0.038703 0.006693
2 0.397547 0.320234 0.058055 0.039470 0.010987
2 0.396783 0.319780 0.056527 0.040378 0.029312
2 0.397540 0.319788 0.058036 0.040386 0.017986
2 0.397301 0.319796 0.058556 0.040407 0.006693
2 0.397429 0.320297 0.058549 0.039497 0.006693
2 0.397469 0.319803 0.058179 0.040334 0.017986
2 0.397454 0.319808 0.058150 0.040315 0.017986
2 0.397348 0.320270 0.058363 0.039404 0.017986
2 0.397300 0.319836 0.058565 0.040306 0.047426
3 0.397429 0.320297 0.058549 0.039497 0.001501
4 0.549170 0.319563 0.013909 0.111280 0.004070
4 0.549682 0.321923 0.014932 0.111314 0.004070
5 0.549170 0.319563 0.013909 0.111280 0.001501
5 0.008477 0.351358 0.013931 0.105749 0.002473
5 0.007759 0.357223 0.015564 0.104093 0.001501
