0 0.552880 0.310485 0.023500 0.121682 0.006693
0 0.561585 0.312464 0.026697 0.135133 0.004070
0 0.563913 0.314891 0.028138 0.135259 0.004070
0 0.585055 0.314311 0.020231 0.142177 0.002473
0 0.005534 0.336012 0.014154 0.143645 0.006693
0 0.550310 0.316708 0.016133 0.110302 0.119203
0 0.561576 0.312440 0.026981 0.134952 0.377541
0 0.562407 0.314642 0.028377 0.135074 0.500000
0 0.007129 0.333012 0.014292 0.140669 0.017986
0 0.282947 0.319624 0.016280 0.044229 0.001501
0 0.549262 0.317254 0.014028 0.109659 0.047426
0 0.563184 0.314173 0.026740 0.138713 0.500000
0 0.562445 0.314673 0.025149 0.139541 0.622459
0 0.586683 0.328389 0.023483 0.183433 0.001501
0 0.587500 0.328301 0.025157 0.182921 0.119203
0 0.007801 0.334796 0.015638 0.145571 0.010987
0 0.034719 0.352044 0.011507 0.086482 0.001501
0 0.289908 0.330844 0.026820 0.023488 0.001501
0 0.549226 0.317087 0.013971 0.115833 0.075858
0 0.562420 0.314660 0.025231 0.139616 0.500000
0 0.562478 0.314407 0.025057 0.139086 0.622459
0 0.588291 0.330760 0.026599 0.185946 0.622459
0 0.588270 0.330095 0.026622 0.187470 0.731059
0 0.008337 0.335005 0.016729 0.140662 0.010987
0 0.035224 0.356109 0.012600 0.094430 0.002473
0 0.280745 0.333418 0.011532 0.025705 0.010987
0 0.432220 0.322983 0.011401 0.044943 0.006693
0 0.550024 0.317401 0.015584 0.120331 0.075858
0 0.563216 0.314392 0.023686 0.139099 0.500000
0 0.562493 0.313636 0.025027 0.141644 0.622459
0 0.587553 0.329337 0.025124 0.188594 0.500000
0 0.587524 0.327884 0.025090 0.187614 0.731059
0 0.008296 0.345478 0.016642 0.117715 0.006693
0 0.034982 0.356075 0.014731 0.093952 0.001501
0 0.550475 0.317465 0.016464 0.120343 0.119203
0 0.562455 0.312798 0.022030 0.143349 0.377541
0 0.563269 0.312933 0.023477 0.142122 0.731059
0 0.588273 0.328912 0.023521 0.189060 0.500000
0 0.589051 0.327714 0.025055 0.191388 0.731059
0 0.008669 0.355230 0.017359 0.096814 0.002473
0 0.564866 0.313735 0.023617 0.148662 0.001501
0 0.589703 0.329012 0.023744 0.185425 0.500000
0 0.589051 0.329373 0.025057 0.188128 0.731059
0 0.588281 0.329777 0.023787 0.187339 0.268941
0 0.589086 0.328358 0.025175 0.190177 0.622459
1 0.448495 0.316453 0.047055 0.033771 0.817575
1 0.448766 0.315641 0.044461 0.030297 0.817575
1 0.448537 0.315190 0.047078 0.031185 0.817575
1 0.448541 0.315637 0.047167 0.030285 0.731059
1 0.608750 0.307790 0.021711 0.019167 0.029312
1 0.620792 0.307327 0.027223 0.015502 0.075858
1 0.623440 0.307343 0.025505 0.015507 0.029312
1 0.643458 0.304640 0.042919 0.026250 0.001501
1 0.654383 0.305795 0.020117 0.023260 0.002473
1 0.687398 0.308630 0.034284 0.024795 0.001501
1 0.223894 0.344394 0.060296 0.047934 0.731059
1 0.223810 0.345745 0.060588 0.048856 0.817575
1 0.223699 0.343730 0.060639 0.046622 0.817575
1 0.256375 0.331766 0.040606 0.029016 0.001501
1 0.262792 0.331084 0.045839 0.027629 0.001501
1 0.289908 0.330844 0.026820 0.023488 0.047426
1 0.290174 0.330267 0.030795 0.022318 0.119203
1 0.293088 0.328705 0.035985 0.022844 0.029312
1 0.326284 0.329609 0.034218 0.021102 0.006693
1 0.335361 0.326669 0.033054 0.018792 0.010987
1 0.347936 0.325379 0.026800 0.016444 0.001501
1 0.374849 0.321745 0.016863 0.013698 0.001501
1 0.376842 0.321792 0.015598 0.013584 0.006693
1 0.415920 0.317662 0.015253 0.015505 0.017986
1 0.448494 0.316468 0.047177 0.033779 0.731059
1 0.449291 0.315683 0.045521 0.030252 0.731059
1 0.447229 0.315225 0.047559 0.031145 0.817575
1 0.447788 0.316494 0.048699 0.033701 0.817575
1 0.133895 0.339210 0.024078 0.017089 0.004070
1 0.224207 0.344204 0.061202 0.045716 0.817575
1 0.224269 0.344859 0.061041 0.047009 0.817575
1 0.223760 0.343751 0.060476 0.046593 0.817575
1 0.223503 0.343069 0.060973 0.047862 0.924142
1 0.290174 0.333036 0.031128 0.024698 0.004070
1 0.224295 0.343767 0.061093 0.046619 0.817575
1 0.224224 0.344425 0.061232 0.047930 0.817575
1 0.223713 0.344427 0.060668 0.047934 0.880797
2 0.448495 0.316453 0.047055 0.033771 0.001501
2 0.448766 0.315641 0.044461 0.030297 0.002473
2 0.533882 0.306692 0.077712 0.031827 0.002473
2 0.448494 0.316468 0.047177 0.033779 0.002473
4 0.549226 0.317087 0.013971 0.115833 0.001501
4 0.550024 0.317401 0.015584 0.120331 0.001501
4 0.008669 0.355230 0.017359 0.096814 0.002473
5 0.008669 0.355230 0.017359 0.096814 0.004070
5 0.008422 0.361468 0.016865 0.099444 0.001501
