0 0.122616 0.335095 0.023800 0.131871 0.002473
0 0.132705 0.335052 0.020388 0.126998 0.029312
0 0.183527 0.335126 0.017249 0.115776 0.017986
0 0.126543 0.340014 0.025062 0.116904 0.029312
0 0.130781 0.342181 0.021841 0.112473 0.075858
0 0.164882 0.340721 0.020414 0.099276 0.004070
0 0.168008 0.342332 0.014094 0.101515 0.377541
0 0.182787 0.336742 0.015718 0.101166 0.377541
0 0.200207 0.340249 0.014816 0.092168 0.268941
0 0.200379 0.340091 0.014728 0.091862 0.500000
0 0.262474 0.325415 0.025032 0.146047 0.500000
0 0.261720 0.325481 0.026670 0.146185 0.500000
0 0.126251 0.349935 0.021736 0.097060 0.017986
0 0.130378 0.349331 0.020732 0.098166 0.119203
0 0.136767 0.346322 0.018687 0.082899 0.002473
0 0.168012 0.342414 0.014125 0.101605 0.500000
0 0.182114 0.337296 0.017399 0.101993 0.500000
0 0.199962 0.340141 0.015421 0.091780 0.268941
0 0.200630 0.341532 0.014223 0.094230 0.268941
0 0.263251 0.325459 0.026570 0.150984 0.500000
0 0.262439 0.325456 0.025162 0.150762 0.622459
0 0.644554 0.307817 0.011210 0.038408 0.010987
0 0.033477 0.354780 0.011208 0.091273 0.004070
0 0.122686 0.349815 0.014636 0.092080 0.010987
0 0.131623 0.349960 0.020161 0.096885 0.075858
0 0.139028 0.350772 0.014293 0.075924 0.001501
0 0.167998 0.342321 0.014118 0.101739 0.500000
0 0.182747 0.336955 0.018725 0.101191 0.500000
0 0.200333 0.341556 0.016176 0.094632 0.377541
0 0.200560 0.341642 0.014362 0.093987 0.377541
0 0.262486 0.328863 0.025079 0.147903 0.500000
0 0.262431 0.327646 0.028215 0.149838 0.622459
0 0.034196 0.355988 0.012671 0.094831 0.004070
0 0.120292 0.350200 0.015642 0.096402 0.010987
0 0.131186 0.349485 0.018849 0.092742 0.075858
0 0.168071 0.342402 0.016982 0.101673 0.500000
0 0.183478 0.338952 0.017312 0.100147 0.500000
0 0.199567 0.342537 0.016204 0.096568 0.268941
0 0.200776 0.342206 0.015512 0.091134 0.377541
0 0.262464 0.328786 0.025154 0.147815 0.500000
0 0.262472 0.328801 0.028154 0.147598 0.731059
0 0.122868 0.350239 0.015020 0.096369 0.006693
0 0.130642 0.350319 0.019948 0.096177 0.047426
0 0.135069 0.346474 0.022862 0.093790 0.001501
0 0.168097 0.342579 0.017034 0.101444 0.500000
0 0.183921 0.341777 0.017971 0.094903 0.377541
0 0.199831 0.341795 0.016737 0.094859 0.182426
0 0.200500 0.341781 0.016074 0.094891 0.500000
0 0.260913 0.331546 0.025198 0.142309 0.500000
0 0.261717 0.332609 0.026619 0.142517 0.622459
1 0.586416 0.309220 0.038577 0.021994 0.004070
1 0.593778 0.307077 0.046456 0.021291 0.017986
1 0.596833 0.307906 0.038855 0.019365 0.017986
1 0.606292 0.307811 0.028880 0.019087 0.017986
1 0.617580 0.306903 0.036993 0.020881 0.017986
1 0.627627 0.305780 0.030875 0.018634 0.010987
1 0.646557 0.303280 0.035370 0.028452 0.006693
1 0.646170 0.303409 0.036197 0.023542 0.047426
1 0.225601 0.344677 0.049414 0.046734 0.500000
1 0.226474 0.343680 0.050411 0.046525 0.500000
1 0.228531 0.343623 0.048088 0.049118 0.268941
1 0.289405 0.330840 0.032740 0.023493 0.500000
1 0.290222 0.330267 0.033909 0.022317 0.377541
1 0.291017 0.330313 0.035313 0.022453 0.119203
1 0.322554 0.330322 0.033982 0.019837 0.047426
1 0.325659 0.327827 0.034602 0.021161 0.010987
1 0.335437 0.325373 0.026280 0.016217 0.017986
1 0.389562 0.322903 0.021263 0.015888 0.017986
1 0.391205 0.322927 0.017688 0.015811 0.182426
1 0.422454 0.318446 0.020667 0.012135 0.001501
1 0.428188 0.318475 0.015601 0.012062 0.006693
1 0.224193 0.343706 0.055076 0.046625 0.622459
1 0.225939 0.343761 0.048668 0.046476 0.622459
1 0.225834 0.343057 0.051829 0.047800 0.500000
1 0.289373 0.332956 0.032774 0.025026 0.047426
1 0.290406 0.332006 0.032060 0.025548 0.010987
1 0.293496 0.332471 0.039122 0.026172 0.001501
1 0.226099 0.344524 0.051347 0.047825 0.500000
1 0.225603 0.343855 0.049719 0.046459 0.377541
1 0.227415 0.343797 0.051372 0.046608 0.377541
4 0.577838 0.317102 0.021263 0.027934 0.001501
4 0.584656 0.315956 0.029268 0.025666 0.002473
