0 0.643760 0.321034 0.009481 0.059179 0.010987
0 0.659024 0.321270 0.010178 0.059532 0.006693
0 0.665721 0.318003 0.012814 0.053467 0.004070
0 0.644566 0.321484 0.011185 0.060300 0.002473
0 0.657376 0.320171 0.014079 0.063160 0.004070
0 0.668642 0.318933 0.012782 0.053549 0.006693
0 0.003856 0.331957 0.007876 0.104902 0.001501
1 0.356243 0.329328 0.127734 0.133143 0.817575
1 0.355718 0.329955 0.127807 0.131752 0.880797
1 0.429246 0.323847 0.023999 0.054817 0.017986
1 0.436263 0.322855 0.033323 0.052794 0.182426
1 0.436454 0.322794 0.032941 0.057270 0.268941
1 0.457254 0.316924 0.022076 0.033424 0.001501
1 0.497557 0.326682 0.045227 0.064984 0.817575
1 0.498344 0.325471 0.043655 0.062615 0.731059
1 0.497567 0.325472 0.045189 0.062555 0.817575
1 0.356621 0.328694 0.128586 0.129234 0.924142
1 0.355876 0.328677 0.128568 0.129192 0.924142
1 0.356322 0.329977 0.126596 0.131684 0.924142
1 0.356318 0.329338 0.127694 0.133049 0.880797
1 0.432751 0.324162 0.031029 0.054965 0.047426
1 0.435475 0.324151 0.032408 0.054935 0.268941
1 0.436556 0.322977 0.032847 0.052757 0.268941
1 0.459320 0.322915 0.018921 0.026058 0.377541
1 0.461158 0.321659 0.021993 0.023637 0.047426
1 0.497298 0.324210 0.044658 0.060082 0.731059
1 0.497579 0.325483 0.045164 0.062552 0.817575
1 0.497577 0.325465 0.045178 0.062551 0.880797
1 0.497618 0.325490 0.045253 0.062665 0.622459
1 0.532015 0.319120 0.017292 0.023384 0.010987
1 0.547729 0.320513 0.020603 0.016086 0.075858
1 0.550120 0.320509 0.019011 0.016062 0.047426
1 0.583742 0.315856 0.043411 0.030148 0.002473
1 0.584719 0.315312 0.040598 0.031041 0.002473
1 0.585152 0.314606 0.040487 0.027866 0.004070
1 0.356621 0.329268 0.128585 0.133203 0.924142
1 0.356221 0.329330 0.127772 0.133027 0.880797
1 0.356323 0.329986 0.126595 0.131637 0.924142
1 0.356333 0.330618 0.127724 0.135544 0.924142
1 0.433511 0.324407 0.032541 0.054607 0.075858
1 0.435335 0.326377 0.032496 0.055662 0.377541
1 0.435910 0.324084 0.031309 0.050670 0.268941
1 0.497547 0.325484 0.045134 0.062596 0.731059
1 0.497580 0.326610 0.045162 0.060276 0.731059
1 0.497989 0.326615 0.045996 0.060251 0.817575
1 0.356324 0.329921 0.127409 0.131835 0.010987
2 0.585108 0.315622 0.042471 0.030358 0.010987
2 0.584603 0.314043 0.040701 0.028936 0.029312
2 0.584738 0.315158 0.039720 0.031134 0.029312
2 0.587230 0.313365 0.041345 0.030275 0.001501
2 0.583742 0.315856 0.043411 0.030148 0.017986
2 0.584719 0.315312 0.040598 0.031041 0.029312
2 0.585152 0.314606 0.040487 0.027866 0.017986
5 0.091336 0.351297 0.014303 0.089082 0.001501
5 0.435910 0.324084 0.031309 0.050670 0.004070
5 0.651980 0.322970 0.024537 0.062550 0.004070
5 0.665331 0.319948 0.019448 0.052629 0.001501
5 0.720510 0.333389 0.021900 0.041958 0.001501
