0 0.607496 0.318621 0.007073 0.040772 0.004070
0 0.608261 0.320335 0.008590 0.041603 0.004070
0 0.616352 0.324250 0.007799 0.035492 0.002473
0 0.004266 0.347375 0.008621 0.086279 0.002473
1 0.345348 0.329431 0.019304 0.029216 0.001501
1 0.386786 0.341189 0.095547 0.108970 0.817575
1 0.386042 0.339973 0.097100 0.106422 0.817575
1 0.386014 0.339884 0.097158 0.106242 0.817575
1 0.446305 0.331720 0.033109 0.038895 0.010987
1 0.449161 0.332022 0.029866 0.039173 0.268941
1 0.450013 0.332026 0.028308 0.039150 0.182426
1 0.461292 0.333322 0.017932 0.041775 0.006693
1 0.494817 0.339740 0.050704 0.070622 0.817575
1 0.494655 0.339695 0.051085 0.070631 0.817575
1 0.495145 0.340560 0.051629 0.073990 0.817575
1 0.534266 0.327770 0.015620 0.020988 0.010987
1 0.535918 0.326635 0.018705 0.018751 0.004070
1 0.386684 0.342406 0.098388 0.107052 0.880797
1 0.386808 0.342417 0.095538 0.106751 0.817575
1 0.386045 0.343696 0.097097 0.109302 0.880797
1 0.386018 0.343698 0.097082 0.109411 0.880797
1 0.446834 0.332129 0.035892 0.045957 0.006693
1 0.449951 0.332081 0.028421 0.039268 0.268941
1 0.450244 0.332058 0.030749 0.039216 0.182426
1 0.462449 0.332199 0.015718 0.039526 0.004070
1 0.494746 0.338396 0.050843 0.068147 0.731059
1 0.494699 0.339732 0.050990 0.070623 0.817575
1 0.495217 0.339670 0.051485 0.070665 0.817575
1 0.494858 0.339482 0.050770 0.071074 0.622459
1 0.386789 0.341280 0.095531 0.109123 0.880797
1 0.386715 0.339950 0.098446 0.106609 0.924142
1 0.386773 0.341283 0.095616 0.109132 0.924142
1 0.495074 0.340946 0.051495 0.073255 0.731059
1 0.494642 0.339220 0.051046 0.071594 0.817575
1 0.495096 0.339724 0.051779 0.070582 0.880797
