1 0.338994 0.330963 0.147032 0.139578 0.182426
1 0.502046 0.326509 0.034894 0.050101 0.075858
1 0.502716 0.324869 0.033534 0.048758 0.047426
1 0.503047 0.324826 0.034448 0.048791 0.010987
1 0.595140 0.318219 0.037765 0.035668 0.001501
1 0.599918 0.317383 0.035961 0.031859 0.004070
1 0.600558 0.316080 0.033888 0.029243 0.002473
1 0.339926 0.330970 0.145180 0.139595 0.924142
1 0.338213 0.331779 0.145502 0.141498 0.924142
1 0.339546 0.331663 0.145920 0.141729 0.952574
1 0.339009 0.331878 0.146996 0.141411 0.924142
1 0.441703 0.325281 0.033422 0.035273 0.817575
1 0.441732 0.325400 0.033455 0.035500 0.731059
1 0.441367 0.326532 0.032762 0.033260 0.622459
1 0.471042 0.322937 0.014166 0.021009 0.010987
1 0.502764 0.326384 0.033613 0.045949 0.817575
1 0.502761 0.326382 0.033611 0.045924 0.817575
1 0.502396 0.326379 0.035705 0.045944 0.500000
1 0.583236 0.321828 0.044051 0.028709 0.002473
1 0.592869 0.320884 0.033285 0.030153 0.029312
1 0.599468 0.319591 0.036776 0.027567 0.119203
1 0.601350 0.319601 0.033676 0.027562 0.119203
1 0.602665 0.319065 0.037206 0.029655 0.010987
1 0.060427 0.362988 0.121104 0.128313 0.731059
1 0.060762 0.362008 0.122412 0.130296 0.622459
1 0.060424 0.361781 0.123230 0.132689 0.817575
1 0.339926 0.331576 0.145176 0.141851 0.924142
1 0.338978 0.331835 0.147032 0.141319 0.880797
1 0.339521 0.332530 0.145975 0.142531 0.924142
1 0.339553 0.331837 0.145908 0.141326 0.952574
1 0.441712 0.327110 0.033433 0.034571 0.047426
1 0.441349 0.325989 0.032704 0.036760 0.047426
1 0.441751 0.326123 0.033578 0.037321 0.075858
1 0.502084 0.326105 0.034971 0.046538 0.817575
1 0.502105 0.326777 0.035030 0.045165 0.817575
1 0.502123 0.326661 0.035156 0.045410 0.622459
1 0.060937 0.363844 0.122062 0.129564 0.731059
1 0.061719 0.363289 0.120681 0.127856 0.731059
1 0.062290 0.363276 0.122074 0.127739 0.731059
1 0.061094 0.363537 0.124565 0.129146 0.731059
1 0.338977 0.330675 0.147042 0.140046 0.047426
1 0.339031 0.332053 0.146939 0.140859 0.970688
1 0.060724 0.363348 0.122442 0.127995 0.817575
1 0.060567 0.363634 0.122813 0.125455 0.817575
1 0.059461 0.364088 0.125127 0.126417 0.817575
