1 0.989888 0.304098 0.024519 0.060126 0.006693
1 0.989335 0.304373 0.021563 0.065383 0.004070
1 0.018030 0.323315 0.036110 0.069305 0.002473
1 0.021129 0.322463 0.042247 0.058048 0.004070
1 0.020355 0.322642 0.040855 0.057291 0.002473
1 0.988994 0.309655 0.022316 0.042583 0.047426
1 0.989557 0.312372 0.020994 0.042267 0.047426
1 0.016544 0.325546 0.033228 0.073595 0.004070
1 0.021728 0.322508 0.040338 0.057506 0.006693
1 0.020358 0.324082 0.040894 0.054509 0.002473
1 0.375565 0.322926 0.018245 0.015831 0.004070
1 0.377132 0.322927 0.021016 0.015813 0.004070
1 0.389576 0.320335 0.038648 0.021607 0.001501
1 0.410450 0.320843 0.015236 0.025063 0.004070
1 0.433911 0.325312 0.032224 0.038970 0.377541
1 0.434775 0.325115 0.033513 0.038550 0.731059
1 0.434078 0.325134 0.031866 0.038554 0.817575
1 0.457068 0.319222 0.011264 0.018672 0.002473
1 0.462661 0.319172 0.019335 0.019085 0.001501
1 0.495182 0.324588 0.034649 0.037736 0.017986
1 0.498487 0.326445 0.028035 0.033120 0.622459
1 0.498462 0.325039 0.028098 0.034765 0.500000
1 0.541215 0.325347 0.017741 0.016124 0.004070
1 0.553946 0.323007 0.040814 0.016153 0.002473
1 0.567555 0.322925 0.018120 0.015763 0.029312
1 0.571406 0.322941 0.024470 0.011557 0.004070
1 0.988941 0.315378 0.022297 0.036279 0.075858
1 0.989033 0.316863 0.021982 0.033430 0.075858
1 0.007934 0.339178 0.018962 0.047765 0.002473
1 0.020795 0.331079 0.041449 0.054243 0.004070
1 0.021563 0.325785 0.043357 0.053218 0.001501
1 0.433910 0.325561 0.032220 0.039621 0.182426
1 0.433742 0.326454 0.032540 0.037792 0.268941
1 0.433737 0.326190 0.032543 0.037177 0.377541
1 0.495165 0.326374 0.034692 0.038167 0.004070
1 0.497720 0.326116 0.029628 0.037286 0.017986
1 0.498616 0.325936 0.030863 0.036927 0.047426
1 0.988307 0.345405 0.023822 0.100644 0.006693
1 0.989990 0.339730 0.020548 0.078982 0.006693
1 0.008396 0.348485 0.016823 0.040716 0.001501
1 0.017871 0.345598 0.035738 0.055863 0.002473
1 0.185927 0.366867 0.278115 0.293469 0.939913
1 0.188233 0.366791 0.279724 0.293418 0.952574
1 0.186770 0.366845 0.279704 0.293515 0.939913
1 0.185786 0.368263 0.277842 0.296468 0.731059
1 0.185913 0.367510 0.278071 0.294928 0.939913
1 0.188255 0.365761 0.279707 0.295405 0.939913
1 0.187516 0.367501 0.278173 0.294956 0.939913
1 0.185202 0.366990 0.279517 0.296339 0.939913
1 0.187500 0.366884 0.281195 0.296525 0.952574
1 0.187530 0.367239 0.281212 0.293352 0.939913
2 0.411947 0.313512 0.018366 0.034296 0.006693
2 0.416568 0.319083 0.025559 0.039261 0.002473
2 0.988994 0.309655 0.022316 0.042583 0.002473
2 0.989557 0.312372 0.020994 0.042267 0.006693
2 0.988941 0.315378 0.022297 0.036279 0.001501
2 0.989033 0.316863 0.021982 0.033430 0.002473
3 0.989557 0.312372 0.020994 0.042267 0.001501
5 0.497720 0.326116 0.029628 0.037286 0.001501
