0 0.583338 0.303258 0.016790 0.089011 0.002473
0 0.565989 0.308043 0.010101 0.065307 0.006693
0 0.582001 0.307134 0.014165 0.082793 0.119203
0 0.585578 0.307399 0.018294 0.079159 0.002473
0 0.206250 0.323627 0.009469 0.054430 0.001501
0 0.565963 0.309406 0.010144 0.058633 0.010987
0 0.582653 0.307481 0.015578 0.083629 0.182426
0 0.584802 0.308482 0.019832 0.086060 0.002473
0 0.206253 0.328007 0.009497 0.059785 0.001501
0 0.565257 0.309142 0.011556 0.058837 0.017986
0 0.582682 0.307782 0.015514 0.087556 0.182426
0 0.584978 0.309986 0.019483 0.083036 0.002473
0 0.164734 0.352045 0.012691 0.032577 0.001501
0 0.570281 0.312486 0.009817 0.070385 0.004070
0 0.582698 0.309886 0.015480 0.088707 0.119203
0 0.991873 0.319152 0.016367 0.469319 0.002473
0 0.986429 0.326879 0.024199 0.493267 0.006693
0 0.990710 0.328340 0.021724 0.482716 0.006693
0 0.987410 0.335702 0.025260 0.486894 0.010987
0 0.990566 0.336957 0.018908 0.479073 0.006693
0 0.988219 0.351295 0.023624 0.484885 0.006693
0 0.991832 0.348578 0.016366 0.467936 0.010987
0 0.988094 0.352804 0.020758 0.462868 0.001501
0 0.991459 0.353505 0.017105 0.450940 0.004070
0 0.991648 0.365086 0.016718 0.411417 0.004070
0 0.992195 0.371988 0.015624 0.397604 0.001501
0 0.992265 0.378760 0.015484 0.358504 0.001501
1 0.435483 0.328894 0.045990 0.055614 0.268941
1 0.436034 0.327312 0.047078 0.053639 0.377541
1 0.292968 0.338447 0.110967 0.098814 0.817575
1 0.292208 0.338459 0.112513 0.098782 0.880797
1 0.292942 0.338445 0.111047 0.098811 0.924142
1 0.392998 0.328719 0.036025 0.037664 0.880797
1 0.395278 0.328723 0.037503 0.037603 0.817575
1 0.393761 0.328730 0.037535 0.037588 0.731059
1 0.434710 0.329351 0.047509 0.054761 0.817575
1 0.435489 0.327998 0.045993 0.052368 0.817575
1 0.435268 0.326653 0.048609 0.049939 0.817575
1 0.436271 0.327693 0.044525 0.052983 0.817575
1 0.292204 0.338470 0.112509 0.098827 0.500000
1 0.292296 0.338487 0.109606 0.098794 0.880797
1 0.293739 0.338490 0.109451 0.098801 0.924142
1 0.292971 0.339139 0.110989 0.100100 0.952574
1 0.292188 0.337316 0.112573 0.101092 0.006693
1 0.393757 0.328732 0.037551 0.037721 0.731059
1 0.393765 0.329629 0.037536 0.039490 0.731059
1 0.394520 0.328732 0.039061 0.037653 0.622459
1 0.435484 0.328129 0.046037 0.052111 0.731059
1 0.435490 0.328127 0.045994 0.052094 0.817575
1 0.436038 0.328008 0.047107 0.052327 0.817575
1 0.435501 0.329217 0.046066 0.055038 0.817575
1 0.071293 0.377670 0.142650 0.203943 0.880797
1 0.070451 0.377220 0.144055 0.203042 0.817575
1 0.070787 0.376223 0.144767 0.201156 0.880797
1 0.293730 0.337331 0.109405 0.101011 0.924142
1 0.292972 0.336891 0.110965 0.100167 0.952574
1 0.292965 0.336867 0.110960 0.100117 0.952574
1 0.071418 0.375478 0.142863 0.204129 0.880797
1 0.071495 0.374855 0.143052 0.202991 0.817575
1 0.071179 0.374880 0.142427 0.203044 0.817575
1 0.070786 0.374982 0.144764 0.203096 0.880797
1 0.071294 0.373636 0.142639 0.200321 0.880797
1 0.070440 0.374605 0.144069 0.202075 0.817575
1 0.071501 0.374736 0.143339 0.202108 0.817575
2 0.020324 0.300965 0.040929 0.240744 0.001501
4 0.164734 0.352045 0.012691 0.032577 0.002473
4 0.162342 0.356154 0.015202 0.032709 0.002473
4 0.164334 0.355418 0.013471 0.029608 0.010987
5 0.582698 0.309886 0.015480 0.088707 0.004070
5 0.585949 0.311284 0.018636 0.080831 0.001501
