0 0.642215 0.288400 0.012553 0.071848 0.006693
0 0.554001 0.307927 0.011233 0.061061 0.006693
0 0.595741 0.303141 0.008557 0.065812 0.001501
0 0.616747 0.296496 0.008591 0.051662 0.001501
0 0.642990 0.289299 0.011046 0.073164 0.004070
0 0.733614 0.296843 0.020476 0.093861 0.002473
0 0.440920 0.314178 0.012804 0.032559 0.002473
0 0.555022 0.309679 0.007028 0.052751 0.029312
0 0.592940 0.306508 0.011120 0.066252 0.001501
0 0.617281 0.298279 0.009708 0.049439 0.002473
0 0.643759 0.290584 0.012576 0.075410 0.004070
0 0.733617 0.295996 0.023133 0.097604 0.001501
0 0.393232 0.318985 0.005702 0.023946 0.004070
0 0.554791 0.311294 0.009665 0.054105 0.010987
1 0.282064 0.300579 0.037240 0.047476 0.002473
1 0.285958 0.299971 0.028199 0.042463 0.006693
1 0.286476 0.301297 0.027211 0.043277 0.010987
1 0.282652 0.304279 0.041863 0.064076 0.004070
1 0.287295 0.302523 0.028902 0.047409 0.010987
1 0.286500 0.301379 0.030190 0.044673 0.017986
1 0.351453 0.328166 0.072116 0.067919 0.817575
1 0.351453 0.329291 0.072121 0.065660 0.880797
1 0.288038 0.306937 0.027191 0.063297 0.006693
1 0.287430 0.306930 0.028312 0.054416 0.004070
1 0.350771 0.329301 0.073468 0.065704 0.817575
1 0.350001 0.328163 0.071940 0.067914 0.880797
1 0.351446 0.328645 0.072104 0.064378 0.924142
1 0.351454 0.327518 0.072095 0.066632 0.924142
1 0.413058 0.326090 0.031915 0.032359 0.817575
1 0.413045 0.326166 0.031889 0.032508 0.817575
1 0.435142 0.319235 0.017267 0.023134 0.500000
1 0.435867 0.321637 0.018784 0.023471 0.377541
1 0.456301 0.317225 0.015996 0.014607 0.002473
1 0.350775 0.328178 0.073461 0.067908 0.817575
1 0.350771 0.329298 0.073470 0.065628 0.817575
1 0.351451 0.328166 0.072099 0.067894 0.880797
1 0.351454 0.328648 0.072094 0.064336 0.924142
1 0.413072 0.325989 0.031947 0.036864 0.004070
1 0.413016 0.327113 0.031949 0.034581 0.001501
1 0.151448 0.423456 0.306084 0.493626 0.060087
1 0.152163 0.424794 0.307459 0.492502 0.777300
1 0.152155 0.423590 0.307412 0.494176 0.817575
1 0.151447 0.424614 0.306242 0.492205 0.817575
1 0.152246 0.430929 0.304575 0.501275 0.777300
1 0.152165 0.431246 0.307448 0.501694 0.777300
1 0.152730 0.430293 0.308540 0.499436 0.777300
1 0.151345 0.429725 0.309007 0.501763 0.817575
1 0.151553 0.441252 0.306158 0.520378 0.777300
1 0.152761 0.437570 0.308578 0.512636 0.817575
1 0.152266 0.436500 0.304648 0.512712 0.679179
2 0.285958 0.299971 0.028199 0.042463 0.001501
2 0.286476 0.301297 0.027211 0.043277 0.001501
2 0.282652 0.304279 0.041863 0.064076 0.001501
2 0.287295 0.302523 0.028902 0.047409 0.004070
2 0.286500 0.301379 0.030190 0.044673 0.002473
2 0.288038 0.306937 0.027191 0.063297 0.001501
3 0.286476 0.301297 0.027211 0.043277 0.001501
3 0.984816 0.256424 0.030444 0.222567 0.001501
3 0.984550 0.258845 0.031011 0.229161 0.001501
3 0.287295 0.302523 0.028902 0.047409 0.002473
3 0.286500 0.301379 0.030190 0.044673 0.001501
3 0.984642 0.273876 0.027775 0.265970 0.002473
4 0.538653 0.317473 0.019588 0.032839 0.001501
4 0.547334 0.317614 0.014037 0.031831 0.006693
4 0.554791 0.311294 0.009665 0.054105 0.001501
5 0.435867 0.321637 0.018784 0.023471 0.001501
5 0.547334 0.317614 0.014037 0.031831 0.001501
5 0.554791 0.311294 0.009665 0.054105 0.001501
5 0.587863 0.313725 0.017841 0.065384 0.001501
5 0.591258 0.309275 0.014507 0.069811 0.001501
5 0.589406 0.315869 0.018256 0.071715 0.002473
