0 0.720639 0.312307 0.019444 0.125005 0.622459
0 0.721927 0.307970 0.021686 0.121683 0.004070
0 0.743765 0.300660 0.015835 0.096961 0.006693
0 0.584315 0.301940 0.016666 0.053788 0.001501
0 0.596007 0.305234 0.011705 0.060537 0.002473
0 0.617709 0.312267 0.016402 0.090383 0.006693
0 0.687456 0.320293 0.021967 0.161602 0.002473
0 0.688262 0.320336 0.020562 0.161657 0.182426
0 0.720806 0.312379 0.019740 0.119768 0.622459
0 0.722324 0.309540 0.019786 0.119679 0.075858
0 0.742912 0.300126 0.014422 0.095299 0.001501
0 0.479641 0.313068 0.012782 0.027194 0.001501
0 0.516352 0.311988 0.007803 0.031644 0.001501
0 0.688266 0.322831 0.023538 0.163665 0.622459
0 0.688281 0.322148 0.023487 0.162312 0.731059
0 0.721305 0.312438 0.017645 0.119839 0.731059
0 0.721546 0.311170 0.021343 0.117458 0.075858
0 0.742093 0.301383 0.016116 0.098007 0.002473
0 0.686732 0.320751 0.023513 0.160402 0.500000
0 0.687514 0.321482 0.021992 0.162647 0.731059
0 0.720810 0.311345 0.019724 0.117482 0.731059
0 0.721770 0.309945 0.021970 0.119935 0.119203
0 0.742885 0.303623 0.014410 0.100151 0.001501
0 0.687467 0.321119 0.022020 0.163120 0.500000
0 0.687513 0.321488 0.021986 0.162638 0.622459
0 0.720647 0.312462 0.019423 0.115270 0.622459
0 0.721550 0.310369 0.021326 0.115730 0.075858
0 0.687474 0.320943 0.021989 0.159684 0.500000
0 0.687527 0.321843 0.021958 0.161494 0.622459
0 0.720526 0.311365 0.019216 0.117697 0.500000
0 0.721558 0.311293 0.021314 0.117981 0.004070
0 0.687494 0.323489 0.025053 0.158249 0.377541
0 0.688376 0.323490 0.023637 0.158290 0.500000
0 0.992684 0.393796 0.014715 0.287034 0.001501
0 0.992471 0.387425 0.015105 0.314851 0.002473
0 0.992464 0.388509 0.015096 0.334391 0.001501
1 0.087833 0.352823 0.175773 0.242224 0.880797
1 0.086041 0.353760 0.175238 0.243984 0.880797
1 0.418011 0.318222 0.021333 0.040133 0.002473
1 0.445980 0.321675 0.036200 0.044167 0.731059
1 0.445989 0.321791 0.036096 0.044400 0.622459
1 0.446047 0.321012 0.036007 0.045488 0.731059
1 0.479641 0.313068 0.012782 0.027194 0.002473
1 0.565919 0.312367 0.026201 0.028560 0.004070
1 0.566755 0.311706 0.025433 0.027019 0.002473
1 0.086483 0.355080 0.176154 0.242200 0.924142
1 0.087777 0.353989 0.175587 0.244516 0.924142
1 0.085827 0.353930 0.174781 0.244534 0.880797
1 0.085125 0.352778 0.173759 0.242284 0.880797
1 0.416649 0.323997 0.022707 0.028632 0.029312
1 0.417424 0.323794 0.021208 0.032524 0.182426
1 0.445193 0.321920 0.034632 0.044476 0.622459
1 0.445206 0.321902 0.034602 0.044482 0.731059
1 0.445992 0.321034 0.036113 0.045462 0.817575
1 0.470381 0.316721 0.016026 0.023927 0.006693
1 0.479828 0.317172 0.015605 0.019117 0.182426
1 0.486594 0.318221 0.018979 0.017072 0.006693
1 0.566123 0.315964 0.024352 0.021660 0.029312
1 0.566824 0.315458 0.024762 0.019979 0.047426
1 0.088600 0.351594 0.177239 0.244947 0.880797
1 0.087710 0.352892 0.175454 0.242440 0.880797
1 0.086396 0.353816 0.172873 0.244339 0.880797
1 0.084825 0.354105 0.173572 0.250017 0.924142
1 0.445293 0.322504 0.037531 0.045681 0.268941
1 0.445243 0.322533 0.034583 0.045609 0.182426
1 0.446523 0.322049 0.035052 0.044652 0.268941
1 0.250259 0.354168 0.277768 0.291672 0.924142
1 0.250769 0.354169 0.278368 0.291611 0.924142
1 0.250859 0.354172 0.277287 0.291664 0.924142
1 0.251107 0.352839 0.275406 0.294239 0.904651
1 0.250281 0.355535 0.278445 0.294331 0.904651
1 0.250299 0.355486 0.278108 0.294252 0.924142
1 0.250928 0.355493 0.277152 0.294250 0.904651
1 0.250805 0.354182 0.275793 0.296950 0.880797
1 0.250113 0.354468 0.278497 0.291349 0.904651
1 0.250651 0.353300 0.277747 0.288878 0.880797
2 0.462683 0.312726 0.016763 0.029068 0.001501
4 0.614599 0.325639 0.035690 0.075551 0.001501
4 0.622486 0.329108 0.026321 0.076388 0.001501
4 0.622611 0.325450 0.026874 0.073696 0.001501
4 0.598227 0.321274 0.022535 0.053377 0.004070
4 0.611580 0.333849 0.038620 0.079643 0.017986
4 0.620200 0.331673 0.028440 0.080643 0.006693
4 0.621948 0.331453 0.028193 0.085706 0.004070
4 0.652167 0.310351 0.027223 0.058410 0.001501
4 0.582611 0.331796 0.021451 0.059424 0.001501
4 0.602368 0.330024 0.035744 0.072640 0.010987
4 0.612039 0.331861 0.039327 0.080634 0.029312
4 0.618600 0.333232 0.031205 0.083523 0.006693
4 0.622293 0.332018 0.027574 0.086665 0.004070
4 0.611636 0.332908 0.041702 0.089477 0.010987
4 0.616782 0.333171 0.034729 0.083849 0.017986
4 0.621311 0.332780 0.029526 0.084919 0.006693
5 0.626020 0.313217 0.023518 0.087365 0.002473
5 0.614599 0.325639 0.035690 0.075551 0.006693
5 0.622486 0.329108 0.026321 0.076388 0.075858
5 0.622611 0.325450 0.026874 0.073696 0.075858
5 0.645321 0.312366 0.033124 0.058672 0.001501
5 0.584067 0.323084 0.021975 0.049850 0.004070
5 0.598227 0.321274 0.022535 0.053377 0.004070
5 0.611580 0.333849 0.038620 0.079643 0.010987
5 0.620200 0.331673 0.028440 0.080643 0.075858
5 0.621948 0.331453 0.028193 0.085706 0.075858
5 0.571353 0.330440 0.018363 0.056862 0.006693
5 0.582611 0.331796 0.021451 0.059424 0.119203
5 0.602368 0.330024 0.035744 0.072640 0.047426
5 0.612039 0.331861 0.039327 0.080634 0.047426
5 0.618600 0.333232 0.031205 0.083523 0.047426
5 0.622293 0.332018 0.027574 0.086665 0.075858
5 0.604172 0.331292 0.046573 0.082575 0.010987
5 0.611636 0.332908 0.041702 0.089477 0.047426
5 0.616782 0.333171 0.034729 0.083849 0.047426
5 0.621311 0.332780 0.029526 0.084919 0.029312
5 0.992471 0.387425 0.015105 0.314851 0.001501
