0 0.443752 0.313186 0.009488 0.030204 0.006693
0 0.480014 0.310205 0.007052 0.021277 0.010987
0 0.160754 0.339724 0.024715 0.065001 0.006693
0 0.443769 0.317157 0.009505 0.027367 0.006693
0 0.478098 0.314001 0.009324 0.021067 0.002473
0 0.161432 0.346714 0.023456 0.046488 0.002473
0 0.158613 0.348403 0.026285 0.048200 0.001501
1 0.567208 0.288640 0.015643 0.019814 0.001501
1 0.149344 0.331586 0.075645 0.075194 0.001501
1 0.186249 0.308206 0.052976 0.042755 0.001501
1 0.188801 0.311479 0.053684 0.034872 0.006693
1 0.235527 0.312914 0.057865 0.043525 0.002473
1 0.239251 0.310268 0.052097 0.032298 0.002473
1 0.239292 0.313454 0.055566 0.034064 0.004070
1 0.319978 0.319532 0.065000 0.069552 0.017986
1 0.320594 0.320508 0.066439 0.067544 0.500000
1 0.320475 0.319568 0.066152 0.069215 0.622459
1 0.320531 0.319653 0.065996 0.069288 0.500000
1 0.388275 0.321590 0.098498 0.106770 0.880797
1 0.388248 0.320492 0.098544 0.109007 0.817575
1 0.387509 0.321612 0.100017 0.106756 0.924142
1 0.460171 0.314483 0.023830 0.028083 0.010987
1 0.461163 0.313926 0.021977 0.028858 0.017986
1 0.143261 0.336436 0.070831 0.067340 0.002473
1 0.188580 0.315764 0.055616 0.057898 0.004070
1 0.196458 0.326147 0.044103 0.040703 0.004070
1 0.221929 0.334729 0.078018 0.049686 0.268941
1 0.222978 0.335893 0.078456 0.047034 0.119203
1 0.221339 0.335831 0.077750 0.052058 0.182426
1 0.223015 0.334581 0.077933 0.050007 0.075858
1 0.242975 0.323931 0.064180 0.029391 0.010987
1 0.271489 0.327636 0.036730 0.025485 0.010987
1 0.280900 0.328344 0.024519 0.026665 0.029312
1 0.286093 0.325794 0.031407 0.036182 0.006693
1 0.319899 0.319395 0.068017 0.069520 0.500000
1 0.320644 0.319125 0.066408 0.065049 0.622459
1 0.321242 0.319183 0.064508 0.064961 0.622459
1 0.320510 0.318312 0.066040 0.066816 0.622459
1 0.388271 0.320476 0.098453 0.109115 0.880797
1 0.389033 0.320345 0.100003 0.104179 0.880797
1 0.388267 0.321628 0.098487 0.106745 0.880797
1 0.387485 0.320494 0.100049 0.109008 0.924142
1 0.443769 0.317157 0.009505 0.027367 0.002473
1 0.459671 0.317606 0.022661 0.026405 0.377541
1 0.460185 0.316346 0.023888 0.024464 0.500000
1 0.143264 0.342488 0.064676 0.055193 0.001501
1 0.145288 0.346621 0.060484 0.046956 0.004070
1 0.159891 0.348076 0.033629 0.043789 0.006693
1 0.193352 0.341206 0.034742 0.032488 0.029312
1 0.197196 0.339912 0.035273 0.034643 0.047426
1 0.221334 0.336844 0.079278 0.048885 0.377541
1 0.222302 0.336709 0.077138 0.048884 0.182426
1 0.222119 0.335546 0.076982 0.051503 0.182426
1 0.221562 0.336350 0.077687 0.053276 0.268941
1 0.240038 0.330185 0.067948 0.035995 0.004070
1 0.273978 0.331337 0.034198 0.028404 0.002473
1 0.281362 0.330201 0.024314 0.030369 0.004070
1 0.320682 0.318086 0.066435 0.067474 0.006693
1 0.320441 0.318261 0.069099 0.066959 0.377541
1 0.321294 0.319572 0.067626 0.069384 0.622459
1 0.321301 0.320849 0.067496 0.072137 0.500000
1 0.388272 0.319206 0.101533 0.106464 0.924142
1 0.387500 0.320498 0.100021 0.109011 0.924142
1 0.388248 0.319222 0.101575 0.106456 0.924142
1 0.146577 0.348830 0.057366 0.042844 0.002473
1 0.159525 0.348842 0.031282 0.047422 0.002473
1 0.221112 0.339714 0.078415 0.055026 0.001501
2 0.159810 0.327137 0.089624 0.076178 0.002473
2 0.186362 0.308742 0.052627 0.043819 0.004070
2 0.186249 0.308206 0.052976 0.042755 0.006693
2 0.186041 0.305250 0.055990 0.036911 0.002473
2 0.188580 0.315764 0.055616 0.057898 0.004070
5 0.443769 0.317157 0.009505 0.027367 0.001501
5 0.545686 0.322932 0.017054 0.031956 0.006693
