0 0.635843 0.308657 0.015978 0.082902 0.001501
0 0.639590 0.309487 0.012894 0.083313 0.004070
0 0.701871 0.298895 0.019868 0.106299 0.002473
0 0.594837 0.325514 0.020636 0.062776 0.010987
0 0.640961 0.310879 0.010153 0.081763 0.001501
0 0.702393 0.299475 0.017502 0.107287 0.001501
0 0.594756 0.325625 0.020471 0.062287 0.006693
0 0.642295 0.312468 0.009643 0.083351 0.001501
0 0.703848 0.300238 0.017700 0.107784 0.001501
0 0.424237 0.330547 0.016356 0.047481 0.002473
0 0.595143 0.328086 0.018443 0.061870 0.004070
0 0.642290 0.313219 0.009666 0.082340 0.001501
0 0.422367 0.335630 0.017165 0.066556 0.001501
0 0.426239 0.333753 0.016971 0.074274 0.002473
1 0.255307 0.318697 0.067810 0.054419 0.001501
1 0.236083 0.347666 0.095659 0.107456 0.377541
1 0.234807 0.346322 0.095827 0.109597 0.500000
1 0.234032 0.346444 0.097414 0.109992 0.622459
1 0.305384 0.352223 0.164234 0.139077 0.002473
1 0.305680 0.353475 0.160567 0.139960 0.017986
1 0.394067 0.329636 0.030220 0.043957 0.377541
1 0.393777 0.330010 0.029375 0.048304 0.622459
1 0.393411 0.329357 0.030532 0.049654 0.500000
1 0.421199 0.329024 0.022493 0.045028 0.004070
1 0.425745 0.328988 0.020834 0.045351 0.006693
1 0.446698 0.327783 0.029284 0.035826 0.047426
1 0.452323 0.329490 0.038938 0.039521 0.029312
1 0.458912 0.326685 0.032480 0.045150 0.017986
1 0.513639 0.324023 0.016691 0.019235 0.001501
1 0.516379 0.322929 0.021042 0.015946 0.002473
1 0.528763 0.318946 0.027124 0.024188 0.002473
1 0.170456 0.360549 0.090996 0.086602 0.817575
1 0.170897 0.360564 0.091893 0.086579 0.817575
1 0.169579 0.361044 0.089422 0.087533 0.817575
1 0.233796 0.346847 0.098758 0.110824 0.500000
1 0.233837 0.345134 0.096824 0.112299 0.622459
1 0.233981 0.346552 0.096386 0.109975 0.731059
1 0.233680 0.343907 0.099864 0.109820 0.182426
1 0.305436 0.352599 0.164179 0.138020 0.880797
1 0.303966 0.353478 0.163993 0.139769 0.817575
1 0.304738 0.352136 0.162469 0.138786 0.924142
1 0.304733 0.353256 0.162463 0.136589 0.924142
1 0.394110 0.330001 0.030336 0.048394 0.377541
1 0.393231 0.329999 0.030302 0.048395 0.500000
1 0.393869 0.329968 0.031652 0.048444 0.500000
1 0.424237 0.330547 0.016356 0.047481 0.001501
1 0.426136 0.330893 0.018854 0.046859 0.004070
1 0.448475 0.328621 0.031221 0.037938 0.075858
1 0.451943 0.327454 0.039163 0.040266 0.029312
1 0.460349 0.327347 0.029483 0.044135 0.029312
1 0.171914 0.360564 0.093837 0.086512 0.817575
1 0.170911 0.359908 0.091848 0.085188 0.880797
1 0.170455 0.358787 0.090965 0.087431 0.880797
1 0.169567 0.358791 0.089295 0.087485 0.817575
1 0.234236 0.345152 0.098747 0.107513 0.377541
1 0.233412 0.345025 0.096395 0.107518 0.622459
1 0.233777 0.342650 0.095990 0.107476 0.731059
1 0.304719 0.353442 0.165616 0.139878 0.880797
1 0.304754 0.352169 0.165493 0.138783 0.880797
1 0.304721 0.353480 0.162506 0.139666 0.952574
1 0.304725 0.352574 0.162473 0.137968 0.924142
1 0.170239 0.359895 0.093581 0.085151 0.880797
1 0.169215 0.359911 0.091582 0.085120 0.880797
1 0.169573 0.359911 0.089221 0.085150 0.880797
1 0.304715 0.352068 0.165581 0.134473 0.817575
1 0.304694 0.352052 0.162530 0.134441 0.817575
2 0.239399 0.338829 0.089152 0.094585 0.001501
2 0.245118 0.325366 0.081479 0.067707 0.004070
2 0.255307 0.318697 0.067810 0.054419 0.002473
2 0.236083 0.347666 0.095659 0.107456 0.001501
2 0.234807 0.346322 0.095827 0.109597 0.006693
2 0.234032 0.346444 0.097414 0.109992 0.017986
2 0.233837 0.345134 0.096824 0.112299 0.002473
2 0.233981 0.346552 0.096386 0.109975 0.006693
2 0.233680 0.343907 0.099864 0.109820 0.002473
4 0.594837 0.325514 0.020636 0.062776 0.010987
4 0.599422 0.324125 0.024190 0.065470 0.001501
4 0.582880 0.322272 0.019586 0.045296 0.002473
4 0.594756 0.325625 0.020471 0.062287 0.010987
4 0.598844 0.324227 0.026014 0.065146 0.004070
4 0.424237 0.330547 0.016356 0.047481 0.001501
4 0.589266 0.326182 0.025665 0.061438 0.004070
4 0.595143 0.328086 0.018443 0.061870 0.006693
4 0.598016 0.324175 0.024348 0.065238 0.004070
5 0.594837 0.325514 0.020636 0.062776 0.017986
5 0.599422 0.324125 0.024190 0.065470 0.004070
5 0.594756 0.325625 0.020471 0.062287 0.010987
5 0.598844 0.324227 0.026014 0.065146 0.004070
5 0.424237 0.330547 0.016356 0.047481 0.006693
5 0.426136 0.330893 0.018854 0.046859 0.006693
5 0.589266 0.326182 0.025665 0.061438 0.001501
5 0.595143 0.328086 0.018443 0.061870 0.004070
5 0.598016 0.324175 0.024348 0.065238 0.004070
5 0.426239 0.333753 0.016971 0.074274 0.001501
