0 0.697384 0.308945 0.014256 0.104861 0.010987
0 0.706158 0.307383 0.015917 0.098980 0.006693
0 0.748500 0.306554 0.016248 0.100036 0.182426
0 0.749373 0.303191 0.015681 0.097009 0.029312
0 0.784492 0.305326 0.025119 0.163344 0.119203
0 0.786030 0.304587 0.025235 0.161981 0.029312
0 0.683828 0.310732 0.023620 0.092001 0.010987
0 0.696092 0.314672 0.017345 0.114958 0.075858
0 0.706219 0.310564 0.012626 0.097550 0.075858
0 0.748834 0.305739 0.014851 0.096656 0.182426
0 0.749558 0.305721 0.014587 0.096748 0.119203
0 0.785246 0.306572 0.026451 0.160693 0.500000
0 0.785227 0.305997 0.026570 0.159985 0.377541
0 0.796358 0.309645 0.027026 0.140508 0.001501
0 0.683260 0.316613 0.022659 0.086021 0.006693
0 0.697591 0.313781 0.020585 0.111998 0.047426
0 0.707774 0.312091 0.012579 0.100448 0.075858
0 0.742928 0.312125 0.031038 0.072221 0.001501
0 0.749240 0.305635 0.014040 0.097018 0.182426
0 0.749812 0.304604 0.014791 0.099081 0.119203
0 0.784577 0.304459 0.025041 0.160739 0.622459
0 0.785234 0.304341 0.023811 0.160989 0.500000
0 0.680653 0.321494 0.017291 0.076285 0.017986
0 0.696567 0.316210 0.018377 0.112509 0.182426
0 0.708460 0.310090 0.011166 0.094736 0.075858
0 0.749242 0.305473 0.014037 0.097185 0.119203
0 0.749826 0.304708 0.014760 0.098848 0.075858
0 0.785231 0.305606 0.023632 0.158905 0.500000
0 0.785931 0.305607 0.025093 0.158485 0.622459
0 0.007377 0.363728 0.015023 0.080597 0.001501
0 0.678349 0.325519 0.012578 0.070885 0.017986
0 0.697462 0.316598 0.016942 0.111646 0.182426
0 0.707715 0.310606 0.012672 0.100264 0.029312
0 0.716437 0.315848 0.024933 0.086969 0.001501
0 0.748577 0.305688 0.014658 0.097072 0.119203
0 0.750094 0.303645 0.015333 0.096047 0.075858
0 0.785227 0.305177 0.023559 0.158573 0.500000
0 0.785280 0.306215 0.023694 0.154676 0.622459
0 0.681480 0.321954 0.013191 0.088583 0.001501
0 0.697321 0.315530 0.016712 0.113912 0.182426
0 0.699149 0.313457 0.017249 0.118930 0.075858
0 0.784720 0.307730 0.022568 0.151674 0.500000
0 0.784616 0.309444 0.025075 0.149598 0.500000
0 0.805378 0.319811 0.018085 0.132210 0.001501
1 0.659001 0.310321 0.021119 0.024146 0.017986
1 0.662556 0.310221 0.025504 0.024091 0.006693
1 0.659464 0.312048 0.018993 0.026799 0.010987
1 0.664162 0.311932 0.029036 0.030266 0.004070
1 0.680653 0.321494 0.017291 0.076285 0.001501
1 0.007377 0.363728 0.015023 0.080597 0.004070
1 0.011540 0.363061 0.024538 0.081539 0.002473
1 0.138953 0.364533 0.097144 0.086159 0.817575
1 0.139085 0.364883 0.100102 0.085463 0.817575
1 0.138396 0.365402 0.098669 0.084417 0.880797
1 0.308498 0.352783 0.045827 0.034314 0.002473
1 0.312464 0.350587 0.049111 0.034802 0.002473
1 0.319646 0.349697 0.049155 0.033215 0.002473
1 0.332965 0.344945 0.027834 0.032990 0.001501
1 0.335918 0.344805 0.025472 0.032804 0.002473
1 0.012159 0.370014 0.024450 0.065872 0.006693
1 0.014928 0.372072 0.030773 0.062082 0.006693
1 0.025287 0.372818 0.053681 0.056440 0.004070
1 0.138257 0.364671 0.098401 0.087931 0.817575
1 0.138962 0.365767 0.097129 0.088153 0.880797
1 0.139725 0.365564 0.098670 0.086076 0.880797
1 0.139073 0.365942 0.100002 0.085321 0.880797
1 0.251464 0.358703 0.016853 0.014978 0.001501
1 0.308903 0.354219 0.043492 0.032173 0.001501
1 0.328619 0.350031 0.034306 0.034254 0.001501
1 0.006689 0.389031 0.016466 0.029841 0.010987
1 0.016998 0.386970 0.036952 0.034131 0.006693
1 0.044337 0.388656 0.036975 0.027799 0.029312
1 0.046936 0.388742 0.034362 0.027542 0.119203
1 0.046863 0.388732 0.031419 0.027521 0.119203
1 0.138970 0.365774 0.097111 0.088175 0.880797
1 0.139734 0.365573 0.098650 0.086092 0.924142
1 0.139756 0.365653 0.098626 0.085498 0.924142
2 0.495162 0.276327 0.256435 0.182977 0.377541
2 0.494366 0.277635 0.258187 0.180418 0.119203
2 0.494031 0.275293 0.253538 0.180989 0.075858
2 0.495600 0.275767 0.255622 0.181864 0.880797
2 0.493761 0.276919 0.256850 0.179103 0.924142
2 0.710171 0.300562 0.025533 0.088456 0.006693
2 0.494645 0.275787 0.254761 0.182173 0.017986
2 0.496476 0.277685 0.257257 0.180731 0.817575
2 0.493847 0.277024 0.259462 0.179483 0.377541
2 0.709310 0.306782 0.026516 0.085543 0.006693
2 0.774435 0.299263 0.031261 0.071865 0.010987
2 0.775944 0.309222 0.031510 0.083612 0.006693
2 0.332965 0.344945 0.027834 0.032990 0.001501
2 0.494858 0.275332 0.257227 0.188540 0.500000
2 0.496295 0.274256 0.257432 0.186188 0.622459
2 0.496856 0.275288 0.256367 0.188770 0.037327
2 0.497498 0.273521 0.255293 0.196747 0.001170
2 0.494866 0.276921 0.257193 0.181318 0.851953
2 0.496560 0.275846 0.260038 0.179108 0.777300
2 0.496935 0.277517 0.256269 0.180174 0.817575
2 0.496574 0.277881 0.254144 0.180070 0.005220
5 0.680653 0.321494 0.017291 0.076285 0.001501
5 0.741314 0.311900 0.027249 0.074283 0.001501
