0 0.004269 0.283407 0.008622 0.109354 0.001501
0 0.003878 0.288463 0.007788 0.100793 0.001501
0 0.003599 0.291876 0.007218 0.072931 0.002473
0 0.199079 0.325134 0.017637 0.107869 0.002473
0 0.003113 0.303376 0.009292 0.041662 0.006693
0 0.022615 0.302230 0.014830 0.028709 0.001501
0 0.026702 0.300024 0.013768 0.030552 0.001501
0 0.198878 0.329789 0.014853 0.101701 0.004070
0 0.200037 0.330991 0.015442 0.099030 0.001501
0 0.004290 0.332205 0.008600 0.096330 0.001501
0 0.198682 0.337984 0.012914 0.089141 0.002473
0 0.199864 0.334064 0.014698 0.092939 0.001501
0 0.405274 0.315889 0.011574 0.025472 0.001501
0 0.416682 0.320148 0.008831 0.027314 0.001501
0 0.622480 0.331721 0.009389 0.039996 0.001501
0 0.198389 0.339049 0.013946 0.086365 0.006693
0 0.200057 0.338471 0.015401 0.089409 0.001501
0 0.988246 0.328165 0.023525 0.141909 0.001501
0 0.198400 0.342329 0.013915 0.082034 0.004070
0 0.199616 0.340142 0.016292 0.086965 0.001501
0 0.988214 0.326140 0.023610 0.145514 0.006693
0 0.988255 0.327014 0.023517 0.144532 0.006693
0 0.198860 0.351722 0.014842 0.072491 0.001501
0 0.987447 0.332545 0.022043 0.133150 0.017986
0 0.988271 0.333042 0.023496 0.133501 0.017986
1 0.987387 0.311209 0.025206 0.107116 0.047426
1 0.988341 0.312143 0.026412 0.111888 0.182426
1 0.987505 0.318864 0.021985 0.120141 0.500000
1 0.988259 0.317992 0.023513 0.122842 0.622459
1 0.789508 0.326254 0.046045 0.069211 0.731059
1 0.789491 0.326254 0.046000 0.069209 0.817575
1 0.789006 0.324985 0.047104 0.071794 0.880797
1 0.847976 0.321712 0.079056 0.092177 0.817575
1 0.848509 0.321957 0.077984 0.089071 0.817575
1 0.847956 0.320873 0.079109 0.090490 0.880797
1 0.927994 0.333568 0.066015 0.103758 0.622459
1 0.928981 0.334052 0.067092 0.103966 0.731059
1 0.930246 0.333518 0.064621 0.103831 0.817575
1 0.987505 0.326893 0.025039 0.137775 0.500000
1 0.988262 0.325257 0.023498 0.140199 0.622459
1 0.334993 0.330767 0.133258 0.125025 0.952574
1 0.334145 0.332037 0.131707 0.122479 0.924142
1 0.333310 0.330767 0.133427 0.125017 0.924142
1 0.333335 0.332047 0.133352 0.127610 0.924142
1 0.405274 0.315889 0.011574 0.025472 0.001501
1 0.436692 0.321607 0.023465 0.018444 0.268941
1 0.436835 0.324204 0.023357 0.018387 0.377541
1 0.470455 0.320471 0.010200 0.016173 0.010987
1 0.481926 0.319587 0.008173 0.014287 0.029312
1 0.493775 0.319767 0.009708 0.009494 0.001501
1 0.631839 0.336590 0.017207 0.035074 0.001501
1 0.789112 0.324953 0.043754 0.071725 0.817575
1 0.789472 0.326236 0.045984 0.069199 0.817575
1 0.788191 0.324952 0.045580 0.071726 0.880797
1 0.789532 0.326231 0.046081 0.069208 0.817575
1 0.847773 0.321193 0.076368 0.091082 0.817575
1 0.847986 0.321859 0.079008 0.092405 0.817575
1 0.847766 0.321750 0.076406 0.092169 0.924142
1 0.847753 0.321571 0.076426 0.091825 0.880797
1 0.927330 0.334482 0.067213 0.104963 0.731059
1 0.928357 0.334203 0.068307 0.104400 0.731059
1 0.929457 0.334589 0.063029 0.105465 0.880797
1 0.930233 0.335068 0.064587 0.106414 0.880797
1 0.930532 0.334394 0.064093 0.105104 0.001501
1 0.967173 0.326510 0.015771 0.040041 0.002473
1 0.988266 0.326750 0.023523 0.138886 0.500000
1 0.987494 0.327865 0.025033 0.141551 0.731059
1 0.334197 0.330908 0.131827 0.129873 0.924142
1 0.334081 0.330912 0.131835 0.129836 0.924142
1 0.333310 0.332040 0.133427 0.127558 0.924142
1 0.332786 0.330913 0.134452 0.129839 0.924142
1 0.788722 0.326219 0.044542 0.069233 0.004070
1 0.788722 0.326889 0.044471 0.070462 0.817575
1 0.789503 0.326227 0.046039 0.069151 0.817575
1 0.788231 0.326227 0.045611 0.069181 0.880797
1 0.847746 0.321881 0.076419 0.092402 0.880797
1 0.848525 0.322834 0.077919 0.094278 0.924142
1 0.847734 0.321810 0.076464 0.092232 0.880797
1 0.927724 0.334881 0.066425 0.104910 0.002473
1 0.928561 0.334662 0.067816 0.105327 0.817575
1 0.929539 0.334472 0.065909 0.105690 0.817575
1 0.929622 0.334398 0.065807 0.105829 0.880797
1 0.967992 0.330529 0.014263 0.047099 0.001501
1 0.988256 0.328050 0.023513 0.141469 0.377541
1 0.988246 0.328165 0.023525 0.141909 0.622459
1 0.334075 0.333316 0.131840 0.125049 0.952574
1 0.332530 0.332030 0.131892 0.127606 0.924142
1 0.833418 0.328633 0.045010 0.079765 0.001501
1 0.988214 0.326140 0.023610 0.145514 0.377541
1 0.988255 0.327014 0.023517 0.144532 0.377541
1 0.987447 0.332545 0.022043 0.133150 0.047426
1 0.988271 0.333042 0.023496 0.133501 0.119203
2 0.396830 0.309895 0.024738 0.031458 0.001501
2 0.397681 0.310227 0.026664 0.032066 0.001501
2 0.988262 0.325257 0.023498 0.140199 0.002473
2 0.395762 0.315778 0.019862 0.037403 0.001501
2 0.987494 0.327865 0.025033 0.141551 0.002473
2 0.988246 0.328165 0.023525 0.141909 0.002473
2 0.988214 0.326140 0.023610 0.145514 0.001501
2 0.988255 0.327014 0.023517 0.144532 0.001501
3 0.987387 0.311209 0.025206 0.107116 0.002473
3 0.988341 0.312143 0.026412 0.111888 0.010987
3 0.969168 0.301821 0.033120 0.080008 0.001501
3 0.987505 0.318864 0.021985 0.120141 0.006693
3 0.988259 0.317992 0.023513 0.122842 0.017986
3 0.396830 0.309895 0.024738 0.031458 0.002473
3 0.397681 0.310227 0.026664 0.032066 0.002473
3 0.437238 0.315662 0.025188 0.035452 0.006693
3 0.436288 0.315446 0.025281 0.035732 0.001501
3 0.987505 0.326893 0.025039 0.137775 0.006693
3 0.988262 0.325257 0.023498 0.140199 0.017986
3 0.436692 0.321607 0.023465 0.018444 0.047426
3 0.436835 0.324204 0.023357 0.018387 0.006693
3 0.988266 0.326750 0.023523 0.138886 0.010987
3 0.987494 0.327865 0.025033 0.141551 0.017986
3 0.988256 0.328050 0.023513 0.141469 0.010987
3 0.988246 0.328165 0.023525 0.141909 0.017986
3 0.988214 0.326140 0.023610 0.145514 0.017986
3 0.988255 0.327014 0.023517 0.144532 0.010987
3 0.987447 0.332545 0.022043 0.133150 0.004070
3 0.988271 0.333042 0.023496 0.133501 0.006693
4 0.631839 0.336590 0.017207 0.035074 0.017986
4 0.632585 0.338383 0.015788 0.036937 0.017986
4 0.969505 0.437079 0.057976 0.210554 0.001501
4 0.970219 0.430807 0.059646 0.221452 0.001501
5 0.622480 0.331721 0.009389 0.039996 0.001501
5 0.631839 0.336590 0.017207 0.035074 0.002473
5 0.622176 0.334837 0.009884 0.038809 0.006693
5 0.632585 0.338383 0.015788 0.036937 0.004070
5 0.988246 0.328165 0.023525 0.141909 0.001501
5 0.988214 0.326140 0.023610 0.145514 0.001501
5 0.988255 0.327014 0.023517 0.144532 0.002473
5 0.987447 0.332545 0.022043 0.133150 0.004070
5 0.988271 0.333042 0.023496 0.133501 0.006693
5 0.969601 0.375722 0.061045 0.339324 0.047426
5 0.969539 0.371528 0.060978 0.338257 0.075858
5 0.971714 0.369808 0.059693 0.357992 0.010987
5 0.970280 0.382221 0.059724 0.323934 0.006693
5 0.969561 0.389769 0.060974 0.307659 0.006693
5 0.970240 0.391552 0.059578 0.302383 0.017986
5 0.970270 0.385180 0.059547 0.313672 0.047426
5 0.970309 0.405432 0.059632 0.272000 0.010987
5 0.969467 0.414486 0.058104 0.262017 0.006693
5 0.970241 0.412440 0.059543 0.260018 0.017986
5 0.970231 0.406376 0.059625 0.273468 0.047426
5 0.970294 0.441387 0.059512 0.197297 0.004070
5 0.969505 0.437079 0.057976 0.210554 0.029312
5 0.970219 0.430807 0.059646 0.221452 0.006693
