0 0.293829 0.335268 0.012711 0.074064 0.119203
0 0.303328 0.333914 0.012606 0.071326 0.182426
0 0.317926 0.331910 0.011138 0.071690 0.017986
0 0.332680 0.327977 0.009703 0.067955 0.002473
0 0.204808 0.343641 0.009624 0.052677 0.119203
0 0.220653 0.344172 0.008848 0.054081 0.001501
0 0.226483 0.346666 0.011459 0.055603 0.001501
0 0.270322 0.344552 0.012732 0.055410 0.001501
0 0.293761 0.334669 0.012560 0.075543 0.182426
0 0.303502 0.335005 0.010178 0.066378 0.182426
0 0.319506 0.341540 0.011016 0.053304 0.377541
0 0.333227 0.338821 0.008593 0.048584 0.010987
0 0.355028 0.334597 0.007017 0.039120 0.047426
0 0.603851 0.333123 0.007816 0.052331 0.002473
0 0.628859 0.321061 0.007776 0.044110 0.001501
0 0.195057 0.352241 0.007238 0.040072 0.001501
0 0.204805 0.343781 0.009650 0.057346 0.119203
0 0.222181 0.351138 0.011534 0.041585 0.004070
0 0.226937 0.351547 0.009834 0.046940 0.010987
0 0.268764 0.349827 0.009556 0.044980 0.006693
0 0.293752 0.334416 0.012561 0.071444 0.268941
0 0.303346 0.335086 0.012639 0.066235 0.268941
0 0.319510 0.340309 0.011009 0.056036 0.268941
0 0.333651 0.339120 0.007860 0.046857 0.006693
0 0.355571 0.334652 0.008099 0.039056 0.047426
0 0.194996 0.353865 0.007094 0.037310 0.001501
0 0.204807 0.345039 0.009633 0.055082 0.075858
0 0.222774 0.353894 0.012672 0.047477 0.006693
0 0.226254 0.350425 0.010736 0.049322 0.010987
0 0.269433 0.348239 0.008104 0.043965 0.002473
0 0.295967 0.333591 0.011193 0.073282 0.268941
0 0.305541 0.335290 0.011213 0.066238 0.182426
0 0.319496 0.341633 0.011048 0.053526 0.268941
0 0.205508 0.356848 0.014146 0.081853 0.001501
1 0.413851 0.332656 0.041399 0.027123 0.377541
1 0.414056 0.331763 0.041075 0.028924 0.817575
1 0.414736 0.332651 0.042431 0.027080 0.817575
1 0.414010 0.332650 0.041233 0.027094 0.817575
1 0.473106 0.328819 0.015483 0.023245 0.006693
1 0.496533 0.325491 0.040030 0.039280 0.817575
1 0.496525 0.324539 0.039947 0.039977 0.731059
1 0.496534 0.324586 0.039934 0.040059 0.817575
1 0.004822 0.363419 0.009677 0.061660 0.004070
1 0.079864 0.370946 0.131672 0.096631 0.880797
1 0.079923 0.371065 0.131804 0.096341 0.817575
1 0.078753 0.372187 0.132533 0.098592 0.880797
1 0.413841 0.332684 0.041393 0.027199 0.500000
1 0.414094 0.332231 0.040976 0.026225 0.731059
1 0.413810 0.331321 0.041574 0.028026 0.817575
1 0.413819 0.331324 0.041603 0.028033 0.817575
1 0.496187 0.325546 0.042408 0.039609 0.622459
1 0.495760 0.325546 0.041512 0.039595 0.622459
1 0.496504 0.326179 0.039969 0.037144 0.500000
1 0.004816 0.370398 0.009650 0.061541 0.002473
1 0.080254 0.372096 0.129715 0.098836 0.924142
1 0.079992 0.372206 0.131932 0.098582 0.924142
1 0.079592 0.372988 0.131145 0.100620 0.924142
1 0.079162 0.371916 0.133342 0.099273 0.924142
1 0.080653 0.371082 0.130511 0.096338 0.952574
1 0.079602 0.370963 0.131118 0.096569 0.924142
1 0.079320 0.370783 0.130600 0.096964 0.924142
3 0.020697 0.722821 0.038532 0.238483 0.002473
3 0.022655 0.710354 0.045259 0.259282 0.001501
4 0.004816 0.370398 0.009650 0.061541 0.001501
4 0.019113 0.747633 0.038274 0.161611 0.001501
5 0.604259 0.335281 0.008575 0.051591 0.002473
5 0.222774 0.353894 0.012672 0.047477 0.004070
5 0.319496 0.341633 0.011048 0.053526 0.004070
5 0.004275 0.394562 0.008582 0.120521 0.002473
5 0.004299 0.394332 0.008615 0.154944 0.001501
5 0.021356 0.718421 0.045967 0.240464 0.002473
5 0.023941 0.716011 0.047896 0.236330 0.001501
