0 0.770373 0.305474 0.022037 0.102673 0.001501
0 0.777423 0.310860 0.020310 0.136208 0.010987
0 0.625646 0.316369 0.015703 0.075449 0.075858
0 0.627086 0.316441 0.015061 0.075390 0.377541
0 0.647167 0.312266 0.011739 0.067120 0.004070
0 0.666515 0.311931 0.014000 0.069082 0.010987
0 0.685927 0.313230 0.013975 0.081412 0.029312
0 0.700213 0.313429 0.014843 0.075716 0.119203
0 0.701844 0.315497 0.011800 0.076152 0.182426
0 0.717962 0.292161 0.011065 0.048069 0.006693
0 0.742980 0.301511 0.011129 0.062540 0.002473
0 0.770455 0.323253 0.021808 0.116834 0.119203
0 0.775013 0.323011 0.019242 0.120874 0.268941
0 0.127318 0.333532 0.014735 0.071891 0.001501
0 0.160817 0.328909 0.018808 0.062093 0.001501
0 0.267214 0.322675 0.009897 0.049344 0.004070
0 0.290329 0.316204 0.008756 0.039532 0.010987
0 0.332754 0.313442 0.009760 0.034487 0.001501
0 0.343742 0.311947 0.006805 0.031989 0.002473
0 0.384283 0.313986 0.015634 0.028914 0.001501
0 0.625639 0.316635 0.015682 0.075225 0.075858
0 0.626508 0.316556 0.014079 0.075258 0.622459
0 0.647760 0.314507 0.012609 0.059797 0.047426
0 0.651203 0.315725 0.013282 0.057963 0.017986
0 0.665892 0.317817 0.015192 0.062768 0.182426
0 0.686096 0.318198 0.012840 0.071996 0.075858
0 0.700241 0.317947 0.014898 0.077537 0.047426
0 0.701437 0.317091 0.014229 0.079243 0.182426
0 0.718747 0.296477 0.012696 0.040595 0.002473
0 0.742293 0.308622 0.009699 0.049464 0.006693
0 0.773476 0.323063 0.022018 0.120949 0.377541
0 0.774328 0.323509 0.020616 0.120089 0.500000
0 0.124319 0.340157 0.015756 0.055394 0.010987
0 0.127257 0.340402 0.012558 0.055855 0.182426
0 0.162089 0.337255 0.024585 0.044717 0.001501
0 0.207163 0.329585 0.022496 0.039362 0.001501
0 0.264475 0.328069 0.015459 0.036607 0.001501
0 0.289737 0.320442 0.012717 0.031353 0.004070
0 0.626327 0.316073 0.016359 0.076189 0.075858
0 0.626974 0.316646 0.015288 0.075055 0.731059
0 0.647642 0.313857 0.010783 0.058750 0.047426
0 0.658767 0.318631 0.018186 0.054278 0.006693
0 0.665822 0.319098 0.018468 0.060392 0.047426
0 0.685717 0.318518 0.011976 0.066211 0.075858
0 0.697438 0.317207 0.017704 0.073904 0.017986
0 0.701316 0.317183 0.014460 0.079200 0.268941
0 0.742301 0.309446 0.009660 0.047942 0.006693
0 0.773538 0.324531 0.022115 0.119367 0.500000
0 0.773565 0.324644 0.022142 0.119622 0.622459
0 0.122892 0.342662 0.017964 0.049945 0.006693
0 0.127795 0.341742 0.011530 0.053237 0.182426
0 0.154801 0.341397 0.019003 0.042228 0.006693
0 0.208559 0.332036 0.020420 0.039183 0.002473
0 0.625829 0.316115 0.015349 0.076215 0.075858
0 0.626974 0.316659 0.015283 0.075080 0.622459
0 0.648076 0.315487 0.013254 0.061579 0.029312
0 0.663715 0.320109 0.019530 0.054936 0.010987
0 0.665340 0.320779 0.016395 0.057168 0.017986
0 0.685407 0.318856 0.010238 0.065541 0.119203
0 0.695839 0.318536 0.019296 0.076463 0.010987
0 0.701313 0.316449 0.014454 0.080663 0.119203
0 0.773505 0.325451 0.022168 0.115725 0.500000
0 0.773536 0.326928 0.022193 0.114285 0.622459
0 0.122845 0.343565 0.020849 0.049741 0.002473
0 0.128318 0.344065 0.012677 0.052284 0.047426
0 0.152736 0.342822 0.019640 0.046750 0.001501
0 0.773474 0.325975 0.022107 0.116197 0.500000
0 0.773573 0.326041 0.022168 0.115889 0.622459
1 0.869689 0.280497 0.022569 0.009807 0.001501
1 0.040017 0.296625 0.079972 0.351108 0.001501
1 0.384283 0.313986 0.015634 0.028914 0.002473
1 0.388467 0.313996 0.023837 0.028936 0.002473
1 0.449291 0.318935 0.040663 0.044948 0.817575
1 0.450000 0.318935 0.040386 0.044946 0.817575
1 0.449612 0.318911 0.041200 0.044882 0.880797
1 0.453153 0.313748 0.040757 0.039114 0.075858
1 0.474046 0.311366 0.017400 0.023589 0.377541
1 0.146313 0.340222 0.036834 0.046676 0.001501
1 0.180360 0.332055 0.044831 0.044415 0.047426
1 0.184870 0.332054 0.037218 0.044283 0.047426
1 0.192104 0.330891 0.043365 0.046490 0.047426
1 0.207163 0.329585 0.022496 0.039362 0.010987
1 0.209225 0.329880 0.021076 0.034897 0.002473
1 0.279477 0.323215 0.027542 0.026746 0.002473
1 0.386719 0.316997 0.017725 0.023118 0.029312
1 0.387688 0.318036 0.022193 0.021035 0.017986
1 0.395238 0.317048 0.032469 0.023401 0.001501
1 0.449659 0.318950 0.039815 0.044816 0.817575
1 0.449317 0.317113 0.040599 0.045788 0.817575
1 0.449594 0.317782 0.041197 0.047146 0.880797
1 0.449739 0.318935 0.039921 0.044997 0.622459
1 0.474088 0.312965 0.017329 0.021920 0.268941
1 0.149031 0.342972 0.030469 0.041562 0.002473
1 0.154801 0.341397 0.019003 0.042228 0.001501
1 0.180436 0.333302 0.046485 0.041910 0.075858
1 0.183214 0.333313 0.037642 0.041796 0.075858
1 0.186994 0.333329 0.035394 0.041756 0.047426
1 0.208559 0.332036 0.020420 0.039183 0.001501
1 0.992247 0.363741 0.015552 0.022945 0.002473
1 0.008362 0.390112 0.016740 0.332889 0.001501
1 0.022191 0.413664 0.041333 0.316497 0.001501
2 0.039576 0.277332 0.079266 0.358195 0.002473
2 0.040269 0.275257 0.080916 0.350419 0.002473
2 0.534785 0.290827 0.066485 0.110108 0.880797
2 0.536009 0.290377 0.064047 0.109199 0.880797
2 0.040318 0.286052 0.080744 0.352216 0.004070
2 0.041394 0.279526 0.083299 0.350784 0.006693
2 0.041923 0.274776 0.083302 0.347917 0.001501
2 0.535643 0.291633 0.065483 0.109047 0.817575
2 0.535709 0.291647 0.065636 0.111656 0.817575
2 0.535465 0.291621 0.065130 0.111605 0.880797
2 0.536088 0.290919 0.064168 0.110207 0.880797
2 0.988070 0.303596 0.023952 0.107251 0.001501
2 0.040017 0.296625 0.079972 0.351108 0.001501
2 0.041743 0.293122 0.083592 0.343720 0.004070
2 0.041985 0.285123 0.084367 0.344413 0.006693
2 0.040932 0.281369 0.083282 0.340929 0.002473
2 0.495138 0.307067 0.012897 0.026928 0.010987
2 0.535716 0.291040 0.065625 0.110292 0.880797
2 0.535637 0.291663 0.065492 0.111620 0.817575
2 0.535465 0.292540 0.065128 0.113388 0.880797
2 0.535549 0.291665 0.065255 0.111546 0.924142
2 0.041693 0.299681 0.083539 0.334075 0.004070
2 0.042219 0.292474 0.084751 0.329620 0.002473
2 0.042047 0.290541 0.081948 0.312596 0.001501
2 0.192104 0.330891 0.043365 0.046490 0.001501
2 0.041391 0.240021 0.083180 0.483760 0.017986
2 0.043566 0.242115 0.086877 0.486880 0.010987
2 0.041307 0.260734 0.082736 0.496891 0.060087
2 0.043769 0.262606 0.084193 0.500629 0.047426
2 0.041286 0.288572 0.082607 0.526112 0.037327
2 0.043426 0.287716 0.083503 0.523446 0.037327
2 0.041051 0.321459 0.082240 0.498212 0.008577
2 0.043306 0.317332 0.083203 0.500028 0.014064
2 0.040725 0.344842 0.081822 0.490883 0.002473
2 0.043382 0.336084 0.083427 0.495806 0.002473
3 0.039576 0.277332 0.079266 0.358195 0.004070
3 0.040269 0.275257 0.080916 0.350419 0.002473
3 0.038840 0.288798 0.077667 0.361170 0.001501
3 0.040318 0.286052 0.080744 0.352216 0.006693
3 0.041394 0.279526 0.083299 0.350784 0.006693
3 0.988070 0.303596 0.023952 0.107251 0.001501
3 0.040017 0.296625 0.079972 0.351108 0.006693
3 0.041743 0.293122 0.083592 0.343720 0.010987
3 0.041985 0.285123 0.084367 0.344413 0.006693
3 0.040932 0.281369 0.083282 0.340929 0.002473
3 0.474046 0.311366 0.017400 0.023589 0.002473
3 0.495138 0.307067 0.012897 0.026928 0.002473
3 0.986378 0.311412 0.027412 0.084807 0.001501
3 0.987913 0.310544 0.024285 0.092813 0.001501
3 0.041235 0.308876 0.079373 0.356279 0.002473
3 0.041693 0.299681 0.083539 0.334075 0.004070
3 0.042219 0.292474 0.084751 0.329620 0.002473
3 0.180360 0.332055 0.044831 0.044415 0.002473
3 0.184870 0.332054 0.037218 0.044283 0.002473
3 0.183214 0.333313 0.037642 0.041796 0.001501
3 0.041307 0.260734 0.082736 0.496891 0.002473
3 0.043769 0.262606 0.084193 0.500629 0.001927
3 0.041286 0.288572 0.082607 0.526112 0.003173
3 0.043426 0.287716 0.083503 0.523446 0.002473
3 0.041051 0.321459 0.082240 0.498212 0.001927
3 0.043306 0.317332 0.083203 0.500028 0.002473
3 0.040725 0.344842 0.081822 0.490883 0.001170
3 0.043382 0.336084 0.083427 0.495806 0.001170
4 0.124319 0.340157 0.015756 0.055394 0.002473
4 0.127257 0.340402 0.012558 0.055855 0.006693
4 0.146313 0.340222 0.036834 0.046676 0.010987
4 0.162089 0.337255 0.024585 0.044717 0.010987
4 0.180360 0.332055 0.044831 0.044415 0.002473
4 0.184870 0.332054 0.037218 0.044283 0.001501
4 0.192104 0.330891 0.043365 0.046490 0.006693
4 0.207163 0.329585 0.022496 0.039362 0.119203
4 0.209225 0.329880 0.021076 0.034897 0.075858
4 0.235042 0.332060 0.021359 0.034124 0.119203
4 0.237064 0.330853 0.018068 0.036785 0.047426
4 0.261398 0.329657 0.021536 0.034688 0.010987
4 0.264475 0.328069 0.015459 0.036607 0.004070
4 0.665822 0.319098 0.018468 0.060392 0.002473
4 0.122892 0.342662 0.017964 0.049945 0.004070
4 0.127795 0.341742 0.011530 0.053237 0.017986
4 0.149031 0.342972 0.030469 0.041562 0.075858
4 0.154801 0.341397 0.019003 0.042228 0.047426
4 0.180436 0.333302 0.046485 0.041910 0.004070
4 0.183214 0.333313 0.037642 0.041796 0.004070
4 0.186994 0.333329 0.035394 0.041756 0.017986
4 0.208559 0.332036 0.020420 0.039183 0.119203
4 0.209264 0.329615 0.020924 0.039629 0.075858
4 0.235636 0.332186 0.018825 0.034378 0.182426
4 0.235950 0.332189 0.018663 0.034398 0.075858
4 0.259724 0.330777 0.024607 0.042057 0.047426
4 0.265712 0.330683 0.015607 0.042069 0.017986
4 0.277927 0.329572 0.031034 0.040090 0.002473
4 0.663715 0.320109 0.019530 0.054936 0.006693
4 0.665340 0.320779 0.016395 0.057168 0.010987
4 0.122845 0.343565 0.020849 0.049741 0.017986
4 0.128318 0.344065 0.012677 0.052284 0.047426
4 0.143945 0.346793 0.028662 0.038810 0.017986
4 0.152736 0.342822 0.019640 0.046750 0.017986
5 0.124319 0.340157 0.015756 0.055394 0.010987
5 0.127257 0.340402 0.012558 0.055855 0.029312
5 0.146313 0.340222 0.036834 0.046676 0.010987
5 0.162089 0.337255 0.024585 0.044717 0.006693
5 0.192104 0.330891 0.043365 0.046490 0.001501
5 0.207163 0.329585 0.022496 0.039362 0.010987
5 0.209225 0.329880 0.021076 0.034897 0.010987
5 0.235042 0.332060 0.021359 0.034124 0.004070
5 0.237064 0.330853 0.018068 0.036785 0.002473
5 0.386719 0.316997 0.017725 0.023118 0.004070
5 0.665822 0.319098 0.018468 0.060392 0.001501
5 0.122892 0.342662 0.017964 0.049945 0.010987
5 0.127795 0.341742 0.011530 0.053237 0.047426
5 0.149031 0.342972 0.030469 0.041562 0.010987
5 0.154801 0.341397 0.019003 0.042228 0.010987
5 0.183214 0.333313 0.037642 0.041796 0.001501
5 0.186994 0.333329 0.035394 0.041756 0.004070
5 0.208559 0.332036 0.020420 0.039183 0.010987
5 0.209264 0.329615 0.020924 0.039629 0.006693
5 0.235636 0.332186 0.018825 0.034378 0.002473
5 0.235950 0.332189 0.018663 0.034398 0.001501
5 0.265712 0.330683 0.015607 0.042069 0.001501
5 0.122845 0.343565 0.020849 0.049741 0.017986
5 0.128318 0.344065 0.012677 0.052284 0.075858
5 0.143945 0.346793 0.028662 0.038810 0.002473
5 0.152736 0.342822 0.019640 0.046750 0.001501
