0 0.850376 0.316568 0.020222 0.088572 0.001501
0 0.853856 0.316209 0.014263 0.086106 0.002473
0 0.204724 0.321779 0.012577 0.070060 0.010987
0 0.257016 0.306255 0.011012 0.042721 0.006693
0 0.501450 0.314007 0.012592 0.028839 0.001501
0 0.848630 0.322732 0.014423 0.081104 0.004070
0 0.852635 0.318992 0.014012 0.087898 0.004070
0 0.004113 0.360584 0.011299 0.136443 0.004070
0 0.077628 0.342158 0.014013 0.072943 0.002473
0 0.206995 0.323118 0.014149 0.068839 0.006693
0 0.250952 0.320840 0.019271 0.050798 0.001501
0 0.255468 0.317722 0.014164 0.045895 0.004070
0 0.848684 0.337532 0.014486 0.054228 0.006693
0 0.850949 0.333029 0.015216 0.058746 0.004070
0 0.005502 0.371735 0.011013 0.128484 0.006693
0 0.080461 0.345895 0.011080 0.064963 0.001501
0 0.207776 0.326088 0.012676 0.066710 0.002473
0 0.848566 0.339688 0.014240 0.050033 0.001501
0 0.851126 0.339467 0.017077 0.050505 0.001501
0 0.004271 0.374548 0.008552 0.121314 0.017986
0 0.004271 0.375969 0.008552 0.118212 0.010987
0 0.004269 0.377043 0.008547 0.121208 0.004070
0 0.004268 0.369618 0.008566 0.132528 0.001501
1 0.277218 0.299993 0.046111 0.031393 0.002473
1 0.278126 0.300042 0.040405 0.030325 0.002473
1 0.283734 0.300871 0.038546 0.028545 0.004070
1 0.501450 0.314007 0.012592 0.028839 0.047426
1 0.535516 0.317102 0.021049 0.037653 0.268941
1 0.548261 0.323187 0.031782 0.045470 0.017986
1 0.548877 0.324332 0.030974 0.045747 0.047426
1 0.590251 0.331729 0.061430 0.066923 0.817575
1 0.590270 0.331799 0.061389 0.067065 0.817575
1 0.334034 0.342623 0.164966 0.153239 0.880797
1 0.332762 0.342609 0.165341 0.153233 0.924142
1 0.332740 0.342472 0.165389 0.148438 0.924142
1 0.420745 0.317917 0.008574 0.021251 0.004070
1 0.444509 0.320211 0.008339 0.010429 0.001501
1 0.472784 0.320878 0.026370 0.030065 0.817575
1 0.474232 0.321363 0.026545 0.033647 0.817575
1 0.493863 0.320452 0.009736 0.016176 0.029312
1 0.501827 0.315571 0.011875 0.025963 0.119203
1 0.516751 0.320388 0.008736 0.016345 0.002473
1 0.535394 0.317919 0.020846 0.035975 0.268941
1 0.548788 0.324795 0.030616 0.042818 0.622459
1 0.549437 0.324837 0.031977 0.042654 0.817575
1 0.589739 0.331729 0.062455 0.067001 0.817575
1 0.589750 0.332154 0.062476 0.067750 0.880797
1 0.589890 0.332110 0.060612 0.067659 0.880797
1 0.589739 0.332113 0.062440 0.067656 0.880797
1 0.789373 0.329148 0.068748 0.039066 0.002473
1 0.333347 0.342615 0.166675 0.153278 0.880797
1 0.334036 0.342618 0.164958 0.153250 0.817575
1 0.332773 0.342618 0.165380 0.153230 0.952574
1 0.333485 0.342623 0.163855 0.153238 0.952574
1 0.548040 0.324849 0.029122 0.042834 0.622459
1 0.548756 0.324839 0.030614 0.042809 0.817575
1 0.590285 0.331767 0.063528 0.066896 0.817575
1 0.589895 0.331824 0.060599 0.067055 0.880797
1 0.590290 0.332484 0.061390 0.065750 0.924142
1 0.590956 0.331829 0.060003 0.067042 0.924142
1 0.708314 0.356276 0.183423 0.152776 0.880797
1 0.709013 0.356960 0.181973 0.155954 0.924142
1 0.708808 0.356953 0.182386 0.155952 0.952574
1 0.334036 0.343742 0.165017 0.150960 0.924142
1 0.333513 0.346150 0.163897 0.150675 0.952574
1 0.333503 0.343746 0.163858 0.150974 0.970688
1 0.708680 0.356210 0.182590 0.152922 0.880797
1 0.709461 0.356241 0.184135 0.152876 0.880797
1 0.708731 0.357346 0.182516 0.155195 0.924142
1 0.708807 0.357367 0.182384 0.155133 0.952574
1 0.708745 0.356359 0.182544 0.152678 0.924142
1 0.708039 0.357418 0.180866 0.155065 0.952574
1 0.708509 0.356018 0.182982 0.153342 0.970688
1 0.973469 0.409290 0.050151 0.393033 0.047426
1 0.975025 0.403464 0.050156 0.385489 0.731059
1 0.973449 0.408564 0.050073 0.392953 0.731059
1 0.975006 0.404706 0.050114 0.396056 0.731059
1 0.975013 0.408570 0.050075 0.350724 0.029312
1 0.975017 0.409071 0.050083 0.382398 0.622459
1 0.974221 0.413684 0.051574 0.381970 0.731059
1 0.974999 0.409508 0.050073 0.384597 0.622459
1 0.974263 0.412228 0.051599 0.383353 0.622459
1 0.974221 0.411848 0.051574 0.384060 0.622459
1 0.974988 0.409594 0.050096 0.383445 0.731059
1 0.974208 0.413105 0.051600 0.379654 0.010987
2 0.277218 0.299993 0.046111 0.031393 0.002473
2 0.278126 0.300042 0.040405 0.030325 0.001501
2 0.492978 0.312858 0.011791 0.026613 0.010987
2 0.501450 0.314007 0.012592 0.028839 0.119203
2 0.535516 0.317102 0.021049 0.037653 0.002473
2 0.493863 0.320452 0.009736 0.016176 0.002473
2 0.501827 0.315571 0.011875 0.025963 0.119203
2 0.788608 0.328892 0.073520 0.032976 0.001501
2 0.788283 0.329060 0.073394 0.033414 0.006693
2 0.788616 0.328519 0.073477 0.037627 0.004070
2 0.789373 0.329148 0.068748 0.039066 0.004070
2 0.788704 0.330768 0.075144 0.037473 0.002473
2 0.788006 0.331875 0.075243 0.039826 0.004070
2 0.787486 0.331924 0.073429 0.039783 0.002473
3 0.277218 0.299993 0.046111 0.031393 0.001501
3 0.492978 0.312858 0.011791 0.026613 0.006693
3 0.501450 0.314007 0.012592 0.028839 0.119203
3 0.535516 0.317102 0.021049 0.037653 0.500000
3 0.493863 0.320452 0.009736 0.016176 0.001501
3 0.501827 0.315571 0.011875 0.025963 0.075858
3 0.535394 0.317919 0.020846 0.035975 0.268941
3 0.975025 0.403464 0.050156 0.385489 0.002473
3 0.975017 0.409071 0.050083 0.382398 0.001501
3 0.974221 0.413684 0.051574 0.381970 0.001501
3 0.974263 0.412228 0.051599 0.383353 0.001501
3 0.974988 0.409594 0.050096 0.383445 0.001501
4 0.004271 0.374548 0.008552 0.121314 0.002473
4 0.848407 0.344107 0.013945 0.048697 0.001501
4 0.004271 0.375969 0.008552 0.118212 0.004070
4 0.004269 0.377043 0.008547 0.121208 0.002473
4 0.004268 0.369618 0.008566 0.132528 0.002473
5 0.420745 0.317917 0.008574 0.021251 0.002473
5 0.005502 0.371735 0.011013 0.128484 0.002473
5 0.004271 0.374548 0.008552 0.121314 0.004070
5 0.004271 0.375969 0.008552 0.118212 0.001501
