0 0.216358 0.308587 0.007775 0.039126 0.004070
0 0.231394 0.308627 0.016035 0.039092 0.010987
0 0.216502 0.309394 0.011256 0.035268 0.001501
0 0.231674 0.310185 0.019465 0.037134 0.004070
1 0.461023 0.316130 0.022056 0.029357 0.001501
1 0.460532 0.316105 0.021026 0.029340 0.006693
1 0.536740 0.318689 0.026547 0.034456 0.075858
1 0.536735 0.318687 0.026544 0.034454 0.182426
1 0.436896 0.321651 0.018073 0.018380 0.119203
1 0.437018 0.321648 0.018038 0.018373 0.182426
1 0.461044 0.317188 0.022095 0.027250 0.622459
1 0.461060 0.317632 0.022115 0.026354 0.731059
1 0.482707 0.318332 0.009644 0.016799 0.182426
1 0.495740 0.320484 0.016576 0.025831 0.500000
1 0.511298 0.320875 0.011994 0.011737 0.119203
1 0.513814 0.320869 0.011780 0.011728 0.002473
1 0.535967 0.319179 0.025003 0.033463 0.817575
1 0.536737 0.319177 0.026541 0.033456 0.817575
2 0.460532 0.316105 0.021026 0.029340 0.001501
2 0.484793 0.313480 0.014267 0.026116 0.004070
2 0.495725 0.315907 0.016597 0.029776 0.002473
2 0.461044 0.317188 0.022095 0.027250 0.006693
2 0.461060 0.317632 0.022115 0.026354 0.002473
2 0.482707 0.318332 0.009644 0.016799 0.017986
2 0.495740 0.320484 0.016576 0.025831 0.006693
3 0.234149 0.308940 0.023856 0.034855 0.001501
3 0.461023 0.316130 0.022056 0.029357 0.002473
3 0.460532 0.316105 0.021026 0.029340 0.002473
3 0.495725 0.315907 0.016597 0.029776 0.006693
3 0.461044 0.317188 0.022095 0.027250 0.017986
3 0.461060 0.317632 0.022115 0.026354 0.010987
3 0.482707 0.318332 0.009644 0.016799 0.010987
3 0.495740 0.320484 0.016576 0.025831 0.119203
3 0.511298 0.320875 0.011994 0.011737 0.010987
