0 0.914899 0.300696 0.014652 0.133832 0.002473
0 0.782032 0.315544 0.011042 0.073622 0.004070
0 0.759504 0.318215 0.009510 0.048172 0.004070
0 0.765978 0.319448 0.010128 0.050519 0.017986
0 0.778387 0.320847 0.010310 0.069401 0.006693
0 0.803486 0.313556 0.010096 0.034174 0.002473
0 0.855567 0.338884 0.011337 0.083297 0.006693
0 0.221141 0.333273 0.007784 0.042062 0.002473
0 0.744991 0.321607 0.007100 0.035044 0.001501
0 0.757491 0.319739 0.007140 0.049455 0.004070
0 0.767519 0.319030 0.007066 0.054784 0.029312
0 0.777588 0.325402 0.011919 0.073641 0.006693
0 0.803093 0.321174 0.009308 0.044864 0.004070
0 0.838549 0.339785 0.019217 0.084878 0.004070
0 0.838858 0.340561 0.019578 0.084002 0.017986
0 0.855537 0.344336 0.011105 0.078388 0.075858
0 0.866314 0.343706 0.011851 0.067672 0.075858
0 0.996400 0.337469 0.007223 0.076547 0.004070
0 0.757781 0.324839 0.009882 0.049479 0.001501
0 0.768066 0.322018 0.008200 0.060388 0.010987
0 0.780405 0.331482 0.011215 0.079833 0.002473
0 0.837051 0.344176 0.014618 0.075631 0.017986
0 0.838252 0.345373 0.018239 0.076381 0.010987
0 0.857125 0.344248 0.014315 0.080606 0.029312
0 0.865129 0.344421 0.014146 0.073938 0.075858
0 0.996403 0.344898 0.007208 0.061279 0.004070
0 0.836582 0.345694 0.013661 0.072332 0.029312
0 0.838028 0.346171 0.016143 0.074357 0.029312
0 0.856348 0.345043 0.015827 0.079716 0.047426
0 0.863333 0.345578 0.025610 0.080188 0.029312
0 0.996405 0.345744 0.007212 0.060054 0.002473
0 0.835928 0.347981 0.013958 0.076977 0.002473
0 0.839971 0.348172 0.018596 0.077755 0.002473
0 0.859259 0.347957 0.021698 0.082630 0.017986
0 0.868359 0.348266 0.036698 0.082099 0.006693
0 0.874314 0.352361 0.033439 0.073781 0.001501
1 0.420280 0.312039 0.020522 0.021895 0.004070
1 0.422069 0.312925 0.023078 0.024865 0.002473
1 0.564291 0.310228 0.018419 0.027655 0.001501
1 0.654379 0.324448 0.024276 0.045983 0.182426
1 0.654028 0.323788 0.024907 0.044636 0.377541
1 0.035264 0.335627 0.023616 0.027482 0.182426
1 0.035989 0.335337 0.025052 0.028068 0.182426
1 0.398216 0.317163 0.034048 0.019155 0.001501
1 0.600526 0.339082 0.093068 0.123239 0.880797
1 0.600002 0.337940 0.094158 0.120954 0.817575
1 0.600531 0.337054 0.093057 0.122772 0.880797
1 0.653980 0.323852 0.025024 0.044336 0.500000
1 0.654014 0.323925 0.024938 0.044466 0.731059
1 0.673503 0.321673 0.016238 0.023461 0.500000
1 0.673818 0.322964 0.016773 0.021005 0.075858
1 0.036721 0.337570 0.023459 0.028151 0.731059
1 0.035292 0.336312 0.023676 0.026148 0.731059
1 0.601177 0.338026 0.094372 0.120968 0.001501
1 0.600542 0.337947 0.093095 0.120918 0.817575
1 0.600541 0.338163 0.093106 0.124992 0.924142
1 0.599452 0.338166 0.093087 0.125001 0.924142
1 0.599516 0.338081 0.093034 0.120878 0.731059
1 0.653461 0.324515 0.023989 0.046100 0.500000
1 0.654078 0.323403 0.024807 0.043877 0.622459
1 0.672263 0.329028 0.013900 0.038411 0.001501
1 0.600527 0.337954 0.093064 0.120947 0.924142
1 0.600541 0.337937 0.093105 0.120927 0.924142
1 0.599998 0.337947 0.094154 0.120933 0.924142
2 0.678844 0.313271 0.014667 0.034366 0.001501
2 0.168894 0.330176 0.012884 0.025826 0.002473
3 0.636374 0.308009 0.030750 0.061314 0.001501
3 0.420280 0.312039 0.020522 0.021895 0.001501
4 0.859259 0.347957 0.021698 0.082630 0.001501
4 0.868359 0.348266 0.036698 0.082099 0.001501
5 0.219436 0.335275 0.011173 0.044549 0.004070
5 0.700927 0.339119 0.015269 0.047099 0.001501
5 0.863333 0.345578 0.025610 0.080188 0.006693
5 0.868359 0.348266 0.036698 0.082099 0.002473
