0 0.296939 0.319968 0.009370 0.068679 0.002473
0 0.380424 0.315881 0.008505 0.035240 0.004070
0 0.745961 0.310481 0.011214 0.051402 0.004070
0 0.758459 0.312396 0.011328 0.051946 0.002473
0 0.989181 0.304297 0.013719 0.039986 0.002473
0 0.330698 0.320648 0.005717 0.030916 0.001501
0 0.381800 0.316890 0.005753 0.028029 0.017986
0 0.707214 0.329212 0.014466 0.043620 0.002473
0 0.747590 0.313511 0.010707 0.049506 0.006693
0 0.757472 0.316292 0.007069 0.043911 0.006693
0 0.682538 0.333179 0.007153 0.043170 0.001501
0 0.707020 0.338345 0.014136 0.045744 0.001501
1 0.424030 0.319276 0.065217 0.046007 0.004070
1 0.424106 0.321206 0.065032 0.045863 0.817575
1 0.423562 0.321204 0.066125 0.045859 0.817575
1 0.424589 0.321203 0.064512 0.045862 0.817575
1 0.424284 0.321792 0.065398 0.044393 0.817575
1 0.424691 0.321172 0.065069 0.043208 0.075858
1 0.489091 0.315187 0.036228 0.031211 0.006693
1 0.489907 0.314530 0.035622 0.032525 0.004070
1 0.490208 0.313591 0.038923 0.034409 0.004070
1 0.543046 0.322939 0.083020 0.067684 0.880797
1 0.543064 0.324056 0.083073 0.069903 0.817575
1 0.543063 0.326227 0.083048 0.069159 0.880797
1 0.351931 0.321641 0.023952 0.019337 0.004070
1 0.357429 0.320517 0.018029 0.016069 0.119203
1 0.361863 0.322915 0.026707 0.015829 0.075858
1 0.424312 0.321707 0.065760 0.043704 0.006693
1 0.424463 0.321876 0.064315 0.044551 0.880797
1 0.424082 0.321873 0.065078 0.044537 0.880797
1 0.424393 0.321876 0.064173 0.044535 0.880797
1 0.424481 0.321682 0.064296 0.044153 0.817575
1 0.424470 0.320455 0.065487 0.044237 0.075858
1 0.488785 0.315616 0.033450 0.030387 0.047426
1 0.489637 0.316710 0.035158 0.033321 0.029312
1 0.490800 0.316675 0.037690 0.033497 0.017986
1 0.543062 0.325319 0.083060 0.067385 0.880797
1 0.543069 0.324049 0.083070 0.069925 0.880797
1 0.543744 0.324058 0.084419 0.069950 0.924142
1 0.543058 0.325344 0.083063 0.067425 0.880797
1 0.588361 0.321965 0.016144 0.034453 0.002473
1 0.590547 0.322901 0.015896 0.026034 0.268941
1 0.604754 0.317635 0.009890 0.015565 0.002473
1 0.660691 0.318271 0.013452 0.016924 0.010987
1 0.664040 0.316231 0.018221 0.021021 0.006693
1 0.678200 0.319248 0.012892 0.019121 0.001501
1 0.716778 0.324521 0.033447 0.030201 0.001501
1 0.723196 0.324267 0.025983 0.024322 0.001501
1 0.004300 0.347631 0.008621 0.023821 0.004070
1 0.037474 0.351151 0.025683 0.019833 0.002473
1 0.039155 0.351107 0.025222 0.019702 0.002473
1 0.087304 0.350161 0.018878 0.017870 0.001501
1 0.089869 0.347457 0.017359 0.018677 0.001501
1 0.110818 0.350888 0.015875 0.016256 0.119203
1 0.111300 0.350604 0.016815 0.016891 0.047426
1 0.137330 0.350380 0.016738 0.020875 0.268941
1 0.138104 0.350392 0.018156 0.020906 0.182426
1 0.156984 0.349508 0.014357 0.022757 0.047426
1 0.173227 0.347420 0.018586 0.023180 0.017986
1 0.178309 0.347432 0.012660 0.023132 0.119203
1 0.188233 0.347444 0.012238 0.018643 0.006693
1 0.424189 0.321554 0.065296 0.046389 0.075858
1 0.424587 0.322186 0.064515 0.045116 0.075858
1 0.543735 0.325334 0.081677 0.067358 0.880797
1 0.543746 0.326227 0.081693 0.069129 0.880797
1 0.543745 0.325328 0.084416 0.067339 0.924142
2 0.489907 0.314530 0.035622 0.032525 0.006693
2 0.490208 0.313591 0.038923 0.034409 0.004070
2 0.634131 0.311425 0.066131 0.023767 0.004070
2 0.637390 0.311068 0.072522 0.022968 0.010987
2 0.635013 0.310296 0.070548 0.024041 0.004070
2 0.635349 0.309999 0.068710 0.023474 0.004070
2 0.635341 0.312320 0.065159 0.023670 0.002473
2 0.667637 0.313340 0.027428 0.025709 0.001501
2 0.489637 0.316710 0.035158 0.033321 0.006693
2 0.490800 0.316675 0.037690 0.033497 0.010987
2 0.635970 0.311551 0.066445 0.025949 0.001501
2 0.645671 0.314031 0.047833 0.023056 0.002473
2 0.660691 0.318271 0.013452 0.016924 0.002473
2 0.664040 0.316231 0.018221 0.021021 0.010987
2 0.678200 0.319248 0.012892 0.019121 0.001501
2 0.707214 0.329212 0.014466 0.043620 0.002473
2 0.716778 0.324521 0.033447 0.030201 0.001501
2 0.178309 0.347432 0.012660 0.023132 0.001501
3 0.489091 0.315187 0.036228 0.031211 0.377541
3 0.489907 0.314530 0.035622 0.032525 0.377541
3 0.490208 0.313591 0.038923 0.034409 0.182426
3 0.587843 0.316940 0.017974 0.043120 0.006693
3 0.589725 0.316071 0.017810 0.039654 0.004070
3 0.357429 0.320517 0.018029 0.016069 0.004070
3 0.361863 0.322915 0.026707 0.015829 0.001501
3 0.488785 0.315616 0.033450 0.030387 0.377541
3 0.489637 0.316710 0.035158 0.033321 0.377541
3 0.490800 0.316675 0.037690 0.033497 0.119203
3 0.590547 0.322901 0.015896 0.026034 0.010987
3 0.660691 0.318271 0.013452 0.016924 0.002473
3 0.664040 0.316231 0.018221 0.021021 0.002473
3 0.716778 0.324521 0.033447 0.030201 0.001501
3 0.173227 0.347420 0.018586 0.023180 0.006693
3 0.178309 0.347432 0.012660 0.023132 0.017986
4 0.707214 0.329212 0.014466 0.043620 0.001501
4 0.302946 0.332574 0.016198 0.038283 0.001501
4 0.707020 0.338345 0.014136 0.045744 0.029312
4 0.707757 0.345985 0.015547 0.063733 0.029312
5 0.707214 0.329212 0.014466 0.043620 0.017986
5 0.707020 0.338345 0.014136 0.045744 0.047426
5 0.713835 0.340231 0.026891 0.057706 0.001501
5 0.707757 0.345985 0.015547 0.063733 0.047426
5 0.711460 0.347256 0.019665 0.065824 0.002473
