0 0.354171 0.321642 0.008751 0.023606 0.001501
0 0.380730 0.322858 0.005693 0.021169 0.004070
1 0.202035 0.330743 0.067824 0.083297 0.817575
1 0.201378 0.330751 0.066436 0.083325 0.924142
1 0.049079 0.321610 0.018390 0.023536 0.006693
1 0.050318 0.320337 0.018774 0.020993 0.010987
1 0.114031 0.315066 0.047134 0.041729 0.001501
1 0.173515 0.312357 0.047124 0.042084 0.002473
1 0.182855 0.313646 0.065496 0.044568 0.002473
1 0.202993 0.330634 0.069007 0.083445 0.500000
1 0.202123 0.330758 0.067665 0.083382 0.880797
1 0.201491 0.330897 0.066222 0.088197 0.924142
1 0.201985 0.329619 0.067934 0.085633 0.924142
1 0.251255 0.324190 0.035731 0.023460 0.731059
1 0.251381 0.322926 0.035953 0.026008 0.731059
1 0.251743 0.324059 0.037033 0.028277 0.377541
1 0.319444 0.322923 0.042009 0.025992 0.817575
1 0.318766 0.324208 0.043319 0.023471 0.731059
1 0.319403 0.321655 0.042081 0.023453 0.731059
1 0.463907 0.324250 0.019565 0.018445 0.001501
1 0.492488 0.327768 0.024879 0.020990 0.001501
1 0.512625 0.326613 0.017364 0.023270 0.001501
1 0.527035 0.329304 0.038172 0.017822 0.017986
1 0.538238 0.330203 0.029822 0.019545 0.268941
1 0.538249 0.329307 0.030002 0.017760 0.268941
1 0.548310 0.329297 0.025863 0.017782 0.006693
1 0.589385 0.330646 0.018172 0.018721 0.047426
1 0.589684 0.330952 0.017599 0.018069 0.075858
1 0.626700 0.331670 0.018916 0.022572 0.017986
1 0.629205 0.330771 0.016646 0.018875 0.182426
1 0.653481 0.337301 0.026225 0.033752 0.500000
1 0.654008 0.336024 0.025029 0.031190 0.500000
1 0.661731 0.331757 0.030926 0.033844 0.002473
1 0.681092 0.328772 0.016037 0.027590 0.004070
1 0.202759 0.333290 0.069482 0.083427 0.817575
1 0.201448 0.330771 0.066312 0.083365 0.880797
1 0.201607 0.330771 0.065997 0.083367 0.924142
1 0.202126 0.329631 0.067672 0.081108 0.952574
1 0.625546 0.334495 0.020792 0.026728 0.002473
1 0.629593 0.333063 0.016254 0.024656 0.006693
1 0.653460 0.336118 0.026179 0.031027 0.731059
1 0.653880 0.336137 0.026938 0.031015 0.731059
1 0.667372 0.337262 0.009926 0.029076 0.004070
1 0.681990 0.335393 0.014272 0.018767 0.004070
1 0.201991 0.329600 0.067938 0.085733 0.268941
2 0.020770 0.313695 0.027710 0.039090 0.001501
2 0.113965 0.317319 0.047192 0.041689 0.817575
2 0.113295 0.316193 0.048416 0.043974 0.880797
2 0.114735 0.317320 0.048596 0.041695 0.817575
2 0.114539 0.316193 0.046018 0.043972 0.817575
2 0.155066 0.312185 0.032652 0.036127 0.029312
2 0.173588 0.313757 0.047567 0.044242 0.377541
2 0.176161 0.312492 0.049122 0.041690 0.500000
2 0.187822 0.316422 0.065879 0.049534 0.047426
2 0.114722 0.315048 0.048755 0.041718 0.817575
2 0.113962 0.316200 0.047083 0.039423 0.817575
2 0.113312 0.316193 0.048474 0.043967 0.880797
2 0.114031 0.315066 0.047134 0.041729 0.880797
2 0.148483 0.317069 0.019440 0.038260 0.010987
2 0.173515 0.312357 0.047124 0.042084 0.268941
2 0.182855 0.313646 0.065496 0.044568 0.500000
2 0.202993 0.330634 0.069007 0.083445 0.010987
2 0.251255 0.324190 0.035731 0.023460 0.002473
2 0.251381 0.322926 0.035953 0.026008 0.001501
2 0.318766 0.324208 0.043319 0.023471 0.001501
3 0.538238 0.330203 0.029822 0.019545 0.004070
3 0.538249 0.329307 0.030002 0.017760 0.004070
3 0.629205 0.330771 0.016646 0.018875 0.002473
3 0.661731 0.331757 0.030926 0.033844 0.001501
3 0.681092 0.328772 0.016037 0.027590 0.004070
4 0.484907 0.327793 0.010396 0.021039 0.001501
5 0.354171 0.321642 0.008751 0.023606 0.004070
