0 0.398676 0.326209 0.011050 0.055975 0.017986
0 0.401815 0.326858 0.011870 0.054550 0.010987
0 0.570298 0.330245 0.012567 0.064019 0.047426
0 0.718747 0.312423 0.009480 0.036516 0.004070
0 0.846898 0.328772 0.009289 0.061075 0.006693
0 0.909671 0.328673 0.008743 0.060801 0.075858
0 0.929178 0.327676 0.008798 0.059085 0.001501
0 0.209965 0.338679 0.008167 0.047318 0.006693
0 0.398745 0.327313 0.010732 0.053699 0.017986
0 0.404779 0.328086 0.009701 0.052195 0.029312
0 0.456786 0.324490 0.005673 0.035020 0.001501
0 0.570965 0.333957 0.013920 0.057640 0.268941
0 0.581928 0.330528 0.011329 0.041756 0.010987
0 0.590660 0.327545 0.009296 0.031009 0.001501
0 0.720962 0.315457 0.011204 0.041463 0.004070
0 0.726907 0.317512 0.009881 0.041447 0.004070
0 0.804634 0.320056 0.006225 0.031872 0.001501
0 0.846903 0.330956 0.009302 0.056756 0.029312
0 0.909668 0.329522 0.008744 0.059181 0.119203
0 0.921144 0.332639 0.007819 0.048760 0.001501
0 0.928858 0.333795 0.007786 0.053606 0.004070
0 0.209965 0.339107 0.008167 0.048092 0.010987
0 0.399070 0.327366 0.011835 0.053639 0.010987
0 0.403444 0.327828 0.010198 0.052727 0.029312
0 0.456789 0.326233 0.005681 0.040127 0.001501
0 0.570309 0.334020 0.012610 0.058391 0.377541
0 0.580349 0.334576 0.015022 0.050283 0.010987
0 0.587296 0.337455 0.017595 0.039833 0.001501
0 0.847171 0.331504 0.008744 0.058875 0.047426
0 0.909674 0.328306 0.008754 0.057009 0.119203
0 0.928851 0.332851 0.007863 0.058648 0.002473
0 0.209965 0.341085 0.008166 0.052077 0.006693
0 0.570742 0.336219 0.016520 0.064427 0.075858
0 0.575682 0.338659 0.021551 0.063993 0.002473
1 0.018058 0.354003 0.011355 0.028400 0.002473
5 0.355071 0.346103 0.020905 0.037814 0.006693
5 0.346408 0.348533 0.007225 0.037101 0.002473
5 0.354832 0.346861 0.021578 0.040482 0.004070
