0 0.241452 0.309667 0.014297 0.106308 0.001501
0 0.270796 0.325329 0.027912 0.128442 0.001501
0 0.471608 0.311845 0.022882 0.066484 0.002473
0 0.241539 0.325361 0.013965 0.061006 0.004070
0 0.263912 0.336592 0.031347 0.159973 0.001501
0 0.264150 0.336692 0.031623 0.160069 0.017986
0 0.275594 0.321188 0.015929 0.108736 0.001501
0 0.354781 0.326210 0.009707 0.055897 0.002473
0 0.384409 0.319530 0.009308 0.050889 0.017986
0 0.467532 0.323523 0.035375 0.056052 0.004070
0 0.473184 0.321168 0.019680 0.049921 0.017986
0 0.479543 0.320507 0.015953 0.042006 0.029312
0 0.669309 0.306929 0.005685 0.036922 0.001501
0 0.683628 0.310033 0.007790 0.036811 0.002473
0 0.690267 0.312483 0.008875 0.036596 0.002473
0 0.805027 0.324014 0.007025 0.055088 0.047426
0 0.240854 0.331197 0.012553 0.052150 0.006693
0 0.264848 0.336798 0.032859 0.159734 0.622459
0 0.264801 0.338020 0.032925 0.162435 0.622459
0 0.278956 0.333959 0.011338 0.091000 0.010987
0 0.354804 0.327016 0.009666 0.054488 0.010987
0 0.383904 0.323219 0.007213 0.042615 0.006693
0 0.468568 0.330709 0.034320 0.037503 0.004070
0 0.468856 0.328352 0.030954 0.038218 0.047426
0 0.480096 0.328001 0.014835 0.031747 0.182426
0 0.684674 0.310006 0.008752 0.041622 0.004070
0 0.691360 0.312496 0.007773 0.041718 0.006693
0 0.731250 0.314498 0.006745 0.028134 0.001501
0 0.805036 0.324041 0.007050 0.050623 0.119203
0 0.880016 0.334381 0.007061 0.034236 0.001501
0 0.005625 0.349353 0.011263 0.034378 0.001501
0 0.015430 0.351265 0.013474 0.030945 0.001501
0 0.030432 0.342830 0.014710 0.037128 0.001501
0 0.241528 0.337300 0.013942 0.064015 0.010987
0 0.264620 0.338664 0.032563 0.161229 0.622459
0 0.264579 0.337999 0.032637 0.162553 0.731059
0 0.279010 0.324491 0.011242 0.097446 0.017986
0 0.354799 0.327459 0.009652 0.053500 0.004070
0 0.384668 0.322977 0.008740 0.044719 0.002473
0 0.467910 0.330970 0.036010 0.036895 0.002473
0 0.468623 0.332127 0.034199 0.034516 0.029312
0 0.470371 0.328728 0.034337 0.037790 0.029312
0 0.804267 0.326348 0.008542 0.050567 0.119203
0 0.243022 0.342906 0.014200 0.085515 0.010987
0 0.264577 0.338221 0.032675 0.166607 0.622459
0 0.263964 0.338624 0.033864 0.161168 0.731059
0 0.279522 0.327252 0.012922 0.094867 0.017986
0 0.032837 0.367010 0.012839 0.070978 0.001501
0 0.264299 0.336019 0.032117 0.166457 0.500000
0 0.264534 0.338092 0.032275 0.162308 0.731059
0 0.265101 0.337422 0.030600 0.163692 0.500000
0 0.264628 0.338188 0.032560 0.162199 0.731059
1 0.003109 0.333423 0.009301 0.065655 0.002473
1 0.468568 0.330709 0.034320 0.037503 0.004070
1 0.468856 0.328352 0.030954 0.038218 0.002473
1 0.480096 0.328001 0.014835 0.031747 0.001501
1 0.005625 0.349353 0.011263 0.034378 0.010987
1 0.015430 0.351265 0.013474 0.030945 0.010987
1 0.467910 0.330970 0.036010 0.036895 0.001501
1 0.468623 0.332127 0.034199 0.034516 0.001501
1 0.009479 0.351057 0.013203 0.030322 0.010987
1 0.016630 0.351045 0.014106 0.030274 0.004070
2 0.003876 0.325870 0.007767 0.075988 0.010987
2 0.053534 0.324850 0.069669 0.061482 0.010987
2 0.050144 0.326575 0.066374 0.065318 0.001501
2 0.051151 0.325878 0.071213 0.076143 0.001501
2 0.003109 0.333423 0.009301 0.065655 0.010987
2 0.054145 0.326403 0.069971 0.065284 0.010987
2 0.049737 0.325267 0.065450 0.072094 0.004070
2 0.005625 0.349353 0.011263 0.034378 0.002473
3 0.003876 0.325870 0.007767 0.075988 0.002473
3 0.003109 0.333423 0.009301 0.065655 0.004070
3 0.005625 0.349353 0.011263 0.034378 0.006693
3 0.015430 0.351265 0.013474 0.030945 0.002473
3 0.009479 0.351057 0.013203 0.030322 0.001501
4 0.468568 0.330709 0.034320 0.037503 0.029312
4 0.468856 0.328352 0.030954 0.038218 0.010987
4 0.480096 0.328001 0.014835 0.031747 0.001501
4 0.467910 0.330970 0.036010 0.036895 0.047426
4 0.468623 0.332127 0.034199 0.034516 0.047426
4 0.470371 0.328728 0.034337 0.037790 0.017986
4 0.279522 0.327252 0.012922 0.094867 0.004070
5 0.468568 0.330709 0.034320 0.037503 0.029312
5 0.468856 0.328352 0.030954 0.038218 0.119203
5 0.480096 0.328001 0.014835 0.031747 0.075858
5 0.279010 0.324491 0.011242 0.097446 0.001501
5 0.467910 0.330970 0.036010 0.036895 0.010987
5 0.468623 0.332127 0.034199 0.034516 0.047426
5 0.470371 0.328728 0.034337 0.037790 0.047426
5 0.279522 0.327252 0.012922 0.094867 0.004070
