0 0.717977 0.311043 0.011069 0.062806 0.001501
0 0.003875 0.326118 0.007768 0.076496 0.002473
0 0.384008 0.320559 0.010085 0.048355 0.029312
0 0.478866 0.318216 0.007766 0.035460 0.017986
0 0.716768 0.314228 0.008564 0.054835 0.377541
0 0.727360 0.312460 0.010768 0.041698 0.017986
0 0.740986 0.311009 0.007439 0.039001 0.001501
0 0.805572 0.324016 0.008106 0.055094 0.119203
0 0.002836 0.334150 0.008746 0.067091 0.001501
0 0.130569 0.347687 0.008107 0.054513 0.500000
0 0.167131 0.339763 0.006233 0.038692 0.017986
0 0.384399 0.323544 0.009287 0.043149 0.010987
0 0.470375 0.320471 0.006252 0.025908 0.004070
0 0.478865 0.320038 0.007765 0.031782 0.119203
0 0.717531 0.315684 0.007031 0.053280 0.377541
0 0.728003 0.312485 0.009500 0.047069 0.017986
0 0.804820 0.324142 0.009670 0.054933 0.119203
0 0.006392 0.347537 0.009733 0.036203 0.002473
0 0.030441 0.350612 0.011295 0.037865 0.001501
0 0.131250 0.347748 0.009476 0.054531 0.500000
0 0.166765 0.340952 0.008539 0.036139 0.119203
0 0.384669 0.323213 0.008738 0.044249 0.006693
0 0.717312 0.316571 0.009637 0.055118 0.010987
0 0.804267 0.325220 0.008542 0.052821 0.182426
0 0.821143 0.331683 0.007779 0.045255 0.002473
0 0.130483 0.346916 0.010989 0.051100 0.622459
1 0.002836 0.334150 0.008746 0.067091 0.001501
1 0.557577 0.321603 0.021575 0.019087 0.001501
1 0.006392 0.347537 0.009733 0.036203 0.006693
1 0.014883 0.351291 0.017324 0.030897 0.017986
1 0.009682 0.349478 0.013609 0.033563 0.004070
1 0.015805 0.351580 0.015754 0.031026 0.010987
2 0.003875 0.326118 0.007768 0.076496 0.006693
2 0.049548 0.326761 0.060817 0.065454 0.002473
2 0.002836 0.334150 0.008746 0.067091 0.006693
2 0.051596 0.328413 0.062604 0.074730 0.001501
3 0.003875 0.326118 0.007768 0.076496 0.002473
3 0.002836 0.334150 0.008746 0.067091 0.004070
3 0.006392 0.347537 0.009733 0.036203 0.002473
3 0.014883 0.351291 0.017324 0.030897 0.002473
5 0.277263 0.352665 0.012569 0.039631 0.001501
