0 0.938671 0.328432 0.016757 0.108284 0.268941
0 0.938821 0.329062 0.016616 0.107376 0.268941
0 0.383641 0.321141 0.007775 0.049507 0.017986
0 0.741274 0.314411 0.007946 0.032336 0.001501
0 0.805571 0.324009 0.008119 0.055073 0.377541
0 0.840914 0.321650 0.006867 0.044118 0.001501
0 0.938412 0.330427 0.017323 0.110049 0.377541
0 0.938824 0.330570 0.016631 0.114514 0.500000
0 0.120639 0.342956 0.005724 0.042069 0.001501
0 0.167127 0.340516 0.006248 0.037189 0.075858
0 0.371417 0.325126 0.007233 0.035395 0.002473
0 0.383907 0.324765 0.007219 0.042535 0.017986
0 0.732473 0.314499 0.007014 0.028133 0.001501
0 0.742526 0.315900 0.007019 0.029822 0.002473
0 0.805584 0.324100 0.008194 0.055074 0.500000
0 0.819479 0.328992 0.008230 0.033342 0.002473
0 0.830643 0.327656 0.005835 0.042234 0.001501
0 0.841092 0.321304 0.007251 0.048308 0.001501
0 0.892112 0.329515 0.006294 0.044238 0.002473
0 0.916508 0.330961 0.011270 0.032243 0.001501
0 0.938376 0.330745 0.017274 0.115134 0.182426
0 0.938822 0.330424 0.016616 0.119392 0.500000
0 0.007121 0.349609 0.011190 0.033857 0.004070
0 0.016405 0.350029 0.011543 0.033491 0.006693
0 0.031789 0.355399 0.005666 0.039110 0.017986
0 0.096154 0.348243 0.007798 0.038568 0.004070
0 0.107196 0.346237 0.004891 0.031780 0.001501
0 0.121131 0.346548 0.007760 0.036127 0.182426
0 0.168208 0.340953 0.005654 0.036104 0.268941
0 0.383905 0.324439 0.007211 0.041794 0.010987
0 0.805574 0.325086 0.008095 0.053092 0.500000
0 0.821142 0.329284 0.007795 0.040375 0.004070
0 0.868214 0.334462 0.005676 0.034414 0.001501
0 0.892522 0.330718 0.007059 0.047186 0.004070
0 0.915987 0.333886 0.010150 0.027475 0.001501
0 0.938370 0.329751 0.017289 0.117901 0.182426
0 0.939068 0.330934 0.016110 0.115512 0.500000
0 0.017326 0.350823 0.009877 0.035172 0.002473
0 0.032465 0.355704 0.007071 0.045463 0.006693
0 0.120635 0.346341 0.005678 0.039665 0.119203
0 0.938647 0.329483 0.016709 0.117780 0.182426
0 0.938346 0.330059 0.015384 0.113945 0.377541
0 0.033512 0.364727 0.011313 0.063634 0.002473
0 0.937219 0.327749 0.016579 0.126766 0.029312
0 0.937774 0.327891 0.016545 0.126530 0.268941
1 0.003868 0.336580 0.007768 0.060945 0.001501
1 0.482733 0.320871 0.012727 0.011742 0.001501
1 0.007121 0.349609 0.011190 0.033857 0.004070
1 0.016405 0.350029 0.011543 0.033491 0.004070
1 0.009893 0.351483 0.014030 0.029475 0.004070
2 0.004265 0.326875 0.008588 0.073858 0.006693
2 0.051002 0.328498 0.065043 0.069294 0.001501
2 0.003868 0.336580 0.007768 0.060945 0.006693
2 0.007121 0.349609 0.011190 0.033857 0.002473
3 0.004265 0.326875 0.008588 0.073858 0.001501
3 0.003868 0.336580 0.007768 0.060945 0.004070
3 0.007121 0.349609 0.011190 0.033857 0.006693
3 0.016405 0.350029 0.011543 0.033491 0.002473
3 0.009893 0.351483 0.014030 0.029475 0.001501
