0 0.003539 0.326908 0.010180 0.110693 0.001501
0 0.805500 0.313474 0.011068 0.075909 0.017986
0 0.003872 0.326813 0.007754 0.079387 0.017986
0 0.066076 0.357924 0.018018 0.116701 0.182426
0 0.383641 0.320262 0.007774 0.047761 0.010987
0 0.631941 0.305544 0.008111 0.033168 0.001501
0 0.806251 0.322744 0.009458 0.062868 0.182426
0 0.822181 0.324907 0.008760 0.053344 0.075858
0 0.828834 0.323750 0.007816 0.046513 0.004070
0 0.841364 0.321601 0.007768 0.044030 0.002473
0 0.003872 0.330061 0.007755 0.074140 0.010987
0 0.062710 0.358596 0.019662 0.111657 0.075858
0 0.065624 0.360736 0.018816 0.121699 0.622459
0 0.306321 0.335641 0.009646 0.056117 0.004070
0 0.314321 0.333479 0.011875 0.055323 0.047426
0 0.384082 0.323825 0.006857 0.041106 0.006693
0 0.529651 0.325351 0.006259 0.026246 0.001501
0 0.543096 0.327668 0.008260 0.025537 0.002473
0 0.629801 0.306575 0.009700 0.040406 0.001501
0 0.806257 0.325630 0.009475 0.057118 0.377541
0 0.822192 0.326463 0.008788 0.050154 0.119203
0 0.830031 0.324954 0.007019 0.044724 0.029312
0 0.842112 0.322977 0.006317 0.044168 0.002473
0 0.004276 0.341269 0.008561 0.050700 0.017986
0 0.015712 0.350693 0.012911 0.029807 0.006693
0 0.034025 0.367764 0.010229 0.064819 0.010987
0 0.058671 0.361625 0.011710 0.111141 0.029312
0 0.065612 0.363359 0.018825 0.125023 0.622459
0 0.130643 0.351693 0.030770 0.198093 0.004070
0 0.130045 0.349831 0.031929 0.200355 0.731059
0 0.306316 0.335253 0.009624 0.055802 0.002473
0 0.318735 0.333216 0.009520 0.051730 0.047426
0 0.383903 0.323213 0.007207 0.044247 0.004070
0 0.804812 0.326614 0.009639 0.055157 0.377541
0 0.821909 0.326349 0.009309 0.050604 0.119203
0 0.830710 0.325564 0.005656 0.044000 0.029312
0 0.005526 0.343066 0.011065 0.049235 0.010987
0 0.034720 0.372068 0.011676 0.074272 0.010987
0 0.063525 0.361932 0.019155 0.117821 0.047426
0 0.065446 0.363473 0.019148 0.124791 0.622459
0 0.131226 0.351809 0.031742 0.198713 0.731059
0 0.130578 0.351822 0.033042 0.198640 0.731059
0 0.130588 0.351437 0.033074 0.197270 0.622459
0 0.305505 0.337803 0.011053 0.061294 0.001501
0 0.003882 0.368183 0.007825 0.167546 0.047426
0 0.035326 0.369784 0.012775 0.079975 0.010987
0 0.065659 0.362511 0.021807 0.122699 0.182426
0 0.065936 0.363488 0.021215 0.124791 0.622459
0 0.131227 0.350721 0.031732 0.201776 0.622459
0 0.130036 0.350717 0.031976 0.201757 0.731059
0 0.130577 0.350630 0.033092 0.201873 0.817575
0 0.156177 0.355328 0.015816 0.112612 0.001501
0 0.003886 0.374315 0.007787 0.171589 0.047426
0 0.034846 0.372709 0.011828 0.074740 0.017986
0 0.064923 0.362768 0.020363 0.124476 0.182426
0 0.065176 0.363023 0.019702 0.125742 0.622459
0 0.131228 0.351223 0.031718 0.204405 0.731059
0 0.131254 0.349830 0.034407 0.207168 0.731059
0 0.130498 0.349120 0.035962 0.204971 0.880797
0 0.156244 0.363025 0.015736 0.097759 0.006693
0 0.003612 0.378712 0.007227 0.166407 0.017986
0 0.066683 0.364249 0.019885 0.129012 0.006693
0 0.131237 0.347769 0.034438 0.207676 0.377541
0 0.003429 0.376888 0.006864 0.171847 0.010987
0 0.003458 0.356534 0.006935 0.282840 0.001501
1 0.003872 0.326813 0.007754 0.079387 0.002473
1 0.003872 0.330061 0.007755 0.074140 0.004070
1 0.004276 0.341269 0.008561 0.050700 0.004070
1 0.015712 0.350693 0.012911 0.029807 0.010987
1 0.005526 0.343066 0.011065 0.049235 0.004070
1 0.016511 0.351317 0.011756 0.029765 0.004070
2 0.003872 0.326813 0.007754 0.079387 0.006693
2 0.042593 0.328500 0.057995 0.069478 0.010987
2 0.043560 0.323849 0.056428 0.059467 0.010987
2 0.044990 0.320591 0.060941 0.052861 0.017986
2 0.051143 0.338852 0.043502 0.084880 0.002473
2 0.003872 0.330061 0.007755 0.074140 0.010987
2 0.019823 0.334721 0.018955 0.062894 0.002473
2 0.046874 0.331268 0.059917 0.075839 0.004070
2 0.043531 0.330363 0.055617 0.076996 0.006693
3 0.003872 0.326813 0.007754 0.079387 0.004070
3 0.003872 0.330061 0.007755 0.074140 0.010987
3 0.004276 0.341269 0.008561 0.050700 0.004070
3 0.015712 0.350693 0.012911 0.029807 0.002473
5 0.016511 0.351317 0.011756 0.029765 0.001501
5 0.003882 0.368183 0.007825 0.167546 0.001501
5 0.038387 0.371010 0.018463 0.077188 0.002473
5 0.156244 0.363025 0.015736 0.097759 0.002473
