0 0.339480 0.302036 0.026233 0.165134 0.001501
0 0.342197 0.310451 0.026011 0.162859 0.002473
0 0.357529 0.307212 0.021832 0.171777 0.001501
0 0.337706 0.309532 0.025610 0.161041 0.002473
0 0.357945 0.312254 0.019190 0.172210 0.002473
0 0.338583 0.311302 0.027234 0.162138 0.010987
0 0.583640 0.298750 0.007775 0.040016 0.002473
0 0.986456 0.293918 0.017471 0.188178 0.001501
0 0.989131 0.295543 0.018782 0.201291 0.006693
0 0.343074 0.316821 0.039285 0.175366 0.004070
0 0.484692 0.321573 0.008787 0.054888 0.047426
0 0.494436 0.319022 0.008117 0.038870 0.029312
0 0.502744 0.318816 0.009021 0.041198 0.004070
0 0.582869 0.302149 0.006222 0.039957 0.004070
0 0.608630 0.306065 0.007762 0.039810 0.004070
0 0.621138 0.305616 0.007763 0.037870 0.002473
0 0.629804 0.304139 0.009662 0.034806 0.002473
0 0.641041 0.306560 0.007329 0.034986 0.002473
0 0.680029 0.311105 0.007027 0.025701 0.001501
0 0.757478 0.321783 0.007033 0.047043 0.006693
0 0.769966 0.317196 0.007020 0.037861 0.002473
0 0.794973 0.317399 0.007015 0.041847 0.029312
0 0.987619 0.308787 0.017467 0.163123 0.002473
0 0.991249 0.316177 0.014476 0.173632 0.029312
0 0.148134 0.345013 0.011774 0.059937 0.622459
0 0.149877 0.344854 0.013487 0.055121 0.017986
0 0.266773 0.339063 0.008587 0.058325 0.010987
0 0.347744 0.315038 0.048623 0.181691 0.731059
0 0.351861 0.332154 0.043247 0.131996 0.001501
0 0.484862 0.322802 0.008415 0.052395 0.047426
0 0.493755 0.320472 0.009477 0.035754 0.047426
0 0.503582 0.322085 0.007309 0.037354 0.010987
0 0.583242 0.303672 0.008573 0.043701 0.002473
0 0.608914 0.306351 0.007229 0.044501 0.004070
0 0.620739 0.306530 0.008579 0.040464 0.002473
0 0.631248 0.305999 0.009478 0.038862 0.002473
0 0.641080 0.307585 0.007250 0.042042 0.004070
0 0.681795 0.312717 0.005661 0.028050 0.001501
0 0.758637 0.321420 0.007764 0.046021 0.010987
0 0.771409 0.319997 0.007222 0.037208 0.004070
0 0.794973 0.317433 0.007016 0.041817 0.075858
0 0.818207 0.326680 0.005679 0.028892 0.001501
0 0.844300 0.333141 0.005706 0.031969 0.002473
0 0.987503 0.324967 0.015537 0.119648 0.001501
0 0.992280 0.325510 0.015505 0.146355 0.029312
0 0.148530 0.345028 0.012565 0.059930 0.622459
0 0.150857 0.344888 0.012018 0.055129 0.017986
0 0.242307 0.355387 0.009638 0.039199 0.001501
0 0.266769 0.341209 0.008567 0.057655 0.004070
0 0.347031 0.316053 0.050048 0.180421 0.731059
0 0.347759 0.314966 0.048661 0.182286 0.731059
0 0.347759 0.314014 0.048656 0.184004 0.880797
0 0.484706 0.320811 0.008817 0.053576 0.047426
0 0.495126 0.323389 0.009856 0.045878 0.006693
0 0.503875 0.324823 0.007809 0.042982 0.001501
0 0.757473 0.322395 0.007014 0.047710 0.006693
0 0.992973 0.327431 0.014164 0.142867 0.047426
0 0.148795 0.344883 0.011993 0.055144 0.500000
0 0.150292 0.345074 0.013121 0.059944 0.047426
0 0.243752 0.352863 0.012537 0.039232 0.001501
0 0.266764 0.339997 0.008565 0.060421 0.004070
0 0.347213 0.316373 0.047599 0.180260 0.622459
0 0.347069 0.315150 0.050002 0.182215 0.622459
0 0.346140 0.315059 0.048144 0.182397 0.817575
0 0.346552 0.316110 0.048965 0.179538 0.010987
0 0.991553 0.328722 0.013922 0.140011 0.047426
0 0.346524 0.317308 0.048936 0.177467 0.500000
0 0.346527 0.314668 0.048918 0.181708 0.500000
0 0.345997 0.314734 0.050013 0.181838 0.817575
0 0.993073 0.337250 0.016983 0.122732 0.047426
1 0.421667 0.320501 0.012625 0.016081 0.047426
1 0.434422 0.318299 0.009399 0.016921 0.006693
1 0.467331 0.318453 0.016291 0.012147 0.001501
1 0.519991 0.319360 0.015437 0.019267 0.001501
2 0.434422 0.318299 0.009399 0.016921 0.001501
3 0.421085 0.313806 0.011546 0.029462 0.001501
3 0.421667 0.320501 0.012625 0.016081 0.075858
3 0.434422 0.318299 0.009399 0.016921 0.004070
4 0.007805 0.371606 0.012635 0.075373 0.001501
5 0.243752 0.352863 0.012537 0.039232 0.004070
5 0.266764 0.339997 0.008565 0.060421 0.002473
5 0.993073 0.337250 0.016983 0.122732 0.002473
