0 0.092254 0.273988 0.012681 0.047374 0.001501
0 0.289532 0.323292 0.021298 0.096226 0.006693
0 0.291845 0.325230 0.016931 0.099555 0.119203
0 0.297057 0.317004 0.028246 0.094511 0.002473
0 0.869297 0.303111 0.018104 0.055192 0.001501
0 0.288852 0.324849 0.019890 0.093847 0.029312
0 0.291856 0.324163 0.016950 0.096418 0.182426
0 0.300024 0.327278 0.025134 0.076405 0.017986
0 0.404274 0.309519 0.008586 0.041610 0.001501
0 0.869713 0.301933 0.020824 0.051823 0.001501
0 0.871908 0.306932 0.021800 0.047521 0.002473
0 0.289043 0.327018 0.022494 0.090811 0.029312
0 0.292209 0.323474 0.015974 0.093354 0.182426
0 0.300725 0.335231 0.024000 0.065217 0.010987
0 0.435390 0.321815 0.010203 0.024285 0.001501
0 0.482472 0.325699 0.007025 0.036364 0.004070
0 0.506933 0.324055 0.008118 0.028739 0.001501
0 0.517119 0.328353 0.006254 0.026708 0.002473
0 0.610645 0.328657 0.009524 0.014668 0.001501
0 0.873519 0.307357 0.018577 0.052360 0.002473
0 0.289033 0.324368 0.022370 0.091755 0.029312
0 0.291307 0.324027 0.017523 0.096820 0.182426
0 0.305092 0.336096 0.018062 0.064390 0.006693
0 0.647784 0.332489 0.012655 0.025705 0.001501
0 0.288705 0.324463 0.019657 0.092073 0.047426
0 0.292633 0.324683 0.017946 0.091092 0.182426
0 0.304005 0.342619 0.017238 0.055176 0.010987
1 0.791459 0.266418 0.025370 0.017055 0.006693
1 0.792103 0.268117 0.031787 0.020410 0.004070
1 0.795464 0.278332 0.046681 0.043810 0.002473
1 0.275494 0.322626 0.026170 0.028041 0.001501
1 0.589920 0.328618 0.010653 0.014574 0.268941
1 0.610645 0.328657 0.009524 0.014668 0.029312
1 0.642934 0.330349 0.014197 0.026092 0.182426
1 0.667297 0.339107 0.034602 0.043635 0.731059
1 0.667975 0.337952 0.035953 0.045831 0.817575
1 0.667989 0.337954 0.035988 0.045828 0.817575
1 0.698112 0.331701 0.028379 0.029055 0.001501
1 0.700903 0.332006 0.023870 0.034048 0.006693
1 0.647784 0.332489 0.012655 0.025705 0.047426
1 0.667297 0.338593 0.034608 0.047092 0.731059
1 0.667301 0.337958 0.034608 0.045718 0.817575
1 0.667983 0.337920 0.035987 0.045772 0.817575
1 0.699956 0.336408 0.025421 0.032495 0.001501
1 0.701667 0.334977 0.022105 0.029168 0.006693
1 0.827396 0.401771 0.238789 0.256248 0.952574
1 0.829780 0.402280 0.243506 0.255349 0.924142
1 0.826982 0.401821 0.239914 0.256359 0.924142
1 0.827313 0.402877 0.242555 0.257823 0.904651
1 0.826170 0.402437 0.238317 0.254979 0.939913
1 0.828480 0.403192 0.243019 0.253644 0.939913
1 0.826396 0.403498 0.241091 0.256796 0.939913
1 0.827067 0.402606 0.239806 0.258449 0.904651
1 0.828488 0.403162 0.242941 0.254258 0.924142
1 0.826496 0.403998 0.240911 0.256458 0.924142
1 0.826786 0.403891 0.240433 0.257378 0.001927
2 0.642934 0.330349 0.014197 0.026092 0.001501
3 0.589920 0.328618 0.010653 0.014574 0.017986
3 0.610645 0.328657 0.009524 0.014668 0.001501
3 0.642934 0.330349 0.014197 0.026092 0.006693
4 0.305092 0.336096 0.018062 0.064390 0.002473
4 0.362870 0.338304 0.020163 0.036871 0.001501
4 0.304005 0.342619 0.017238 0.055176 0.004070
5 0.300725 0.335231 0.024000 0.065217 0.006693
5 0.332059 0.336388 0.025872 0.049233 0.004070
5 0.340704 0.333599 0.017756 0.055474 0.006693
5 0.362751 0.333209 0.023177 0.041983 0.010987
5 0.365421 0.334519 0.025163 0.039351 0.017986
5 0.370313 0.334221 0.031727 0.045060 0.004070
5 0.012967 0.372343 0.029293 0.122370 0.010987
5 0.018169 0.368787 0.022062 0.128629 0.010987
5 0.305092 0.336096 0.018062 0.064390 0.017986
5 0.324872 0.337107 0.017707 0.050525 0.001501
5 0.329214 0.339326 0.017596 0.045743 0.010987
5 0.337887 0.335952 0.016935 0.054657 0.006693
5 0.362870 0.338304 0.020163 0.036871 0.017986
5 0.365235 0.336351 0.024430 0.035684 0.017986
5 0.369503 0.336171 0.028184 0.041155 0.004070
5 0.014555 0.376147 0.029304 0.118628 0.017986
5 0.015848 0.375464 0.026525 0.118119 0.047426
5 0.292633 0.324683 0.017946 0.091092 0.001501
5 0.304005 0.342619 0.017238 0.055176 0.010987
5 0.014661 0.375291 0.029480 0.116186 0.010987
5 0.015342 0.375812 0.029010 0.113653 0.017986
5 0.014647 0.375767 0.029448 0.118135 0.010987
5 0.013994 0.375480 0.030236 0.113899 0.010987
5 0.013803 0.392154 0.027657 0.171471 0.004070
5 0.015094 0.377426 0.028035 0.111085 0.017986
