0 0.004934 0.303850 0.010025 0.188111 0.002473
0 0.004757 0.314018 0.012600 0.178271 0.017986
0 0.292134 0.317987 0.006225 0.036803 0.010987
0 0.605546 0.322458 0.008191 0.048495 0.001501
0 0.004816 0.330843 0.009638 0.137057 0.017986
0 0.243058 0.332219 0.008144 0.030051 0.001501
0 0.292136 0.320144 0.006222 0.036234 0.029312
0 0.495189 0.331635 0.009927 0.044444 0.001501
0 0.521901 0.326338 0.009300 0.041839 0.002473
0 0.604866 0.327267 0.009924 0.040112 0.002473
0 0.828864 0.344020 0.007768 0.058396 0.006693
0 0.994442 0.364318 0.014523 0.115565 0.001501
0 0.005491 0.336790 0.010992 0.119140 0.029312
0 0.243751 0.336019 0.004573 0.036468 0.002473
0 0.521904 0.327261 0.009294 0.040628 0.002473
0 0.605506 0.331329 0.011078 0.032531 0.004070
0 0.828855 0.346191 0.007859 0.048286 0.002473
0 0.005489 0.337904 0.010987 0.116533 0.029312
0 0.828074 0.349142 0.009380 0.042322 0.004070
0 0.982238 0.382538 0.035629 0.093399 0.002473
0 0.004814 0.342979 0.009635 0.106637 0.017986
0 0.982041 0.381073 0.035998 0.099198 0.002473
0 0.994203 0.383107 0.011632 0.128911 0.004070
0 0.995141 0.386859 0.009766 0.310289 0.001501
1 0.673162 0.325052 0.023410 0.011998 0.001501
1 0.747210 0.352107 0.072518 0.069610 0.817575
1 0.747188 0.353004 0.072575 0.067819 0.817575
1 0.747218 0.352565 0.072520 0.070584 0.924142
1 0.747219 0.352140 0.072548 0.069681 0.880797
1 0.747749 0.352573 0.073597 0.070560 0.880797
1 0.747205 0.352109 0.072538 0.069615 0.880797
1 0.813839 0.353863 0.026220 0.032084 0.006693
1 0.818064 0.354860 0.017690 0.029889 0.010987
1 0.845987 0.351223 0.020577 0.022578 0.029312
1 0.848258 0.351791 0.019013 0.023783 0.017986
1 0.981347 0.379126 0.033784 0.094791 0.004070
1 0.987276 0.380382 0.025523 0.092406 0.017986
1 0.747760 0.352119 0.073594 0.069616 0.880797
1 0.747224 0.352136 0.072537 0.069637 0.880797
1 0.747753 0.352127 0.073580 0.069605 0.924142
1 0.747208 0.351807 0.072510 0.068931 0.924142
1 0.813978 0.356402 0.022630 0.032497 0.004070
1 0.818684 0.356438 0.016151 0.032124 0.006693
1 0.846985 0.352893 0.019417 0.025425 0.006693
1 0.847527 0.353272 0.020485 0.025897 0.006693
1 0.981066 0.381781 0.033943 0.088970 0.004070
1 0.982238 0.382538 0.035629 0.093399 0.006693
1 0.980077 0.383601 0.032237 0.079320 0.001501
1 0.981714 0.382814 0.032644 0.080581 0.002473
1 0.980591 0.383339 0.035861 0.088975 0.004070
1 0.978917 0.383083 0.029882 0.078195 0.002473
1 0.980860 0.382913 0.033772 0.083200 0.001501
1 0.982041 0.381073 0.035998 0.099198 0.001501
3 0.150274 0.331108 0.163127 0.157164 0.880797
3 0.150128 0.331120 0.162699 0.157138 0.880797
3 0.151908 0.332117 0.160318 0.154695 0.880797
3 0.151439 0.332140 0.161937 0.158808 0.075858
3 0.150169 0.331240 0.162901 0.157242 0.817575
3 0.150360 0.331316 0.163232 0.157302 0.817575
3 0.150897 0.332342 0.162442 0.155074 0.880797
3 0.151489 0.333159 0.161266 0.156479 0.817575
3 0.616868 0.328708 0.036272 0.032595 0.004070
3 0.149709 0.332135 0.163821 0.159351 0.880797
3 0.150627 0.333304 0.163792 0.157003 0.817575
3 0.150683 0.333239 0.162767 0.157141 0.924142
3 0.616743 0.332975 0.030408 0.026576 0.001501
3 0.987276 0.380382 0.025523 0.092406 0.001501
4 0.981347 0.379126 0.033784 0.094791 0.002473
4 0.987276 0.380382 0.025523 0.092406 0.002473
4 0.978983 0.383692 0.030009 0.081042 0.010987
4 0.981066 0.381781 0.033943 0.088970 0.029312
4 0.982238 0.382538 0.035629 0.093399 0.017986
4 0.980077 0.383601 0.032237 0.079320 0.047426
4 0.981714 0.382814 0.032644 0.080581 0.075858
4 0.980591 0.383339 0.035861 0.088975 0.047426
4 0.978917 0.383083 0.029882 0.078195 0.047426
4 0.980860 0.382913 0.033772 0.083200 0.075858
4 0.982041 0.381073 0.035998 0.099198 0.047426
4 0.980204 0.389289 0.035507 0.099918 0.004070
4 0.981666 0.379994 0.036575 0.119117 0.047426
4 0.994203 0.383107 0.011632 0.128911 0.006693
5 0.979349 0.376352 0.034023 0.091510 0.029312
5 0.981347 0.379126 0.033784 0.094791 0.029312
5 0.987276 0.380382 0.025523 0.092406 0.017986
5 0.978983 0.383692 0.030009 0.081042 0.119203
5 0.981066 0.381781 0.033943 0.088970 0.047426
5 0.982238 0.382538 0.035629 0.093399 0.029312
5 0.958109 0.370527 0.039688 0.092745 0.002473
5 0.980077 0.383601 0.032237 0.079320 0.047426
5 0.981714 0.382814 0.032644 0.080581 0.017986
5 0.980591 0.383339 0.035861 0.088975 0.017986
5 0.957719 0.374167 0.042627 0.108627 0.001501
5 0.978917 0.383083 0.029882 0.078195 0.047426
5 0.980860 0.382913 0.033772 0.083200 0.017986
5 0.982041 0.381073 0.035998 0.099198 0.010987
5 0.980204 0.389289 0.035507 0.099918 0.001501
5 0.981666 0.379994 0.036575 0.119117 0.004070
5 0.994203 0.383107 0.011632 0.128911 0.001501
