0 0.820369 0.336875 0.006284 0.040050 0.001501
1 0.143523 0.337629 0.067247 0.093490 0.002473
1 0.166714 0.334616 0.102215 0.085928 0.119203
1 0.166268 0.334612 0.103772 0.085909 0.817575
1 0.166507 0.334608 0.104515 0.085901 0.817575
1 0.352791 0.329317 0.063597 0.065720 0.817575
1 0.352783 0.329318 0.063636 0.065714 0.817575
1 0.095964 0.343525 0.149378 0.138642 0.004070
1 0.140081 0.355643 0.061015 0.124009 0.017986
1 0.164680 0.333552 0.098078 0.083946 0.006693
1 0.167586 0.335723 0.101149 0.088249 0.817575
1 0.167168 0.335710 0.102719 0.088225 0.817575
1 0.165480 0.335727 0.106559 0.088205 0.817575
1 0.168386 0.335716 0.099298 0.088297 0.017986
1 0.206705 0.325659 0.024852 0.038102 0.006693
1 0.207552 0.324674 0.024339 0.034336 0.006693
1 0.315865 0.331094 0.012612 0.027777 0.047426
1 0.352804 0.329589 0.063585 0.062680 0.880797
1 0.353342 0.329335 0.062517 0.065702 0.880797
1 0.352803 0.329566 0.063605 0.062604 0.924142
1 0.353342 0.330216 0.062515 0.063872 0.817575
1 0.408419 0.332202 0.055091 0.049072 0.817575
1 0.408494 0.332202 0.054951 0.049079 0.880797
1 0.408883 0.330926 0.054150 0.046514 0.817575
1 0.408605 0.332061 0.054765 0.044280 0.880797
1 0.462486 0.321121 0.025364 0.024607 0.002473
1 0.494733 0.329270 0.061436 0.033577 0.622459
1 0.494571 0.330013 0.060882 0.035048 0.817575
1 0.495248 0.330011 0.059524 0.035050 0.817575
1 0.495274 0.328739 0.059412 0.037598 0.817575
1 0.497519 0.328027 0.060967 0.036246 0.119203
1 0.526457 0.328861 0.028148 0.032802 0.622459
1 0.529721 0.326666 0.030110 0.023641 0.006693
1 0.569501 0.326235 0.017502 0.014278 0.006693
1 0.097872 0.346840 0.143627 0.152465 0.004070
1 0.139300 0.361575 0.058520 0.123491 0.047426
1 0.142099 0.364680 0.053606 0.113911 0.010987
1 0.167931 0.335892 0.101172 0.083369 0.817575
1 0.167188 0.335743 0.103132 0.088179 0.880797
1 0.166227 0.334599 0.104604 0.085940 0.731059
1 0.168956 0.334582 0.098865 0.086007 0.047426
1 0.314739 0.332896 0.012693 0.026696 0.075858
1 0.353488 0.330240 0.064938 0.063905 0.817575
1 0.354023 0.330207 0.063853 0.063827 0.880797
1 0.353341 0.329553 0.062512 0.062527 0.880797
1 0.352807 0.329554 0.063583 0.062521 0.880797
1 0.408597 0.333304 0.054734 0.046851 0.817575
1 0.408424 0.333323 0.055082 0.046852 0.817575
1 0.408601 0.330917 0.054721 0.046561 0.817575
1 0.409047 0.333311 0.053875 0.046879 0.880797
1 0.495569 0.330635 0.063108 0.031292 0.622459
1 0.494631 0.330019 0.060859 0.035107 0.817575
1 0.494562 0.330013 0.060911 0.035123 0.731059
1 0.494479 0.330024 0.057988 0.035105 0.731059
1 0.495460 0.331303 0.059178 0.032601 0.622459
1 0.526954 0.330639 0.029148 0.031242 0.622459
1 0.528457 0.330135 0.031988 0.031132 0.002473
1 0.067997 0.360955 0.133052 0.423955 0.004070
1 0.066482 0.362986 0.136154 0.416966 0.880797
1 0.066276 0.364713 0.132714 0.412629 0.817575
1 0.137437 0.369304 0.061306 0.113552 0.119203
1 0.140767 0.374427 0.054832 0.102546 0.268941
1 0.142263 0.367286 0.050759 0.110510 0.182426
1 0.168544 0.334592 0.099711 0.085991 0.002473
1 0.067267 0.360826 0.134609 0.418338 0.731059
1 0.067249 0.361588 0.134598 0.412269 0.924142
1 0.065536 0.362955 0.134168 0.409207 0.880797
1 0.065920 0.363952 0.135033 0.401760 0.731059
1 0.135097 0.373189 0.065193 0.103161 0.029312
1 0.138619 0.376721 0.058018 0.098961 0.268941
1 0.142960 0.374189 0.049059 0.096478 0.268941
1 0.143213 0.367162 0.049687 0.114002 0.182426
1 0.066505 0.361775 0.136137 0.412276 0.880797
1 0.065537 0.364076 0.134156 0.408328 0.924142
1 0.065539 0.368104 0.134182 0.399584 0.029312
1 0.141343 0.376440 0.054090 0.095804 0.075858
1 0.144637 0.379199 0.045981 0.092941 0.119203
1 0.146827 0.378156 0.042718 0.094298 0.075858
1 0.147789 0.385642 0.038582 0.091171 0.006693
1 0.149926 0.383106 0.036542 0.093410 0.002473
1 0.066979 0.359710 0.133996 0.422779 0.679179
1 0.066599 0.360254 0.133174 0.418086 0.075858
1 0.066206 0.360238 0.135597 0.422297 0.939913
1 0.066571 0.360726 0.133122 0.417969 0.939913
1 0.066127 0.360725 0.132254 0.418260 0.001501
2 0.143523 0.337629 0.067247 0.093490 0.001501
2 0.474240 0.314810 0.054459 0.037087 0.004070
2 0.488564 0.312155 0.081433 0.038318 0.006693
2 0.490255 0.314625 0.077889 0.054619 0.002473
2 0.494024 0.315639 0.069577 0.049958 0.002473
2 0.495703 0.315887 0.072878 0.055896 0.001501
2 0.140081 0.355643 0.061015 0.124009 0.002473
2 0.462486 0.321121 0.025364 0.024607 0.001501
2 0.066482 0.362986 0.136154 0.416966 0.001501
3 0.189489 0.305269 0.057771 0.106448 0.001501
3 0.488048 0.304073 0.083386 0.058757 0.002473
3 0.487618 0.305510 0.084260 0.066366 0.001501
3 0.488881 0.303168 0.089025 0.066292 0.001501
3 0.494613 0.307171 0.097297 0.064622 0.002473
3 0.495914 0.309239 0.098465 0.068439 0.001501
3 0.474240 0.314810 0.054459 0.037087 0.010987
3 0.488564 0.312155 0.081433 0.038318 0.010987
3 0.490255 0.314625 0.077889 0.054619 0.001501
3 0.495703 0.315887 0.072878 0.055896 0.001501
3 0.520597 0.318411 0.047134 0.045081 0.017986
3 0.522935 0.321320 0.040157 0.046805 0.029312
3 0.530719 0.317107 0.031466 0.038216 0.004070
3 0.462486 0.321121 0.025364 0.024607 0.006693
3 0.526457 0.328861 0.028148 0.032802 0.006693
3 0.529721 0.326666 0.030110 0.023641 0.001501
3 0.526954 0.330639 0.029148 0.031242 0.006693
3 0.140767 0.374427 0.054832 0.102546 0.001501
4 0.314739 0.332896 0.012693 0.026696 0.002473
5 0.314739 0.332896 0.012693 0.026696 0.002473
