0 0.505269 0.311325 0.005024 0.026514 0.001501
1 0.439032 0.315592 0.025077 0.071881 0.500000
1 0.440926 0.315116 0.024030 0.072733 0.500000
1 0.457498 0.308988 0.018703 0.058690 0.006693
1 0.435264 0.316771 0.037891 0.075012 0.006693
1 0.439610 0.315258 0.026590 0.072637 0.622459
1 0.440892 0.316490 0.026188 0.075288 0.622459
1 0.459164 0.311070 0.018511 0.049831 0.268941
1 0.461306 0.312352 0.019542 0.042268 0.047426
1 0.480001 0.312326 0.015969 0.023690 0.047426
1 0.491668 0.312482 0.019786 0.025794 0.075858
1 0.559053 0.306080 0.021365 0.019221 0.001501
1 0.434639 0.318175 0.036775 0.071972 0.047426
1 0.438827 0.317016 0.028135 0.074275 0.622459
1 0.438945 0.315245 0.027901 0.072709 0.622459
1 0.459150 0.311105 0.018518 0.049648 0.377541
1 0.460053 0.314983 0.019381 0.042122 0.047426
1 0.481627 0.314853 0.013416 0.021128 0.119203
1 0.492629 0.314014 0.017880 0.022791 0.500000
1 0.530109 0.315452 0.021972 0.022683 0.002473
1 0.433904 0.317123 0.038386 0.074203 0.075858
1 0.437680 0.316756 0.030437 0.074887 0.500000
1 0.438109 0.315485 0.029572 0.072335 0.622459
1 0.209241 0.292727 0.429083 0.585736 0.003173
1 0.212426 0.287526 0.431853 0.580579 0.002473
1 0.212088 0.285994 0.429223 0.577351 0.003173
1 0.212359 0.301726 0.431089 0.597702 0.001170
1 0.208646 0.297401 0.430172 0.600950 0.001501
1 0.208753 0.301256 0.430417 0.591582 0.001927
1 0.212497 0.297822 0.428609 0.585249 0.001501
1 0.214539 0.293134 0.427466 0.586170 0.002473
2 0.439032 0.315592 0.025077 0.071881 0.001501
2 0.440926 0.315116 0.024030 0.072733 0.001501
2 0.457498 0.308988 0.018703 0.058690 0.006693
2 0.459855 0.306233 0.020946 0.057875 0.002473
2 0.480001 0.312326 0.015969 0.023690 0.006693
2 0.491668 0.312482 0.019786 0.025794 0.010987
2 0.481627 0.314853 0.013416 0.021128 0.002473
2 0.530109 0.315452 0.021972 0.022683 0.001501
2 0.209434 0.287578 0.428916 0.575102 0.001170
2 0.212608 0.284880 0.431830 0.574937 0.047426
2 0.209241 0.292727 0.429083 0.585736 0.817575
2 0.212426 0.287526 0.431853 0.580579 0.817575
2 0.212088 0.285994 0.429223 0.577351 0.817575
2 0.212359 0.301726 0.431089 0.597702 0.500000
2 0.208646 0.297401 0.430172 0.600950 0.817575
2 0.213271 0.294780 0.430152 0.595268 0.777300
2 0.213803 0.291459 0.425865 0.588540 0.777300
2 0.208753 0.301256 0.430417 0.591582 0.817575
2 0.212497 0.297822 0.428609 0.585249 0.777300
2 0.214539 0.293134 0.427466 0.586170 0.679179
3 0.439032 0.315592 0.025077 0.071881 0.075858
3 0.440926 0.315116 0.024030 0.072733 0.075858
3 0.457498 0.308988 0.018703 0.058690 0.268941
3 0.459855 0.306233 0.020946 0.057875 0.047426
3 0.439610 0.315258 0.026590 0.072637 0.047426
3 0.440892 0.316490 0.026188 0.075288 0.029312
3 0.459164 0.311070 0.018511 0.049831 0.377541
3 0.461306 0.312352 0.019542 0.042268 0.047426
3 0.480001 0.312326 0.015969 0.023690 0.010987
3 0.491668 0.312482 0.019786 0.025794 0.006693
3 0.434639 0.318175 0.036775 0.071972 0.002473
3 0.438827 0.317016 0.028135 0.074275 0.047426
3 0.438945 0.315245 0.027901 0.072709 0.047426
3 0.459150 0.311105 0.018518 0.049648 0.182426
3 0.460053 0.314983 0.019381 0.042122 0.029312
3 0.481627 0.314853 0.013416 0.021128 0.010987
3 0.492629 0.314014 0.017880 0.022791 0.006693
3 0.433904 0.317123 0.038386 0.074203 0.002473
3 0.437680 0.316756 0.030437 0.074887 0.017986
3 0.438109 0.315485 0.029572 0.072335 0.029312
3 0.209241 0.292727 0.429083 0.585736 0.001501
3 0.212426 0.287526 0.431853 0.580579 0.001501
3 0.212088 0.285994 0.429223 0.577351 0.001927
3 0.213803 0.291459 0.425865 0.588540 0.001170
3 0.214539 0.293134 0.427466 0.586170 0.001170
