1 0.409076 0.336026 0.065058 0.072840 0.817575
1 0.409425 0.336478 0.065772 0.071933 0.817575
1 0.409698 0.336486 0.063604 0.071905 0.880797
1 0.445976 0.329704 0.011282 0.021298 0.017986
1 0.465315 0.330201 0.013607 0.019542 0.622459
1 0.609486 0.321827 0.023130 0.013599 0.001501
1 0.409044 0.336047 0.065017 0.072801 0.817575
1 0.409025 0.335364 0.064986 0.069627 0.817575
1 0.409020 0.335385 0.064956 0.069603 0.880797
1 0.409421 0.335380 0.065718 0.069604 0.924142
1 0.409472 0.334960 0.065846 0.070483 0.880797
1 0.409045 0.336543 0.065005 0.071828 0.880797
1 0.409704 0.336543 0.063588 0.071827 0.924142
1 0.891488 0.409243 0.216932 0.491047 0.880797
1 0.891563 0.409825 0.216906 0.491926 0.904651
1 0.891636 0.410821 0.216936 0.494192 0.904651
1 0.891725 0.407909 0.215676 0.495539 0.880797
1 0.892269 0.408700 0.218513 0.495080 0.924142
1 0.891153 0.410178 0.214625 0.492673 0.924142
1 0.891575 0.411342 0.216991 0.494671 0.939913
1 0.891247 0.408031 0.216448 0.496945 0.002473
1 0.891765 0.410107 0.219517 0.498027 0.924142
1 0.891500 0.410163 0.217027 0.497964 0.924142
1 0.891575 0.408963 0.216968 0.495730 0.924142
3 0.465315 0.330201 0.013607 0.019542 0.002473
