0 0.138426 0.315503 0.030776 0.087596 0.002473
0 0.133217 0.322853 0.034183 0.076396 0.001501
0 0.133834 0.321250 0.024189 0.079422 0.004070
1 0.362703 0.309955 0.025419 0.036827 0.075858
1 0.383396 0.316879 0.046585 0.032848 0.017986
1 0.383942 0.317407 0.046079 0.031893 0.075858
1 0.383966 0.317402 0.046031 0.031876 0.047426
1 0.385100 0.317202 0.045320 0.032300 0.075858
1 0.361973 0.310488 0.023970 0.032516 0.047426
1 0.384293 0.318121 0.046661 0.030507 0.817575
1 0.384769 0.318433 0.044598 0.029873 0.817575
1 0.383958 0.319436 0.046055 0.032929 0.817575
1 0.385109 0.318084 0.045272 0.030518 0.622459
1 0.423156 0.318950 0.011818 0.012968 0.119203
1 0.433347 0.317208 0.011550 0.014615 0.006693
1 0.480573 0.308056 0.016948 0.032921 0.002473
1 0.511718 0.305976 0.026721 0.041511 0.002473
1 0.527719 0.316958 0.011676 0.019548 0.002473
1 0.560899 0.322921 0.013887 0.011317 0.001501
1 0.567976 0.324064 0.014444 0.013527 0.010987
1 0.581924 0.326627 0.014473 0.018724 0.010987
1 0.644275 0.328791 0.044841 0.023184 0.004070
1 0.653101 0.327526 0.031347 0.024971 0.377541
1 0.652157 0.326644 0.032522 0.023202 0.268941
1 0.653060 0.327576 0.034492 0.025099 0.047426
1 0.693710 0.331120 0.034396 0.024082 0.182426
1 0.694674 0.331900 0.032588 0.022953 0.500000
1 0.695226 0.331714 0.031543 0.022580 0.622459
1 0.728466 0.333974 0.021342 0.027122 0.268941
1 0.728534 0.335632 0.021028 0.027411 0.268941
1 0.653968 0.329885 0.036996 0.029852 0.004070
1 0.693714 0.331936 0.034513 0.025745 0.029312
1 0.695407 0.331961 0.031185 0.025577 0.047426
1 0.695623 0.332485 0.030818 0.023778 0.119203
1 0.728430 0.334601 0.021264 0.025927 0.500000
1 0.728670 0.334924 0.020757 0.025280 0.622459
1 0.041062 0.387290 0.082094 0.423189 0.268941
1 0.040640 0.387416 0.081303 0.417656 0.731059
1 0.040616 0.386214 0.081327 0.419575 0.731059
1 0.041833 0.387302 0.080597 0.421438 0.817575
1 0.040626 0.388179 0.081298 0.417554 0.880797
1 0.041212 0.387988 0.079392 0.417532 0.817575
1 0.039570 0.388799 0.082380 0.418422 0.817575
1 0.041179 0.387636 0.082351 0.418214 0.817575
1 0.040442 0.388760 0.080913 0.415628 0.731059
1 0.040447 0.387324 0.080932 0.415128 0.731059
1 0.040437 0.387878 0.080982 0.412629 0.268941
2 0.254577 0.273266 0.187737 0.171652 0.731059
2 0.255220 0.273270 0.186481 0.171555 0.731059
2 0.089195 0.299907 0.135964 0.135238 0.817575
2 0.087990 0.300586 0.138371 0.133780 0.731059
2 0.087939 0.298609 0.137367 0.136551 0.817575
2 0.254597 0.271967 0.187525 0.174136 0.817575
2 0.255400 0.270838 0.189255 0.171883 0.880797
2 0.255416 0.273234 0.186097 0.171522 0.880797
2 0.254584 0.272129 0.187752 0.169260 0.924142
2 0.089979 0.299769 0.131522 0.132786 0.817575
2 0.090008 0.299179 0.134815 0.130961 0.817575
2 0.087838 0.298698 0.138018 0.128812 0.731059
2 0.087990 0.295234 0.136996 0.135753 0.817575
2 0.088070 0.296156 0.137599 0.133136 0.002473
2 0.253968 0.272084 0.186261 0.169363 0.880797
2 0.256193 0.272100 0.187647 0.169308 0.817575
2 0.255469 0.272103 0.185989 0.169290 0.880797
2 0.255487 0.273383 0.185967 0.166750 0.880797
2 0.511876 0.302032 0.029572 0.049329 0.182426
2 0.511907 0.302045 0.029685 0.052933 0.182426
2 0.515329 0.300975 0.038895 0.051104 0.010987
2 0.089587 0.298971 0.135247 0.131513 0.731059
2 0.088070 0.296327 0.138678 0.135383 0.731059
2 0.088037 0.295069 0.137188 0.137311 0.817575
2 0.136784 0.310210 0.038215 0.085603 0.004070
2 0.256240 0.273218 0.187533 0.171579 0.001501
2 0.256622 0.274517 0.186747 0.168972 0.004070
2 0.362703 0.309955 0.025419 0.036827 0.377541
2 0.383396 0.316879 0.046585 0.032848 0.029312
2 0.481258 0.308013 0.018306 0.032722 0.500000
2 0.511827 0.304945 0.026761 0.043541 0.268941
2 0.511103 0.307542 0.028032 0.041922 0.377541
2 0.517244 0.308630 0.032668 0.033361 0.010987
2 0.139128 0.310887 0.033109 0.080590 0.004070
2 0.361973 0.310488 0.023970 0.032516 0.182426
2 0.480573 0.308056 0.016948 0.032921 0.268941
2 0.511758 0.305369 0.026704 0.042744 0.377541
2 0.511718 0.305976 0.026721 0.041511 0.268941
2 0.527719 0.316958 0.011676 0.019548 0.002473
2 0.653101 0.327526 0.031347 0.024971 0.010987
2 0.652157 0.326644 0.032522 0.023202 0.047426
2 0.653060 0.327576 0.034492 0.025099 0.006693
2 0.693710 0.331120 0.034396 0.024082 0.006693
2 0.694674 0.331900 0.032588 0.022953 0.002473
2 0.695226 0.331714 0.031543 0.022580 0.001501
2 0.653968 0.329885 0.036996 0.029852 0.002473
3 0.511876 0.302032 0.029572 0.049329 0.004070
3 0.511907 0.302045 0.029685 0.052933 0.006693
3 0.362703 0.309955 0.025419 0.036827 0.029312
3 0.481258 0.308013 0.018306 0.032722 0.268941
3 0.511827 0.304945 0.026761 0.043541 0.017986
3 0.511103 0.307542 0.028032 0.041922 0.029312
3 0.517244 0.308630 0.032668 0.033361 0.001501
3 0.361973 0.310488 0.023970 0.032516 0.047426
3 0.480573 0.308056 0.016948 0.032921 0.268941
3 0.511758 0.305369 0.026704 0.042744 0.075858
3 0.511718 0.305976 0.026721 0.041511 0.075858
3 0.527719 0.316958 0.011676 0.019548 0.006693
3 0.652157 0.326644 0.032522 0.023202 0.001501
3 0.728534 0.335632 0.021028 0.027411 0.004070
3 0.728670 0.334924 0.020757 0.025280 0.001501
5 0.581924 0.326627 0.014473 0.018724 0.002473
