0 0.118757 0.321538 0.009491 0.065730 0.002473
0 0.136248 0.326606 0.010738 0.060479 0.001501
0 0.140925 0.326226 0.010224 0.055913 0.004070
0 0.118059 0.329527 0.008209 0.049395 0.006693
0 0.134967 0.330970 0.008171 0.051517 0.004070
0 0.144982 0.330819 0.007059 0.046825 0.029312
0 0.155690 0.330882 0.005714 0.036822 0.029312
0 0.645224 0.324854 0.012680 0.030266 0.001501
0 0.992137 0.319636 0.015837 0.047320 0.001501
0 0.004803 0.329202 0.009634 0.034621 0.001501
0 0.118761 0.333181 0.006785 0.042058 0.006693
0 0.134981 0.328683 0.008200 0.051364 0.004070
0 0.144698 0.329406 0.004906 0.044521 0.029312
0 0.156261 0.329610 0.006770 0.039560 0.029312
0 0.005459 0.341168 0.011241 0.133085 0.001501
0 0.005647 0.341573 0.011571 0.256415 0.001501
1 0.713138 0.282638 0.032400 0.023745 0.004070
1 0.714507 0.281323 0.029392 0.026135 0.004070
1 0.004810 0.315776 0.009651 0.051891 0.010987
1 0.405084 0.309240 0.024621 0.021957 0.002473
1 0.425881 0.314408 0.036092 0.029687 0.006693
1 0.449970 0.329061 0.071768 0.055190 0.029312
1 0.448501 0.329062 0.072195 0.055241 0.002473
1 0.504748 0.326304 0.034524 0.050468 0.182426
1 0.504781 0.326306 0.034533 0.050428 0.119203
1 0.504285 0.326531 0.033504 0.050141 0.047426
1 0.633682 0.318897 0.017803 0.041518 0.006693
1 0.644031 0.318271 0.017899 0.040015 0.010987
1 0.659014 0.314854 0.017264 0.036882 0.002473
1 0.004042 0.327470 0.011151 0.030882 0.119203
1 0.064148 0.334182 0.018840 0.025908 0.001501
1 0.065181 0.334286 0.016741 0.025939 0.004070
1 0.076221 0.329520 0.037477 0.031922 0.001501
1 0.318067 0.345815 0.198648 0.136652 0.880797
1 0.317462 0.347766 0.198172 0.137851 0.880797
1 0.316174 0.345811 0.195919 0.136633 0.924142
1 0.414087 0.316978 0.031098 0.036213 0.004070
1 0.441989 0.328070 0.059169 0.050264 0.075858
1 0.450785 0.329393 0.073434 0.054691 0.817575
1 0.449226 0.329510 0.073416 0.054444 0.817575
1 0.449221 0.328311 0.073469 0.051752 0.817575
1 0.449982 0.328243 0.071939 0.051880 0.817575
1 0.449957 0.328429 0.075116 0.051536 0.047426
1 0.503401 0.326949 0.034881 0.049362 0.731059
1 0.504999 0.328423 0.031933 0.051482 0.731059
1 0.503499 0.326875 0.035068 0.049337 0.377541
1 0.547233 0.342614 0.088634 0.111623 0.880797
1 0.546016 0.341705 0.088902 0.113413 0.817575
1 0.546680 0.341727 0.087562 0.113460 0.017986
1 0.610994 0.330923 0.039064 0.046523 0.731059
1 0.610626 0.332200 0.040337 0.049062 0.817575
1 0.610623 0.330024 0.040348 0.048303 0.817575
1 0.632727 0.326523 0.015498 0.033276 0.500000
1 0.645224 0.324854 0.012680 0.030266 0.119203
1 0.658522 0.319979 0.014493 0.026786 0.002473
1 0.004803 0.329202 0.009634 0.034621 0.017986
1 0.063689 0.337333 0.016813 0.024205 0.010987
1 0.064680 0.336448 0.017648 0.022296 0.006693
1 0.072109 0.338333 0.031141 0.027458 0.002473
1 0.317420 0.347829 0.198504 0.137733 0.924142
1 0.317673 0.347121 0.197852 0.139092 0.924142
1 0.317450 0.347120 0.198123 0.139091 0.924142
1 0.316417 0.347111 0.195331 0.139091 0.924142
1 0.449946 0.329463 0.071853 0.054738 0.119203
1 0.450004 0.328134 0.071890 0.052110 0.880797
1 0.449241 0.328249 0.073442 0.051871 0.817575
1 0.449306 0.328250 0.070586 0.051867 0.880797
1 0.449236 0.329597 0.073489 0.054267 0.924142
1 0.450788 0.328322 0.073477 0.051751 0.268941
1 0.504215 0.328511 0.033459 0.051343 0.731059
1 0.504208 0.328731 0.033459 0.050888 0.817575
1 0.505097 0.328158 0.031898 0.052181 0.622459
1 0.546690 0.341733 0.087633 0.113452 0.817575
1 0.546548 0.341712 0.090001 0.113363 0.880797
1 0.547207 0.342840 0.088628 0.115641 0.924142
1 0.545977 0.342595 0.088900 0.111646 0.924142
1 0.610251 0.332182 0.039742 0.049126 0.622459
1 0.610176 0.330920 0.039436 0.046524 0.817575
1 0.610414 0.331291 0.039946 0.050878 0.817575
1 0.631935 0.327614 0.014258 0.035510 0.075858
1 0.317711 0.349032 0.197941 0.140391 0.924142
1 0.317642 0.347761 0.197798 0.137836 0.970688
1 0.316721 0.346510 0.194836 0.135250 0.952574
1 0.546734 0.342582 0.087695 0.111636 0.268941
1 0.546545 0.342592 0.089997 0.111637 0.880797
1 0.546526 0.341712 0.089979 0.113382 0.924142
1 0.546662 0.341703 0.087570 0.113402 0.952574
2 0.004805 0.301626 0.009662 0.091492 0.001501
2 0.713138 0.282638 0.032400 0.023745 0.006693
2 0.714507 0.281323 0.029392 0.026135 0.004070
2 0.004810 0.315776 0.009651 0.051891 0.001501
2 0.633682 0.318897 0.017803 0.041518 0.001501
2 0.644031 0.318271 0.017899 0.040015 0.010987
2 0.659014 0.314854 0.017264 0.036882 0.002473
2 0.004042 0.327470 0.011151 0.030882 0.001501
2 0.645224 0.324854 0.012680 0.030266 0.002473
2 0.658522 0.319979 0.014493 0.026786 0.001501
3 0.004810 0.315776 0.009651 0.051891 0.002473
3 0.633682 0.318897 0.017803 0.041518 0.002473
3 0.644031 0.318271 0.017899 0.040015 0.010987
3 0.659014 0.314854 0.017264 0.036882 0.001501
3 0.004042 0.327470 0.011151 0.030882 0.010987
3 0.632727 0.326523 0.015498 0.033276 0.006693
3 0.645224 0.324854 0.012680 0.030266 0.017986
3 0.631935 0.327614 0.014258 0.035510 0.001501
