0 0.729168 0.334417 0.016745 0.122193 0.500000
0 0.851454 0.331375 0.018681 0.127195 0.004070
0 0.855488 0.344869 0.022799 0.153692 0.119203
0 0.871588 0.343318 0.018328 0.154980 0.119203
0 0.874975 0.343966 0.019699 0.157516 0.017986
0 0.727286 0.323988 0.021659 0.099632 0.017986
0 0.728394 0.332304 0.015194 0.117859 0.622459
0 0.751174 0.338216 0.016829 0.084148 0.017986
0 0.752315 0.340486 0.014628 0.084475 0.268941
0 0.852307 0.341660 0.020572 0.147894 0.006693
0 0.854894 0.349318 0.022328 0.167668 0.268941
0 0.872161 0.345677 0.019421 0.160037 0.268941
0 0.873305 0.343104 0.018978 0.155437 0.119203
0 0.488936 0.331263 0.024898 0.032530 0.002473
0 0.725300 0.322423 0.023557 0.074032 0.001501
0 0.729154 0.333322 0.016718 0.115263 0.622459
0 0.750216 0.338708 0.018802 0.084444 0.010987
0 0.752314 0.340420 0.014630 0.087951 0.377541
0 0.855336 0.348629 0.025116 0.162894 0.029312
0 0.855424 0.351302 0.024084 0.162123 0.500000
0 0.870663 0.347868 0.022395 0.160008 0.500000
0 0.871675 0.341955 0.022222 0.149606 0.119203
0 0.890127 0.352585 0.022624 0.075827 0.002473
0 0.909974 0.352309 0.021160 0.080478 0.001501
0 0.913705 0.349183 0.016998 0.079078 0.004070
0 0.946793 0.345692 0.015564 0.053294 0.004070
0 0.951294 0.344951 0.014499 0.065738 0.001501
0 0.489494 0.330626 0.026107 0.031250 0.002473
0 0.490429 0.331306 0.027836 0.032519 0.001501
0 0.729152 0.333456 0.016714 0.115048 0.500000
0 0.749290 0.338330 0.020366 0.087895 0.004070
0 0.752115 0.340227 0.015040 0.087471 0.377541
0 0.854676 0.349788 0.024861 0.169021 0.119203
0 0.855882 0.351187 0.024745 0.167131 0.500000
0 0.869800 0.346813 0.021132 0.162467 0.500000
0 0.870960 0.342789 0.023644 0.148907 0.119203
0 0.931927 0.357754 0.008230 0.044743 0.002473
0 0.941309 0.350224 0.007891 0.054855 0.010987
0 0.953176 0.349850 0.012979 0.067117 0.002473
0 0.710229 0.347170 0.012587 0.042908 0.004070
0 0.726923 0.334365 0.018274 0.111248 0.006693
0 0.729085 0.334287 0.016850 0.113392 0.622459
0 0.750418 0.338782 0.018191 0.089308 0.004070
0 0.752341 0.338972 0.017274 0.089303 0.377541
0 0.767880 0.345104 0.015181 0.069997 0.001501
0 0.855524 0.349632 0.025478 0.170197 0.075858
0 0.856488 0.351182 0.026225 0.167294 0.500000
0 0.869109 0.348371 0.020174 0.160453 0.377541
0 0.873128 0.344938 0.021109 0.140831 0.047426
0 0.932489 0.356550 0.007074 0.042212 0.004070
0 0.943763 0.350265 0.006808 0.054833 0.010987
0 0.955428 0.353682 0.014381 0.062694 0.004070
0 0.727840 0.332802 0.019386 0.117048 0.017986
0 0.728395 0.333393 0.015174 0.115297 0.622459
0 0.747592 0.341518 0.022403 0.099834 0.001501
0 0.751277 0.342434 0.016693 0.091103 0.029312
0 0.855151 0.348404 0.024710 0.173155 0.119203
0 0.856160 0.348795 0.024127 0.172162 0.500000
0 0.868333 0.348832 0.019378 0.167076 0.268941
0 0.874696 0.347121 0.016284 0.138753 0.047426
0 0.901451 0.360855 0.028608 0.071144 0.001501
0 0.907867 0.363489 0.019542 0.059605 0.002473
0 0.855159 0.348254 0.025825 0.172997 0.029312
0 0.857402 0.347660 0.025520 0.174547 0.622459
0 0.866648 0.346818 0.022583 0.168004 0.119203
0 0.873012 0.351995 0.021491 0.146540 0.017986
0 0.892231 0.383180 0.018886 0.128366 0.002473
0 0.854314 0.349586 0.024159 0.171035 0.010987
0 0.856571 0.351318 0.024500 0.167389 0.500000
0 0.863581 0.350689 0.026078 0.168589 0.182426
0 0.870785 0.356017 0.027727 0.162193 0.006693
1 0.562278 0.317245 0.071696 0.033520 0.001501
1 0.221244 0.326623 0.017523 0.018639 0.047426
1 0.224084 0.327531 0.025860 0.016862 0.006693
1 0.238541 0.327533 0.015026 0.016857 0.001501
1 0.256246 0.331004 0.016005 0.018210 0.002473
1 0.335605 0.327735 0.024288 0.020904 0.622459
1 0.337629 0.328633 0.024891 0.022695 0.500000
1 0.373259 0.330873 0.027569 0.046580 0.004070
1 0.420659 0.331289 0.098959 0.050968 0.377541
1 0.422436 0.331304 0.094904 0.050864 0.880797
1 0.422179 0.330648 0.094320 0.052177 0.817575
1 0.422998 0.331776 0.092971 0.054450 0.880797
1 0.422209 0.331300 0.094551 0.050900 0.880797
1 0.423898 0.330023 0.090744 0.048374 0.377541
1 0.488936 0.331263 0.024898 0.032530 0.004070
1 0.490845 0.331256 0.025890 0.032470 0.017986
1 0.498004 0.330441 0.045150 0.031012 0.029312
1 0.549320 0.339706 0.104452 0.080239 0.817575
1 0.549318 0.339052 0.104503 0.081553 0.924142
1 0.549953 0.339720 0.105929 0.080225 0.924142
1 0.603791 0.328282 0.022216 0.040166 0.004070
1 0.606842 0.330805 0.020716 0.036792 0.029312
1 0.631261 0.336477 0.037607 0.030311 0.622459
1 0.631260 0.337754 0.040605 0.032841 0.622459
1 0.631290 0.339727 0.037647 0.038598 0.268941
1 0.664498 0.342237 0.054068 0.041813 0.731059
1 0.664501 0.342054 0.054021 0.040263 0.731059
1 0.663952 0.341758 0.052936 0.040854 0.731059
1 0.706687 0.337245 0.027940 0.033891 0.002473
1 0.799619 0.334650 0.074792 0.058543 0.001501
1 0.799091 0.334428 0.070041 0.064266 0.001501
1 0.798707 0.338613 0.072605 0.071416 0.004070
1 0.796986 0.339408 0.072025 0.074827 0.002473
1 0.797835 0.337839 0.070729 0.071696 0.006693
1 0.890127 0.352585 0.022624 0.075827 0.001501
1 0.909974 0.352309 0.021160 0.080478 0.001501
1 0.372672 0.331923 0.028757 0.044516 0.006693
1 0.421799 0.331257 0.097502 0.051189 0.622459
1 0.422123 0.330621 0.094433 0.052284 0.731059
1 0.423035 0.331283 0.092886 0.050902 0.817575
1 0.422929 0.331281 0.092825 0.050902 0.880797
1 0.422190 0.331287 0.094592 0.050910 0.880797
1 0.423625 0.332163 0.093105 0.049212 0.622459
1 0.489494 0.330626 0.026107 0.031250 0.017986
1 0.490429 0.331306 0.027836 0.032519 0.017986
1 0.498668 0.331259 0.043757 0.032766 0.029312
1 0.548521 0.338614 0.102955 0.077971 0.924142
1 0.549999 0.339067 0.103087 0.081517 0.880797
1 0.548777 0.339727 0.105549 0.080199 0.924142
1 0.549973 0.338613 0.105867 0.077938 0.924142
1 0.600771 0.330539 0.017072 0.043775 0.002473
1 0.608757 0.332476 0.014645 0.033823 0.047426
1 0.631254 0.337337 0.037564 0.033742 0.731059
1 0.632111 0.337365 0.039248 0.033652 0.731059
1 0.653327 0.339759 0.069325 0.038677 0.075858
1 0.663274 0.341774 0.051590 0.040836 0.817575
1 0.663950 0.341780 0.052919 0.040750 0.817575
1 0.663959 0.341097 0.052922 0.039441 0.817575
1 0.697339 0.338508 0.016720 0.026244 0.500000
1 0.703803 0.341325 0.026563 0.025850 0.119203
1 0.712211 0.338200 0.026334 0.037248 0.010987
1 0.798254 0.338394 0.074317 0.072765 0.002473
1 0.798567 0.338790 0.072931 0.072370 0.001501
1 0.799451 0.339853 0.071504 0.075635 0.001501
1 0.798146 0.338388 0.070491 0.073964 0.004070
1 0.899736 0.358703 0.032358 0.069320 0.006693
1 0.907985 0.363006 0.019755 0.060470 0.029312
1 0.909928 0.357613 0.020701 0.071013 0.004070
1 0.549318 0.339740 0.104440 0.080194 0.924142
1 0.549317 0.339094 0.104495 0.081470 0.952574
1 0.549444 0.337963 0.106968 0.079231 0.952574
1 0.664081 0.343415 0.053175 0.045707 0.029312
1 0.663939 0.343197 0.052904 0.043565 0.002473
1 0.797768 0.342452 0.070920 0.079213 0.001501
1 0.798277 0.341692 0.071411 0.077670 0.001501
1 0.899959 0.360085 0.032970 0.061732 0.017986
1 0.907856 0.363255 0.019565 0.060049 0.047426
1 0.909742 0.361410 0.021072 0.063720 0.004070
1 0.901451 0.360855 0.028608 0.071144 0.004070
1 0.907867 0.363489 0.019542 0.059605 0.047426
1 0.909813 0.363550 0.020958 0.059642 0.006693
2 0.562278 0.317245 0.071696 0.033520 0.006693
2 0.799694 0.337324 0.071676 0.071759 0.017986
2 0.797804 0.337898 0.070720 0.074983 0.010987
2 0.337629 0.328633 0.024891 0.022695 0.001501
2 0.603791 0.328282 0.022216 0.040166 0.004070
2 0.606842 0.330805 0.020716 0.036792 0.029312
2 0.799619 0.334650 0.074792 0.058543 0.047426
2 0.799091 0.334428 0.070041 0.064266 0.500000
2 0.798707 0.338613 0.072605 0.071416 0.377541
2 0.796986 0.339408 0.072025 0.074827 0.377541
2 0.797835 0.337839 0.070729 0.071696 0.377541
2 0.799094 0.332439 0.072828 0.061774 0.017986
2 0.608757 0.332476 0.014645 0.033823 0.001501
2 0.782343 0.341796 0.042166 0.071301 0.006693
2 0.798254 0.338394 0.074317 0.072765 0.500000
2 0.798567 0.338790 0.072931 0.072370 0.377541
2 0.799451 0.339853 0.071504 0.075635 0.268941
2 0.798146 0.338388 0.070491 0.073964 0.268941
2 0.805748 0.340149 0.071655 0.079652 0.006693
2 0.795734 0.341115 0.069391 0.078334 0.006693
2 0.797768 0.342452 0.070920 0.079213 0.182426
2 0.798277 0.341692 0.071411 0.077670 0.119203
3 0.751174 0.338216 0.016829 0.084148 0.001501
3 0.335605 0.327735 0.024288 0.020904 0.006693
3 0.337629 0.328633 0.024891 0.022695 0.006693
3 0.498004 0.330441 0.045150 0.031012 0.001501
3 0.603791 0.328282 0.022216 0.040166 0.004070
3 0.606842 0.330805 0.020716 0.036792 0.047426
3 0.750216 0.338708 0.018802 0.084444 0.001501
3 0.799619 0.334650 0.074792 0.058543 0.002473
3 0.608757 0.332476 0.014645 0.033823 0.010987
3 0.907867 0.363489 0.019542 0.059605 0.001501
4 0.488936 0.331263 0.024898 0.032530 0.004070
4 0.490845 0.331256 0.025890 0.032470 0.002473
4 0.890127 0.352585 0.022624 0.075827 0.002473
4 0.489494 0.330626 0.026107 0.031250 0.010987
4 0.490429 0.331306 0.027836 0.032519 0.010987
4 0.498668 0.331259 0.043757 0.032766 0.001501
4 0.899736 0.358703 0.032358 0.069320 0.006693
4 0.907985 0.363006 0.019755 0.060470 0.004070
4 0.899959 0.360085 0.032970 0.061732 0.006693
4 0.907856 0.363255 0.019565 0.060049 0.004070
4 0.901451 0.360855 0.028608 0.071144 0.001501
4 0.907867 0.363489 0.019542 0.059605 0.004070
5 0.370632 0.326859 0.024320 0.054606 0.047426
5 0.373198 0.326020 0.029562 0.051133 0.010987
5 0.488846 0.322457 0.024719 0.049178 0.001501
5 0.489064 0.323292 0.024699 0.047995 0.001501
5 0.368272 0.330344 0.027094 0.042543 0.017986
5 0.370676 0.329570 0.024462 0.044102 0.622459
5 0.373259 0.330873 0.027569 0.046580 0.268941
5 0.488936 0.331263 0.024898 0.032530 0.268941
5 0.490845 0.331256 0.025890 0.032470 0.182426
5 0.498004 0.330441 0.045150 0.031012 0.002473
5 0.890127 0.352585 0.022624 0.075827 0.004070
5 0.909974 0.352309 0.021160 0.080478 0.006693
5 0.367862 0.331916 0.025145 0.044689 0.017986
5 0.370882 0.329496 0.026455 0.044274 0.731059
5 0.372672 0.331923 0.028757 0.044516 0.377541
5 0.489494 0.330626 0.026107 0.031250 0.377541
5 0.490429 0.331306 0.027836 0.032519 0.268941
5 0.498668 0.331259 0.043757 0.032766 0.004070
5 0.608757 0.332476 0.014645 0.033823 0.001501
5 0.899736 0.358703 0.032358 0.069320 0.017986
5 0.907985 0.363006 0.019755 0.060470 0.075858
5 0.909928 0.357613 0.020701 0.071013 0.017986
5 0.899959 0.360085 0.032970 0.061732 0.017986
5 0.907856 0.363255 0.019565 0.060049 0.075858
5 0.909742 0.361410 0.021072 0.063720 0.017986
5 0.901451 0.360855 0.028608 0.071144 0.006693
5 0.907867 0.363489 0.019542 0.059605 0.075858
5 0.909813 0.363550 0.020958 0.059642 0.029312
