0 0.009719 0.315342 0.016446 0.170575 0.075858
0 0.008928 0.323785 0.018002 0.191802 0.119203
0 0.011561 0.317363 0.019302 0.174398 0.001501
0 0.008169 0.331111 0.019464 0.206871 0.119203
0 0.012364 0.333488 0.020761 0.191711 0.006693
0 0.028199 0.326043 0.015726 0.140161 0.001501
0 0.055599 0.339780 0.014821 0.135748 0.001501
0 0.067483 0.346258 0.018382 0.137670 0.182426
0 0.092359 0.338887 0.021551 0.141301 0.500000
0 0.113101 0.341123 0.020525 0.145891 0.004070
0 0.115521 0.342904 0.019798 0.154004 0.004070
0 0.182781 0.330945 0.012716 0.101496 0.001501
0 0.206226 0.331725 0.015686 0.108577 0.500000
0 0.223325 0.329594 0.015882 0.104309 0.500000
0 0.224069 0.327465 0.017360 0.100043 0.268941
0 0.248005 0.327953 0.016880 0.098917 0.010987
0 0.253443 0.326141 0.015165 0.091849 0.017986
0 0.009124 0.326987 0.018261 0.197156 0.377541
0 0.011352 0.328044 0.019579 0.182202 0.017986
0 0.027544 0.337014 0.018074 0.157745 0.001501
0 0.061768 0.343405 0.020623 0.134036 0.002473
0 0.067329 0.346782 0.018943 0.138568 0.268941
0 0.091372 0.338841 0.023241 0.141260 0.001501
0 0.093011 0.339891 0.022397 0.143347 0.731059
0 0.112963 0.338673 0.020260 0.145431 0.006693
0 0.114720 0.345382 0.021194 0.154680 0.268941
0 0.139853 0.340462 0.020192 0.092936 0.075858
0 0.140149 0.340884 0.016671 0.093514 0.500000
0 0.167996 0.332014 0.011031 0.085853 0.500000
0 0.182016 0.329992 0.014129 0.090012 0.500000
0 0.188433 0.331496 0.013754 0.090716 0.010987
0 0.204746 0.327905 0.015621 0.104533 0.500000
0 0.222644 0.328672 0.017249 0.102419 0.622459
0 0.223615 0.327793 0.016499 0.104278 0.182426
0 0.247702 0.331192 0.017513 0.092738 0.119203
0 0.252804 0.328575 0.013665 0.087581 0.622459
0 0.008731 0.326436 0.017481 0.201324 0.500000
0 0.010895 0.325784 0.018741 0.192653 0.047426
0 0.059540 0.351015 0.019702 0.124768 0.006693
0 0.066707 0.344525 0.016890 0.134120 0.377541
0 0.092042 0.339698 0.024578 0.143269 0.029312
0 0.093286 0.341091 0.021841 0.145758 0.731059
0 0.114074 0.346490 0.025119 0.156828 0.377541
0 0.113379 0.347478 0.023594 0.159169 0.622459
0 0.139035 0.340694 0.018578 0.092604 0.182426
0 0.141285 0.340568 0.017468 0.092606 0.500000
0 0.167990 0.330900 0.014099 0.088275 0.500000
0 0.182761 0.330840 0.012647 0.088422 0.500000
0 0.188406 0.329166 0.015514 0.090378 0.017986
0 0.206178 0.329622 0.015738 0.104280 0.622459
0 0.222637 0.328658 0.017252 0.105987 0.731059
0 0.223593 0.329620 0.016519 0.104118 0.182426
0 0.244580 0.331731 0.011233 0.091631 0.182426
0 0.253304 0.327862 0.012667 0.089046 0.622459
0 0.384194 0.327922 0.006624 0.035965 0.029312
0 0.392131 0.330729 0.006358 0.036493 0.029312
0 0.405546 0.332029 0.008160 0.039092 0.268941
0 0.415790 0.329626 0.006668 0.043902 0.075858
0 0.430555 0.333315 0.008162 0.041689 0.119203
0 0.446910 0.333378 0.009318 0.041832 0.182426
0 0.455655 0.333341 0.005804 0.041717 0.119203
0 0.465322 0.333378 0.008766 0.041768 0.075858
0 0.484854 0.333412 0.008399 0.046958 0.075858
0 0.493745 0.332090 0.006809 0.044297 0.268941
0 0.503563 0.332230 0.007274 0.049100 0.268941
0 0.513789 0.334563 0.011856 0.049270 0.047426
0 0.531932 0.335803 0.008156 0.046639 0.377541
0 0.540909 0.334638 0.006905 0.044310 0.119203
0 0.557190 0.335777 0.004900 0.036954 0.017986
0 0.565918 0.338253 0.006858 0.041890 0.268941
0 0.582484 0.337053 0.007107 0.039733 0.004070
0 0.592114 0.339760 0.006386 0.038813 0.006693
0 0.603593 0.337322 0.007225 0.033800 0.029312
0 0.618748 0.337150 0.006748 0.039706 0.017986
0 0.833489 0.348757 0.011359 0.063142 0.001501
0 0.928272 0.358604 0.012775 0.079153 0.006693
0 0.943717 0.356018 0.012719 0.071373 0.002473
0 0.007880 0.325780 0.015777 0.200914 0.622459
0 0.010946 0.326801 0.018640 0.189987 0.075858
0 0.050683 0.367985 0.016962 0.085143 0.002473
0 0.051930 0.366625 0.018896 0.094084 0.006693
0 0.067901 0.352382 0.017447 0.153365 0.268941
0 0.092254 0.339870 0.023910 0.143515 0.006693
0 0.093399 0.339044 0.021601 0.141819 0.731059
0 0.113365 0.346919 0.026751 0.162206 0.377541
0 0.113365 0.347837 0.023717 0.164295 0.622459
0 0.139817 0.341130 0.020164 0.092957 0.119203
0 0.140987 0.340790 0.018064 0.093129 0.377541
0 0.153142 0.331380 0.013384 0.057901 0.001501
0 0.168735 0.332004 0.012568 0.086026 0.622459
0 0.183470 0.330868 0.011223 0.088290 0.622459
0 0.189671 0.329623 0.013243 0.090848 0.010987
0 0.204780 0.328802 0.015450 0.102303 0.622459
0 0.223316 0.329594 0.015881 0.104146 0.622459
0 0.223762 0.329706 0.016883 0.104101 0.268941
0 0.244752 0.331833 0.011502 0.091564 0.119203
0 0.253303 0.329053 0.012647 0.091886 0.500000
0 0.384196 0.328713 0.006625 0.037701 0.075858
0 0.394492 0.330772 0.008367 0.041855 0.017986
0 0.405568 0.329627 0.008121 0.044008 0.268941
0 0.415891 0.329606 0.006928 0.039535 0.119203
0 0.430562 0.332043 0.008129 0.044400 0.075858
0 0.446137 0.334560 0.007772 0.044437 0.119203
0 0.457882 0.335898 0.006261 0.041699 0.075858
0 0.465315 0.335888 0.008792 0.041731 0.119203
0 0.484205 0.333370 0.006655 0.047059 0.075858
0 0.493768 0.333335 0.006798 0.046838 0.268941
0 0.506238 0.333327 0.006794 0.051357 0.182426
0 0.518607 0.334482 0.007113 0.049146 0.047426
0 0.532467 0.335736 0.007032 0.046573 0.377541
0 0.541080 0.334601 0.007255 0.044307 0.119203
0 0.557873 0.337289 0.006242 0.039113 0.017986
0 0.566099 0.338190 0.007256 0.041723 0.268941
0 0.584181 0.346818 0.012919 0.028183 0.001501
0 0.591130 0.342333 0.008284 0.033470 0.006693
0 0.603870 0.337558 0.007780 0.033261 0.075858
0 0.618757 0.338386 0.006774 0.041500 0.047426
0 0.792303 0.352979 0.009750 0.034296 0.017986
0 0.804213 0.350249 0.008702 0.039155 0.002473
0 0.816663 0.352703 0.008865 0.039280 0.002473
0 0.834070 0.358515 0.010227 0.050880 0.047426
0 0.845965 0.359636 0.011316 0.052830 0.029312
0 0.854785 0.356804 0.009717 0.041884 0.029312
0 0.869524 0.361774 0.011018 0.051862 0.182426
0 0.881929 0.359169 0.008110 0.056828 0.182426
0 0.897337 0.361551 0.011866 0.047029 0.001501
0 0.902706 0.361443 0.011657 0.056332 0.010987
0 0.925090 0.363523 0.017376 0.071201 0.001501
0 0.927650 0.360975 0.011812 0.069859 0.010987
0 0.942184 0.360299 0.012658 0.071173 0.006693
0 0.007124 0.326411 0.014266 0.203478 0.500000
0 0.010653 0.329171 0.020810 0.185263 0.029312
0 0.051110 0.372503 0.019378 0.086452 0.002473
0 0.052688 0.370371 0.020591 0.098204 0.004070
0 0.067011 0.353588 0.019211 0.155427 0.268941
0 0.091946 0.339937 0.022125 0.143614 0.006693
0 0.093206 0.339894 0.019804 0.143523 0.731059
0 0.113316 0.347421 0.026654 0.163170 0.500000
0 0.114046 0.347458 0.025138 0.163551 0.731059
0 0.139868 0.341578 0.020253 0.094318 0.075858
0 0.141567 0.341614 0.016888 0.094582 0.377541
0 0.169519 0.333273 0.014128 0.088612 0.622459
0 0.182804 0.331988 0.012613 0.086109 0.500000
0 0.189792 0.331387 0.015742 0.099101 0.004070
0 0.206210 0.330413 0.015655 0.102591 0.622459
0 0.223434 0.330283 0.016101 0.102773 0.622459
0 0.223773 0.328757 0.016859 0.102230 0.268941
0 0.245545 0.330189 0.013100 0.094792 0.119203
0 0.252720 0.328902 0.013825 0.092261 0.500000
0 0.791739 0.354176 0.008624 0.036602 0.010987
0 0.806226 0.354162 0.006872 0.041956 0.004070
0 0.833282 0.358433 0.008703 0.050381 0.047426
0 0.847073 0.360943 0.009677 0.050440 0.047426
0 0.856222 0.358195 0.009600 0.039712 0.029312
0 0.868758 0.362437 0.009603 0.053290 0.268941
0 0.883245 0.361088 0.008576 0.055696 0.182426
0 0.895265 0.363908 0.009995 0.051578 0.001501
0 0.906252 0.365770 0.006767 0.054758 0.010987
0 0.928189 0.362276 0.012890 0.072337 0.010987
0 0.942968 0.360789 0.014129 0.070163 0.004070
0 0.007057 0.325497 0.014132 0.201767 0.500000
0 0.011152 0.326068 0.018252 0.191565 0.017986
0 0.050599 0.373462 0.020698 0.091384 0.001501
0 0.051472 0.366508 0.023027 0.106011 0.002473
0 0.067274 0.351320 0.021342 0.162162 0.182426
0 0.091857 0.339833 0.022402 0.143832 0.002473
0 0.092879 0.339076 0.020734 0.141875 0.622459
0 0.114046 0.347195 0.025057 0.164098 0.500000
0 0.113273 0.347240 0.023605 0.164242 0.731059
0 0.138628 0.342413 0.019397 0.094323 0.006693
0 0.141550 0.341808 0.016923 0.094936 0.268941
0 0.186121 0.341249 0.014312 0.105072 0.001501
0 0.190426 0.341898 0.016573 0.118295 0.002473
0 0.206235 0.332914 0.015629 0.107140 0.004070
0 0.835735 0.361400 0.011968 0.051311 0.010987
0 0.845177 0.361910 0.009807 0.052043 0.010987
0 0.853340 0.363198 0.012846 0.049746 0.002473
0 0.868765 0.360636 0.012565 0.054560 0.182426
0 0.883241 0.359958 0.008557 0.058568 0.182426
0 0.906935 0.367286 0.008146 0.057287 0.004070
0 0.927550 0.362236 0.012029 0.072388 0.004070
0 0.942965 0.362931 0.014165 0.071058 0.004070
0 0.007077 0.325225 0.014170 0.202197 0.377541
0 0.012254 0.325772 0.017661 0.191762 0.010987
0 0.049385 0.371753 0.026706 0.095461 0.001501
0 0.053318 0.361631 0.022516 0.120275 0.001501
0 0.067486 0.351323 0.021293 0.162754 0.075858
0 0.093473 0.339106 0.021745 0.141930 0.622459
0 0.112496 0.346611 0.025079 0.163018 0.500000
0 0.113355 0.346807 0.023755 0.162618 0.731059
0 0.007037 0.322001 0.014091 0.216446 0.075858
0 0.071476 0.350618 0.015459 0.164400 0.017986
0 0.111810 0.344997 0.023764 0.169216 0.002473
0 0.111863 0.344506 0.023973 0.168409 0.119203
0 0.005547 0.351402 0.011282 0.265574 0.006693
0 0.005536 0.364444 0.011397 0.280504 0.001501
1 0.270158 0.329578 0.015999 0.020956 0.182426
1 0.285631 0.329330 0.015898 0.024068 0.182426
1 0.306740 0.331823 0.030611 0.025442 0.119203
1 0.307618 0.331754 0.028930 0.028895 0.731059
1 0.307752 0.332641 0.028759 0.027065 0.817575
1 0.286196 0.331652 0.014533 0.024996 0.004070
1 0.306726 0.331056 0.030520 0.027446 0.182426
1 0.307632 0.331333 0.028953 0.028008 0.731059
1 0.307642 0.331923 0.028991 0.025650 0.731059
1 0.696565 0.341713 0.010261 0.011721 0.002473
1 0.710557 0.341200 0.011615 0.020890 0.029312
1 0.716520 0.342475 0.011193 0.023412 0.119203
1 0.732546 0.342838 0.020971 0.032357 0.268941
1 0.733837 0.343748 0.021027 0.034280 0.010987
1 0.786792 0.352410 0.021202 0.033916 0.002473
1 0.854785 0.356804 0.009717 0.041884 0.002473
1 0.993724 0.362672 0.012632 0.060818 0.010987
1 0.993745 0.369033 0.012556 0.048907 0.029312
1 0.992965 0.369639 0.014093 0.047631 0.017986
2 0.732291 0.340825 0.020399 0.036583 0.001501
2 0.710557 0.341200 0.011615 0.020890 0.017986
2 0.716520 0.342475 0.011193 0.023412 0.010987
2 0.732546 0.342838 0.020971 0.032357 0.075858
2 0.733837 0.343748 0.021027 0.034280 0.010987
3 0.285631 0.329330 0.015898 0.024068 0.001501
3 0.732291 0.340825 0.020399 0.036583 0.002473
3 0.710557 0.341200 0.011615 0.020890 0.017986
3 0.716520 0.342475 0.011193 0.023412 0.029312
3 0.732546 0.342838 0.020971 0.032357 0.268941
3 0.733837 0.343748 0.021027 0.034280 0.010987
3 0.993724 0.362672 0.012632 0.060818 0.004070
3 0.993745 0.369033 0.012556 0.048907 0.006693
3 0.992965 0.369639 0.014093 0.047631 0.004070
4 0.584181 0.346818 0.012919 0.028183 0.006693
5 0.584181 0.346818 0.012919 0.028183 0.006693
5 0.792303 0.352979 0.009750 0.034296 0.001501
5 0.845965 0.359636 0.011316 0.052830 0.001501
5 0.854785 0.356804 0.009717 0.041884 0.004070
5 0.786834 0.354420 0.018196 0.031799 0.002473
5 0.791739 0.354176 0.008624 0.036602 0.004070
5 0.833282 0.358433 0.008703 0.050381 0.002473
5 0.847073 0.360943 0.009677 0.050440 0.004070
5 0.856222 0.358195 0.009600 0.039712 0.002473
5 0.993745 0.369033 0.012556 0.048907 0.002473
5 0.845177 0.361910 0.009807 0.052043 0.002473
5 0.992965 0.369639 0.014093 0.047631 0.002473
