0 0.010784 0.265525 0.021665 0.328085 0.001501
0 0.992316 0.297130 0.015550 0.274284 0.004070
0 0.009003 0.274802 0.018121 0.326633 0.002473
0 0.969949 0.307691 0.028743 0.219476 0.002473
0 0.981506 0.316311 0.024566 0.215729 0.004070
0 0.992892 0.319197 0.014326 0.240824 0.017986
0 0.007472 0.300624 0.018119 0.268732 0.004070
0 0.670524 0.306523 0.016166 0.100942 0.001501
0 0.687246 0.310280 0.018900 0.104913 0.004070
0 0.707187 0.315666 0.018456 0.118666 0.010987
0 0.970313 0.313310 0.028786 0.222903 0.004070
0 0.980609 0.317834 0.027505 0.221336 0.010987
0 0.993735 0.323317 0.012638 0.222062 0.029312
0 0.006818 0.320015 0.016845 0.226034 0.004070
0 0.019038 0.336357 0.025735 0.169576 0.006693
0 0.067997 0.285445 0.011033 0.019917 0.001501
0 0.263411 0.321657 0.017366 0.088914 0.004070
0 0.264855 0.322869 0.014540 0.086456 0.029312
0 0.618058 0.312693 0.008125 0.070560 0.017986
0 0.670293 0.312473 0.012543 0.083448 0.622459
0 0.687504 0.313135 0.021974 0.101097 0.377541
0 0.687569 0.314276 0.021909 0.100656 0.500000
0 0.705974 0.318985 0.020026 0.102276 0.377541
0 0.718375 0.318262 0.021676 0.108301 0.500000
0 0.719385 0.318106 0.025696 0.108211 0.075858
0 0.977543 0.321486 0.034287 0.227486 0.002473
0 0.993747 0.329716 0.012611 0.221360 0.029312
0 0.014197 0.326900 0.025420 0.188040 0.002473
0 0.019884 0.344477 0.021685 0.144384 0.119203
0 0.022287 0.342060 0.020984 0.136011 0.001501
0 0.102623 0.341105 0.019698 0.092952 0.002473
0 0.105618 0.343619 0.017075 0.088142 0.182426
0 0.115728 0.340635 0.010638 0.082203 0.002473
0 0.135191 0.340452 0.010936 0.079993 0.006693
0 0.147350 0.344423 0.022928 0.087912 0.029312
0 0.152995 0.343503 0.019066 0.087968 0.029312
0 0.200006 0.338486 0.014436 0.078137 0.006693
0 0.201420 0.338545 0.012653 0.077994 0.075858
0 0.263171 0.326428 0.015748 0.080585 0.047426
0 0.265282 0.325104 0.013672 0.080923 0.500000
0 0.279781 0.326170 0.009727 0.053166 0.029312
0 0.292982 0.328658 0.011018 0.060755 0.268941
0 0.302146 0.327473 0.010109 0.058389 0.047426
0 0.343199 0.323533 0.008530 0.050640 0.002473
0 0.459790 0.324195 0.013821 0.060018 0.377541
0 0.462084 0.324172 0.015248 0.060105 0.119203
0 0.591951 0.311783 0.028233 0.030991 0.001501
0 0.593091 0.317111 0.008174 0.056063 0.182426
0 0.604207 0.318999 0.008688 0.064341 0.268941
0 0.618723 0.317116 0.009529 0.067694 0.182426
0 0.641755 0.305282 0.008605 0.041847 0.001501
0 0.669541 0.313701 0.014164 0.085979 0.622459
0 0.686744 0.313878 0.023546 0.102700 0.500000
0 0.686752 0.314517 0.023501 0.101368 0.622459
0 0.706459 0.318933 0.021235 0.107025 0.500000
0 0.719253 0.319155 0.019718 0.106509 0.622459
0 0.719782 0.320404 0.023697 0.109209 0.047426
0 0.977041 0.323346 0.037496 0.241695 0.006693
0 0.994419 0.334213 0.014337 0.221240 0.047426
0 0.015177 0.335546 0.030421 0.156881 0.001501
0 0.019942 0.346035 0.020825 0.136094 0.377541
0 0.023222 0.346159 0.019073 0.135284 0.017986
0 0.102704 0.345979 0.019817 0.082669 0.010987
0 0.105055 0.344904 0.018111 0.085728 0.622459
0 0.115039 0.342286 0.012055 0.076814 0.029312
0 0.135100 0.343540 0.010706 0.078794 0.182426
0 0.148344 0.346388 0.025009 0.085006 0.500000
0 0.150206 0.346575 0.024626 0.084560 0.500000
0 0.199531 0.341523 0.013470 0.072124 0.119203
0 0.201108 0.340745 0.013288 0.073682 0.377541
0 0.263844 0.327780 0.016394 0.077889 0.029312
0 0.264681 0.324938 0.012755 0.080510 0.622459
0 0.279638 0.328848 0.012806 0.060903 0.017986
0 0.292270 0.328679 0.009705 0.060703 0.377541
0 0.302814 0.326747 0.008792 0.060071 0.119203
0 0.346069 0.327338 0.009219 0.040138 0.010987
0 0.357036 0.330776 0.017594 0.036679 0.006693
0 0.457060 0.324265 0.011112 0.064954 0.377541
0 0.463917 0.323077 0.012685 0.062238 0.119203
0 0.593088 0.317356 0.008181 0.056838 0.119203
0 0.604760 0.319100 0.009839 0.065017 0.182426
0 0.617799 0.318433 0.011363 0.071605 0.119203
0 0.670969 0.312472 0.014009 0.083436 0.622459
0 0.687508 0.315366 0.022026 0.103040 0.500000
0 0.686732 0.315051 0.023538 0.102858 0.622459
0 0.705444 0.318952 0.020603 0.106981 0.622459
0 0.719294 0.319500 0.019626 0.110994 0.500000
0 0.720065 0.319136 0.023120 0.106650 0.029312
0 0.973935 0.329823 0.038425 0.259246 0.017986
0 0.975538 0.328270 0.039915 0.252318 0.001501
0 0.991953 0.335014 0.016190 0.219382 0.029312
0 0.015761 0.341845 0.028608 0.142685 0.001501
0 0.021188 0.346233 0.017594 0.135748 0.377541
0 0.022036 0.348004 0.019633 0.131957 0.017986
0 0.103606 0.344683 0.020907 0.085330 0.002473
0 0.105556 0.345576 0.017051 0.087027 0.731059
0 0.113641 0.344401 0.015167 0.080376 0.010987
0 0.135808 0.344995 0.012216 0.082101 0.119203
0 0.149857 0.347441 0.025320 0.087009 0.500000
0 0.149076 0.346997 0.026886 0.084222 0.500000
0 0.199712 0.341570 0.013126 0.072017 0.119203
0 0.201039 0.340156 0.013432 0.069743 0.500000
0 0.262902 0.327580 0.015222 0.078288 0.017986
0 0.265216 0.324962 0.013814 0.080500 0.500000
0 0.282068 0.326789 0.011262 0.060360 0.017986
0 0.293750 0.328706 0.009483 0.060620 0.268941
0 0.302817 0.327560 0.008787 0.058407 0.119203
0 0.346198 0.328526 0.007883 0.038095 0.006693
0 0.358037 0.330886 0.013331 0.037013 0.006693
0 0.457026 0.324212 0.011033 0.059946 0.377541
0 0.463608 0.324268 0.012191 0.064962 0.182426
0 0.594544 0.319303 0.011075 0.060170 0.075858
0 0.606334 0.320121 0.012726 0.068271 0.047426
0 0.613860 0.319901 0.016553 0.073847 0.029312
0 0.670202 0.312492 0.015651 0.088507 0.622459
0 0.686752 0.315280 0.023562 0.103278 0.622459
0 0.686702 0.314529 0.023578 0.103999 0.622459
0 0.705649 0.317937 0.021310 0.104496 0.622459
0 0.719319 0.318212 0.019573 0.108413 0.500000
0 0.720395 0.318163 0.022920 0.108547 0.047426
0 0.973602 0.327505 0.040497 0.256557 0.622459
0 0.974376 0.329234 0.039908 0.258191 0.817575
0 0.989616 0.330479 0.017757 0.230813 0.047426
0 0.016030 0.340717 0.029145 0.147372 0.002473
0 0.021422 0.343517 0.018217 0.141175 0.268941
0 0.021982 0.345072 0.019756 0.138045 0.010987
0 0.101676 0.344014 0.017754 0.086795 0.002473
0 0.105556 0.345395 0.017046 0.087409 0.622459
0 0.110881 0.344974 0.020694 0.085921 0.006693
0 0.135763 0.345269 0.013609 0.083391 0.182426
0 0.149080 0.346387 0.026879 0.085579 0.377541
0 0.149924 0.346389 0.028228 0.085545 0.500000
0 0.199999 0.341565 0.013689 0.072039 0.119203
0 0.201434 0.340773 0.014214 0.073647 0.500000
0 0.262494 0.327430 0.014397 0.077496 0.010987
0 0.263820 0.326295 0.014449 0.079766 0.268941
0 0.294527 0.331115 0.011041 0.068990 0.002473
0 0.304029 0.331927 0.011278 0.070601 0.002473
0 0.687500 0.317074 0.021983 0.102701 0.377541
0 0.687517 0.316160 0.025108 0.104476 0.377541
0 0.706170 0.321552 0.023408 0.106920 0.500000
0 0.719419 0.319149 0.022048 0.106612 0.377541
0 0.720402 0.319114 0.023642 0.106697 0.075858
0 0.973317 0.327429 0.041102 0.256537 0.377541
0 0.973983 0.328210 0.039670 0.254923 0.622459
0 0.973413 0.328833 0.040749 0.258874 0.731059
0 0.984514 0.330286 0.027932 0.239192 0.017986
0 0.013956 0.341342 0.024937 0.145142 0.001501
0 0.020439 0.341934 0.019097 0.139744 0.377541
0 0.022264 0.343801 0.019920 0.136072 0.017986
0 0.101958 0.344590 0.017611 0.086798 0.004070
0 0.106226 0.344992 0.018389 0.085842 0.500000
0 0.109933 0.346091 0.023034 0.090072 0.010987
0 0.138664 0.347127 0.017910 0.084229 0.029312
0 0.149174 0.347097 0.026659 0.084265 0.377541
0 0.149131 0.346823 0.026749 0.084824 0.377541
0 0.973307 0.328084 0.040987 0.260542 0.622459
0 0.973997 0.327581 0.039682 0.256314 0.731059
0 0.974238 0.327596 0.040171 0.256356 0.731059
0 0.984169 0.330007 0.028653 0.245155 0.001501
0 0.014707 0.347508 0.026416 0.141675 0.002473
0 0.021167 0.347479 0.017468 0.128801 0.377541
0 0.022309 0.345660 0.019835 0.132491 0.002473
0 0.973318 0.328024 0.040957 0.260749 0.001501
0 0.974074 0.327951 0.038372 0.255646 0.622459
0 0.974039 0.329210 0.039480 0.258172 0.731059
1 0.357036 0.330776 0.017594 0.036679 0.002473
1 0.373481 0.330376 0.028377 0.030758 0.006693
1 0.376491 0.330682 0.025845 0.026782 0.017986
1 0.379613 0.328648 0.033291 0.027399 0.006693
1 0.479285 0.324972 0.016890 0.011826 0.010987
1 0.500022 0.321767 0.019450 0.013578 0.075858
1 0.502334 0.320889 0.014688 0.011702 0.047426
1 0.560713 0.321593 0.026551 0.024106 0.002473
1 0.572484 0.319358 0.036641 0.023742 0.002473
1 0.583068 0.320480 0.030139 0.022052 0.004070
1 0.015761 0.341845 0.028608 0.142685 0.001501
1 0.371315 0.331362 0.028542 0.032472 0.001501
1 0.374924 0.333423 0.029080 0.032087 0.001501
4 0.373481 0.330376 0.028377 0.030758 0.002473
4 0.376491 0.330682 0.025845 0.026782 0.001501
4 0.371315 0.331362 0.028542 0.032472 0.010987
4 0.374924 0.333423 0.029080 0.032087 0.017986
4 0.584159 0.330413 0.027422 0.043031 0.001501
4 0.594544 0.319303 0.011075 0.060170 0.001501
4 0.613860 0.319901 0.016553 0.073847 0.006693
4 0.686702 0.314529 0.023578 0.103999 0.001501
4 0.021422 0.343517 0.018217 0.141175 0.001501
4 0.149924 0.346389 0.028228 0.085545 0.004070
4 0.687500 0.317074 0.021983 0.102701 0.002473
4 0.687517 0.316160 0.025108 0.104476 0.002473
4 0.020439 0.341934 0.019097 0.139744 0.001501
4 0.149174 0.347097 0.026659 0.084265 0.002473
4 0.149131 0.346823 0.026749 0.084824 0.006693
5 0.357036 0.330776 0.017594 0.036679 0.001501
5 0.373481 0.330376 0.028377 0.030758 0.001501
5 0.015761 0.341845 0.028608 0.142685 0.001501
5 0.371315 0.331362 0.028542 0.032472 0.001501
5 0.457026 0.324212 0.011033 0.059946 0.001501
5 0.574910 0.329425 0.022466 0.040675 0.001501
5 0.584159 0.330413 0.027422 0.043031 0.001501
5 0.606334 0.320121 0.012726 0.068271 0.001501
5 0.613860 0.319901 0.016553 0.073847 0.017986
5 0.021422 0.343517 0.018217 0.141175 0.001501
5 0.020439 0.341934 0.019097 0.139744 0.001501
5 0.021167 0.347479 0.017468 0.128801 0.006693
