0 0.068851 0.304210 0.019343 0.108939 0.001501
0 0.005560 0.312960 0.011209 0.168503 0.006693
0 0.063790 0.330760 0.021888 0.129152 0.004070
0 0.066480 0.328018 0.017145 0.120773 0.017986
0 0.644518 0.315543 0.014066 0.071801 0.006693
0 0.004280 0.335091 0.008569 0.115625 0.010987
0 0.063141 0.334486 0.020519 0.136274 0.377541
0 0.063884 0.334093 0.019207 0.137273 0.500000
0 0.144490 0.340478 0.017082 0.078795 0.006693
0 0.147723 0.339570 0.020283 0.080603 0.001501
0 0.273907 0.340228 0.014908 0.084105 0.004070
0 0.280566 0.341242 0.016970 0.089550 0.622459
0 0.296927 0.338512 0.010939 0.077849 0.010987
0 0.301860 0.339696 0.013347 0.080207 0.377541
0 0.321643 0.335917 0.012552 0.072645 0.377541
0 0.323895 0.334971 0.016659 0.073469 0.004070
0 0.545574 0.313433 0.010436 0.034335 0.001501
0 0.584176 0.312216 0.035736 0.031682 0.001501
0 0.594271 0.307405 0.019861 0.031586 0.029312
0 0.644509 0.316463 0.011009 0.065659 0.731059
0 0.003873 0.342576 0.007752 0.107776 0.006693
0 0.063035 0.335780 0.018134 0.136704 0.268941
0 0.063754 0.335748 0.019448 0.137254 0.500000
0 0.144490 0.343759 0.017078 0.075865 0.622459
0 0.147283 0.342847 0.019951 0.074549 0.047426
0 0.200005 0.353126 0.021986 0.145928 0.622459
0 0.200037 0.352836 0.021971 0.147217 0.731059
0 0.271934 0.341225 0.010987 0.081676 0.002473
0 0.280571 0.341154 0.016959 0.089268 0.731059
0 0.294886 0.337562 0.011844 0.074948 0.010987
0 0.301873 0.338853 0.013332 0.077482 0.500000
0 0.320956 0.336092 0.013907 0.072639 0.500000
0 0.323424 0.335683 0.016884 0.073230 0.004070
0 0.543788 0.317486 0.009547 0.027008 0.001501
0 0.596006 0.317819 0.017180 0.036719 0.010987
0 0.644509 0.316341 0.011009 0.065981 0.622459
0 0.003871 0.343754 0.007752 0.104931 0.017986
0 0.064099 0.336384 0.018685 0.137025 0.377541
0 0.064987 0.335978 0.020046 0.137844 0.500000
0 0.143809 0.343065 0.015702 0.077276 0.622459
0 0.147143 0.343489 0.019494 0.076440 0.047426
0 0.201459 0.352647 0.022154 0.145860 0.622459
0 0.200793 0.352645 0.023511 0.145889 0.731059
0 0.276463 0.339530 0.016616 0.085691 0.004070
0 0.280556 0.341885 0.016988 0.087073 0.731059
0 0.298472 0.338865 0.014013 0.077403 0.010987
0 0.301816 0.339343 0.013434 0.076515 0.622459
0 0.321628 0.336192 0.012559 0.072493 0.622459
0 0.323631 0.335976 0.016468 0.072576 0.004070
0 0.596047 0.324046 0.014260 0.044485 0.001501
0 0.644511 0.315789 0.011017 0.067167 0.622459
0 0.003872 0.344278 0.007749 0.115847 0.010987
0 0.063415 0.336108 0.017326 0.137877 0.268941
0 0.064227 0.334681 0.018511 0.138924 0.500000
0 0.144488 0.342686 0.017072 0.074321 0.622459
0 0.147349 0.342616 0.019740 0.074537 0.047426
0 0.200771 0.352041 0.023510 0.145847 0.500000
0 0.200777 0.351937 0.023479 0.148342 0.731059
0 0.278570 0.341144 0.020827 0.088649 0.006693
0 0.281242 0.341911 0.018357 0.087022 0.731059
0 0.300405 0.338495 0.015208 0.082939 0.010987
0 0.301819 0.340467 0.013432 0.078743 0.731059
0 0.320957 0.335668 0.013899 0.073599 0.622459
0 0.324258 0.339193 0.017187 0.079030 0.001501
0 0.434370 0.318041 0.062622 0.370046 0.047426
0 0.003601 0.340525 0.007205 0.124827 0.010987
0 0.062465 0.335818 0.017013 0.138170 0.119203
0 0.063546 0.334533 0.017156 0.140762 0.500000
0 0.202203 0.351478 0.023663 0.147012 0.622459
0 0.201548 0.351477 0.025000 0.147000 0.731059
0 0.277401 0.342369 0.020330 0.091191 0.001501
0 0.281235 0.341829 0.018408 0.090347 0.119203
0 0.303399 0.343290 0.015213 0.086268 0.002473
0 0.320984 0.344091 0.014098 0.088053 0.001501
0 0.435881 0.318619 0.071550 0.368323 0.731059
0 0.436375 0.317705 0.069641 0.364659 0.500000
0 0.437314 0.316959 0.071722 0.366196 0.731059
0 0.003603 0.341156 0.007209 0.149438 0.010987
0 0.200695 0.351657 0.020633 0.146692 0.500000
0 0.201559 0.351029 0.025000 0.147947 0.622459
0 0.435971 0.318366 0.071587 0.363150 0.622459
0 0.437358 0.316422 0.074765 0.361992 0.622459
0 0.437561 0.317691 0.075143 0.364638 0.731059
0 0.439935 0.316812 0.073188 0.366488 0.817575
0 0.436839 0.317953 0.070047 0.364252 0.622459
0 0.437487 0.315865 0.075076 0.363286 0.622459
0 0.438458 0.316696 0.073306 0.366741 0.731059
1 0.570074 0.313130 0.050807 0.030500 0.001501
1 0.579070 0.312320 0.037787 0.028231 0.004070
1 0.584176 0.312216 0.035736 0.031682 0.006693
1 0.594271 0.307405 0.019861 0.031586 0.006693
1 0.598229 0.309127 0.022206 0.029998 0.006693
1 0.621850 0.311428 0.050585 0.043927 0.002473
1 0.372211 0.341171 0.086449 0.104203 0.817575
1 0.371697 0.341183 0.087533 0.104194 0.880797
1 0.466536 0.320449 0.011199 0.016183 0.010987
1 0.497922 0.321587 0.021599 0.018571 0.002473
1 0.503216 0.321788 0.015654 0.013499 0.017986
1 0.562825 0.317742 0.039287 0.021801 0.004070
1 0.575543 0.316659 0.030094 0.023794 0.010987
1 0.578220 0.315214 0.032243 0.026736 0.017986
1 0.596006 0.317819 0.017180 0.036719 0.002473
1 0.597890 0.317474 0.021653 0.032400 0.002473
1 0.371691 0.341187 0.087533 0.104178 0.880797
1 0.371680 0.341188 0.087510 0.104179 0.880797
1 0.371685 0.341186 0.087497 0.104195 0.924142
1 0.371017 0.342452 0.088889 0.106763 0.880797
1 0.372246 0.340041 0.086411 0.106471 0.880797
1 0.371000 0.340054 0.086192 0.106459 0.880797
1 0.371674 0.341189 0.087515 0.104195 0.952574
1 0.371582 0.341178 0.085117 0.104194 0.970688
3 0.598229 0.309127 0.022206 0.029998 0.001501
4 0.596006 0.317819 0.017180 0.036719 0.004070
4 0.597890 0.317474 0.021653 0.032400 0.002473
4 0.618898 0.318797 0.019882 0.043086 0.001501
4 0.596047 0.324046 0.014260 0.044485 0.002473
4 0.606378 0.326861 0.027097 0.050734 0.002473
5 0.584176 0.312216 0.035736 0.031682 0.002473
5 0.594271 0.307405 0.019861 0.031586 0.006693
5 0.578220 0.315214 0.032243 0.026736 0.002473
5 0.596006 0.317819 0.017180 0.036719 0.006693
5 0.597890 0.317474 0.021653 0.032400 0.001501
5 0.582832 0.325491 0.026821 0.048442 0.001501
5 0.596047 0.324046 0.014260 0.044485 0.001501
5 0.606378 0.326861 0.027097 0.050734 0.002473
5 0.613421 0.328241 0.019043 0.052376 0.002473
