0 0.101897 0.325289 0.021927 0.119555 0.002473
0 0.096674 0.340737 0.015329 0.082322 0.075858
0 0.100526 0.339258 0.016040 0.088453 0.029312
0 0.210134 0.334920 0.017401 0.074501 0.006693
0 0.210698 0.331131 0.019128 0.082486 0.010987
0 0.268056 0.323357 0.014287 0.068794 0.006693
0 0.279015 0.328673 0.011250 0.060797 0.182426
0 0.290317 0.331016 0.011451 0.062850 0.500000
0 0.334415 0.328485 0.018870 0.056086 0.006693
0 0.342201 0.322531 0.012632 0.048554 0.010987
0 0.408622 0.319916 0.007890 0.043474 0.001501
0 0.547078 0.317812 0.013425 0.039555 0.001501
0 0.559312 0.322161 0.013005 0.052280 0.010987
0 0.568058 0.320241 0.008132 0.041346 0.017986
0 0.003875 0.334951 0.007769 0.067427 0.001501
0 0.096701 0.341690 0.012654 0.080038 0.182426
0 0.101207 0.343551 0.016844 0.079500 0.075858
0 0.195736 0.338737 0.008611 0.047481 0.017986
0 0.210132 0.343704 0.017287 0.062539 0.377541
0 0.210856 0.342270 0.018795 0.060371 0.182426
0 0.271446 0.327669 0.014919 0.067051 0.002473
0 0.280488 0.329728 0.011068 0.062577 0.268941
0 0.290856 0.329862 0.012600 0.066746 0.622459
0 0.332223 0.334567 0.011451 0.049605 0.182426
0 0.342186 0.326811 0.012716 0.040543 0.029312
0 0.408909 0.322781 0.007221 0.035208 0.010987
0 0.543092 0.322122 0.008176 0.030557 0.002473
0 0.558610 0.326942 0.011605 0.048682 0.002473
0 0.568725 0.321963 0.009520 0.040089 0.029312
0 0.594535 0.320530 0.014777 0.025824 0.002473
0 0.003871 0.339290 0.007799 0.079379 0.002473
0 0.097216 0.341649 0.013679 0.080377 0.182426
0 0.101706 0.343239 0.013674 0.079864 0.075858
0 0.195731 0.338084 0.008595 0.045717 0.029312
0 0.210821 0.343754 0.015911 0.062488 0.500000
0 0.210921 0.343668 0.018664 0.057585 0.268941
0 0.274005 0.326420 0.013516 0.069044 0.006693
0 0.279742 0.330422 0.012637 0.063648 0.268941
0 0.289766 0.330743 0.012576 0.064815 0.622459
0 0.331252 0.334271 0.009473 0.049653 0.182426
0 0.344428 0.328075 0.008168 0.042688 0.017986
0 0.546084 0.330417 0.011406 0.054350 0.001501
0 0.557005 0.326486 0.011146 0.050466 0.004070
0 0.568017 0.325239 0.011133 0.044785 0.006693
0 0.594538 0.326774 0.011169 0.039236 0.006693
0 0.097759 0.340967 0.014749 0.081583 0.268941
0 0.101819 0.343689 0.013434 0.080779 0.047426
0 0.211112 0.343728 0.016461 0.057465 0.377541
0 0.210926 0.343773 0.018646 0.057382 0.377541
0 0.281331 0.332220 0.012713 0.066738 0.006693
0 0.290869 0.331178 0.012615 0.068802 0.047426
0 0.331280 0.335291 0.009531 0.061807 0.001501
0 0.098871 0.343388 0.014833 0.086108 0.002473
1 0.350493 0.318814 0.050256 0.041556 0.001501
1 0.585790 0.310740 0.028945 0.025276 0.004070
1 0.594241 0.311814 0.017897 0.022670 0.004070
1 0.604463 0.313711 0.033966 0.028459 0.004070
1 0.329822 0.327445 0.036026 0.042113 0.001501
1 0.342186 0.326811 0.012716 0.040543 0.004070
1 0.352244 0.326657 0.045105 0.028973 0.017986
1 0.373342 0.327948 0.022026 0.021315 0.075858
1 0.374316 0.328069 0.020905 0.026102 0.047426
1 0.382592 0.326951 0.030528 0.029471 0.002473
1 0.468076 0.322901 0.008180 0.011308 0.004070
1 0.505471 0.320887 0.011104 0.011688 0.017986
1 0.586292 0.318457 0.031955 0.025875 0.017986
1 0.594535 0.320530 0.014777 0.025824 0.029312
1 0.603188 0.318111 0.031573 0.021090 0.047426
1 0.608576 0.320991 0.027121 0.030671 0.001501
1 0.350959 0.331127 0.027534 0.033126 0.001501
1 0.372860 0.332502 0.021258 0.030248 0.010987
1 0.373396 0.331882 0.022656 0.029013 0.004070
3 0.586292 0.318457 0.031955 0.025875 0.001501
4 0.594535 0.320530 0.014777 0.025824 0.004070
4 0.608576 0.320991 0.027121 0.030671 0.001501
4 0.210921 0.343668 0.018664 0.057585 0.004070
4 0.372860 0.332502 0.021258 0.030248 0.002473
4 0.373396 0.331882 0.022656 0.029013 0.010987
4 0.584203 0.328400 0.034439 0.043572 0.001501
4 0.594538 0.326774 0.011169 0.039236 0.010987
4 0.608780 0.331997 0.028672 0.047524 0.010987
4 0.612818 0.333179 0.022988 0.053130 0.004070
4 0.210926 0.343773 0.018646 0.057382 0.004070
5 0.332223 0.334567 0.011451 0.049605 0.001501
5 0.594535 0.320530 0.014777 0.025824 0.001501
5 0.608576 0.320991 0.027121 0.030671 0.001501
5 0.179860 0.344547 0.009808 0.035606 0.001501
5 0.584203 0.328400 0.034439 0.043572 0.002473
5 0.594538 0.326774 0.011169 0.039236 0.006693
5 0.608780 0.331997 0.028672 0.047524 0.029312
5 0.612818 0.333179 0.022988 0.053130 0.017986
