0 0.310825 0.316319 0.016007 0.075368 0.002473
0 0.313370 0.315553 0.020287 0.076636 0.001501
0 0.855694 0.336483 0.020113 0.118808 0.006693
0 0.935615 0.318410 0.015673 0.082556 0.002473
0 0.940272 0.321522 0.013785 0.085794 0.006693
0 0.949652 0.320529 0.017825 0.087592 0.001501
0 0.023142 0.343018 0.015523 0.093153 0.119203
0 0.024602 0.344105 0.016298 0.095569 0.075858
0 0.049439 0.335942 0.014369 0.083711 0.075858
0 0.050912 0.334618 0.013669 0.086150 0.119203
0 0.152144 0.320122 0.010138 0.057104 0.001501
0 0.281256 0.314171 0.009489 0.050422 0.001501
0 0.311935 0.322853 0.015945 0.067783 0.500000
0 0.312999 0.322893 0.016071 0.067670 0.377541
0 0.326824 0.322379 0.012005 0.052133 0.004070
0 0.342305 0.316598 0.009634 0.044823 0.047426
0 0.856961 0.341115 0.019758 0.109437 0.622459
0 0.859476 0.340105 0.021564 0.110710 0.047426
0 0.900688 0.325718 0.015081 0.063452 0.006693
0 0.903358 0.325282 0.012516 0.057671 0.268941
0 0.934861 0.322757 0.013975 0.076786 0.029312
0 0.939321 0.324587 0.011864 0.079915 0.075858
0 0.950881 0.326479 0.012659 0.078461 0.010987
0 0.023569 0.343477 0.014219 0.093976 0.268941
0 0.024309 0.344824 0.015819 0.101316 0.119203
0 0.049828 0.333495 0.015152 0.083602 0.075858
0 0.051306 0.335961 0.012889 0.083573 0.119203
0 0.127773 0.335307 0.011606 0.032560 0.004070
0 0.152639 0.322749 0.008453 0.056729 0.001501
0 0.215314 0.330595 0.008791 0.037414 0.001501
0 0.234769 0.329704 0.008975 0.034941 0.004070
0 0.241715 0.331162 0.008672 0.032674 0.004070
0 0.257182 0.328266 0.004896 0.032312 0.001501
0 0.280585 0.321384 0.008131 0.043703 0.002473
0 0.311786 0.321705 0.017830 0.064948 0.500000
0 0.313072 0.322871 0.015936 0.062615 0.500000
0 0.326549 0.326541 0.011368 0.045343 0.006693
0 0.341765 0.319482 0.008538 0.041465 0.075858
0 0.367328 0.318246 0.009680 0.037095 0.001501
0 0.492526 0.327005 0.007018 0.029021 0.029312
0 0.568211 0.326715 0.005654 0.023362 0.006693
0 0.606788 0.333924 0.005694 0.029826 0.002473
0 0.821918 0.340973 0.009338 0.052303 0.004070
0 0.855795 0.342328 0.019634 0.107051 0.731059
0 0.859040 0.340282 0.021367 0.111214 0.119203
0 0.900242 0.326976 0.014899 0.060053 0.004070
0 0.904033 0.324052 0.013879 0.055169 0.182426
0 0.933634 0.322816 0.011540 0.073040 0.010987
0 0.940286 0.324804 0.011520 0.081422 0.047426
0 0.951092 0.326476 0.012225 0.082114 0.006693
0 0.024144 0.345736 0.015399 0.094900 0.268941
0 0.024678 0.343701 0.016146 0.098994 0.119203
0 0.049556 0.334662 0.014611 0.086034 0.029312
0 0.051152 0.334615 0.012106 0.086095 0.075858
0 0.129045 0.341085 0.013926 0.021079 0.001501
0 0.235435 0.332676 0.010369 0.033620 0.001501
0 0.312324 0.323007 0.016730 0.062354 0.377541
0 0.312958 0.324107 0.016163 0.065256 0.500000
0 0.326398 0.333348 0.010920 0.032055 0.010987
0 0.343060 0.322829 0.008142 0.049948 0.002473
0 0.493075 0.327322 0.008092 0.034855 0.004070
0 0.821419 0.341932 0.007259 0.054384 0.002473
0 0.856294 0.341280 0.020805 0.109100 0.622459
0 0.858353 0.341542 0.022730 0.113722 0.119203
0 0.898861 0.327112 0.012140 0.059742 0.004070
0 0.903487 0.325372 0.014975 0.057699 0.119203
0 0.932941 0.322785 0.012853 0.072896 0.017986
0 0.940292 0.325504 0.011521 0.082017 0.017986
0 0.951698 0.327759 0.012111 0.083977 0.002473
0 0.024493 0.343917 0.016064 0.098683 0.182426
0 0.025177 0.345277 0.015149 0.101122 0.119203
0 0.049903 0.337003 0.015300 0.081620 0.004070
0 0.051379 0.334193 0.012736 0.081842 0.047426
0 0.856864 0.342404 0.019669 0.106867 0.622459
0 0.858631 0.341109 0.023268 0.109536 0.119203
0 0.942994 0.326932 0.011068 0.086576 0.004070
0 0.024491 0.346812 0.016068 0.098085 0.029312
0 0.025502 0.347325 0.016077 0.097083 0.029312
0 0.852272 0.342201 0.027050 0.112980 0.004070
0 0.856791 0.342504 0.021696 0.111808 0.622459
0 0.858619 0.342403 0.023288 0.112028 0.075858
1 0.672680 0.334772 0.014633 0.028872 0.006693
1 0.693756 0.344863 0.037533 0.055138 0.817575
1 0.693746 0.343731 0.037496 0.057409 0.731059
1 0.693751 0.343743 0.037545 0.057402 0.817575
1 0.326398 0.333348 0.010920 0.032055 0.002473
1 0.671672 0.336271 0.012635 0.022606 0.119203
1 0.692980 0.343751 0.035980 0.057421 0.731059
1 0.693750 0.342617 0.037502 0.055129 0.880797
1 0.693756 0.342605 0.037536 0.055164 0.817575
1 0.693750 0.344887 0.037513 0.055189 0.731059
1 0.692986 0.342626 0.035973 0.055148 0.817575
1 0.694513 0.342628 0.039080 0.055156 0.880797
2 0.671672 0.336271 0.012635 0.022606 0.001501
3 0.672680 0.334772 0.014633 0.028872 0.001501
3 0.671672 0.336271 0.012635 0.022606 0.006693
4 0.326398 0.333348 0.010920 0.032055 0.002473
4 0.025177 0.345277 0.015149 0.101122 0.001501
4 0.024491 0.346812 0.016068 0.098085 0.006693
4 0.025502 0.347325 0.016077 0.097083 0.006693
5 0.127773 0.335307 0.011606 0.032560 0.001501
5 0.326549 0.326541 0.011368 0.045343 0.001501
5 0.129045 0.341085 0.013926 0.021079 0.002473
5 0.312958 0.324107 0.016163 0.065256 0.001501
5 0.326398 0.333348 0.010920 0.032055 0.010987
5 0.384326 0.343628 0.014582 0.057395 0.004070
5 0.390495 0.339231 0.016303 0.065732 0.004070
5 0.025177 0.345277 0.015149 0.101122 0.001501
5 0.377379 0.343599 0.026784 0.068371 0.002473
5 0.385478 0.347015 0.013742 0.050906 0.004070
5 0.389772 0.346746 0.018293 0.051509 0.006693
5 0.024491 0.346812 0.016068 0.098085 0.001501
5 0.116083 0.366360 0.017976 0.064317 0.001501
