0 0.379858 0.329826 0.012838 0.058829 0.004070
0 0.395899 0.330312 0.017023 0.064552 0.010987
0 0.401509 0.326975 0.014166 0.054865 0.002473
0 0.417235 0.322779 0.009806 0.046429 0.002473
0 0.359003 0.334716 0.010082 0.044614 0.119203
0 0.379052 0.335416 0.011198 0.051014 0.268941
0 0.392621 0.337755 0.020992 0.051268 0.119203
0 0.398634 0.332152 0.018235 0.049794 0.017986
0 0.417804 0.329112 0.004939 0.043680 0.010987
0 0.289165 0.337045 0.103742 0.104249 0.006693
0 0.359002 0.334450 0.010085 0.049297 0.182426
0 0.379829 0.337250 0.009726 0.049779 0.268941
0 0.391602 0.337875 0.020012 0.050564 0.075858
0 0.396067 0.333110 0.023406 0.052427 0.010987
0 0.309529 0.338049 0.023050 0.106634 0.377541
0 0.308234 0.337262 0.028040 0.091318 0.047426
0 0.359683 0.337679 0.011455 0.055909 0.002473
0 0.381340 0.336417 0.012733 0.058368 0.001501
0 0.393123 0.338816 0.019633 0.052774 0.010987
0 0.302790 0.336805 0.046529 0.100643 0.002473
0 0.307570 0.342612 0.023546 0.112163 0.377541
0 0.308756 0.345878 0.024588 0.116013 0.268941
0 0.305481 0.357026 0.030267 0.160005 0.029312
0 0.307503 0.357311 0.025301 0.149335 0.075858
0 0.308763 0.362570 0.026793 0.163008 0.119203
0 0.061266 0.377075 0.025667 0.117375 0.001501
0 0.305751 0.362836 0.039963 0.186978 0.004070
0 0.308469 0.359911 0.029909 0.171880 0.029312
0 0.309481 0.361313 0.028062 0.168183 0.047426
1 0.739743 0.223830 0.161667 0.036229 0.001501
1 0.740660 0.226744 0.153188 0.036874 0.006693
1 0.745769 0.225858 0.139777 0.035100 0.010987
1 0.762745 0.228017 0.123030 0.034354 0.004070
1 0.781086 0.229148 0.158278 0.032119 0.002473
1 0.738528 0.227849 0.162817 0.039397 0.001501
1 0.741819 0.226741 0.151843 0.037047 0.004070
1 0.764385 0.228020 0.159520 0.034514 0.002473
1 0.809250 0.297658 0.191691 0.101162 0.002473
1 0.809460 0.297553 0.189171 0.104250 0.001501
1 0.023372 0.363854 0.046760 0.130267 0.006693
1 0.079155 0.353003 0.066706 0.067816 0.731059
1 0.079188 0.352122 0.066754 0.069736 0.622459
1 0.199920 0.341929 0.078762 0.049281 0.029312
1 0.198493 0.342122 0.078006 0.049655 0.731059
1 0.199167 0.342805 0.076704 0.051020 0.817575
1 0.199197 0.342775 0.076624 0.050981 0.880797
1 0.199215 0.342736 0.076581 0.050908 0.880797
1 0.200096 0.343250 0.074917 0.048453 0.004070
1 0.289736 0.335847 0.107577 0.102036 0.010987
1 0.289563 0.335887 0.107216 0.101946 0.047426
1 0.289670 0.336477 0.107458 0.099689 0.047426
1 0.289045 0.337828 0.109390 0.106009 0.017986
1 0.441005 0.336649 0.043071 0.035097 0.731059
1 0.441813 0.336646 0.044500 0.035075 0.622459
1 0.441809 0.336635 0.044652 0.035066 0.268941
1 0.470646 0.333291 0.030593 0.032125 0.268941
1 0.472823 0.333294 0.026356 0.032097 0.268941
1 0.026451 0.366889 0.053063 0.125941 0.377541
1 0.026646 0.370210 0.053306 0.113956 0.622459
1 0.025861 0.373073 0.051768 0.108280 0.377541
1 0.078309 0.353370 0.065360 0.068596 0.500000
1 0.080473 0.354030 0.067168 0.069871 0.500000
1 0.079165 0.354088 0.066719 0.069986 0.622459
1 0.079087 0.353476 0.066863 0.068717 0.731059
1 0.199922 0.341989 0.078444 0.049165 0.002473
1 0.198509 0.343690 0.077985 0.052773 0.731059
1 0.199196 0.342124 0.076613 0.049668 0.731059
1 0.199957 0.342796 0.075081 0.051007 0.817575
1 0.199209 0.342761 0.076633 0.050920 0.880797
1 0.289670 0.336465 0.107427 0.099615 0.017986
1 0.290638 0.335431 0.106288 0.101025 0.047426
1 0.290345 0.335590 0.105740 0.101353 0.029312
1 0.289165 0.337045 0.103742 0.104249 0.001501
1 0.391602 0.337875 0.020012 0.050564 0.001501
1 0.437627 0.334717 0.040759 0.039303 0.001501
1 0.441588 0.336700 0.044944 0.035016 0.817575
1 0.441043 0.337407 0.042964 0.033600 0.817575
1 0.440995 0.339095 0.043039 0.035306 0.731059
1 0.473103 0.335604 0.025755 0.032125 0.377541
1 0.473063 0.333700 0.025860 0.031422 0.377541
1 0.026549 0.366344 0.053146 0.123692 0.622459
1 0.026598 0.369744 0.053192 0.114746 0.731059
1 0.026557 0.373797 0.053165 0.106648 0.622459
1 0.025102 0.376668 0.053351 0.098844 0.047426
1 0.079164 0.355586 0.066766 0.072960 0.377541
1 0.079163 0.352774 0.066703 0.067308 0.622459
1 0.079169 0.352708 0.066695 0.067145 0.622459
1 0.079122 0.352206 0.066925 0.066164 0.622459
1 0.132035 0.377415 0.124151 0.088329 0.817575
1 0.131644 0.377394 0.124217 0.088274 0.817575
1 0.131242 0.378658 0.125021 0.085729 0.817575
1 0.199174 0.342857 0.076659 0.051080 0.731059
1 0.199177 0.343763 0.076648 0.049278 0.817575
1 0.289899 0.335487 0.107885 0.101567 0.119203
1 0.288601 0.335211 0.102211 0.100707 0.119203
1 0.025983 0.369758 0.051989 0.114952 0.622459
1 0.026684 0.372546 0.053365 0.107945 0.622459
1 0.025883 0.374571 0.051792 0.103888 0.731059
1 0.026527 0.378268 0.053466 0.094655 0.010987
1 0.131878 0.377425 0.123749 0.088234 0.817575
1 0.131529 0.376286 0.124446 0.085971 0.880797
1 0.130859 0.377419 0.125333 0.088226 0.924142
1 0.131248 0.376171 0.125119 0.091068 0.924142
1 0.025035 0.370322 0.050099 0.112598 0.010987
1 0.025996 0.374653 0.051938 0.105027 0.500000
1 0.025957 0.377501 0.051884 0.098073 0.047426
1 0.131208 0.377431 0.123941 0.088358 0.880797
1 0.131699 0.377428 0.124798 0.088198 0.880797
1 0.130564 0.376292 0.126377 0.085978 0.924142
1 0.008387 0.376020 0.016791 0.168532 0.004070
1 0.020574 0.379733 0.043978 0.105608 0.006693
1 0.029019 0.387129 0.046233 0.085209 0.001501
1 0.264275 0.632893 0.013531 0.020929 0.001501
2 0.026451 0.366889 0.053063 0.125941 0.001501
2 0.289670 0.336465 0.107427 0.099615 0.002473
2 0.290638 0.335431 0.106288 0.101025 0.004070
2 0.290345 0.335590 0.105740 0.101353 0.001501
2 0.289899 0.335487 0.107885 0.101567 0.004070
2 0.288601 0.335211 0.102211 0.100707 0.002473
3 0.289757 0.337696 0.108039 0.101927 0.004070
3 0.293574 0.329277 0.099682 0.092616 0.017986
3 0.289736 0.335847 0.107577 0.102036 0.880797
3 0.289563 0.335887 0.107216 0.101946 0.377541
3 0.289670 0.336477 0.107458 0.099689 0.622459
3 0.289045 0.337828 0.109390 0.106009 0.268941
3 0.295169 0.331591 0.096921 0.096950 0.002473
3 0.470646 0.333291 0.030593 0.032125 0.010987
3 0.472823 0.333294 0.026356 0.032097 0.006693
3 0.026451 0.366889 0.053063 0.125941 0.001501
3 0.289670 0.336465 0.107427 0.099615 0.731059
3 0.290638 0.335431 0.106288 0.101025 0.377541
3 0.290345 0.335590 0.105740 0.101353 0.817575
3 0.289165 0.337045 0.103742 0.104249 0.004070
3 0.298432 0.333177 0.088439 0.094555 0.002473
3 0.304471 0.328917 0.077668 0.086361 0.017986
3 0.473103 0.335604 0.025755 0.032125 0.002473
3 0.473063 0.333700 0.025860 0.031422 0.001501
3 0.735415 0.354746 0.067675 0.050244 0.001501
3 0.289899 0.335487 0.107885 0.101567 0.500000
3 0.288601 0.335211 0.102211 0.100707 0.500000
3 0.316417 0.334356 0.053952 0.081631 0.010987
3 0.756948 0.357492 0.107970 0.055588 0.001501
5 0.379052 0.335416 0.011198 0.051014 0.006693
5 0.392621 0.337755 0.020992 0.051268 0.182426
5 0.398634 0.332152 0.018235 0.049794 0.002473
5 0.289165 0.337045 0.103742 0.104249 0.001501
5 0.379829 0.337250 0.009726 0.049779 0.029312
5 0.391602 0.337875 0.020012 0.050564 0.500000
5 0.396067 0.333110 0.023406 0.052427 0.017986
5 0.393123 0.338816 0.019633 0.052774 0.006693
5 0.008387 0.376020 0.016791 0.168532 0.001501
