0 0.841784 0.331019 0.021625 0.157271 0.001501
0 0.131838 0.312526 0.017459 0.065762 0.001501
0 0.153936 0.327552 0.017368 0.106573 0.001501
0 0.364023 0.329623 0.022355 0.102397 0.047426
0 0.365139 0.329282 0.020115 0.101101 0.075858
0 0.365087 0.321804 0.035462 0.089101 0.004070
0 0.003877 0.331354 0.007764 0.087171 0.004070
0 0.106247 0.317727 0.009497 0.042691 0.010987
0 0.130470 0.317308 0.017216 0.065045 0.047426
0 0.150000 0.331652 0.024377 0.086130 0.001501
0 0.155028 0.337576 0.018065 0.092005 0.622459
0 0.363176 0.330142 0.020603 0.094981 0.268941
0 0.364646 0.328364 0.021106 0.093242 0.377541
0 0.365697 0.323921 0.034160 0.080006 0.017986
0 0.409897 0.320608 0.016943 0.065436 0.001501
0 0.417998 0.305835 0.011062 0.033906 0.006693
0 0.002836 0.340534 0.008736 0.061327 0.006693
0 0.106253 0.319970 0.009483 0.039001 0.010987
0 0.129635 0.320754 0.015873 0.068544 0.029312
0 0.153123 0.333748 0.022415 0.084752 0.001501
0 0.155018 0.337950 0.018084 0.092715 0.622459
0 0.159427 0.337066 0.022351 0.091395 0.004070
0 0.362992 0.330941 0.018060 0.098155 0.268941
0 0.363138 0.329728 0.018105 0.095834 0.377541
0 0.366467 0.328626 0.034366 0.075505 0.010987
0 0.510480 0.321136 0.038467 0.125380 0.029312
0 0.565586 0.331960 0.009315 0.033912 0.006693
0 0.587665 0.345304 0.014027 0.060799 0.182426
0 0.588987 0.343330 0.016285 0.061975 0.268941
0 0.841812 0.342835 0.028044 0.179545 0.006693
0 0.842855 0.348402 0.027558 0.191110 0.029312
0 0.003424 0.342846 0.006851 0.062041 0.010987
0 0.106273 0.327968 0.009508 0.048935 0.002473
0 0.130326 0.325858 0.017643 0.078821 0.017986
0 0.155013 0.338992 0.018070 0.094698 0.500000
0 0.158124 0.341972 0.024423 0.095242 0.004070
0 0.363188 0.329468 0.020628 0.096471 0.268941
0 0.363925 0.329776 0.019217 0.095915 0.377541
0 0.370472 0.333353 0.033234 0.066748 0.002473
0 0.432242 0.350870 0.039895 0.071769 0.001501
0 0.507259 0.325465 0.036565 0.120143 0.010987
0 0.507911 0.323980 0.031105 0.131766 0.119203
0 0.522647 0.323236 0.061837 0.077465 0.002473
0 0.567531 0.333528 0.007018 0.031753 0.004070
0 0.587715 0.347284 0.014859 0.069758 0.268941
0 0.588266 0.346933 0.015554 0.069420 0.268941
0 0.842549 0.345984 0.029465 0.182590 0.017986
0 0.842295 0.347049 0.028649 0.194384 0.029312
0 0.003610 0.350893 0.007231 0.074918 0.006693
0 0.128584 0.332448 0.018403 0.087909 0.004070
0 0.155692 0.338835 0.019496 0.094459 0.500000
0 0.158367 0.342650 0.022757 0.095873 0.006693
0 0.298943 0.354280 0.040360 0.063872 0.001501
0 0.363293 0.329620 0.020827 0.096670 0.182426
0 0.363920 0.329833 0.019212 0.095985 0.377541
0 0.378425 0.338206 0.024381 0.071444 0.002473
0 0.432459 0.355842 0.024164 0.070124 0.001501
0 0.507653 0.327798 0.034635 0.124644 0.010987
0 0.507707 0.326382 0.031411 0.128729 0.047426
0 0.508832 0.328092 0.032360 0.118306 0.119203
0 0.587662 0.347956 0.014020 0.071262 0.268941
0 0.588264 0.347385 0.015552 0.075174 0.268941
0 0.842498 0.343906 0.029528 0.194122 0.029312
0 0.842406 0.345294 0.028868 0.196214 0.017986
0 0.843613 0.349485 0.028271 0.188215 0.001501
0 0.004847 0.350824 0.009716 0.081778 0.002473
0 0.156250 0.340462 0.020548 0.097580 0.119203
0 0.159087 0.341690 0.024104 0.095271 0.002473
0 0.284799 0.364035 0.013976 0.081606 0.010987
0 0.300332 0.358808 0.042474 0.078546 0.006693
0 0.306919 0.357475 0.040548 0.074367 0.002473
0 0.364925 0.337524 0.024398 0.112553 0.010987
0 0.366236 0.337465 0.023534 0.112471 0.017986
0 0.381405 0.354158 0.017577 0.084968 0.001501
0 0.508097 0.330626 0.034940 0.122600 0.002473
0 0.508294 0.329283 0.033363 0.124010 0.047426
0 0.509166 0.330742 0.031734 0.121449 0.047426
0 0.587612 0.348831 0.015774 0.078315 0.010987
0 0.587597 0.349365 0.016910 0.080049 0.029312
0 0.842648 0.343770 0.029609 0.198626 0.010987
0 0.842000 0.344855 0.030768 0.200105 0.010987
0 0.843426 0.347598 0.028645 0.195773 0.017986
0 0.841858 0.344539 0.030762 0.197384 0.029312
0 0.841829 0.347646 0.030320 0.191218 0.029312
0 0.842308 0.349287 0.030244 0.190551 0.029312
1 0.003877 0.331354 0.007764 0.087171 0.004070
1 0.365697 0.323921 0.034160 0.080006 0.006693
1 0.750242 0.316049 0.030593 0.043725 0.001501
1 0.002836 0.340534 0.008736 0.061327 0.004070
1 0.012379 0.336328 0.024377 0.056292 0.002473
1 0.295945 0.348660 0.051819 0.059609 0.004070
1 0.300598 0.348187 0.040428 0.053737 0.119203
1 0.301104 0.348137 0.041913 0.053620 0.075858
1 0.316672 0.348183 0.076096 0.053761 0.029312
1 0.366467 0.328626 0.034366 0.075505 0.017986
1 0.433183 0.333662 0.041259 0.042455 0.002473
1 0.431720 0.338550 0.046735 0.052180 0.004070
1 0.588987 0.343330 0.016285 0.061975 0.004070
1 0.612937 0.333954 0.034429 0.030527 0.006693
1 0.621336 0.335173 0.036252 0.032897 0.002473
1 0.628881 0.335384 0.045273 0.037542 0.006693
1 0.631232 0.335244 0.043839 0.032685 0.002473
1 0.781281 0.322668 0.035330 0.037354 0.001501
1 0.787942 0.320535 0.034120 0.025838 0.017986
1 0.788561 0.319224 0.033163 0.023197 0.017986
1 0.793347 0.320226 0.030739 0.026630 0.004070
1 0.003424 0.342846 0.006851 0.062041 0.002473
1 0.300707 0.350992 0.044082 0.059733 0.047426
1 0.300663 0.348600 0.040818 0.053004 0.182426
1 0.303639 0.348251 0.048560 0.053477 0.075858
1 0.313974 0.348580 0.069092 0.052952 0.047426
1 0.316923 0.350084 0.077091 0.055420 0.017986
1 0.324626 0.349443 0.086062 0.057665 0.001501
1 0.370472 0.333353 0.033234 0.066748 0.004070
1 0.399415 0.345926 0.020324 0.044742 0.004070
1 0.402081 0.346493 0.017932 0.043595 0.004070
1 0.421807 0.345761 0.046621 0.058483 0.001501
1 0.431317 0.348854 0.048227 0.067785 0.001501
1 0.588266 0.346933 0.015554 0.069420 0.004070
1 0.622040 0.341211 0.036544 0.026091 0.119203
1 0.623289 0.342478 0.034855 0.023547 0.622459
1 0.623916 0.342620 0.036118 0.028376 0.622459
1 0.635210 0.340384 0.037589 0.027647 0.182426
1 0.298943 0.354280 0.040360 0.063872 0.010987
1 0.301804 0.348405 0.043022 0.053436 0.119203
1 0.308915 0.348300 0.057359 0.053502 0.075858
1 0.316406 0.348319 0.076424 0.053551 0.047426
1 0.317792 0.349374 0.078728 0.056861 0.017986
1 0.399934 0.347039 0.017134 0.046369 0.001501
1 0.754129 0.373346 0.027633 0.056305 0.004070
1 0.757431 0.377049 0.019947 0.051996 0.006693
1 0.760223 0.375950 0.018385 0.054796 0.002473
1 0.754634 0.375250 0.025029 0.051744 0.006693
1 0.758239 0.376928 0.018217 0.051564 0.010987
1 0.760548 0.376383 0.018396 0.053603 0.001501
2 0.064110 0.296575 0.073656 0.046555 0.001501
2 0.066503 0.298293 0.071501 0.050188 0.002473
2 0.066362 0.297266 0.072422 0.047933 0.002473
2 0.532922 0.330367 0.048605 0.061918 0.001501
2 0.750242 0.316049 0.030593 0.043725 0.002473
2 0.621336 0.335173 0.036252 0.032897 0.006693
2 0.628881 0.335384 0.045273 0.037542 0.006693
2 0.631232 0.335244 0.043839 0.032685 0.004070
2 0.748373 0.319357 0.035381 0.050312 0.001501
2 0.749683 0.320645 0.033894 0.048283 0.001501
2 0.787942 0.320535 0.034120 0.025838 0.002473
2 0.788561 0.319224 0.033163 0.023197 0.002473
2 0.635210 0.340384 0.037589 0.027647 0.001501
3 0.492597 0.304686 0.079626 0.109931 0.001501
3 0.492304 0.309311 0.079843 0.119182 0.002473
3 0.498326 0.310541 0.091789 0.116352 0.004070
3 0.521463 0.313318 0.065700 0.109158 0.004070
3 0.525091 0.311197 0.065364 0.104825 0.017986
3 0.525714 0.309121 0.067540 0.102672 0.001501
3 0.058679 0.299579 0.087369 0.048158 0.006693
3 0.063451 0.298673 0.080761 0.046511 0.001501
3 0.491318 0.309343 0.097771 0.124736 0.010987
3 0.494767 0.313707 0.096181 0.122569 0.017986
3 0.518265 0.314715 0.075140 0.114481 0.017986
3 0.523198 0.315879 0.065010 0.112643 0.182426
3 0.523642 0.312876 0.066031 0.105272 0.182426
3 0.523277 0.312349 0.066273 0.101355 0.268941
3 0.524512 0.312480 0.069691 0.097356 0.010987
3 0.061460 0.299110 0.082378 0.047674 0.002473
3 0.063798 0.296976 0.077784 0.047198 0.001501
3 0.066362 0.297266 0.072422 0.047933 0.001501
3 0.177185 0.311520 0.054392 0.064074 0.001501
3 0.365697 0.323921 0.034160 0.080006 0.004070
3 0.483260 0.321270 0.111305 0.114273 0.010987
3 0.492879 0.320936 0.107617 0.108532 0.017986
3 0.518764 0.318089 0.060308 0.113940 0.010987
3 0.523048 0.319223 0.064492 0.120459 0.075858
3 0.523362 0.315376 0.065347 0.098630 0.377541
3 0.522286 0.326694 0.066799 0.072040 0.500000
3 0.526299 0.330345 0.059916 0.064228 0.500000
3 0.532922 0.330367 0.048605 0.061918 0.017986
3 0.692062 0.303433 0.075611 0.033530 0.002473
3 0.695230 0.305017 0.082940 0.032189 0.002473
3 0.734236 0.316652 0.063455 0.045109 0.001501
3 0.750242 0.316049 0.030593 0.043725 0.001501
3 0.174637 0.312564 0.058771 0.059763 0.002473
3 0.235677 0.357405 0.086665 0.091070 0.002473
3 0.238104 0.358176 0.093487 0.092567 0.006693
3 0.240039 0.358412 0.092695 0.093738 0.004070
3 0.295945 0.348660 0.051819 0.059609 0.002473
3 0.300598 0.348187 0.040428 0.053737 0.002473
3 0.301104 0.348137 0.041913 0.053620 0.004070
3 0.316672 0.348183 0.076096 0.053761 0.004070
3 0.321286 0.348931 0.082568 0.057554 0.001501
3 0.366467 0.328626 0.034366 0.075505 0.002473
3 0.470657 0.342894 0.119555 0.075590 0.004070
3 0.489353 0.337562 0.096178 0.077467 0.004070
3 0.523474 0.325911 0.064392 0.074348 0.377541
3 0.522034 0.328721 0.067997 0.064593 0.500000
3 0.527483 0.329704 0.057103 0.062330 0.500000
3 0.536235 0.328053 0.041271 0.058011 0.017986
3 0.612937 0.333954 0.034429 0.030527 0.002473
3 0.621336 0.335173 0.036252 0.032897 0.002473
3 0.628881 0.335384 0.045273 0.037542 0.002473
3 0.631232 0.335244 0.043839 0.032685 0.002473
3 0.748373 0.319357 0.035381 0.050312 0.001501
3 0.787942 0.320535 0.034120 0.025838 0.002473
3 0.788561 0.319224 0.033163 0.023197 0.001501
3 0.235218 0.357908 0.083855 0.096037 0.001501
3 0.238739 0.360249 0.093339 0.092208 0.047426
3 0.239256 0.360950 0.093416 0.091891 0.182426
3 0.239376 0.359913 0.095168 0.094014 0.075858
3 0.238236 0.358440 0.093043 0.098847 0.119203
3 0.242403 0.361032 0.095537 0.086034 0.001501
3 0.300707 0.350992 0.044082 0.059733 0.002473
3 0.300663 0.348600 0.040818 0.053004 0.004070
3 0.303639 0.348251 0.048560 0.053477 0.010987
3 0.313974 0.348580 0.069092 0.052952 0.006693
3 0.316923 0.350084 0.077091 0.055420 0.017986
3 0.324626 0.349443 0.086062 0.057665 0.010987
3 0.522647 0.323236 0.061837 0.077465 0.029312
3 0.528178 0.328776 0.055699 0.064207 0.377541
3 0.531465 0.329709 0.049586 0.062264 0.377541
3 0.538830 0.329083 0.037900 0.060038 0.006693
3 0.635210 0.340384 0.037589 0.027647 0.004070
3 0.237764 0.357782 0.090012 0.097117 0.002473
3 0.239226 0.359098 0.094251 0.096461 0.075858
3 0.239159 0.361016 0.092924 0.094438 0.075858
3 0.238527 0.360336 0.091634 0.093912 0.047426
3 0.237745 0.358259 0.093232 0.100368 0.119203
3 0.239986 0.361039 0.094654 0.092493 0.006693
3 0.298943 0.354280 0.040360 0.063872 0.001501
3 0.301804 0.348405 0.043022 0.053436 0.001501
3 0.308915 0.348300 0.057359 0.053502 0.004070
3 0.316406 0.348319 0.076424 0.053551 0.006693
3 0.317792 0.349374 0.078728 0.056861 0.010987
3 0.322829 0.348903 0.078851 0.064361 0.001501
3 0.757431 0.377049 0.019947 0.051996 0.001501
3 0.237268 0.355426 0.088809 0.103168 0.004070
3 0.241307 0.357713 0.086975 0.099219 0.010987
3 0.239443 0.356504 0.093162 0.101661 0.047426
3 0.239986 0.355496 0.095524 0.103699 0.029312
3 0.242705 0.356430 0.087753 0.102089 0.006693
4 0.399415 0.345926 0.020324 0.044742 0.001501
5 0.003877 0.331354 0.007764 0.087171 0.002473
5 0.002836 0.340534 0.008736 0.061327 0.001501
5 0.401544 0.343113 0.016471 0.053159 0.001501
5 0.588987 0.343330 0.016285 0.061975 0.006693
5 0.003424 0.342846 0.006851 0.062041 0.001501
5 0.399415 0.345926 0.020324 0.044742 0.001501
5 0.402081 0.346493 0.017932 0.043595 0.001501
5 0.587715 0.347284 0.014859 0.069758 0.002473
5 0.588266 0.346933 0.015554 0.069420 0.006693
