0 0.563850 0.321334 0.020317 0.096773 0.002473
0 0.565267 0.317973 0.018158 0.089357 0.010987
0 0.820445 0.336122 0.017540 0.119002 0.002473
0 0.279734 0.325451 0.012686 0.062516 0.004070
0 0.471906 0.321408 0.013126 0.046318 0.075858
0 0.480385 0.325102 0.014268 0.057434 0.047426
0 0.563989 0.325087 0.018490 0.085409 0.017986
0 0.579345 0.318612 0.047021 0.088845 0.002473
0 0.821954 0.347354 0.015901 0.117080 0.268941
0 0.822805 0.348140 0.018156 0.119902 0.004070
0 0.245791 0.336523 0.008689 0.035473 0.001501
0 0.257889 0.337246 0.006277 0.033817 0.002473
0 0.265286 0.335891 0.011521 0.031084 0.001501
0 0.279681 0.325662 0.012685 0.063084 0.004070
0 0.470846 0.328835 0.018265 0.054618 0.047426
0 0.476827 0.335325 0.018390 0.070386 0.047426
0 0.565152 0.334825 0.019720 0.069191 0.010987
0 0.633517 0.344519 0.011305 0.055327 0.006693
0 0.642970 0.341718 0.011036 0.042618 0.006693
0 0.821926 0.348698 0.015843 0.124128 0.500000
0 0.822743 0.349509 0.017774 0.122706 0.010987
0 0.105638 0.338355 0.021359 0.042347 0.001501
0 0.259102 0.337758 0.006891 0.032921 0.004070
0 0.265289 0.336093 0.011538 0.031444 0.002473
0 0.279695 0.328196 0.012609 0.067607 0.006693
0 0.292949 0.330856 0.011145 0.057634 0.001501
0 0.470774 0.337927 0.037247 0.068632 0.017986
0 0.471500 0.337582 0.035924 0.069792 0.029312
0 0.566666 0.336275 0.022741 0.072603 0.047426
0 0.583460 0.336467 0.055564 0.061139 0.002473
0 0.632722 0.346257 0.009715 0.052193 0.010987
0 0.643728 0.343873 0.012602 0.039093 0.017986
0 0.820747 0.349142 0.016547 0.120663 0.500000
0 0.822783 0.348875 0.017679 0.120542 0.010987
0 0.094524 0.341818 0.023796 0.053499 0.002473
0 0.102751 0.341946 0.011591 0.053172 0.017986
0 0.469166 0.338691 0.037655 0.067773 0.004070
0 0.470013 0.339372 0.035497 0.071443 0.017986
0 0.517532 0.345408 0.024610 0.059278 0.004070
0 0.547708 0.340434 0.020112 0.064177 0.001501
0 0.566627 0.333629 0.025362 0.088525 0.047426
0 0.567494 0.336322 0.023265 0.077999 0.182426
0 0.632019 0.349474 0.010994 0.056522 0.006693
0 0.643619 0.345665 0.012858 0.041075 0.001501
0 0.821914 0.348962 0.015794 0.125200 0.377541
0 0.822802 0.347795 0.017634 0.123526 0.017986
0 0.567603 0.339732 0.024042 0.105019 0.001501
0 0.821930 0.348024 0.015827 0.127082 0.377541
0 0.822920 0.349673 0.017858 0.123626 0.010987
0 0.821448 0.346641 0.017987 0.130627 0.182426
1 0.005619 0.328156 0.014312 0.064306 0.004070
1 0.110587 0.318029 0.035642 0.071439 0.004070
1 0.115635 0.314354 0.038730 0.060279 0.001501
1 0.007238 0.334189 0.014491 0.056912 0.017986
1 0.015854 0.332623 0.028644 0.047228 0.010987
1 0.033378 0.334442 0.047648 0.040502 0.004070
1 0.064569 0.340465 0.051506 0.046352 0.622459
1 0.065899 0.341659 0.050829 0.045111 0.500000
1 0.065521 0.339811 0.047916 0.049556 0.622459
1 0.065639 0.339621 0.048136 0.049178 0.500000
1 0.097476 0.335980 0.020856 0.041966 0.017986
1 0.111260 0.334547 0.027464 0.039133 0.029312
1 0.112345 0.333222 0.025783 0.031966 0.029312
1 0.131928 0.323257 0.017207 0.026745 0.029312
1 0.137038 0.332507 0.024313 0.045726 0.002473
1 0.403042 0.346129 0.049692 0.051533 0.002473
1 0.422139 0.345734 0.084517 0.053254 0.622459
1 0.422943 0.344827 0.087544 0.055047 0.731059
1 0.423488 0.342574 0.087089 0.055093 0.731059
1 0.424081 0.342674 0.087084 0.050761 0.268941
1 0.456629 0.339484 0.023348 0.044360 0.075858
1 0.494329 0.342553 0.067646 0.050720 0.017986
1 0.501791 0.342503 0.055929 0.050427 0.017986
1 0.530273 0.341155 0.086778 0.057556 0.010987
1 0.532601 0.341078 0.092123 0.057710 0.017986
1 0.535303 0.340866 0.093431 0.057691 0.010987
1 0.585038 0.334839 0.058327 0.056581 0.047426
1 0.586383 0.334984 0.060252 0.054695 0.001501
1 0.007648 0.335505 0.015344 0.062977 0.010987
1 0.016843 0.335304 0.033703 0.053769 0.017986
1 0.033149 0.336149 0.039703 0.042947 0.002473
1 0.065657 0.340753 0.050725 0.046956 0.500000
1 0.065633 0.340960 0.050385 0.047303 0.622459
1 0.065167 0.340761 0.049442 0.046946 0.731059
1 0.066046 0.340948 0.047435 0.047289 0.622459
1 0.096727 0.337502 0.023364 0.044335 0.029312
1 0.105638 0.338355 0.021359 0.042347 0.010987
1 0.112044 0.335855 0.026255 0.036875 0.029312
1 0.133291 0.335360 0.020048 0.055966 0.002473
1 0.404250 0.348208 0.049066 0.053251 0.010987
1 0.418979 0.347748 0.079869 0.054438 0.119203
1 0.421580 0.345759 0.085086 0.053305 0.817575
1 0.422368 0.343747 0.086556 0.052878 0.817575
1 0.423366 0.344854 0.086834 0.055126 0.731059
1 0.423622 0.342683 0.088463 0.050779 0.377541
1 0.456175 0.340290 0.025734 0.045665 0.075858
1 0.470774 0.337927 0.037247 0.068632 0.017986
1 0.471500 0.337582 0.035924 0.069792 0.010987
1 0.490706 0.345762 0.071656 0.053179 0.047426
1 0.495217 0.344524 0.066671 0.050442 0.017986
1 0.513142 0.343689 0.072726 0.057382 0.004070
1 0.532724 0.342175 0.089983 0.060107 0.002473
1 0.546041 0.339633 0.069756 0.060829 0.002473
1 0.566666 0.336275 0.022741 0.072603 0.001501
1 0.583460 0.336467 0.055564 0.061139 0.029312
1 0.679018 0.350144 0.036124 0.024029 0.817575
1 0.679792 0.349467 0.034618 0.027182 0.817575
1 0.679038 0.350601 0.036172 0.024923 0.817575
1 0.006476 0.340184 0.012971 0.081353 0.004070
1 0.015573 0.341402 0.031005 0.074507 0.006693
1 0.065825 0.341752 0.050537 0.048864 0.119203
1 0.065011 0.341465 0.049099 0.048225 0.119203
1 0.065567 0.341467 0.047835 0.048236 0.004070
1 0.094524 0.341818 0.023796 0.053499 0.001501
1 0.402350 0.348385 0.045279 0.053462 0.002473
1 0.416487 0.346972 0.074951 0.051037 0.001501
1 0.420726 0.346179 0.083376 0.057689 0.622459
1 0.422848 0.344908 0.085940 0.055145 0.622459
1 0.423290 0.344901 0.088021 0.055170 0.731059
1 0.423827 0.343779 0.087096 0.052922 0.029312
1 0.458809 0.343245 0.020243 0.050364 0.017986
1 0.469166 0.338691 0.037655 0.067773 0.017986
1 0.470013 0.339372 0.035497 0.071443 0.002473
1 0.489223 0.346498 0.070678 0.057097 0.010987
1 0.496241 0.346745 0.065128 0.056661 0.006693
1 0.821448 0.346641 0.017987 0.130627 0.001501
2 0.355078 0.341505 0.052476 0.072168 0.004070
2 0.494329 0.342553 0.067646 0.050720 0.001501
2 0.501791 0.342503 0.055929 0.050427 0.004070
2 0.530273 0.341155 0.086778 0.057556 0.004070
2 0.532601 0.341078 0.092123 0.057710 0.004070
2 0.535303 0.340866 0.093431 0.057691 0.002473
2 0.354276 0.343527 0.054047 0.068120 0.002473
2 0.495217 0.344524 0.066671 0.050442 0.001501
2 0.513142 0.343689 0.072726 0.057382 0.002473
2 0.532724 0.342175 0.089983 0.060107 0.004070
2 0.353356 0.345195 0.055988 0.064924 0.002473
3 0.542162 0.320738 0.081030 0.097449 0.001501
3 0.583675 0.318419 0.055760 0.082563 0.004070
3 0.354734 0.337058 0.051864 0.075205 0.002473
3 0.355156 0.337173 0.050345 0.075427 0.017986
3 0.353389 0.336177 0.050776 0.077671 0.010987
3 0.532842 0.332363 0.096673 0.074620 0.001501
3 0.533547 0.332400 0.096225 0.074635 0.004070
3 0.579345 0.318612 0.047021 0.088845 0.004070
3 0.583602 0.327441 0.060408 0.069920 0.029312
3 0.584459 0.328043 0.061996 0.066209 0.006693
3 0.585631 0.329191 0.060909 0.063951 0.001501
3 0.007238 0.334189 0.014491 0.056912 0.001501
3 0.131928 0.323257 0.017207 0.026745 0.004070
3 0.137038 0.332507 0.024313 0.045726 0.001501
3 0.338035 0.337990 0.094841 0.074458 0.004070
3 0.355078 0.341505 0.052476 0.072168 0.377541
3 0.354896 0.341329 0.051668 0.072632 0.182426
3 0.354350 0.343050 0.052769 0.069150 0.075858
3 0.354293 0.340586 0.053457 0.068609 0.075858
3 0.494329 0.342553 0.067646 0.050720 0.001501
3 0.501791 0.342503 0.055929 0.050427 0.004070
3 0.530273 0.341155 0.086778 0.057556 0.006693
3 0.532601 0.341078 0.092123 0.057710 0.047426
3 0.535303 0.340866 0.093431 0.057691 0.017986
3 0.585038 0.334839 0.058327 0.056581 0.500000
3 0.585140 0.334965 0.060623 0.054739 0.731059
3 0.584844 0.334907 0.061171 0.054680 0.817575
3 0.586383 0.334984 0.060252 0.054695 0.880797
3 0.343580 0.344884 0.081896 0.060548 0.001501
3 0.354276 0.343527 0.054047 0.068120 0.268941
3 0.354325 0.343628 0.052821 0.068008 0.182426
3 0.354475 0.345014 0.052588 0.065361 0.119203
3 0.354523 0.343436 0.053653 0.062965 0.075858
3 0.490706 0.345762 0.071656 0.053179 0.002473
3 0.495217 0.344524 0.066671 0.050442 0.001501
3 0.513142 0.343689 0.072726 0.057382 0.002473
3 0.532724 0.342175 0.089983 0.060107 0.010987
3 0.546041 0.339633 0.069756 0.060829 0.004070
3 0.583460 0.336467 0.055564 0.061139 0.075858
3 0.585412 0.334191 0.060186 0.053501 0.731059
3 0.585477 0.333999 0.059966 0.056400 0.622459
3 0.585832 0.334479 0.059235 0.057359 0.817575
3 0.353356 0.345195 0.055988 0.064924 0.075858
3 0.354949 0.345136 0.053778 0.065045 0.075858
3 0.354393 0.347783 0.052296 0.059695 0.029312
3 0.355146 0.345786 0.054132 0.063821 0.029312
3 0.585492 0.335815 0.057728 0.060936 0.010987
3 0.584680 0.336446 0.061698 0.058329 0.004070
4 0.458809 0.343245 0.020243 0.050364 0.001501
4 0.469166 0.338691 0.037655 0.067773 0.002473
4 0.470013 0.339372 0.035497 0.071443 0.001501
5 0.131928 0.323257 0.017207 0.026745 0.001501
5 0.105638 0.338355 0.021359 0.042347 0.004070
5 0.470774 0.337927 0.037247 0.068632 0.004070
5 0.471500 0.337582 0.035924 0.069792 0.002473
5 0.643728 0.343873 0.012602 0.039093 0.002473
5 0.094524 0.341818 0.023796 0.053499 0.002473
5 0.102751 0.341946 0.011591 0.053172 0.004070
5 0.133760 0.341464 0.020664 0.062392 0.002473
5 0.458809 0.343245 0.020243 0.050364 0.001501
5 0.469166 0.338691 0.037655 0.067773 0.002473
5 0.470013 0.339372 0.035497 0.071443 0.002473
5 0.517532 0.345408 0.024610 0.059278 0.002473
5 0.567494 0.336322 0.023265 0.077999 0.006693
