0 0.080265 0.328771 0.023786 0.183418 0.004070
0 0.003108 0.328720 0.009364 0.121705 0.006693
0 0.017591 0.333601 0.018421 0.139477 0.119203
0 0.042475 0.338454 0.019952 0.135463 0.377541
0 0.054113 0.338019 0.024607 0.137021 0.002473
0 0.069254 0.334030 0.015016 0.179412 0.004070
0 0.465332 0.289756 0.011472 0.073767 0.002473
0 0.002828 0.322135 0.008766 0.100617 0.010987
0 0.016825 0.336114 0.016771 0.147262 0.268941
0 0.039840 0.337407 0.020192 0.143155 0.004070
0 0.043135 0.338323 0.017329 0.140341 0.622459
0 0.050870 0.338752 0.025065 0.126230 0.006693
0 0.076571 0.333319 0.020460 0.181747 0.002473
0 0.230700 0.318678 0.005691 0.040951 0.001501
0 0.464859 0.294472 0.012686 0.063915 0.001501
0 0.857893 0.337907 0.012745 0.079292 0.119203
0 0.865325 0.340704 0.011467 0.082222 0.500000
0 0.877704 0.337692 0.011695 0.079528 0.017986
0 0.003424 0.324592 0.006871 0.096038 0.010987
0 0.016768 0.338998 0.016584 0.150374 0.268941
0 0.040295 0.338387 0.020001 0.135419 0.010987
0 0.041787 0.338442 0.016694 0.135666 0.377541
0 0.050460 0.338701 0.025186 0.121848 0.010987
0 0.230720 0.320161 0.005688 0.037074 0.001501
0 0.243745 0.324957 0.006782 0.030234 0.002473
0 0.254631 0.324050 0.006232 0.028277 0.017986
0 0.269271 0.321708 0.005738 0.028621 0.004070
0 0.279356 0.318356 0.005705 0.030254 0.010987
0 0.464778 0.303617 0.012538 0.046260 0.002473
0 0.832121 0.341239 0.008579 0.052901 0.002473
0 0.844433 0.339009 0.008138 0.053047 0.268941
0 0.855486 0.340491 0.011165 0.074101 0.268941
0 0.865298 0.340021 0.011557 0.083435 0.377541
0 0.877398 0.344685 0.010701 0.070369 0.268941
0 0.003962 0.327825 0.007963 0.102181 0.002473
0 0.015978 0.337701 0.015075 0.148140 0.182426
0 0.040413 0.336976 0.019526 0.142421 0.006693
0 0.041772 0.337675 0.016601 0.139119 0.377541
0 0.050346 0.343698 0.025222 0.111043 0.004070
0 0.081220 0.343241 0.028079 0.207194 0.001501
0 0.083817 0.343888 0.032428 0.215278 0.731059
0 0.083327 0.343013 0.030376 0.217160 0.817575
0 0.844443 0.339833 0.008139 0.049669 0.268941
0 0.854792 0.339613 0.009745 0.070802 0.377541
0 0.865970 0.340013 0.010171 0.083378 0.377541
0 0.876498 0.342523 0.011409 0.075286 0.377541
0 0.006019 0.334012 0.009001 0.121826 0.002473
0 0.015892 0.341135 0.015186 0.154984 0.119203
0 0.040134 0.337190 0.019704 0.138465 0.004070
0 0.042268 0.338041 0.015495 0.134636 0.377541
0 0.050197 0.347388 0.028202 0.107320 0.004070
0 0.083822 0.344030 0.032428 0.214706 0.731059
0 0.083813 0.344819 0.032430 0.217028 0.817575
0 0.845197 0.341045 0.009672 0.052076 0.119203
0 0.855575 0.341106 0.008130 0.072905 0.377541
0 0.865851 0.339384 0.012579 0.084642 0.500000
0 0.876381 0.341957 0.012750 0.079847 0.268941
0 0.006633 0.345266 0.010278 0.158282 0.001501
0 0.016390 0.340718 0.014286 0.152092 0.047426
0 0.037893 0.339601 0.020685 0.138949 0.001501
0 0.041496 0.339842 0.014056 0.133010 0.377541
0 0.051111 0.346033 0.026619 0.110214 0.006693
0 0.083818 0.344404 0.032424 0.214279 0.622459
0 0.084507 0.345730 0.034088 0.215395 0.817575
0 0.869609 0.341396 0.014270 0.089301 0.002473
0 0.877674 0.344485 0.014044 0.087001 0.010987
0 0.017013 0.342443 0.016685 0.149962 0.004070
0 0.042365 0.344921 0.015696 0.134570 0.029312
0 0.084099 0.347161 0.031894 0.212541 0.622459
0 0.084297 0.347607 0.034569 0.216277 0.731059
0 0.085147 0.345799 0.032966 0.215320 0.731059
0 0.085789 0.344355 0.034322 0.214642 0.622459
1 0.173775 0.327902 0.041702 0.052413 0.006693
1 0.173157 0.329162 0.042926 0.054922 0.006693
1 0.364429 0.316871 0.093096 0.069473 0.817575
1 0.364495 0.318411 0.092965 0.071497 0.817575
1 0.365253 0.317162 0.094475 0.068893 0.924142
1 0.172861 0.329818 0.042698 0.053839 0.817575
1 0.173759 0.329872 0.041716 0.053724 0.880797
1 0.173772 0.329886 0.041755 0.053674 0.817575
1 0.174082 0.328392 0.042324 0.051586 0.731059
1 0.209938 0.327663 0.016971 0.021171 0.004070
1 0.212958 0.328626 0.016236 0.019177 0.004070
1 0.365695 0.315608 0.096722 0.067506 0.817575
1 0.364429 0.316812 0.093092 0.069610 0.880797
1 0.364958 0.317154 0.095142 0.068928 0.924142
1 0.365195 0.316022 0.094628 0.066667 0.924142
1 0.731629 0.338344 0.051498 0.047107 0.004070
1 0.732362 0.340263 0.050605 0.045942 0.880797
1 0.732118 0.339077 0.050006 0.048134 0.880797
1 0.732362 0.337789 0.050600 0.050599 0.817575
1 0.732182 0.339133 0.051127 0.048200 0.731059
1 0.173987 0.329832 0.042246 0.053806 0.817575
1 0.173775 0.329858 0.041748 0.053743 0.880797
1 0.173093 0.328552 0.043115 0.051241 0.880797
1 0.174077 0.329785 0.042332 0.053888 0.817575
1 0.364598 0.316864 0.092718 0.069541 0.924142
1 0.364653 0.316815 0.092728 0.069623 0.924142
1 0.365228 0.316821 0.094591 0.069645 0.924142
1 0.731778 0.338782 0.051510 0.047470 0.010987
1 0.732184 0.339363 0.050850 0.048646 0.817575
1 0.731965 0.339349 0.050305 0.048607 0.817575
1 0.732184 0.339064 0.050956 0.048051 0.880797
1 0.732181 0.339058 0.051129 0.048069 0.817575
1 0.732328 0.340011 0.050408 0.049906 0.002473
2 0.586328 0.295209 0.153452 0.070526 0.002473
2 0.590160 0.295517 0.127290 0.065082 0.001501
5 0.050346 0.343698 0.025222 0.111043 0.001501
5 0.050197 0.347388 0.028202 0.107320 0.001501
5 0.805209 0.353442 0.018812 0.048814 0.002473
5 0.834432 0.346291 0.013268 0.041613 0.002473
