0 0.487681 0.321714 0.034884 0.094656 0.001501
0 0.681964 0.289498 0.016873 0.032625 0.002473
0 0.763280 0.314991 0.023509 0.083581 0.622459
0 0.763214 0.315052 0.020536 0.083375 0.622459
0 0.993605 0.314341 0.012896 0.165045 0.001501
0 0.578376 0.315016 0.015277 0.046888 0.029312
0 0.762499 0.316204 0.021950 0.085649 0.500000
0 0.763226 0.316176 0.020541 0.085642 0.731059
0 0.956260 0.333484 0.009571 0.068380 0.001501
0 0.577406 0.316543 0.014453 0.043599 0.029312
0 0.762496 0.316194 0.021951 0.085608 0.731059
0 0.763321 0.316186 0.023367 0.085629 0.731059
0 0.954808 0.337899 0.009666 0.056109 0.268941
0 0.579027 0.320330 0.013937 0.050080 0.001501
0 0.763178 0.316260 0.020595 0.085507 0.622459
0 0.763982 0.316210 0.022050 0.085572 0.731059
0 0.955481 0.336731 0.011026 0.058467 0.268941
0 0.955492 0.337184 0.011020 0.059800 0.119203
1 0.993605 0.314341 0.012896 0.165045 0.002473
1 0.547989 0.313620 0.040304 0.034348 0.500000
1 0.547561 0.313627 0.039225 0.034316 0.622459
1 0.547766 0.314531 0.039557 0.032506 0.500000
1 0.549126 0.314902 0.044610 0.036924 0.075858
1 0.578376 0.315016 0.015277 0.046888 0.001501
1 0.593009 0.313637 0.023967 0.025114 0.006693
1 0.646537 0.322418 0.090027 0.079519 0.880797
1 0.646930 0.322370 0.090825 0.079631 0.880797
1 0.883272 0.330884 0.055515 0.078532 0.817575
1 0.883258 0.329984 0.055477 0.076713 0.817575
1 0.989131 0.335666 0.018853 0.103245 0.001501
1 0.992950 0.337974 0.014146 0.102878 0.075858
1 0.547246 0.314952 0.038849 0.036843 0.622459
1 0.547503 0.314557 0.039110 0.032505 0.500000
1 0.546899 0.313651 0.040582 0.034289 0.622459
1 0.551223 0.315029 0.046696 0.036784 0.075858
1 0.577406 0.316543 0.014453 0.043599 0.002473
1 0.594233 0.316482 0.023386 0.024161 0.119203
1 0.596474 0.318242 0.024242 0.031468 0.006693
1 0.646961 0.322019 0.090856 0.080337 0.817575
1 0.646542 0.322393 0.090016 0.079588 0.880797
1 0.646545 0.322419 0.090015 0.079643 0.924142
1 0.646512 0.322347 0.089969 0.079786 0.924142
1 0.884804 0.330725 0.058568 0.083439 0.880797
1 0.883973 0.330891 0.057085 0.078593 0.880797
1 0.884158 0.329623 0.056737 0.081105 0.817575
1 0.884206 0.330875 0.056671 0.078558 0.817575
1 0.990110 0.341377 0.019792 0.085240 0.004070
1 0.992963 0.342164 0.014100 0.083021 0.075858
1 0.645849 0.322297 0.091651 0.079719 0.880797
1 0.646567 0.322079 0.090058 0.080150 0.880797
1 0.646538 0.321421 0.090026 0.078835 0.924142
1 0.646544 0.322192 0.089940 0.079996 0.924142
1 0.883987 0.332156 0.057103 0.076000 0.817575
1 0.883209 0.330895 0.055547 0.078572 0.817575
1 0.884154 0.330893 0.056723 0.078553 0.880797
1 0.884155 0.328726 0.056728 0.079279 0.880797
1 0.990318 0.341718 0.019425 0.085631 0.002473
1 0.992963 0.345180 0.014101 0.086669 0.047426
1 0.992949 0.344974 0.014128 0.090085 0.029312
1 0.992927 0.346479 0.014194 0.101198 0.004070
3 0.993632 0.299659 0.013039 0.230903 0.001501
3 0.994267 0.302674 0.014683 0.207518 0.002473
3 0.993605 0.314341 0.012896 0.165045 0.004070
3 0.992950 0.337974 0.014146 0.102878 0.001501
4 0.577406 0.316543 0.014453 0.043599 0.006693
4 0.992963 0.342164 0.014100 0.083021 0.002473
4 0.579027 0.320330 0.013937 0.050080 0.001501
4 0.990318 0.341718 0.019425 0.085631 0.002473
4 0.992963 0.345180 0.014101 0.086669 0.006693
4 0.356177 0.338804 0.054470 0.077883 0.002473
4 0.361578 0.337635 0.043407 0.075002 0.002473
4 0.992949 0.344974 0.014128 0.090085 0.006693
5 0.489988 0.342930 0.039156 0.119303 0.002473
5 0.578376 0.315016 0.015277 0.046888 0.017986
5 0.992950 0.337974 0.014146 0.102878 0.002473
5 0.490295 0.342029 0.041343 0.117346 0.880797
5 0.490019 0.340778 0.041861 0.115310 0.880797
5 0.489369 0.340875 0.040554 0.115077 0.004070
5 0.551223 0.315029 0.046696 0.036784 0.001501
5 0.577406 0.316543 0.014453 0.043599 0.119203
5 0.992963 0.342164 0.014100 0.083021 0.001501
5 0.490297 0.342384 0.041306 0.116556 0.817575
5 0.490414 0.341726 0.041085 0.117892 0.817575
5 0.490041 0.341734 0.041887 0.117966 0.817575
5 0.488002 0.341189 0.043157 0.114766 0.017986
5 0.490134 0.340129 0.041613 0.116573 0.731059
5 0.490135 0.340129 0.041606 0.116570 0.817575
5 0.490050 0.340132 0.041886 0.116603 0.731059
5 0.490028 0.341727 0.041865 0.117887 0.817575
5 0.490139 0.341732 0.041616 0.117899 0.817575
