0 0.031496 0.268002 0.016177 0.110083 0.017986
0 0.031311 0.268147 0.015717 0.103894 0.029312
0 0.040553 0.268568 0.013162 0.081968 0.004070
0 0.058485 0.269950 0.014111 0.068602 0.002473
0 0.005033 0.292634 0.010125 0.168651 0.001501
0 0.031340 0.269913 0.012709 0.104350 0.047426
0 0.041520 0.273034 0.011204 0.073222 0.002473
0 0.057639 0.271096 0.015700 0.069206 0.002473
0 0.449227 0.311897 0.021482 0.112304 0.001501
0 0.004356 0.308820 0.008729 0.177670 0.002473
0 0.031266 0.269750 0.015628 0.103935 0.047426
0 0.042299 0.271927 0.009648 0.075374 0.002473
0 0.056840 0.272011 0.014803 0.070926 0.002473
0 0.448789 0.320007 0.016855 0.099789 0.119203
0 0.450603 0.321091 0.018297 0.096458 0.017986
0 0.469460 0.323870 0.024767 0.096796 0.500000
0 0.470097 0.322405 0.025301 0.094600 0.119203
0 0.544014 0.322160 0.019669 0.094384 0.001501
0 0.004293 0.318202 0.008596 0.198857 0.002473
0 0.032038 0.270876 0.014144 0.106191 0.047426
0 0.040769 0.269292 0.012743 0.081664 0.004070
0 0.058163 0.271814 0.017386 0.071837 0.002473
0 0.342954 0.315789 0.011053 0.043180 0.029312
0 0.404130 0.319194 0.016225 0.045901 0.001501
0 0.432702 0.322607 0.016391 0.049027 0.001501
0 0.448669 0.324484 0.014485 0.087136 0.268941
0 0.449656 0.325121 0.016204 0.085796 0.047426
0 0.469182 0.324049 0.023693 0.096639 0.500000
0 0.470036 0.322115 0.024338 0.095611 0.182426
0 0.534292 0.327915 0.015574 0.056954 0.017986
0 0.545821 0.329901 0.016869 0.076598 0.075858
0 0.004073 0.314315 0.011215 0.207114 0.002473
0 0.031275 0.272153 0.012677 0.109603 0.017986
0 0.343061 0.322080 0.014640 0.055765 0.006693
0 0.388988 0.331401 0.016485 0.034528 0.002473
0 0.404712 0.325205 0.016615 0.042373 0.001501
0 0.432958 0.330645 0.022552 0.037162 0.002473
0 0.448688 0.333026 0.012888 0.070481 0.377541
0 0.450004 0.331637 0.015477 0.073082 0.047426
0 0.469295 0.324072 0.023918 0.096724 0.500000
0 0.470240 0.322014 0.023924 0.096022 0.182426
0 0.531478 0.331995 0.009984 0.044562 0.075858
0 0.544491 0.332146 0.014140 0.075892 0.119203
0 0.004303 0.305764 0.008615 0.224953 0.004070
0 0.343061 0.324651 0.014907 0.060250 0.006693
0 0.389582 0.334526 0.012955 0.034501 0.002473
0 0.448690 0.333821 0.012885 0.068733 0.500000
0 0.450091 0.331996 0.015306 0.072152 0.047426
0 0.469662 0.322947 0.022735 0.098866 0.500000
0 0.471133 0.321830 0.023224 0.096450 0.119203
0 0.530684 0.332966 0.011466 0.047697 0.075858
0 0.543729 0.332183 0.012604 0.075831 0.377541
0 0.004935 0.302437 0.009897 0.233478 0.004070
0 0.448891 0.332404 0.013282 0.069336 0.377541
0 0.450263 0.327196 0.014971 0.082432 0.029312
0 0.469710 0.324154 0.022636 0.096629 0.500000
0 0.470550 0.321814 0.024388 0.101358 0.182426
0 0.543743 0.332230 0.012569 0.075938 0.377541
0 0.558151 0.332466 0.037136 0.071907 0.001501
0 0.004926 0.314383 0.009908 0.230016 0.004070
0 0.007454 0.334320 0.014993 0.245937 0.001501
0 0.009922 0.352472 0.020020 0.286124 0.001501
1 0.197478 0.271003 0.016918 0.031795 0.002473
1 0.992968 0.296086 0.014099 0.105268 0.002473
1 0.329238 0.306797 0.049440 0.041570 0.001501
1 0.545821 0.329901 0.016869 0.076598 0.017986
1 0.560178 0.328588 0.036167 0.073948 0.500000
1 0.560793 0.329887 0.036654 0.071374 0.622459
1 0.573564 0.335185 0.036098 0.074650 0.004070
1 0.638418 0.312371 0.030013 0.025711 0.047426
1 0.639008 0.312442 0.028120 0.028362 0.029312
1 0.992968 0.299242 0.011019 0.086727 0.002473
1 0.367661 0.333226 0.037896 0.036741 0.006693
1 0.368001 0.330841 0.040078 0.036915 0.006693
1 0.370501 0.333081 0.040347 0.036358 0.010987
1 0.388988 0.331401 0.016485 0.034528 0.002473
1 0.421511 0.330530 0.033251 0.036928 0.006693
1 0.432958 0.330645 0.022552 0.037162 0.004070
1 0.490882 0.321794 0.010370 0.013677 0.002473
1 0.514647 0.320527 0.010145 0.016203 0.010987
1 0.531478 0.331995 0.009984 0.044562 0.017986
1 0.544491 0.332146 0.014140 0.075892 0.006693
1 0.559388 0.329056 0.037765 0.074873 0.500000
1 0.558731 0.328871 0.038596 0.074474 0.500000
1 0.598381 0.350962 0.081550 0.099568 0.817575
1 0.599045 0.350969 0.082916 0.099578 0.817575
1 0.598416 0.352033 0.081612 0.101523 0.924142
1 0.634156 0.317136 0.021807 0.029043 0.001501
1 0.638979 0.314684 0.027999 0.027725 0.029312
1 0.642527 0.313016 0.035442 0.033410 0.002473
1 0.993666 0.313533 0.012704 0.079374 0.002473
1 0.367407 0.331951 0.036039 0.039422 0.004070
1 0.367100 0.332058 0.038469 0.039219 0.001501
1 0.368749 0.333338 0.042155 0.036750 0.004070
1 0.424208 0.335941 0.024507 0.031538 0.006693
1 0.431531 0.336652 0.020113 0.030114 0.010987
1 0.530684 0.332966 0.011466 0.047697 0.017986
1 0.543729 0.332183 0.012604 0.075831 0.001501
1 0.558901 0.330000 0.038689 0.071632 0.500000
1 0.559278 0.328429 0.039666 0.073561 0.622459
1 0.598872 0.351748 0.083623 0.101858 0.731059
1 0.598798 0.351649 0.080696 0.101857 0.880797
1 0.598395 0.351653 0.081496 0.101860 0.880797
1 0.598377 0.352608 0.081541 0.102588 0.924142
1 0.906376 0.360191 0.023100 0.041197 0.004070
1 0.917224 0.359535 0.044890 0.047507 0.002473
1 0.927637 0.351778 0.070514 0.060688 0.002473
1 0.558151 0.332466 0.037136 0.071907 0.119203
1 0.559111 0.331215 0.036435 0.078829 0.119203
1 0.597632 0.351625 0.079944 0.101821 0.817575
1 0.599055 0.352286 0.082807 0.103138 0.924142
1 0.598369 0.351651 0.081526 0.101870 0.924142
1 0.905370 0.362648 0.021825 0.035238 0.006693
1 0.912215 0.363904 0.034426 0.034083 0.002473
1 0.915497 0.368329 0.041394 0.030119 0.001501
1 0.796314 0.440189 0.342629 0.345870 0.924142
1 0.796240 0.439751 0.345690 0.346509 0.924142
1 0.801085 0.439141 0.341374 0.344105 0.001170
1 0.795999 0.440657 0.338918 0.345146 0.924142
1 0.796459 0.441194 0.342964 0.347960 0.924142
1 0.796133 0.440682 0.346031 0.348954 0.924142
1 0.800272 0.438357 0.343286 0.343336 0.924142
1 0.795211 0.440500 0.337364 0.345636 0.904651
1 0.797176 0.440818 0.341250 0.345078 0.939913
1 0.796836 0.440822 0.347210 0.345017 0.924142
1 0.799711 0.439707 0.341607 0.343850 0.924142
2 0.514647 0.320527 0.010145 0.016203 0.004070
3 0.992003 0.281790 0.016129 0.116300 0.001501
3 0.986962 0.278173 0.023112 0.073520 0.002473
3 0.991780 0.291127 0.016476 0.103175 0.029312
3 0.642455 0.301806 0.038794 0.052924 0.001501
3 0.653092 0.301320 0.055856 0.051666 0.004070
3 0.662180 0.295979 0.032156 0.034455 0.002473
3 0.661212 0.293509 0.033827 0.032130 0.001501
3 0.992968 0.296086 0.014099 0.105268 0.006693
3 0.414819 0.320483 0.047588 0.053782 0.002473
3 0.545821 0.329901 0.016869 0.076598 0.006693
3 0.560178 0.328588 0.036167 0.073948 0.047426
3 0.560793 0.329887 0.036654 0.071374 0.075858
3 0.638418 0.312371 0.030013 0.025711 0.006693
3 0.639008 0.312442 0.028120 0.028362 0.004070
3 0.992968 0.299242 0.011019 0.086727 0.002473
3 0.368001 0.330841 0.040078 0.036915 0.001501
3 0.370501 0.333081 0.040347 0.036358 0.001501
3 0.514647 0.320527 0.010145 0.016203 0.010987
3 0.544491 0.332146 0.014140 0.075892 0.001501
3 0.559388 0.329056 0.037765 0.074873 0.047426
3 0.558731 0.328871 0.038596 0.074474 0.029312
3 0.638979 0.314684 0.027999 0.027725 0.004070
3 0.558901 0.330000 0.038689 0.071632 0.029312
3 0.559278 0.328429 0.039666 0.073561 0.047426
3 0.558151 0.332466 0.037136 0.071907 0.004070
4 0.431531 0.336652 0.020113 0.030114 0.001501
5 0.534292 0.327915 0.015574 0.056954 0.001501
5 0.545821 0.329901 0.016869 0.076598 0.002473
5 0.531478 0.331995 0.009984 0.044562 0.119203
5 0.544491 0.332146 0.014140 0.075892 0.004070
5 0.530684 0.332966 0.011466 0.047697 0.119203
5 0.543729 0.332183 0.012604 0.075831 0.006693
5 0.543743 0.332230 0.012569 0.075938 0.010987
