0 0.033533 0.256474 0.014301 0.059940 0.001501
0 0.051592 0.282538 0.013999 0.093670 0.001501
0 0.092474 0.285762 0.021348 0.104270 0.001501
0 0.049189 0.284210 0.015519 0.091707 0.002473
0 0.052111 0.285974 0.015132 0.098830 0.002473
0 0.094520 0.288600 0.019078 0.107346 0.002473
0 0.052333 0.287360 0.014858 0.102510 0.002473
0 0.095086 0.289111 0.015891 0.107438 0.002473
0 0.169790 0.303316 0.011696 0.056754 0.001501
0 0.824228 0.334155 0.018164 0.138203 0.006693
0 0.826949 0.334980 0.015822 0.138585 0.029312
0 0.054400 0.288960 0.013451 0.099016 0.004070
0 0.093488 0.288580 0.019086 0.115060 0.006693
0 0.170422 0.314846 0.012998 0.036958 0.004070
0 0.415180 0.328052 0.027688 0.072953 0.001501
0 0.477648 0.319347 0.008409 0.037735 0.010987
0 0.505359 0.317690 0.011367 0.036801 0.002473
0 0.622493 0.334813 0.012201 0.068713 0.029312
0 0.631230 0.336370 0.012597 0.071743 0.377541
0 0.806973 0.316758 0.019629 0.040737 0.006693
0 0.822485 0.340229 0.023758 0.145556 0.010987
0 0.825252 0.338655 0.018862 0.147112 0.017986
0 0.873056 0.334254 0.017306 0.105491 0.002473
0 0.055442 0.293457 0.011145 0.089940 0.001501
0 0.095058 0.289188 0.016096 0.119607 0.002473
0 0.118771 0.303589 0.012855 0.059623 0.002473
0 0.169845 0.317741 0.018030 0.036398 0.002473
0 0.415529 0.327615 0.028647 0.072036 0.001501
0 0.478421 0.321755 0.006848 0.028347 0.119203
0 0.505711 0.321716 0.005670 0.028407 0.119203
0 0.621520 0.335449 0.010134 0.062597 0.377541
0 0.631171 0.337905 0.012740 0.074159 0.500000
0 0.820710 0.344584 0.027883 0.149544 0.500000
0 0.821103 0.341798 0.027190 0.154675 0.268941
0 0.863068 0.350458 0.035191 0.078050 0.001501
0 0.095711 0.290545 0.016803 0.123719 0.001501
0 0.415660 0.327623 0.028378 0.072071 0.001501
0 0.620993 0.336479 0.011233 0.066391 0.268941
0 0.631935 0.336882 0.014230 0.071139 0.500000
0 0.636022 0.338307 0.018613 0.072915 0.001501
0 0.820438 0.342412 0.028408 0.148529 0.622459
0 0.820789 0.342010 0.027661 0.154575 0.500000
0 0.621055 0.336453 0.011367 0.067512 0.268941
0 0.631222 0.336783 0.015654 0.071353 0.622459
0 0.635095 0.339135 0.020394 0.072042 0.002473
0 0.821401 0.343603 0.029152 0.151258 0.622459
0 0.820788 0.344871 0.027652 0.153566 0.731059
0 0.813410 0.349815 0.033510 0.092770 0.001501
0 0.820598 0.343537 0.027997 0.151419 0.622459
0 0.821669 0.343449 0.028603 0.151592 0.731059
0 0.820373 0.347926 0.031235 0.143648 0.002473
0 0.820984 0.345006 0.027222 0.148616 0.622459
0 0.821747 0.346228 0.028472 0.150573 0.731059
1 0.003508 0.299737 0.010099 0.060547 0.001501
1 0.111273 0.298882 0.044733 0.057229 0.002473
1 0.124167 0.299704 0.020529 0.048357 0.004070
1 0.126974 0.299236 0.015323 0.043617 0.047426
1 0.003515 0.307148 0.010102 0.042463 0.004070
1 0.109940 0.302232 0.044930 0.056838 0.002473
1 0.124848 0.301697 0.019169 0.048249 0.004070
1 0.127045 0.299769 0.015164 0.043645 0.075858
1 0.409927 0.327090 0.039934 0.072429 0.010987
1 0.415127 0.328032 0.027946 0.072866 0.119203
1 0.415180 0.328052 0.027688 0.072953 0.075858
1 0.713817 0.333257 0.080738 0.083233 0.817575
1 0.713881 0.332009 0.080900 0.080765 0.731059
1 0.731898 0.328470 0.076513 0.069273 0.001501
1 0.798966 0.319258 0.064500 0.051107 0.001501
1 0.806973 0.316758 0.019629 0.040737 0.006693
1 0.003884 0.311405 0.007779 0.034685 0.006693
1 0.019460 0.310842 0.039176 0.051932 0.001501
1 0.127764 0.301202 0.013941 0.046664 0.004070
1 0.175021 0.319370 0.022216 0.033238 0.002473
1 0.409159 0.328310 0.041606 0.074923 0.017986
1 0.415003 0.326101 0.028199 0.074055 0.182426
1 0.415529 0.327615 0.028647 0.072036 0.182426
1 0.439841 0.323888 0.023995 0.028746 0.029312
1 0.441244 0.323959 0.026540 0.028542 0.017986
1 0.461802 0.320455 0.018199 0.025787 0.029312
1 0.462764 0.320440 0.018756 0.025811 0.029312
1 0.494208 0.326222 0.015108 0.014268 0.047426
1 0.505711 0.321716 0.005670 0.028407 0.002473
1 0.520244 0.323865 0.015738 0.032384 0.500000
1 0.532716 0.330877 0.015467 0.036884 0.622459
1 0.568753 0.333310 0.065599 0.078286 0.880797
1 0.569427 0.333314 0.066945 0.078265 0.924142
1 0.568750 0.333323 0.065584 0.078243 0.880797
1 0.713882 0.333310 0.080851 0.083424 0.817575
1 0.713270 0.333310 0.079655 0.083387 0.817575
1 0.714096 0.333309 0.078252 0.083379 0.817575
1 0.713457 0.333275 0.080076 0.083373 0.817575
1 0.771569 0.350821 0.126757 0.090027 0.817575
1 0.775225 0.350838 0.134519 0.089990 0.622459
1 0.846190 0.351165 0.041011 0.072273 0.500000
1 0.849953 0.352282 0.033142 0.069993 0.500000
1 0.407729 0.326740 0.044106 0.074887 0.004070
1 0.415176 0.327607 0.027742 0.072066 0.182426
1 0.415660 0.327623 0.028378 0.072071 0.268941
1 0.435095 0.327407 0.020568 0.038259 0.001501
1 0.532037 0.330877 0.014126 0.037087 0.622459
1 0.568744 0.333299 0.065649 0.078183 0.004070
1 0.569439 0.333336 0.066948 0.078236 0.880797
1 0.568752 0.334606 0.065583 0.080793 0.924142
1 0.569514 0.334605 0.064054 0.080801 0.924142
1 0.568757 0.333323 0.065572 0.083371 0.880797
1 0.714642 0.332056 0.079287 0.080824 0.880797
1 0.713335 0.332055 0.079758 0.080824 0.880797
1 0.714034 0.333339 0.078114 0.083397 0.880797
1 0.713838 0.333343 0.080681 0.083450 0.817575
1 0.770412 0.352067 0.121890 0.092655 0.817575
1 0.772830 0.352069 0.129027 0.092655 0.817575
1 0.776450 0.350792 0.136534 0.090095 0.817575
1 0.775422 0.350744 0.134500 0.090180 0.622459
1 0.845303 0.353062 0.040436 0.071641 0.377541
1 0.849132 0.352421 0.034793 0.070253 0.500000
1 0.955354 0.374530 0.089523 0.183829 0.817575
1 0.954757 0.374480 0.090528 0.182823 0.817575
1 0.953896 0.374019 0.089155 0.179976 0.817575
1 0.415667 0.329015 0.028630 0.074411 0.017986
1 0.414150 0.328751 0.031687 0.074925 0.004070
1 0.568761 0.332057 0.065594 0.080816 0.880797
1 0.568743 0.332049 0.065594 0.080821 0.924142
1 0.568747 0.333342 0.065582 0.083358 0.952574
1 0.769787 0.350128 0.122682 0.091421 0.817575
1 0.772485 0.350821 0.128167 0.090058 0.817575
1 0.774389 0.350822 0.132142 0.090047 0.817575
1 0.774311 0.350739 0.132744 0.090217 0.817575
1 0.845191 0.353397 0.040540 0.068614 0.500000
1 0.848209 0.351445 0.034426 0.072667 0.622459
1 0.955456 0.375164 0.089212 0.187089 0.047426
1 0.955476 0.375404 0.089111 0.185449 0.817575
1 0.955458 0.374526 0.089112 0.184661 0.924142
1 0.954772 0.374957 0.090460 0.183728 0.817575
1 0.954528 0.374567 0.091006 0.185466 0.500000
1 0.847536 0.354166 0.038119 0.070230 0.268941
1 0.847376 0.353379 0.036132 0.071745 0.377541
1 0.954727 0.374383 0.087564 0.184510 0.880797
1 0.954793 0.374805 0.090452 0.184129 0.880797
1 0.953463 0.374135 0.090016 0.182805 0.880797
2 0.415127 0.328032 0.027946 0.072866 0.001501
2 0.415180 0.328052 0.027688 0.072953 0.004070
2 0.437306 0.315010 0.025037 0.042337 0.006693
2 0.440880 0.316126 0.028500 0.039715 0.006693
2 0.461010 0.317183 0.019785 0.032238 0.010987
2 0.462050 0.317396 0.018004 0.031863 0.006693
2 0.713881 0.332009 0.080900 0.080765 0.001501
2 0.415003 0.326101 0.028199 0.074055 0.004070
2 0.415529 0.327615 0.028647 0.072036 0.010987
2 0.439841 0.323888 0.023995 0.028746 0.010987
2 0.441244 0.323959 0.026540 0.028542 0.029312
2 0.461802 0.320455 0.018199 0.025787 0.017986
2 0.462764 0.320440 0.018756 0.025811 0.010987
2 0.520244 0.323865 0.015738 0.032384 0.001501
2 0.415176 0.327607 0.027742 0.072066 0.002473
2 0.415660 0.327623 0.028378 0.072071 0.004070
3 0.127045 0.299769 0.015164 0.043645 0.002473
3 0.409927 0.327090 0.039934 0.072429 0.004070
3 0.415127 0.328032 0.027946 0.072866 0.047426
3 0.415180 0.328052 0.027688 0.072953 0.047426
3 0.437306 0.315010 0.025037 0.042337 0.006693
3 0.440880 0.316126 0.028500 0.039715 0.001501
3 0.462050 0.317396 0.018004 0.031863 0.001501
3 0.798966 0.319258 0.064500 0.051107 0.004070
3 0.806973 0.316758 0.019629 0.040737 0.001501
3 0.409159 0.328310 0.041606 0.074923 0.006693
3 0.415003 0.326101 0.028199 0.074055 0.047426
3 0.415529 0.327615 0.028647 0.072036 0.047426
3 0.439841 0.323888 0.023995 0.028746 0.010987
3 0.441244 0.323959 0.026540 0.028542 0.006693
3 0.461802 0.320455 0.018199 0.025787 0.004070
3 0.462764 0.320440 0.018756 0.025811 0.004070
3 0.520244 0.323865 0.015738 0.032384 0.017986
3 0.407729 0.326740 0.044106 0.074887 0.001501
3 0.415176 0.327607 0.027742 0.072066 0.047426
3 0.415660 0.327623 0.028378 0.072071 0.075858
3 0.532037 0.330877 0.014126 0.037087 0.001501
3 0.415667 0.329015 0.028630 0.074411 0.001501
3 0.847376 0.353379 0.036132 0.071745 0.001501
3 0.300700 0.299024 0.221151 0.265374 0.731059
3 0.300654 0.299576 0.219678 0.266383 0.904651
3 0.300503 0.300867 0.219109 0.263930 0.904651
3 0.300615 0.300181 0.217756 0.263775 0.017986
3 0.301162 0.300447 0.221752 0.262472 0.904651
3 0.300940 0.300392 0.219830 0.262317 0.904651
3 0.300513 0.299151 0.218944 0.264924 0.924142
3 0.300863 0.299847 0.219929 0.266313 0.924142
3 0.301087 0.300631 0.221778 0.262764 0.500000
3 0.301000 0.299924 0.220118 0.261291 0.880797
3 0.300555 0.300538 0.219142 0.262626 0.904651
3 0.301114 0.300680 0.218562 0.263386 0.047426
4 0.170422 0.314846 0.012998 0.036958 0.004070
4 0.169845 0.317741 0.018030 0.036398 0.010987
4 0.175021 0.319370 0.022216 0.033238 0.010987
4 0.907287 0.363038 0.014732 0.081893 0.002473
4 0.621055 0.336453 0.011367 0.067512 0.001501
4 0.906344 0.370769 0.012754 0.071128 0.010987
4 0.905567 0.371485 0.014315 0.071624 0.006693
4 0.905547 0.371148 0.014266 0.078088 0.006693
5 0.164223 0.311842 0.021158 0.037383 0.001501
5 0.170422 0.314846 0.012998 0.036958 0.006693
5 0.415127 0.328032 0.027946 0.072866 0.002473
5 0.415180 0.328052 0.027688 0.072953 0.010987
5 0.165035 0.315562 0.020611 0.035857 0.002473
5 0.169845 0.317741 0.018030 0.036398 0.010987
5 0.175021 0.319370 0.022216 0.033238 0.006693
5 0.415003 0.326101 0.028199 0.074055 0.002473
5 0.415529 0.327615 0.028647 0.072036 0.004070
5 0.505711 0.321716 0.005670 0.028407 0.001501
5 0.415176 0.327607 0.027742 0.072066 0.002473
5 0.415660 0.327623 0.028378 0.072071 0.002473
5 0.897099 0.353667 0.016589 0.080764 0.001501
5 0.907287 0.363038 0.014732 0.081893 0.006693
5 0.912233 0.364285 0.023349 0.077862 0.001501
5 0.415667 0.329015 0.028630 0.074411 0.001501
5 0.621055 0.336453 0.011367 0.067512 0.001501
5 0.898324 0.361116 0.018706 0.085639 0.002473
5 0.906344 0.370769 0.012754 0.071128 0.006693
5 0.893487 0.363185 0.029259 0.087085 0.002473
5 0.905567 0.371485 0.014315 0.071624 0.010987
5 0.905547 0.371148 0.014266 0.078088 0.006693
