0 0.447926 0.319446 0.018412 0.084656 0.002473
0 0.571310 0.329324 0.028447 0.127122 0.377541
0 0.574234 0.327915 0.026584 0.119531 0.268941
0 0.644499 0.318500 0.011050 0.082310 0.029312
0 0.381994 0.329678 0.041897 0.063184 0.010987
0 0.425814 0.329212 0.017121 0.070730 0.075858
0 0.429197 0.329346 0.016617 0.070484 0.268941
0 0.448028 0.328492 0.015307 0.069175 0.268941
0 0.454792 0.326040 0.012368 0.055672 0.029312
0 0.507054 0.320447 0.011117 0.044781 0.001501
0 0.570469 0.329347 0.030755 0.122859 0.622459
0 0.572055 0.329098 0.030936 0.122222 0.182426
0 0.644542 0.319655 0.014110 0.083844 0.119203
0 0.394972 0.332039 0.015958 0.061349 0.047426
0 0.411299 0.334939 0.015484 0.048370 0.004070
0 0.421668 0.332664 0.010430 0.062787 0.047426
0 0.430426 0.328552 0.014171 0.068331 0.377541
0 0.448107 0.328611 0.015630 0.068257 0.182426
0 0.458902 0.327159 0.007213 0.040337 0.119203
0 0.470643 0.325476 0.005703 0.021025 0.017986
0 0.570844 0.331985 0.029947 0.127708 0.500000
0 0.572327 0.329315 0.030384 0.122478 0.377541
0 0.643848 0.320667 0.012762 0.083520 0.029312
0 0.397188 0.333162 0.011474 0.059164 0.182426
0 0.410939 0.338418 0.012443 0.036852 0.006693
0 0.417006 0.339358 0.013227 0.049537 0.047426
0 0.430324 0.329893 0.014373 0.066705 0.377541
0 0.448131 0.328892 0.015586 0.069020 0.182426
0 0.458628 0.328604 0.007761 0.051254 0.119203
0 0.505479 0.329257 0.014172 0.034006 0.001501
0 0.570446 0.334556 0.030940 0.127669 0.500000
0 0.572325 0.330494 0.030381 0.125346 0.377541
0 0.644802 0.319035 0.014662 0.088363 0.017986
0 0.395961 0.335864 0.011180 0.059441 0.017986
0 0.421957 0.335214 0.009406 0.062024 0.029312
0 0.428866 0.329610 0.014226 0.071204 0.010987
0 0.447263 0.329964 0.016543 0.070495 0.002473
0 0.534264 0.323425 0.053130 0.085555 0.002473
0 0.570338 0.337193 0.031213 0.122644 0.377541
0 0.570512 0.333301 0.030800 0.125075 0.622459
0 0.574119 0.329481 0.029880 0.127437 0.268941
0 0.583287 0.337672 0.034125 0.111124 0.002473
0 0.643755 0.323390 0.015836 0.090458 0.002473
0 0.843145 0.344507 0.041557 0.043379 0.002473
0 0.844408 0.344986 0.042618 0.041192 0.001501
0 0.569153 0.333155 0.028823 0.125470 0.377541
0 0.570344 0.333210 0.030735 0.130385 0.622459
0 0.575002 0.330531 0.030937 0.130700 0.119203
0 0.584065 0.340400 0.026589 0.105843 0.004070
1 0.700921 0.301788 0.113691 0.136092 0.001501
1 0.598496 0.298244 0.088102 0.166936 0.002473
1 0.598171 0.289498 0.093198 0.163057 0.001501
1 0.702795 0.303128 0.116317 0.138506 0.002473
1 0.701366 0.301846 0.119291 0.141028 0.004070
1 0.777441 0.319182 0.077102 0.087660 0.002473
1 0.788032 0.317745 0.075932 0.085191 0.004070
1 0.351231 0.320784 0.058005 0.045141 0.001501
1 0.359078 0.323143 0.061151 0.049795 0.004070
1 0.372785 0.324048 0.048354 0.048981 0.017986
1 0.375571 0.325965 0.051026 0.052768 0.017986
1 0.374888 0.326318 0.047896 0.053577 0.006693
1 0.507054 0.320447 0.011117 0.044781 0.001501
1 0.534719 0.322350 0.052549 0.085270 0.047426
1 0.534041 0.322161 0.051122 0.084850 0.075858
1 0.534730 0.321880 0.052496 0.086164 0.075858
1 0.592800 0.329354 0.081236 0.106335 0.010987
1 0.594941 0.301893 0.086071 0.151122 0.006693
1 0.655810 0.325251 0.025261 0.074780 0.002473
1 0.704152 0.299683 0.119807 0.140990 0.006693
1 0.702434 0.299794 0.123255 0.140773 0.002473
1 0.745389 0.319910 0.069076 0.099537 0.002473
1 0.777015 0.325547 0.061712 0.079760 0.017986
1 0.789888 0.329555 0.071878 0.067707 0.047426
1 0.791859 0.331642 0.068713 0.066986 0.182426
1 0.791903 0.332127 0.067863 0.067817 0.182426
1 0.792382 0.331425 0.067345 0.069995 0.268941
1 0.798056 0.329201 0.077418 0.070425 0.075858
1 0.850616 0.330085 0.066709 0.068374 0.002473
1 0.867299 0.329077 0.051296 0.059073 0.029312
1 0.868430 0.329652 0.047988 0.058328 0.119203
1 0.870012 0.328863 0.046803 0.055547 0.047426
1 0.872734 0.330919 0.044147 0.061035 0.029312
1 0.350717 0.326102 0.062635 0.046250 0.001501
1 0.357671 0.324021 0.064993 0.054154 0.002473
1 0.375388 0.326563 0.051014 0.049657 0.017986
1 0.379055 0.326741 0.054729 0.049649 0.017986
1 0.377408 0.328477 0.051645 0.051442 0.047426
1 0.470643 0.325476 0.005703 0.021025 0.002473
1 0.477295 0.325472 0.011134 0.020925 0.017986
1 0.492350 0.326624 0.015542 0.018648 0.377541
1 0.506227 0.328298 0.012586 0.031707 0.500000
1 0.534056 0.322286 0.051116 0.085081 0.075858
1 0.534594 0.322286 0.050022 0.085074 0.119203
1 0.534734 0.322151 0.052466 0.084869 0.075858
1 0.534596 0.322223 0.050085 0.086513 0.047426
1 0.588898 0.334257 0.060444 0.103867 0.004070
1 0.595493 0.329906 0.080647 0.101582 0.004070
1 0.657110 0.326232 0.021851 0.069574 0.006693
1 0.742002 0.322145 0.055947 0.095607 0.002473
1 0.764251 0.335418 0.027701 0.059587 0.075858
1 0.779723 0.335850 0.047193 0.060548 0.075858
1 0.790874 0.335310 0.063814 0.065112 0.377541
1 0.791103 0.334488 0.064724 0.067188 0.500000
1 0.791301 0.332718 0.064391 0.068027 0.500000
1 0.804951 0.331840 0.074933 0.064336 0.047426
1 0.841018 0.340517 0.047565 0.046985 0.075858
1 0.843652 0.340399 0.044748 0.046454 0.075858
1 0.852506 0.336140 0.044284 0.053192 0.047426
1 0.868081 0.330333 0.048803 0.057920 0.119203
1 0.869722 0.331355 0.046310 0.059085 0.182426
1 0.872597 0.330260 0.043572 0.058510 0.029312
1 0.921538 0.330602 0.049110 0.047698 0.001501
1 0.926645 0.332364 0.046935 0.045320 0.017986
1 0.925178 0.327011 0.044240 0.038777 0.017986
1 0.950749 0.345397 0.095554 0.087566 0.817575
1 0.950786 0.345997 0.098468 0.090010 0.817575
1 0.365789 0.337277 0.028666 0.039002 0.010987
1 0.370709 0.337642 0.038239 0.033099 0.029312
1 0.379058 0.333801 0.046630 0.045986 0.029312
1 0.410939 0.338418 0.012443 0.036852 0.004070
1 0.505479 0.329257 0.014172 0.034006 0.182426
1 0.534721 0.322422 0.052490 0.084361 0.075858
1 0.534728 0.322314 0.052446 0.085031 0.182426
1 0.534038 0.322120 0.051170 0.084463 0.075858
1 0.657616 0.326897 0.020045 0.068260 0.006693
1 0.659158 0.329311 0.022811 0.063755 0.001501
1 0.763867 0.338774 0.026073 0.053610 0.182426
1 0.767117 0.341619 0.023148 0.048436 0.182426
1 0.786577 0.336938 0.052290 0.059669 0.377541
1 0.791844 0.335866 0.062499 0.062052 0.377541
1 0.791390 0.334840 0.061137 0.063808 0.500000
1 0.800157 0.337580 0.070003 0.057964 0.047426
1 0.844180 0.343013 0.040173 0.040779 0.268941
1 0.845125 0.343635 0.041183 0.040407 0.500000
1 0.845205 0.344690 0.040640 0.039123 0.377541
1 0.861078 0.336399 0.037034 0.049083 0.119203
1 0.872176 0.331142 0.042066 0.059395 0.119203
1 0.877344 0.331155 0.035941 0.059576 0.006693
1 0.926058 0.339766 0.046237 0.061109 0.006693
1 0.950745 0.346037 0.095592 0.089936 0.817575
1 0.950041 0.346236 0.096946 0.089551 0.880797
1 0.950778 0.346351 0.098468 0.089319 0.880797
1 0.950046 0.347547 0.096857 0.091416 0.817575
1 0.761584 0.340631 0.028201 0.055564 0.075858
1 0.768416 0.341098 0.021939 0.050173 0.075858
1 0.782668 0.338548 0.043965 0.057112 0.075858
1 0.792734 0.336770 0.061199 0.063283 0.268941
1 0.793455 0.336489 0.060031 0.063903 0.182426
1 0.798434 0.340976 0.055053 0.055012 0.047426
1 0.843145 0.344507 0.041557 0.043379 0.047426
1 0.844408 0.344986 0.042618 0.041192 0.075858
1 0.845176 0.345201 0.040537 0.040839 0.119203
1 0.858893 0.342703 0.040650 0.045192 0.002473
1 0.951502 0.346019 0.097003 0.089979 0.500000
1 0.951469 0.346232 0.097117 0.089573 0.880797
1 0.951464 0.346237 0.097084 0.089550 0.924142
1 0.950813 0.346329 0.098393 0.089286 0.880797
2 0.598496 0.298244 0.088102 0.166936 0.001501
2 0.598171 0.289498 0.093198 0.163057 0.002473
2 0.598357 0.285940 0.093539 0.155451 0.001501
2 0.705514 0.300084 0.118150 0.139958 0.001501
2 0.702976 0.301946 0.115934 0.140972 0.001501
2 0.868430 0.329652 0.047988 0.058328 0.001501
2 0.477295 0.325472 0.011134 0.020925 0.002473
2 0.868081 0.330333 0.048803 0.057920 0.004070
2 0.869722 0.331355 0.046310 0.059085 0.006693
2 0.872176 0.331142 0.042066 0.059395 0.006693
3 0.602421 0.285475 0.088869 0.161490 0.010987
3 0.600933 0.285309 0.092800 0.155024 0.047426
3 0.599215 0.282834 0.091440 0.149529 0.029312
3 0.601125 0.283415 0.095560 0.150699 0.004070
3 0.601110 0.290876 0.090802 0.160737 0.029312
3 0.600034 0.286354 0.093197 0.151637 0.047426
3 0.599027 0.285763 0.091871 0.150290 0.075858
3 0.601232 0.284999 0.092887 0.154133 0.047426
3 0.700530 0.301818 0.112684 0.136093 0.377541
3 0.700921 0.301788 0.113691 0.136092 0.622459
3 0.598496 0.298244 0.088102 0.166936 0.029312
3 0.598171 0.289498 0.093198 0.163057 0.047426
3 0.598357 0.285940 0.093539 0.155451 0.075858
3 0.601540 0.286979 0.090858 0.142275 0.047426
3 0.702980 0.301741 0.116339 0.136281 0.817575
3 0.701985 0.301985 0.114797 0.136226 0.817575
3 0.702795 0.303128 0.116317 0.138506 0.880797
3 0.701366 0.301846 0.119291 0.141028 0.731059
3 0.788032 0.317745 0.075932 0.085191 0.004070
3 0.790497 0.318985 0.079037 0.084022 0.001501
3 0.795118 0.320236 0.080903 0.093403 0.001501
3 0.372785 0.324048 0.048354 0.048981 0.004070
3 0.375571 0.325965 0.051026 0.052768 0.010987
3 0.374888 0.326318 0.047896 0.053577 0.004070
3 0.507054 0.320447 0.011117 0.044781 0.004070
3 0.534719 0.322350 0.052549 0.085270 0.731059
3 0.534041 0.322161 0.051122 0.084850 0.500000
3 0.534730 0.321880 0.052496 0.086164 0.622459
3 0.592800 0.329354 0.081236 0.106335 0.002473
3 0.594941 0.301893 0.086071 0.151122 0.001501
3 0.655810 0.325251 0.025261 0.074780 0.006693
3 0.705514 0.300084 0.118150 0.139958 0.817575
3 0.702976 0.301946 0.115934 0.140972 0.731059
3 0.704152 0.299683 0.119807 0.140990 0.817575
3 0.702434 0.299794 0.123255 0.140773 0.622459
3 0.704106 0.302238 0.117419 0.135861 0.004070
3 0.777015 0.325547 0.061712 0.079760 0.004070
3 0.789888 0.329555 0.071878 0.067707 0.006693
3 0.791859 0.331642 0.068713 0.066986 0.002473
3 0.791903 0.332127 0.067863 0.067817 0.001501
3 0.792382 0.331425 0.067345 0.069995 0.002473
3 0.798056 0.329201 0.077418 0.070425 0.004070
3 0.867299 0.329077 0.051296 0.059073 0.002473
3 0.868430 0.329652 0.047988 0.058328 0.001501
3 0.870012 0.328863 0.046803 0.055547 0.001501
3 0.375388 0.326563 0.051014 0.049657 0.004070
3 0.379055 0.326741 0.054729 0.049649 0.010987
3 0.377408 0.328477 0.051645 0.051442 0.017986
3 0.458902 0.327159 0.007213 0.040337 0.001501
3 0.470643 0.325476 0.005703 0.021025 0.002473
3 0.477295 0.325472 0.011134 0.020925 0.001501
3 0.492350 0.326624 0.015542 0.018648 0.010987
3 0.506227 0.328298 0.012586 0.031707 0.006693
3 0.534056 0.322286 0.051116 0.085081 0.622459
3 0.534594 0.322286 0.050022 0.085074 0.268941
3 0.534734 0.322151 0.052466 0.084869 0.500000
3 0.534596 0.322223 0.050085 0.086513 0.268941
3 0.657110 0.326232 0.021851 0.069574 0.010987
3 0.704288 0.304751 0.116240 0.135364 0.500000
3 0.704035 0.304030 0.117072 0.136832 0.268941
3 0.702815 0.304294 0.122604 0.136312 0.002473
3 0.742002 0.322145 0.055947 0.095607 0.001501
3 0.764251 0.335418 0.027701 0.059587 0.006693
3 0.779723 0.335850 0.047193 0.060548 0.002473
3 0.791103 0.334488 0.064724 0.067188 0.001501
3 0.791301 0.332718 0.064391 0.068027 0.001501
3 0.804951 0.331840 0.074933 0.064336 0.001501
3 0.843652 0.340399 0.044748 0.046454 0.001501
3 0.852506 0.336140 0.044284 0.053192 0.010987
3 0.868081 0.330333 0.048803 0.057920 0.004070
3 0.869722 0.331355 0.046310 0.059085 0.004070
3 0.370709 0.337642 0.038239 0.033099 0.002473
3 0.379058 0.333801 0.046630 0.045986 0.001501
3 0.505479 0.329257 0.014172 0.034006 0.002473
3 0.534721 0.322422 0.052490 0.084361 0.500000
3 0.534728 0.322314 0.052446 0.085031 0.500000
3 0.534038 0.322120 0.051170 0.084463 0.500000
3 0.657616 0.326897 0.020045 0.068260 0.004070
3 0.763867 0.338774 0.026073 0.053610 0.010987
3 0.767117 0.341619 0.023148 0.048436 0.004070
3 0.791844 0.335866 0.062499 0.062052 0.001501
3 0.791390 0.334840 0.061137 0.063808 0.001501
3 0.845125 0.343635 0.041183 0.040407 0.001501
3 0.845205 0.344690 0.040640 0.039123 0.001501
3 0.861078 0.336399 0.037034 0.049083 0.004070
3 0.872176 0.331142 0.042066 0.059395 0.004070
3 0.761584 0.340631 0.028201 0.055564 0.006693
3 0.768416 0.341098 0.021939 0.050173 0.001501
3 0.792734 0.336770 0.061199 0.063283 0.001501
3 0.845176 0.345201 0.040537 0.040839 0.001501
3 0.155260 0.340783 0.310814 0.636120 0.001501
3 0.155113 0.341324 0.310318 0.639899 0.851953
3 0.155500 0.344062 0.311051 0.645184 0.880797
3 0.155197 0.344361 0.313557 0.639570 0.880797
3 0.154513 0.355018 0.316040 0.612374 0.851953
3 0.154562 0.346769 0.312425 0.644810 0.817575
3 0.155875 0.348392 0.311785 0.641932 0.851953
3 0.155331 0.351104 0.313819 0.636194 0.851953
3 0.154717 0.361943 0.316291 0.609051 0.817575
3 0.155780 0.371506 0.311598 0.595655 0.731059
3 0.155707 0.371052 0.314570 0.591524 0.851953
4 0.379058 0.333801 0.046630 0.045986 0.002473
4 0.397188 0.333162 0.011474 0.059164 0.004070
4 0.410939 0.338418 0.012443 0.036852 0.004070
4 0.417006 0.339358 0.013227 0.049537 0.001501
4 0.395961 0.335864 0.011180 0.059441 0.001501
5 0.655810 0.325251 0.025261 0.074780 0.001501
5 0.798056 0.329201 0.077418 0.070425 0.004070
5 0.818535 0.329627 0.054213 0.067874 0.017986
5 0.850616 0.330085 0.066709 0.068374 0.006693
5 0.394972 0.332039 0.015958 0.061349 0.006693
5 0.411299 0.334939 0.015484 0.048370 0.004070
5 0.421668 0.332664 0.010430 0.062787 0.001501
5 0.448107 0.328611 0.015630 0.068257 0.004070
5 0.458902 0.327159 0.007213 0.040337 0.001501
5 0.506227 0.328298 0.012586 0.031707 0.002473
5 0.657110 0.326232 0.021851 0.069574 0.006693
5 0.804951 0.331840 0.074933 0.064336 0.006693
5 0.841018 0.340517 0.047565 0.046985 0.075858
5 0.843652 0.340399 0.044748 0.046454 0.029312
5 0.852506 0.336140 0.044284 0.053192 0.006693
5 0.379058 0.333801 0.046630 0.045986 0.004070
5 0.397188 0.333162 0.011474 0.059164 0.017986
5 0.410939 0.338418 0.012443 0.036852 0.047426
5 0.417006 0.339358 0.013227 0.049537 0.010987
5 0.430324 0.329893 0.014373 0.066705 0.004070
5 0.448131 0.328892 0.015586 0.069020 0.010987
5 0.505479 0.329257 0.014172 0.034006 0.002473
5 0.657616 0.326897 0.020045 0.068260 0.006693
5 0.800157 0.337580 0.070003 0.057964 0.010987
5 0.844180 0.343013 0.040173 0.040779 0.017986
5 0.845125 0.343635 0.041183 0.040407 0.017986
5 0.845205 0.344690 0.040640 0.039123 0.006693
5 0.861078 0.336399 0.037034 0.049083 0.002473
5 0.395961 0.335864 0.011180 0.059441 0.001501
5 0.421957 0.335214 0.009406 0.062024 0.002473
5 0.782668 0.338548 0.043965 0.057112 0.006693
5 0.798434 0.340976 0.055053 0.055012 0.010987
5 0.843145 0.344507 0.041557 0.043379 0.029312
5 0.844408 0.344986 0.042618 0.041192 0.017986
5 0.845176 0.345201 0.040537 0.040839 0.002473
