1 0.006287 0.134484 0.012605 0.027592 0.001501
1 0.325236 0.311361 0.016643 0.021804 0.001501
1 0.386735 0.326046 0.051567 0.051104 0.731059
1 0.387487 0.324907 0.053086 0.048819 0.731059
1 0.477861 0.311742 0.013734 0.024341 0.001501
1 0.491043 0.315789 0.017966 0.035094 0.047426
1 0.533903 0.315869 0.032206 0.048441 0.500000
1 0.533945 0.316477 0.032125 0.049685 0.731059
1 0.534436 0.314552 0.034208 0.050899 0.731059
1 0.589840 0.307876 0.023951 0.019256 0.001501
1 0.591371 0.308510 0.020420 0.017833 0.004070
1 0.386058 0.324485 0.052917 0.049755 0.817575
1 0.386734 0.324939 0.051537 0.048831 0.817575
1 0.387488 0.324936 0.053084 0.048825 0.880797
1 0.386813 0.326074 0.054451 0.051042 0.880797
1 0.419563 0.318314 0.011136 0.016899 0.029312
1 0.428496 0.318492 0.010155 0.012031 0.119203
1 0.439044 0.318492 0.011329 0.012033 0.119203
1 0.457218 0.316577 0.011446 0.013474 0.001501
1 0.476967 0.316417 0.009755 0.017997 0.182426
1 0.492121 0.318397 0.018865 0.029948 0.622459
1 0.506323 0.318140 0.009626 0.017215 0.002473
1 0.534393 0.315844 0.034277 0.048281 0.500000
1 0.533926 0.315820 0.032149 0.048323 0.622459
1 0.533671 0.316457 0.032667 0.049647 0.622459
1 0.386828 0.326091 0.054449 0.051085 0.880797
1 0.386822 0.324955 0.054437 0.048811 0.880797
1 0.386725 0.325253 0.051560 0.048216 0.924142
1 0.387484 0.326403 0.053111 0.050459 0.924142
1 0.733929 0.372912 0.243076 0.217818 0.029312
1 0.733297 0.373742 0.241601 0.216134 0.880797
1 0.733362 0.374719 0.239577 0.223071 0.924142
1 0.733044 0.374041 0.237140 0.221812 0.904651
1 0.733701 0.373050 0.239168 0.220378 0.222700
1 0.168069 0.427637 0.339320 0.389310 0.924142
1 0.167869 0.427021 0.338864 0.385593 0.952574
1 0.166230 0.428244 0.341897 0.388169 0.939913
1 0.166319 0.426869 0.341326 0.385689 0.222700
1 0.732180 0.374041 0.238648 0.224562 0.924142
1 0.733300 0.374036 0.239566 0.224714 0.924142
1 0.732766 0.374038 0.237635 0.224728 0.939913
1 0.732932 0.373039 0.237439 0.226181 0.924142
1 0.168235 0.427063 0.339616 0.385516 0.939913
1 0.167310 0.427158 0.340786 0.385347 0.939913
1 0.166306 0.427326 0.342057 0.384979 0.952574
1 0.167236 0.427151 0.340203 0.385235 0.939913
1 0.733420 0.372711 0.239354 0.225520 0.939913
1 0.732983 0.373695 0.237294 0.223699 0.924142
1 0.732924 0.374491 0.237629 0.225373 0.562177
1 0.168436 0.424994 0.340034 0.385000 0.002473
1 0.169100 0.425540 0.338238 0.383872 0.952574
1 0.167254 0.427444 0.341140 0.384845 0.939913
2 0.461821 0.310044 0.015785 0.020961 0.017986
2 0.462159 0.309424 0.017854 0.019698 0.017986
2 0.477861 0.311742 0.013734 0.024341 0.047426
2 0.491043 0.315789 0.017966 0.035094 0.001501
2 0.503027 0.310336 0.013714 0.028316 0.006693
2 0.533903 0.315869 0.032206 0.048441 0.047426
2 0.533945 0.316477 0.032125 0.049685 0.047426
2 0.534436 0.314552 0.034208 0.050899 0.010987
2 0.589840 0.307876 0.023951 0.019256 0.006693
2 0.591371 0.308510 0.020420 0.017833 0.010987
2 0.476967 0.316417 0.009755 0.017997 0.006693
2 0.534393 0.315844 0.034277 0.048281 0.047426
2 0.533926 0.315820 0.032149 0.048323 0.029312
2 0.533671 0.316457 0.032667 0.049647 0.029312
3 0.793872 0.270559 0.056636 0.031601 0.001501
3 0.791282 0.269722 0.059103 0.034830 0.002473
3 0.787575 0.281696 0.045821 0.027743 0.002473
3 0.790622 0.281558 0.051488 0.033790 0.004070
3 0.461821 0.310044 0.015785 0.020961 0.002473
3 0.462159 0.309424 0.017854 0.019698 0.001501
3 0.477861 0.311742 0.013734 0.024341 0.075858
3 0.491043 0.315789 0.017966 0.035094 0.182426
3 0.591371 0.308510 0.020420 0.017833 0.002473
3 0.428496 0.318492 0.010155 0.012031 0.002473
3 0.476967 0.316417 0.009755 0.017997 0.047426
3 0.492121 0.318397 0.018865 0.029948 0.017986
