0 0.933567 0.229915 0.011440 0.033715 0.002473
0 0.231283 0.323777 0.032447 0.056180 0.001501
0 0.232807 0.329780 0.027329 0.063813 0.029312
0 0.237913 0.330066 0.018443 0.064424 0.075858
0 0.330441 0.321684 0.008443 0.047099 0.010987
0 0.995736 0.294163 0.008707 0.166630 0.001501
0 0.164292 0.322615 0.011977 0.048924 0.001501
0 0.233041 0.333305 0.027577 0.047305 0.017986
0 0.233895 0.332868 0.026824 0.056785 0.075858
0 0.310096 0.325827 0.008433 0.032237 0.006693
0 0.327741 0.326900 0.011708 0.034505 0.004070
0 0.529627 0.321676 0.006272 0.023687 0.002473
0 0.995730 0.292998 0.008604 0.171850 0.004070
0 0.165299 0.327172 0.008812 0.040810 0.002473
0 0.233045 0.335615 0.031607 0.046968 0.006693
0 0.232519 0.333319 0.026856 0.047155 0.029312
0 0.233392 0.333687 0.025371 0.055384 0.119203
0 0.309148 0.327538 0.006985 0.035728 0.006693
0 0.328462 0.331921 0.010158 0.039563 0.006693
0 0.996120 0.293550 0.007799 0.163320 0.001501
0 0.235101 0.335226 0.023512 0.062123 0.010987
0 0.239074 0.336626 0.013931 0.060983 0.119203
0 0.994465 0.291623 0.011109 0.191373 0.001501
1 0.770101 0.309264 0.108830 0.076920 0.182426
1 0.769056 0.308100 0.104839 0.079732 0.500000
1 0.770200 0.306040 0.105420 0.075728 0.500000
1 0.768315 0.302171 0.102986 0.067973 0.268941
1 0.772285 0.294342 0.095036 0.052281 0.182426
1 0.011592 0.341450 0.023279 0.113637 0.002473
1 0.473968 0.328503 0.060160 0.083346 0.880797
1 0.473341 0.330753 0.059185 0.083328 0.817575
1 0.688589 0.322691 0.030373 0.053047 0.010987
1 0.688830 0.321743 0.029619 0.055117 0.002473
1 0.705430 0.320523 0.039331 0.053171 0.004070
1 0.762576 0.312712 0.095710 0.072593 0.001501
1 0.769195 0.309864 0.107437 0.083447 0.010987
1 0.771176 0.311043 0.111454 0.080670 0.377541
1 0.768696 0.311087 0.105424 0.080766 0.622459
1 0.768155 0.308256 0.105765 0.080128 0.500000
1 0.766892 0.306032 0.104994 0.075678 0.500000
1 0.771614 0.298071 0.098362 0.054834 0.047426
1 0.787007 0.310851 0.099426 0.075064 0.002473
1 0.892962 0.314920 0.160952 0.120192 0.817575
1 0.892951 0.313782 0.160930 0.122451 0.817575
1 0.894453 0.313767 0.157955 0.122427 0.880797
1 0.233513 0.334339 0.034449 0.045112 0.075858
1 0.233041 0.333305 0.027577 0.047305 0.029312
1 0.233895 0.332868 0.026824 0.056785 0.004070
1 0.242262 0.327833 0.040743 0.025646 0.182426
1 0.256131 0.327241 0.033491 0.024774 0.001501
1 0.319682 0.327689 0.023636 0.025377 0.010987
1 0.339254 0.320383 0.027693 0.021030 0.002473
1 0.474011 0.330747 0.060074 0.083413 0.817575
1 0.473526 0.332043 0.058819 0.085916 0.880797
1 0.474058 0.332041 0.059882 0.085909 0.880797
1 0.473874 0.332025 0.060258 0.085917 0.880797
1 0.553648 0.318055 0.026839 0.021171 0.017986
1 0.566034 0.320367 0.032334 0.020932 0.500000
1 0.567117 0.320512 0.034086 0.025712 0.377541
1 0.569812 0.320376 0.032465 0.020908 0.268941
1 0.587208 0.322569 0.034479 0.027396 0.002473
1 0.687165 0.323996 0.027601 0.050527 0.017986
1 0.687807 0.323920 0.028800 0.050744 0.006693
1 0.701614 0.322554 0.039054 0.052122 0.006693
1 0.721882 0.321927 0.031663 0.054694 0.002473
1 0.746016 0.317917 0.059062 0.062710 0.001501
1 0.770306 0.308633 0.109435 0.080865 0.622459
1 0.768820 0.309914 0.106126 0.083344 0.500000
1 0.769420 0.308359 0.106367 0.080244 0.622459
1 0.767729 0.311317 0.108679 0.086220 0.017986
1 0.789284 0.324490 0.119648 0.102281 0.004070
1 0.892290 0.313684 0.159600 0.117640 0.817575
1 0.892883 0.312528 0.160998 0.119839 0.880797
1 0.893756 0.312531 0.159392 0.119933 0.924142
1 0.892345 0.313846 0.159481 0.122438 0.880797
1 0.027808 0.356348 0.055777 0.131323 0.002473
1 0.233045 0.335615 0.031607 0.046968 0.017986
1 0.232519 0.333319 0.026856 0.047155 0.017986
1 0.233392 0.333687 0.025371 0.055384 0.006693
1 0.240700 0.334663 0.043927 0.034638 0.010987
1 0.473899 0.330771 0.060302 0.083351 0.880797
1 0.473928 0.330775 0.060181 0.083354 0.817575
1 0.473455 0.332054 0.058957 0.080802 0.924142
1 0.473875 0.330759 0.060255 0.083374 0.924142
1 0.688521 0.324568 0.027200 0.049642 0.010987
1 0.688283 0.324086 0.030114 0.050608 0.006693
1 0.702439 0.323325 0.033867 0.052233 0.001501
1 0.722504 0.324344 0.017957 0.050099 0.001501
1 0.727622 0.324802 0.027148 0.053750 0.001501
1 0.752564 0.310629 0.073837 0.077791 0.002473
1 0.770150 0.310091 0.109492 0.084220 0.002473
1 0.769444 0.311491 0.107065 0.086941 0.075858
1 0.771621 0.313735 0.107961 0.086246 0.002473
1 0.892238 0.313772 0.159581 0.117745 0.924142
1 0.892758 0.314521 0.161299 0.115709 0.880797
1 0.892257 0.313696 0.159594 0.117594 0.924142
1 0.773695 0.326781 0.101810 0.114485 0.001501
1 0.775667 0.327753 0.106560 0.117238 0.001501
3 0.654891 0.289758 0.084246 0.163149 0.002473
3 0.231283 0.323777 0.032447 0.056180 0.004070
3 0.654120 0.287395 0.082652 0.153624 0.002473
3 0.655471 0.283974 0.086376 0.151810 0.002473
3 0.233513 0.334339 0.034449 0.045112 0.029312
3 0.233041 0.333305 0.027577 0.047305 0.002473
3 0.242262 0.327833 0.040743 0.025646 0.001501
3 0.566034 0.320367 0.032334 0.020932 0.001501
3 0.567117 0.320512 0.034086 0.025712 0.001501
3 0.569812 0.320376 0.032465 0.020908 0.002473
3 0.233045 0.335615 0.031607 0.046968 0.002473
4 0.011592 0.341450 0.023279 0.113637 0.002473
4 0.612095 0.330218 0.018524 0.026027 0.004070
4 0.613199 0.333121 0.020615 0.031715 0.006693
4 0.027808 0.356348 0.055777 0.131323 0.731059
4 0.028525 0.355383 0.054005 0.128029 0.731059
4 0.027742 0.359413 0.055577 0.124789 0.731059
4 0.062177 0.340945 0.025664 0.063340 0.002473
4 0.233045 0.335615 0.031607 0.046968 0.002473
4 0.321781 0.330777 0.015825 0.031085 0.006693
4 0.328462 0.331921 0.010158 0.039563 0.004070
4 0.612410 0.340466 0.021911 0.051099 0.001501
4 0.612511 0.344299 0.025117 0.053969 0.004070
4 0.027755 0.358183 0.055562 0.126930 0.731059
4 0.027761 0.357872 0.055530 0.127449 0.817575
4 0.027748 0.358694 0.055571 0.125865 0.817575
4 0.027811 0.360656 0.055720 0.117509 0.731059
4 0.612522 0.345149 0.025065 0.055417 0.001501
4 0.027817 0.359511 0.055721 0.124423 0.817575
4 0.027832 0.358955 0.055670 0.120917 0.817575
4 0.027819 0.358760 0.055705 0.121187 0.817575
4 0.027907 0.362764 0.055985 0.117642 0.017986
4 0.034845 0.363935 0.048325 0.105240 0.002473
4 0.028117 0.359955 0.056228 0.119093 0.010987
5 0.011592 0.341450 0.023279 0.113637 0.002473
5 0.019589 0.346618 0.039118 0.123409 0.001501
5 0.232807 0.329780 0.027329 0.063813 0.002473
5 0.038740 0.356848 0.036411 0.108267 0.002473
5 0.056813 0.340996 0.026000 0.064602 0.004070
5 0.063912 0.339133 0.022616 0.066865 0.006693
5 0.233513 0.334339 0.034449 0.045112 0.010987
5 0.233041 0.333305 0.027577 0.047305 0.268941
5 0.233895 0.332868 0.026824 0.056785 0.029312
5 0.612095 0.330218 0.018524 0.026027 0.004070
5 0.613199 0.333121 0.020615 0.031715 0.002473
5 0.027808 0.356348 0.055777 0.131323 0.010987
5 0.028525 0.355383 0.054005 0.128029 0.004070
5 0.027742 0.359413 0.055577 0.124789 0.010987
5 0.062177 0.340945 0.025664 0.063340 0.001501
5 0.064109 0.342007 0.025303 0.067962 0.004070
5 0.233045 0.335615 0.031607 0.046968 0.047426
5 0.232519 0.333319 0.026856 0.047155 0.268941
5 0.233392 0.333687 0.025371 0.055384 0.029312
5 0.321781 0.330777 0.015825 0.031085 0.001501
5 0.612410 0.340466 0.021911 0.051099 0.004070
5 0.612511 0.344299 0.025117 0.053969 0.004070
5 0.027811 0.360656 0.055720 0.117509 0.006693
5 0.064029 0.344340 0.025719 0.070842 0.001501
5 0.235101 0.335226 0.023512 0.062123 0.001501
5 0.612436 0.346614 0.025318 0.058923 0.029312
5 0.612522 0.345149 0.025065 0.055417 0.017986
