0 0.947207 0.290222 0.008815 0.040071 0.004070
0 0.556873 0.319306 0.008228 0.042407 0.001501
0 0.947659 0.293096 0.010811 0.046040 0.002473
0 0.115601 0.337908 0.009286 0.056033 0.006693
0 0.545389 0.321653 0.006307 0.023533 0.010987
0 0.556788 0.325662 0.005664 0.031740 0.017986
0 0.056256 0.348965 0.006775 0.036678 0.001501
0 0.115597 0.341252 0.009323 0.056889 0.004070
0 0.557872 0.326120 0.006234 0.038485 0.001501
1 0.977217 0.256706 0.045805 0.084355 0.001501
1 0.973533 0.261489 0.054078 0.078127 0.001501
1 0.974590 0.260754 0.054222 0.084886 0.001501
1 0.976291 0.262236 0.047564 0.088792 0.001501
1 0.977869 0.262883 0.044366 0.095795 0.002473
1 0.973855 0.273763 0.052359 0.109218 0.004070
1 0.981938 0.281531 0.036171 0.115902 0.002473
1 0.011792 0.324716 0.023638 0.210698 0.002473
1 0.013450 0.322036 0.026877 0.209310 0.002473
1 0.972218 0.298660 0.058778 0.075311 0.182426
1 0.970393 0.303229 0.059284 0.083809 0.377541
1 0.970626 0.302683 0.058860 0.088125 0.377541
1 0.013305 0.336363 0.026642 0.155683 0.017986
1 0.013333 0.335481 0.026655 0.157329 0.017986
1 0.971847 0.301703 0.056510 0.074442 0.017986
1 0.970487 0.304526 0.059189 0.084089 0.377541
1 0.970290 0.304711 0.059486 0.084377 0.500000
1 0.969543 0.306720 0.057979 0.091036 0.622459
1 0.012522 0.343997 0.028139 0.145135 0.047426
1 0.013334 0.341700 0.026652 0.149811 0.047426
1 0.190724 0.350866 0.078335 0.057887 0.004070
1 0.190223 0.350860 0.080434 0.057924 0.182426
1 0.356762 0.325913 0.030599 0.032822 0.075858
1 0.356818 0.326322 0.030544 0.033058 0.182426
1 0.357243 0.326038 0.029754 0.032463 0.182426
1 0.378775 0.324064 0.012415 0.013999 0.002473
1 0.395305 0.324960 0.012637 0.011745 0.268941
1 0.407751 0.324960 0.012636 0.011742 0.182426
1 0.447776 0.324969 0.026343 0.034587 0.817575
1 0.447790 0.324520 0.026376 0.033703 0.817575
1 0.490622 0.322021 0.031258 0.032312 0.817575
1 0.490625 0.322016 0.031255 0.032291 0.817575
1 0.490172 0.321352 0.033351 0.033652 0.119203
1 0.517756 0.320365 0.018756 0.020864 0.377541
1 0.525250 0.320468 0.028344 0.025804 0.119203
1 0.970858 0.305258 0.058655 0.077555 0.182426
1 0.970399 0.304766 0.059400 0.086012 0.268941
1 0.970279 0.304812 0.059482 0.087151 0.268941
1 0.970267 0.306456 0.059529 0.090963 0.500000
1 0.013264 0.343933 0.026608 0.140607 0.075858
1 0.013970 0.346609 0.027942 0.140231 0.119203
1 0.190713 0.350936 0.078360 0.057820 0.880797
1 0.190669 0.351102 0.078281 0.057448 0.880797
1 0.189906 0.352004 0.079809 0.059265 0.880797
1 0.190673 0.351256 0.078273 0.057181 0.880797
1 0.190133 0.350133 0.080403 0.054988 0.017986
1 0.356746 0.326768 0.030567 0.034839 0.002473
1 0.356295 0.328202 0.031587 0.032345 0.006693
1 0.357053 0.328172 0.032848 0.031989 0.006693
1 0.447796 0.325998 0.026364 0.036902 0.004070
1 0.970322 0.321608 0.059608 0.119865 0.029312
1 0.970794 0.320266 0.058435 0.119859 0.119203
1 0.970383 0.322295 0.059372 0.121746 0.268941
1 0.013943 0.346938 0.027965 0.139512 0.075858
1 0.013280 0.348122 0.026562 0.142154 0.119203
1 0.190122 0.351698 0.077330 0.056466 0.004070
1 0.190958 0.351179 0.078851 0.057298 0.817575
1 0.190195 0.351178 0.080380 0.057289 0.880797
1 0.190673 0.351136 0.078275 0.057386 0.880797
1 0.190674 0.351139 0.078274 0.057392 0.924142
1 0.191616 0.350078 0.077478 0.055128 0.817575
1 0.969249 0.333417 0.062173 0.142856 0.010987
1 0.970307 0.332679 0.059605 0.145187 0.047426
1 0.971171 0.336954 0.057935 0.155957 0.029312
1 0.013266 0.349913 0.026611 0.133631 0.268941
1 0.013976 0.349904 0.027929 0.133552 0.182426
1 0.970938 0.336042 0.058308 0.150762 0.010987
1 0.982089 0.342714 0.035971 0.169670 0.002473
1 0.013267 0.353520 0.026584 0.126573 0.182426
1 0.014070 0.350815 0.025078 0.126748 0.075858
2 0.977217 0.256706 0.045805 0.084355 0.002473
2 0.982183 0.257324 0.035714 0.086256 0.002473
2 0.011697 0.285680 0.023876 0.281161 0.002473
2 0.012998 0.291153 0.026142 0.262512 0.002473
2 0.974590 0.260754 0.054222 0.084886 0.002473
2 0.976291 0.262236 0.047564 0.088792 0.006693
2 0.977869 0.262883 0.044366 0.095795 0.010987
2 0.011769 0.303791 0.023704 0.241554 0.010987
2 0.013589 0.308361 0.027231 0.232632 0.017986
2 0.973379 0.264856 0.053488 0.094533 0.002473
2 0.973855 0.273763 0.052359 0.109218 0.004070
2 0.981938 0.281531 0.036171 0.115902 0.002473
2 0.011792 0.324716 0.023638 0.210698 0.029312
2 0.013450 0.322036 0.026877 0.209310 0.029312
2 0.013305 0.336363 0.026642 0.155683 0.075858
2 0.013333 0.335481 0.026655 0.157329 0.119203
2 0.286614 0.324924 0.037633 0.053321 0.622459
2 0.286388 0.324917 0.036907 0.053299 0.817575
2 0.286361 0.324918 0.038053 0.053289 0.880797
2 0.356228 0.320562 0.031741 0.042194 0.001501
2 0.357029 0.320674 0.032928 0.039309 0.001501
2 0.012522 0.343997 0.028139 0.145135 0.047426
2 0.013334 0.341700 0.026652 0.149811 0.182426
2 0.286344 0.325672 0.037099 0.051894 0.622459
2 0.286601 0.325658 0.037500 0.051916 0.880797
2 0.286115 0.324984 0.037460 0.053259 0.880797
2 0.288849 0.324059 0.037866 0.042832 0.001501
2 0.356762 0.325913 0.030599 0.032822 0.001501
2 0.357243 0.326038 0.029754 0.032463 0.001501
2 0.378775 0.324064 0.012415 0.013999 0.001501
2 0.013264 0.343933 0.026608 0.140607 0.047426
2 0.013970 0.346609 0.027942 0.140231 0.119203
2 0.286451 0.325639 0.037329 0.051993 0.731059
2 0.286088 0.325677 0.037498 0.051919 0.817575
2 0.286091 0.323874 0.037508 0.050983 0.880797
2 0.286982 0.325307 0.040523 0.048650 0.006693
2 0.013943 0.346938 0.027965 0.139512 0.047426
2 0.013280 0.348122 0.026562 0.142154 0.075858
2 0.013266 0.349913 0.026611 0.133631 0.029312
2 0.013976 0.349904 0.027929 0.133552 0.029312
3 0.011697 0.285680 0.023876 0.281161 0.006693
3 0.012998 0.291153 0.026142 0.262512 0.002473
3 0.976291 0.262236 0.047564 0.088792 0.002473
3 0.977869 0.262883 0.044366 0.095795 0.002473
3 0.011769 0.303791 0.023704 0.241554 0.010987
3 0.013589 0.308361 0.027231 0.232632 0.010987
3 0.973855 0.273763 0.052359 0.109218 0.002473
3 0.981938 0.281531 0.036171 0.115902 0.001501
3 0.011792 0.324716 0.023638 0.210698 0.029312
3 0.013450 0.322036 0.026877 0.209310 0.010987
3 0.972218 0.298660 0.058778 0.075311 0.004070
3 0.970393 0.303229 0.059284 0.083809 0.004070
3 0.970626 0.302683 0.058860 0.088125 0.002473
3 0.013305 0.336363 0.026642 0.155683 0.182426
3 0.013333 0.335481 0.026655 0.157329 0.119203
3 0.356228 0.320562 0.031741 0.042194 0.119203
3 0.356287 0.320310 0.031605 0.039738 0.075858
3 0.357029 0.320674 0.032928 0.039309 0.075858
3 0.012522 0.343997 0.028139 0.145135 0.182426
3 0.013334 0.341700 0.026652 0.149811 0.268941
3 0.356762 0.325913 0.030599 0.032822 0.500000
3 0.356818 0.326322 0.030544 0.033058 0.377541
3 0.357243 0.326038 0.029754 0.032463 0.377541
3 0.517756 0.320365 0.018756 0.020864 0.002473
3 0.013264 0.343933 0.026608 0.140607 0.182426
3 0.013970 0.346609 0.027942 0.140231 0.500000
3 0.356746 0.326768 0.030567 0.034839 0.029312
3 0.356295 0.328202 0.031587 0.032345 0.004070
3 0.357053 0.328172 0.032848 0.031989 0.006693
3 0.013943 0.346938 0.027965 0.139512 0.182426
3 0.013280 0.348122 0.026562 0.142154 0.377541
3 0.013266 0.349913 0.026611 0.133631 0.268941
3 0.013976 0.349904 0.027929 0.133552 0.268941
3 0.013267 0.353520 0.026584 0.126573 0.006693
3 0.014070 0.350815 0.025078 0.126748 0.002473
3 0.725077 0.324896 0.306412 0.360297 0.320821
3 0.725726 0.322842 0.313041 0.359362 0.817575
3 0.724278 0.323042 0.308012 0.363827 0.017986
3 0.726406 0.326807 0.309117 0.356536 0.851953
3 0.725028 0.324309 0.309104 0.356495 0.851953
3 0.725043 0.324630 0.311687 0.360879 0.880797
3 0.724235 0.322235 0.307856 0.360683 0.880797
3 0.725775 0.327470 0.310625 0.355440 0.851953
3 0.725736 0.326395 0.307730 0.357504 0.880797
3 0.726369 0.325132 0.308996 0.360035 0.904651
3 0.724242 0.322967 0.307848 0.359420 0.880797
3 0.724995 0.327559 0.309103 0.360013 0.095349
3 0.724346 0.328359 0.307653 0.358385 0.148047
