0 0.004820 0.284531 0.009662 0.028074 0.001501
0 0.909664 0.326045 0.017102 0.097693 0.001501
0 0.790820 0.320894 0.010494 0.049172 0.002473
0 0.809818 0.328301 0.016951 0.088054 0.004070
0 0.811534 0.331102 0.019110 0.082533 0.001501
0 0.207483 0.331740 0.007035 0.043794 0.004070
0 0.230017 0.324300 0.007061 0.033314 0.006693
0 0.598895 0.324116 0.014879 0.023753 0.001501
0 0.810352 0.337405 0.015042 0.070303 0.004070
0 0.812008 0.335809 0.018114 0.073332 0.004070
0 0.207682 0.334660 0.009700 0.044725 0.001501
0 0.229191 0.332197 0.008838 0.044604 0.002473
0 0.810364 0.338441 0.015018 0.068068 0.002473
0 0.812307 0.337259 0.017505 0.070487 0.002473
0 0.810516 0.339575 0.013120 0.061314 0.001501
0 0.814162 0.343721 0.015967 0.057557 0.001501
0 0.905740 0.345866 0.018127 0.084332 0.047426
0 0.977389 0.349756 0.045578 0.079181 0.002473
0 0.981189 0.345267 0.034623 0.090979 0.004070
1 0.671649 0.313570 0.034938 0.034330 0.001501
1 0.672121 0.313497 0.033977 0.034145 0.004070
1 0.896708 0.333996 0.066724 0.075475 0.001501
1 0.974701 0.337843 0.048153 0.091707 0.002473
1 0.976995 0.339201 0.046069 0.092943 0.029312
1 0.982240 0.339043 0.035565 0.093285 0.017986
1 0.329176 0.326454 0.041689 0.037637 0.004070
1 0.358968 0.327758 0.017948 0.020897 0.731059
1 0.359530 0.328659 0.019188 0.019145 0.029312
1 0.398016 0.324945 0.013121 0.011726 0.047426
1 0.401594 0.324045 0.013951 0.013524 0.017986
1 0.418756 0.318083 0.012552 0.020940 0.006693
1 0.432190 0.322015 0.004887 0.009449 0.001501
1 0.442074 0.322893 0.006454 0.007724 0.001501
1 0.459579 0.322011 0.009661 0.009454 0.075858
1 0.467857 0.321642 0.011304 0.018333 0.075858
1 0.485256 0.325629 0.026312 0.031393 0.731059
1 0.485287 0.325651 0.026371 0.031446 0.622459
1 0.510881 0.324062 0.013926 0.013556 0.029312
1 0.517209 0.325332 0.015649 0.016073 0.268941
1 0.558361 0.324023 0.055247 0.069979 0.001501
1 0.598895 0.324116 0.014879 0.023753 0.001501
1 0.602101 0.324178 0.017870 0.018410 0.006693
1 0.636084 0.323113 0.036597 0.026558 0.047426
1 0.636487 0.322936 0.033249 0.026047 0.500000
1 0.636452 0.321796 0.033160 0.028247 0.500000
1 0.670613 0.320913 0.033519 0.030095 0.377541
1 0.672773 0.321799 0.035808 0.028285 0.500000
1 0.671224 0.322040 0.035891 0.032380 0.500000
1 0.697397 0.325794 0.058527 0.031812 0.047426
1 0.701171 0.324367 0.053444 0.033496 0.075858
1 0.708555 0.329022 0.063535 0.042886 0.017986
1 0.752855 0.332432 0.081100 0.053154 0.500000
1 0.753684 0.331298 0.077901 0.050903 0.731059
1 0.753709 0.332427 0.077551 0.053179 0.731059
1 0.753570 0.331302 0.077665 0.050899 0.622459
1 0.754718 0.330643 0.075391 0.052206 0.622459
1 0.881406 0.341064 0.112823 0.077741 0.880797
1 0.879024 0.342017 0.108086 0.079306 0.817575
1 0.879008 0.342015 0.108048 0.079305 0.817575
1 0.878475 0.340942 0.107067 0.077956 0.731059
1 0.934952 0.342617 0.024398 0.047075 0.047426
1 0.936729 0.342800 0.020851 0.047409 0.047426
1 0.967297 0.341674 0.060111 0.064611 0.029312
1 0.976994 0.344940 0.046134 0.082808 0.268941
1 0.976402 0.344503 0.044167 0.083605 0.268941
1 0.978130 0.344871 0.043821 0.084301 0.500000
1 0.328370 0.326030 0.040142 0.040470 0.001501
1 0.327994 0.326927 0.040951 0.038643 0.001501
1 0.327997 0.326865 0.040961 0.038800 0.002473
1 0.633421 0.330889 0.032408 0.042986 0.001501
1 0.636820 0.328695 0.033917 0.037984 0.002473
1 0.638145 0.328049 0.032206 0.036976 0.001501
1 0.669853 0.326497 0.032182 0.037899 0.004070
1 0.672369 0.326438 0.035222 0.037979 0.002473
1 0.674966 0.328055 0.035149 0.036680 0.010987
1 0.699755 0.329578 0.063080 0.039683 0.047426
1 0.701538 0.330707 0.063565 0.042190 0.075858
1 0.716874 0.331855 0.088943 0.044856 0.010987
1 0.752241 0.333285 0.083066 0.051439 0.500000
1 0.752577 0.332394 0.080115 0.053192 0.622459
1 0.753536 0.332170 0.077886 0.049150 0.731059
1 0.754345 0.330617 0.076302 0.052280 0.731059
1 0.755651 0.331247 0.073423 0.050998 0.622459
1 0.882026 0.341912 0.110988 0.079681 0.731059
1 0.879029 0.340987 0.108060 0.077831 0.817575
1 0.879403 0.341173 0.108835 0.077459 0.880797
1 0.879680 0.340663 0.106239 0.078474 0.817575
1 0.935790 0.343148 0.025505 0.047178 0.075858
1 0.937408 0.343271 0.022190 0.045126 0.075858
1 0.965850 0.343781 0.055616 0.062613 0.017986
1 0.977344 0.346953 0.045493 0.081919 0.268941
1 0.977263 0.345585 0.045507 0.082815 0.377541
1 0.977637 0.345464 0.044830 0.083840 0.500000
1 0.882011 0.341051 0.110926 0.078038 0.119203
1 0.880241 0.341173 0.107431 0.077473 0.880797
1 0.879640 0.340781 0.106172 0.078193 0.880797
1 0.879569 0.340520 0.108825 0.078804 0.001501
1 0.934191 0.344181 0.028462 0.048466 0.075858
1 0.936619 0.345183 0.024123 0.046489 0.075858
1 0.965694 0.348536 0.056952 0.066269 0.017986
1 0.977239 0.346292 0.045685 0.081564 0.377541
1 0.977981 0.346263 0.044111 0.082251 0.377541
1 0.978083 0.344711 0.043913 0.083758 0.622459
1 0.970936 0.354241 0.049098 0.070529 0.001501
1 0.977389 0.349756 0.045578 0.079181 0.010987
1 0.977327 0.346868 0.042326 0.082280 0.119203
1 0.981189 0.345267 0.034623 0.090979 0.029312
2 0.420214 0.314759 0.015469 0.027433 0.002473
2 0.670194 0.314753 0.038637 0.037138 0.006693
2 0.671649 0.313570 0.034938 0.034330 0.010987
2 0.672121 0.313497 0.033977 0.034145 0.010987
2 0.398016 0.324945 0.013121 0.011726 0.001501
2 0.401594 0.324045 0.013951 0.013524 0.001501
2 0.418756 0.318083 0.012552 0.020940 0.622459
2 0.459579 0.322011 0.009661 0.009454 0.004070
2 0.467857 0.321642 0.011304 0.018333 0.029312
3 0.548117 0.319169 0.040540 0.055097 0.002473
3 0.558650 0.324048 0.057685 0.069923 0.817575
3 0.557902 0.321782 0.056127 0.069886 0.880797
3 0.558175 0.324042 0.055585 0.069884 0.880797
3 0.670194 0.314753 0.038637 0.037138 0.001501
3 0.326588 0.326814 0.043702 0.038396 0.047426
3 0.327983 0.326929 0.040950 0.038567 0.817575
3 0.328432 0.326012 0.040068 0.040308 0.817575
3 0.329176 0.326454 0.041689 0.037637 0.880797
3 0.418756 0.318083 0.012552 0.020940 0.047426
3 0.459579 0.322011 0.009661 0.009454 0.004070
3 0.467857 0.321642 0.011304 0.018333 0.010987
3 0.517209 0.325332 0.015649 0.016073 0.001501
3 0.558658 0.324038 0.057698 0.069926 0.817575
3 0.557885 0.324040 0.056155 0.069908 0.817575
3 0.558162 0.324039 0.055623 0.069899 0.924142
3 0.558361 0.324023 0.055247 0.069979 0.880797
3 0.976994 0.344940 0.046134 0.082808 0.001501
3 0.327654 0.326768 0.044775 0.042228 0.047426
3 0.328370 0.326030 0.040142 0.040470 0.817575
3 0.327994 0.326927 0.040951 0.038643 0.817575
3 0.327997 0.326865 0.040961 0.038800 0.817575
3 0.557910 0.324054 0.056139 0.069920 0.817575
3 0.557888 0.324047 0.056160 0.069886 0.817575
3 0.558178 0.324046 0.055589 0.069895 0.880797
4 0.674966 0.328055 0.035149 0.036680 0.001501
4 0.025548 0.366392 0.020346 0.048558 0.002473
4 0.026329 0.367498 0.019390 0.045883 0.001501
5 0.025321 0.359568 0.017756 0.062972 0.001501
5 0.674966 0.328055 0.035149 0.036680 0.004070
5 0.810516 0.339575 0.013120 0.061314 0.001501
5 0.965694 0.348536 0.056952 0.066269 0.001501
5 0.977239 0.346292 0.045685 0.081564 0.001501
5 0.977389 0.349756 0.045578 0.079181 0.004070
5 0.977327 0.346868 0.042326 0.082280 0.006693
5 0.981189 0.345267 0.034623 0.090979 0.004070
