0 0.012284 0.313281 0.024602 0.092113 0.001501
0 0.012628 0.316133 0.024984 0.086389 0.001501
0 0.403034 0.285365 0.016024 0.024127 0.002473
0 0.011643 0.319805 0.023336 0.092619 0.001501
0 0.013391 0.319726 0.023665 0.092458 0.002473
0 0.011432 0.319381 0.022897 0.096359 0.001501
0 0.012701 0.322196 0.025363 0.096380 0.001501
0 0.520210 0.322785 0.009730 0.031056 0.006693
1 0.136840 0.221049 0.126764 0.072332 0.001501
1 0.136923 0.220777 0.120267 0.066859 0.004070
1 0.143139 0.223589 0.110743 0.063062 0.004070
1 0.147749 0.219992 0.101534 0.056863 0.001501
1 0.152570 0.222442 0.091940 0.056061 0.001501
1 0.012284 0.313281 0.024602 0.092113 0.001501
1 0.289859 0.294878 0.024021 0.035594 0.006693
1 0.291362 0.294345 0.017720 0.031271 0.017986
1 0.403034 0.285365 0.016024 0.024127 0.001501
1 0.625697 0.305247 0.026728 0.051220 0.001501
1 0.626666 0.304820 0.025495 0.049153 0.004070
1 0.011643 0.319805 0.023336 0.092619 0.001501
1 0.073202 0.323633 0.122194 0.100795 0.002473
1 0.073430 0.328286 0.118003 0.110348 0.001501
1 0.290184 0.298227 0.027361 0.028803 0.017986
1 0.291873 0.298363 0.016852 0.023227 0.075858
1 0.297690 0.305894 0.026684 0.023669 0.017986
1 0.426858 0.315806 0.022989 0.035076 0.047426
1 0.427980 0.315826 0.025115 0.035113 0.047426
1 0.432418 0.317086 0.035891 0.037714 0.075858
1 0.521682 0.319906 0.012739 0.040815 0.017986
1 0.542215 0.319581 0.037531 0.055918 0.731059
1 0.542966 0.319580 0.035951 0.055874 0.731059
1 0.543034 0.319585 0.036112 0.055863 0.731059
1 0.558600 0.316362 0.029886 0.054859 0.047426
1 0.618121 0.306965 0.036551 0.045548 0.001501
1 0.626577 0.306063 0.025334 0.049820 0.006693
1 0.627206 0.307269 0.026709 0.052136 0.010987
1 0.631203 0.311272 0.041849 0.056604 0.001501
1 0.662837 0.310468 0.045621 0.053572 0.001501
1 0.011432 0.319381 0.022897 0.096359 0.001501
1 0.071217 0.342461 0.127277 0.138354 0.047426
1 0.073556 0.341788 0.125394 0.136924 0.075858
1 0.072431 0.341482 0.123152 0.136328 0.075858
1 0.071280 0.339278 0.124994 0.132213 0.075858
1 0.073165 0.324878 0.118779 0.096818 0.001501
1 0.290697 0.323583 0.043325 0.091916 0.001501
1 0.298403 0.318436 0.027885 0.060927 0.001501
1 0.303527 0.322357 0.018382 0.055533 0.001501
1 0.372223 0.340425 0.116322 0.110852 0.817575
1 0.372410 0.340400 0.116769 0.110867 0.880797
1 0.428963 0.315971 0.027259 0.035142 0.075858
1 0.430538 0.316650 0.030130 0.033538 0.075858
1 0.435161 0.320814 0.036706 0.034769 0.047426
1 0.445729 0.323935 0.023006 0.024170 0.006693
1 0.496103 0.321999 0.014359 0.009476 0.002473
1 0.506132 0.321990 0.019146 0.009527 0.002473
1 0.520210 0.322785 0.009730 0.031056 0.377541
1 0.542980 0.319580 0.035993 0.055966 0.731059
1 0.543738 0.319587 0.037497 0.055907 0.817575
1 0.543007 0.318301 0.036071 0.058473 0.731059
1 0.565823 0.317406 0.018468 0.051768 0.119203
1 0.626457 0.309119 0.028097 0.054635 0.006693
1 0.626589 0.307789 0.028463 0.053162 0.017986
1 0.631846 0.313157 0.038259 0.055779 0.002473
1 0.663379 0.312281 0.044622 0.054034 0.001501
1 0.813769 0.344645 0.180653 0.205354 0.880797
1 0.812544 0.344459 0.178097 0.204972 0.880797
1 0.813194 0.343890 0.179501 0.205631 0.924142
1 0.812486 0.343186 0.178195 0.203002 0.952574
1 0.012951 0.325126 0.025954 0.102822 0.001501
1 0.023538 0.339924 0.047247 0.129290 0.001501
1 0.072230 0.346851 0.131561 0.142253 0.047426
1 0.073346 0.343405 0.126624 0.140077 0.075858
1 0.072266 0.340980 0.123729 0.135050 0.047426
1 0.070640 0.340237 0.123657 0.133522 0.047426
1 0.277476 0.322960 0.074773 0.111509 0.001501
1 0.282848 0.323210 0.063273 0.105653 0.004070
1 0.296557 0.324356 0.035126 0.082684 0.004070
1 0.309001 0.343127 0.025060 0.087205 0.002473
1 0.371971 0.343757 0.115830 0.113913 0.817575
1 0.372390 0.341048 0.116698 0.114694 0.880797
1 0.372214 0.341691 0.116340 0.113382 0.924142
1 0.372312 0.339760 0.116433 0.112160 0.880797
1 0.542980 0.320486 0.035975 0.057777 0.731059
1 0.542980 0.319600 0.035974 0.055917 0.731059
1 0.542247 0.318320 0.037573 0.058490 0.817575
1 0.563951 0.320081 0.019293 0.055130 0.006693
1 0.813765 0.345047 0.180658 0.203776 0.880797
1 0.813736 0.345091 0.180554 0.203686 0.880797
1 0.812474 0.344860 0.178179 0.203394 0.952574
1 0.812481 0.344079 0.178134 0.205237 0.952574
1 0.022966 0.341941 0.045785 0.144719 0.002473
1 0.025940 0.344877 0.048869 0.141260 0.001501
1 0.070236 0.347005 0.127967 0.147321 0.004070
1 0.073686 0.346508 0.130741 0.141539 0.047426
1 0.070650 0.342733 0.128420 0.138624 0.075858
1 0.071156 0.342611 0.126873 0.133474 0.017986
1 0.310556 0.356116 0.027366 0.094226 0.004070
1 0.371652 0.343789 0.115261 0.117782 0.880797
1 0.372216 0.341670 0.116441 0.113511 0.924142
1 0.371443 0.340409 0.117884 0.110882 0.952574
1 0.372427 0.339727 0.116738 0.112270 0.970688
1 0.813226 0.345310 0.179545 0.207208 0.924142
1 0.813276 0.345008 0.176615 0.206602 0.970688
1 0.025876 0.355139 0.051697 0.178230 0.002473
1 0.027796 0.347622 0.050028 0.151573 0.001501
1 0.310831 0.368046 0.027720 0.072817 0.002473
3 0.013441 0.236254 0.027062 0.237362 0.002473
3 0.426858 0.315806 0.022989 0.035076 0.002473
3 0.427980 0.315826 0.025115 0.035113 0.001501
3 0.432418 0.317086 0.035891 0.037714 0.001501
3 0.558600 0.316362 0.029886 0.054859 0.001501
3 0.428963 0.315971 0.027259 0.035142 0.006693
3 0.430538 0.316650 0.030130 0.033538 0.002473
3 0.520210 0.322785 0.009730 0.031056 0.002473
5 0.012284 0.313281 0.024602 0.092113 0.004070
5 0.012628 0.316133 0.024984 0.086389 0.004070
5 0.011643 0.319805 0.023336 0.092619 0.002473
5 0.013391 0.319726 0.023665 0.092458 0.002473
5 0.520210 0.322785 0.009730 0.031056 0.006693
