0 0.909693 0.258709 0.013660 0.059531 0.001501
0 0.910233 0.259021 0.012539 0.052794 0.004070
0 0.532461 0.322903 0.007046 0.047047 0.004070
0 0.414286 0.329261 0.013838 0.039556 0.001501
0 0.430430 0.337849 0.008411 0.037853 0.006693
0 0.454615 0.326571 0.006300 0.023484 0.002473
0 0.518217 0.322873 0.005697 0.021057 0.004070
0 0.531928 0.329076 0.008144 0.039988 0.017986
0 0.431246 0.339320 0.009459 0.034886 0.017986
0 0.533636 0.328990 0.007757 0.045637 0.006693
1 0.029244 0.336083 0.059172 0.173892 0.001501
1 0.007614 0.345877 0.015308 0.127258 0.002473
1 0.015765 0.348574 0.031719 0.132629 0.004070
1 0.031899 0.325348 0.062510 0.097237 0.001501
1 0.904538 0.331844 0.079060 0.133369 0.006693
1 0.909069 0.331628 0.067432 0.125329 0.006693
1 0.005625 0.357435 0.011297 0.132956 0.004070
1 0.015646 0.351245 0.028358 0.131664 0.002473
1 0.473615 0.324219 0.011649 0.018529 0.001501
1 0.478072 0.324194 0.016143 0.018349 0.029312
1 0.490237 0.325331 0.008952 0.016046 0.047426
1 0.505443 0.324051 0.011565 0.013520 0.047426
1 0.518217 0.322873 0.005697 0.021057 0.002473
1 0.884789 0.338457 0.050421 0.114957 0.622459
1 0.888197 0.340251 0.057224 0.116334 0.500000
1 0.889125 0.340266 0.056396 0.116401 0.500000
1 0.890997 0.339013 0.062917 0.118902 0.075858
1 0.903474 0.335164 0.082277 0.121394 0.004070
1 0.909105 0.332218 0.069897 0.126615 0.002473
1 0.005253 0.361633 0.010554 0.130325 0.004070
1 0.018770 0.366109 0.037593 0.130068 0.002473
1 0.033946 0.366999 0.068408 0.109541 0.001501
1 0.885531 0.338944 0.051864 0.113999 0.622459
1 0.889044 0.339785 0.056166 0.117276 0.500000
1 0.887886 0.340185 0.056646 0.116422 0.377541
1 0.889183 0.339193 0.059261 0.118342 0.268941
1 0.902381 0.337240 0.082836 0.122782 0.017986
1 0.919511 0.332707 0.049418 0.124640 0.001501
1 0.005427 0.372549 0.010936 0.152008 0.006693
1 0.028047 0.377467 0.056186 0.147503 0.001501
1 0.034224 0.378042 0.068735 0.125814 0.001501
1 0.883612 0.339685 0.048073 0.112418 0.377541
1 0.886820 0.338984 0.054440 0.113755 0.500000
1 0.886734 0.338973 0.056502 0.113746 0.622459
1 0.889705 0.337772 0.060516 0.116220 0.047426
1 0.904683 0.337593 0.079063 0.121984 0.002473
1 0.009841 0.384448 0.019765 0.155060 0.004070
1 0.029412 0.387157 0.055840 0.149203 0.002473
1 0.033478 0.385405 0.067419 0.131472 0.002473
1 0.882864 0.341598 0.046530 0.113746 0.010987
1 0.009442 0.394563 0.022046 0.164953 0.004070
1 0.026455 0.391467 0.053001 0.170975 0.002473
1 0.033955 0.386234 0.068648 0.149730 0.001501
1 0.020495 0.394321 0.041177 0.186705 0.001501
1 0.951501 0.481946 0.097240 0.425364 0.817575
1 0.950605 0.480356 0.095780 0.428764 0.817575
1 0.950742 0.474516 0.098538 0.440521 0.817575
1 0.952003 0.494291 0.096083 0.399358 0.817575
1 0.951431 0.493899 0.097157 0.399967 0.880797
1 0.950778 0.486563 0.098463 0.413521 0.880797
1 0.950722 0.475587 0.095518 0.437087 0.880797
1 0.951484 0.496078 0.097172 0.388367 0.817575
1 0.950007 0.496914 0.096949 0.381444 0.880797
1 0.951467 0.493721 0.097080 0.387830 0.880797
1 0.950230 0.363773 0.100596 0.664669 0.001927
1 0.950135 0.386224 0.099897 0.618244 0.003173
1 0.951100 0.383497 0.104257 0.617474 0.001170
2 0.478072 0.324194 0.016143 0.018349 0.001501
3 0.478072 0.324194 0.016143 0.018349 0.017986
3 0.490237 0.325331 0.008952 0.016046 0.001501
4 0.372211 0.358148 0.016383 0.034030 0.001501
4 0.431246 0.339320 0.009459 0.034886 0.001501
4 0.372200 0.359675 0.016358 0.030872 0.006693
4 0.373888 0.359364 0.019664 0.031557 0.002473
5 0.431246 0.339320 0.009459 0.034886 0.004070
