0 0.555712 0.315565 0.005671 0.035015 0.001501
0 0.791807 0.347529 0.018584 0.070366 0.004070
1 0.012975 0.285800 0.025941 0.087256 0.002473
1 0.010538 0.298002 0.021106 0.064646 0.006693
1 0.013624 0.300575 0.024197 0.071832 0.006693
1 0.040005 0.283385 0.080281 0.084990 0.001501
1 0.012551 0.324704 0.025149 0.120909 0.017986
1 0.014159 0.329965 0.025266 0.130627 0.006693
1 0.033552 0.315898 0.067472 0.137566 0.004070
1 0.402776 0.324298 0.072531 0.085374 0.817575
1 0.402002 0.324299 0.071018 0.085372 0.817575
1 0.403181 0.323824 0.071723 0.084412 0.924142
1 0.453510 0.317224 0.028998 0.032304 0.182426
1 0.454222 0.317405 0.027441 0.031871 0.119203
1 0.472533 0.311076 0.012154 0.019969 0.006693
1 0.012591 0.340401 0.025208 0.167485 0.029312
1 0.014586 0.341578 0.029174 0.162823 0.010987
1 0.032851 0.337197 0.069007 0.170823 0.004070
1 0.223674 0.354139 0.114439 0.119978 0.731059
1 0.223497 0.352833 0.114018 0.122494 0.817575
1 0.402778 0.323872 0.072523 0.084499 0.924142
1 0.402761 0.324450 0.072552 0.085177 0.817575
1 0.402396 0.324334 0.070217 0.085408 0.880797
1 0.402023 0.324440 0.070963 0.085157 0.880797
1 0.454339 0.317711 0.027908 0.031294 0.622459
1 0.454197 0.317903 0.027379 0.030896 0.817575
1 0.455084 0.316035 0.027795 0.025058 0.010987
1 0.515269 0.321610 0.020030 0.018462 0.004070
1 0.518025 0.321787 0.017111 0.013535 0.075858
1 0.570373 0.318078 0.025031 0.021202 0.002473
1 0.012766 0.344358 0.025559 0.165287 0.029312
1 0.013913 0.347096 0.027825 0.170687 0.017986
1 0.038686 0.351306 0.077755 0.191548 0.002473
1 0.223157 0.355282 0.115479 0.117643 0.817575
1 0.223334 0.352880 0.115833 0.122467 0.880797
1 0.223506 0.355425 0.114027 0.122456 0.924142
1 0.222285 0.354147 0.116297 0.124990 0.817575
1 0.402766 0.323877 0.072541 0.084494 0.880797
1 0.402390 0.323976 0.070227 0.084230 0.952574
1 0.402009 0.324019 0.070995 0.084026 0.924142
1 0.790235 0.368712 0.062863 0.075685 0.001501
1 0.797433 0.367192 0.051604 0.069871 0.001501
1 0.014344 0.349677 0.025661 0.169002 0.029312
1 0.013656 0.352700 0.027312 0.186777 0.006693
1 0.035018 0.374814 0.070667 0.231452 0.001501
1 0.223347 0.355438 0.115821 0.122469 0.880797
1 0.223874 0.354163 0.114747 0.119897 0.817575
1 0.223045 0.354160 0.115231 0.124975 0.924142
1 0.222304 0.354151 0.116440 0.125012 0.880797
1 0.790647 0.375755 0.048559 0.068727 0.001501
1 0.798259 0.370186 0.049969 0.067805 0.002473
1 0.013580 0.360630 0.027189 0.193931 0.010987
1 0.014998 0.372707 0.026937 0.225090 0.006693
1 0.799507 0.373850 0.046461 0.063520 0.001501
1 0.014358 0.370814 0.025675 0.224237 0.004070
1 0.013397 0.392314 0.026783 0.281914 0.004070
1 0.121943 0.390436 0.028080 0.081603 0.001501
1 0.010833 0.374443 0.021693 0.267234 0.002473
1 0.014205 0.413899 0.028400 0.397235 0.002473
1 0.121583 0.400979 0.026015 0.093461 0.001501
1 0.128051 0.405934 0.018936 0.054398 0.001501
1 0.066700 0.461326 0.133513 0.410509 0.268941
1 0.066719 0.454752 0.133539 0.429537 0.622459
1 0.067242 0.459986 0.134539 0.419576 0.075858
1 0.066712 0.456264 0.133521 0.426316 0.377541
1 0.067279 0.451875 0.134556 0.429399 0.001501
1 0.066023 0.378341 0.133862 0.581559 0.001927
1 0.067655 0.377458 0.132305 0.585204 0.037327
1 0.066271 0.374350 0.132853 0.585528 0.014064
1 0.067302 0.404545 0.132216 0.523402 0.017986
1 0.067059 0.415243 0.134138 0.507963 0.320821
1 0.066598 0.413835 0.133185 0.510527 0.320821
1 0.066065 0.430434 0.132496 0.477211 0.182426
1 0.067749 0.438419 0.132401 0.456639 0.622459
1 0.066560 0.440996 0.133051 0.456544 0.679179
1 0.066353 0.432303 0.131847 0.473629 0.006693
1 0.065733 0.440860 0.134989 0.452259 0.010987
1 0.066990 0.452845 0.134014 0.427835 0.731059
1 0.066078 0.452561 0.132086 0.428439 0.817575
1 0.067003 0.464678 0.134127 0.404528 0.119203
1 0.066101 0.463912 0.132155 0.400696 0.182426
2 0.472533 0.311076 0.012154 0.019969 0.004070
2 0.012591 0.340401 0.025208 0.167485 0.001501
2 0.014586 0.341578 0.029174 0.162823 0.001501
2 0.012766 0.344358 0.025559 0.165287 0.001501
3 0.472533 0.311076 0.012154 0.019969 0.004070
3 0.012591 0.340401 0.025208 0.167485 0.001501
4 0.318068 0.351497 0.017201 0.037271 0.001501
4 0.119494 0.384500 0.024779 0.071922 0.001501
4 0.121061 0.387522 0.027212 0.076308 0.002473
4 0.318712 0.351690 0.015915 0.037069 0.001501
4 0.120834 0.389803 0.027473 0.083824 0.010987
4 0.121790 0.391090 0.028502 0.081221 0.006693
4 0.769681 0.393160 0.028777 0.057451 0.001501
4 0.788016 0.381099 0.039481 0.058537 0.001501
4 0.792023 0.378144 0.043833 0.059864 0.001501
4 0.799507 0.373850 0.046461 0.063520 0.001501
4 0.802812 0.372802 0.048220 0.065639 0.001501
4 0.121943 0.390436 0.028080 0.081603 0.017986
4 0.125051 0.398292 0.024963 0.067655 0.010987
4 0.779146 0.391623 0.041889 0.068984 0.002473
4 0.786024 0.384561 0.037704 0.061438 0.002473
4 0.800957 0.378936 0.049836 0.074169 0.001501
4 0.121583 0.400979 0.026015 0.093461 0.002473
4 0.128051 0.405934 0.018936 0.054398 0.004070
4 0.775937 0.397316 0.044175 0.087314 0.002473
