0 0.710208 0.339426 0.042208 0.090852 0.001501
1 0.435181 0.316016 0.017324 0.035490 0.119203
1 0.458960 0.322909 0.043135 0.057408 0.731059
1 0.459893 0.325313 0.041804 0.057711 0.817575
1 0.458963 0.324034 0.042958 0.055133 0.817575
1 0.566234 0.330024 0.032491 0.057966 0.001501
1 0.566124 0.330046 0.032239 0.057962 0.001501
1 0.570808 0.329736 0.036792 0.058861 0.001501
1 0.708124 0.337985 0.047745 0.084936 0.010987
1 0.710208 0.339426 0.042208 0.090852 0.010987
1 0.717647 0.339467 0.059900 0.091423 0.010987
1 0.735665 0.339078 0.103611 0.096646 0.029312
1 0.758836 0.336133 0.065558 0.095577 0.002473
1 0.377742 0.340132 0.022604 0.055401 0.010987
1 0.380463 0.339466 0.017175 0.054041 0.268941
1 0.435587 0.318311 0.015506 0.037203 0.182426
1 0.458962 0.322909 0.042955 0.057415 0.731059
1 0.458963 0.324196 0.042950 0.059966 0.817575
1 0.459702 0.322906 0.041371 0.062517 0.880797
1 0.461012 0.321730 0.043596 0.049293 0.002473
1 0.513372 0.327914 0.023936 0.021373 0.004070
1 0.512742 0.327940 0.024963 0.021309 0.006693
1 0.565923 0.331273 0.031855 0.050997 0.817575
1 0.566200 0.331770 0.032375 0.054478 0.731059
1 0.566412 0.331783 0.032668 0.054488 0.377541
1 0.627226 0.333340 0.098683 0.125037 0.817575
1 0.627212 0.334616 0.101381 0.127570 0.880797
1 0.626549 0.334625 0.100046 0.122500 0.880797
1 0.708935 0.344945 0.048756 0.081084 0.268941
1 0.707581 0.346223 0.048186 0.086673 0.500000
1 0.708027 0.347607 0.047069 0.089284 0.500000
1 0.717009 0.346349 0.064922 0.086944 0.075858
1 0.732626 0.346518 0.096932 0.091821 0.075858
1 0.756240 0.343747 0.067863 0.098539 0.002473
1 0.377735 0.340837 0.022609 0.051343 0.010987
1 0.380549 0.340892 0.016978 0.051693 0.268941
1 0.439465 0.325087 0.023246 0.053379 0.017986
1 0.459716 0.324193 0.041440 0.059985 0.731059
1 0.458965 0.322929 0.042944 0.057419 0.731059
1 0.458944 0.324056 0.042885 0.055161 0.817575
1 0.566191 0.332405 0.032410 0.053211 0.817575
1 0.566267 0.332378 0.032522 0.053254 0.817575
1 0.566385 0.333238 0.032722 0.055160 0.377541
1 0.626465 0.334610 0.102907 0.122579 0.006693
1 0.625786 0.335889 0.101553 0.125025 0.880797
1 0.626536 0.337015 0.100027 0.127293 0.924142
1 0.626541 0.335750 0.100029 0.129835 0.924142
1 0.627927 0.335912 0.097230 0.125025 0.924142
1 0.707968 0.346782 0.048944 0.086633 0.377541
1 0.708107 0.347885 0.047085 0.088778 0.500000
1 0.707955 0.347912 0.046779 0.088763 0.377541
1 0.710397 0.346613 0.051660 0.087343 0.119203
1 0.732722 0.347566 0.096798 0.096383 0.047426
1 0.377731 0.341762 0.022701 0.053369 0.004070
1 0.380668 0.341874 0.019450 0.053048 0.119203
1 0.580816 0.337113 0.015438 0.064527 0.006693
1 0.626541 0.334615 0.100029 0.122481 0.952574
1 0.625778 0.335889 0.101563 0.125028 0.924142
1 0.626537 0.334618 0.100030 0.127627 0.952574
1 0.708385 0.345972 0.047612 0.086190 0.622459
1 0.707932 0.345553 0.046727 0.086005 0.622459
1 0.707941 0.348185 0.046806 0.089444 0.622459
1 0.709768 0.347524 0.050581 0.091081 0.119203
1 0.736843 0.352449 0.101476 0.100986 0.017986
1 0.707422 0.347761 0.047923 0.091391 0.268941
1 0.707430 0.347356 0.048211 0.092681 0.182426
1 0.727084 0.348978 0.082607 0.096240 0.006693
4 0.758836 0.336133 0.065558 0.095577 0.001501
4 0.773911 0.338013 0.038996 0.093460 0.001501
4 0.377742 0.340132 0.022604 0.055401 0.001501
4 0.380463 0.339466 0.017175 0.054041 0.017986
4 0.756240 0.343747 0.067863 0.098539 0.006693
4 0.768567 0.344517 0.049335 0.106743 0.010987
4 0.772508 0.345679 0.042517 0.102385 0.010987
4 0.777788 0.343844 0.035020 0.099528 0.001501
4 0.377735 0.340837 0.022609 0.051343 0.002473
4 0.380549 0.340892 0.016978 0.051693 0.047426
4 0.732722 0.347566 0.096798 0.096383 0.001501
4 0.767325 0.348043 0.051392 0.106098 0.047426
4 0.768268 0.350002 0.051198 0.106005 0.047426
4 0.768959 0.350270 0.050328 0.105413 0.047426
4 0.377731 0.341762 0.022701 0.053369 0.001501
4 0.380668 0.341874 0.019450 0.053048 0.006693
4 0.736843 0.352449 0.101476 0.100986 0.017986
4 0.768294 0.351602 0.051002 0.102470 0.047426
4 0.768285 0.351805 0.051062 0.102627 0.029312
4 0.768646 0.351858 0.050959 0.102382 0.029312
4 0.769646 0.350248 0.051293 0.102739 0.010987
4 0.758641 0.356561 0.041259 0.093079 0.010987
4 0.768746 0.356579 0.051181 0.092550 0.047426
4 0.768432 0.355746 0.050709 0.094313 0.047426
4 0.768309 0.355838 0.052049 0.094584 0.029312
4 0.770049 0.355310 0.050444 0.095855 0.002473
4 0.767016 0.362789 0.048426 0.092176 0.001501
4 0.768591 0.359705 0.051763 0.101451 0.004070
5 0.380463 0.339466 0.017175 0.054041 0.010987
5 0.380549 0.340892 0.016978 0.051693 0.017986
5 0.380668 0.341874 0.019450 0.053048 0.006693
5 0.736843 0.352449 0.101476 0.100986 0.001501
