0 0.495974 0.324898 0.011213 0.053304 0.006693
0 0.280578 0.335858 0.014278 0.041771 0.004070
0 0.480554 0.331603 0.014359 0.028679 0.001501
0 0.495201 0.326674 0.009665 0.049707 0.006693
0 0.281397 0.334602 0.012861 0.044324 0.006693
0 0.495198 0.328112 0.009661 0.052502 0.010987
1 0.807112 0.295348 0.061553 0.078727 0.001501
1 0.808299 0.298678 0.058975 0.085245 0.001501
1 0.006980 0.307757 0.014452 0.075635 0.001501
1 0.811957 0.303711 0.051247 0.081603 0.006693
1 0.827065 0.308284 0.024009 0.086801 0.004070
1 0.007328 0.323660 0.014817 0.084744 0.004070
1 0.128414 0.339490 0.181839 0.237856 0.880797
1 0.128138 0.339096 0.181271 0.238880 0.880797
1 0.742912 0.312497 0.027910 0.036605 0.622459
1 0.743257 0.312494 0.026733 0.036575 0.731059
1 0.743771 0.312498 0.026923 0.036601 0.377541
1 0.765592 0.310741 0.019492 0.028745 0.004070
1 0.786475 0.311973 0.020248 0.036761 0.004070
1 0.802858 0.319650 0.027668 0.050928 0.622459
1 0.802776 0.318425 0.027499 0.053541 0.622459
1 0.806361 0.317709 0.037743 0.058729 0.029312
1 0.826819 0.312700 0.024531 0.083404 0.004070
1 0.009913 0.340437 0.020091 0.123144 0.001501
1 0.127932 0.339980 0.180943 0.236859 0.924142
1 0.128420 0.340586 0.181844 0.240742 0.952574
1 0.128206 0.338580 0.181553 0.239737 0.924142
1 0.128093 0.339881 0.181303 0.242409 0.880797
1 0.241205 0.342038 0.070677 0.087525 0.817575
1 0.241393 0.341133 0.070294 0.089333 0.817575
1 0.241381 0.342152 0.070314 0.087755 0.924142
1 0.280578 0.335858 0.014278 0.041771 0.029312
1 0.291353 0.333232 0.014677 0.036591 0.010987
1 0.376798 0.333317 0.031664 0.041742 0.731059
1 0.377682 0.333312 0.030351 0.036628 0.731059
1 0.379492 0.334569 0.033441 0.039216 0.075858
1 0.404442 0.331782 0.019653 0.029073 0.010987
1 0.421559 0.335093 0.026131 0.032571 0.002473
1 0.428892 0.333943 0.021155 0.029896 0.002473
1 0.450853 0.331931 0.029654 0.029759 0.004070
1 0.456258 0.333069 0.021848 0.028026 0.004070
1 0.472589 0.332315 0.030932 0.030174 0.001501
1 0.480554 0.331603 0.014359 0.028679 0.001501
1 0.515542 0.333043 0.023997 0.036874 0.001501
1 0.520630 0.335214 0.028187 0.037893 0.002473
1 0.743192 0.313777 0.026885 0.039157 0.500000
1 0.743459 0.312523 0.026051 0.036551 0.731059
1 0.743590 0.313628 0.027261 0.034338 0.377541
1 0.766583 0.313181 0.017605 0.024493 0.002473
1 0.783855 0.313338 0.015273 0.035226 0.002473
1 0.802849 0.319699 0.027673 0.051021 0.731059
1 0.802794 0.318429 0.027531 0.053543 0.622459
1 0.806326 0.317054 0.034295 0.056954 0.010987
1 0.826840 0.318486 0.021376 0.087829 0.001501
1 0.128011 0.337278 0.181033 0.237084 0.924142
1 0.128533 0.338551 0.182063 0.239607 0.924142
1 0.128927 0.338549 0.179930 0.239597 0.952574
1 0.128128 0.337272 0.181249 0.237030 0.924142
1 0.241221 0.342263 0.070692 0.087842 0.880797
1 0.240440 0.342047 0.069144 0.087508 0.817575
1 0.241672 0.342237 0.069736 0.087886 0.880797
1 0.241838 0.341340 0.069391 0.089683 0.880797
1 0.281397 0.334602 0.012861 0.044324 0.017986
1 0.290204 0.334733 0.014123 0.033825 0.010987
1 0.376790 0.334633 0.031661 0.039198 0.731059
1 0.376800 0.334612 0.031663 0.039179 0.731059
1 0.378115 0.334640 0.034329 0.039203 0.075858
1 0.406078 0.336714 0.020373 0.031247 0.006693
1 0.424641 0.339507 0.016665 0.024339 0.006693
1 0.429447 0.338744 0.020497 0.021284 0.004070
1 0.446762 0.339756 0.024635 0.019445 0.004070
1 0.457287 0.339956 0.018341 0.018867 0.010987
1 0.469832 0.337700 0.024973 0.019747 0.006693
1 0.479460 0.335099 0.016826 0.024979 0.004070
1 0.802306 0.319761 0.026582 0.051182 0.500000
1 0.803190 0.318505 0.028319 0.053674 0.500000
1 0.814625 0.321866 0.028354 0.061530 0.002473
1 0.240632 0.341089 0.068768 0.089141 0.880797
1 0.240811 0.341083 0.068391 0.089166 0.880797
1 0.240901 0.341091 0.068206 0.089145 0.952574
3 0.975778 0.212260 0.045246 0.075471 0.001501
3 0.985116 0.208894 0.029847 0.076613 0.001501
3 0.989425 0.216803 0.021197 0.061047 0.001501
3 0.803603 0.291945 0.057787 0.079858 0.001501
3 0.806094 0.290221 0.061492 0.103263 0.010987
3 0.808018 0.295907 0.062433 0.088486 0.002473
3 0.807112 0.295348 0.061553 0.078727 0.002473
3 0.797484 0.296201 0.048314 0.063115 0.006693
3 0.802078 0.303822 0.039885 0.079567 0.006693
3 0.805862 0.302227 0.044350 0.082647 0.004070
3 0.811957 0.303711 0.051247 0.081603 0.004070
3 0.743257 0.312494 0.026733 0.036575 0.001501
3 0.786475 0.311973 0.020248 0.036761 0.001501
3 0.376798 0.333317 0.031664 0.041742 0.010987
3 0.377682 0.333312 0.030351 0.036628 0.006693
3 0.379492 0.334569 0.033441 0.039216 0.006693
3 0.376790 0.334633 0.031661 0.039198 0.001501
3 0.376800 0.334612 0.031663 0.039179 0.004070
4 0.281397 0.334602 0.012861 0.044324 0.001501
5 0.827065 0.308284 0.024009 0.086801 0.004070
5 0.826819 0.312700 0.024531 0.083404 0.004070
5 0.280578 0.335858 0.014278 0.041771 0.004070
5 0.826840 0.318486 0.021376 0.087829 0.002473
5 0.281397 0.334602 0.012861 0.044324 0.006693
5 0.828111 0.321850 0.018921 0.094828 0.002473
5 0.824902 0.325597 0.022036 0.100966 0.002473
5 0.827359 0.326057 0.017346 0.098163 0.002473
