1 0.589259 0.291376 0.018433 0.073310 0.001501
1 0.590712 0.298623 0.012811 0.074343 0.002473
1 0.573153 0.312136 0.018503 0.028255 0.001501
1 0.592204 0.312701 0.012549 0.041925 0.006693
1 0.736252 0.321762 0.147565 0.153311 0.817575
1 0.733487 0.322896 0.145122 0.155580 0.817575
1 0.734578 0.321805 0.144302 0.153452 0.880797
1 0.570490 0.317551 0.016075 0.015749 0.010987
1 0.573397 0.317406 0.023166 0.022437 0.002473
1 0.593748 0.320813 0.009474 0.030730 0.017986
1 0.736044 0.321783 0.147137 0.153372 0.880797
1 0.736186 0.321795 0.150469 0.153314 0.817575
1 0.733529 0.321796 0.145205 0.153313 0.880797
1 0.733978 0.321802 0.143021 0.153407 0.880797
1 0.736989 0.322835 0.145968 0.155707 0.004070
1 0.738241 0.324016 0.151592 0.153357 0.880797
1 0.734406 0.324036 0.147020 0.153402 0.880797
1 0.735353 0.323992 0.145897 0.153482 0.880797
4 0.817712 0.349108 0.034029 0.095632 0.001501
4 0.819752 0.356795 0.032516 0.112770 0.001501
4 0.818655 0.354713 0.034963 0.112049 0.002473
4 0.818816 0.359358 0.034101 0.120472 0.004070
4 0.818850 0.359697 0.034318 0.124662 0.002473
4 0.818150 0.360985 0.033003 0.124124 0.001501
