0 0.416461 0.268421 0.014143 0.031822 0.001501
1 0.722884 0.175823 0.042248 0.024045 0.001501
1 0.729526 0.177057 0.031977 0.021102 0.001501
1 0.497792 0.200357 0.039546 0.035849 0.002473
1 0.505362 0.201411 0.022512 0.032978 0.006693
1 0.507439 0.201938 0.021829 0.038768 0.002473
1 0.556941 0.239697 0.037095 0.022478 0.001501
1 0.561873 0.243392 0.029728 0.018928 0.006693
1 0.563296 0.246401 0.029314 0.021293 0.006693
1 0.585960 0.245348 0.019229 0.016517 0.004070
1 0.649511 0.302124 0.039576 0.053190 0.006693
1 0.650546 0.302922 0.042948 0.051034 0.001501
1 0.650449 0.303241 0.044697 0.055258 0.004070
1 0.644069 0.303301 0.030237 0.050318 0.017986
1 0.648599 0.303265 0.039036 0.054835 0.010987
1 0.649167 0.303251 0.042352 0.054826 0.010987
1 0.654679 0.304389 0.053684 0.052689 0.004070
1 0.594379 0.321732 0.020005 0.013727 0.002473
1 0.615394 0.325663 0.025111 0.037633 0.001501
1 0.636771 0.309072 0.017797 0.035442 0.010987
1 0.641464 0.303338 0.027083 0.046854 0.029312
1 0.646919 0.304651 0.037997 0.053346 0.017986
1 0.972195 0.465091 0.055652 0.519434 0.004070
1 0.972002 0.485441 0.056636 0.559712 0.002473
1 0.971576 0.488306 0.056780 0.561640 0.268941
1 0.971713 0.492967 0.056811 0.575835 0.377541
1 0.971413 0.496874 0.057180 0.576488 0.500000
1 0.971618 0.490789 0.056921 0.568323 0.006693
1 0.971331 0.488243 0.057528 0.546738 0.622459
1 0.970752 0.491366 0.055471 0.542027 0.622459
1 0.972001 0.491874 0.059169 0.535930 0.500000
1 0.971198 0.493232 0.057679 0.532275 0.182426
1 0.971243 0.492538 0.057534 0.534092 0.622459
1 0.970674 0.507494 0.055712 0.497007 0.119203
1 0.970792 0.502794 0.058441 0.504490 0.029312
1 0.971204 0.503098 0.057629 0.509549 0.119203
1 0.971329 0.515589 0.057442 0.470459 0.004070
1 0.970790 0.516845 0.058445 0.480827 0.010987
1 0.971839 0.454966 0.058586 0.602408 0.006693
1 0.971875 0.466158 0.060348 0.573361 0.075858
1 0.971837 0.473759 0.060121 0.559451 0.500000
1 0.971843 0.474483 0.060210 0.558765 0.377541
3 0.971576 0.488306 0.056780 0.561640 0.001501
3 0.971713 0.492967 0.056811 0.575835 0.001501
3 0.971413 0.496874 0.057180 0.576488 0.002473
3 0.971331 0.488243 0.057528 0.546738 0.001501
3 0.970752 0.491366 0.055471 0.542027 0.001501
3 0.972001 0.491874 0.059169 0.535930 0.004070
3 0.971837 0.473759 0.060121 0.559451 0.001170
4 0.680846 0.336175 0.021739 0.061465 0.001501
4 0.674788 0.343924 0.025395 0.045713 0.001501
4 0.678029 0.338481 0.022462 0.056261 0.004070
4 0.678426 0.341273 0.024684 0.054310 0.002473
