0 0.118558 0.178307 0.013064 0.077518 0.001501
1 0.519064 0.207228 0.037055 0.029869 0.001501
1 0.519034 0.210487 0.037584 0.032644 0.001501
1 0.520803 0.210556 0.036823 0.032482 0.002473
1 0.523462 0.324052 0.030636 0.028418 0.001501
1 0.524054 0.325505 0.033143 0.021014 0.002473
1 0.613083 0.330171 0.015573 0.026054 0.010987
1 0.614305 0.330249 0.015679 0.025953 0.047426
1 0.625583 0.331910 0.021120 0.034245 0.004070
1 0.613063 0.333222 0.015567 0.026136 0.004070
1 0.614595 0.333719 0.015559 0.025119 0.017986
1 0.814809 0.406291 0.341619 0.369139 0.001501
1 0.813884 0.405797 0.343914 0.365400 0.924142
1 0.814628 0.406962 0.341954 0.367726 0.060087
1 0.813818 0.408827 0.341821 0.368727 0.119203
1 0.814297 0.406240 0.342717 0.369346 0.924142
1 0.814322 0.406232 0.342714 0.369199 0.939913
1 0.813511 0.407013 0.343686 0.367674 0.939913
1 0.813343 0.406786 0.340837 0.368688 0.222700
1 0.813629 0.405789 0.341375 0.370540 0.924142
1 0.814582 0.406477 0.340969 0.368864 0.924142
1 0.814244 0.407322 0.341015 0.367235 0.924142
1 0.812599 0.409055 0.339526 0.368270 0.006693
1 0.814216 0.409870 0.340228 0.366616 0.924142
1 0.813662 0.410436 0.342323 0.365500 0.437824
3 0.621959 0.216257 0.042600 0.255713 0.001501
3 0.624421 0.229600 0.037983 0.247327 0.001501
3 0.616121 0.318512 0.016501 0.044827 0.001501
3 0.613083 0.330171 0.015573 0.026054 0.002473
3 0.614305 0.330249 0.015679 0.025953 0.004070
3 0.614595 0.333719 0.015559 0.025119 0.002473
