0 0.218696 0.227652 0.015975 0.071067 0.004070
0 0.218750 0.231256 0.012658 0.070626 0.004070
0 0.221520 0.233506 0.024283 0.069792 0.001501
0 0.219561 0.232109 0.014219 0.071460 0.004070
0 0.222646 0.242480 0.021987 0.047473 0.004070
0 0.218869 0.237088 0.016495 0.068127 0.006693
0 0.532364 0.314494 0.018636 0.042836 0.001501
0 0.722897 0.328731 0.015119 0.100067 0.002473
1 0.529573 0.322818 0.031332 0.021415 0.002473
1 0.537654 0.325450 0.028536 0.020992 0.017986
1 0.539697 0.324208 0.029664 0.018420 0.004070
1 0.572311 0.320553 0.036523 0.030783 0.001501
1 0.656267 0.345329 0.131683 0.132970 0.880797
1 0.656268 0.346429 0.131660 0.135235 0.817575
1 0.586921 0.339242 0.020870 0.043858 0.001501
1 0.656931 0.347002 0.133053 0.134229 0.924142
1 0.656247 0.345368 0.131689 0.132935 0.952574
1 0.656265 0.346546 0.131677 0.135113 0.924142
1 0.656269 0.347776 0.134340 0.137757 0.880797
1 0.657475 0.347004 0.132005 0.134232 0.924142
1 0.656928 0.346951 0.133051 0.134295 0.880797
1 0.655582 0.348222 0.133032 0.136837 0.924142
1 0.655637 0.346958 0.132924 0.134324 0.924142
2 0.564264 0.320391 0.026826 0.025986 0.002473
2 0.572311 0.320553 0.036523 0.030783 0.002473
2 0.578003 0.320580 0.035858 0.027375 0.001501
3 0.537654 0.325450 0.028536 0.020992 0.002473
3 0.564264 0.320391 0.026826 0.025986 0.001501
3 0.572311 0.320553 0.036523 0.030783 0.001501
