0 0.647212 0.312365 0.008826 0.036743 0.004070
0 0.646940 0.313812 0.009379 0.034057 0.006693
0 0.658172 0.313873 0.020512 0.033929 0.001501
0 0.661751 0.313836 0.015986 0.034223 0.001501
1 0.422448 0.317806 0.019934 0.036510 0.029312
1 0.423537 0.315801 0.022194 0.035209 0.006693
1 0.422090 0.318933 0.022285 0.034176 0.182426
1 0.423514 0.319354 0.022276 0.033696 0.075858
1 0.446060 0.321737 0.014164 0.013804 0.010987
1 0.466569 0.317217 0.011312 0.014593 0.017986
1 0.480577 0.316925 0.008118 0.013973 0.075858
1 0.493747 0.319235 0.015593 0.018603 0.817575
1 0.517973 0.318322 0.014075 0.016842 0.731059
2 0.422448 0.317806 0.019934 0.036510 0.029312
2 0.423537 0.315801 0.022194 0.035209 0.047426
2 0.422090 0.318933 0.022285 0.034176 0.006693
2 0.423514 0.319354 0.022276 0.033696 0.006693
2 0.466569 0.317217 0.011312 0.014593 0.010987
3 0.324329 0.312118 0.038847 0.055454 0.001501
3 0.422448 0.317806 0.019934 0.036510 0.017986
3 0.423537 0.315801 0.022194 0.035209 0.010987
3 0.422090 0.318933 0.022285 0.034176 0.006693
3 0.423514 0.319354 0.022276 0.033696 0.004070
3 0.466569 0.317217 0.011312 0.014593 0.004070
4 0.659460 0.314451 0.016356 0.032408 0.006693
4 0.662462 0.312344 0.014634 0.032060 0.001501
4 0.658172 0.313873 0.020512 0.033929 0.002473
4 0.661751 0.313836 0.015986 0.034223 0.001501
5 0.659460 0.314451 0.016356 0.032408 0.001501
5 0.307383 0.341488 0.072804 0.155369 0.001501
5 0.307337 0.342288 0.074293 0.148705 0.731059
5 0.307085 0.343653 0.073812 0.140950 0.731059
5 0.658172 0.313873 0.020512 0.033929 0.002473
5 0.307573 0.341095 0.073118 0.151216 0.817575
5 0.307661 0.341203 0.073360 0.150950 0.817575
5 0.307492 0.343605 0.072988 0.146165 0.817575
5 0.307373 0.342340 0.072768 0.143586 0.880797
5 0.307844 0.342353 0.073661 0.148650 0.817575
5 0.307945 0.342457 0.073889 0.153519 0.731059
5 0.307565 0.342376 0.073138 0.148581 0.817575
5 0.307380 0.343579 0.072772 0.146209 0.880797
