0 0.248790 0.282763 0.016820 0.056253 0.001501
0 0.250585 0.280825 0.018254 0.052279 0.002473
0 0.379804 0.315749 0.016708 0.035095 0.004070
1 0.133250 0.266005 0.193183 0.056295 0.001501
1 0.150805 0.268568 0.156384 0.058811 0.001501
1 0.172859 0.267646 0.102882 0.055607 0.002473
1 0.115580 0.285847 0.233085 0.093561 0.004070
1 0.129776 0.291838 0.204739 0.103193 0.002473
1 0.159112 0.289323 0.138374 0.097664 0.002473
1 0.179088 0.280013 0.094451 0.081884 0.001501
1 0.294855 0.302504 0.042058 0.050236 0.001501
1 0.112546 0.327265 0.242256 0.180881 0.006693
1 0.123086 0.328034 0.218941 0.179804 0.004070
1 0.206227 0.303360 0.144742 0.123175 0.002473
1 0.204539 0.306270 0.145744 0.125389 0.001501
1 0.208656 0.303537 0.113930 0.107238 0.001501
1 0.251913 0.299490 0.022998 0.043788 0.001501
1 0.329092 0.317044 0.049630 0.038369 0.001501
1 0.332510 0.317774 0.046363 0.036909 0.001501
1 0.113730 0.335471 0.243309 0.193018 0.002473
1 0.251668 0.324225 0.022614 0.070968 0.004070
1 0.270189 0.324500 0.059471 0.069980 0.002473
1 0.324013 0.323581 0.046704 0.033609 0.006693
1 0.330762 0.325402 0.038309 0.026032 0.017986
1 0.331469 0.326654 0.038394 0.023312 0.017986
1 0.334469 0.325403 0.040244 0.026031 0.006693
1 0.343910 0.324201 0.043752 0.028871 0.002473
1 0.375030 0.325637 0.036615 0.021355 0.002473
1 0.387945 0.324318 0.032089 0.024137 0.004070
1 0.389856 0.325710 0.033758 0.021735 0.010987
1 0.414954 0.326721 0.027873 0.023402 0.075858
1 0.418405 0.326651 0.024727 0.023220 0.075858
1 0.425248 0.328057 0.029998 0.026120 0.017986
1 0.440373 0.330166 0.019514 0.025788 0.010987
1 0.452999 0.325335 0.009532 0.016299 0.006693
1 0.475125 0.322897 0.014686 0.015889 0.010987
1 0.476846 0.322922 0.011804 0.015771 0.182426
1 0.491552 0.323817 0.011432 0.009469 0.017986
1 0.524419 0.325470 0.018079 0.020869 0.731059
1 0.524468 0.324198 0.018133 0.023432 0.622459
1 0.271520 0.328094 0.059765 0.067758 0.001501
1 0.329603 0.330656 0.034523 0.031341 0.004070
1 0.331099 0.330626 0.037532 0.031396 0.006693
1 0.332740 0.330009 0.040565 0.035622 0.002473
1 0.390049 0.335017 0.032212 0.033810 0.004070
1 0.393410 0.336035 0.029713 0.027093 0.002473
1 0.410323 0.332762 0.022502 0.029867 0.001501
1 0.416169 0.331921 0.028120 0.028802 0.004070
1 0.436370 0.333633 0.024874 0.028099 0.002473
1 0.441223 0.334622 0.020741 0.029663 0.001501
1 0.741505 0.358808 0.127202 0.102409 0.924142
1 0.740562 0.359963 0.125282 0.100120 0.880797
1 0.741002 0.360842 0.123927 0.101935 0.880797
1 0.739818 0.358804 0.126400 0.102343 0.880797
1 0.741125 0.358849 0.126358 0.102386 0.924142
1 0.741221 0.358847 0.124437 0.102379 0.924142
1 0.741000 0.358843 0.126086 0.102370 0.952574
1 0.739797 0.359739 0.126350 0.104169 0.924142
1 0.829157 0.380084 0.141657 0.151313 0.880797
1 0.829005 0.380102 0.138936 0.151345 0.880797
1 0.828438 0.381393 0.140059 0.153830 0.924142
1 0.741412 0.358822 0.126940 0.102421 0.952574
1 0.741077 0.358802 0.126168 0.102382 0.952574
1 0.829790 0.378401 0.140499 0.150227 0.880797
1 0.828388 0.379607 0.140131 0.152344 0.880797
1 0.828330 0.380102 0.137577 0.151346 0.924142
1 0.828434 0.380132 0.140054 0.151300 0.924142
1 0.828388 0.378856 0.140134 0.149311 0.924142
1 0.828997 0.380721 0.138920 0.150114 0.952574
1 0.827755 0.380723 0.138695 0.150119 0.952574
2 0.334469 0.325403 0.040244 0.026031 0.001501
3 0.271930 0.306724 0.062929 0.061818 0.001501
3 0.270798 0.325440 0.063531 0.069916 0.001501
3 0.269916 0.326936 0.061439 0.060938 0.001501
3 0.324013 0.323581 0.046704 0.033609 0.002473
3 0.330762 0.325402 0.038309 0.026032 0.001501
3 0.475125 0.322897 0.014686 0.015889 0.001501
3 0.476846 0.322922 0.011804 0.015771 0.029312
4 0.610074 0.335083 0.017412 0.049374 0.001501
5 0.393410 0.336035 0.029713 0.027093 0.001501
5 0.410323 0.332762 0.022502 0.029867 0.002473
5 0.436370 0.333633 0.024874 0.028099 0.002473
5 0.441223 0.334622 0.020741 0.029663 0.010987
