0 0.004767 0.334488 0.012637 0.093024 0.004070
0 0.004060 0.331909 0.011250 0.088445 0.002473
0 0.004265 0.342826 0.008588 0.117141 0.001501
0 0.004276 0.365772 0.008602 0.169455 0.001501
1 0.398947 0.350613 0.113150 0.100200 0.880797
1 0.398207 0.350143 0.113268 0.101075 0.817575
1 0.450657 0.330547 0.019466 0.028761 0.002473
1 0.454938 0.334345 0.018289 0.026047 0.017986
1 0.483335 0.331853 0.018341 0.019116 0.002473
1 0.503943 0.328617 0.014140 0.014745 0.001501
1 0.531231 0.334610 0.029532 0.039166 0.817575
1 0.532479 0.334608 0.031965 0.044244 0.817575
1 0.532506 0.333335 0.031943 0.041699 0.817575
1 0.572270 0.327523 0.016531 0.016882 0.004070
1 0.575202 0.326256 0.021624 0.014319 0.004070
1 0.398926 0.351568 0.113185 0.102039 0.880797
1 0.399083 0.350169 0.113420 0.101048 0.924142
1 0.398161 0.351078 0.111715 0.102801 0.952574
1 0.398608 0.351536 0.110887 0.101913 0.924142
1 0.451128 0.338963 0.019364 0.031590 0.002473
1 0.456215 0.336158 0.015743 0.022830 0.029312
1 0.470279 0.335678 0.016536 0.018141 0.010987
1 0.476524 0.334755 0.028308 0.019226 0.001501
1 0.531770 0.334607 0.030612 0.044248 0.731059
1 0.531260 0.334626 0.031691 0.044217 0.731059
1 0.531950 0.334600 0.033056 0.044270 0.817575
1 0.615472 0.346782 0.028071 0.029004 0.006693
1 0.615696 0.346186 0.027896 0.026229 0.010987
1 0.620828 0.344643 0.033017 0.030200 0.002473
1 0.398654 0.350676 0.112633 0.100107 0.924142
1 0.399293 0.350640 0.112895 0.100116 0.924142
1 0.398178 0.351079 0.111679 0.102804 0.924142
1 0.398978 0.349549 0.111625 0.102298 0.952574
1 0.615497 0.352484 0.030778 0.032334 0.002473
2 0.483335 0.331853 0.018341 0.019116 0.002473
2 0.572270 0.327523 0.016531 0.016882 0.002473
2 0.575202 0.326256 0.021624 0.014319 0.004070
3 0.424587 0.305908 0.061783 0.057208 0.001501
3 0.425847 0.313475 0.052086 0.035048 0.004070
3 0.426239 0.317533 0.060823 0.054553 0.002473
3 0.443544 0.320089 0.035345 0.053129 0.004070
3 0.450657 0.330547 0.019466 0.028761 0.001501
3 0.454938 0.334345 0.018289 0.026047 0.002473
3 0.470457 0.332826 0.016910 0.021897 0.002473
3 0.483335 0.331853 0.018341 0.019116 0.006693
3 0.572270 0.327523 0.016531 0.016882 0.002473
3 0.575202 0.326256 0.021624 0.014319 0.002473
3 0.615902 0.335954 0.035235 0.042202 0.001501
3 0.619628 0.333144 0.040150 0.047288 0.002473
3 0.476524 0.334755 0.028308 0.019226 0.001501
3 0.615472 0.346782 0.028071 0.029004 0.006693
3 0.615696 0.346186 0.027896 0.026229 0.001501
5 0.454938 0.334345 0.018289 0.026047 0.004070
5 0.456215 0.336158 0.015743 0.022830 0.029312
