0 0.192527 0.293986 0.018174 0.088740 0.002473
0 0.192277 0.296379 0.015633 0.086940 0.001501
0 0.448314 0.302735 0.015933 0.069061 0.017986
0 0.450052 0.304124 0.017031 0.066912 0.006693
0 0.193001 0.299712 0.014164 0.083642 0.002473
0 0.215189 0.333950 0.019808 0.080750 0.029312
0 0.216080 0.331987 0.017949 0.075781 0.377541
0 0.243727 0.319204 0.012657 0.055900 0.004070
0 0.448516 0.302314 0.016319 0.068499 0.010987
0 0.450061 0.303097 0.019288 0.070091 0.004070
0 0.493056 0.328821 0.008133 0.061219 0.002473
0 0.631996 0.330294 0.011247 0.068613 0.004070
0 0.195326 0.322311 0.012707 0.044958 0.001501
0 0.214422 0.336680 0.018296 0.085452 0.017986
0 0.216006 0.334258 0.018096 0.080261 0.268941
0 0.244513 0.323548 0.011216 0.050490 0.001501
0 0.447372 0.305128 0.011833 0.067444 0.006693
0 0.452019 0.306443 0.020166 0.069463 0.002473
0 0.494425 0.329512 0.008125 0.060119 0.002473
0 0.631249 0.336844 0.009459 0.054336 0.029312
0 0.215146 0.336766 0.019742 0.090505 0.017986
0 0.216200 0.336333 0.017664 0.084345 0.182426
0 0.245990 0.326149 0.011271 0.051150 0.001501
0 0.494434 0.331289 0.008116 0.055934 0.001501
0 0.622873 0.345735 0.011342 0.030448 0.004070
0 0.631927 0.341896 0.008112 0.043521 0.029312
0 0.215171 0.343468 0.019779 0.103554 0.017986
0 0.215916 0.340361 0.018188 0.097538 0.182426
0 0.632697 0.346065 0.009630 0.038283 0.002473
0 0.214486 0.348718 0.021287 0.113742 0.017986
0 0.216070 0.348779 0.017955 0.109554 0.075858
0 0.216276 0.349236 0.017944 0.123236 0.010987
1 0.348234 0.323475 0.032285 0.044855 0.001501
1 0.794033 0.326211 0.051385 0.080383 0.004070
1 0.794759 0.327842 0.050324 0.078854 0.001501
1 0.260818 0.320323 0.025577 0.029334 0.006693
1 0.261253 0.320693 0.024864 0.026156 0.006693
1 0.345460 0.327500 0.037378 0.043419 0.029312
1 0.347917 0.327535 0.032441 0.043451 0.182426
1 0.347148 0.326666 0.030989 0.041651 0.119203
1 0.367352 0.325270 0.059166 0.038989 0.010987
1 0.381800 0.325158 0.037680 0.035288 0.006693
1 0.395097 0.330146 0.015882 0.025703 0.004070
1 0.404666 0.327009 0.031055 0.029337 0.001501
1 0.476268 0.328782 0.024455 0.044496 0.001501
1 0.602432 0.336677 0.034963 0.048675 0.001501
1 0.794425 0.332379 0.052295 0.066764 0.004070
1 0.794763 0.327088 0.052821 0.071891 0.002473
1 0.795034 0.329346 0.053354 0.081625 0.001501
1 0.345348 0.327447 0.038223 0.043892 0.017986
1 0.347519 0.326614 0.030154 0.041899 0.119203
1 0.347225 0.325995 0.030694 0.040505 0.075858
1 0.356338 0.328528 0.047603 0.038095 0.002473
1 0.604677 0.342292 0.037370 0.039835 0.004070
1 0.622873 0.345735 0.011342 0.030448 0.001501
1 0.638426 0.349368 0.021026 0.027823 0.001501
1 0.651535 0.346328 0.033078 0.026870 0.002473
1 0.793794 0.333942 0.050200 0.056341 0.006693
1 0.794453 0.334765 0.051509 0.063656 0.004070
1 0.745358 0.380526 0.162645 0.145776 0.622459
1 0.745333 0.380568 0.162531 0.145854 0.817575
1 0.745335 0.379642 0.162481 0.147677 0.880797
1 0.744616 0.380581 0.164187 0.145846 0.880797
1 0.745319 0.380579 0.162530 0.145839 0.924142
1 0.745361 0.380578 0.162446 0.145869 0.924142
1 0.745464 0.380538 0.162255 0.145933 0.924142
1 0.745289 0.380560 0.165586 0.145892 0.952574
1 0.745308 0.382824 0.162527 0.145878 0.924142
1 0.746029 0.384109 0.161070 0.143334 0.970688
1 0.745384 0.382821 0.162410 0.145934 0.182426
2 0.793794 0.333942 0.050200 0.056341 0.001501
3 0.347917 0.327535 0.032441 0.043451 0.006693
3 0.347148 0.326666 0.030989 0.041651 0.006693
3 0.367352 0.325270 0.059166 0.038989 0.001501
3 0.381800 0.325158 0.037680 0.035288 0.001501
3 0.604677 0.342292 0.037370 0.039835 0.001501
3 0.793794 0.333942 0.050200 0.056341 0.001501
4 0.571115 0.346293 0.020574 0.032503 0.004070
4 0.638426 0.349368 0.021026 0.027823 0.002473
4 0.570157 0.350670 0.021602 0.031090 0.001501
