0 0.243754 0.330526 0.006751 0.052745 0.010987
0 0.590373 0.334731 0.011596 0.028630 0.001501
0 0.793861 0.360082 0.015913 0.090239 0.002473
0 0.244433 0.331423 0.008095 0.055681 0.010987
0 0.591033 0.335311 0.012910 0.028196 0.002473
0 0.796060 0.363922 0.020809 0.092114 0.002473
0 0.820746 0.379743 0.018491 0.083353 0.006693
1 0.497933 0.331653 0.045976 0.061141 0.622459
1 0.497952 0.330668 0.045926 0.060351 0.500000
1 0.497913 0.330964 0.045844 0.059749 0.731059
1 0.424980 0.337073 0.130879 0.127400 0.924142
1 0.424278 0.337961 0.129570 0.129136 0.880797
1 0.424278 0.337986 0.129576 0.129189 0.880797
1 0.497578 0.331693 0.045180 0.060990 0.817575
1 0.497996 0.330767 0.045981 0.060139 0.817575
1 0.498507 0.330982 0.047055 0.059643 0.817575
1 0.523544 0.330734 0.022113 0.041698 0.731059
1 0.523330 0.332035 0.018855 0.044298 0.622459
1 0.538314 0.330843 0.015451 0.027070 0.500000
1 0.551398 0.331374 0.010914 0.020107 0.017986
1 0.567277 0.328621 0.009787 0.014600 0.001501
1 0.590373 0.334731 0.011596 0.028630 0.010987
1 0.602698 0.334646 0.016742 0.025441 0.119203
1 0.624913 0.337216 0.022139 0.033887 0.002473
1 0.627875 0.336617 0.023700 0.035218 0.002473
1 0.630313 0.335638 0.031646 0.037355 0.001501
1 0.425783 0.339161 0.132467 0.127074 0.731059
1 0.424972 0.337979 0.130869 0.129118 0.880797
1 0.424280 0.337953 0.129564 0.129089 0.924142
1 0.424263 0.338620 0.129550 0.130458 0.924142
1 0.497578 0.330175 0.045190 0.057714 0.731059
1 0.497971 0.331214 0.045966 0.059208 0.817575
1 0.497761 0.331206 0.048637 0.059193 0.817575
1 0.523732 0.330741 0.019568 0.041786 0.622459
1 0.523609 0.330714 0.019856 0.041899 0.622459
1 0.538200 0.332264 0.015677 0.026155 0.377541
1 0.591033 0.335311 0.012910 0.028196 0.001501
1 0.603237 0.334733 0.018996 0.025681 0.182426
1 0.626680 0.342446 0.022696 0.023579 0.047426
1 0.628434 0.342452 0.025978 0.023554 0.075858
1 0.630188 0.341232 0.031774 0.026008 0.029312
1 0.809515 0.375548 0.040319 0.082701 0.001501
1 0.820746 0.379743 0.018491 0.083353 0.006693
1 0.819920 0.376509 0.023953 0.077045 0.002473
1 0.424965 0.338201 0.130952 0.125065 0.924142
1 0.424963 0.339096 0.128186 0.126883 0.952574
1 0.422967 0.339137 0.129125 0.126906 0.952574
1 0.815902 0.381398 0.028004 0.082179 0.001501
2 0.567277 0.328621 0.009787 0.014600 0.001501
3 0.551398 0.331374 0.010914 0.020107 0.001501
3 0.538200 0.332264 0.015677 0.026155 0.001501
4 0.626680 0.342446 0.022696 0.023579 0.004070
4 0.628434 0.342452 0.025978 0.023554 0.017986
4 0.630188 0.341232 0.031774 0.026008 0.001501
4 0.809515 0.375548 0.040319 0.082701 0.001501
4 0.820746 0.379743 0.018491 0.083353 0.006693
4 0.799696 0.374347 0.028364 0.074311 0.004070
4 0.812140 0.384784 0.034484 0.070289 0.075858
4 0.815902 0.381398 0.028004 0.082179 0.047426
4 0.817175 0.380916 0.029188 0.083447 0.004070
4 0.799333 0.382223 0.041521 0.069255 0.006693
4 0.811125 0.406855 0.033994 0.100823 0.047426
4 0.814397 0.394799 0.030912 0.089642 0.075858
4 0.815989 0.386124 0.032256 0.085483 0.004070
4 0.798641 0.418448 0.053560 0.126424 0.029312
4 0.802055 0.424444 0.052153 0.125600 0.182426
4 0.809430 0.413617 0.039405 0.119539 0.119203
4 0.812427 0.400242 0.041540 0.102481 0.002473
4 0.797106 0.424041 0.052675 0.115967 0.001501
4 0.797536 0.424299 0.055275 0.134994 0.075858
4 0.799004 0.424332 0.055480 0.139226 0.182426
4 0.799463 0.423643 0.054675 0.136054 0.268941
4 0.796409 0.432791 0.054386 0.106713 0.002473
4 0.797143 0.427297 0.056076 0.138153 0.047426
4 0.797415 0.424661 0.055536 0.138615 0.119203
4 0.798967 0.428919 0.056637 0.144260 0.119203
4 0.014284 0.442737 0.028596 0.196070 0.001501
4 0.796342 0.426944 0.054735 0.136589 0.006693
4 0.796458 0.425738 0.054381 0.137714 0.017986
4 0.797571 0.427790 0.056653 0.141260 0.006693
4 0.014302 0.432068 0.028631 0.226378 0.004070
4 0.015923 0.424587 0.031856 0.236334 0.004070
4 0.014749 0.409970 0.029501 0.259816 0.001501
5 0.591033 0.335311 0.012910 0.028196 0.010987
5 0.809515 0.375548 0.040319 0.082701 0.001501
5 0.820746 0.379743 0.018491 0.083353 0.001501
