0 0.006892 0.348628 0.013820 0.121916 0.001501
0 0.736510 0.317201 0.023700 0.056525 0.010987
0 0.737592 0.319943 0.025051 0.057309 0.001501
0 0.065601 0.366089 0.009300 0.040682 0.001501
0 0.737879 0.330265 0.020210 0.096222 0.010987
0 0.740215 0.330007 0.016825 0.090461 0.010987
1 0.006892 0.348628 0.013820 0.121916 0.001501
1 0.310336 0.334437 0.179334 0.200929 0.731059
1 0.309177 0.334437 0.178600 0.200942 0.817575
1 0.309137 0.334406 0.178470 0.200783 0.880797
1 0.408111 0.330218 0.047465 0.061272 0.731059
1 0.408236 0.330204 0.047494 0.061238 0.622459
1 0.408829 0.330677 0.046030 0.060360 0.731059
1 0.433869 0.321648 0.018049 0.044213 0.004070
1 0.436127 0.320542 0.019891 0.048356 0.004070
1 0.539515 0.315782 0.021101 0.035127 0.047426
1 0.539576 0.316469 0.020960 0.033747 0.047426
1 0.567214 0.321817 0.037511 0.041468 0.622459
1 0.568744 0.321747 0.037515 0.041308 0.622459
1 0.568719 0.321403 0.037585 0.041815 0.622459
1 0.725507 0.312144 0.046175 0.048475 0.001501
1 0.730330 0.313723 0.035986 0.049336 0.075858
1 0.731541 0.315241 0.031128 0.052345 0.047426
1 0.735359 0.315286 0.026271 0.052421 0.075858
1 0.309171 0.333296 0.178611 0.198693 0.817575
1 0.310014 0.333285 0.179992 0.198720 0.880797
1 0.310408 0.333313 0.179173 0.198663 0.924142
1 0.309245 0.333292 0.178435 0.198601 0.924142
1 0.408074 0.330225 0.047095 0.061224 0.817575
1 0.408302 0.330224 0.047528 0.061187 0.817575
1 0.408291 0.330654 0.047582 0.060296 0.817575
1 0.435506 0.330430 0.017958 0.027424 0.182426
1 0.436952 0.329519 0.018239 0.030628 0.119203
1 0.482644 0.320386 0.012934 0.041442 0.004070
1 0.494537 0.318058 0.011324 0.020945 0.017986
1 0.503328 0.320503 0.012604 0.016053 0.268941
1 0.518729 0.319483 0.006929 0.014546 0.002473
1 0.539879 0.317801 0.020262 0.036202 0.047426
1 0.539565 0.317142 0.020937 0.037514 0.119203
1 0.567218 0.321752 0.037507 0.042331 0.731059
1 0.567981 0.322065 0.035981 0.041683 0.817575
1 0.567974 0.321693 0.039066 0.041065 0.817575
1 0.675744 0.319392 0.044485 0.028057 0.004070
1 0.682601 0.319202 0.031661 0.023269 0.004070
1 0.687314 0.320283 0.025614 0.021197 0.001501
1 0.722042 0.316401 0.048178 0.039748 0.001501
1 0.728942 0.315817 0.036319 0.048622 0.047426
1 0.731972 0.315219 0.032916 0.052420 0.047426
1 0.736131 0.315230 0.024699 0.052403 0.075858
1 0.030436 0.365733 0.060844 0.121653 0.500000
1 0.105054 0.361390 0.032353 0.062916 0.017986
1 0.109164 0.358867 0.033840 0.061623 0.029312
1 0.110579 0.357916 0.038401 0.059734 0.047426
1 0.115043 0.357875 0.044802 0.066670 0.017986
1 0.310338 0.333338 0.179326 0.203143 0.924142
1 0.309291 0.333367 0.178358 0.198563 0.924142
1 0.309573 0.332271 0.177783 0.200723 0.952574
1 0.408223 0.330229 0.047514 0.061177 0.731059
1 0.409148 0.330668 0.046745 0.060276 0.817575
1 0.408505 0.330667 0.048163 0.060273 0.880797
1 0.436818 0.330458 0.017979 0.034275 0.182426
1 0.568743 0.322497 0.037490 0.043842 0.006693
1 0.568751 0.322429 0.037507 0.043405 0.006693
1 0.567974 0.322441 0.039069 0.043451 0.010987
1 0.726804 0.318947 0.031863 0.054959 0.002473
1 0.736510 0.317201 0.023700 0.056525 0.002473
1 0.737592 0.319943 0.025051 0.057309 0.010987
1 0.029790 0.365441 0.059629 0.122278 0.731059
1 0.030464 0.366309 0.060905 0.119622 0.731059
1 0.029765 0.367725 0.059609 0.117659 0.817575
1 0.104167 0.363115 0.030768 0.060606 0.010987
1 0.108972 0.360123 0.033434 0.060372 0.029312
1 0.109826 0.358191 0.036913 0.060609 0.047426
1 0.118344 0.359613 0.052708 0.072408 0.006693
1 0.029788 0.367167 0.059621 0.116963 0.731059
1 0.029798 0.365934 0.059563 0.119351 0.817575
1 0.029771 0.365569 0.059619 0.117473 0.880797
1 0.029721 0.369102 0.059795 0.112892 0.182426
1 0.103522 0.363227 0.023222 0.065524 0.001501
1 0.113462 0.362891 0.041998 0.066280 0.004070
1 0.029773 0.367542 0.059597 0.116360 0.817575
1 0.030468 0.367446 0.060913 0.115642 0.817575
1 0.030439 0.367368 0.060969 0.115924 0.880797
2 0.310336 0.334437 0.179334 0.200929 0.004070
2 0.309177 0.334437 0.178600 0.200942 0.004070
2 0.309137 0.334406 0.178470 0.200783 0.001501
2 0.539515 0.315782 0.021101 0.035127 0.017986
2 0.539576 0.316469 0.020960 0.033747 0.047426
2 0.730330 0.313723 0.035986 0.049336 0.002473
2 0.731541 0.315241 0.031128 0.052345 0.002473
2 0.735359 0.315286 0.026271 0.052421 0.001501
2 0.309171 0.333296 0.178611 0.198693 0.006693
2 0.494537 0.318058 0.011324 0.020945 0.004070
2 0.539879 0.317801 0.020262 0.036202 0.010987
2 0.539565 0.317142 0.020937 0.037514 0.010987
2 0.728942 0.315817 0.036319 0.048622 0.006693
2 0.731972 0.315219 0.032916 0.052420 0.002473
2 0.736131 0.315230 0.024699 0.052403 0.002473
3 0.477403 0.188387 0.026696 0.030213 0.001501
3 0.509322 0.168411 0.025200 0.066434 0.001501
3 0.006892 0.348628 0.013820 0.121916 0.002473
3 0.210831 0.318841 0.034234 0.067730 0.002473
3 0.433869 0.321648 0.018049 0.044213 0.006693
3 0.436127 0.320542 0.019891 0.048356 0.004070
3 0.539515 0.315782 0.021101 0.035127 0.622459
3 0.539576 0.316469 0.020960 0.033747 0.500000
3 0.725507 0.312144 0.046175 0.048475 0.004070
3 0.730330 0.313723 0.035986 0.049336 0.268941
3 0.731541 0.315241 0.031128 0.052345 0.182426
3 0.735359 0.315286 0.026271 0.052421 0.182426
3 0.112838 0.352874 0.039099 0.071845 0.001501
3 0.167073 0.340811 0.122169 0.115253 0.817575
3 0.167184 0.340542 0.121753 0.110696 0.731059
3 0.165927 0.342089 0.124389 0.112694 0.817575
3 0.166085 0.340066 0.123872 0.111835 0.817575
3 0.435506 0.330430 0.017958 0.027424 0.004070
3 0.494537 0.318058 0.011324 0.020945 0.002473
3 0.503328 0.320503 0.012604 0.016053 0.017986
3 0.539879 0.317801 0.020262 0.036202 0.377541
3 0.539565 0.317142 0.020937 0.037514 0.500000
3 0.722042 0.316401 0.048178 0.039748 0.001501
3 0.728942 0.315817 0.036319 0.048622 0.182426
3 0.731972 0.315219 0.032916 0.052420 0.119203
3 0.736131 0.315230 0.024699 0.052403 0.182426
3 0.109164 0.358867 0.033840 0.061623 0.002473
3 0.110579 0.357916 0.038401 0.059734 0.002473
3 0.115043 0.357875 0.044802 0.066670 0.004070
3 0.167158 0.341129 0.122235 0.114607 0.731059
3 0.166106 0.342013 0.121411 0.117339 0.731059
3 0.165746 0.341161 0.124750 0.114498 0.817575
3 0.165868 0.342220 0.124486 0.117007 0.817575
3 0.726804 0.318947 0.031863 0.054959 0.006693
3 0.736510 0.317201 0.023700 0.056525 0.002473
3 0.737592 0.319943 0.025051 0.057309 0.017986
3 0.109826 0.358191 0.036913 0.060609 0.002473
3 0.118344 0.359613 0.052708 0.072408 0.004070
3 0.166613 0.339964 0.120754 0.111849 0.817575
3 0.165558 0.340959 0.122614 0.114954 0.817575
3 0.872604 0.300978 0.251530 0.440870 0.377541
3 0.874975 0.300669 0.253153 0.440198 0.880797
3 0.872688 0.301524 0.251595 0.436631 0.904651
3 0.875080 0.300077 0.253073 0.438883 0.904651
3 0.872621 0.301828 0.251507 0.436995 0.851953
3 0.875001 0.302129 0.253172 0.437406 0.851953
3 0.874239 0.300606 0.251645 0.439638 0.880797
3 0.874270 0.301724 0.251568 0.436705 0.880797
3 0.875779 0.301062 0.251664 0.440248 0.880797
3 0.874254 0.302350 0.251624 0.437851 0.851953
3 0.875088 0.302107 0.253130 0.437479 0.904651
5 0.482644 0.320386 0.012934 0.041442 0.002473
5 0.440849 0.330157 0.023273 0.052012 0.075858
5 0.462477 0.350696 0.049975 0.148545 0.622459
5 0.462473 0.351522 0.049981 0.147368 0.817575
5 0.462483 0.350520 0.046979 0.148449 0.817575
5 0.461722 0.349707 0.048450 0.151870 0.731059
5 0.461719 0.350840 0.048440 0.149600 0.622459
5 0.462501 0.351167 0.050053 0.150588 0.622459
5 0.460946 0.352998 0.047344 0.143663 0.817575
5 0.461736 0.351048 0.048455 0.149192 0.731059
5 0.463263 0.351008 0.048479 0.149271 0.731059
