0 0.093070 0.313541 0.008214 0.034424 0.001501
0 0.731206 0.313700 0.009674 0.039218 0.002473
0 0.745227 0.315680 0.012787 0.034838 0.001501
0 0.776060 0.322743 0.024245 0.063050 0.006693
0 0.782043 0.324178 0.014140 0.070254 0.075858
0 0.789898 0.320638 0.010696 0.067809 0.075858
0 0.807381 0.318448 0.018529 0.066927 0.001501
0 0.094904 0.323328 0.011893 0.027043 0.004070
0 0.455446 0.324882 0.014131 0.030670 0.002473
0 0.731936 0.317925 0.008130 0.032377 0.001501
0 0.745179 0.320876 0.009747 0.036108 0.002473
0 0.772544 0.334410 0.014375 0.044681 0.047426
0 0.780366 0.322971 0.011347 0.067966 0.119203
0 0.790266 0.320810 0.011565 0.072303 0.075858
0 0.771972 0.333210 0.013196 0.048032 0.029312
0 0.780415 0.325633 0.011183 0.067087 0.119203
0 0.790958 0.321464 0.010150 0.070990 0.119203
0 0.773568 0.340951 0.019127 0.070272 0.001501
0 0.777826 0.331061 0.016634 0.084019 0.004070
0 0.790285 0.333035 0.013735 0.096046 0.002473
1 0.347322 0.324454 0.048773 0.049750 0.017986
1 0.348529 0.325590 0.044443 0.052008 0.029312
1 0.349216 0.325561 0.045179 0.051938 0.029312
1 0.359898 0.321971 0.032219 0.043590 0.004070
1 0.402376 0.326591 0.039336 0.060303 0.817575
1 0.403028 0.324188 0.040740 0.059967 0.731059
1 0.403784 0.325321 0.042508 0.057718 0.731059
1 0.289630 0.340596 0.064082 0.040652 0.119203
1 0.290487 0.341290 0.065708 0.041792 0.182426
1 0.290173 0.340649 0.063755 0.040549 0.075858
1 0.289699 0.340618 0.064603 0.043134 0.119203
1 0.298223 0.333018 0.074269 0.047692 0.006693
1 0.348517 0.325920 0.044488 0.046797 0.075858
1 0.348611 0.325344 0.044233 0.048015 0.047426
1 0.347808 0.324727 0.045892 0.049212 0.047426
1 0.357414 0.324249 0.037708 0.040276 0.017986
1 0.376162 0.326984 0.016913 0.029040 0.119203
1 0.402077 0.326604 0.039822 0.060260 0.731059
1 0.402350 0.325333 0.039384 0.057690 0.817575
1 0.403011 0.325323 0.040980 0.057701 0.500000
1 0.455446 0.324882 0.014131 0.030670 0.010987
1 0.486930 0.325563 0.039363 0.039382 0.622459
1 0.487235 0.326481 0.038770 0.037618 0.817575
1 0.486785 0.325568 0.040387 0.039376 0.731059
1 0.487147 0.325495 0.039397 0.039245 0.268941
1 0.523986 0.322879 0.013479 0.026175 0.029312
1 0.535776 0.326608 0.018518 0.023160 0.622459
1 0.536967 0.326613 0.018140 0.023165 0.622459
1 0.614881 0.335364 0.020256 0.051062 0.017986
1 0.615048 0.335385 0.016904 0.051085 0.029312
1 0.621294 0.329462 0.024923 0.064458 0.002473
1 0.678298 0.338907 0.112547 0.104208 0.880797
1 0.678419 0.340038 0.115035 0.106470 0.924142
1 0.677983 0.340020 0.115926 0.106494 0.924142
1 0.772544 0.334410 0.014375 0.044681 0.002473
1 0.006799 0.367509 0.013750 0.087763 0.001501
1 0.065031 0.361989 0.123098 0.104239 0.817575
1 0.065113 0.363245 0.122956 0.101715 0.817575
1 0.066041 0.361957 0.123833 0.104268 0.880797
1 0.289761 0.342172 0.064216 0.039971 0.500000
1 0.290197 0.342928 0.063543 0.038473 0.622459
1 0.290102 0.342786 0.063833 0.038844 0.622459
1 0.290116 0.342217 0.063803 0.039966 0.622459
1 0.290752 0.342924 0.062878 0.040729 0.377541
1 0.349163 0.328323 0.043164 0.046702 0.047426
1 0.348682 0.325710 0.044119 0.047353 0.075858
1 0.348637 0.325701 0.044187 0.047346 0.119203
1 0.348932 0.326898 0.046626 0.041414 0.047426
1 0.377041 0.328873 0.015666 0.033039 0.004070
1 0.402339 0.326622 0.039305 0.060285 0.731059
1 0.402771 0.326615 0.038629 0.060240 0.817575
1 0.403080 0.325494 0.041102 0.062547 0.377541
1 0.487868 0.326485 0.040156 0.037740 0.622459
1 0.487431 0.326489 0.040182 0.037700 0.731059
1 0.486962 0.326496 0.039320 0.037677 0.731059
1 0.487279 0.326457 0.039844 0.037799 0.377541
1 0.614888 0.334024 0.020309 0.053708 0.006693
1 0.616261 0.335259 0.017501 0.051239 0.075858
1 0.622050 0.330749 0.025891 0.061583 0.001501
1 0.677684 0.341176 0.113704 0.104236 0.924142
1 0.677243 0.341184 0.112526 0.104193 0.880797
1 0.678457 0.341327 0.115005 0.109006 0.924142
1 0.678429 0.341176 0.115055 0.104207 0.924142
1 0.007263 0.384034 0.017621 0.075908 0.010987
1 0.066503 0.361998 0.123126 0.104278 0.817575
1 0.065307 0.362012 0.122476 0.104216 0.817575
1 0.066657 0.362013 0.122502 0.104204 0.880797
1 0.066403 0.363273 0.120345 0.106780 0.880797
1 0.290008 0.345011 0.064197 0.042548 0.001501
1 0.291839 0.344807 0.063472 0.046506 0.001501
1 0.678285 0.340039 0.112609 0.106478 0.924142
1 0.677376 0.340049 0.114432 0.106449 0.952574
1 0.678972 0.340048 0.113967 0.106478 0.952574
1 0.007159 0.386234 0.017415 0.078084 0.010987
1 0.066848 0.360857 0.119408 0.102017 0.817575
1 0.067715 0.360865 0.120386 0.106494 0.880797
1 0.068351 0.361975 0.119127 0.104245 0.924142
1 0.006828 0.389846 0.016755 0.083261 0.004070
1 0.022608 0.380253 0.035901 0.074945 0.001501
1 0.006603 0.393550 0.013263 0.097891 0.001501
1 0.905245 0.385198 0.192504 0.323957 0.060087
1 0.904886 0.382518 0.190388 0.318745 0.904651
1 0.905209 0.383196 0.189710 0.322772 0.904651
1 0.905259 0.381959 0.190078 0.319972 0.880797
1 0.905611 0.384375 0.191748 0.321905 0.880797
1 0.904835 0.383195 0.190398 0.322810 0.904651
1 0.905151 0.383972 0.189792 0.321451 0.904651
1 0.905359 0.382740 0.189656 0.318755 0.880797
1 0.904468 0.386076 0.190835 0.324180 0.004070
1 0.904867 0.383729 0.190286 0.322425 0.904651
1 0.903744 0.384735 0.189450 0.324838 0.904651
1 0.904587 0.385036 0.188110 0.324535 0.904651
2 0.298223 0.333018 0.074269 0.047692 0.001501
2 0.348517 0.325920 0.044488 0.046797 0.006693
2 0.348611 0.325344 0.044233 0.048015 0.002473
2 0.347808 0.324727 0.045892 0.049212 0.001501
2 0.486930 0.325563 0.039363 0.039382 0.001501
2 0.523986 0.322879 0.013479 0.026175 0.006693
2 0.289761 0.342172 0.064216 0.039971 0.002473
2 0.290102 0.342786 0.063833 0.038844 0.001501
2 0.290116 0.342217 0.063803 0.039966 0.001501
2 0.290752 0.342924 0.062878 0.040729 0.001501
2 0.349163 0.328323 0.043164 0.046702 0.004070
2 0.348682 0.325710 0.044119 0.047353 0.004070
2 0.348637 0.325701 0.044187 0.047346 0.006693
3 0.364770 0.300958 0.048960 0.094531 0.001501
3 0.369077 0.298036 0.038629 0.083077 0.004070
3 0.369936 0.299587 0.037983 0.083777 0.010987
3 0.366792 0.304007 0.050783 0.088289 0.002473
3 0.370077 0.300412 0.037366 0.083994 0.004070
3 0.370516 0.299938 0.038227 0.080033 0.029312
3 0.582348 0.316463 0.045559 0.075428 0.622459
3 0.196813 0.337663 0.118289 0.084681 0.002473
3 0.277460 0.325250 0.086229 0.068359 0.006693
3 0.289633 0.326595 0.068000 0.068706 0.006693
3 0.288833 0.327312 0.067094 0.069893 0.010987
3 0.329813 0.324502 0.073517 0.053405 0.010987
3 0.347322 0.324454 0.048773 0.049750 0.119203
3 0.348529 0.325590 0.044443 0.052008 0.182426
3 0.349216 0.325561 0.045179 0.051938 0.075858
3 0.359898 0.321971 0.032219 0.043590 0.017986
3 0.376198 0.310102 0.032190 0.057171 0.004070
3 0.529273 0.317023 0.020515 0.038086 0.001501
3 0.582737 0.317755 0.046290 0.077956 0.622459
3 0.582740 0.317771 0.046290 0.077909 0.731059
3 0.582262 0.317770 0.047557 0.077903 0.880797
3 0.137348 0.343511 0.063588 0.063258 0.002473
3 0.134571 0.344810 0.064450 0.060288 0.002473
3 0.152782 0.341995 0.065242 0.071020 0.002473
3 0.187528 0.342711 0.116019 0.074213 0.002473
3 0.209994 0.343178 0.098861 0.079970 0.377541
3 0.208440 0.343016 0.098202 0.080113 0.731059
3 0.208738 0.342494 0.099224 0.081162 0.817575
3 0.289630 0.340596 0.064082 0.040652 0.017986
3 0.290487 0.341290 0.065708 0.041792 0.010987
3 0.290173 0.340649 0.063755 0.040549 0.010987
3 0.289699 0.340618 0.064603 0.043134 0.017986
3 0.298223 0.333018 0.074269 0.047692 0.017986
3 0.348517 0.325920 0.044488 0.046797 0.500000
3 0.348611 0.325344 0.044233 0.048015 0.622459
3 0.347808 0.324727 0.045892 0.049212 0.377541
3 0.357414 0.324249 0.037708 0.040276 0.029312
3 0.376162 0.326984 0.016913 0.029040 0.006693
3 0.523986 0.322879 0.013479 0.026175 0.268941
3 0.535776 0.326608 0.018518 0.023160 0.004070
3 0.536967 0.326613 0.018140 0.023165 0.002473
3 0.582095 0.317782 0.047144 0.077891 0.731059
3 0.582811 0.317784 0.046431 0.077886 0.817575
3 0.582919 0.317782 0.046699 0.077882 0.880797
3 0.133483 0.347879 0.058882 0.054388 0.001501
3 0.145241 0.344675 0.055808 0.060776 0.002473
3 0.196327 0.344153 0.093141 0.077000 0.004070
3 0.208846 0.342183 0.098968 0.079046 0.731059
3 0.208830 0.342199 0.099034 0.079125 0.731059
3 0.208494 0.342899 0.098270 0.080541 0.817575
3 0.207604 0.342640 0.099922 0.081349 0.817575
3 0.289761 0.342172 0.064216 0.039971 0.047426
3 0.290197 0.342928 0.063543 0.038473 0.010987
3 0.290102 0.342786 0.063833 0.038844 0.017986
3 0.290116 0.342217 0.063803 0.039966 0.006693
3 0.290752 0.342924 0.062878 0.040729 0.004070
3 0.349163 0.328323 0.043164 0.046702 0.268941
3 0.348682 0.325710 0.044119 0.047353 0.377541
3 0.348637 0.325701 0.044187 0.047346 0.377541
3 0.348932 0.326898 0.046626 0.041414 0.029312
3 0.582630 0.317864 0.046077 0.077786 0.817575
3 0.582807 0.317852 0.046433 0.077755 0.817575
3 0.582903 0.318307 0.046730 0.076843 0.880797
3 0.007263 0.384034 0.017621 0.075908 0.001501
3 0.208297 0.342294 0.098166 0.078859 0.731059
3 0.208847 0.341596 0.098989 0.080360 0.817575
3 0.209050 0.341938 0.096986 0.079857 0.880797
3 0.208343 0.342655 0.100043 0.081449 0.029312
3 0.007159 0.386234 0.017415 0.078084 0.001501
4 0.614881 0.335364 0.020256 0.051062 0.001501
4 0.615048 0.335385 0.016904 0.051085 0.004070
4 0.614888 0.334024 0.020309 0.053708 0.002473
4 0.616261 0.335259 0.017501 0.051239 0.010987
5 0.435290 0.324199 0.047549 0.086400 0.002473
5 0.438602 0.319315 0.044772 0.071164 0.004070
5 0.617150 0.327766 0.020923 0.063273 0.010987
5 0.436099 0.356352 0.044548 0.141929 0.002473
5 0.437857 0.358231 0.043360 0.135160 0.001501
5 0.455446 0.324882 0.014131 0.030670 0.004070
5 0.614881 0.335364 0.020256 0.051062 0.075858
5 0.615048 0.335385 0.016904 0.051085 0.377541
5 0.621294 0.329462 0.024923 0.064458 0.001501
5 0.772544 0.334410 0.014375 0.044681 0.006693
5 0.403080 0.325494 0.041102 0.062547 0.001501
5 0.436802 0.359544 0.045471 0.145702 0.622459
5 0.436745 0.360224 0.045377 0.144341 0.731059
5 0.614888 0.334024 0.020309 0.053708 0.119203
5 0.616261 0.335259 0.017501 0.051239 0.622459
5 0.622050 0.330749 0.025891 0.061583 0.006693
5 0.771972 0.333210 0.013196 0.048032 0.002473
5 0.435853 0.356376 0.047095 0.145711 0.622459
5 0.436785 0.357638 0.045463 0.146422 0.731059
5 0.436773 0.358807 0.045456 0.144012 0.731059
5 0.436011 0.358996 0.047261 0.147061 0.500000
5 0.616897 0.336157 0.017010 0.058130 0.004070
5 0.435794 0.356566 0.047518 0.148440 0.817575
5 0.436733 0.357639 0.048322 0.146413 0.731059
5 0.437485 0.357732 0.046871 0.146226 0.731059
5 0.438284 0.360204 0.048503 0.144781 0.010987
5 0.436742 0.357027 0.048263 0.144943 0.622459
5 0.436816 0.356120 0.045533 0.146821 0.010987
