0 0.470726 0.318210 0.019789 0.040358 0.001501
0 0.488473 0.344863 0.033334 0.102526 0.001501
0 0.129794 0.341406 0.009655 0.052939 0.002473
0 0.129803 0.344600 0.009627 0.046574 0.004070
0 0.488290 0.351691 0.035259 0.110349 0.002473
0 0.488135 0.351385 0.036247 0.109755 0.004070
0 0.072510 0.374666 0.049259 0.047650 0.002473
0 0.488070 0.350387 0.035296 0.112530 0.004070
0 0.488343 0.350195 0.036939 0.112138 0.006693
0 0.058236 0.379334 0.016745 0.059535 0.001501
0 0.068496 0.376157 0.031006 0.066162 0.002473
0 0.086419 0.377057 0.045043 0.067465 0.002473
1 0.622951 0.328311 0.054042 0.068256 0.119203
1 0.622207 0.330134 0.052516 0.067377 0.731059
1 0.622202 0.329843 0.052501 0.066758 0.817575
1 0.084533 0.349891 0.070843 0.080803 0.002473
1 0.084272 0.349923 0.077529 0.086310 0.010987
1 0.099657 0.351136 0.038154 0.073012 0.002473
1 0.248595 0.343223 0.050335 0.057692 0.001501
1 0.298379 0.337220 0.064226 0.049971 0.010987
1 0.300789 0.336659 0.065271 0.048358 0.731059
1 0.301470 0.335753 0.066183 0.046558 0.817575
1 0.300832 0.337026 0.065278 0.044016 0.817575
1 0.300923 0.335758 0.065086 0.046549 0.731059
1 0.300938 0.337913 0.065383 0.045983 0.500000
1 0.354748 0.328481 0.040594 0.041737 0.075858
1 0.355481 0.329594 0.042147 0.039439 0.075858
1 0.355448 0.328503 0.042201 0.041691 0.182426
1 0.387492 0.329928 0.025049 0.025276 0.377541
1 0.388268 0.329861 0.026562 0.025121 0.377541
1 0.412504 0.325266 0.025178 0.025937 0.029312
1 0.413595 0.324024 0.023832 0.028425 0.017986
1 0.428883 0.322917 0.014387 0.020914 0.010987
1 0.444538 0.324081 0.011210 0.013592 0.006693
1 0.461956 0.322935 0.014410 0.021008 0.006693
1 0.464272 0.324086 0.013527 0.028355 0.075858
1 0.488637 0.352236 0.033456 0.109619 0.004070
1 0.506239 0.321637 0.009507 0.018372 0.075858
1 0.519131 0.324182 0.011040 0.018344 0.029312
1 0.531249 0.324200 0.023260 0.023427 0.500000
1 0.544283 0.324163 0.008429 0.018368 0.047426
1 0.560098 0.317255 0.020245 0.045707 0.002473
1 0.560585 0.320512 0.021053 0.040922 0.010987
1 0.583935 0.326700 0.032110 0.041685 0.817575
1 0.582973 0.327607 0.031016 0.043470 0.817575
1 0.621802 0.328700 0.053328 0.069080 0.817575
1 0.621824 0.329851 0.053271 0.066769 0.880797
1 0.621824 0.329846 0.053269 0.066775 0.880797
1 0.621838 0.328718 0.053295 0.069032 0.817575
1 0.698319 0.350424 0.115862 0.095977 0.880797
1 0.697816 0.350346 0.117590 0.096126 0.880797
1 0.005524 0.358792 0.011067 0.046544 0.001501
1 0.082404 0.362190 0.072160 0.067343 0.006693
1 0.084495 0.362562 0.072910 0.061363 0.004070
1 0.084157 0.364473 0.075760 0.062687 0.029312
1 0.084206 0.364011 0.073472 0.058522 0.047426
1 0.086155 0.363695 0.068098 0.054347 0.002473
1 0.229370 0.352552 0.024372 0.044913 0.004070
1 0.239444 0.352575 0.040385 0.044874 0.006693
1 0.246013 0.348996 0.048560 0.046948 0.029312
1 0.246666 0.349031 0.047726 0.046851 0.017986
1 0.251118 0.345498 0.047273 0.053145 0.017986
1 0.301438 0.337011 0.066172 0.044055 0.731059
1 0.301464 0.337915 0.066194 0.045789 0.731059
1 0.301441 0.337011 0.066118 0.044046 0.731059
1 0.300840 0.337034 0.065340 0.044016 0.880797
1 0.300900 0.336661 0.065334 0.048469 0.500000
1 0.355487 0.328443 0.042274 0.041909 0.119203
1 0.354636 0.328466 0.040744 0.041815 0.119203
1 0.354178 0.328473 0.041673 0.041832 0.119203
1 0.387460 0.331754 0.025199 0.025374 0.029312
1 0.387471 0.331787 0.025087 0.025224 0.047426
1 0.583130 0.327616 0.030660 0.043737 0.500000
1 0.582222 0.326681 0.029768 0.041757 0.817575
1 0.582908 0.326678 0.031138 0.041755 0.731059
1 0.622316 0.329824 0.055349 0.066651 0.731059
1 0.621825 0.330114 0.053229 0.067254 0.817575
1 0.621803 0.329818 0.053289 0.066654 0.880797
1 0.622219 0.329822 0.052534 0.066649 0.500000
1 0.698611 0.351433 0.116450 0.098708 0.924142
1 0.697642 0.351389 0.117216 0.098617 0.924142
1 0.697754 0.351377 0.117452 0.098596 0.924142
1 0.697004 0.351398 0.118964 0.098643 0.880797
1 0.005507 0.362845 0.011068 0.045089 0.002473
1 0.082956 0.371495 0.073784 0.048649 0.047426
1 0.085441 0.371101 0.070783 0.044295 0.268941
1 0.085398 0.372334 0.071142 0.046977 0.500000
1 0.084662 0.369791 0.072507 0.042465 0.500000
1 0.085760 0.370026 0.070467 0.046465 0.500000
1 0.092424 0.367623 0.059424 0.045484 0.010987
1 0.229183 0.352803 0.022830 0.039358 0.002473
1 0.231397 0.355461 0.025782 0.039122 0.010987
1 0.244990 0.352344 0.047493 0.045381 0.017986
1 0.246806 0.351371 0.047407 0.047342 0.047426
1 0.248072 0.352306 0.045976 0.050791 0.047426
1 0.698434 0.350389 0.116086 0.096163 0.924142
1 0.697639 0.351453 0.117222 0.098453 0.924142
1 0.698505 0.350247 0.116230 0.096333 0.952574
1 0.697763 0.351404 0.117441 0.098653 0.952574
1 0.877330 0.387830 0.207840 0.214436 0.924142
1 0.877492 0.388024 0.208251 0.214044 0.924142
1 0.875865 0.387993 0.210073 0.214270 0.924142
1 0.875858 0.389087 0.210361 0.216517 0.952574
1 0.072510 0.374666 0.049259 0.047650 0.006693
1 0.084781 0.372301 0.072147 0.047111 0.377541
1 0.084488 0.371025 0.072883 0.044547 0.500000
1 0.085988 0.370836 0.072063 0.044955 0.377541
1 0.087356 0.369467 0.069417 0.047696 0.182426
1 0.092405 0.368501 0.057293 0.045228 0.029312
1 0.877349 0.387509 0.207799 0.214982 0.924142
1 0.876629 0.387699 0.209248 0.214888 0.924142
1 0.877317 0.387884 0.207870 0.214490 0.924142
1 0.875601 0.388827 0.209852 0.217062 0.924142
1 0.876639 0.388570 0.209239 0.217677 0.924142
1 0.876482 0.387433 0.209083 0.215400 0.952574
2 0.560438 0.316333 0.021187 0.044317 0.001501
2 0.354748 0.328481 0.040594 0.041737 0.001501
2 0.355481 0.329594 0.042147 0.039439 0.004070
2 0.355448 0.328503 0.042201 0.041691 0.006693
2 0.387492 0.329928 0.025049 0.025276 0.001501
2 0.464272 0.324086 0.013527 0.028355 0.002473
2 0.531249 0.324200 0.023260 0.023427 0.004070
2 0.355487 0.328443 0.042274 0.041909 0.004070
2 0.354636 0.328466 0.040744 0.041815 0.010987
2 0.354178 0.328473 0.041673 0.041832 0.010987
2 0.082956 0.371495 0.073784 0.048649 0.002473
2 0.085441 0.371101 0.070783 0.044295 0.002473
2 0.084781 0.372301 0.072147 0.047111 0.006693
3 0.323451 0.321863 0.088600 0.057195 0.001501
3 0.350441 0.324233 0.041669 0.049668 0.002473
3 0.353585 0.324527 0.043213 0.053688 0.001501
3 0.560055 0.318267 0.020119 0.043639 0.817575
3 0.560438 0.316333 0.021187 0.044317 0.731059
3 0.084272 0.349923 0.077529 0.086310 0.002473
3 0.300938 0.337913 0.065383 0.045983 0.004070
3 0.354748 0.328481 0.040594 0.041737 0.622459
3 0.355481 0.329594 0.042147 0.039439 0.500000
3 0.355448 0.328503 0.042201 0.041691 0.500000
3 0.387492 0.329928 0.025049 0.025276 0.006693
3 0.388268 0.329861 0.026562 0.025121 0.004070
3 0.413595 0.324024 0.023832 0.028425 0.004070
3 0.428883 0.322917 0.014387 0.020914 0.002473
3 0.464272 0.324086 0.013527 0.028355 0.010987
3 0.506239 0.321637 0.009507 0.018372 0.001501
3 0.519131 0.324182 0.011040 0.018344 0.001501
3 0.531249 0.324200 0.023260 0.023427 0.006693
3 0.544283 0.324163 0.008429 0.018368 0.006693
3 0.560098 0.317255 0.020245 0.045707 0.731059
3 0.560585 0.320512 0.021053 0.040922 0.047426
3 0.084206 0.364011 0.073472 0.058522 0.002473
3 0.251118 0.345498 0.047273 0.053145 0.002473
3 0.301438 0.337011 0.066172 0.044055 0.002473
3 0.355487 0.328443 0.042274 0.041909 0.622459
3 0.354636 0.328466 0.040744 0.041815 0.377541
3 0.354178 0.328473 0.041673 0.041832 0.500000
3 0.085760 0.370026 0.070467 0.046465 0.001501
3 0.084781 0.372301 0.072147 0.047111 0.002473
4 0.229370 0.352552 0.024372 0.044913 0.006693
4 0.239444 0.352575 0.040385 0.044874 0.006693
4 0.246013 0.348996 0.048560 0.046948 0.004070
4 0.246666 0.349031 0.047726 0.046851 0.002473
4 0.488452 0.352087 0.033389 0.109107 0.002473
4 0.769542 0.342177 0.011051 0.043707 0.001501
4 0.229183 0.352803 0.022830 0.039358 0.006693
4 0.231397 0.355461 0.025782 0.039122 0.006693
4 0.244990 0.352344 0.047493 0.045381 0.004070
4 0.246806 0.351371 0.047407 0.047342 0.002473
4 0.248072 0.352306 0.045976 0.050791 0.001501
4 0.488290 0.351691 0.035259 0.110349 0.001501
4 0.488135 0.351385 0.036247 0.109755 0.002473
4 0.488070 0.350387 0.035296 0.112530 0.006693
4 0.488343 0.350195 0.036939 0.112138 0.010987
5 0.487478 0.347279 0.033362 0.108598 0.017986
5 0.488473 0.344863 0.033334 0.102526 0.047426
5 0.234703 0.345519 0.037581 0.064100 0.001501
5 0.244597 0.343388 0.043657 0.063074 0.017986
5 0.245784 0.343528 0.046805 0.057666 0.010987
5 0.248595 0.343223 0.050335 0.057692 0.004070
5 0.488671 0.351162 0.033400 0.110228 0.622459
5 0.488637 0.352236 0.033456 0.109619 0.731059
5 0.506239 0.321637 0.009507 0.018372 0.004070
5 0.519131 0.324182 0.011040 0.018344 0.001501
5 0.229370 0.352552 0.024372 0.044913 0.017986
5 0.239444 0.352575 0.040385 0.044874 0.029312
5 0.246013 0.348996 0.048560 0.046948 0.010987
5 0.246666 0.349031 0.047726 0.046851 0.006693
5 0.251118 0.345498 0.047273 0.053145 0.001501
5 0.470308 0.329340 0.009893 0.039529 0.001501
5 0.488452 0.352087 0.033389 0.109107 0.622459
5 0.488906 0.353094 0.033997 0.107041 0.731059
5 0.769542 0.342177 0.011051 0.043707 0.002473
5 0.229183 0.352803 0.022830 0.039358 0.017986
5 0.231397 0.355461 0.025782 0.039122 0.075858
5 0.244990 0.352344 0.047493 0.045381 0.017986
5 0.246806 0.351371 0.047407 0.047342 0.004070
5 0.248072 0.352306 0.045976 0.050791 0.001501
5 0.486326 0.354908 0.038193 0.101696 0.010987
5 0.488290 0.351691 0.035259 0.110349 0.731059
5 0.488135 0.351385 0.036247 0.109755 0.731059
5 0.489509 0.351747 0.038097 0.110977 0.075858
5 0.488070 0.350387 0.035296 0.112530 0.622459
5 0.488343 0.350195 0.036939 0.112138 0.731059
5 0.488382 0.346362 0.034573 0.124946 0.004070
