0 0.797567 0.314628 0.020175 0.111613 0.010987
0 0.658858 0.334512 0.021057 0.115197 0.006693
0 0.797497 0.322889 0.020105 0.129629 0.377541
0 0.797971 0.322049 0.021177 0.127566 0.182426
0 0.079800 0.327594 0.009685 0.077050 0.500000
0 0.242530 0.327353 0.012607 0.055704 0.001501
0 0.658430 0.343372 0.019944 0.109914 0.731059
0 0.659851 0.340646 0.019719 0.109980 0.075858
0 0.798313 0.322434 0.018608 0.125869 0.500000
0 0.797975 0.322217 0.021136 0.128363 0.377541
0 0.081214 0.328865 0.009585 0.074591 0.500000
0 0.250461 0.332049 0.018111 0.049677 0.002473
0 0.261652 0.333303 0.028021 0.046925 0.001501
0 0.577851 0.332112 0.013682 0.026038 0.002473
0 0.588218 0.332406 0.014092 0.024183 0.002473
0 0.603603 0.330537 0.007259 0.036649 0.006693
0 0.620213 0.332142 0.015536 0.034258 0.002473
0 0.658489 0.343698 0.020079 0.114094 0.731059
0 0.659644 0.342365 0.019422 0.112257 0.119203
0 0.684061 0.331184 0.010394 0.056846 0.002473
0 0.797552 0.323059 0.020121 0.127723 0.377541
0 0.798767 0.322601 0.019549 0.128687 0.377541
0 0.080452 0.328558 0.011071 0.079074 0.377541
0 0.254653 0.334392 0.026653 0.049574 0.001501
0 0.260566 0.335788 0.025353 0.046525 0.001501
0 0.260536 0.335798 0.025935 0.046547 0.004070
0 0.605159 0.331990 0.007383 0.039613 0.001501
0 0.658411 0.342567 0.019947 0.111801 0.731059
0 0.659634 0.341672 0.019428 0.113954 0.182426
0 0.683422 0.331973 0.011317 0.049999 0.001501
0 0.798675 0.322782 0.019298 0.127173 0.377541
0 0.798376 0.322611 0.018739 0.126847 0.268941
0 0.082747 0.330996 0.012634 0.078424 0.182426
0 0.659241 0.343614 0.018571 0.114142 0.622459
0 0.659067 0.341489 0.021277 0.114036 0.182426
0 0.798207 0.321991 0.018366 0.126963 0.500000
0 0.797618 0.322009 0.020256 0.127030 0.268941
0 0.654716 0.345240 0.026571 0.107965 0.004070
0 0.658598 0.342503 0.020319 0.111937 0.622459
0 0.659339 0.342227 0.021822 0.112461 0.182426
0 0.797825 0.324874 0.017626 0.128918 0.010987
0 0.984108 0.484893 0.028555 0.567288 0.004070
0 0.991821 0.487377 0.016388 0.560300 0.002473
0 0.983178 0.499982 0.033563 0.548963 0.006693
0 0.987184 0.503593 0.025683 0.546857 0.006693
0 0.982247 0.508830 0.035472 0.529528 0.004070
0 0.983821 0.514497 0.035455 0.530734 0.006693
0 0.982071 0.520984 0.035875 0.501034 0.001501
0 0.982935 0.526288 0.037229 0.510527 0.002473
0 0.977268 0.398283 0.047947 0.747645 0.002473
0 0.976899 0.397490 0.048839 0.758964 0.002473
1 0.018763 0.326680 0.037556 0.138310 0.182426
1 0.019545 0.327203 0.036010 0.137258 0.182426
1 0.018738 0.328752 0.037523 0.139528 0.182426
1 0.018774 0.326866 0.037526 0.138003 0.182426
1 0.018829 0.328847 0.037757 0.139238 0.182426
1 0.224311 0.333242 0.015779 0.041667 0.002473
1 0.224860 0.331974 0.015809 0.039130 0.002473
1 0.250461 0.332049 0.018111 0.049677 0.001501
1 0.258752 0.335706 0.029211 0.046734 0.001501
1 0.261652 0.333303 0.028021 0.046925 0.004070
1 0.278351 0.331934 0.031996 0.044532 0.017986
1 0.287980 0.335612 0.016182 0.037126 0.010987
1 0.368154 0.326145 0.037081 0.043005 0.047426
1 0.370384 0.329306 0.031169 0.033741 0.377541
1 0.370767 0.328044 0.030514 0.036263 0.377541
1 0.397373 0.322939 0.020112 0.021009 0.017986
1 0.398331 0.324167 0.018883 0.018415 0.017986
1 0.445315 0.328640 0.021430 0.019063 0.731059
1 0.446562 0.328647 0.021296 0.019081 0.182426
1 0.492765 0.326227 0.014711 0.014296 0.010987
1 0.541768 0.326218 0.008594 0.014299 0.004070
1 0.568055 0.327614 0.008179 0.017041 0.002473
1 0.577851 0.332112 0.013682 0.026038 0.182426
1 0.620213 0.332142 0.015536 0.034258 0.119203
1 0.625247 0.333153 0.025588 0.041609 0.006693
1 0.017982 0.328610 0.036041 0.139763 0.268941
1 0.018753 0.326634 0.037458 0.138391 0.377541
1 0.018065 0.328182 0.039284 0.140540 0.377541
1 0.047162 0.354261 0.019494 0.052814 0.004070
1 0.223608 0.333316 0.016550 0.041807 0.001501
1 0.260566 0.335788 0.025353 0.046525 0.001501
1 0.286497 0.337463 0.015705 0.038553 0.017986
1 0.287585 0.337568 0.014244 0.038344 0.029312
1 0.363393 0.328604 0.045144 0.054440 0.017986
1 0.369126 0.328682 0.030957 0.037833 0.268941
1 0.370202 0.329296 0.031586 0.033966 0.377541
1 0.580697 0.333303 0.017197 0.024075 0.182426
1 0.585466 0.334494 0.019690 0.023569 0.006693
1 0.618778 0.336882 0.015695 0.034700 0.182426
1 0.625530 0.334544 0.025721 0.034479 0.006693
1 0.017998 0.328063 0.036077 0.135638 0.268941
1 0.017993 0.327647 0.035947 0.136398 0.268941
1 0.048572 0.356390 0.019473 0.052680 0.004070
1 0.042601 0.358328 0.026301 0.066153 0.001501
1 0.987184 0.503593 0.025683 0.546857 0.001501
2 0.541768 0.326218 0.008594 0.014299 0.001501
2 0.620213 0.332142 0.015536 0.034258 0.001501
2 0.018753 0.326634 0.037458 0.138391 0.001501
2 0.018065 0.328182 0.039284 0.140540 0.002473
2 0.017998 0.328063 0.036077 0.135638 0.010987
2 0.017993 0.327647 0.035947 0.136398 0.010987
3 0.018763 0.326680 0.037556 0.138310 0.377541
3 0.019545 0.327203 0.036010 0.137258 0.500000
3 0.018918 0.327937 0.037924 0.135795 0.017986
3 0.333909 0.318427 0.066689 0.067707 0.010987
3 0.363590 0.319555 0.048092 0.054422 0.010987
3 0.369563 0.321412 0.036275 0.047858 0.010987
3 0.018738 0.328752 0.037523 0.139528 0.377541
3 0.018774 0.326866 0.037526 0.138003 0.268941
3 0.018829 0.328847 0.037757 0.139238 0.500000
3 0.278351 0.331934 0.031996 0.044532 0.004070
3 0.287980 0.335612 0.016182 0.037126 0.001501
3 0.368154 0.326145 0.037081 0.043005 0.006693
3 0.370384 0.329306 0.031169 0.033741 0.268941
3 0.370767 0.328044 0.030514 0.036263 0.268941
3 0.397373 0.322939 0.020112 0.021009 0.010987
3 0.398331 0.324167 0.018883 0.018415 0.010987
3 0.445315 0.328640 0.021430 0.019063 0.006693
3 0.446562 0.328647 0.021296 0.019081 0.002473
3 0.480597 0.324151 0.011292 0.018455 0.002473
3 0.492765 0.326227 0.014711 0.014296 0.001501
3 0.577851 0.332112 0.013682 0.026038 0.017986
3 0.620213 0.332142 0.015536 0.034258 0.010987
3 0.017982 0.328610 0.036041 0.139763 0.500000
3 0.018753 0.326634 0.037458 0.138391 0.500000
3 0.018065 0.328182 0.039284 0.140540 0.500000
3 0.369126 0.328682 0.030957 0.037833 0.268941
3 0.370202 0.329296 0.031586 0.033966 0.377541
3 0.580697 0.333303 0.017197 0.024075 0.010987
3 0.618778 0.336882 0.015695 0.034700 0.002473
3 0.017998 0.328063 0.036077 0.135638 0.268941
3 0.017993 0.327647 0.035947 0.136398 0.377541
4 0.043615 0.350493 0.021669 0.066798 0.001501
4 0.050576 0.347420 0.016699 0.061453 0.002473
4 0.620213 0.332142 0.015536 0.034258 0.001501
4 0.047162 0.354261 0.019494 0.052814 0.029312
4 0.051283 0.353108 0.017398 0.049586 0.047426
4 0.062826 0.350742 0.016769 0.038532 0.004070
4 0.254653 0.334392 0.026653 0.049574 0.001501
4 0.260536 0.335798 0.025935 0.046547 0.002473
4 0.618778 0.336882 0.015695 0.034700 0.006693
4 0.625530 0.334544 0.025721 0.034479 0.001501
4 0.048572 0.356390 0.019473 0.052680 0.010987
4 0.051774 0.354023 0.016126 0.047498 0.047426
4 0.066250 0.348716 0.015334 0.043236 0.004070
4 0.042601 0.358328 0.026301 0.066153 0.001501
4 0.982071 0.520984 0.035875 0.501034 0.001501
4 0.982935 0.526288 0.037229 0.510527 0.001501
4 0.982074 0.529081 0.035938 0.469702 0.001501
5 0.258926 0.327352 0.029909 0.059128 0.001501
5 0.287658 0.325047 0.020671 0.058415 0.002473
5 0.325315 0.331345 0.070654 0.098172 0.010987
5 0.224860 0.331974 0.015809 0.039130 0.001501
5 0.250461 0.332049 0.018111 0.049677 0.010987
5 0.258752 0.335706 0.029211 0.046734 0.182426
5 0.261652 0.333303 0.028021 0.046925 0.119203
5 0.278351 0.331934 0.031996 0.044532 0.017986
5 0.287980 0.335612 0.016182 0.037126 0.017986
5 0.327097 0.338194 0.071060 0.110174 0.622459
5 0.327892 0.338310 0.072458 0.109919 0.817575
5 0.327547 0.340126 0.069979 0.111435 0.731059
5 0.577851 0.332112 0.013682 0.026038 0.010987
5 0.620213 0.332142 0.015536 0.034258 0.010987
5 0.047162 0.354261 0.019494 0.052814 0.002473
5 0.254653 0.334392 0.026653 0.049574 0.010987
5 0.260566 0.335788 0.025353 0.046525 0.182426
5 0.260536 0.335798 0.025935 0.046547 0.119203
5 0.286497 0.337463 0.015705 0.038553 0.029312
5 0.287585 0.337568 0.014244 0.038344 0.029312
5 0.327357 0.337166 0.073817 0.112456 0.377541
5 0.327839 0.338019 0.072620 0.110527 0.731059
5 0.327048 0.339490 0.071024 0.112674 0.731059
5 0.327043 0.338213 0.070927 0.110134 0.817575
5 0.363393 0.328604 0.045144 0.054440 0.006693
5 0.580697 0.333303 0.017197 0.024075 0.006693
5 0.618778 0.336882 0.015695 0.034700 0.029312
5 0.625530 0.334544 0.025721 0.034479 0.004070
5 0.048572 0.356390 0.019473 0.052680 0.002473
5 0.327267 0.339960 0.073636 0.111744 0.817575
5 0.326482 0.338321 0.072057 0.109920 0.731059
5 0.327027 0.340260 0.070887 0.111145 0.731059
5 0.327883 0.339507 0.072610 0.112681 0.119203
5 0.983178 0.499982 0.033563 0.548963 0.002473
5 0.987184 0.503593 0.025683 0.546857 0.001501
5 0.982247 0.508830 0.035472 0.529528 0.004070
5 0.983821 0.514497 0.035455 0.530734 0.001501
5 0.982071 0.520984 0.035875 0.501034 0.002473
5 0.982935 0.526288 0.037229 0.510527 0.001501
5 0.981173 0.526079 0.037688 0.469534 0.001501
5 0.982074 0.529081 0.035938 0.469702 0.001501
