0 0.517970 0.305072 0.011014 0.050839 0.075858
0 0.405477 0.310680 0.011008 0.028537 0.001501
0 0.518066 0.308598 0.008127 0.044353 0.268941
0 0.518754 0.311146 0.009452 0.039306 0.268941
1 0.439917 0.322019 0.070170 0.073975 0.817575
1 0.439153 0.322016 0.068631 0.073969 0.731059
1 0.440074 0.321371 0.069941 0.075293 0.731059
1 0.476302 0.313450 0.030775 0.053278 0.731059
1 0.476649 0.313194 0.031507 0.056315 0.817575
1 0.494654 0.307163 0.014525 0.025983 0.017986
1 0.502447 0.305799 0.021936 0.018855 0.010987
1 0.536410 0.308977 0.033484 0.022453 0.006693
1 0.557158 0.320703 0.029804 0.044881 0.817575
1 0.557215 0.320633 0.029761 0.044720 0.731059
1 0.556879 0.319804 0.030483 0.046675 0.731059
1 0.439156 0.321988 0.068636 0.074048 0.817575
1 0.438757 0.320884 0.069432 0.071731 0.817575
1 0.439151 0.322007 0.068629 0.074018 0.817575
1 0.439546 0.322916 0.070909 0.072186 0.817575
1 0.476949 0.311833 0.031983 0.056299 0.731059
1 0.476623 0.313161 0.031443 0.056321 0.817575
1 0.481862 0.315234 0.026816 0.042237 0.017986
1 0.509335 0.316072 0.023856 0.021875 0.001501
1 0.532590 0.316119 0.021320 0.021500 0.004070
1 0.557127 0.319702 0.029749 0.046418 0.731059
1 0.556803 0.319753 0.030574 0.046487 0.731059
1 0.556846 0.320593 0.030545 0.044633 0.817575
1 0.438758 0.321998 0.069430 0.074007 0.817575
1 0.439151 0.322001 0.068621 0.074013 0.880797
1 0.439449 0.320876 0.068044 0.071754 0.880797
1 0.556760 0.320327 0.030597 0.047667 0.017986
1 0.556825 0.320441 0.030565 0.047849 0.017986
1 0.556853 0.320330 0.030540 0.047657 0.047426
1 0.037526 0.350880 0.075094 0.501757 0.119203
1 0.037508 0.354339 0.075014 0.502706 0.817575
1 0.037510 0.359722 0.078109 0.513448 0.731059
1 0.038955 0.357881 0.077980 0.509812 0.817575
1 0.037510 0.363721 0.075009 0.511900 0.182426
1 0.038262 0.363344 0.076572 0.513385 0.622459
1 0.038954 0.354665 0.077947 0.493244 0.622459
1 0.038269 0.367963 0.076540 0.494446 0.182426
1 0.037498 0.362485 0.075037 0.482787 0.731059
1 0.038931 0.361131 0.077962 0.475004 0.622459
1 0.037406 0.348110 0.075245 0.496989 0.268941
1 0.038237 0.350438 0.076734 0.495369 0.817575
1 0.039260 0.348743 0.078099 0.496085 0.004070
1 0.038259 0.351470 0.076737 0.507129 0.095349
3 0.545159 0.296346 0.053590 0.046914 0.004070
3 0.555765 0.304305 0.032643 0.062208 0.001501
3 0.561806 0.304095 0.023652 0.068098 0.004070
3 0.476649 0.313194 0.031507 0.056315 0.004070
3 0.494654 0.307163 0.014525 0.025983 0.002473
3 0.502447 0.305799 0.021936 0.018855 0.002473
3 0.536410 0.308977 0.033484 0.022453 0.001501
3 0.677210 0.332929 0.215780 0.235739 0.006693
3 0.675351 0.332214 0.212512 0.237922 0.029312
3 0.675032 0.331558 0.212601 0.236549 0.817575
3 0.674761 0.332279 0.212027 0.234451 0.731059
3 0.476623 0.313161 0.031443 0.056321 0.001501
3 0.675443 0.333152 0.211607 0.239720 0.075858
3 0.674339 0.331129 0.211199 0.240156 0.880797
3 0.674172 0.331018 0.210850 0.239698 0.731059
3 0.037508 0.354339 0.075014 0.502706 0.002473
3 0.674228 0.330701 0.207872 0.240039 0.268941
3 0.674226 0.332013 0.204944 0.237543 0.904651
3 0.674351 0.331781 0.207808 0.237834 0.320821
3 0.674075 0.332090 0.204954 0.237033 0.006693
3 0.674243 0.332118 0.207783 0.237206 0.904651
3 0.674270 0.333310 0.207736 0.239611 0.924142
3 0.673567 0.330853 0.206238 0.239743 0.924142
3 0.675346 0.330532 0.206529 0.239902 0.017986
3 0.038237 0.350438 0.076734 0.495369 0.001170
3 0.674890 0.332375 0.206567 0.237473 0.047426
3 0.674331 0.331238 0.208177 0.235449 0.924142
3 0.673680 0.332387 0.206726 0.237833 0.377541
5 0.518754 0.311146 0.009452 0.039306 0.006693
