0 0.719539 0.281069 0.011108 0.040659 0.002473
0 0.040571 0.327761 0.009375 0.077521 0.002473
0 0.052704 0.329101 0.011706 0.086897 0.001501
0 0.040256 0.331159 0.011602 0.084956 0.002473
0 0.042192 0.333047 0.012585 0.088760 0.002473
1 0.009293 0.273279 0.018830 0.125983 0.001501
1 0.013778 0.280861 0.028233 0.169708 0.001501
1 0.010296 0.286933 0.020671 0.081789 0.002473
1 0.014242 0.292388 0.028598 0.088455 0.002473
1 0.010218 0.302597 0.020598 0.113440 0.001501
1 0.017156 0.303950 0.034385 0.106208 0.001501
1 0.340984 0.332388 0.073897 0.062621 0.029312
1 0.340957 0.332803 0.073927 0.062052 0.880797
1 0.340949 0.332708 0.073932 0.062055 0.880797
1 0.340943 0.332708 0.073922 0.062234 0.924142
1 0.340947 0.332756 0.073910 0.062139 0.924142
1 0.340276 0.332588 0.077404 0.061573 0.817575
1 0.421840 0.322914 0.028238 0.030501 0.731059
1 0.421842 0.320888 0.028259 0.030032 0.817575
1 0.470294 0.320509 0.012545 0.016066 0.622459
1 0.491083 0.320512 0.020853 0.025820 0.182426
1 0.491389 0.321643 0.020290 0.023463 0.817575
1 0.024214 0.367731 0.048425 0.237484 0.047426
1 0.142077 0.358124 0.144114 0.107400 0.004070
1 0.142371 0.358128 0.143367 0.107404 0.880797
1 0.141687 0.359253 0.144727 0.109652 0.924142
1 0.141404 0.359911 0.145287 0.108344 0.924142
1 0.337518 0.334470 0.069319 0.059107 0.004070
1 0.340412 0.332795 0.074999 0.061903 0.880797
1 0.340948 0.332747 0.073929 0.061805 0.880797
1 0.339730 0.332543 0.073630 0.061212 0.880797
1 0.340944 0.332515 0.073903 0.061158 0.880797
1 0.340933 0.332357 0.076089 0.061816 0.952574
1 0.023538 0.366729 0.047125 0.230439 0.731059
1 0.023553 0.366462 0.047098 0.230779 0.731059
1 0.024306 0.368209 0.045578 0.232044 0.817575
1 0.142801 0.359301 0.145389 0.109646 0.924142
1 0.142361 0.359296 0.143354 0.109626 0.880797
1 0.141577 0.359289 0.144947 0.109616 0.952574
1 0.141401 0.358130 0.145293 0.107430 0.924142
1 0.023545 0.368659 0.047119 0.226346 0.817575
1 0.024232 0.370479 0.048462 0.227081 0.880797
1 0.024222 0.370031 0.048473 0.223510 0.880797
1 0.142033 0.357682 0.144020 0.108318 0.924142
1 0.141578 0.357675 0.144954 0.108305 0.952574
1 0.142149 0.358073 0.146597 0.107523 0.952574
1 0.022782 0.372048 0.048658 0.219720 0.817575
1 0.023555 0.371754 0.047101 0.220151 0.880797
1 0.023544 0.373111 0.047109 0.221982 0.924142
1 0.023557 0.374631 0.047101 0.218843 0.500000
2 0.010296 0.286933 0.020671 0.081789 0.002473
2 0.014242 0.292388 0.028598 0.088455 0.004070
2 0.010218 0.302597 0.020598 0.113440 0.002473
2 0.017156 0.303950 0.034385 0.106208 0.004070
3 0.017156 0.303950 0.034385 0.106208 0.001501
3 0.470294 0.320509 0.012545 0.016066 0.006693
