0 0.261487 0.248225 0.048209 0.170100 0.001501
0 0.262352 0.246404 0.049928 0.161253 0.002473
0 0.262353 0.234436 0.050097 0.141656 0.001501
0 0.262457 0.246712 0.053189 0.165200 0.001501
0 0.583754 0.318147 0.023813 0.166748 0.001501
0 0.446543 0.319843 0.010167 0.043356 0.004070
0 0.535125 0.319128 0.012441 0.046515 0.010987
0 0.650969 0.342981 0.034461 0.104903 0.001501
0 0.417289 0.329708 0.012717 0.064333 0.001501
0 0.444449 0.325452 0.014279 0.032987 0.004070
0 0.534420 0.323431 0.009338 0.037157 0.029312
0 0.335644 0.334037 0.043245 0.243350 0.377541
0 0.335644 0.333910 0.043204 0.243807 0.182426
0 0.416547 0.336298 0.014058 0.076074 0.002473
0 0.446651 0.327596 0.012787 0.037381 0.004070
0 0.534009 0.322105 0.010080 0.048512 0.029312
0 0.546257 0.321017 0.011883 0.050864 0.001501
0 0.597113 0.327823 0.052612 0.275314 0.731059
0 0.336006 0.333565 0.044135 0.239107 0.268941
0 0.335265 0.333985 0.045573 0.235181 0.268941
0 0.335109 0.335974 0.045253 0.239151 0.622459
0 0.415131 0.337802 0.014027 0.081444 0.002473
0 0.597136 0.329784 0.052706 0.274828 0.731059
0 0.596662 0.327806 0.053577 0.275399 0.731059
0 0.596417 0.327822 0.054174 0.275370 0.817575
0 0.265716 0.347838 0.062621 0.371822 0.004070
0 0.265478 0.347345 0.062921 0.373672 0.182426
0 0.335710 0.335675 0.043552 0.235425 0.377541
0 0.336027 0.337019 0.044041 0.237380 0.500000
0 0.335101 0.337524 0.045318 0.241686 0.622459
0 0.386892 0.345167 0.060428 0.345049 0.047426
0 0.386083 0.346625 0.061515 0.348855 0.731059
0 0.385801 0.345119 0.062075 0.346173 0.880797
0 0.597039 0.327664 0.055924 0.280331 0.500000
0 0.596590 0.327150 0.056795 0.279436 0.731059
0 0.596699 0.327311 0.056618 0.279853 0.731059
0 0.859053 0.348260 0.105371 0.516082 0.002473
0 0.265140 0.346268 0.061381 0.370029 0.622459
0 0.265650 0.346915 0.062482 0.371786 0.731059
0 0.265035 0.346588 0.063747 0.371318 0.731059
0 0.264499 0.346751 0.064754 0.372122 0.817575
0 0.335991 0.338602 0.044108 0.239475 0.075858
0 0.335823 0.338341 0.046692 0.234541 0.500000
0 0.335230 0.337679 0.045645 0.236253 0.500000
0 0.386289 0.345481 0.061588 0.345220 0.731059
0 0.386342 0.343924 0.062583 0.348541 0.622459
0 0.385941 0.345197 0.063386 0.351213 0.731059
0 0.385110 0.346847 0.063916 0.347818 0.500000
0 0.595914 0.330880 0.055131 0.274682 0.622459
0 0.596301 0.330257 0.057411 0.275092 0.622459
0 0.596280 0.329156 0.057349 0.277235 0.731059
0 0.857602 0.354959 0.110623 0.504668 0.010987
0 0.858719 0.355205 0.105376 0.513420 0.075858
0 0.979396 0.391648 0.041501 0.551775 0.001501
0 0.264980 0.346711 0.061557 0.369039 0.500000
0 0.265300 0.347522 0.063318 0.369231 0.622459
0 0.264668 0.347582 0.064162 0.368505 0.731059
0 0.264391 0.347779 0.064514 0.370001 0.817575
0 0.385617 0.345422 0.062908 0.345155 0.622459
0 0.385367 0.346394 0.064131 0.348895 0.622459
0 0.385091 0.346358 0.063955 0.348969 0.731059
0 0.859353 0.364239 0.104333 0.495031 0.029312
0 0.977999 0.418396 0.044207 0.543961 0.001501
0 0.264972 0.346891 0.064011 0.370158 0.731059
0 0.264431 0.347323 0.064740 0.371079 0.731059
0 0.264367 0.347043 0.064603 0.371634 0.004070
0 0.385488 0.346941 0.064896 0.348000 0.119203
0 0.384096 0.345482 0.064588 0.350924 0.006693
0 0.859389 0.384861 0.099750 0.446482 0.004070
0 0.969026 0.451534 0.063796 0.519634 0.001501
0 0.976250 0.449277 0.047727 0.514467 0.001501
0 0.787808 0.452720 0.084576 0.451022 0.002473
0 0.791052 0.453179 0.091088 0.449748 0.006693
0 0.792896 0.475184 0.097215 0.397522 0.001501
0 0.834157 0.350143 0.152856 0.519713 0.017986
0 0.855052 0.349439 0.111279 0.522991 0.047426
0 0.829732 0.351161 0.160341 0.523589 0.037327
0 0.854712 0.351036 0.110412 0.526654 0.182426
0 0.784434 0.396404 0.251269 0.447112 0.006693
0 0.835128 0.351923 0.149337 0.527895 0.095349
0 0.856691 0.352990 0.107628 0.531172 0.222700
0 0.755632 0.447907 0.209344 0.365406 0.008577
0 0.801373 0.453683 0.198797 0.409198 0.037327
0 0.817697 0.411575 0.184282 0.537276 0.095349
0 0.832949 0.390771 0.153671 0.599990 0.222700
0 0.856509 0.397717 0.105531 0.617758 0.047426
0 0.914162 0.404180 0.173593 0.686842 0.010987
0 0.925309 0.399771 0.146487 0.697131 0.022977
0 0.939792 0.392001 0.129878 0.700901 0.008577
0 0.805149 0.443447 0.133626 0.445650 0.148047
0 0.822338 0.405175 0.159896 0.606166 0.377541
0 0.826024 0.398534 0.167673 0.674356 0.562177
0 0.828859 0.410953 0.160788 0.674948 0.437824
0 0.855186 0.410269 0.111597 0.674777 0.148047
0 0.907204 0.399547 0.167694 0.705038 0.047426
0 0.914317 0.378405 0.174445 0.753144 0.119203
0 0.919336 0.363351 0.159467 0.784956 0.075858
0 0.932529 0.366612 0.152171 0.788023 0.022977
0 0.809802 0.414063 0.133768 0.563778 0.222700
0 0.823918 0.381081 0.159685 0.691752 0.320821
0 0.827847 0.387527 0.165204 0.728449 0.437824
0 0.827884 0.392346 0.160824 0.729347 0.377541
0 0.855117 0.386688 0.126355 0.728626 0.095349
0 0.910429 0.374865 0.176061 0.755671 0.047426
0 0.916255 0.367444 0.174591 0.774748 0.060087
0 0.918993 0.362430 0.162429 0.794372 0.047426
0 0.936584 0.376394 0.163527 0.801018 0.002473
0 0.812332 0.386561 0.134409 0.643781 0.029312
0 0.823566 0.380014 0.159237 0.698523 0.268941
0 0.827182 0.387785 0.164386 0.730544 0.268941
0 0.827870 0.389573 0.165368 0.738935 0.148047
0 0.855719 0.384201 0.164960 0.738767 0.006693
0 0.912520 0.377972 0.183908 0.754215 0.006693
0 0.919117 0.376956 0.174682 0.765006 0.003173
1 0.521555 0.316909 0.015192 0.038071 0.001501
1 0.535125 0.319128 0.012441 0.046515 0.002473
1 0.552599 0.318431 0.034503 0.044438 0.047426
1 0.555713 0.316233 0.028689 0.039521 0.047426
1 0.560047 0.317263 0.024353 0.038007 0.047426
1 0.620463 0.327031 0.056845 0.076283 0.002473
1 0.633515 0.344662 0.056972 0.098048 0.002473
1 0.641327 0.344371 0.051438 0.106987 0.006693
1 0.431025 0.326453 0.020793 0.028429 0.004070
1 0.468731 0.324611 0.031724 0.037546 0.622459
1 0.469485 0.325703 0.032967 0.036105 0.731059
1 0.469367 0.324624 0.030494 0.037518 0.731059
1 0.489561 0.321628 0.010299 0.018371 0.047426
1 0.510424 0.319199 0.010287 0.018714 0.047426
1 0.521022 0.321623 0.014038 0.023508 0.377541
1 0.534420 0.323431 0.009338 0.037157 0.002473
1 0.552068 0.317471 0.033759 0.045954 0.017986
1 0.557308 0.318505 0.025696 0.040204 0.029312
1 0.560140 0.319277 0.024572 0.041476 0.029312
1 0.629497 0.344637 0.037736 0.075485 0.017986
1 0.639225 0.353637 0.050640 0.094662 0.075858
1 0.639170 0.355948 0.053520 0.090422 0.075858
1 0.641176 0.352053 0.053405 0.098064 0.029312
1 0.646151 0.345303 0.053439 0.107039 0.002473
1 0.469408 0.325091 0.033075 0.038580 0.119203
1 0.468802 0.325962 0.031619 0.036809 0.047426
1 0.469493 0.325086 0.032959 0.038578 0.119203
1 0.558806 0.325282 0.021398 0.053144 0.004070
1 0.562091 0.327060 0.028156 0.056537 0.004070
1 0.630285 0.357564 0.038993 0.100141 0.017986
1 0.638751 0.357293 0.049381 0.092335 0.119203
1 0.639733 0.356046 0.054618 0.093996 0.075858
1 0.640756 0.354500 0.053386 0.094234 0.075858
1 0.645607 0.349235 0.054689 0.105466 0.002473
1 0.638003 0.354698 0.050877 0.093009 0.119203
1 0.639360 0.353981 0.053808 0.089852 0.075858
1 0.641012 0.353852 0.054488 0.090765 0.075858
1 0.645743 0.350232 0.053360 0.101189 0.002473
1 0.638401 0.353590 0.048665 0.096450 0.017986
1 0.640126 0.352767 0.052495 0.097205 0.047426
1 0.640998 0.353379 0.054244 0.091869 0.029312
1 0.834157 0.350143 0.152856 0.519713 0.017986
1 0.855052 0.349439 0.111279 0.522991 0.008577
1 0.740987 0.440041 0.191163 0.338976 0.777300
1 0.743990 0.440261 0.194335 0.340228 0.731059
1 0.756119 0.441611 0.215503 0.342188 0.777300
1 0.779828 0.441504 0.265799 0.349836 0.095349
1 0.780174 0.390951 0.261553 0.447656 0.320821
1 0.829732 0.351161 0.160341 0.523589 0.029312
1 0.854712 0.351036 0.110412 0.526654 0.022977
1 0.740134 0.439556 0.186619 0.340637 0.437824
1 0.741073 0.439411 0.193859 0.338810 0.731059
1 0.743452 0.440370 0.196003 0.341417 0.622459
1 0.753846 0.443078 0.216700 0.345940 0.622459
1 0.778095 0.442840 0.257229 0.355203 0.047426
1 0.784434 0.396404 0.251269 0.447112 0.182426
1 0.835128 0.351923 0.149337 0.527895 0.008577
1 0.856691 0.352990 0.107628 0.531172 0.006693
1 0.741402 0.440924 0.192065 0.342931 0.500000
1 0.744474 0.444515 0.200734 0.352569 0.148047
1 0.755632 0.447907 0.209344 0.365406 0.006693
2 0.560140 0.319277 0.024572 0.041476 0.002473
3 0.521555 0.316909 0.015192 0.038071 0.001501
3 0.535125 0.319128 0.012441 0.046515 0.002473
3 0.552599 0.318431 0.034503 0.044438 0.006693
3 0.555713 0.316233 0.028689 0.039521 0.004070
3 0.560047 0.317263 0.024353 0.038007 0.002473
3 0.641327 0.344371 0.051438 0.106987 0.001501
3 0.510424 0.319199 0.010287 0.018714 0.010987
3 0.521022 0.321623 0.014038 0.023508 0.004070
3 0.552068 0.317471 0.033759 0.045954 0.001501
3 0.557308 0.318505 0.025696 0.040204 0.004070
3 0.560140 0.319277 0.024572 0.041476 0.004070
3 0.639225 0.353637 0.050640 0.094662 0.004070
3 0.639170 0.355948 0.053520 0.090422 0.004070
3 0.641176 0.352053 0.053405 0.098064 0.001501
3 0.562091 0.327060 0.028156 0.056537 0.002473
3 0.638751 0.357293 0.049381 0.092335 0.010987
3 0.639733 0.356046 0.054618 0.093996 0.004070
3 0.640756 0.354500 0.053386 0.094234 0.004070
3 0.638003 0.354698 0.050877 0.093009 0.010987
3 0.639360 0.353981 0.053808 0.089852 0.006693
3 0.641012 0.353852 0.054488 0.090765 0.006693
3 0.638401 0.353590 0.048665 0.096450 0.002473
3 0.640126 0.352767 0.052495 0.097205 0.002473
3 0.854712 0.351036 0.110412 0.526654 0.001501
4 0.638401 0.353590 0.048665 0.096450 0.006693
4 0.640126 0.352767 0.052495 0.097205 0.001501
4 0.631372 0.359800 0.038025 0.103755 0.002473
5 0.641327 0.344371 0.051438 0.106987 0.001501
5 0.650969 0.342981 0.034461 0.104903 0.001501
5 0.444449 0.325452 0.014279 0.032987 0.004070
5 0.534420 0.323431 0.009338 0.037157 0.006693
5 0.629497 0.344637 0.037736 0.075485 0.001501
5 0.639225 0.353637 0.050640 0.094662 0.001501
5 0.639170 0.355948 0.053520 0.090422 0.002473
5 0.641176 0.352053 0.053405 0.098064 0.010987
5 0.446651 0.327596 0.012787 0.037381 0.004070
5 0.546257 0.321017 0.011883 0.050864 0.001501
5 0.558806 0.325282 0.021398 0.053144 0.002473
5 0.630285 0.357564 0.038993 0.100141 0.002473
5 0.638751 0.357293 0.049381 0.092335 0.001501
5 0.639733 0.356046 0.054618 0.093996 0.004070
5 0.640756 0.354500 0.053386 0.094234 0.006693
5 0.638003 0.354698 0.050877 0.093009 0.004070
5 0.639360 0.353981 0.053808 0.089852 0.002473
5 0.641012 0.353852 0.054488 0.090765 0.010987
5 0.638401 0.353590 0.048665 0.096450 0.029312
5 0.640126 0.352767 0.052495 0.097205 0.004070
5 0.640998 0.353379 0.054244 0.091869 0.004070
5 0.631372 0.359800 0.038025 0.103755 0.002473
5 0.834157 0.350143 0.152856 0.519713 0.001501
5 0.855052 0.349439 0.111279 0.522991 0.001170
5 0.780174 0.390951 0.261553 0.447656 0.001501
5 0.829732 0.351161 0.160341 0.523589 0.006693
5 0.854712 0.351036 0.110412 0.526654 0.004070
5 0.784434 0.396404 0.251269 0.447112 0.003173
5 0.835128 0.351923 0.149337 0.527895 0.004070
5 0.856691 0.352990 0.107628 0.531172 0.001927
