0 0.451450 0.325218 0.022127 0.099412 0.622459
0 0.451465 0.325422 0.022104 0.104196 0.622459
0 0.465262 0.316621 0.011592 0.078715 0.002473
0 0.485127 0.321210 0.032941 0.159929 0.002473
0 0.514889 0.329377 0.020271 0.101378 0.182426
0 0.515225 0.329334 0.019588 0.101273 0.500000
0 0.566494 0.328819 0.017051 0.111279 0.182426
0 0.410682 0.307928 0.011861 0.023042 0.004070
0 0.451453 0.324192 0.022136 0.101626 0.622459
0 0.452015 0.324186 0.021059 0.101646 0.622459
0 0.465283 0.322250 0.011511 0.062395 0.004070
0 0.485353 0.321831 0.032513 0.157710 0.731059
0 0.485335 0.321189 0.032527 0.159100 0.817575
0 0.514127 0.329089 0.018740 0.097078 0.377541
0 0.514194 0.328426 0.018603 0.098311 0.622459
0 0.547580 0.329858 0.029969 0.141704 0.731059
0 0.547710 0.329949 0.030227 0.141691 0.731059
0 0.566525 0.330614 0.013911 0.099046 0.622459
0 0.410367 0.317908 0.015202 0.034283 0.001501
0 0.419602 0.323642 0.017437 0.032922 0.001501
0 0.452218 0.325455 0.023673 0.104172 0.500000
0 0.452005 0.322925 0.021039 0.104159 0.622459
0 0.464623 0.328167 0.012821 0.045567 0.006693
0 0.485194 0.322013 0.032920 0.157687 0.622459
0 0.484879 0.322794 0.033466 0.160027 0.880797
0 0.514486 0.328354 0.021040 0.098524 0.377541
0 0.514925 0.327761 0.020170 0.099589 0.731059
0 0.527704 0.322870 0.011674 0.032868 0.004070
0 0.548381 0.331780 0.031453 0.144698 0.622459
0 0.548043 0.331780 0.029315 0.144719 0.731059
0 0.566536 0.329363 0.013888 0.096565 0.622459
0 0.452217 0.322926 0.023675 0.104186 0.622459
0 0.452779 0.325464 0.022525 0.104182 0.817575
0 0.465255 0.330324 0.011613 0.051893 0.010987
0 0.484918 0.323693 0.033474 0.157690 0.622459
0 0.484863 0.322683 0.033430 0.156089 0.817575
0 0.514486 0.329568 0.021040 0.100589 0.377541
0 0.514595 0.330226 0.020821 0.099238 0.731059
0 0.530317 0.330958 0.010902 0.058418 0.001501
0 0.547537 0.332348 0.030056 0.145106 0.622459
0 0.548632 0.331853 0.030951 0.144088 0.731059
0 0.567297 0.328707 0.015465 0.102475 0.500000
0 0.452760 0.326647 0.022586 0.101872 0.622459
0 0.452255 0.325547 0.023585 0.104032 0.731059
0 0.484406 0.321584 0.031368 0.153701 0.731059
0 0.485159 0.323854 0.032840 0.153686 0.817575
0 0.514882 0.331016 0.020246 0.101306 0.268941
0 0.514997 0.330086 0.020040 0.099501 0.731059
0 0.548213 0.331861 0.031719 0.144094 0.731059
0 0.548224 0.331941 0.031703 0.143822 0.817575
0 0.566756 0.331582 0.016572 0.100138 0.622459
0 0.484668 0.324834 0.030822 0.155353 0.622459
0 0.486177 0.324102 0.033721 0.153164 0.731059
0 0.547447 0.331446 0.030177 0.145112 0.622459
0 0.548288 0.332111 0.031540 0.145228 0.731059
0 0.568047 0.328984 0.017689 0.116399 0.006693
0 0.005504 0.378136 0.011107 0.250307 0.001501
0 0.004292 0.367991 0.008639 0.284903 0.002473
1 0.465283 0.322250 0.011511 0.062395 0.004070
1 0.464623 0.328167 0.012821 0.045567 0.075858
1 0.527704 0.322870 0.011674 0.032868 0.010987
1 0.586245 0.330190 0.038928 0.036111 0.017986
1 0.588390 0.329297 0.037196 0.033760 0.047426
1 0.591629 0.329057 0.041930 0.038603 0.017986
1 0.630986 0.337656 0.032255 0.052385 0.006693
1 0.637040 0.340294 0.016270 0.050577 0.047426
1 0.638062 0.341551 0.015960 0.048505 0.075858
1 0.904843 0.330869 0.184084 0.180951 0.001501
1 0.921419 0.324991 0.157115 0.169224 0.004070
1 0.984271 0.348167 0.031713 0.163879 0.006693
1 0.990323 0.357044 0.019488 0.163579 0.006693
1 0.465255 0.330324 0.011613 0.051893 0.010987
1 0.580669 0.333088 0.031584 0.044607 0.006693
1 0.588461 0.333350 0.038686 0.036933 0.029312
1 0.591947 0.332095 0.038494 0.039584 0.004070
1 0.629688 0.338624 0.032020 0.047986 0.006693
1 0.637013 0.342284 0.016202 0.045411 0.075858
1 0.638339 0.342475 0.015398 0.045789 0.075858
1 0.910011 0.332486 0.174360 0.181552 0.001501
1 0.922649 0.331161 0.151688 0.180666 0.001501
1 0.928790 0.337431 0.142712 0.193156 0.001501
1 0.985158 0.356896 0.029789 0.177417 0.047426
1 0.986912 0.361053 0.026253 0.171622 0.047426
1 0.637430 0.342581 0.015386 0.045998 0.029312
1 0.637672 0.343399 0.015147 0.045590 0.047426
1 0.933718 0.344323 0.129888 0.207516 0.004070
1 0.947153 0.347204 0.105997 0.214335 0.006693
1 0.983416 0.358197 0.030162 0.179632 0.075858
1 0.984766 0.363824 0.030529 0.166032 0.075858
1 0.942398 0.358423 0.115387 0.236410 0.001501
1 0.969006 0.353781 0.062203 0.215693 0.006693
1 0.983011 0.359129 0.033998 0.187299 0.047426
1 0.984153 0.363418 0.031730 0.174471 0.075858
1 0.978852 0.364290 0.042403 0.241570 0.006693
1 0.982296 0.361657 0.035428 0.205951 0.075858
1 0.983686 0.361229 0.032692 0.191893 0.119203
1 0.979145 0.391961 0.041722 0.262198 0.001501
1 0.983250 0.379342 0.033553 0.225866 0.047426
1 0.983382 0.376437 0.033297 0.211285 0.029312
1 0.983099 0.389105 0.030830 0.315515 0.002473
1 0.859576 0.503876 0.280897 0.523350 0.904651
1 0.860997 0.502937 0.281173 0.521267 0.904651
1 0.859495 0.504096 0.277975 0.523825 0.904651
1 0.859469 0.503454 0.280735 0.522815 0.851953
1 0.858999 0.504669 0.282055 0.524571 0.924142
1 0.860999 0.504682 0.281180 0.524509 0.924142
1 0.859613 0.504619 0.280852 0.524575 0.924142
1 0.859663 0.504021 0.280805 0.523837 0.001170
1 0.859504 0.505148 0.280922 0.525683 0.904651
1 0.860971 0.505895 0.281254 0.522140 0.924142
1 0.859592 0.504080 0.280922 0.523292 0.904651
2 0.464623 0.328167 0.012821 0.045567 0.001501
2 0.527704 0.322870 0.011674 0.032868 0.006693
3 0.465283 0.322250 0.011511 0.062395 0.001501
3 0.464623 0.328167 0.012821 0.045567 0.010987
3 0.527704 0.322870 0.011674 0.032868 0.017986
3 0.983416 0.358197 0.030162 0.179632 0.001501
4 0.464623 0.328167 0.012821 0.045567 0.002473
4 0.638062 0.341551 0.015960 0.048505 0.001501
4 0.465255 0.330324 0.011613 0.051893 0.006693
4 0.637013 0.342284 0.016202 0.045411 0.002473
4 0.638339 0.342475 0.015398 0.045789 0.002473
4 0.705629 0.400836 0.032361 0.074176 0.001501
4 0.708960 0.397524 0.035546 0.080765 0.001501
4 0.706328 0.401733 0.034556 0.071908 0.001501
4 0.707953 0.397790 0.037538 0.074614 0.001501
4 0.704435 0.405077 0.034646 0.071749 0.002473
4 0.705571 0.401839 0.036152 0.071712 0.006693
4 0.707622 0.400001 0.036988 0.076213 0.006693
5 0.464623 0.328167 0.012821 0.045567 0.002473
5 0.637040 0.340294 0.016270 0.050577 0.006693
5 0.638062 0.341551 0.015960 0.048505 0.010987
5 0.465255 0.330324 0.011613 0.051893 0.006693
5 0.637013 0.342284 0.016202 0.045411 0.010987
5 0.638339 0.342475 0.015398 0.045789 0.017986
5 0.566756 0.331582 0.016572 0.100138 0.002473
5 0.637430 0.342581 0.015386 0.045998 0.006693
5 0.637672 0.343399 0.015147 0.045590 0.006693
