0 0.433540 0.319357 0.036413 0.042417 0.002473
0 0.466519 0.314416 0.009116 0.032561 0.002473
0 0.506272 0.317736 0.009536 0.036368 0.029312
0 0.427256 0.320101 0.026577 0.041134 0.006693
0 0.466725 0.317571 0.008732 0.021967 0.001501
0 0.507704 0.319921 0.009659 0.032080 0.047426
0 0.425829 0.325769 0.023901 0.047573 0.001501
0 0.429973 0.324111 0.018644 0.046934 0.002473
0 0.441194 0.320677 0.032687 0.048146 0.001501
1 0.415700 0.316975 0.023503 0.047868 0.001501
1 0.433540 0.319357 0.036413 0.042417 0.017986
1 0.440285 0.317249 0.034331 0.046193 0.029312
1 0.442000 0.315912 0.031236 0.048538 0.047426
1 0.441833 0.317164 0.033419 0.046034 0.047426
1 0.466519 0.314416 0.009116 0.032561 0.002473
1 0.506272 0.317736 0.009536 0.036368 0.017986
1 0.539984 0.320566 0.055111 0.044600 0.004070
1 0.544529 0.322861 0.061007 0.052835 0.622459
1 0.543772 0.324022 0.062505 0.055153 0.731059
1 0.543724 0.322888 0.062569 0.052872 0.817575
1 0.661164 0.314813 0.041754 0.082934 0.001501
1 0.427256 0.320101 0.026577 0.041134 0.029312
1 0.439748 0.319043 0.037208 0.044987 0.047426
1 0.441966 0.318321 0.031395 0.043555 0.119203
1 0.442546 0.317169 0.031992 0.045909 0.075858
1 0.466725 0.317571 0.008732 0.021967 0.010987
1 0.481296 0.317650 0.009664 0.015529 0.047426
1 0.495267 0.316519 0.010222 0.017809 0.006693
1 0.507704 0.319921 0.009659 0.032080 0.119203
1 0.536240 0.321847 0.050722 0.047082 0.075858
1 0.544542 0.324940 0.061023 0.053343 0.817575
1 0.543752 0.324945 0.062520 0.053329 0.817575
1 0.543757 0.324946 0.062535 0.053294 0.817575
1 0.544552 0.323822 0.060946 0.051019 0.377541
1 0.543899 0.324525 0.059755 0.049828 0.029312
1 0.544568 0.324969 0.060983 0.053356 0.817575
1 0.544515 0.323861 0.060996 0.051031 0.731059
1 0.544517 0.323841 0.061017 0.051051 0.817575
1 0.239049 0.366450 0.321895 0.369720 0.939913
1 0.238334 0.365721 0.323483 0.371126 0.952574
1 0.239674 0.364637 0.329718 0.368987 0.939913
1 0.239484 0.365388 0.321178 0.367578 0.222700
1 0.239012 0.366268 0.321943 0.370579 0.022977
1 0.239047 0.365233 0.321947 0.372416 0.939913
1 0.238332 0.365543 0.323486 0.367408 0.939913
1 0.238206 0.365535 0.329803 0.367322 0.939913
1 0.240363 0.366029 0.322516 0.370840 0.731059
1 0.239043 0.367189 0.321880 0.368591 0.075858
1 0.239116 0.369561 0.324910 0.367580 0.939913
1 0.238249 0.368410 0.326705 0.366065 0.939913
1 0.839783 0.446117 0.320581 0.669787 0.851953
1 0.837571 0.447111 0.321932 0.671450 0.904651
1 0.839075 0.446638 0.325273 0.668784 0.904651
1 0.841911 0.448493 0.319746 0.669642 0.268941
1 0.839853 0.446613 0.323566 0.667561 0.880797
1 0.838307 0.448337 0.323488 0.664585 0.904651
1 0.838999 0.448224 0.328311 0.669761 0.904651
1 0.840962 0.448276 0.318298 0.665478 0.880797
1 0.840558 0.443533 0.322068 0.668813 0.060087
1 0.839137 0.444778 0.321832 0.671046 0.880797
1 0.839878 0.446275 0.323494 0.672669 0.904651
3 0.441717 0.309531 0.031681 0.062143 0.001501
3 0.442455 0.310254 0.032313 0.064506 0.001501
3 0.433540 0.319357 0.036413 0.042417 0.002473
3 0.440285 0.317249 0.034331 0.046193 0.119203
3 0.442000 0.315912 0.031236 0.048538 0.500000
3 0.441833 0.317164 0.033419 0.046034 0.268941
3 0.466519 0.314416 0.009116 0.032561 0.002473
3 0.506272 0.317736 0.009536 0.036368 0.004070
3 0.427256 0.320101 0.026577 0.041134 0.001501
3 0.439748 0.319043 0.037208 0.044987 0.075858
3 0.441966 0.318321 0.031395 0.043555 0.268941
3 0.442546 0.317169 0.031992 0.045909 0.268941
3 0.481296 0.317650 0.009664 0.015529 0.002473
3 0.507704 0.319921 0.009659 0.032080 0.001501
3 0.441832 0.319842 0.033415 0.051047 0.004070
4 0.665256 0.323262 0.043508 0.099639 0.001501
4 0.416602 0.324314 0.027487 0.053358 0.002473
4 0.427256 0.320101 0.026577 0.041134 0.002473
4 0.664595 0.319372 0.032324 0.090764 0.002473
4 0.674914 0.326004 0.030764 0.102155 0.002473
4 0.412652 0.332058 0.017460 0.060136 0.001501
4 0.425829 0.325769 0.023901 0.047573 0.004070
4 0.661497 0.320118 0.038491 0.084329 0.001501
4 0.668752 0.327813 0.024001 0.078615 0.004070
4 0.675375 0.333671 0.027672 0.088182 0.004070
4 0.669297 0.334346 0.020683 0.077171 0.004070
5 0.434673 0.308438 0.038957 0.067300 0.001501
5 0.433540 0.319357 0.036413 0.042417 0.075858
5 0.440285 0.317249 0.034331 0.046193 0.047426
5 0.442000 0.315912 0.031236 0.048538 0.002473
5 0.506272 0.317736 0.009536 0.036368 0.010987
5 0.427256 0.320101 0.026577 0.041134 0.047426
5 0.439748 0.319043 0.037208 0.044987 0.075858
5 0.441966 0.318321 0.031395 0.043555 0.006693
5 0.507704 0.319921 0.009659 0.032080 0.119203
5 0.425829 0.325769 0.023901 0.047573 0.029312
5 0.429973 0.324111 0.018644 0.046934 0.075858
5 0.441194 0.320677 0.032687 0.048146 0.017986
5 0.426965 0.333160 0.025906 0.072793 0.001501
