0 0.196088 0.292970 0.035802 0.070453 0.002473
0 0.200477 0.294761 0.040288 0.071621 0.001501
0 0.528210 0.320726 0.037480 0.084550 0.002473
0 0.538959 0.325646 0.019031 0.093846 0.119203
0 0.557048 0.334120 0.024197 0.122129 0.119203
0 0.193423 0.314980 0.070453 0.096559 0.002473
0 0.198343 0.305957 0.046907 0.087169 0.004070
0 0.202769 0.318771 0.053429 0.106151 0.002473
0 0.444393 0.314384 0.014806 0.078964 0.001501
0 0.534744 0.322322 0.024731 0.082712 0.017986
0 0.536842 0.327096 0.020546 0.096122 0.182426
0 0.555771 0.338330 0.028273 0.135798 0.622459
0 0.556252 0.337954 0.028010 0.129740 0.075858
0 0.194480 0.326930 0.075935 0.115490 0.001501
0 0.204599 0.328530 0.071936 0.128136 0.001501
0 0.536027 0.328676 0.022165 0.090618 0.182426
0 0.537499 0.328697 0.021945 0.096952 0.268941
0 0.555063 0.336162 0.028836 0.135952 0.622459
0 0.555689 0.335518 0.029120 0.134585 0.377541
0 0.424942 0.333671 0.050088 0.243407 0.268941
0 0.424227 0.334998 0.051571 0.247204 0.817575
0 0.509916 0.316453 0.014098 0.065852 0.010987
0 0.535993 0.332995 0.022143 0.100705 0.268941
0 0.538162 0.333951 0.020618 0.111412 0.268941
0 0.555879 0.336427 0.028461 0.136760 0.622459
0 0.555550 0.337657 0.029387 0.134314 0.500000
0 0.424223 0.336800 0.051876 0.242541 0.002473
0 0.424963 0.336872 0.050144 0.242901 0.622459
0 0.424258 0.337364 0.051656 0.247152 0.731059
0 0.424290 0.339651 0.051775 0.244536 0.182426
0 0.527596 0.330378 0.024468 0.094208 0.002473
0 0.536802 0.334027 0.020589 0.107451 0.377541
0 0.539086 0.337272 0.021915 0.122321 0.075858
0 0.555337 0.336010 0.029559 0.135687 0.622459
0 0.555841 0.337727 0.030395 0.134168 0.500000
0 0.423599 0.335413 0.053330 0.240412 0.622459
0 0.424984 0.338357 0.053274 0.245126 0.622459
0 0.423636 0.337289 0.053180 0.247350 0.731059
0 0.424399 0.336319 0.054716 0.249274 0.731059
0 0.536838 0.331727 0.020808 0.115070 0.119203
0 0.554055 0.336436 0.030155 0.137763 0.182426
0 0.555355 0.336309 0.029358 0.137009 0.500000
0 0.556341 0.337543 0.029421 0.134543 0.500000
0 0.005243 0.396882 0.007445 0.190399 0.006693
0 0.425879 0.336420 0.052358 0.248960 0.500000
0 0.424983 0.336439 0.053370 0.248968 0.731059
0 0.424253 0.337764 0.051934 0.246404 0.002473
0 0.003891 0.409825 0.007787 0.161720 0.029312
0 0.002843 0.416330 0.008750 0.147918 0.010987
0 0.002659 0.431589 0.008383 0.116278 0.004070
0 0.141586 0.411379 0.220118 0.333498 0.001170
0 0.142048 0.410403 0.219232 0.340330 0.001501
1 0.332008 0.334185 0.172658 0.226715 0.880797
1 0.331416 0.334371 0.171464 0.227100 0.924142
1 0.330355 0.333811 0.169318 0.228227 0.924142
1 0.460939 0.321043 0.025069 0.041246 0.001501
1 0.469038 0.320482 0.022775 0.042045 0.017986
1 0.473653 0.317309 0.019773 0.041750 0.029312
1 0.534744 0.322322 0.024731 0.082712 0.002473
1 0.576449 0.314212 0.019484 0.079890 0.001501
1 0.333018 0.333775 0.177867 0.227081 0.924142
1 0.331315 0.333969 0.172874 0.226708 0.880797
1 0.331118 0.333967 0.172189 0.226711 0.924142
1 0.330297 0.333811 0.169225 0.228214 0.924142
1 0.460928 0.323601 0.024984 0.035512 0.817575
1 0.460935 0.324044 0.025084 0.036447 0.622459
1 0.478152 0.322102 0.012983 0.032149 0.119203
1 0.521795 0.315181 0.035404 0.068081 0.001501
1 0.536027 0.328676 0.022165 0.090618 0.006693
1 0.575875 0.320617 0.022835 0.091760 0.001501
1 0.619675 0.337256 0.104740 0.142535 0.880797
1 0.619692 0.337967 0.104737 0.143929 0.880797
1 0.619706 0.339041 0.104750 0.141608 0.952574
1 0.331288 0.332362 0.173995 0.230337 0.924142
1 0.330580 0.332644 0.171855 0.229766 0.924142
1 0.330065 0.332382 0.169186 0.230293 0.924142
1 0.460959 0.324903 0.025008 0.038485 0.001501
1 0.460954 0.325066 0.028106 0.038825 0.001501
1 0.509916 0.316453 0.014098 0.065852 0.001501
1 0.525578 0.316935 0.028637 0.069511 0.006693
1 0.535993 0.332995 0.022143 0.100705 0.006693
1 0.619679 0.338889 0.104783 0.145795 0.817575
1 0.619702 0.339133 0.104754 0.141749 0.924142
1 0.619169 0.339126 0.103677 0.141765 0.952574
1 0.619675 0.337319 0.102588 0.142693 0.924142
1 0.692216 0.333168 0.059448 0.124486 0.002473
1 0.619662 0.340398 0.104753 0.139234 0.952574
1 0.618758 0.339128 0.104469 0.141767 0.952574
1 0.619729 0.338003 0.104691 0.144047 0.970688
1 0.002843 0.416330 0.008750 0.147918 0.006693
1 0.002659 0.431589 0.008383 0.116278 0.010987
1 0.002839 0.433258 0.008743 0.122507 0.004070
1 0.141586 0.411379 0.220118 0.333498 0.001927
1 0.142048 0.410403 0.219232 0.340330 0.003173
1 0.143934 0.411789 0.216532 0.337813 0.001170
1 0.144950 0.412260 0.216283 0.336905 0.001501
1 0.142153 0.410984 0.218958 0.339468 0.001927
1 0.142641 0.407326 0.217985 0.341728 0.001501
1 0.145291 0.414234 0.212453 0.333227 0.005220
1 0.144174 0.415562 0.214945 0.335614 0.005220
1 0.144593 0.411461 0.214119 0.338583 0.004070
3 0.518942 0.314231 0.032145 0.073847 0.377541
3 0.519726 0.313859 0.036367 0.070277 0.377541
3 0.528210 0.320726 0.037480 0.084550 0.029312
3 0.469038 0.320482 0.022775 0.042045 0.010987
3 0.473653 0.317309 0.019773 0.041750 0.047426
3 0.519428 0.314080 0.033125 0.070453 0.500000
3 0.522194 0.316253 0.038332 0.070536 0.500000
3 0.534744 0.322322 0.024731 0.082712 0.029312
3 0.042804 0.338503 0.086450 0.124139 0.002473
3 0.047111 0.343533 0.096180 0.141652 0.001501
3 0.084769 0.360798 0.140494 0.187757 0.004070
3 0.078642 0.361112 0.156794 0.188788 0.006693
3 0.085892 0.365717 0.155427 0.206024 0.002473
3 0.478152 0.322102 0.012983 0.032149 0.004070
3 0.512348 0.314137 0.019028 0.066276 0.377541
3 0.521795 0.315181 0.035404 0.068081 0.500000
3 0.536027 0.328676 0.022165 0.090618 0.017986
3 0.084344 0.377556 0.124740 0.217998 0.001501
3 0.084409 0.377606 0.133784 0.227046 0.010987
3 0.076258 0.379433 0.152225 0.234218 0.029312
3 0.081286 0.381946 0.161098 0.238957 0.010987
3 0.509916 0.316453 0.014098 0.065852 0.017986
3 0.525578 0.316935 0.028637 0.069511 0.182426
3 0.535993 0.332995 0.022143 0.100705 0.010987
3 0.087314 0.384956 0.116091 0.238598 0.002473
3 0.085416 0.394219 0.122273 0.257537 0.006693
3 0.075934 0.400317 0.146786 0.276468 0.006693
3 0.080808 0.411039 0.153675 0.307637 0.010987
3 0.087095 0.403452 0.114092 0.283373 0.006693
3 0.083358 0.412930 0.135062 0.302146 0.006693
3 0.089032 0.417966 0.139325 0.322384 0.010987
3 0.092214 0.418985 0.109777 0.295367 0.002473
3 0.093930 0.421691 0.118550 0.308153 0.002473
3 0.142322 0.413465 0.219892 0.329108 0.047426
3 0.143855 0.412644 0.215490 0.330936 0.268941
3 0.141586 0.411379 0.220118 0.333498 0.022977
3 0.142048 0.410403 0.219232 0.340330 0.005220
3 0.143934 0.411789 0.216532 0.337813 0.182426
3 0.144950 0.412260 0.216283 0.336905 0.047426
3 0.142153 0.410984 0.218958 0.339468 0.005220
3 0.142641 0.407326 0.217985 0.341728 0.001927
3 0.145291 0.414234 0.212453 0.333227 0.037327
3 0.144174 0.415562 0.214945 0.335614 0.008577
3 0.144593 0.411461 0.214119 0.338583 0.004070
4 0.206103 0.348592 0.085195 0.139365 0.002473
4 0.207371 0.349251 0.082450 0.140715 0.001501
4 0.205933 0.369475 0.089070 0.170879 0.002473
4 0.208813 0.363418 0.089215 0.151084 0.002473
4 0.536802 0.334027 0.020589 0.107451 0.002473
4 0.536838 0.331727 0.020808 0.115070 0.001501
4 0.003891 0.409825 0.007787 0.161720 0.001501
4 0.002843 0.416330 0.008750 0.147918 0.006693
4 0.002659 0.431589 0.008383 0.116278 0.010987
4 0.002839 0.433258 0.008743 0.122507 0.002473
4 0.142048 0.410403 0.219232 0.340330 0.001501
4 0.142153 0.410984 0.218958 0.339468 0.001170
4 0.145291 0.414234 0.212453 0.333227 0.001501
4 0.144174 0.415562 0.214945 0.335614 0.001501
4 0.144593 0.411461 0.214119 0.338583 0.001927
5 0.181818 0.312455 0.093160 0.105265 0.001501
5 0.192232 0.327170 0.088456 0.115518 0.001501
5 0.194480 0.326930 0.075935 0.115490 0.001501
5 0.184289 0.336577 0.123165 0.134857 0.002473
5 0.199659 0.337924 0.092874 0.124886 0.004070
5 0.203956 0.340786 0.085625 0.133490 0.004070
5 0.206103 0.348592 0.085195 0.139365 0.001501
5 0.151050 0.413746 0.201416 0.313558 0.001501
5 0.195220 0.370733 0.110519 0.203276 0.002473
5 0.205872 0.364204 0.091780 0.177704 0.002473
5 0.205933 0.369475 0.089070 0.170879 0.002473
5 0.536802 0.334027 0.020589 0.107451 0.004070
5 0.536838 0.331727 0.020808 0.115070 0.006693
5 0.005243 0.396882 0.007445 0.190399 0.001501
5 0.150664 0.420181 0.207337 0.326686 0.002473
5 0.003891 0.409825 0.007787 0.161720 0.010987
5 0.163160 0.419606 0.176973 0.322309 0.002473
5 0.194831 0.418601 0.110402 0.323771 0.006693
5 0.002843 0.416330 0.008750 0.147918 0.017986
5 0.002659 0.431589 0.008383 0.116278 0.029312
5 0.002839 0.433258 0.008743 0.122507 0.002473
5 0.143855 0.412644 0.215490 0.330936 0.006693
5 0.141586 0.411379 0.220118 0.333498 0.222700
5 0.142048 0.410403 0.219232 0.340330 0.500000
5 0.143934 0.411789 0.216532 0.337813 0.014064
5 0.144950 0.412260 0.216283 0.336905 0.095349
5 0.142153 0.410984 0.218958 0.339468 0.377541
5 0.142641 0.407326 0.217985 0.341728 0.377541
5 0.145291 0.414234 0.212453 0.333227 0.222700
5 0.144174 0.415562 0.214945 0.335614 0.437824
5 0.144593 0.411461 0.214119 0.338583 0.500000
