0 0.006607 0.309700 0.013306 0.172570 0.001501
0 0.008460 0.318965 0.016954 0.152211 0.001501
0 0.290777 0.300029 0.022121 0.101188 0.002473
0 0.293678 0.300431 0.015887 0.106545 0.182426
0 0.298939 0.298372 0.019658 0.106761 0.006693
0 0.770796 0.287974 0.019914 0.086973 0.006693
0 0.776205 0.278699 0.016948 0.067606 0.006693
0 0.818789 0.270215 0.012821 0.031133 0.010987
0 0.831183 0.271648 0.009677 0.034228 0.001501
0 0.289675 0.301227 0.024319 0.105159 0.001501
0 0.293741 0.300819 0.015763 0.111700 0.182426
0 0.298360 0.302817 0.019306 0.119725 0.006693
0 0.424259 0.311826 0.014012 0.072539 0.002473
0 0.425731 0.312793 0.014030 0.074373 0.006693
0 0.696687 0.319065 0.015381 0.087213 0.001501
0 0.770133 0.308475 0.021109 0.131331 0.006693
0 0.777331 0.287274 0.014699 0.073939 0.006693
0 0.819605 0.277045 0.014522 0.026567 0.002473
0 0.831305 0.278855 0.006871 0.024503 0.002473
0 0.027204 0.340168 0.032362 0.127905 0.001501
0 0.293719 0.301005 0.015690 0.111950 0.182426
0 0.298389 0.304784 0.022215 0.120996 0.002473
0 0.424536 0.313513 0.013480 0.075086 0.002473
0 0.425355 0.313042 0.013701 0.071016 0.004070
0 0.469535 0.323973 0.011027 0.055122 0.119203
0 0.544516 0.327856 0.010990 0.062808 0.500000
0 0.553062 0.326603 0.024935 0.058193 0.001501
0 0.030846 0.346222 0.025948 0.146332 0.006693
0 0.293739 0.302086 0.015644 0.109834 0.182426
0 0.424532 0.313154 0.013470 0.070912 0.002473
0 0.425468 0.312162 0.013469 0.073026 0.006693
0 0.469535 0.325131 0.011086 0.052961 0.047426
0 0.544527 0.328008 0.011082 0.062444 0.500000
0 0.554591 0.331646 0.013473 0.045196 0.002473
0 0.565046 0.337349 0.014656 0.045006 0.001501
0 0.580154 0.339309 0.014730 0.044128 0.002473
0 0.031668 0.347719 0.024289 0.143116 0.010987
0 0.295190 0.300956 0.015437 0.112351 0.075858
0 0.425465 0.311658 0.014581 0.075846 0.001501
0 0.468773 0.326927 0.012634 0.054559 0.029312
0 0.544522 0.329051 0.010990 0.059942 0.622459
0 0.554222 0.335592 0.008671 0.047013 0.006693
0 0.567191 0.340273 0.012917 0.044015 0.001501
0 0.582582 0.340027 0.012964 0.044645 0.004070
0 0.032163 0.349368 0.026256 0.140123 0.006693
0 0.294623 0.311464 0.017385 0.130785 0.002473
0 0.031447 0.348681 0.023720 0.141172 0.002473
0 0.760927 0.362274 0.047492 0.247469 0.029312
0 0.760249 0.361230 0.048429 0.245794 0.182426
0 0.011602 0.373096 0.023412 0.325803 0.002473
0 0.757202 0.372702 0.054790 0.204037 0.002473
0 0.761950 0.357312 0.048027 0.248953 0.500000
0 0.762035 0.356939 0.047773 0.244526 0.377541
0 0.764333 0.362000 0.050060 0.239541 0.500000
0 0.013162 0.366532 0.023611 0.420002 0.029312
0 0.012494 0.369028 0.025101 0.361315 0.029312
0 0.758941 0.361480 0.056788 0.235676 0.029312
0 0.760985 0.359606 0.050313 0.248824 0.377541
0 0.762776 0.358272 0.046354 0.246933 0.500000
0 0.766139 0.358694 0.043155 0.246115 0.500000
0 0.012469 0.377125 0.025105 0.431025 0.047426
0 0.013224 0.368220 0.023637 0.418849 0.075858
0 0.760557 0.359444 0.051145 0.244601 0.377541
0 0.765323 0.359481 0.041389 0.244512 0.500000
0 0.767791 0.359615 0.043336 0.244304 0.075858
0 0.013958 0.379887 0.028026 0.417412 0.047426
0 0.014751 0.379528 0.026542 0.416310 0.075858
0 0.014900 0.387607 0.029915 0.399462 0.017986
0 0.015293 0.387991 0.027626 0.403635 0.047426
0 0.015013 0.395153 0.030199 0.373557 0.004070
0 0.014573 0.392917 0.029236 0.376659 0.006693
1 0.012268 0.327812 0.024554 0.127048 0.047426
1 0.014796 0.329863 0.026481 0.124978 0.017986
1 0.025347 0.334818 0.031354 0.123736 0.002473
1 0.011038 0.329659 0.022104 0.116840 0.119203
1 0.014522 0.329746 0.025969 0.117419 0.075858
1 0.027204 0.340168 0.032362 0.127905 0.029312
1 0.042614 0.339213 0.050776 0.119876 0.006693
1 0.060627 0.341610 0.050393 0.087594 0.002473
1 0.502263 0.316429 0.012703 0.033996 0.002473
1 0.553062 0.326603 0.024935 0.058193 0.001501
1 0.011774 0.340477 0.020555 0.092078 0.268941
1 0.012531 0.337911 0.022036 0.098865 0.182426
1 0.030846 0.346222 0.025948 0.146332 0.010987
1 0.043578 0.350490 0.050034 0.143104 0.010987
1 0.059752 0.350830 0.060031 0.105321 0.006693
1 0.063510 0.348141 0.054877 0.096383 0.001501
1 0.463435 0.326232 0.027314 0.050118 0.001501
1 0.469535 0.325131 0.011086 0.052961 0.001501
1 0.489682 0.324998 0.023745 0.034651 0.731059
1 0.489718 0.323645 0.023686 0.035545 0.731059
1 0.503453 0.322733 0.010235 0.021249 0.182426
1 0.532721 0.320526 0.009752 0.016109 0.182426
1 0.554591 0.331646 0.013473 0.045196 0.017986
1 0.565046 0.337349 0.014656 0.045006 0.002473
1 0.011804 0.341277 0.020644 0.090396 0.268941
1 0.012511 0.342248 0.022005 0.088230 0.268941
1 0.031668 0.347719 0.024289 0.143116 0.006693
1 0.032523 0.350477 0.026614 0.132569 0.010987
1 0.057132 0.351351 0.065337 0.109545 0.006693
1 0.064888 0.350206 0.054339 0.102980 0.002473
1 0.468773 0.326927 0.012634 0.054559 0.001501
1 0.489032 0.325967 0.025080 0.036841 0.010987
1 0.488251 0.327107 0.026576 0.034554 0.002473
1 0.011807 0.342092 0.020588 0.089808 0.268941
1 0.011832 0.343412 0.020621 0.087203 0.182426
1 0.032163 0.349368 0.026256 0.140123 0.010987
1 0.032523 0.351190 0.027727 0.136211 0.006693
1 0.054992 0.354290 0.070034 0.115828 0.004070
1 0.060501 0.350744 0.067064 0.103605 0.002473
1 0.829320 0.393037 0.250051 0.208053 0.182426
1 0.828815 0.394453 0.248788 0.210909 0.731059
1 0.971303 0.388190 0.057425 0.129836 0.817575
1 0.971581 0.388088 0.056848 0.130358 0.817575
1 0.971287 0.389016 0.057461 0.132254 0.880797
1 0.011022 0.342258 0.022065 0.094441 0.075858
1 0.012846 0.341180 0.022108 0.100786 0.047426
1 0.031447 0.348681 0.023720 0.141172 0.010987
1 0.033266 0.352031 0.028388 0.134527 0.002473
1 0.827704 0.393033 0.252191 0.208175 0.010987
1 0.829536 0.392035 0.250072 0.206201 0.924142
1 0.828889 0.394390 0.248375 0.205962 0.817575
1 0.972486 0.389506 0.058271 0.132254 0.880797
1 0.970818 0.389482 0.055336 0.132424 0.817575
1 0.971423 0.390810 0.057164 0.135050 0.880797
1 0.971215 0.389311 0.057598 0.132827 0.880797
1 0.031699 0.346988 0.024225 0.139599 0.010987
1 0.971578 0.390550 0.056863 0.135314 0.817575
1 0.971511 0.390488 0.056994 0.135171 0.817575
1 0.970796 0.390855 0.058457 0.134827 0.880797
1 0.827972 0.391582 0.250228 0.206085 0.924142
1 0.829471 0.393037 0.252752 0.208225 0.904651
1 0.828067 0.393083 0.252975 0.208315 0.924142
1 0.828921 0.392918 0.253972 0.208571 0.777300
1 0.827209 0.392028 0.248754 0.206658 0.268941
1 0.829439 0.393330 0.252800 0.203361 0.924142
1 0.828903 0.392063 0.251315 0.205888 0.904651
1 0.828959 0.392237 0.253843 0.206319 0.904651
3 0.006607 0.309700 0.013306 0.172570 0.004070
3 0.008460 0.318965 0.016954 0.152211 0.017986
3 0.015204 0.322680 0.030280 0.146496 0.006693
3 0.012268 0.327812 0.024554 0.127048 0.047426
3 0.014796 0.329863 0.026481 0.124978 0.017986
3 0.011038 0.329659 0.022104 0.116840 0.010987
3 0.014522 0.329746 0.025969 0.117419 0.006693
3 0.027204 0.340168 0.032362 0.127905 0.002473
3 0.502263 0.316429 0.012703 0.033996 0.006693
3 0.011774 0.340477 0.020555 0.092078 0.006693
3 0.012531 0.337911 0.022036 0.098865 0.002473
3 0.503453 0.322733 0.010235 0.021249 0.001501
3 0.532721 0.320526 0.009752 0.016109 0.004070
3 0.011804 0.341277 0.020644 0.090396 0.002473
3 0.012511 0.342248 0.022005 0.088230 0.001501
3 0.011807 0.342092 0.020588 0.089808 0.002473
3 0.011022 0.342258 0.022065 0.094441 0.001501
4 0.469535 0.325131 0.011086 0.052961 0.002473
4 0.031668 0.347719 0.024289 0.143116 0.002473
4 0.032523 0.350477 0.026614 0.132569 0.001501
4 0.468773 0.326927 0.012634 0.054559 0.004070
4 0.554222 0.335592 0.008671 0.047013 0.001501
4 0.567191 0.340273 0.012917 0.044015 0.004070
4 0.582582 0.340027 0.012964 0.044645 0.002473
4 0.032163 0.349368 0.026256 0.140123 0.006693
4 0.032523 0.351190 0.027727 0.136211 0.006693
4 0.012846 0.341180 0.022108 0.100786 0.002473
4 0.031447 0.348681 0.023720 0.141172 0.017986
4 0.033266 0.352031 0.028388 0.134527 0.006693
4 0.031699 0.346988 0.024225 0.139599 0.010987
4 0.032772 0.351075 0.027377 0.136455 0.004070
5 0.012268 0.327812 0.024554 0.127048 0.010987
5 0.014796 0.329863 0.026481 0.124978 0.029312
5 0.025347 0.334818 0.031354 0.123736 0.010987
5 0.011038 0.329659 0.022104 0.116840 0.017986
5 0.014522 0.329746 0.025969 0.117419 0.075858
5 0.027204 0.340168 0.032362 0.127905 0.075858
5 0.469535 0.323973 0.011027 0.055122 0.010987
5 0.011774 0.340477 0.020555 0.092078 0.006693
5 0.012531 0.337911 0.022036 0.098865 0.010987
5 0.030846 0.346222 0.025948 0.146332 0.119203
5 0.043578 0.350490 0.050034 0.143104 0.002473
5 0.463435 0.326232 0.027314 0.050118 0.002473
5 0.469535 0.325131 0.011086 0.052961 0.182426
5 0.503453 0.322733 0.010235 0.021249 0.001501
5 0.554591 0.331646 0.013473 0.045196 0.001501
5 0.565046 0.337349 0.014656 0.045006 0.001501
5 0.011804 0.341277 0.020644 0.090396 0.004070
5 0.012511 0.342248 0.022005 0.088230 0.017986
5 0.031668 0.347719 0.024289 0.143116 0.182426
5 0.032523 0.350477 0.026614 0.132569 0.017986
5 0.463142 0.327095 0.020750 0.054674 0.002473
5 0.468773 0.326927 0.012634 0.054559 0.182426
5 0.489032 0.325967 0.025080 0.036841 0.002473
5 0.554222 0.335592 0.008671 0.047013 0.002473
5 0.567191 0.340273 0.012917 0.044015 0.010987
5 0.582582 0.340027 0.012964 0.044645 0.006693
5 0.011807 0.342092 0.020588 0.089808 0.004070
5 0.011832 0.343412 0.020621 0.087203 0.010987
5 0.032163 0.349368 0.026256 0.140123 0.182426
5 0.032523 0.351190 0.027727 0.136211 0.047426
5 0.622178 0.346243 0.016367 0.067480 0.001501
5 0.011022 0.342258 0.022065 0.094441 0.002473
5 0.012846 0.341180 0.022108 0.100786 0.010987
5 0.031447 0.348681 0.023720 0.141172 0.119203
5 0.033266 0.352031 0.028388 0.134527 0.017986
5 0.024442 0.347540 0.029901 0.178652 0.004070
5 0.031699 0.346988 0.024225 0.139599 0.047426
5 0.032772 0.351075 0.027377 0.136455 0.006693
