0 0.746657 0.241352 0.019000 0.055467 0.001501
0 0.763416 0.249434 0.035038 0.047377 0.004070
0 0.767810 0.245748 0.026195 0.043201 0.001501
0 0.007006 0.318393 0.014031 0.154461 0.002473
0 0.684463 0.282874 0.022174 0.077686 0.001501
0 0.686904 0.280196 0.020683 0.063626 0.001501
0 0.029038 0.335828 0.026231 0.121022 0.001501
0 0.685350 0.288442 0.020766 0.071755 0.001501
0 0.687571 0.286846 0.021884 0.064343 0.002473
0 0.028515 0.342244 0.029746 0.131677 0.001501
0 0.419426 0.317008 0.008115 0.067918 0.002473
0 0.470207 0.323988 0.015438 0.055201 0.075858
0 0.542982 0.327621 0.010985 0.058720 0.268941
0 0.685305 0.291461 0.020853 0.071840 0.001501
0 0.030638 0.347641 0.027503 0.143587 0.010987
0 0.419429 0.315579 0.008111 0.063040 0.001501
0 0.469536 0.325341 0.014129 0.052560 0.029312
0 0.543744 0.328407 0.009503 0.056745 0.500000
0 0.556763 0.328656 0.017850 0.034216 0.001501
0 0.606931 0.336627 0.008108 0.049402 0.001501
0 0.031903 0.348239 0.025621 0.142086 0.010987
0 0.469570 0.326111 0.014227 0.051077 0.029312
0 0.536153 0.332113 0.012837 0.045178 0.002473
0 0.542308 0.327724 0.009648 0.058030 0.500000
0 0.554761 0.336960 0.013014 0.044555 0.002473
0 0.567621 0.339283 0.015205 0.043580 0.001501
0 0.582655 0.338897 0.012819 0.046942 0.001501
0 0.011811 0.345185 0.020582 0.084374 0.001501
0 0.031982 0.350218 0.025598 0.142698 0.010987
0 0.011700 0.343883 0.020367 0.088345 0.001501
0 0.031991 0.349833 0.024809 0.138833 0.002473
0 0.011533 0.377481 0.023273 0.314926 0.004070
0 0.013133 0.366597 0.026658 0.417645 0.017986
0 0.013200 0.377998 0.023751 0.340731 0.017986
0 0.885281 0.380112 0.127641 0.240215 0.002473
0 0.894778 0.386759 0.120249 0.226495 0.001501
0 0.013194 0.372474 0.026684 0.424292 0.017986
0 0.013179 0.367825 0.026861 0.411603 0.047426
0 0.867799 0.375680 0.067650 0.250481 0.017986
0 0.895904 0.384175 0.110057 0.226808 0.004070
0 0.014480 0.378255 0.029143 0.417038 0.047426
0 0.014736 0.377031 0.026743 0.414555 0.075858
0 0.857534 0.378016 0.047392 0.244481 0.004070
0 0.868444 0.381401 0.055288 0.237396 0.004070
0 0.014603 0.388502 0.029394 0.397369 0.017986
0 0.014523 0.387347 0.029340 0.402384 0.029312
0 0.015040 0.395145 0.030169 0.373408 0.001501
0 0.015739 0.393411 0.028493 0.375162 0.002473
0 0.802976 0.408753 0.302800 0.405497 0.001170
1 0.010188 0.325452 0.020393 0.127327 0.010987
1 0.015521 0.330899 0.027890 0.128186 0.010987
1 0.010715 0.331788 0.021459 0.115475 0.047426
1 0.015342 0.332193 0.027532 0.120649 0.047426
1 0.028515 0.342244 0.029746 0.131677 0.010987
1 0.042741 0.342805 0.048903 0.123113 0.006693
1 0.503025 0.317021 0.013317 0.037778 0.001501
1 0.558842 0.318538 0.028940 0.041947 0.002473
1 0.010946 0.344850 0.021942 0.083198 0.182426
1 0.011865 0.341757 0.020692 0.089350 0.119203
1 0.030638 0.347641 0.027503 0.143587 0.004070
1 0.037961 0.350772 0.038824 0.142519 0.006693
1 0.059607 0.346759 0.060322 0.100822 0.006693
1 0.469536 0.325341 0.014129 0.052560 0.004070
1 0.489704 0.324998 0.023727 0.034650 0.731059
1 0.489729 0.323645 0.023665 0.035544 0.731059
1 0.503440 0.324089 0.010267 0.023625 0.119203
1 0.533276 0.320594 0.008716 0.016287 0.119203
1 0.556763 0.328656 0.017850 0.034216 0.010987
1 0.011006 0.344868 0.022097 0.083197 0.268941
1 0.012518 0.344788 0.021993 0.085866 0.182426
1 0.031903 0.348239 0.025621 0.142086 0.004070
1 0.032227 0.350681 0.027207 0.137191 0.010987
1 0.056685 0.352157 0.066231 0.115648 0.004070
1 0.064503 0.349039 0.055997 0.104417 0.001501
1 0.469570 0.326111 0.014227 0.051077 0.002473
1 0.489694 0.326167 0.023757 0.037230 0.029312
1 0.489027 0.325971 0.025024 0.036825 0.006693
1 0.011811 0.345185 0.020582 0.084374 0.268941
1 0.012507 0.345293 0.019271 0.083474 0.182426
1 0.031982 0.350218 0.025598 0.142698 0.006693
1 0.032009 0.351247 0.026698 0.136108 0.004070
1 0.052760 0.355163 0.069978 0.122047 0.002473
1 0.847673 0.382756 0.211401 0.235525 0.002473
1 0.858599 0.388834 0.191857 0.223423 0.017986
1 0.866271 0.395020 0.177347 0.205185 0.002473
1 0.971304 0.389362 0.057423 0.132444 0.817575
1 0.971420 0.389222 0.057170 0.132625 0.880797
1 0.971404 0.388005 0.057227 0.130233 0.880797
1 0.011700 0.343883 0.020367 0.088345 0.075858
1 0.011556 0.344038 0.022346 0.100422 0.029312
1 0.031991 0.349833 0.024809 0.138833 0.006693
1 0.032758 0.350792 0.027039 0.131884 0.002473
1 0.834776 0.398879 0.243215 0.189934 0.001501
1 0.830396 0.389472 0.252103 0.215599 0.002473
1 0.835424 0.384241 0.232769 0.225535 0.119203
1 0.850410 0.391732 0.209146 0.216316 0.268941
1 0.863571 0.396126 0.184202 0.202531 0.119203
1 0.871128 0.396805 0.168792 0.201046 0.010987
1 0.899150 0.398328 0.113487 0.193456 0.004070
1 0.971885 0.389455 0.056339 0.132482 0.880797
1 0.971581 0.389504 0.056861 0.132469 0.817575
1 0.971424 0.390581 0.057163 0.135355 0.880797
1 0.971269 0.389267 0.057492 0.132740 0.880797
1 0.026821 0.343755 0.028831 0.165751 0.001501
1 0.031709 0.346501 0.024243 0.140569 0.006693
1 0.851832 0.378933 0.199794 0.236931 0.075858
1 0.866626 0.389891 0.177005 0.214785 0.119203
1 0.872520 0.396466 0.166283 0.201766 0.047426
1 0.871964 0.400453 0.167406 0.193862 0.006693
1 0.895195 0.399220 0.122114 0.191805 0.004070
1 0.971706 0.390514 0.056654 0.135243 0.880797
1 0.971306 0.389535 0.057404 0.132066 0.817575
1 0.971188 0.390746 0.057674 0.134594 0.880797
1 0.894778 0.386759 0.120249 0.226495 0.006693
1 0.891510 0.396428 0.128665 0.202022 0.047426
1 0.882366 0.400652 0.147305 0.193545 0.010987
1 0.802461 0.385861 0.301379 0.397982 0.001501
1 0.803631 0.403092 0.301210 0.415455 0.037327
1 0.803817 0.403064 0.301475 0.415415 0.320821
1 0.803735 0.403375 0.304285 0.411924 0.679179
1 0.802281 0.391198 0.304619 0.382307 0.679179
1 0.803867 0.405035 0.301715 0.409773 0.006693
1 0.803631 0.406119 0.304138 0.410660 0.047426
1 0.803553 0.410521 0.307033 0.400703 0.500000
1 0.802943 0.411715 0.305892 0.394924 0.731059
1 0.802976 0.408753 0.302800 0.405497 0.022977
1 0.803884 0.412337 0.304476 0.401559 0.010987
3 0.006612 0.309477 0.013274 0.182515 0.002473
3 0.834885 0.280614 0.202456 0.203665 0.001501
3 0.007006 0.318393 0.014031 0.154461 0.010987
3 0.015952 0.323970 0.028774 0.149075 0.006693
3 0.836813 0.282171 0.203426 0.212188 0.001501
3 0.838414 0.282399 0.196282 0.209921 0.002473
3 0.856468 0.282203 0.159636 0.205551 0.001501
3 0.010188 0.325452 0.020393 0.127327 0.029312
3 0.015521 0.330899 0.027890 0.128186 0.010987
3 0.846645 0.282728 0.186408 0.228415 0.001501
3 0.848188 0.284716 0.178547 0.219474 0.001501
3 0.858855 0.283025 0.159044 0.206166 0.001501
3 0.010715 0.331788 0.021459 0.115475 0.006693
3 0.015342 0.332193 0.027532 0.120649 0.004070
3 0.503025 0.317021 0.013317 0.037778 0.004070
3 0.558842 0.318538 0.028940 0.041947 0.002473
3 0.010946 0.344850 0.021942 0.083198 0.004070
3 0.011865 0.341757 0.020692 0.089350 0.001501
3 0.503440 0.324089 0.010267 0.023625 0.001501
3 0.533276 0.320594 0.008716 0.016287 0.002473
3 0.011006 0.344868 0.022097 0.083197 0.004070
3 0.012518 0.344788 0.021993 0.085866 0.001501
3 0.011811 0.345185 0.020582 0.084374 0.004070
3 0.012507 0.345293 0.019271 0.083474 0.001501
3 0.971404 0.388005 0.057227 0.130233 0.001501
3 0.011700 0.343883 0.020367 0.088345 0.001501
3 0.971188 0.390746 0.057674 0.134594 0.001501
3 0.803735 0.403375 0.304285 0.411924 0.001170
3 0.802281 0.391198 0.304619 0.382307 0.002473
3 0.803867 0.405035 0.301715 0.409773 0.001927
3 0.803631 0.406119 0.304138 0.410660 0.001501
3 0.802976 0.408753 0.302800 0.405497 0.004070
4 0.469536 0.325341 0.014129 0.052560 0.004070
4 0.653127 0.347012 0.019141 0.056060 0.001501
4 0.031903 0.348239 0.025621 0.142086 0.004070
4 0.032227 0.350681 0.027207 0.137191 0.002473
4 0.469570 0.326111 0.014227 0.051077 0.004070
4 0.567621 0.339283 0.015205 0.043580 0.002473
4 0.651492 0.348193 0.022351 0.054203 0.004070
4 0.653674 0.348957 0.021174 0.052404 0.006693
4 0.031982 0.350218 0.025598 0.142698 0.010987
4 0.032009 0.351247 0.026698 0.136108 0.006693
4 0.650726 0.349057 0.023781 0.052483 0.006693
4 0.653039 0.349478 0.022149 0.051432 0.010987
4 0.011556 0.344038 0.022346 0.100422 0.002473
4 0.031991 0.349833 0.024809 0.138833 0.029312
4 0.032758 0.350792 0.027039 0.131884 0.010987
4 0.049932 0.354241 0.065034 0.119992 0.001501
4 0.026821 0.343755 0.028831 0.165751 0.001501
4 0.031709 0.346501 0.024243 0.140569 0.017986
4 0.032763 0.350523 0.027035 0.137524 0.006693
4 0.803867 0.405035 0.301715 0.409773 0.001501
4 0.802976 0.408753 0.302800 0.405497 0.001927
5 0.007006 0.318393 0.014031 0.154461 0.001501
5 0.010188 0.325452 0.020393 0.127327 0.006693
5 0.015521 0.330899 0.027890 0.128186 0.029312
5 0.029038 0.335828 0.026231 0.121022 0.010987
5 0.010715 0.331788 0.021459 0.115475 0.017986
5 0.015342 0.332193 0.027532 0.120649 0.047426
5 0.028515 0.342244 0.029746 0.131677 0.119203
5 0.470207 0.323988 0.015438 0.055201 0.010987
5 0.010946 0.344850 0.021942 0.083198 0.006693
5 0.011865 0.341757 0.020692 0.089350 0.017986
5 0.030638 0.347641 0.027503 0.143587 0.119203
5 0.037961 0.350772 0.038824 0.142519 0.004070
5 0.464143 0.326435 0.022669 0.050541 0.001501
5 0.469536 0.325341 0.014129 0.052560 0.182426
5 0.556763 0.328656 0.017850 0.034216 0.004070
5 0.562188 0.334214 0.020155 0.044583 0.001501
5 0.011006 0.344868 0.022097 0.083197 0.004070
5 0.012518 0.344788 0.021993 0.085866 0.017986
5 0.031903 0.348239 0.025621 0.142086 0.119203
5 0.032227 0.350681 0.027207 0.137191 0.029312
5 0.463907 0.327273 0.022184 0.054440 0.001501
5 0.469570 0.326111 0.014227 0.051077 0.182426
5 0.489694 0.326167 0.023757 0.037230 0.006693
5 0.536153 0.332113 0.012837 0.045178 0.001501
5 0.542308 0.327724 0.009648 0.058030 0.001501
5 0.554761 0.336960 0.013014 0.044555 0.017986
5 0.567621 0.339283 0.015205 0.043580 0.010987
5 0.582655 0.338897 0.012819 0.046942 0.002473
5 0.622254 0.342743 0.017334 0.074857 0.002473
5 0.011811 0.345185 0.020582 0.084374 0.004070
5 0.012507 0.345293 0.019271 0.083474 0.010987
5 0.031982 0.350218 0.025598 0.142698 0.182426
5 0.032009 0.351247 0.026698 0.136108 0.047426
5 0.622600 0.344262 0.017334 0.075581 0.001501
5 0.011700 0.343883 0.020367 0.088345 0.002473
5 0.011556 0.344038 0.022346 0.100422 0.010987
5 0.031991 0.349833 0.024809 0.138833 0.075858
5 0.032758 0.350792 0.027039 0.131884 0.017986
5 0.026821 0.343755 0.028831 0.165751 0.006693
5 0.031709 0.346501 0.024243 0.140569 0.047426
5 0.032763 0.350523 0.027035 0.137524 0.004070
5 0.796539 0.407384 0.286995 0.409944 0.003173
5 0.803631 0.403092 0.301210 0.415455 0.148047
5 0.803817 0.403064 0.301475 0.415415 0.047426
5 0.803735 0.403375 0.304285 0.411924 0.006693
5 0.755111 0.409317 0.204099 0.400306 0.029312
5 0.783175 0.407075 0.260216 0.405253 0.075858
5 0.803867 0.405035 0.301715 0.409773 0.500000
5 0.803631 0.406119 0.304138 0.410660 0.320821
5 0.803553 0.410521 0.307033 0.400703 0.037327
5 0.802943 0.411715 0.305892 0.394924 0.001927
5 0.768096 0.408515 0.230126 0.403023 0.003173
5 0.793996 0.407567 0.284966 0.408066 0.119203
5 0.802976 0.408753 0.302800 0.405497 0.562177
5 0.803884 0.412337 0.304476 0.401559 0.037327
