0 0.016518 0.233069 0.011253 0.075182 0.001501
0 0.805651 0.308086 0.017195 0.140204 0.075858
0 0.806287 0.312207 0.018559 0.146709 0.377541
0 0.805586 0.313242 0.017060 0.148120 0.622459
0 0.543809 0.330630 0.015912 0.064980 0.006693
0 0.804382 0.316228 0.022455 0.153718 0.002473
0 0.805028 0.316684 0.018101 0.153059 0.731059
0 0.544368 0.337155 0.017221 0.054991 0.075858
0 0.804426 0.316408 0.022089 0.153633 0.004070
0 0.805708 0.316701 0.019458 0.153060 0.622459
0 0.808699 0.314429 0.023790 0.147823 0.001501
0 0.544517 0.335698 0.014184 0.056729 0.119203
0 0.549797 0.336549 0.019820 0.061057 0.001501
0 0.803627 0.315289 0.020956 0.151443 0.010987
0 0.805681 0.315643 0.019576 0.155179 0.622459
0 0.808612 0.314704 0.023512 0.152077 0.002473
0 0.543776 0.335609 0.015679 0.061185 0.075858
0 0.804110 0.317161 0.022657 0.152242 0.017986
0 0.805622 0.316885 0.019629 0.152779 0.622459
0 0.808129 0.317571 0.024475 0.151304 0.002473
0 0.803179 0.318356 0.021924 0.150024 0.010987
0 0.805168 0.317624 0.020605 0.151399 0.622459
0 0.679035 0.990878 0.011679 0.023472 0.002473
0 0.694555 0.988286 0.011320 0.018411 0.001501
1 0.926745 0.305487 0.063304 0.121056 0.001501
1 0.447139 0.329148 0.022384 0.059383 0.017986
1 0.452619 0.323812 0.020274 0.048815 0.001501
1 0.367976 0.337982 0.139064 0.147632 0.880797
1 0.367986 0.337993 0.139051 0.147652 0.880797
1 0.369508 0.337981 0.139065 0.147633 0.924142
1 0.447593 0.333303 0.020209 0.041768 0.622459
1 0.447638 0.333270 0.020263 0.041773 0.377541
1 0.461825 0.324535 0.015779 0.033783 0.182426
1 0.490317 0.326248 0.008796 0.014338 0.075858
1 0.504802 0.333300 0.009635 0.028394 0.500000
1 0.521226 0.333335 0.029507 0.046827 0.817575
1 0.521425 0.332212 0.029194 0.049138 0.731059
1 0.544368 0.337155 0.017221 0.054991 0.075858
1 0.547930 0.337067 0.021256 0.057797 0.010987
1 0.926355 0.306380 0.063778 0.123546 0.001501
1 0.368760 0.337076 0.137560 0.145882 0.880797
1 0.368738 0.337099 0.137524 0.145860 0.880797
1 0.367987 0.338015 0.139045 0.147654 0.952574
1 0.368737 0.338007 0.140585 0.144069 0.924142
1 0.447331 0.335847 0.019682 0.041774 0.622459
1 0.447314 0.334562 0.019774 0.044364 0.622459
1 0.461524 0.327160 0.015678 0.035291 0.004070
1 0.504799 0.333400 0.009651 0.031929 0.377541
1 0.521105 0.334449 0.029719 0.049146 0.731059
1 0.520512 0.334443 0.028248 0.049157 0.731059
1 0.544517 0.335698 0.014184 0.056729 0.010987
1 0.549797 0.336549 0.019820 0.061057 0.006693
1 0.597963 0.356718 0.095932 0.125025 0.880797
1 0.597737 0.355452 0.098556 0.122460 0.924142
1 0.598468 0.354164 0.097002 0.125042 0.924142
1 0.367973 0.337986 0.139072 0.147695 0.924142
1 0.367303 0.338002 0.140424 0.147663 0.952574
1 0.367962 0.338896 0.139092 0.145904 0.970688
1 0.442388 0.337615 0.015664 0.056393 0.001501
1 0.598503 0.356714 0.097020 0.124993 0.880797
1 0.597930 0.355448 0.095867 0.122454 0.880797
1 0.597582 0.356724 0.095183 0.125000 0.924142
1 0.597950 0.356722 0.095966 0.125025 0.924142
1 0.597856 0.356587 0.095740 0.120203 0.952574
1 0.597575 0.355460 0.095214 0.122446 0.952574
1 0.597184 0.355452 0.097495 0.122504 0.924142
2 0.461825 0.324535 0.015779 0.033783 0.004070
3 0.927275 0.305482 0.064351 0.121399 0.817575
3 0.927225 0.305526 0.064248 0.121236 0.731059
3 0.926745 0.305487 0.063304 0.121056 0.731059
3 0.447139 0.329148 0.022384 0.059383 0.004070
3 0.452619 0.323812 0.020274 0.048815 0.006693
3 0.928015 0.306486 0.066024 0.123404 0.731059
3 0.927671 0.306886 0.063552 0.124199 0.731059
3 0.926769 0.307374 0.063328 0.124851 0.731059
3 0.926730 0.306271 0.063263 0.122608 0.731059
3 0.447593 0.333303 0.020209 0.041768 0.004070
3 0.447638 0.333270 0.020263 0.041773 0.010987
3 0.461825 0.324535 0.015779 0.033783 0.182426
3 0.490317 0.326248 0.008796 0.014338 0.002473
3 0.504802 0.333300 0.009635 0.028394 0.002473
3 0.544368 0.337155 0.017221 0.054991 0.004070
3 0.927673 0.304434 0.063547 0.123324 0.731059
3 0.927174 0.305473 0.064319 0.125391 0.622459
3 0.926355 0.306380 0.063778 0.123546 0.731059
3 0.447331 0.335847 0.019682 0.041774 0.004070
3 0.447314 0.334562 0.019774 0.044364 0.006693
3 0.461524 0.327160 0.015678 0.035291 0.004070
3 0.520512 0.334443 0.028248 0.049157 0.001501
4 0.544517 0.335698 0.014184 0.056729 0.002473
4 0.543776 0.335609 0.015679 0.061185 0.002473
5 0.543809 0.330630 0.015912 0.064980 0.006693
5 0.550675 0.332259 0.018425 0.068369 0.004070
5 0.544368 0.337155 0.017221 0.054991 0.182426
5 0.547930 0.337067 0.021256 0.057797 0.010987
5 0.544517 0.335698 0.014184 0.056729 0.182426
5 0.549797 0.336549 0.019820 0.061057 0.017986
5 0.543776 0.335609 0.015679 0.061185 0.047426
