0 0.993720 0.418051 0.012640 0.230450 0.001501
0 0.993635 0.416423 0.012775 0.248100 0.001501
1 0.682035 0.340536 0.117783 0.084740 0.001501
1 0.716236 0.315186 0.054312 0.033913 0.001501
1 0.454892 0.343739 0.050001 0.057414 0.817575
1 0.455355 0.342464 0.049953 0.059956 0.880797
1 0.455114 0.342464 0.049357 0.059954 0.880797
1 0.481948 0.337418 0.011197 0.034164 0.004070
1 0.767767 0.340018 0.126660 0.068896 0.001501
1 0.992191 0.363061 0.012730 0.184809 0.004070
1 0.455139 0.342456 0.049689 0.059999 0.731059
1 0.455368 0.342467 0.049967 0.059965 0.817575
1 0.455341 0.342467 0.049982 0.059971 0.817575
1 0.455369 0.342464 0.049971 0.059974 0.817575
1 0.482800 0.341600 0.012562 0.030596 0.182426
1 0.494633 0.343717 0.011387 0.015852 0.004070
1 0.503480 0.346148 0.010191 0.016081 0.075858
1 0.524232 0.352441 0.023492 0.028670 0.622459
1 0.525026 0.350960 0.024995 0.030179 0.731059
1 0.554718 0.362383 0.037506 0.048517 0.731059
1 0.554026 0.361022 0.036137 0.050324 0.731059
1 0.554031 0.361323 0.036182 0.050914 0.817575
1 0.676983 0.359944 0.118285 0.123290 0.731059
1 0.678929 0.360843 0.122969 0.125099 0.817575
1 0.679202 0.359080 0.123474 0.125165 0.880797
1 0.678275 0.360139 0.122483 0.123650 0.047426
1 0.993730 0.387642 0.012620 0.142162 0.017986
1 0.455367 0.342476 0.050031 0.059964 0.817575
1 0.455096 0.342474 0.049491 0.059972 0.817575
1 0.455395 0.342472 0.049918 0.059991 0.880797
1 0.524255 0.352151 0.023527 0.028095 0.500000
1 0.524275 0.352174 0.023473 0.028038 0.500000
1 0.554026 0.361373 0.036139 0.051036 0.731059
1 0.554713 0.362516 0.037504 0.048706 0.817575
1 0.554711 0.361393 0.037554 0.051072 0.817575
1 0.668218 0.360949 0.103107 0.125149 0.010987
1 0.675194 0.360884 0.115734 0.125070 0.622459
1 0.677880 0.359065 0.121036 0.125087 0.817575
1 0.678169 0.360869 0.123014 0.125096 0.880797
1 0.678599 0.360201 0.121501 0.123628 0.817575
1 0.745054 0.399803 0.171233 0.194718 0.817575
1 0.744760 0.398491 0.170447 0.192856 0.817575
1 0.744721 0.398505 0.170553 0.192132 0.924142
1 0.994531 0.395218 0.011067 0.138115 0.017986
1 0.554010 0.363037 0.036094 0.049792 0.622459
1 0.554038 0.361901 0.036146 0.052021 0.622459
1 0.554026 0.361917 0.038910 0.052008 0.817575
1 0.672709 0.358883 0.110766 0.121077 0.500000
1 0.675402 0.360022 0.116083 0.123352 0.731059
1 0.676426 0.360139 0.117950 0.123331 0.817575
1 0.744994 0.400296 0.171001 0.194058 0.924142
1 0.744811 0.399186 0.170629 0.191813 0.817575
1 0.744231 0.399993 0.171503 0.194610 0.924142
1 0.744825 0.398552 0.170602 0.192965 0.924142
1 0.994530 0.413112 0.011069 0.173265 0.010987
1 0.744707 0.400683 0.170432 0.193450 0.924142
1 0.744550 0.400217 0.170077 0.194329 0.924142
1 0.744538 0.398857 0.170027 0.192367 0.970688
1 0.994507 0.417101 0.011067 0.199827 0.006693
1 0.993720 0.418051 0.012640 0.230450 0.002473
1 0.873495 0.444242 0.232896 0.388558 0.939913
1 0.871789 0.444958 0.234440 0.390036 0.939913
1 0.873083 0.445086 0.232113 0.390363 0.010987
1 0.872882 0.444938 0.234098 0.389835 0.939913
1 0.873521 0.444262 0.233088 0.388492 0.939913
1 0.872297 0.444943 0.232952 0.389872 0.939913
1 0.872632 0.446291 0.232937 0.387435 0.924142
1 0.872881 0.445010 0.234094 0.389776 0.851953
1 0.872693 0.443727 0.233738 0.392387 0.952574
1 0.872746 0.444269 0.233855 0.388420 0.939913
1 0.872602 0.446383 0.233018 0.387408 0.939913
2 0.992968 0.347883 0.014281 0.191982 0.002473
3 0.991570 0.303465 0.016906 0.100126 0.001501
3 0.992261 0.325848 0.015608 0.145039 0.001501
3 0.992968 0.347883 0.014281 0.191982 0.004070
3 0.992191 0.363061 0.012730 0.184809 0.002473
3 0.482800 0.341600 0.012562 0.030596 0.002473
3 0.503480 0.346148 0.010191 0.016081 0.001501
4 0.337894 0.318303 0.059871 0.112853 0.002473
4 0.344271 0.321562 0.046318 0.117262 0.010987
4 0.346812 0.325025 0.045030 0.105781 0.006693
4 0.360417 0.327534 0.067111 0.093888 0.001501
4 0.225488 0.332779 0.031862 0.104003 0.002473
4 0.229469 0.336566 0.037259 0.108350 0.001501
4 0.336773 0.318046 0.062236 0.109023 0.010987
4 0.346879 0.328328 0.047430 0.098998 0.119203
4 0.349676 0.342123 0.041350 0.075482 0.268941
4 0.349767 0.342145 0.043627 0.075488 0.268941
4 0.362115 0.341409 0.068383 0.072388 0.029312
4 0.363257 0.343249 0.065151 0.068268 0.006693
4 0.390997 0.343409 0.014981 0.061980 0.075858
4 0.228941 0.338780 0.038768 0.116199 0.004070
4 0.230222 0.338969 0.038950 0.116836 0.001501
4 0.340787 0.325947 0.053318 0.097635 0.017986
4 0.350349 0.343380 0.042889 0.068499 0.182426
4 0.349536 0.343782 0.040997 0.072105 0.268941
4 0.350294 0.343738 0.042523 0.072225 0.377541
4 0.360937 0.344115 0.066008 0.071571 0.119203
4 0.362297 0.343442 0.067223 0.068525 0.119203
4 0.390313 0.343709 0.013643 0.062760 0.075858
4 0.228426 0.342943 0.038397 0.122073 0.001501
4 0.229502 0.342065 0.040607 0.117851 0.002473
4 0.351074 0.344223 0.044287 0.066765 0.119203
4 0.348940 0.344390 0.042026 0.070899 0.268941
4 0.350316 0.344265 0.044741 0.071178 0.182426
4 0.359019 0.342277 0.062197 0.070738 0.182426
4 0.363468 0.344582 0.067159 0.070780 0.119203
4 0.389900 0.343850 0.014440 0.062537 0.119203
4 0.361999 0.348591 0.063859 0.082093 0.002473
4 0.366398 0.349177 0.058224 0.080605 0.001501
4 0.029682 0.389640 0.059851 0.252201 0.001501
5 0.339663 0.319124 0.052180 0.117686 0.001501
5 0.337894 0.318303 0.059871 0.112853 0.001501
5 0.344271 0.321562 0.046318 0.117262 0.010987
5 0.346812 0.325025 0.045030 0.105781 0.010987
5 0.346879 0.328328 0.047430 0.098998 0.029312
5 0.349676 0.342123 0.041350 0.075482 0.047426
5 0.349767 0.342145 0.043627 0.075488 0.075858
5 0.362115 0.341409 0.068383 0.072388 0.010987
5 0.350349 0.343380 0.042889 0.068499 0.075858
5 0.349536 0.343782 0.040997 0.072105 0.047426
5 0.350294 0.343738 0.042523 0.072225 0.075858
5 0.360937 0.344115 0.066008 0.071571 0.029312
5 0.362297 0.343442 0.067223 0.068525 0.006693
5 0.351074 0.344223 0.044287 0.066765 0.075858
5 0.348940 0.344390 0.042026 0.070899 0.119203
5 0.350316 0.344265 0.044741 0.071178 0.119203
5 0.359019 0.342277 0.062197 0.070738 0.075858
5 0.363468 0.344582 0.067159 0.070780 0.010987
5 0.389900 0.343850 0.014440 0.062537 0.002473
5 0.031223 0.383325 0.059454 0.300811 0.001501
5 0.030473 0.388148 0.060912 0.293300 0.002473
5 0.030357 0.400400 0.060710 0.317514 0.002473
5 0.030130 0.404710 0.060263 0.335173 0.002473
