0 0.433066 0.322641 0.014814 0.048890 0.002473
0 0.428994 0.328167 0.022854 0.041470 0.004070
0 0.493077 0.330504 0.008139 0.022814 0.004070
0 0.428062 0.329418 0.021997 0.044486 0.004070
0 0.493023 0.332734 0.008246 0.027107 0.004070
1 0.106109 0.315541 0.209434 0.255424 0.500000
1 0.105256 0.333887 0.208745 0.218000 0.500000
1 0.614583 0.334123 0.060126 0.075433 0.004070
1 0.615471 0.333263 0.059114 0.078206 0.268941
1 0.615485 0.336012 0.059360 0.083749 0.182426
1 0.625305 0.341814 0.043735 0.095600 0.017986
1 0.105438 0.309937 0.207792 0.265343 0.377541
1 0.106412 0.327078 0.209086 0.231107 0.377541
1 0.109652 0.337412 0.199876 0.205875 0.377541
1 0.137584 0.340406 0.143935 0.199770 0.377541
1 0.402896 0.327390 0.025037 0.043921 0.002473
1 0.404851 0.327531 0.021143 0.043612 0.004070
1 0.428994 0.328167 0.022854 0.041470 0.004070
1 0.472210 0.326692 0.036495 0.041705 0.817575
1 0.472620 0.327607 0.035562 0.043492 0.731059
1 0.473188 0.326953 0.036605 0.044804 0.731059
1 0.493077 0.330504 0.008139 0.022814 0.075858
1 0.510221 0.330254 0.010993 0.019705 0.010987
1 0.527673 0.335578 0.019760 0.027445 0.119203
1 0.527193 0.335811 0.017634 0.027015 0.182426
1 0.549405 0.340490 0.029604 0.037158 0.377541
1 0.550687 0.340476 0.029574 0.037116 0.377541
1 0.555265 0.340138 0.034566 0.042494 0.002473
1 0.614805 0.337021 0.060451 0.081300 0.047426
1 0.614540 0.338161 0.059884 0.083458 0.268941
1 0.614531 0.338371 0.060078 0.083918 0.268941
1 0.617733 0.340349 0.053668 0.092197 0.268941
1 0.625722 0.349408 0.040799 0.110184 0.075858
1 0.106018 0.332551 0.206897 0.210047 0.622459
1 0.108312 0.335226 0.205239 0.204703 0.377541
1 0.119975 0.337423 0.179208 0.200389 0.500000
1 0.137815 0.339342 0.143555 0.201655 0.268941
1 0.402764 0.327339 0.022637 0.040453 0.004070
1 0.403902 0.327455 0.020360 0.040207 0.006693
1 0.472606 0.327558 0.035702 0.043623 0.731059
1 0.472762 0.327600 0.037431 0.043533 0.817575
1 0.472613 0.326695 0.035558 0.041725 0.817575
1 0.493023 0.332734 0.008246 0.027107 0.006693
1 0.527666 0.336110 0.019734 0.026527 0.500000
1 0.527844 0.336251 0.019361 0.026217 0.622459
1 0.550032 0.340753 0.028172 0.036537 0.622459
1 0.550088 0.340647 0.028320 0.036748 0.731059
1 0.554820 0.342373 0.034853 0.037168 0.006693
1 0.614808 0.337098 0.060454 0.081272 0.075858
1 0.614820 0.337043 0.060408 0.081100 0.182426
1 0.615246 0.335024 0.058654 0.081586 0.119203
1 0.621196 0.347457 0.046742 0.106311 0.268941
1 0.624897 0.351860 0.040751 0.110222 0.182426
1 0.614783 0.338254 0.060241 0.083306 0.182426
1 0.619770 0.344898 0.049188 0.096499 0.119203
1 0.624296 0.353354 0.040107 0.108416 0.500000
1 0.625190 0.353966 0.040166 0.109138 0.268941
1 0.619985 0.347771 0.050355 0.099557 0.002473
1 0.624316 0.355216 0.039696 0.109223 0.377541
1 0.624325 0.355287 0.040111 0.109053 0.622459
1 0.625782 0.355984 0.042941 0.111247 0.182426
1 0.622690 0.359401 0.040047 0.107690 0.010987
1 0.623411 0.359460 0.040098 0.105146 0.268941
1 0.623569 0.359257 0.040515 0.105381 0.377541
1 0.628096 0.359270 0.039446 0.105688 0.010987
1 0.105354 0.304918 0.211556 0.280651 0.008577
1 0.105623 0.304471 0.211715 0.278700 0.679179
1 0.105548 0.303866 0.211451 0.279200 0.148047
1 0.104926 0.305362 0.210370 0.277820 0.679179
1 0.104972 0.305604 0.210211 0.277929 0.817575
1 0.103925 0.304760 0.211001 0.276285 0.777300
1 0.105213 0.303015 0.209829 0.278117 0.008577
1 0.104789 0.306034 0.210122 0.279137 0.222700
1 0.104901 0.305533 0.210082 0.277809 0.622459
1 0.104095 0.306074 0.211448 0.273732 0.904651
3 0.569505 0.328239 0.037573 0.057972 0.001501
3 0.614583 0.334123 0.060126 0.075433 0.182426
3 0.615471 0.333263 0.059114 0.078206 0.377541
3 0.615485 0.336012 0.059360 0.083749 0.377541
3 0.625305 0.341814 0.043735 0.095600 0.017986
3 0.493077 0.330504 0.008139 0.022814 0.001501
3 0.510221 0.330254 0.010993 0.019705 0.001501
3 0.527673 0.335578 0.019760 0.027445 0.001501
3 0.527193 0.335811 0.017634 0.027015 0.001501
3 0.614805 0.337021 0.060451 0.081300 0.500000
3 0.614540 0.338161 0.059884 0.083458 0.268941
3 0.614531 0.338371 0.060078 0.083918 0.622459
3 0.617733 0.340349 0.053668 0.092197 0.182426
3 0.625722 0.349408 0.040799 0.110184 0.047426
3 0.614808 0.337098 0.060454 0.081272 0.500000
3 0.614820 0.337043 0.060408 0.081100 0.377541
3 0.615246 0.335024 0.058654 0.081586 0.182426
3 0.621196 0.347457 0.046742 0.106311 0.010987
3 0.624897 0.351860 0.040751 0.110222 0.010987
3 0.614783 0.338254 0.060241 0.083306 0.268941
3 0.619770 0.344898 0.049188 0.096499 0.004070
3 0.624296 0.353354 0.040107 0.108416 0.004070
3 0.625190 0.353966 0.040166 0.109138 0.004070
3 0.823273 0.343788 0.358298 0.677050 0.622459
3 0.822752 0.343619 0.354664 0.676313 0.851953
3 0.820615 0.339816 0.356412 0.680625 0.851953
3 0.822158 0.340060 0.356497 0.682677 0.777300
3 0.825277 0.341464 0.356859 0.676160 0.817575
3 0.822755 0.341339 0.354758 0.675749 0.851953
3 0.821891 0.341024 0.356652 0.676470 0.851953
3 0.822202 0.340387 0.356198 0.681004 0.777300
3 0.823499 0.352147 0.353267 0.656503 0.851953
3 0.822691 0.349073 0.354968 0.662456 0.817575
3 0.823630 0.358296 0.356428 0.641089 0.029312
4 0.402896 0.327390 0.025037 0.043921 0.006693
4 0.404851 0.327531 0.021143 0.043612 0.004070
4 0.416880 0.327403 0.040672 0.040129 0.001501
4 0.428994 0.328167 0.022854 0.041470 0.006693
4 0.402764 0.327339 0.022637 0.040453 0.004070
4 0.403902 0.327455 0.020360 0.040207 0.004070
4 0.412356 0.329394 0.031707 0.039990 0.001501
4 0.428062 0.329418 0.021997 0.044486 0.006693
5 0.402857 0.322599 0.024958 0.053241 0.047426
5 0.403867 0.324386 0.023111 0.049767 0.029312
5 0.402896 0.327390 0.025037 0.043921 0.268941
5 0.404851 0.327531 0.021143 0.043612 0.500000
5 0.416880 0.327403 0.040672 0.040129 0.002473
5 0.428994 0.328167 0.022854 0.041470 0.017986
5 0.493077 0.330504 0.008139 0.022814 0.002473
5 0.402764 0.327339 0.022637 0.040453 0.377541
5 0.403902 0.327455 0.020360 0.040207 0.622459
5 0.412356 0.329394 0.031707 0.039990 0.010987
5 0.428062 0.329418 0.021997 0.044486 0.029312
5 0.493023 0.332734 0.008246 0.027107 0.002473
5 0.554820 0.342373 0.034853 0.037168 0.001501
5 0.623411 0.359460 0.040098 0.105146 0.001501
