0 0.593868 0.321744 0.020857 0.106522 0.001501
0 0.474822 0.334405 0.013332 0.034388 0.002473
0 0.475937 0.335351 0.013643 0.032528 0.004070
0 0.494292 0.334428 0.005664 0.034276 0.075858
0 0.568891 0.336461 0.020895 0.030295 0.001501
0 0.662003 0.320935 0.042686 0.090436 0.001501
0 0.474821 0.335462 0.012879 0.032347 0.002473
0 0.476115 0.334318 0.013287 0.030112 0.004070
0 0.494972 0.334536 0.007010 0.034201 0.075858
0 0.594830 0.336541 0.022898 0.071561 0.002473
0 0.661655 0.321038 0.041967 0.090597 0.002473
0 0.661539 0.321154 0.042265 0.087120 0.002473
0 0.593942 0.341329 0.022871 0.067645 0.001501
0 0.661842 0.324795 0.042823 0.102310 0.010987
0 0.662036 0.323811 0.040765 0.094802 0.004070
0 0.621219 0.342085 0.039160 0.098205 0.001501
1 0.627694 0.322211 0.084401 0.119301 0.002473
1 0.637491 0.327246 0.090671 0.103904 0.029312
1 0.638728 0.325077 0.091400 0.099096 0.047426
1 0.644501 0.321534 0.077650 0.092146 0.119203
1 0.655604 0.320857 0.055297 0.090567 0.029312
1 0.593868 0.321744 0.020857 0.106522 0.010987
1 0.610405 0.337484 0.047927 0.097663 0.119203
1 0.614957 0.338660 0.045558 0.096589 0.047426
1 0.638329 0.332818 0.088917 0.109821 0.182426
1 0.640503 0.327642 0.088149 0.100267 0.268941
1 0.648383 0.324810 0.072009 0.094820 0.075858
1 0.655201 0.321645 0.056567 0.091739 0.075858
1 0.662605 0.320915 0.047883 0.090486 0.004070
1 0.684131 0.329478 0.101133 0.100798 0.004070
1 0.396917 0.345832 0.019416 0.068228 0.002473
1 0.404227 0.346310 0.025399 0.066699 0.002473
1 0.474822 0.334405 0.013332 0.034388 0.002473
1 0.475937 0.335351 0.013643 0.032528 0.010987
1 0.520058 0.332422 0.028817 0.030267 0.075858
1 0.520397 0.333328 0.028298 0.028435 0.731059
1 0.520009 0.332426 0.027071 0.030245 0.731059
1 0.541523 0.333145 0.014010 0.023653 0.006693
1 0.554072 0.333147 0.011475 0.023673 0.006693
1 0.568891 0.336461 0.020895 0.030295 0.075858
1 0.575849 0.335108 0.017697 0.033137 0.004070
1 0.594299 0.336334 0.021730 0.076568 0.119203
1 0.615486 0.342529 0.040818 0.092282 0.268941
1 0.616401 0.341161 0.045510 0.093075 0.268941
1 0.617759 0.337204 0.049173 0.103361 0.075858
1 0.642247 0.326938 0.084502 0.102427 0.268941
1 0.660613 0.323769 0.045654 0.096128 0.017986
1 0.662003 0.320935 0.042686 0.090436 0.047426
1 0.662883 0.320659 0.041981 0.089847 0.047426
1 0.696174 0.340059 0.120009 0.123321 0.010987
1 0.399506 0.356727 0.016098 0.041775 0.182426
1 0.400844 0.355457 0.020779 0.044313 0.182426
1 0.405701 0.352884 0.029784 0.044517 0.010987
1 0.476115 0.334318 0.013287 0.030112 0.010987
1 0.519502 0.332443 0.027704 0.030269 0.182426
1 0.519869 0.331314 0.027243 0.032489 0.817575
1 0.520316 0.332426 0.028605 0.030275 0.817575
1 0.544532 0.334794 0.011205 0.021093 0.017986
1 0.554086 0.335038 0.011335 0.020606 0.017986
1 0.569365 0.335925 0.019677 0.026895 0.182426
1 0.575280 0.336510 0.016559 0.030565 0.006693
1 0.594830 0.336541 0.022898 0.071561 0.182426
1 0.616470 0.343232 0.042913 0.091888 0.377541
1 0.615926 0.341866 0.043393 0.094489 0.377541
1 0.617274 0.340110 0.047044 0.097977 0.377541
1 0.643683 0.329203 0.080969 0.097947 0.047426
1 0.661655 0.321038 0.041967 0.090597 0.017986
1 0.661539 0.321154 0.042265 0.087120 0.047426
1 0.702266 0.353635 0.120633 0.152348 0.004070
1 0.716331 0.354543 0.095838 0.153337 0.119203
1 0.721220 0.355171 0.088592 0.149553 0.119203
1 0.720442 0.357379 0.087542 0.147612 0.119203
1 0.974695 0.331086 0.051094 0.143741 0.001501
1 0.399542 0.357880 0.016171 0.043951 0.182426
1 0.400058 0.356720 0.019220 0.041784 0.182426
1 0.406007 0.352848 0.030506 0.044738 0.006693
1 0.591916 0.338209 0.024323 0.076084 0.006693
1 0.593942 0.341329 0.022871 0.067645 0.268941
1 0.616576 0.343445 0.043868 0.091440 0.377541
1 0.616704 0.341826 0.047810 0.094687 0.500000
1 0.618186 0.341652 0.047364 0.095009 0.182426
1 0.632647 0.333781 0.063322 0.107425 0.001501
1 0.662036 0.323811 0.040765 0.094802 0.001501
1 0.712488 0.355350 0.103488 0.149175 0.075858
1 0.719208 0.358001 0.087001 0.143613 0.182426
1 0.721870 0.358797 0.087160 0.145511 0.182426
1 0.721624 0.361821 0.087656 0.135506 0.268941
1 0.598374 0.345904 0.027708 0.083481 0.006693
1 0.614277 0.344133 0.038445 0.090246 0.182426
1 0.616746 0.341614 0.044657 0.098867 0.182426
1 0.621219 0.342085 0.039160 0.098205 0.004070
1 0.716847 0.359484 0.091428 0.145236 0.017986
1 0.719641 0.360395 0.086014 0.137173 0.047426
1 0.720805 0.362581 0.086635 0.132320 0.075858
1 0.721172 0.367320 0.088554 0.126860 0.182426
1 0.193598 0.440497 0.393469 0.492556 0.924142
1 0.192769 0.439207 0.398382 0.492453 0.939913
1 0.196028 0.439913 0.391743 0.491059 0.924142
1 0.196688 0.439192 0.390847 0.492450 0.148047
1 0.194895 0.439614 0.393062 0.493755 0.001170
1 0.194043 0.438847 0.391406 0.494045 0.924142
1 0.193877 0.439094 0.400620 0.491916 0.939913
1 0.197116 0.439246 0.387957 0.492432 0.939913
1 0.196605 0.439749 0.390817 0.493046 0.851953
1 0.195674 0.438111 0.391664 0.495688 0.029312
1 0.195807 0.438188 0.399250 0.494239 0.939913
1 0.197147 0.439302 0.387763 0.493828 0.924142
3 0.613216 0.295980 0.057723 0.134368 0.001501
3 0.603736 0.305147 0.040635 0.145936 0.047426
3 0.616595 0.303101 0.066425 0.142494 0.017986
3 0.622418 0.300379 0.078520 0.142837 0.017986
3 0.629043 0.299301 0.087462 0.142930 0.006693
3 0.596198 0.308828 0.025455 0.138718 0.075858
3 0.615156 0.309922 0.061590 0.144232 0.029312
3 0.627694 0.322211 0.084401 0.119301 0.010987
3 0.637491 0.327246 0.090671 0.103904 0.004070
3 0.571515 0.324319 0.018471 0.054622 0.001501
3 0.587391 0.326829 0.017037 0.066214 0.001501
3 0.593868 0.321744 0.020857 0.106522 0.119203
3 0.610405 0.337484 0.047927 0.097663 0.006693
3 0.614957 0.338660 0.045558 0.096589 0.004070
3 0.638329 0.332818 0.088917 0.109821 0.002473
3 0.554072 0.333147 0.011475 0.023673 0.006693
3 0.568891 0.336461 0.020895 0.030295 0.075858
3 0.575849 0.335108 0.017697 0.033137 0.002473
3 0.594299 0.336334 0.021730 0.076568 0.029312
3 0.616401 0.341161 0.045510 0.093075 0.001501
3 0.399506 0.356727 0.016098 0.041775 0.002473
3 0.400844 0.355457 0.020779 0.044313 0.002473
3 0.569365 0.335925 0.019677 0.026895 0.182426
3 0.575280 0.336510 0.016559 0.030565 0.004070
3 0.594830 0.336541 0.022898 0.071561 0.047426
3 0.615926 0.341866 0.043393 0.094489 0.001501
3 0.399542 0.357880 0.016171 0.043951 0.001501
3 0.593942 0.341329 0.022871 0.067645 0.010987
3 0.616704 0.341826 0.047810 0.094687 0.001501
3 0.614277 0.344133 0.038445 0.090246 0.001501
3 0.616746 0.341614 0.044657 0.098867 0.001501
4 0.474822 0.334405 0.013332 0.034388 0.001501
4 0.475937 0.335351 0.013643 0.032528 0.001501
4 0.399506 0.356727 0.016098 0.041775 0.001501
4 0.400844 0.355457 0.020779 0.044313 0.001501
4 0.474821 0.335462 0.012879 0.032347 0.002473
4 0.476115 0.334318 0.013287 0.030112 0.006693
4 0.494972 0.334536 0.007010 0.034201 0.002473
4 0.720442 0.357379 0.087542 0.147612 0.001501
4 0.400058 0.356720 0.019220 0.041784 0.002473
4 0.406007 0.352848 0.030506 0.044738 0.002473
4 0.009923 0.509605 0.016824 0.233194 0.001501
5 0.610405 0.337484 0.047927 0.097663 0.002473
5 0.614957 0.338660 0.045558 0.096589 0.004070
5 0.638329 0.332818 0.088917 0.109821 0.001501
5 0.474822 0.334405 0.013332 0.034388 0.075858
5 0.475937 0.335351 0.013643 0.032528 0.268941
5 0.494292 0.334428 0.005664 0.034276 0.010987
5 0.616401 0.341161 0.045510 0.093075 0.002473
5 0.617759 0.337204 0.049173 0.103361 0.002473
5 0.399506 0.356727 0.016098 0.041775 0.002473
5 0.400844 0.355457 0.020779 0.044313 0.002473
5 0.474821 0.335462 0.012879 0.032347 0.047426
5 0.476115 0.334318 0.013287 0.030112 0.377541
5 0.494972 0.334536 0.007010 0.034201 0.010987
5 0.594830 0.336541 0.022898 0.071561 0.002473
5 0.617274 0.340110 0.047044 0.097977 0.004070
5 0.716331 0.354543 0.095838 0.153337 0.006693
5 0.721220 0.355171 0.088592 0.149553 0.004070
5 0.720442 0.357379 0.087542 0.147612 0.006693
5 0.399542 0.357880 0.016171 0.043951 0.004070
5 0.400058 0.356720 0.019220 0.041784 0.004070
5 0.593942 0.341329 0.022871 0.067645 0.002473
5 0.618186 0.341652 0.047364 0.095009 0.002473
5 0.632647 0.333781 0.063322 0.107425 0.001501
5 0.662036 0.323811 0.040765 0.094802 0.001501
5 0.712488 0.355350 0.103488 0.149175 0.010987
5 0.719208 0.358001 0.087001 0.143613 0.017986
5 0.721870 0.358797 0.087160 0.145511 0.006693
5 0.721624 0.361821 0.087656 0.135506 0.010987
5 0.621219 0.342085 0.039160 0.098205 0.001501
5 0.632907 0.350282 0.050710 0.147210 0.002473
5 0.716847 0.359484 0.091428 0.145236 0.017986
5 0.719641 0.360395 0.086014 0.137173 0.006693
5 0.720805 0.362581 0.086635 0.132320 0.006693
5 0.721172 0.367320 0.088554 0.126860 0.010987
5 0.647586 0.372777 0.076471 0.193246 0.001501
5 0.647263 0.369903 0.076635 0.200891 0.001501
5 0.720393 0.369304 0.087550 0.119436 0.002473
5 0.720065 0.371514 0.088261 0.115381 0.001501
5 0.725018 0.376890 0.078157 0.103925 0.001501
5 0.641456 0.377404 0.066118 0.184130 0.004070
