0 0.055501 0.330729 0.017101 0.046891 0.017986
0 0.155220 0.320143 0.011550 0.036513 0.001501
0 0.055527 0.338462 0.022242 0.057083 0.006693
1 0.591778 0.306663 0.074663 0.123227 0.001501
1 0.383654 0.321364 0.032819 0.040562 0.377541
1 0.383744 0.321249 0.032551 0.040316 0.377541
1 0.384741 0.321247 0.033857 0.040324 0.500000
1 0.423671 0.324187 0.044352 0.059996 0.817575
1 0.423690 0.324183 0.044299 0.059969 0.731059
1 0.424010 0.322915 0.042205 0.057415 0.817575
1 0.548444 0.304713 0.019163 0.048143 0.001501
1 0.652410 0.312119 0.027290 0.031939 0.004070
1 0.656793 0.309021 0.019533 0.034822 0.010987
1 0.013729 0.367596 0.027617 0.173639 0.004070
1 0.023894 0.363474 0.047736 0.164764 0.004070
1 0.034077 0.361217 0.067946 0.133975 0.006693
1 0.115507 0.323205 0.064106 0.037510 0.001501
1 0.137392 0.323424 0.032511 0.033935 0.002473
1 0.383640 0.321355 0.032772 0.040305 0.377541
1 0.384512 0.321334 0.034072 0.040041 0.817575
1 0.384570 0.321476 0.033955 0.039763 0.731059
1 0.423281 0.324181 0.043528 0.059984 0.731059
1 0.423327 0.324195 0.043572 0.059963 0.817575
1 0.423291 0.324180 0.043480 0.059979 0.731059
1 0.424109 0.325319 0.042272 0.057728 0.377541
1 0.492160 0.348363 0.140705 0.164796 0.817575
1 0.491452 0.348392 0.139078 0.168449 0.817575
1 0.550612 0.317180 0.020733 0.066890 0.001501
1 0.648489 0.318882 0.030846 0.030039 0.004070
1 0.656256 0.314759 0.020918 0.027665 0.017986
1 0.014134 0.365442 0.028352 0.175293 0.500000
1 0.034273 0.367599 0.068462 0.170768 0.377541
1 0.034934 0.371184 0.069942 0.127839 0.377541
1 0.035624 0.374582 0.067548 0.107937 0.047426
1 0.071659 0.365065 0.044412 0.061646 0.001501
1 0.079362 0.365385 0.028845 0.055302 0.001501
1 0.378756 0.323372 0.024620 0.044124 0.006693
1 0.384611 0.322726 0.034013 0.042815 0.004070
1 0.384305 0.323037 0.034513 0.042685 0.001501
1 0.424350 0.325328 0.042965 0.057724 0.731059
1 0.424298 0.325327 0.042799 0.057698 0.731059
1 0.423222 0.325330 0.043338 0.057683 0.817575
1 0.492508 0.348250 0.143221 0.164635 0.924142
1 0.492423 0.348374 0.143211 0.168415 0.880797
1 0.491704 0.349286 0.141610 0.166691 0.880797
1 0.492434 0.349257 0.143214 0.166648 0.924142
1 0.013544 0.364910 0.027112 0.176427 0.622459
1 0.031165 0.364848 0.059246 0.176401 0.268941
1 0.035014 0.374500 0.070039 0.120642 0.377541
1 0.035709 0.380444 0.068662 0.108180 0.268941
1 0.036926 0.376576 0.066055 0.105462 0.119203
1 0.078410 0.370401 0.032700 0.051038 0.004070
1 0.079324 0.371461 0.030090 0.048729 0.002473
1 0.492549 0.349200 0.143138 0.166762 0.924142
1 0.491307 0.350396 0.142402 0.164448 0.880797
1 0.493012 0.349299 0.142055 0.166703 0.952574
1 0.492210 0.349236 0.140604 0.166843 0.952574
1 0.013376 0.365263 0.026775 0.176122 0.622459
1 0.013902 0.364951 0.027786 0.176063 0.268941
1 0.034780 0.371626 0.069574 0.131010 0.268941
1 0.035780 0.380030 0.068674 0.104485 0.268941
1 0.037102 0.380007 0.066036 0.100504 0.182426
1 0.077759 0.370208 0.035623 0.046554 0.002473
1 0.013989 0.366447 0.028002 0.178764 0.731059
1 0.013490 0.365951 0.026961 0.179467 0.377541
1 0.034152 0.376090 0.070660 0.116656 0.119203
1 0.035579 0.379267 0.069073 0.100915 0.182426
1 0.039407 0.382314 0.061513 0.091784 0.182426
1 0.014143 0.365906 0.025263 0.175120 0.622459
1 0.014401 0.363441 0.028779 0.184538 0.500000
1 0.035088 0.378275 0.067795 0.137738 0.017986
1 0.037970 0.385882 0.064145 0.094947 0.047426
1 0.044781 0.387802 0.049414 0.086721 0.004070
1 0.014055 0.373892 0.028170 0.164410 0.002473
1 0.014205 0.371574 0.028431 0.168664 0.001501
1 0.029899 0.382666 0.059995 0.149105 0.004070
1 0.243214 0.374833 0.266713 0.239838 0.924142
1 0.244426 0.374918 0.270216 0.239668 0.924142
1 0.243100 0.377357 0.267094 0.239913 0.924142
1 0.245419 0.375921 0.268555 0.237478 0.002473
1 0.242394 0.375013 0.265345 0.239561 0.904651
1 0.244678 0.375024 0.269675 0.239615 0.939913
1 0.243340 0.376282 0.266542 0.242154 0.924142
1 0.245288 0.373734 0.268541 0.242088 0.939913
1 0.242372 0.375123 0.265177 0.239681 0.904651
1 0.244367 0.375082 0.270294 0.239626 0.939913
1 0.243459 0.373932 0.266389 0.237438 0.924142
2 0.591778 0.306663 0.074663 0.123227 0.004070
2 0.590664 0.307713 0.074604 0.120955 0.002473
2 0.591525 0.307810 0.072883 0.121004 0.002473
2 0.592063 0.307829 0.073906 0.121026 0.001501
2 0.591584 0.307826 0.074869 0.121046 0.002473
2 0.591767 0.310022 0.074497 0.120196 0.001501
2 0.591631 0.310001 0.074769 0.120154 0.002473
3 0.180582 0.283028 0.085618 0.103772 0.002473
3 0.181882 0.282194 0.083603 0.102576 0.004070
3 0.181749 0.282218 0.085359 0.102590 0.004070
3 0.191512 0.281095 0.107320 0.105388 0.006693
3 0.211963 0.279923 0.130292 0.108486 0.002473
3 0.547809 0.278022 0.029824 0.081880 0.001501
3 0.170616 0.284216 0.101764 0.106788 0.001501
3 0.179762 0.283973 0.087754 0.105687 0.002473
3 0.181094 0.282255 0.085658 0.102903 0.002473
3 0.180147 0.282386 0.086123 0.102318 0.004070
3 0.184670 0.281364 0.099447 0.105188 0.002473
3 0.028072 0.314881 0.053048 0.252865 0.001501
3 0.176228 0.282747 0.091054 0.101901 0.001501
3 0.179215 0.282249 0.087907 0.107774 0.002473
3 0.181490 0.282465 0.092189 0.107947 0.004070
3 0.591778 0.306663 0.074663 0.123227 0.817575
3 0.591454 0.307709 0.073023 0.120963 0.817575
3 0.590664 0.307713 0.074604 0.120955 0.500000
3 0.031177 0.339577 0.062514 0.143616 0.002473
3 0.591919 0.306479 0.072135 0.123438 0.377541
3 0.591525 0.307810 0.072883 0.121004 0.731059
3 0.592063 0.307829 0.073906 0.121026 0.731059
3 0.591584 0.307826 0.074869 0.121046 0.880797
3 0.591503 0.309119 0.073392 0.118414 0.010987
3 0.591213 0.309115 0.073498 0.118396 0.817575
3 0.591767 0.310022 0.074497 0.120196 0.731059
3 0.591631 0.310001 0.074769 0.120154 0.880797
3 0.591718 0.310503 0.074658 0.115547 0.047426
3 0.590784 0.311394 0.074357 0.117408 0.002473
3 0.014143 0.365906 0.025263 0.175120 0.006693
3 0.014401 0.363441 0.028779 0.184538 0.001501
3 0.035285 0.286736 0.072905 0.357458 0.001927
3 0.035826 0.310523 0.073639 0.327985 0.002473
3 0.243214 0.374833 0.266713 0.239838 0.001501
4 0.071659 0.365065 0.044412 0.061646 0.002473
4 0.079362 0.365385 0.028845 0.055302 0.004070
4 0.085431 0.363216 0.024275 0.063236 0.002473
4 0.078410 0.370401 0.032700 0.051038 0.017986
4 0.079324 0.371461 0.030090 0.048729 0.047426
4 0.085642 0.371355 0.023485 0.049136 0.017986
4 0.077759 0.370208 0.035623 0.046554 0.047426
4 0.079472 0.371428 0.029768 0.048922 0.075858
4 0.086772 0.371896 0.020791 0.042891 0.029312
4 0.097031 0.372319 0.036690 0.052793 0.004070
4 0.083663 0.377607 0.022665 0.069890 0.002473
5 0.071659 0.365065 0.044412 0.061646 0.001501
5 0.079362 0.365385 0.028845 0.055302 0.001501
5 0.085431 0.363216 0.024275 0.063236 0.001501
5 0.078410 0.370401 0.032700 0.051038 0.001501
5 0.077759 0.370208 0.035623 0.046554 0.004070
5 0.079472 0.371428 0.029768 0.048922 0.001501
