0 0.315163 0.339855 0.019780 0.096688 0.004070
0 0.315947 0.340345 0.018264 0.097577 0.047426
0 0.314880 0.344341 0.020347 0.105535 0.004070
0 0.315815 0.343008 0.018451 0.102784 0.010987
0 0.314873 0.346644 0.020313 0.105173 0.006693
0 0.316588 0.346217 0.019997 0.104130 0.006693
0 0.578393 0.365941 0.012771 0.049728 0.001501
0 0.314897 0.346327 0.020296 0.104268 0.006693
0 0.316687 0.345066 0.019728 0.101929 0.004070
0 0.577650 0.374917 0.008422 0.036657 0.119203
0 0.314547 0.347244 0.021284 0.105869 0.001501
0 0.316987 0.344126 0.019279 0.104948 0.006693
0 0.578418 0.375887 0.006858 0.030305 0.119203
0 0.978381 0.421886 0.043161 0.466771 0.017986
0 0.979286 0.404445 0.041626 0.494033 0.006693
0 0.976330 0.408013 0.047846 0.381038 0.004070
0 0.978526 0.415279 0.039884 0.447653 0.268941
0 0.979582 0.395074 0.041000 0.483290 0.268941
0 0.977466 0.414701 0.045331 0.423885 0.029312
0 0.979624 0.404904 0.040761 0.470815 0.500000
0 0.980350 0.392190 0.039379 0.486889 0.500000
0 0.977261 0.414205 0.045577 0.441875 0.047426
0 0.979705 0.408002 0.040628 0.460721 0.500000
0 0.980406 0.403237 0.039216 0.474058 0.622459
0 0.979778 0.411536 0.040575 0.446928 0.010987
0 0.980394 0.406149 0.039251 0.459563 0.377541
0 0.981189 0.405026 0.037669 0.465241 0.377541
0 0.981151 0.414315 0.037711 0.453783 0.268941
0 0.981202 0.413857 0.037679 0.450953 0.119203
0 0.981213 0.422577 0.037557 0.440668 0.001501
0 0.982020 0.424037 0.036068 0.437834 0.001501
0 0.771155 0.412264 0.148662 0.440645 0.001170
0 0.771172 0.410079 0.151463 0.440079 0.001501
0 0.975806 0.373139 0.050558 0.539381 0.005220
0 0.771939 0.412291 0.149988 0.440623 0.001501
0 0.976419 0.384477 0.048380 0.518209 0.119203
0 0.771968 0.410312 0.150020 0.445038 0.001927
0 0.976895 0.382613 0.047613 0.522967 0.095349
1 0.691296 0.361022 0.042519 0.126122 0.002473
1 0.692551 0.359055 0.040292 0.128836 0.001501
1 0.658716 0.372259 0.032933 0.064719 0.377541
1 0.658242 0.372964 0.030448 0.066066 0.622459
1 0.659083 0.373933 0.031871 0.065354 0.622459
1 0.686293 0.377845 0.041882 0.093848 0.002473
1 0.689405 0.380876 0.043245 0.094250 0.268941
1 0.492971 0.364685 0.014099 0.016021 0.075858
1 0.561747 0.377962 0.014044 0.035890 0.029312
1 0.565703 0.378115 0.012882 0.030255 0.075858
1 0.577650 0.374917 0.008422 0.036657 0.001501
1 0.601128 0.374168 0.019455 0.026869 0.017986
1 0.605621 0.376555 0.019638 0.028922 0.622459
1 0.632639 0.373933 0.015825 0.030010 0.002473
1 0.657859 0.373020 0.031211 0.065308 0.182426
1 0.659130 0.373250 0.031782 0.066479 0.731059
1 0.658974 0.373762 0.032086 0.064982 0.622459
1 0.689862 0.381669 0.042539 0.094024 0.622459
1 0.689566 0.383388 0.042826 0.090508 0.622459
1 0.690365 0.383640 0.044691 0.091166 0.622459
1 0.493357 0.377368 0.016585 0.045427 0.001501
1 0.562393 0.379169 0.014185 0.028374 0.268941
1 0.564179 0.380013 0.015877 0.031683 0.182426
1 0.603175 0.375848 0.020770 0.026898 0.029312
1 0.604579 0.375049 0.018971 0.028381 0.622459
1 0.632147 0.376292 0.014597 0.029536 0.010987
1 0.658570 0.372881 0.032633 0.064852 0.182426
1 0.658970 0.373914 0.032067 0.065158 0.622459
1 0.658748 0.373128 0.032553 0.065959 0.622459
1 0.689722 0.381009 0.042689 0.096019 0.622459
1 0.690293 0.381961 0.044544 0.091465 0.622459
1 0.690543 0.383215 0.044331 0.089698 0.500000
1 0.701630 0.383513 0.065721 0.098117 0.001501
1 0.657849 0.374144 0.031183 0.067557 0.047426
1 0.659043 0.373533 0.032042 0.066664 0.182426
1 0.659995 0.373855 0.033247 0.066791 0.182426
1 0.689458 0.382056 0.042875 0.092122 0.622459
1 0.689660 0.381647 0.042735 0.091664 0.622459
1 0.690543 0.383012 0.044330 0.089388 0.622459
1 0.979582 0.395074 0.041000 0.483290 0.001501
1 0.683457 0.386796 0.036569 0.102143 0.006693
1 0.689368 0.382359 0.042701 0.097122 0.047426
1 0.769745 0.413258 0.148856 0.438871 0.004070
1 0.771155 0.412264 0.148662 0.440645 0.010987
1 0.771172 0.410079 0.151463 0.440079 0.075858
1 0.770491 0.414342 0.147409 0.436611 0.003173
1 0.771901 0.413301 0.150063 0.438663 0.005220
1 0.771939 0.412291 0.149988 0.440623 0.037327
1 0.771107 0.414128 0.148760 0.441574 0.006693
1 0.772622 0.412887 0.151572 0.443794 0.008577
1 0.771968 0.410312 0.150020 0.445038 0.037327
3 0.693134 0.347154 0.042890 0.113632 0.001501
3 0.695998 0.342871 0.033336 0.102898 0.004070
3 0.687655 0.361978 0.047212 0.113579 0.002473
3 0.691296 0.361022 0.042519 0.126122 0.017986
3 0.692551 0.359055 0.040292 0.128836 0.006693
3 0.528411 0.360854 0.056859 0.101944 0.731059
3 0.528303 0.360831 0.056641 0.102022 0.817575
3 0.529189 0.360832 0.055306 0.102005 0.817575
3 0.658716 0.372259 0.032933 0.064719 0.004070
3 0.492971 0.364685 0.014099 0.016021 0.002473
3 0.528537 0.360677 0.057311 0.102334 0.817575
3 0.528300 0.360839 0.056646 0.106529 0.817575
3 0.528298 0.361963 0.056651 0.104255 0.731059
3 0.528297 0.359704 0.056660 0.104175 0.817575
3 0.565703 0.378115 0.012882 0.030255 0.002473
3 0.657859 0.373020 0.031211 0.065308 0.001501
3 0.527633 0.361934 0.058406 0.104279 0.731059
3 0.528470 0.360809 0.057016 0.102048 0.731059
3 0.529198 0.360742 0.055609 0.102106 0.880797
3 0.562393 0.379169 0.014185 0.028374 0.001501
3 0.770491 0.414342 0.147409 0.436611 0.001170
3 0.771901 0.413301 0.150063 0.438663 0.001501
3 0.771939 0.412291 0.149988 0.440623 0.001501
3 0.771107 0.414128 0.148760 0.441574 0.001927
3 0.772622 0.412887 0.151572 0.443794 0.001927
3 0.771968 0.410312 0.150020 0.445038 0.003173
4 0.061676 0.359420 0.023434 0.095777 0.006693
4 0.062545 0.358578 0.021999 0.099738 0.006693
4 0.063254 0.360677 0.023551 0.094929 0.017986
4 0.063322 0.360166 0.023550 0.095937 0.017986
4 0.063268 0.361431 0.023525 0.093930 0.010987
4 0.063218 0.360979 0.020654 0.094835 0.017986
4 0.063274 0.365294 0.023535 0.083954 0.006693
4 0.063952 0.364998 0.022194 0.084539 0.006693
4 0.062514 0.370843 0.022032 0.075860 0.002473
4 0.062548 0.371165 0.021994 0.075259 0.002473
4 0.982834 0.462278 0.034360 0.355882 0.001501
4 0.983101 0.483421 0.033829 0.313722 0.001501
4 0.983829 0.494497 0.032389 0.292362 0.002473
4 0.985668 0.510818 0.028692 0.265404 0.001501
4 0.771107 0.414128 0.148760 0.441574 0.001170
4 0.771968 0.410312 0.150020 0.445038 0.001501
5 0.061676 0.359420 0.023434 0.095777 0.002473
5 0.062545 0.358578 0.021999 0.099738 0.004070
5 0.063254 0.360677 0.023551 0.094929 0.001501
5 0.063322 0.360166 0.023550 0.095937 0.002473
5 0.578418 0.375887 0.006858 0.030305 0.001501
5 0.769745 0.413258 0.148856 0.438871 0.320821
5 0.771155 0.412264 0.148662 0.440645 0.377541
5 0.771172 0.410079 0.151463 0.440079 0.268941
5 0.771596 0.415183 0.153320 0.435551 0.148047
5 0.770491 0.414342 0.147409 0.436611 0.377541
5 0.771901 0.413301 0.150063 0.438663 0.437824
5 0.771939 0.412291 0.149988 0.440623 0.437824
5 0.771107 0.414128 0.148760 0.441574 0.500000
5 0.772622 0.412887 0.151572 0.443794 0.500000
5 0.771968 0.410312 0.150020 0.445038 0.562177
