0 0.844496 0.243911 0.020283 0.081116 0.002473
0 0.840562 0.245754 0.026096 0.086214 0.001501
0 0.844404 0.243790 0.019936 0.084825 0.002473
0 0.847668 0.244132 0.022097 0.088228 0.001501
0 0.844971 0.243688 0.018294 0.085008 0.002473
0 0.565437 0.304691 0.037547 0.063362 0.004070
0 0.577543 0.303740 0.014163 0.060961 0.006693
0 0.696791 0.305629 0.015613 0.086550 0.001501
0 0.844391 0.245927 0.017307 0.087363 0.002473
0 0.393758 0.314741 0.004668 0.027327 0.004070
0 0.554529 0.313517 0.042579 0.049689 0.002473
0 0.579000 0.307222 0.011235 0.052734 0.006693
0 0.697744 0.310940 0.014824 0.086949 0.002473
0 0.394306 0.318091 0.005687 0.020881 0.029312
0 0.555348 0.313551 0.041837 0.049436 0.010987
0 0.577750 0.308899 0.011570 0.055429 0.006693
0 0.696613 0.315077 0.015184 0.083198 0.002473
0 0.696020 0.316958 0.014008 0.074650 0.001501
1 0.476495 0.311520 0.015942 0.022093 0.004070
1 0.478069 0.311519 0.015829 0.022041 0.268941
1 0.492876 0.310120 0.014477 0.018068 0.017986
1 0.521744 0.307823 0.012773 0.019181 0.006693
1 0.546440 0.312276 0.032299 0.036449 0.010987
1 0.549619 0.314885 0.036007 0.046634 0.622459
1 0.550119 0.313610 0.036117 0.049117 0.731059
1 0.554529 0.313517 0.042579 0.049689 0.017986
1 0.350616 0.320387 0.016822 0.021035 0.001501
1 0.377392 0.319242 0.024096 0.018680 0.004070
1 0.377917 0.319238 0.022758 0.018632 0.006693
1 0.399511 0.318331 0.015439 0.016818 0.017986
1 0.477408 0.312475 0.014443 0.022121 0.075858
1 0.549546 0.316368 0.037044 0.043788 0.029312
1 0.549777 0.314905 0.036145 0.046568 0.622459
1 0.550241 0.314885 0.036361 0.046574 0.731059
1 0.555348 0.313551 0.041837 0.049436 0.010987
2 0.969747 0.321676 0.060631 0.330711 0.001501
2 0.492876 0.310120 0.014477 0.018068 0.004070
2 0.521744 0.307823 0.012773 0.019181 0.002473
3 0.549702 0.306759 0.035486 0.062936 0.004070
3 0.549489 0.307717 0.035360 0.060927 0.004070
3 0.476495 0.311520 0.015942 0.022093 0.002473
3 0.478069 0.311519 0.015829 0.022041 0.075858
3 0.492876 0.310120 0.014477 0.018068 0.010987
3 0.521744 0.307823 0.012773 0.019181 0.004070
3 0.546440 0.312276 0.032299 0.036449 0.002473
3 0.549619 0.314885 0.036007 0.046634 0.004070
3 0.550119 0.313610 0.036117 0.049117 0.010987
3 0.554529 0.313517 0.042579 0.049689 0.001501
3 0.477408 0.312475 0.014443 0.022121 0.006693
3 0.550241 0.314885 0.036361 0.046574 0.001501
4 0.006351 0.371850 0.012736 0.079787 0.002473
4 0.624589 0.325787 0.026013 0.057931 0.001501
4 0.008028 0.378152 0.016110 0.070784 0.001501
4 0.017493 0.379912 0.028255 0.068378 0.001501
4 0.027256 0.381374 0.020750 0.060403 0.002473
4 0.931991 0.433887 0.142842 0.300209 0.004070
4 0.929292 0.432292 0.146268 0.307616 0.004070
4 0.927793 0.431535 0.144899 0.315910 0.010987
4 0.935763 0.438135 0.143684 0.269110 0.017986
4 0.932033 0.444981 0.142900 0.290464 0.017986
4 0.929390 0.444868 0.145341 0.298710 0.010987
4 0.928386 0.444847 0.147071 0.294168 0.010987
4 0.929071 0.440475 0.142801 0.309840 0.017986
4 0.932214 0.451400 0.143258 0.294062 0.017986
4 0.929526 0.450547 0.145629 0.287825 0.010987
4 0.928587 0.448619 0.146392 0.298808 0.010987
5 0.549489 0.307717 0.035360 0.060927 0.004070
5 0.549619 0.314885 0.036007 0.046634 0.004070
5 0.550119 0.313610 0.036117 0.049117 0.002473
5 0.554529 0.313517 0.042579 0.049689 0.010987
5 0.549777 0.314905 0.036145 0.046568 0.002473
5 0.550241 0.314885 0.036361 0.046574 0.002473
5 0.555348 0.313551 0.041837 0.049436 0.017986
5 0.931991 0.433887 0.142842 0.300209 0.119203
5 0.929292 0.432292 0.146268 0.307616 0.119203
5 0.927793 0.431535 0.144899 0.315910 0.047426
5 0.935763 0.438135 0.143684 0.269110 0.029312
5 0.932033 0.444981 0.142900 0.290464 0.075858
5 0.929390 0.444868 0.145341 0.298710 0.047426
5 0.928386 0.444847 0.147071 0.294168 0.029312
5 0.929071 0.440475 0.142801 0.309840 0.010987
5 0.932214 0.451400 0.143258 0.294062 0.017986
5 0.929526 0.450547 0.145629 0.287825 0.010987
5 0.928587 0.448619 0.146392 0.298808 0.006693
5 0.930985 0.392863 0.138152 0.377357 0.001501
5 0.930825 0.415307 0.139253 0.340412 0.001501
