0 0.817148 0.258688 0.023739 0.096162 0.004070
0 0.819129 0.259083 0.021670 0.091884 0.377541
0 0.822912 0.260173 0.024737 0.094187 0.119203
0 0.686712 0.304043 0.020442 0.149892 0.017986
0 0.687683 0.304438 0.022038 0.150578 0.004070
0 0.731587 0.306721 0.017887 0.158374 0.006693
0 0.774530 0.307097 0.012765 0.140298 0.004070
0 0.776513 0.293471 0.014101 0.112781 0.004070
0 0.816162 0.262227 0.021750 0.102458 0.006693
0 0.818489 0.262779 0.021805 0.099237 0.377541
0 0.821527 0.262868 0.024640 0.099065 0.119203
0 0.685462 0.310328 0.021088 0.162796 0.029312
0 0.687798 0.309828 0.022420 0.166630 0.029312
0 0.732834 0.295418 0.012642 0.110773 0.006693
0 0.774140 0.301018 0.011997 0.125534 0.006693
0 0.776259 0.296584 0.014634 0.118086 0.002473
0 0.817857 0.262815 0.020518 0.099263 0.377541
0 0.822214 0.263058 0.025465 0.099247 0.075858
0 0.841011 0.274787 0.015507 0.061838 0.001501
0 0.669504 0.283364 0.011078 0.038628 0.002473
0 0.687456 0.311011 0.021942 0.169182 0.268941
0 0.686808 0.312725 0.020687 0.172671 0.182426
0 0.732822 0.295319 0.012672 0.084225 0.006693
0 0.773477 0.300633 0.011451 0.126531 0.004070
0 0.776296 0.295267 0.012946 0.117559 0.001501
0 0.818112 0.264200 0.021997 0.101810 0.377541
0 0.824583 0.263894 0.030701 0.097437 0.010987
0 0.839428 0.283243 0.015501 0.048606 0.002473
0 0.297651 0.317666 0.010822 0.042709 0.002473
0 0.606247 0.322218 0.006757 0.051509 0.029312
0 0.687484 0.314738 0.021971 0.176463 0.500000
0 0.687462 0.315838 0.022030 0.178985 0.622459
0 0.734487 0.302751 0.015947 0.071234 0.004070
0 0.817608 0.273911 0.023918 0.121129 0.002473
0 0.818596 0.263059 0.023072 0.099527 0.377541
0 0.823621 0.266862 0.028722 0.096603 0.006693
0 0.837740 0.287712 0.016737 0.050088 0.002473
0 0.243723 0.330254 0.006823 0.019705 0.001501
0 0.267131 0.327784 0.006279 0.021275 0.001501
0 0.297597 0.327460 0.010693 0.025781 0.004070
0 0.607473 0.322942 0.007018 0.048326 0.047426
0 0.630014 0.324597 0.007043 0.034158 0.006693
0 0.686038 0.320046 0.022141 0.182653 0.622459
0 0.687472 0.319921 0.021999 0.182333 0.731059
0 0.713685 0.314720 0.044509 0.261837 0.268941
0 0.712585 0.315968 0.041691 0.258116 0.731059
0 0.731090 0.314120 0.013190 0.073090 0.002473
0 0.818954 0.295740 0.023969 0.169462 0.017986
0 0.821836 0.295526 0.029696 0.166461 0.002473
0 0.957756 0.334945 0.012565 0.054872 0.001501
0 0.606791 0.324060 0.005653 0.051013 0.029312
0 0.630709 0.325980 0.005665 0.037556 0.002473
0 0.687481 0.317574 0.021981 0.188098 0.500000
0 0.687483 0.317731 0.021982 0.187786 0.731059
0 0.713050 0.316748 0.043048 0.259284 0.622459
0 0.712594 0.316563 0.043821 0.258889 0.731059
0 0.819950 0.301568 0.027439 0.184871 0.006693
0 0.823032 0.304108 0.033642 0.194784 0.006693
0 0.604540 0.333249 0.010245 0.078245 0.001501
0 0.685496 0.322735 0.021052 0.187710 0.500000
0 0.686050 0.319397 0.022138 0.188998 0.622459
0 0.713304 0.320037 0.045242 0.260050 0.731059
0 0.711855 0.317957 0.045135 0.261145 0.817575
0 0.713781 0.318450 0.044594 0.260938 0.377541
0 0.819123 0.304316 0.027661 0.180492 0.001501
0 0.820774 0.304868 0.029527 0.193016 0.004070
0 0.823947 0.323043 0.036192 0.232050 0.004070
0 0.686035 0.322512 0.022138 0.188184 0.268941
0 0.686728 0.315571 0.023533 0.197010 0.377541
0 0.712542 0.320078 0.043993 0.259943 0.622459
0 0.711772 0.320095 0.045051 0.259863 0.817575
0 0.712609 0.320844 0.044099 0.261103 0.010987
0 0.818916 0.309064 0.028355 0.194939 0.004070
0 0.822441 0.318739 0.033609 0.217708 0.002473
0 0.824199 0.343203 0.037814 0.269356 0.001501
0 0.012523 0.354434 0.025041 0.111725 0.001501
0 0.684730 0.323632 0.022564 0.181094 0.017986
0 0.713114 0.316576 0.043040 0.265615 0.500000
0 0.712449 0.316107 0.043304 0.268165 0.731059
0 0.824246 0.345621 0.039654 0.277826 0.002473
0 0.712426 0.319553 0.039780 0.261373 0.017986
0 0.824520 0.338681 0.042333 0.297188 0.001501
1 0.009709 0.334684 0.019467 0.165195 0.002473
1 0.011711 0.347901 0.023452 0.124488 0.004070
1 0.011752 0.346013 0.023510 0.128898 0.017986
1 0.518175 0.336026 0.171997 0.156137 0.880797
1 0.518611 0.336009 0.171140 0.156103 0.924142
1 0.734487 0.302751 0.015947 0.071234 0.001501
1 0.012479 0.348150 0.025044 0.123033 0.119203
1 0.011747 0.347139 0.023520 0.127214 0.075858
1 0.051591 0.330612 0.026893 0.027104 0.004070
1 0.053666 0.331691 0.021593 0.029458 0.004070
1 0.148144 0.338390 0.072273 0.057208 0.377541
1 0.149292 0.338000 0.070518 0.060680 0.817575
1 0.148753 0.337998 0.069423 0.060724 0.880797
1 0.148750 0.338902 0.069418 0.062531 0.731059
1 0.353220 0.334877 0.096661 0.096211 0.880797
1 0.352813 0.334893 0.097456 0.096180 0.924142
1 0.353196 0.335329 0.096719 0.097116 0.924142
1 0.408456 0.333256 0.031397 0.042470 0.002473
1 0.410931 0.333328 0.025051 0.041715 0.731059
1 0.411741 0.333335 0.023524 0.041720 0.817575
1 0.443486 0.320355 0.021977 0.029170 0.006693
1 0.447369 0.323233 0.030836 0.038290 0.002473
1 0.518477 0.335417 0.173294 0.157348 0.924142
1 0.518339 0.337339 0.172999 0.158656 0.880797
1 0.518044 0.336680 0.172111 0.159975 0.952574
1 0.517412 0.336083 0.171101 0.156040 0.952574
1 0.012463 0.349273 0.025065 0.120602 0.047426
1 0.011729 0.348411 0.026581 0.122244 0.010987
1 0.053266 0.335648 0.026321 0.033383 0.001501
1 0.057757 0.339747 0.016541 0.034295 0.002473
1 0.149290 0.337994 0.070517 0.060772 0.817575
1 0.148763 0.338474 0.069458 0.057147 0.817575
1 0.149443 0.338476 0.068089 0.057151 0.880797
1 0.148766 0.337975 0.069449 0.060743 0.880797
1 0.353446 0.333360 0.096193 0.096681 0.880797
1 0.352797 0.334008 0.097508 0.097954 0.924142
1 0.353197 0.334009 0.096716 0.098019 0.924142
1 0.352160 0.333336 0.095682 0.096836 0.182426
1 0.407971 0.335701 0.031579 0.047135 0.002473
1 0.410938 0.333334 0.025048 0.041701 0.731059
1 0.411753 0.335874 0.023497 0.041742 0.817575
1 0.444753 0.330270 0.024584 0.050013 0.002473
1 0.517970 0.336062 0.172707 0.156105 0.924142
1 0.518364 0.336048 0.173057 0.156137 0.880797
1 0.518039 0.336047 0.172112 0.156141 0.952574
1 0.518014 0.336087 0.172059 0.156056 0.952574
1 0.012478 0.348018 0.025032 0.120856 0.047426
1 0.012503 0.350286 0.025028 0.118887 0.010987
1 0.149308 0.338028 0.070499 0.060769 0.029312
1 0.148773 0.338022 0.069453 0.060743 0.880797
1 0.148767 0.338026 0.069417 0.060741 0.924142
1 0.353221 0.333967 0.096666 0.098001 0.924142
1 0.353185 0.333968 0.096710 0.097997 0.924142
1 0.353223 0.333310 0.096675 0.096683 0.952574
1 0.012491 0.351194 0.025009 0.114067 0.017986
1 0.010972 0.350374 0.025022 0.115712 0.017986
1 0.013284 0.356496 0.023520 0.107489 0.075858
1 0.012523 0.354434 0.025041 0.111725 0.075858
3 0.008956 0.319785 0.018001 0.208304 0.001501
3 0.014564 0.319573 0.029007 0.199646 0.001501
3 0.009709 0.334684 0.019467 0.165195 0.002473
3 0.011876 0.330719 0.023615 0.168737 0.001501
3 0.109228 0.315281 0.087647 0.094080 0.731059
3 0.109038 0.315270 0.085063 0.094107 0.731059
3 0.109121 0.316544 0.085107 0.091558 0.731059
3 0.116430 0.309242 0.076737 0.082713 0.001501
3 0.141447 0.309276 0.050259 0.067898 0.004070
3 0.104602 0.316019 0.078383 0.095616 0.731059
3 0.108543 0.315227 0.086285 0.094023 0.817575
3 0.108294 0.315195 0.083503 0.094075 0.880797
3 0.108288 0.316928 0.083525 0.092417 0.817575
3 0.106935 0.315262 0.083387 0.094617 0.004070
3 0.135992 0.321000 0.073723 0.088941 0.001501
3 0.148050 0.327812 0.068147 0.075934 0.001501
3 0.150033 0.329697 0.065135 0.069151 0.004070
3 0.108535 0.315211 0.086249 0.093949 0.731059
3 0.108278 0.313448 0.083535 0.094944 0.817575
3 0.108395 0.314561 0.083712 0.092893 0.731059
4 0.012523 0.354434 0.025041 0.111725 0.002473
5 0.011711 0.347901 0.023452 0.124488 0.004070
5 0.011752 0.346013 0.023510 0.128898 0.006693
5 0.012479 0.348150 0.025044 0.123033 0.377541
5 0.011747 0.347139 0.023520 0.127214 0.622459
5 0.012463 0.349273 0.025065 0.120602 0.500000
5 0.011729 0.348411 0.026581 0.122244 0.731059
5 0.057757 0.339747 0.016541 0.034295 0.006693
5 0.012478 0.348018 0.025032 0.120856 0.622459
5 0.012503 0.350286 0.025028 0.118887 0.731059
5 0.012491 0.351194 0.025009 0.114067 0.731059
5 0.010972 0.350374 0.025022 0.115712 0.731059
5 0.013284 0.356496 0.023520 0.107489 0.268941
5 0.012523 0.354434 0.025041 0.111725 0.377541
