1 0.290979 0.320937 0.098941 0.082485 0.817575
1 0.290975 0.320928 0.098959 0.082506 0.880797
1 0.290322 0.320973 0.097640 0.084328 0.924142
1 0.532734 0.317222 0.026887 0.032279 0.006693
1 0.538324 0.312328 0.034532 0.041905 0.002473
1 0.290967 0.320497 0.098947 0.083380 0.731059
1 0.291359 0.320499 0.098143 0.083374 0.817575
1 0.291509 0.320978 0.100004 0.082522 0.924142
1 0.291508 0.320976 0.100012 0.082528 0.924142
1 0.341035 0.322816 0.024184 0.040185 0.010987
1 0.345124 0.326972 0.015631 0.029125 0.182426
1 0.420214 0.320292 0.009689 0.020998 0.377541
1 0.488988 0.316247 0.016212 0.021055 0.119203
1 0.489295 0.317177 0.015643 0.019106 0.622459
1 0.512034 0.315794 0.013468 0.016234 0.047426
1 0.513196 0.315190 0.012297 0.018629 0.268941
1 0.531800 0.319769 0.025647 0.032285 0.880797
1 0.531905 0.320234 0.024880 0.031391 0.622459
1 0.549246 0.317746 0.015268 0.021614 0.004070
1 0.290960 0.320498 0.098931 0.083311 0.924142
1 0.291378 0.320952 0.098151 0.082405 0.952574
1 0.290998 0.320994 0.098926 0.082398 0.952574
1 0.345040 0.330109 0.015768 0.030511 0.002473
1 0.061726 0.350269 0.126565 0.393238 0.924142
1 0.062482 0.350562 0.125065 0.392346 0.880797
1 0.062490 0.349997 0.125041 0.393605 0.880797
1 0.063950 0.349543 0.127943 0.398728 0.952574
1 0.062473 0.349357 0.125062 0.395451 0.952574
1 0.062490 0.349652 0.125030 0.394370 0.924142
1 0.062492 0.349111 0.125036 0.396596 0.924142
1 0.063251 0.349442 0.123488 0.398404 0.924142
1 0.062490 0.350585 0.125030 0.396087 0.924142
1 0.062507 0.350655 0.128060 0.396382 0.924142
2 0.292562 0.294952 0.083188 0.032460 0.001501
2 0.445541 0.302338 0.049316 0.081335 0.001501
2 0.540954 0.303690 0.035007 0.048082 0.002473
2 0.541014 0.305011 0.035143 0.050832 0.002473
2 0.514343 0.311886 0.013385 0.022846 0.004070
2 0.538324 0.312328 0.034532 0.041905 0.075858
2 0.542542 0.309698 0.029345 0.042010 0.119203
2 0.290967 0.320497 0.098947 0.083380 0.010987
2 0.420214 0.320292 0.009689 0.020998 0.001501
2 0.513196 0.315190 0.012297 0.018629 0.002473
2 0.549246 0.317746 0.015268 0.021614 0.010987
3 0.395218 0.307658 0.037628 0.056625 0.001501
3 0.445541 0.302338 0.049316 0.081335 0.817575
3 0.446123 0.302399 0.048179 0.081654 0.880797
3 0.445985 0.302327 0.050004 0.081145 0.880797
3 0.395977 0.312467 0.036206 0.041832 0.731059
3 0.395976 0.313737 0.038857 0.044321 0.731059
3 0.395989 0.312491 0.036149 0.046827 0.817575
3 0.420761 0.312271 0.009101 0.032373 0.006693
3 0.446533 0.302084 0.048944 0.080633 0.731059
3 0.445992 0.302083 0.049983 0.080633 0.817575
3 0.446148 0.302334 0.048127 0.081135 0.817575
3 0.445612 0.301959 0.049260 0.081172 0.622459
3 0.489223 0.313557 0.015959 0.026250 0.001501
3 0.514343 0.311886 0.013385 0.022846 0.002473
3 0.538324 0.312328 0.034532 0.041905 0.004070
3 0.542542 0.309698 0.029345 0.042010 0.010987
3 0.345124 0.326972 0.015631 0.029125 0.002473
3 0.396655 0.312469 0.037595 0.046924 0.817575
3 0.395978 0.313772 0.036139 0.044297 0.731059
3 0.396689 0.312431 0.037508 0.041852 0.817575
3 0.420214 0.320292 0.009689 0.020998 0.029312
3 0.447148 0.302678 0.047619 0.080348 0.817575
3 0.446525 0.302056 0.048918 0.080402 0.731059
3 0.446140 0.302292 0.048107 0.081045 0.880797
3 0.489295 0.317177 0.015643 0.019106 0.002473
3 0.512034 0.315794 0.013468 0.016234 0.001501
3 0.513196 0.315190 0.012297 0.018629 0.006693
3 0.549246 0.317746 0.015268 0.021614 0.010987
4 0.345124 0.326972 0.015631 0.029125 0.001501
5 0.341035 0.322816 0.024184 0.040185 0.001501
5 0.345124 0.326972 0.015631 0.029125 0.047426
5 0.144411 0.346601 0.008193 0.034104 0.002473
5 0.345040 0.330109 0.015768 0.030511 0.004070
