0 0.268157 0.299361 0.021556 0.107554 0.004070
0 0.510239 0.304151 0.026328 0.127686 0.622459
0 0.510280 0.303585 0.023716 0.128882 0.500000
0 0.425698 0.303850 0.021167 0.057564 0.002473
0 0.434713 0.303096 0.013684 0.051399 0.017986
0 0.436895 0.302530 0.014906 0.054032 0.004070
0 0.510278 0.303566 0.023658 0.126297 0.731059
0 0.509739 0.303080 0.022629 0.127302 0.731059
0 0.765192 0.311404 0.022487 0.072705 0.002473
0 0.770286 0.311165 0.012583 0.075709 0.268941
0 0.032802 0.343157 0.015948 0.095009 0.002473
0 0.168072 0.317313 0.008101 0.051985 0.010987
0 0.421254 0.312278 0.011829 0.036842 0.010987
0 0.434762 0.306363 0.013905 0.048519 0.010987
0 0.436909 0.306214 0.016765 0.048802 0.002473
0 0.509593 0.303510 0.025002 0.126691 0.622459
0 0.509741 0.303183 0.022598 0.127376 0.817575
0 0.765727 0.316165 0.021956 0.062458 0.010987
0 0.770216 0.314041 0.015525 0.070509 0.268941
0 0.782927 0.320070 0.015220 0.049449 0.002473
0 0.788610 0.320618 0.011480 0.045129 0.004070
0 0.034773 0.348741 0.013859 0.082962 0.119203
0 0.107717 0.317269 0.009806 0.045714 0.001501
0 0.169505 0.324572 0.011037 0.048889 0.002473
0 0.420209 0.316123 0.009694 0.034502 0.010987
0 0.433505 0.310490 0.014497 0.051174 0.010987
0 0.437862 0.310379 0.018682 0.046430 0.001501
0 0.510274 0.303806 0.023648 0.128458 0.731059
0 0.510272 0.303868 0.023694 0.128619 0.731059
0 0.765702 0.317808 0.021897 0.059034 0.010987
0 0.770185 0.315048 0.015595 0.064963 0.268941
0 0.786372 0.324726 0.013339 0.036433 0.006693
0 0.787458 0.323115 0.013345 0.038521 0.004070
0 0.821503 0.325431 0.010095 0.039035 0.002473
0 0.035316 0.350525 0.012775 0.090438 0.182426
0 0.037664 0.348369 0.016808 0.079707 0.004070
0 0.509591 0.303813 0.025001 0.128489 0.622459
0 0.509602 0.304186 0.025032 0.128026 0.731059
0 0.765175 0.316298 0.019754 0.062608 0.006693
0 0.770188 0.316188 0.015508 0.062741 0.268941
0 0.781652 0.324082 0.015459 0.047029 0.006693
0 0.787715 0.324837 0.015129 0.042987 0.002473
0 0.023136 0.348950 0.019506 0.088486 0.002473
0 0.035126 0.351134 0.010794 0.094410 0.182426
0 0.036767 0.350659 0.015893 0.090716 0.010987
0 0.510260 0.302571 0.023680 0.131741 0.029312
0 0.509614 0.303770 0.025087 0.132923 0.001501
0 0.994504 0.361401 0.011037 0.183394 0.004070
0 0.035095 0.351716 0.010751 0.093453 0.182426
0 0.037641 0.351581 0.015267 0.094014 0.006693
0 0.995175 0.370850 0.009694 0.217198 0.006693
0 0.994364 0.376166 0.011320 0.227456 0.010987
0 0.993630 0.374199 0.012806 0.248962 0.004070
0 0.992826 0.383861 0.011374 0.243009 0.001501
1 0.298782 0.319681 0.038493 0.092921 0.622459
1 0.299054 0.319359 0.037793 0.092133 0.731059
1 0.328861 0.308256 0.033022 0.055324 0.001501
1 0.434713 0.303096 0.013684 0.051399 0.001501
1 0.297031 0.320035 0.042280 0.093407 0.377541
1 0.298859 0.320116 0.039055 0.093241 0.500000
1 0.298984 0.321161 0.038636 0.091152 0.622459
1 0.329782 0.311846 0.034593 0.056318 0.622459
1 0.330567 0.310926 0.033068 0.054504 0.731059
1 0.330478 0.311372 0.036005 0.057222 0.817575
1 0.358492 0.306178 0.014073 0.029806 0.002473
1 0.407246 0.312093 0.011563 0.031992 0.001501
1 0.421254 0.312278 0.011829 0.036842 0.004070
1 0.434762 0.306363 0.013905 0.048519 0.004070
1 0.993748 0.313088 0.012519 0.033905 0.010987
1 0.007042 0.339128 0.014129 0.080615 0.001501
1 0.025398 0.346081 0.035800 0.085155 0.004070
1 0.048636 0.324944 0.034016 0.030880 0.004070
1 0.298081 0.319594 0.040633 0.092838 0.500000
1 0.298891 0.321758 0.038993 0.092181 0.500000
1 0.298838 0.321865 0.038921 0.092371 0.622459
1 0.329788 0.311777 0.034590 0.056364 0.731059
1 0.330016 0.311810 0.032001 0.056321 0.817575
1 0.329808 0.311332 0.034625 0.057287 0.817575
1 0.408778 0.317759 0.011830 0.026191 0.017986
1 0.433505 0.310490 0.014497 0.051174 0.001501
1 0.786372 0.324726 0.013339 0.036433 0.002473
1 0.993747 0.319919 0.012534 0.043898 0.029312
1 0.298279 0.318759 0.040491 0.096340 0.500000
1 0.298538 0.321202 0.039995 0.091063 0.622459
1 0.992969 0.356907 0.011048 0.127179 0.006693
1 0.298023 0.323225 0.041482 0.094212 0.182426
1 0.298676 0.321311 0.039461 0.094235 0.119203
1 0.301370 0.325533 0.037996 0.095610 0.002473
1 0.994504 0.361401 0.011037 0.183394 0.002473
3 0.299054 0.319359 0.037793 0.092133 0.002473
3 0.384706 0.306692 0.036484 0.066678 0.817575
3 0.382803 0.307332 0.037533 0.067957 0.817575
3 0.382801 0.307358 0.037500 0.067969 0.817575
3 0.873284 0.309526 0.093498 0.188916 0.817575
3 0.873297 0.309526 0.093490 0.188917 0.817575
3 0.358492 0.306178 0.014073 0.029806 0.002473
3 0.383466 0.307336 0.038879 0.067967 0.731059
3 0.383470 0.305415 0.038866 0.069132 0.817575
3 0.384153 0.307802 0.037515 0.064358 0.880797
3 0.874262 0.309087 0.095454 0.183467 0.731059
3 0.874007 0.309930 0.092220 0.185276 0.731059
3 0.873325 0.308654 0.093585 0.184366 0.880797
3 0.873214 0.310279 0.093390 0.187658 0.817575
3 0.383488 0.306678 0.036214 0.066648 0.817575
3 0.382799 0.308465 0.037510 0.065643 0.731059
3 0.384149 0.306683 0.037518 0.066602 0.880797
3 0.874264 0.309810 0.095459 0.185996 0.731059
3 0.873330 0.310369 0.093576 0.187530 0.817575
3 0.873993 0.309705 0.092268 0.186203 0.880797
3 0.873600 0.309679 0.094236 0.188901 0.924142
3 0.298279 0.318759 0.040491 0.096340 0.001501
3 0.298023 0.323225 0.041482 0.094212 0.004070
3 0.298676 0.321311 0.039461 0.094235 0.002473
4 0.420209 0.316123 0.009694 0.034502 0.002473
4 0.433505 0.310490 0.014497 0.051174 0.006693
4 0.437862 0.310379 0.018682 0.046430 0.004070
4 0.770185 0.315048 0.015595 0.064963 0.001501
4 0.786372 0.324726 0.013339 0.036433 0.001501
4 0.024926 0.350250 0.031122 0.090774 0.001501
4 0.168730 0.327563 0.012702 0.048223 0.001501
5 0.269169 0.304671 0.074991 0.100501 0.001501
5 0.279716 0.312706 0.064258 0.104162 0.002473
5 0.434713 0.303096 0.013684 0.051399 0.001501
5 0.421254 0.312278 0.011829 0.036842 0.006693
5 0.434762 0.306363 0.013905 0.048519 0.010987
5 0.436909 0.306214 0.016765 0.048802 0.004070
5 0.765727 0.316165 0.021956 0.062458 0.004070
5 0.770216 0.314041 0.015525 0.070509 0.010987
5 0.782927 0.320070 0.015220 0.049449 0.004070
5 0.207754 0.330364 0.018649 0.042484 0.002473
5 0.420209 0.316123 0.009694 0.034502 0.017986
5 0.433505 0.310490 0.014497 0.051174 0.047426
5 0.437862 0.310379 0.018682 0.046430 0.017986
5 0.765702 0.317808 0.021897 0.059034 0.006693
5 0.770185 0.315048 0.015595 0.064963 0.075858
5 0.786372 0.324726 0.013339 0.036433 0.029312
5 0.024926 0.350250 0.031122 0.090774 0.004070
5 0.257432 0.347793 0.068008 0.184865 0.731059
5 0.257080 0.346535 0.067301 0.181928 0.622459
5 0.256404 0.348416 0.068693 0.183374 0.622459
5 0.765175 0.316298 0.019754 0.062608 0.001501
5 0.770188 0.316188 0.015508 0.062741 0.119203
5 0.781652 0.324082 0.015459 0.047029 0.010987
5 0.023136 0.348950 0.019506 0.088486 0.002473
5 0.257657 0.345245 0.068424 0.184534 0.731059
5 0.257017 0.345259 0.067148 0.184582 0.622459
5 0.256516 0.345873 0.068875 0.183364 0.622459
5 0.257056 0.350261 0.070118 0.173820 0.622459
5 0.298023 0.323225 0.041482 0.094212 0.004070
5 0.256527 0.346779 0.068860 0.186596 0.731059
5 0.256533 0.345430 0.068901 0.184150 0.622459
5 0.256964 0.346798 0.069772 0.181463 0.731059
5 0.257553 0.347906 0.068355 0.179261 0.001501
