0 0.588346 0.323014 0.013809 0.034389 0.004070
1 0.710969 0.303915 0.081763 0.102955 0.006693
1 0.715275 0.301228 0.079589 0.097563 0.004070
1 0.729209 0.302780 0.096327 0.100759 0.006693
1 0.739597 0.306307 0.113719 0.113810 0.006693
1 0.740463 0.308028 0.113324 0.117455 0.017986
1 0.740531 0.304546 0.110561 0.109947 0.006693
1 0.694004 0.308454 0.092173 0.096633 0.622459
1 0.697688 0.306697 0.099364 0.100201 0.500000
1 0.700207 0.304662 0.104128 0.104530 0.377541
1 0.707928 0.309202 0.095160 0.109691 0.017986
1 0.737012 0.310756 0.100624 0.117292 0.029312
1 0.741533 0.311880 0.109489 0.120820 0.047426
1 0.742725 0.310768 0.108477 0.122401 0.119203
1 0.741725 0.308663 0.110089 0.118046 0.047426
1 0.021275 0.342015 0.042513 0.155313 0.001501
1 0.562479 0.327814 0.039196 0.052697 0.119203
1 0.562251 0.329083 0.039737 0.055227 0.268941
1 0.690423 0.312150 0.084356 0.094109 0.500000
1 0.692688 0.309654 0.091553 0.098805 0.500000
1 0.695828 0.308074 0.095111 0.101886 0.622459
1 0.697148 0.305337 0.097817 0.107633 0.622459
1 0.733980 0.324952 0.082567 0.090381 0.119203
1 0.742484 0.315746 0.100638 0.113346 0.182426
1 0.743258 0.309767 0.103068 0.120697 0.268941
1 0.740615 0.311404 0.099763 0.121055 0.029312
1 0.812448 0.322880 0.116051 0.150959 0.880797
1 0.814160 0.321606 0.118413 0.148452 0.817575
1 0.813261 0.320472 0.120410 0.150721 0.817575
1 0.912248 0.321403 0.088177 0.204275 0.622459
1 0.912167 0.322112 0.088288 0.205080 0.731059
1 0.911747 0.321280 0.087941 0.203985 0.731059
1 0.006739 0.361593 0.013496 0.101382 0.029312
1 0.012855 0.356920 0.022606 0.112121 0.004070
1 0.332071 0.345743 0.060913 0.048848 0.500000
1 0.332057 0.345288 0.060946 0.049764 0.622459
1 0.332017 0.345283 0.060946 0.049748 0.029312
1 0.409906 0.324843 0.019868 0.030339 0.017986
1 0.422555 0.326565 0.014719 0.023245 0.047426
1 0.436570 0.320786 0.030866 0.034783 0.004070
1 0.442753 0.318929 0.020310 0.038519 0.047426
1 0.459166 0.326144 0.010431 0.014690 0.001501
1 0.467953 0.326889 0.011054 0.012933 0.377541
1 0.478277 0.322905 0.007177 0.015814 0.004070
1 0.490289 0.321774 0.009981 0.013557 0.002473
1 0.519292 0.322919 0.005662 0.015802 0.002473
1 0.532251 0.326126 0.020301 0.032381 0.817575
1 0.562325 0.328561 0.040131 0.051323 0.500000
1 0.562687 0.329393 0.039673 0.054680 0.880797
1 0.562187 0.328237 0.039760 0.051869 0.817575
1 0.562542 0.328125 0.039326 0.052124 0.622459
1 0.588346 0.323014 0.013809 0.034389 0.017986
1 0.652909 0.326611 0.037776 0.037771 0.002473
1 0.689205 0.310851 0.081688 0.092007 0.029312
1 0.692823 0.309684 0.088905 0.098726 0.500000
1 0.693714 0.307297 0.090673 0.098919 0.500000
1 0.696857 0.307128 0.096256 0.100758 0.622459
1 0.728776 0.328819 0.072009 0.082683 0.500000
1 0.728769 0.330203 0.072389 0.084409 0.182426
1 0.731217 0.326162 0.076274 0.088023 0.119203
1 0.739415 0.318961 0.093230 0.106954 0.182426
1 0.740040 0.328281 0.087879 0.088326 0.006693
1 0.812524 0.320466 0.115317 0.150809 0.880797
1 0.813092 0.320497 0.117841 0.150769 0.880797
1 0.813731 0.320497 0.119293 0.150769 0.880797
1 0.813208 0.320506 0.120183 0.150837 0.817575
1 0.912103 0.321805 0.090781 0.203979 0.731059
1 0.911543 0.322201 0.089540 0.205209 0.731059
1 0.911581 0.322613 0.089474 0.206049 0.817575
1 0.911407 0.322559 0.088809 0.205932 0.731059
1 0.005607 0.361619 0.011231 0.103973 0.075858
1 0.012706 0.360556 0.022440 0.108857 0.004070
1 0.097333 0.375442 0.186476 0.183608 0.880797
1 0.096093 0.375709 0.186054 0.184123 0.817575
1 0.096043 0.374508 0.188879 0.183833 0.924142
1 0.256177 0.356582 0.106524 0.088323 0.006693
1 0.255699 0.356565 0.105572 0.088220 0.817575
1 0.255661 0.356553 0.105494 0.088246 0.880797
1 0.255276 0.355285 0.104698 0.090774 0.924142
1 0.331237 0.345348 0.062530 0.049631 0.880797
1 0.331265 0.345361 0.062490 0.049651 0.880797
1 0.332010 0.345770 0.060977 0.048835 0.880797
1 0.332019 0.345791 0.060968 0.048779 0.880797
1 0.331311 0.345333 0.062406 0.049719 0.075858
1 0.532822 0.326986 0.021429 0.034291 0.002473
1 0.562323 0.328269 0.040129 0.051910 0.500000
1 0.562474 0.328251 0.039182 0.051867 0.817575
1 0.562458 0.328203 0.039216 0.051949 0.880797
1 0.562812 0.328316 0.039866 0.051719 0.622459
1 0.688560 0.309757 0.083259 0.094109 0.377541
1 0.690848 0.309670 0.084952 0.094381 0.500000
1 0.727943 0.328939 0.070720 0.082459 0.500000
1 0.727227 0.330157 0.069242 0.080017 0.182426
1 0.729782 0.329352 0.073305 0.086154 0.119203
1 0.736500 0.328707 0.087166 0.087502 0.075858
1 0.753122 0.330582 0.055999 0.079032 0.002473
1 0.813119 0.321696 0.116517 0.153422 0.880797
1 0.813419 0.322868 0.117069 0.151052 0.880797
1 0.813224 0.321730 0.120472 0.153325 0.880797
1 0.911445 0.323856 0.089781 0.208486 0.817575
1 0.911452 0.322726 0.089756 0.206141 0.817575
1 0.911285 0.323398 0.089010 0.204747 0.817575
1 0.004063 0.366491 0.011200 0.096238 0.182426
1 0.011886 0.362683 0.023874 0.100696 0.006693
1 0.096609 0.375247 0.185062 0.183215 0.924142
1 0.097314 0.376244 0.186545 0.182576 0.880797
1 0.096543 0.375709 0.185039 0.184120 0.924142
1 0.095342 0.375682 0.187443 0.184177 0.924142
1 0.255685 0.355472 0.105448 0.086004 0.880797
1 0.255706 0.355450 0.105560 0.085927 0.880797
1 0.255301 0.354175 0.104723 0.088481 0.924142
1 0.255810 0.355446 0.103615 0.085937 0.924142
1 0.330475 0.345876 0.061008 0.048658 0.075858
1 0.331280 0.345379 0.062494 0.049639 0.817575
1 0.330495 0.345807 0.060947 0.048785 0.817575
1 0.332695 0.345804 0.059617 0.048782 0.880797
1 0.332079 0.345500 0.060870 0.049458 0.075858
1 0.724851 0.332648 0.064100 0.084892 0.002473
1 0.727370 0.330730 0.069086 0.083508 0.268941
1 0.729620 0.330885 0.072578 0.083209 0.002473
1 0.736097 0.334500 0.082799 0.076048 0.006693
1 0.993650 0.366116 0.012758 0.110522 0.001501
1 0.004823 0.369446 0.009654 0.096465 0.182426
1 0.011903 0.364619 0.023883 0.103241 0.004070
1 0.096068 0.377214 0.186146 0.181143 0.004070
1 0.097300 0.377219 0.188596 0.181156 0.880797
1 0.096009 0.376237 0.186119 0.182634 0.952574
1 0.096691 0.376310 0.187478 0.182948 0.970688
1 0.255694 0.355307 0.105522 0.090777 0.924142
1 0.255797 0.355460 0.103467 0.085974 0.924142
1 0.255344 0.356546 0.104565 0.088261 0.880797
1 0.004836 0.372808 0.009689 0.104051 0.119203
1 0.004314 0.385989 0.008659 0.140173 0.017986
2 0.031787 0.326806 0.064052 0.253702 0.002473
2 0.031733 0.322257 0.063512 0.241833 0.002473
2 0.026491 0.325759 0.053085 0.226403 0.002473
2 0.031305 0.325118 0.062576 0.217149 0.004070
2 0.031293 0.320865 0.065804 0.169262 0.001501
2 0.016199 0.340997 0.032487 0.147614 0.001501
2 0.021275 0.342015 0.042513 0.155313 0.002473
2 0.440407 0.318202 0.025229 0.043601 0.002473
2 0.442062 0.318219 0.021691 0.043526 0.001501
3 0.943627 0.258092 0.114053 0.314450 0.001501
3 0.029454 0.313885 0.062167 0.250100 0.001501
3 0.031787 0.326806 0.064052 0.253702 0.004070
3 0.031733 0.322257 0.063512 0.241833 0.002473
3 0.031070 0.318142 0.065356 0.202158 0.001501
3 0.710969 0.303915 0.081763 0.102955 0.002473
3 0.715275 0.301228 0.079589 0.097563 0.004070
3 0.729209 0.302780 0.096327 0.100759 0.006693
3 0.739597 0.306307 0.113719 0.113810 0.004070
3 0.740463 0.308028 0.113324 0.117455 0.004070
3 0.934586 0.306127 0.113968 0.179352 0.001501
3 0.026491 0.325759 0.053085 0.226403 0.002473
3 0.031305 0.325118 0.062576 0.217149 0.004070
3 0.031293 0.320865 0.065804 0.169262 0.001501
3 0.697688 0.306697 0.099364 0.100201 0.002473
3 0.700207 0.304662 0.104128 0.104530 0.010987
3 0.707928 0.309202 0.095160 0.109691 0.017986
3 0.737012 0.310756 0.100624 0.117292 0.047426
3 0.741533 0.311880 0.109489 0.120820 0.029312
3 0.742725 0.310768 0.108477 0.122401 0.029312
3 0.741725 0.308663 0.110089 0.118046 0.004070
3 0.016199 0.340997 0.032487 0.147614 0.002473
3 0.021275 0.342015 0.042513 0.155313 0.002473
3 0.414617 0.319032 0.029371 0.042329 0.002473
3 0.429302 0.318164 0.034481 0.040251 0.017986
3 0.440407 0.318202 0.025229 0.043601 0.075858
3 0.442062 0.318219 0.021691 0.043526 0.500000
3 0.562251 0.329083 0.039737 0.055227 0.001501
3 0.697148 0.305337 0.097817 0.107633 0.002473
3 0.742484 0.315746 0.100638 0.113346 0.004070
3 0.743258 0.309767 0.103068 0.120697 0.017986
3 0.911747 0.321280 0.087941 0.203985 0.002473
3 0.006739 0.361593 0.013496 0.101382 0.006693
3 0.012855 0.356920 0.022606 0.112121 0.001501
3 0.409906 0.324843 0.019868 0.030339 0.010987
3 0.422555 0.326565 0.014719 0.023245 0.006693
3 0.436570 0.320786 0.030866 0.034783 0.010987
3 0.442753 0.318929 0.020310 0.038519 0.622459
3 0.467953 0.326889 0.011054 0.012933 0.004070
3 0.532251 0.326126 0.020301 0.032381 0.001501
3 0.562325 0.328561 0.040131 0.051323 0.004070
3 0.562542 0.328125 0.039326 0.052124 0.001501
3 0.739415 0.318961 0.093230 0.106954 0.001501
3 0.005607 0.361619 0.011231 0.103973 0.004070
3 0.562323 0.328269 0.040129 0.051910 0.001501
3 0.562812 0.328316 0.039866 0.051719 0.001501
3 0.004063 0.366491 0.011200 0.096238 0.002473
3 0.004823 0.369446 0.009654 0.096465 0.001501
4 0.588346 0.323014 0.013809 0.034389 0.004070
4 0.192787 0.364037 0.014612 0.066822 0.004070
4 0.193194 0.365933 0.017048 0.071194 0.006693
4 0.194625 0.367592 0.014585 0.074473 0.001501
5 0.737012 0.310756 0.100624 0.117292 0.004070
5 0.742484 0.315746 0.100638 0.113346 0.001501
5 0.588346 0.323014 0.013809 0.034389 0.001501
5 0.192787 0.364037 0.014612 0.066822 0.002473
5 0.727943 0.328939 0.070720 0.082459 0.001501
5 0.193194 0.365933 0.017048 0.071194 0.004070
5 0.727370 0.330730 0.069086 0.083508 0.001501
5 0.194625 0.367592 0.014585 0.074473 0.002473
