0 0.291036 0.319019 0.010157 0.038891 0.001501
0 0.321403 0.318219 0.007232 0.035468 0.004070
0 0.341869 0.315787 0.005708 0.035115 0.004070
0 0.357858 0.313517 0.006244 0.026052 0.001501
0 0.382866 0.313347 0.006224 0.030226 0.002473
0 0.208634 0.329272 0.007843 0.050324 0.001501
0 0.291581 0.322195 0.011259 0.036094 0.006693
0 0.321405 0.318407 0.007218 0.029978 0.119203
0 0.341099 0.318201 0.007222 0.030411 0.029312
0 0.356791 0.316023 0.005651 0.025031 0.029312
0 0.383633 0.314728 0.007761 0.032167 0.002473
0 0.006912 0.316106 0.013872 0.169790 0.001501
0 0.209683 0.331255 0.008807 0.052445 0.002473
0 0.292312 0.325622 0.009645 0.044042 0.004070
0 0.004054 0.367519 0.011176 0.066311 0.001501
0 0.004047 0.379402 0.011177 0.074079 0.001501
0 0.005485 0.377093 0.011076 0.090416 0.001501
1 0.481257 0.305778 0.012549 0.023170 0.004070
1 0.299427 0.320861 0.026443 0.030696 0.001501
1 0.156249 0.340377 0.044493 0.027898 0.001501
1 0.170711 0.343715 0.019796 0.021042 0.001501
1 0.174048 0.342083 0.024254 0.019421 0.004070
2 0.016334 0.319721 0.032829 0.177633 0.002473
2 0.481257 0.305778 0.012549 0.023170 0.119203
2 0.526095 0.304743 0.019623 0.021202 0.002473
2 0.525842 0.304844 0.020523 0.021400 0.002473
3 0.016334 0.319721 0.032829 0.177633 0.006693
3 0.016588 0.320181 0.033259 0.182449 0.002473
3 0.016047 0.316781 0.032265 0.176747 0.001501
3 0.089379 0.327550 0.096278 0.064109 0.006693
3 0.100580 0.328866 0.069066 0.061335 0.002473
3 0.103257 0.328757 0.061192 0.061127 0.001501
3 0.103798 0.328799 0.059929 0.061332 0.004070
3 0.481257 0.305778 0.012549 0.023170 0.622459
3 0.016434 0.316999 0.032961 0.183918 0.002473
3 0.015765 0.317479 0.031710 0.180520 0.002473
3 0.091832 0.324011 0.100459 0.073499 0.004070
3 0.092733 0.328862 0.088382 0.061489 0.006693
3 0.100630 0.328853 0.069217 0.061041 0.002473
3 0.105337 0.328781 0.059475 0.060923 0.002473
3 0.105185 0.327764 0.057792 0.058594 0.004070
3 0.120773 0.328093 0.087349 0.057933 0.001501
3 0.093545 0.329420 0.082263 0.059963 0.006693
3 0.102440 0.329816 0.061503 0.062147 0.004070
3 0.105223 0.328817 0.056300 0.060660 0.002473
3 0.108045 0.329042 0.060308 0.060082 0.002473
