1 0.286678 0.313338 0.066397 0.054518 0.001501
1 0.289628 0.316129 0.067491 0.054104 0.004070
1 0.289653 0.313671 0.067667 0.057405 0.004070
1 0.346613 0.330943 0.068139 0.059731 0.377541
1 0.346302 0.330049 0.067675 0.057956 0.500000
1 0.027091 0.356086 0.054223 0.097284 0.377541
1 0.212495 0.341294 0.153254 0.140988 0.880797
1 0.210996 0.341301 0.153037 0.140994 0.880797
1 0.210987 0.340032 0.153127 0.143564 0.924142
1 0.289110 0.315583 0.068521 0.057684 0.010987
1 0.289347 0.316703 0.068118 0.055437 0.004070
1 0.288826 0.316874 0.066331 0.055795 0.004070
1 0.289230 0.316538 0.068795 0.055241 0.006693
1 0.291740 0.320288 0.066769 0.053530 0.017986
1 0.346240 0.331187 0.067488 0.059231 0.880797
1 0.346234 0.331008 0.067501 0.059615 0.880797
1 0.345546 0.331011 0.069171 0.059614 0.817575
1 0.346316 0.331020 0.067635 0.059629 0.817575
1 0.444564 0.320256 0.011107 0.021114 0.268941
1 0.452712 0.318104 0.013819 0.020872 0.268941
1 0.466774 0.320235 0.008637 0.010433 0.001501
1 0.484483 0.318940 0.009460 0.012980 0.001501
1 0.504611 0.324993 0.031169 0.038309 0.880797
1 0.505704 0.324983 0.030619 0.038308 0.817575
1 0.504643 0.324272 0.031197 0.039483 0.817575
1 0.529521 0.315418 0.016142 0.022678 0.001501
1 0.624997 0.332061 0.050015 0.044267 0.817575
1 0.624997 0.333333 0.049998 0.046812 0.880797
1 0.624228 0.333331 0.048478 0.046795 0.817575
1 0.624238 0.332056 0.048501 0.044253 0.817575
1 0.858446 0.336125 0.056674 0.032008 0.001501
1 0.022762 0.355836 0.048606 0.104406 0.119203
1 0.027490 0.357450 0.054975 0.095743 0.731059
1 0.027091 0.356190 0.054210 0.097719 0.817575
1 0.027472 0.357356 0.055032 0.095834 0.817575
1 0.211742 0.341325 0.151653 0.141004 0.880797
1 0.210406 0.341324 0.154186 0.141010 0.924142
1 0.211735 0.341184 0.154622 0.145811 0.924142
1 0.211865 0.341313 0.157117 0.141024 0.880797
1 0.289223 0.319611 0.066041 0.056164 0.006693
1 0.290003 0.317671 0.067186 0.057196 0.017986
1 0.290770 0.318879 0.065737 0.054787 0.010987
1 0.346473 0.328890 0.068037 0.064111 0.377541
1 0.346306 0.331247 0.067637 0.059099 0.817575
1 0.345743 0.331057 0.069566 0.059478 0.817575
1 0.346316 0.331064 0.067626 0.059486 0.880797
1 0.346316 0.330239 0.067636 0.057558 0.880797
1 0.505009 0.324432 0.031967 0.039898 0.377541
1 0.505707 0.324586 0.030630 0.040313 0.268941
1 0.505714 0.324400 0.030637 0.039954 0.377541
1 0.624241 0.333307 0.048503 0.046864 0.817575
1 0.624234 0.332057 0.051537 0.044271 0.880797
1 0.624232 0.332043 0.051543 0.044282 0.880797
1 0.624244 0.330914 0.051563 0.046557 0.880797
1 0.778029 0.381484 0.239732 0.211599 0.010987
1 0.777773 0.382089 0.241219 0.209243 0.880797
1 0.778117 0.381860 0.240368 0.212411 0.268941
1 0.862800 0.339915 0.068191 0.032579 0.002473
1 0.862692 0.341757 0.067629 0.040434 0.004070
1 0.891506 0.347104 0.061052 0.043805 0.002473
1 0.013592 0.365183 0.027200 0.135017 0.182426
1 0.027090 0.356317 0.054175 0.097969 0.622459
1 0.027479 0.356143 0.055015 0.097819 0.880797
1 0.027458 0.355209 0.055059 0.099676 0.817575
1 0.211740 0.342458 0.151744 0.143307 0.924142
1 0.211173 0.342456 0.155739 0.143277 0.924142
1 0.211691 0.343723 0.154787 0.140733 0.952574
1 0.777128 0.380986 0.239029 0.207035 0.004070
1 0.778305 0.381804 0.239988 0.208645 0.924142
1 0.777935 0.380824 0.241101 0.210345 0.952574
1 0.777514 0.380893 0.241873 0.210480 0.924142
1 0.889052 0.349832 0.064784 0.052865 0.001501
1 0.012503 0.374684 0.025033 0.174548 0.500000
1 0.026280 0.354908 0.055608 0.103237 0.119203
1 0.027443 0.355306 0.054899 0.099987 0.731059
1 0.026711 0.357357 0.056836 0.096281 0.731059
1 0.777954 0.380806 0.240879 0.210189 0.952574
1 0.777262 0.381413 0.239765 0.211504 0.952574
1 0.777614 0.379670 0.241687 0.212614 0.924142
1 0.013260 0.375430 0.026603 0.183807 0.377541
1 0.013944 0.384285 0.027905 0.170715 0.268941
1 0.027748 0.359439 0.054767 0.097209 0.006693
1 0.014704 0.379605 0.026451 0.180563 0.500000
1 0.013265 0.379155 0.026572 0.175058 0.500000
1 0.013962 0.383617 0.028071 0.171485 0.268941
1 0.013963 0.385363 0.028071 0.170848 0.268941
1 0.776698 0.383154 0.237296 0.213317 0.222700
1 0.779020 0.382730 0.241934 0.214597 0.952574
1 0.777764 0.383279 0.241385 0.213503 0.939913
1 0.778531 0.382480 0.239931 0.210764 0.182426
1 0.780224 0.383360 0.242567 0.210328 0.904651
1 0.777853 0.383325 0.241234 0.210497 0.377541
2 0.405434 0.301438 0.072220 0.079760 0.817575
2 0.405493 0.301899 0.072042 0.078902 0.731059
2 0.405258 0.301563 0.070517 0.079683 0.817575
2 0.286678 0.313338 0.066397 0.054518 0.002473
2 0.289628 0.316129 0.067491 0.054104 0.622459
2 0.288697 0.316725 0.066766 0.055295 0.500000
2 0.289363 0.315293 0.068065 0.056963 0.731059
2 0.289279 0.315281 0.068380 0.056938 0.731059
2 0.289653 0.313671 0.067667 0.057405 0.622459
2 0.405193 0.301962 0.072964 0.078898 0.731059
2 0.404777 0.301938 0.071367 0.078831 0.817575
2 0.405225 0.301556 0.070414 0.079595 0.817575
2 0.405008 0.301510 0.070905 0.079796 0.880797
2 0.443613 0.313431 0.009788 0.034455 0.002473
2 0.515034 0.321296 0.018105 0.041884 0.002473
2 0.529116 0.312398 0.019896 0.028272 0.500000
2 0.289110 0.315583 0.068521 0.057684 0.500000
2 0.289347 0.316703 0.068118 0.055437 0.731059
2 0.288826 0.316874 0.066331 0.055795 0.731059
2 0.289230 0.316538 0.068795 0.055241 0.817575
2 0.291740 0.320288 0.066769 0.053530 0.047426
2 0.405462 0.301536 0.072258 0.079572 0.817575
2 0.404285 0.301545 0.069619 0.079556 0.880797
2 0.405235 0.301191 0.070442 0.077820 0.880797
2 0.444564 0.320256 0.011107 0.021114 0.001501
2 0.529521 0.315418 0.016142 0.022678 0.377541
2 0.289223 0.319611 0.066041 0.056164 0.047426
2 0.290003 0.317671 0.067186 0.057196 0.075858
2 0.290770 0.318879 0.065737 0.054787 0.017986
2 0.026711 0.357357 0.056836 0.096281 0.002473
3 0.289110 0.315583 0.068521 0.057684 0.002473
3 0.291740 0.320288 0.066769 0.053530 0.001501
3 0.444564 0.320256 0.011107 0.021114 0.001501
3 0.452712 0.318104 0.013819 0.020872 0.002473
3 0.529521 0.315418 0.016142 0.022678 0.001501
3 0.289223 0.319611 0.066041 0.056164 0.001501
3 0.013260 0.375430 0.026603 0.183807 0.004070
3 0.014704 0.379605 0.026451 0.180563 0.004070
3 0.013265 0.379155 0.026572 0.175058 0.006693
3 0.013962 0.383617 0.028071 0.171485 0.004070
3 0.013963 0.385363 0.028071 0.170848 0.002473
