0 0.798437 0.238337 0.043596 0.065476 0.001501
0 0.808930 0.241476 0.021545 0.071538 0.006693
0 0.810835 0.241237 0.020633 0.066180 0.006693
0 0.795092 0.248194 0.040991 0.080442 0.001501
0 0.810111 0.247443 0.021252 0.083728 0.004070
0 0.810494 0.241054 0.023484 0.070974 0.006693
0 0.810994 0.243007 0.020302 0.074455 0.001501
0 0.267303 0.317064 0.009664 0.050907 0.002473
0 0.117531 0.330952 0.007005 0.031855 0.002473
0 0.366856 0.317564 0.005698 0.026573 0.002473
0 0.789953 0.363118 0.045478 0.304295 0.006693
0 0.791195 0.360504 0.049128 0.304359 0.731059
0 0.790573 0.361732 0.047590 0.301586 0.622459
0 0.791301 0.360316 0.049527 0.303982 0.880797
0 0.792112 0.360843 0.049477 0.305623 0.731059
0 0.790773 0.359089 0.050440 0.306990 0.731059
0 0.790606 0.360230 0.048090 0.304199 0.817575
0 0.791858 0.358853 0.048950 0.306081 0.731059
0 0.791206 0.359185 0.051271 0.306778 0.731059
0 0.791294 0.359025 0.049443 0.306699 0.817575
0 0.791312 0.360542 0.049464 0.304647 0.622459
1 0.209615 0.320715 0.053194 0.042318 0.001501
1 0.030465 0.346354 0.061015 0.140405 0.731059
1 0.030480 0.348102 0.060957 0.136989 0.817575
1 0.029699 0.346607 0.062495 0.134825 0.924142
1 0.216500 0.324294 0.063885 0.037044 0.622459
1 0.217113 0.324329 0.062630 0.036979 0.377541
1 0.216420 0.323860 0.063948 0.038744 0.377541
1 0.216358 0.324302 0.064224 0.037045 0.500000
1 0.216304 0.323209 0.064489 0.037649 0.268941
1 0.499347 0.333308 0.054510 0.073738 0.880797
1 0.500680 0.334454 0.054472 0.075977 0.817575
1 0.499314 0.333323 0.054460 0.073706 0.880797
1 0.499308 0.333298 0.054470 0.073671 0.880797
1 0.030479 0.346871 0.060966 0.134491 0.817575
1 0.030485 0.346851 0.060959 0.134359 0.880797
1 0.030470 0.346891 0.060961 0.134401 0.880797
1 0.031228 0.346108 0.059471 0.129781 0.001501
1 0.217240 0.324798 0.065560 0.041219 0.075858
1 0.216433 0.325545 0.064051 0.039605 0.047426
1 0.216996 0.325972 0.065872 0.040650 0.075858
1 0.216246 0.325246 0.064596 0.042114 0.119203
1 0.217005 0.327465 0.063163 0.046594 0.017986
1 0.500017 0.333332 0.055835 0.070097 0.817575
1 0.500688 0.333329 0.054453 0.073684 0.817575
1 0.499319 0.333319 0.054448 0.073666 0.880797
1 0.500663 0.333331 0.054466 0.073650 0.924142
1 0.030480 0.346693 0.060985 0.134860 0.817575
1 0.030488 0.347880 0.060955 0.137146 0.880797
1 0.030468 0.348116 0.060986 0.136967 0.924142
1 0.500022 0.333343 0.055863 0.073709 0.817575
1 0.499305 0.333357 0.054472 0.073684 0.924142
1 0.031246 0.346829 0.062477 0.134292 0.880797
2 0.216420 0.323860 0.063948 0.038744 0.002473
2 0.216358 0.324302 0.064224 0.037045 0.002473
2 0.216304 0.323209 0.064489 0.037649 0.001501
3 0.029699 0.346607 0.062495 0.134825 0.001501
3 0.216358 0.324302 0.064224 0.037045 0.002473
3 0.216304 0.323209 0.064489 0.037649 0.004070
5 0.559939 0.330210 0.019943 0.061312 0.010987
5 0.560501 0.330796 0.021158 0.060762 0.017986
5 0.555496 0.331833 0.028181 0.045099 0.001501
5 0.559951 0.333297 0.019912 0.051536 0.622459
5 0.560135 0.333246 0.020260 0.051638 0.500000
5 0.560503 0.334398 0.017956 0.049231 0.731059
5 0.561293 0.334136 0.019504 0.053324 0.500000
5 0.080361 0.357004 0.014524 0.055650 0.001501
