0 0.374982 0.332445 0.028102 0.066194 0.029312
0 0.375134 0.330196 0.024755 0.068360 0.029312
0 0.375744 0.333536 0.026623 0.065293 0.010987
0 0.374851 0.333092 0.025337 0.063169 0.006693
0 0.375754 0.333321 0.026576 0.062672 0.010987
0 0.374925 0.332194 0.028235 0.063202 0.004070
0 0.375740 0.332512 0.026643 0.069200 0.002473
0 0.375691 0.332937 0.026703 0.068335 0.001501
1 0.659353 0.274212 0.072870 0.035491 0.002473
1 0.668526 0.275375 0.081803 0.037972 0.001501
1 0.684693 0.271658 0.121467 0.045411 0.001501
1 0.655718 0.277389 0.062608 0.028835 0.002473
1 0.662215 0.277372 0.068355 0.028768 0.004070
1 0.666360 0.276427 0.080849 0.030657 0.002473
1 0.680623 0.271955 0.109315 0.039578 0.006693
1 0.688182 0.267355 0.134944 0.048903 0.006693
1 0.441016 0.310849 0.021441 0.038559 0.002473
1 0.442030 0.306089 0.019038 0.033965 0.029312
1 0.588393 0.315841 0.021199 0.044937 0.001501
1 0.030471 0.344755 0.061017 0.138147 0.622459
1 0.030468 0.345051 0.060922 0.137764 0.731059
1 0.028998 0.344922 0.061093 0.137781 0.731059
1 0.369441 0.330623 0.042314 0.055813 0.002473
1 0.375744 0.333536 0.026623 0.065293 0.004070
1 0.374851 0.333092 0.025337 0.063169 0.010987
1 0.422289 0.324924 0.013842 0.011755 0.010987
1 0.439381 0.315066 0.021011 0.037128 0.004070
1 0.440921 0.311352 0.018198 0.039289 0.004070
1 0.592585 0.316905 0.032359 0.058623 0.001501
1 0.595134 0.327378 0.024399 0.048187 0.001501
1 0.596505 0.332519 0.026530 0.043892 0.002473
1 0.029800 0.344944 0.059615 0.133611 0.731059
1 0.030472 0.344011 0.060931 0.135402 0.817575
1 0.030467 0.345271 0.060952 0.132984 0.817575
1 0.030541 0.345583 0.058085 0.131659 0.075858
1 0.363875 0.333406 0.053624 0.062941 0.001501
1 0.375754 0.333321 0.026576 0.062672 0.004070
1 0.374925 0.332194 0.028235 0.063202 0.006693
1 0.441029 0.321953 0.021060 0.059069 0.001501
1 0.523821 0.376523 0.191757 0.236867 0.924142
1 0.524263 0.376468 0.195514 0.236885 0.924142
1 0.523422 0.375743 0.199862 0.237982 0.924142
1 0.600594 0.333217 0.027325 0.044761 0.004070
1 0.030466 0.345922 0.060958 0.136142 0.731059
1 0.029805 0.345914 0.059596 0.135927 0.817575
1 0.030457 0.345913 0.060963 0.136221 0.880797
1 0.375691 0.332937 0.026703 0.068335 0.001501
1 0.523633 0.375861 0.191439 0.238172 0.880797
1 0.524978 0.374998 0.196857 0.236426 0.924142
1 0.523522 0.374930 0.196962 0.236278 0.952574
1 0.524208 0.374883 0.195488 0.235957 0.952574
1 0.030464 0.344849 0.060904 0.133213 0.731059
1 0.522953 0.377284 0.192784 0.235013 0.952574
1 0.524299 0.376919 0.195555 0.236044 0.952574
1 0.524273 0.376815 0.195442 0.235824 0.952574
1 0.645545 0.377946 0.060126 0.047571 0.001501
2 0.692495 0.265396 0.137250 0.052731 0.002473
2 0.691363 0.263553 0.141151 0.056363 0.002473
2 0.688182 0.267355 0.134944 0.048903 0.002473
2 0.441016 0.310849 0.021441 0.038559 0.006693
2 0.442030 0.306089 0.019038 0.033965 0.047426
2 0.030471 0.344755 0.061017 0.138147 0.002473
2 0.030468 0.345051 0.060922 0.137764 0.002473
2 0.028998 0.344922 0.061093 0.137781 0.002473
2 0.439381 0.315066 0.021011 0.037128 0.004070
2 0.440921 0.311352 0.018198 0.039289 0.075858
2 0.030472 0.344011 0.060931 0.135402 0.001501
2 0.030467 0.345271 0.060952 0.132984 0.001501
3 0.442030 0.306089 0.019038 0.033965 0.001501
3 0.030471 0.344755 0.061017 0.138147 0.002473
3 0.028998 0.344922 0.061093 0.137781 0.002473
4 0.374982 0.332445 0.028102 0.066194 0.001501
4 0.375744 0.333536 0.026623 0.065293 0.001501
4 0.375754 0.333321 0.026576 0.062672 0.001501
4 0.374925 0.332194 0.028235 0.063202 0.001501
5 0.374982 0.332445 0.028102 0.066194 0.047426
5 0.375134 0.330196 0.024755 0.068360 0.047426
5 0.369441 0.330623 0.042314 0.055813 0.002473
5 0.375744 0.333536 0.026623 0.065293 0.377541
5 0.374851 0.333092 0.025337 0.063169 0.268941
5 0.363875 0.333406 0.053624 0.062941 0.002473
5 0.375754 0.333321 0.026576 0.062672 0.377541
5 0.374925 0.332194 0.028235 0.063202 0.500000
5 0.097587 0.356476 0.010706 0.037104 0.001501
5 0.375740 0.332512 0.026643 0.069200 0.047426
5 0.375691 0.332937 0.026703 0.068335 0.182426
