0 0.802798 0.279163 0.013644 0.100398 0.006693
0 0.005489 0.296826 0.011011 0.107030 0.004070
0 0.022595 0.289305 0.010693 0.083801 0.075858
0 0.023814 0.290295 0.015630 0.080807 0.006693
0 0.170302 0.298828 0.012756 0.088104 0.377541
0 0.174602 0.294507 0.018218 0.084340 0.004070
0 0.446796 0.284121 0.026117 0.055850 0.002473
0 0.449445 0.286929 0.033053 0.061115 0.001501
0 0.802151 0.285626 0.010103 0.087245 0.029312
0 0.023136 0.292042 0.011775 0.089358 0.119203
0 0.024512 0.294506 0.015483 0.089231 0.006693
0 0.110666 0.308198 0.022819 0.066614 0.001501
0 0.170953 0.298985 0.014107 0.088413 0.500000
0 0.449789 0.294225 0.033263 0.041854 0.002473
0 0.458440 0.294230 0.030645 0.042241 0.001501
0 0.799925 0.312667 0.013137 0.103902 0.004070
0 0.801427 0.295446 0.010834 0.067386 0.047426
0 0.022213 0.294355 0.011515 0.094278 0.075858
0 0.170311 0.298528 0.012621 0.087488 0.622459
0 0.174258 0.296423 0.018981 0.084543 0.001501
0 0.450299 0.295518 0.032134 0.039223 0.004070
0 0.461286 0.296853 0.025852 0.036994 0.002473
0 0.799820 0.319926 0.012893 0.122712 0.004070
0 0.801589 0.307307 0.011226 0.094057 0.047426
0 0.022194 0.297892 0.011487 0.086226 0.029312
0 0.171641 0.297258 0.012534 0.089271 0.622459
0 0.173318 0.299210 0.018955 0.089452 0.004070
0 0.800456 0.322518 0.014159 0.131094 0.004070
0 0.801179 0.320979 0.012053 0.127372 0.029312
0 0.170930 0.299453 0.013961 0.093645 0.029312
0 0.801216 0.323395 0.016159 0.138072 0.001501
0 0.802046 0.322561 0.015165 0.134233 0.017986
0 0.801150 0.321574 0.016740 0.137710 0.002473
0 0.802534 0.323855 0.016897 0.136769 0.010987
0 0.803308 0.336891 0.018478 0.113572 0.004070
1 0.437213 0.295379 0.046605 0.039958 0.017986
1 0.437384 0.295363 0.046104 0.039721 0.010987
1 0.445738 0.295373 0.034487 0.039551 0.002473
1 0.010181 0.307408 0.023496 0.088595 0.001501
1 0.123441 0.317424 0.051382 0.065284 0.002473
1 0.434299 0.296379 0.040785 0.037933 0.017986
1 0.437215 0.297588 0.045579 0.039685 0.006693
1 0.445315 0.296384 0.034819 0.037485 0.001501
1 0.450299 0.295518 0.032134 0.039223 0.001501
1 0.626862 0.311232 0.013351 0.020276 0.268941
1 0.662515 0.317295 0.028103 0.041788 0.731059
1 0.663270 0.316195 0.026546 0.039480 0.817575
1 0.706272 0.306733 0.020498 0.043547 0.001501
1 0.100872 0.321310 0.038501 0.030051 0.001501
1 0.126444 0.324004 0.053654 0.071652 0.004070
1 0.626866 0.312497 0.013366 0.021623 0.002473
1 0.663268 0.317360 0.026547 0.041634 0.817575
1 0.663267 0.316238 0.026541 0.039383 0.817575
1 0.706288 0.306630 0.020540 0.043849 0.006693
2 0.030749 0.243277 0.064905 0.114938 0.001501
2 0.569681 0.284326 0.023201 0.055505 0.002473
2 0.570488 0.287191 0.022327 0.055768 0.010987
2 0.571505 0.287189 0.022579 0.050937 0.001501
2 0.706818 0.303621 0.019472 0.045974 0.029312
2 0.571785 0.286785 0.019045 0.051692 0.001501
2 0.706272 0.306733 0.020498 0.043547 0.817575
2 0.708177 0.306024 0.022364 0.044972 0.017986
2 0.706288 0.306630 0.020540 0.043849 0.622459
2 0.707702 0.307284 0.023327 0.042705 0.029312
3 0.071934 0.272231 0.085508 0.123213 0.004070
3 0.074369 0.272302 0.092952 0.123664 0.004070
3 0.082827 0.274545 0.126824 0.127986 0.002473
3 0.073351 0.273702 0.088667 0.126180 0.004070
3 0.076632 0.273723 0.097669 0.126328 0.004070
3 0.075786 0.274952 0.111911 0.124259 0.006693
3 0.569681 0.284326 0.023201 0.055505 0.002473
3 0.570418 0.286380 0.023668 0.057113 0.001501
3 0.069451 0.276489 0.090381 0.127157 0.006693
3 0.079136 0.274323 0.106179 0.127497 0.017986
3 0.082777 0.274757 0.116942 0.124212 0.006693
3 0.085501 0.294676 0.100598 0.084081 0.006693
3 0.570488 0.287191 0.022327 0.055768 0.010987
3 0.571505 0.287189 0.022579 0.050937 0.006693
3 0.604882 0.301553 0.031914 0.043996 0.017986
3 0.605493 0.301967 0.029343 0.043428 0.004070
3 0.605086 0.301936 0.030320 0.043496 0.002473
3 0.123441 0.317424 0.051382 0.065284 0.002473
3 0.571785 0.286785 0.019045 0.051692 0.004070
3 0.576072 0.289226 0.013488 0.052014 0.001501
3 0.604946 0.302910 0.031883 0.040543 0.622459
3 0.605414 0.303629 0.029567 0.040292 0.731059
3 0.606037 0.303221 0.030013 0.041123 0.500000
3 0.626862 0.311232 0.013351 0.020276 0.006693
3 0.706272 0.306733 0.020498 0.043547 0.006693
3 0.604363 0.304222 0.030811 0.039448 0.268941
3 0.604782 0.304183 0.030795 0.039457 0.500000
3 0.606028 0.303055 0.030014 0.041713 0.377541
3 0.706288 0.306630 0.020540 0.043849 0.006693
3 0.707702 0.307284 0.023327 0.042705 0.001501
4 0.437213 0.295379 0.046605 0.039958 0.002473
4 0.437384 0.295363 0.046104 0.039721 0.004070
4 0.445738 0.295373 0.034487 0.039551 0.004070
4 0.449789 0.294225 0.033263 0.041854 0.001501
4 0.129950 0.326182 0.048468 0.069443 0.268941
4 0.131355 0.327429 0.046908 0.066837 0.622459
4 0.131924 0.326625 0.045778 0.064917 0.622459
4 0.434299 0.296379 0.040785 0.037933 0.006693
4 0.437215 0.297588 0.045579 0.039685 0.010987
4 0.445315 0.296384 0.034819 0.037485 0.004070
4 0.450299 0.295518 0.032134 0.039223 0.002473
4 0.461286 0.296853 0.025852 0.036994 0.004070
4 0.475696 0.303606 0.023874 0.034534 0.010987
4 0.126444 0.324004 0.053654 0.071652 0.006693
4 0.130007 0.325301 0.048092 0.067468 0.622459
4 0.131365 0.327485 0.046889 0.066722 0.731059
4 0.131518 0.325303 0.046589 0.067421 0.817575
4 0.480372 0.305744 0.018002 0.037627 0.001501
4 0.127864 0.327751 0.052890 0.066875 0.006693
4 0.130388 0.326226 0.048902 0.069189 0.622459
4 0.130490 0.325335 0.047053 0.067378 0.731059
4 0.130567 0.325340 0.046973 0.067402 0.817575
5 0.437213 0.295379 0.046605 0.039958 0.004070
5 0.437384 0.295363 0.046104 0.039721 0.029312
5 0.445738 0.295373 0.034487 0.039551 0.047426
5 0.449789 0.294225 0.033263 0.041854 0.119203
5 0.458440 0.294230 0.030645 0.042241 0.047426
5 0.474751 0.295287 0.031134 0.048886 0.001501
5 0.123441 0.317424 0.051382 0.065284 0.001501
5 0.129950 0.326182 0.048468 0.069443 0.047426
5 0.131355 0.327429 0.046908 0.066837 0.004070
5 0.131924 0.326625 0.045778 0.064917 0.075858
5 0.434299 0.296379 0.040785 0.037933 0.004070
5 0.437215 0.297588 0.045579 0.039685 0.029312
5 0.445315 0.296384 0.034819 0.037485 0.047426
5 0.450299 0.295518 0.032134 0.039223 0.075858
5 0.461286 0.296853 0.025852 0.036994 0.029312
5 0.475696 0.303606 0.023874 0.034534 0.006693
5 0.126444 0.324004 0.053654 0.071652 0.010987
5 0.130007 0.325301 0.048092 0.067468 0.029312
5 0.131365 0.327485 0.046889 0.066722 0.002473
5 0.131518 0.325303 0.046589 0.067421 0.010987
5 0.526962 0.338995 0.107466 0.253863 0.731059
5 0.528136 0.339859 0.106478 0.252112 0.731059
5 0.127864 0.327751 0.052890 0.066875 0.001501
5 0.130388 0.326226 0.048902 0.069189 0.006693
5 0.130490 0.325335 0.047053 0.067378 0.002473
5 0.130567 0.325340 0.046973 0.067402 0.004070
5 0.528073 0.337196 0.106419 0.252126 0.817575
5 0.526718 0.337008 0.106852 0.252415 0.817575
5 0.527748 0.336039 0.105628 0.249793 0.731059
5 0.527018 0.336378 0.107634 0.249390 0.731059
5 0.527840 0.335208 0.108816 0.246250 0.817575
5 0.526301 0.336005 0.108596 0.249784 0.817575
5 0.527768 0.337530 0.105585 0.246694 0.817575
5 0.525180 0.335871 0.106515 0.244927 0.731059
5 0.527114 0.336112 0.107497 0.244544 0.002473
5 0.527619 0.338045 0.105367 0.245778 0.004070
