0 0.014569 0.311449 0.029245 0.119340 0.004070
0 0.017790 0.297561 0.021504 0.079522 0.006693
0 0.031041 0.286061 0.016692 0.059338 0.006693
0 0.039013 0.290894 0.019333 0.084136 0.002473
0 0.228484 0.292984 0.010221 0.070166 0.075858
0 0.242429 0.295335 0.018268 0.085851 0.377541
0 0.806199 0.311128 0.012729 0.127878 0.029312
0 0.021119 0.321046 0.042434 0.123735 0.017986
0 0.021499 0.321949 0.034448 0.124553 0.017986
0 0.025125 0.321316 0.040379 0.124144 0.006693
0 0.036508 0.303578 0.035615 0.107176 0.001501
0 0.227407 0.293143 0.010702 0.069800 0.047426
0 0.242501 0.294253 0.018135 0.083508 0.500000
0 0.470447 0.297007 0.016904 0.036674 0.001501
0 0.478468 0.296953 0.010156 0.036403 0.017986
0 0.491655 0.296358 0.008804 0.037876 0.006693
0 0.505442 0.297445 0.011296 0.040171 0.017986
0 0.516460 0.298689 0.009239 0.038179 0.001501
0 0.543859 0.298305 0.009748 0.039105 0.002473
0 0.771519 0.317420 0.010134 0.089308 0.001501
0 0.806214 0.316706 0.012617 0.127048 0.119203
0 0.024774 0.328475 0.050109 0.134554 0.002473
0 0.228470 0.296303 0.010199 0.078345 0.047426
0 0.242528 0.294184 0.018113 0.083442 0.500000
0 0.472654 0.299095 0.017361 0.032115 0.004070
0 0.477648 0.299283 0.011785 0.036165 0.047426
0 0.496747 0.300929 0.010727 0.036631 0.010987
0 0.504649 0.302003 0.012789 0.030862 0.075858
0 0.518034 0.303045 0.008232 0.032726 0.010987
0 0.531174 0.304555 0.009905 0.025912 0.001501
0 0.543845 0.302747 0.006981 0.036275 0.006693
0 0.552064 0.304928 0.015143 0.031842 0.006693
0 0.583139 0.305844 0.005683 0.023268 0.017986
0 0.770734 0.317775 0.008558 0.081403 0.006693
0 0.806951 0.313810 0.014170 0.116938 0.182426
0 0.232578 0.298371 0.012445 0.085592 0.017986
0 0.243043 0.294057 0.017035 0.078685 0.500000
0 0.410941 0.312626 0.016141 0.046794 0.001501
0 0.556932 0.312896 0.008102 0.025038 0.002473
0 0.770729 0.321317 0.008579 0.074525 0.004070
0 0.806952 0.312117 0.014166 0.117322 0.119203
0 0.243103 0.305797 0.017169 0.087745 0.010987
0 0.770732 0.323960 0.008602 0.076647 0.001501
0 0.799097 0.331865 0.029153 0.146997 0.004070
0 0.806073 0.315506 0.015923 0.120101 0.047426
0 0.772217 0.328496 0.011523 0.088912 0.004070
0 0.799264 0.328640 0.029474 0.157353 0.010987
0 0.799814 0.329965 0.025385 0.152399 0.047426
0 0.797886 0.327661 0.029177 0.155992 0.010987
0 0.797857 0.328866 0.029341 0.157879 0.047426
0 0.797786 0.330989 0.029687 0.167949 0.001501
1 0.014569 0.311449 0.029245 0.119340 0.002473
1 0.021119 0.321046 0.042434 0.123735 0.002473
1 0.174569 0.297826 0.053945 0.059837 0.001501
1 0.176325 0.305616 0.056911 0.065028 0.002473
1 0.171481 0.310142 0.060233 0.031023 0.002473
1 0.174731 0.310105 0.065663 0.036315 0.010987
1 0.181011 0.319800 0.066327 0.054120 0.010987
1 0.191127 0.323945 0.051383 0.055116 0.075858
1 0.192217 0.322859 0.048969 0.052923 0.047426
1 0.192040 0.321966 0.049038 0.051109 0.010987
1 0.472654 0.299095 0.017361 0.032115 0.002473
1 0.660462 0.310879 0.015859 0.025331 0.002473
1 0.662773 0.312123 0.013880 0.022076 0.004070
1 0.695203 0.319172 0.028640 0.041841 0.182426
1 0.695425 0.319126 0.028353 0.041710 0.731059
1 0.695432 0.318249 0.028371 0.039964 0.817575
1 0.163869 0.318175 0.047282 0.040705 0.002473
1 0.168618 0.315555 0.056135 0.031502 0.006693
1 0.189923 0.324973 0.049234 0.048521 0.119203
1 0.191880 0.324158 0.049892 0.050319 0.119203
1 0.192158 0.323091 0.048784 0.052515 0.029312
1 0.191964 0.322987 0.049184 0.052687 0.006693
1 0.661925 0.313660 0.013254 0.020504 0.029312
1 0.662783 0.314003 0.013852 0.019063 0.119203
1 0.694673 0.318959 0.027581 0.038463 0.119203
1 0.694956 0.319162 0.027131 0.041639 0.817575
1 0.694890 0.318890 0.027289 0.038563 0.880797
1 0.190630 0.326392 0.050614 0.050496 0.029312
1 0.191885 0.324534 0.049846 0.049661 0.075858
1 0.191377 0.324072 0.050344 0.050585 0.004070
1 0.192352 0.324095 0.048340 0.050562 0.002473
2 0.022355 0.267239 0.046187 0.176480 0.001501
2 0.026827 0.266007 0.054562 0.161051 0.001501
2 0.174731 0.310105 0.065663 0.036315 0.001501
2 0.181011 0.319800 0.066327 0.054120 0.002473
2 0.695203 0.319172 0.028640 0.041841 0.001501
2 0.695432 0.318249 0.028371 0.039964 0.001501
2 0.715157 0.310145 0.009122 0.021458 0.001501
2 0.740255 0.308812 0.022582 0.043976 0.880797
2 0.740261 0.310087 0.022554 0.046498 0.817575
2 0.168618 0.315555 0.056135 0.031502 0.001501
2 0.189923 0.324973 0.049234 0.048521 0.001501
2 0.740647 0.309905 0.021797 0.041792 0.880797
2 0.740281 0.309909 0.022539 0.041798 0.880797
3 0.639032 0.154839 0.025251 0.046599 0.017986
3 0.641042 0.153685 0.023719 0.044155 0.006693
3 0.638979 0.155446 0.025244 0.046562 0.017986
3 0.639410 0.154556 0.027000 0.045311 0.010987
3 0.638949 0.155756 0.025349 0.050563 0.001501
3 0.022355 0.267239 0.046187 0.176480 0.001501
3 0.026805 0.279986 0.054478 0.162738 0.002473
3 0.014569 0.311449 0.029245 0.119340 0.002473
3 0.127448 0.280304 0.123003 0.123989 0.002473
3 0.160622 0.283693 0.081739 0.093807 0.004070
3 0.174569 0.297826 0.053945 0.059837 0.002473
3 0.176325 0.305616 0.056911 0.065028 0.002473
3 0.642600 0.302337 0.024596 0.044170 0.006693
3 0.171481 0.310142 0.060233 0.031023 0.001501
3 0.174731 0.310105 0.065663 0.036315 0.006693
3 0.181011 0.319800 0.066327 0.054120 0.006693
3 0.642244 0.304609 0.026564 0.039645 0.377541
3 0.642325 0.303596 0.026060 0.041718 0.817575
3 0.660462 0.310879 0.015859 0.025331 0.006693
3 0.695203 0.319172 0.028640 0.041841 0.002473
3 0.168618 0.315555 0.056135 0.031502 0.001501
3 0.642152 0.303825 0.026421 0.041389 0.377541
3 0.642767 0.303822 0.025367 0.041392 0.731059
3 0.661925 0.313660 0.013254 0.020504 0.004070
3 0.662783 0.314003 0.013852 0.019063 0.001501
4 0.024774 0.328475 0.050109 0.134554 0.006693
4 0.191127 0.323945 0.051383 0.055116 0.075858
4 0.192217 0.322859 0.048969 0.052923 0.377541
4 0.192040 0.321966 0.049038 0.051109 0.500000
4 0.024255 0.330560 0.048430 0.130812 0.377541
4 0.024981 0.334943 0.050029 0.131539 0.500000
4 0.189923 0.324973 0.049234 0.048521 0.017986
4 0.191880 0.324158 0.049892 0.050319 0.268941
4 0.192158 0.323091 0.048784 0.052515 0.622459
4 0.191964 0.322987 0.049184 0.052687 0.731059
4 0.206347 0.318447 0.032787 0.060399 0.002473
4 0.024204 0.337638 0.048600 0.122166 0.377541
4 0.025035 0.335657 0.046862 0.125580 0.500000
4 0.025000 0.338912 0.046931 0.123687 0.622459
4 0.025011 0.342792 0.046935 0.111280 0.622459
4 0.054349 0.333021 0.019629 0.047610 0.002473
4 0.190630 0.326392 0.050614 0.050496 0.029312
4 0.191885 0.324534 0.049846 0.049661 0.268941
4 0.191377 0.324072 0.050344 0.050585 0.500000
4 0.192352 0.324095 0.048340 0.050562 0.622459
4 0.024211 0.339341 0.048531 0.118603 0.500000
4 0.025072 0.338843 0.049851 0.119269 0.377541
4 0.025001 0.341609 0.046923 0.113641 0.377541
4 0.025721 0.346525 0.045520 0.103826 0.622459
4 0.025117 0.342130 0.049755 0.112696 0.182426
4 0.025044 0.344955 0.046831 0.106999 0.119203
4 0.026324 0.346538 0.044407 0.103865 0.002473
5 0.014569 0.311449 0.029245 0.119340 0.002473
5 0.021119 0.321046 0.042434 0.123735 0.017986
5 0.181690 0.310584 0.057753 0.070687 0.002473
5 0.195854 0.308984 0.042612 0.079112 0.010987
5 0.024774 0.328475 0.050109 0.134554 0.006693
5 0.191127 0.323945 0.051383 0.055116 0.017986
5 0.192217 0.322859 0.048969 0.052923 0.017986
5 0.192040 0.321966 0.049038 0.051109 0.075858
5 0.496747 0.300929 0.010727 0.036631 0.002473
5 0.504649 0.302003 0.012789 0.030862 0.010987
5 0.024255 0.330560 0.048430 0.130812 0.182426
5 0.024981 0.334943 0.050029 0.131539 0.268941
5 0.189923 0.324973 0.049234 0.048521 0.004070
5 0.191880 0.324158 0.049892 0.050319 0.017986
5 0.192158 0.323091 0.048784 0.052515 0.017986
5 0.191964 0.322987 0.049184 0.052687 0.029312
5 0.410941 0.312626 0.016141 0.046794 0.002473
5 0.024204 0.337638 0.048600 0.122166 0.119203
5 0.025035 0.335657 0.046862 0.125580 0.182426
5 0.025000 0.338912 0.046931 0.123687 0.182426
5 0.025011 0.342792 0.046935 0.111280 0.047426
5 0.054349 0.333021 0.019629 0.047610 0.001501
5 0.190630 0.326392 0.050614 0.050496 0.002473
5 0.191885 0.324534 0.049846 0.049661 0.002473
5 0.191377 0.324072 0.050344 0.050585 0.004070
5 0.192352 0.324095 0.048340 0.050562 0.006693
5 0.024211 0.339341 0.048531 0.118603 0.119203
5 0.025072 0.338843 0.049851 0.119269 0.075858
5 0.025001 0.341609 0.046923 0.113641 0.119203
5 0.025721 0.346525 0.045520 0.103826 0.047426
5 0.025117 0.342130 0.049755 0.112696 0.119203
5 0.025044 0.344955 0.046831 0.106999 0.075858
