0 0.314461 0.333618 0.010488 0.026421 0.001501
1 0.595318 0.329561 0.062544 0.062590 0.817575
1 0.595982 0.329533 0.063898 0.062531 0.880797
1 0.595285 0.328632 0.062506 0.060722 0.880797
1 0.222350 0.337244 0.088918 0.070369 0.622459
1 0.223058 0.337350 0.090305 0.070132 0.731059
1 0.222685 0.337226 0.092204 0.070396 0.817575
1 0.423622 0.322953 0.012735 0.011299 0.047426
1 0.424636 0.322951 0.014438 0.011296 0.004070
1 0.478471 0.321645 0.010173 0.018337 0.010987
1 0.495964 0.320372 0.013914 0.020878 0.500000
1 0.516527 0.322923 0.011177 0.015773 0.500000
1 0.559438 0.323968 0.009368 0.013767 0.004070
1 0.595974 0.329560 0.063878 0.062551 0.817575
1 0.595287 0.328650 0.062515 0.060723 0.880797
1 0.595292 0.328649 0.062521 0.060727 0.924142
1 0.595970 0.329553 0.063854 0.062565 0.924142
1 0.022944 0.368430 0.045975 0.086545 0.731059
1 0.022958 0.368521 0.045912 0.082407 0.731059
1 0.021754 0.365898 0.046638 0.080686 0.010987
1 0.219511 0.337241 0.085912 0.070343 0.001501
1 0.222758 0.336108 0.089723 0.068059 0.622459
1 0.223171 0.336242 0.090448 0.067855 0.817575
1 0.222867 0.336108 0.092501 0.068066 0.880797
1 0.223518 0.336001 0.091229 0.068348 0.817575
1 0.595293 0.328644 0.062518 0.060712 0.880797
1 0.594527 0.329304 0.064054 0.059393 0.880797
1 0.595289 0.329305 0.062509 0.059395 0.924142
1 0.022985 0.368939 0.046020 0.085734 0.817575
1 0.022597 0.368887 0.045197 0.085595 0.880797
1 0.022940 0.368830 0.045928 0.081786 0.817575
1 0.022425 0.365727 0.047857 0.072424 0.002473
1 0.221687 0.336139 0.090214 0.068146 0.622459
1 0.223069 0.337269 0.090239 0.070406 0.731059
1 0.223369 0.337270 0.090795 0.070434 0.731059
1 0.022975 0.368011 0.045964 0.083814 0.817575
1 0.022598 0.367972 0.045190 0.083665 0.817575
1 0.022575 0.367870 0.045177 0.083338 0.817575
1 0.021523 0.369514 0.049049 0.074461 0.002473
1 0.023457 0.368292 0.046925 0.087720 0.268941
1 0.022981 0.367760 0.045954 0.088506 0.500000
2 0.540407 0.312490 0.025054 0.032115 0.731059
2 0.540446 0.314527 0.024908 0.032499 0.817575
2 0.222350 0.337244 0.088918 0.070369 0.029312
2 0.223058 0.337350 0.090305 0.070132 0.029312
2 0.222685 0.337226 0.092204 0.070396 0.010987
2 0.423622 0.322953 0.012735 0.011299 0.004070
2 0.478471 0.321645 0.010173 0.018337 0.002473
2 0.495964 0.320372 0.013914 0.020878 0.004070
2 0.539729 0.314579 0.023729 0.032504 0.622459
2 0.540535 0.313446 0.024724 0.030213 0.817575
2 0.219511 0.337241 0.085912 0.070343 0.002473
2 0.222758 0.336108 0.089723 0.068059 0.017986
2 0.223171 0.336242 0.090448 0.067855 0.010987
2 0.222867 0.336108 0.092501 0.068066 0.004070
2 0.223518 0.336001 0.091229 0.068348 0.001501
2 0.221687 0.336139 0.090214 0.068146 0.029312
2 0.223069 0.337269 0.090239 0.070406 0.010987
2 0.223369 0.337270 0.090795 0.070434 0.004070
3 0.540446 0.314527 0.024908 0.032499 0.002473
3 0.023301 0.360515 0.046616 0.099548 0.001501
3 0.423622 0.322953 0.012735 0.011299 0.001501
3 0.478471 0.321645 0.010173 0.018337 0.001501
3 0.495964 0.320372 0.013914 0.020878 0.182426
3 0.516527 0.322923 0.011177 0.015773 0.004070
3 0.108173 0.348763 0.047814 0.047390 0.002473
3 0.107639 0.353280 0.043514 0.043595 0.002473
4 0.264813 0.341074 0.010867 0.032324 0.001501
5 0.782838 0.329198 0.012666 0.050003 0.006693
5 0.782808 0.331769 0.012602 0.049941 0.004070
5 0.865957 0.340492 0.015152 0.041160 0.001501
