0 0.029799 0.273417 0.009691 0.042830 0.004070
0 0.228477 0.294313 0.010148 0.071147 0.010987
0 0.311937 0.291434 0.014374 0.083210 0.029312
0 0.313649 0.292834 0.012102 0.080793 0.075858
0 0.377809 0.279617 0.011457 0.040396 0.017986
0 0.004078 0.304585 0.011241 0.097455 0.001501
0 0.031254 0.275966 0.009470 0.037410 0.004070
0 0.227824 0.296384 0.011476 0.074083 0.029312
0 0.311765 0.291937 0.014023 0.083094 0.075858
0 0.313473 0.292960 0.011747 0.080788 0.075858
0 0.374978 0.281597 0.017060 0.035659 0.001501
0 0.379033 0.281612 0.011163 0.038220 0.075858
0 0.469766 0.296469 0.021078 0.041956 0.002473
0 0.478958 0.296288 0.014184 0.037734 0.006693
0 0.503610 0.298436 0.017961 0.042084 0.002473
0 0.771044 0.322869 0.011427 0.092615 0.001501
0 0.004280 0.320156 0.008570 0.069159 0.001501
0 0.229046 0.295629 0.011232 0.074873 0.017986
0 0.311552 0.293271 0.015202 0.080156 0.075858
0 0.313419 0.293251 0.012568 0.080228 0.119203
0 0.379026 0.284196 0.011208 0.043814 0.047426
0 0.470962 0.299564 0.023435 0.035638 0.002473
0 0.477331 0.299300 0.014582 0.036201 0.017986
0 0.498413 0.301822 0.020026 0.031321 0.004070
0 0.504046 0.303491 0.017308 0.034105 0.006693
0 0.580025 0.309386 0.007038 0.019588 0.004070
0 0.771538 0.325179 0.010149 0.086171 0.010987
0 0.228975 0.300547 0.011334 0.065850 0.010987
0 0.311665 0.295697 0.015410 0.075350 0.047426
0 0.312781 0.293818 0.014931 0.079122 0.075858
0 0.379503 0.299664 0.013250 0.071175 0.002473
0 0.756296 0.330641 0.006830 0.041401 0.001501
0 0.772213 0.328525 0.011519 0.087622 0.010987
0 0.003875 0.324012 0.007756 0.066496 0.001501
0 0.755718 0.330051 0.005720 0.048641 0.001501
0 0.772778 0.328558 0.012664 0.087598 0.010987
0 0.772641 0.330066 0.014529 0.085102 0.006693
0 0.774466 0.333329 0.015494 0.083802 0.001501
1 0.177421 0.301583 0.063949 0.062622 0.002473
1 0.329392 0.295280 0.031195 0.068801 0.001501
1 0.004280 0.320156 0.008570 0.069159 0.001501
1 0.166742 0.311676 0.050751 0.037646 0.002473
1 0.176232 0.310333 0.067986 0.040744 0.006693
1 0.181799 0.317219 0.065286 0.057705 0.017986
1 0.190558 0.323991 0.050261 0.055122 0.047426
1 0.190621 0.324009 0.049669 0.055156 0.029312
1 0.191338 0.321715 0.050334 0.055176 0.017986
1 0.326669 0.298591 0.033441 0.064628 0.002473
1 0.470962 0.299564 0.023435 0.035638 0.002473
1 0.661510 0.311927 0.013590 0.024721 0.001501
1 0.694325 0.318274 0.026600 0.040012 0.075858
1 0.694471 0.319130 0.026443 0.041702 0.377541
1 0.694819 0.318252 0.027429 0.039951 0.182426
1 0.003876 0.322423 0.007764 0.064442 0.002473
1 0.156987 0.316338 0.029601 0.036241 0.004070
1 0.163334 0.316223 0.041856 0.029539 0.010987
1 0.191097 0.324021 0.049314 0.050602 0.268941
1 0.191621 0.324679 0.049951 0.049342 0.075858
1 0.191088 0.323274 0.048682 0.048549 0.029312
1 0.190570 0.323997 0.049739 0.050669 0.010987
1 0.662026 0.313959 0.012743 0.021099 0.047426
1 0.663145 0.314191 0.013116 0.019441 0.075858
1 0.694255 0.318292 0.026745 0.039763 0.075858
1 0.694487 0.319144 0.026474 0.041650 0.377541
1 0.694426 0.319139 0.026639 0.041666 0.377541
1 0.003875 0.324012 0.007756 0.066496 0.001501
1 0.191089 0.324564 0.049260 0.049643 0.075858
1 0.191682 0.324927 0.049815 0.048895 0.017986
1 0.191114 0.325390 0.048694 0.052482 0.002473
1 0.191635 0.324262 0.049708 0.050226 0.002473
2 0.729009 0.305090 0.038924 0.082060 0.731059
2 0.729783 0.305814 0.040438 0.083322 0.817575
2 0.729010 0.306645 0.038932 0.081392 0.817575
2 0.181799 0.317219 0.065286 0.057705 0.002473
2 0.694325 0.318274 0.026600 0.040012 0.075858
2 0.694471 0.319130 0.026443 0.041702 0.268941
2 0.694819 0.318252 0.027429 0.039951 0.268941
2 0.728490 0.306681 0.039951 0.081603 0.731059
2 0.729025 0.306699 0.038885 0.085232 0.817575
2 0.729024 0.305730 0.038912 0.083491 0.817575
2 0.163334 0.316223 0.041856 0.029539 0.001501
2 0.191097 0.324021 0.049314 0.050602 0.002473
2 0.694255 0.318292 0.026745 0.039763 0.047426
2 0.694487 0.319144 0.026474 0.041650 0.182426
2 0.694426 0.319139 0.026639 0.041666 0.377541
2 0.728359 0.305774 0.037509 0.083455 0.731059
2 0.729029 0.307595 0.038887 0.083439 0.817575
2 0.729781 0.306637 0.040480 0.085302 0.817575
2 0.729019 0.306510 0.038889 0.085722 0.817575
3 0.639701 0.153943 0.023812 0.044735 0.002473
3 0.639027 0.153702 0.025139 0.044023 0.004070
3 0.639772 0.154172 0.026258 0.044787 0.004070
3 0.177421 0.301583 0.063949 0.062622 0.001501
3 0.176232 0.310333 0.067986 0.040744 0.002473
3 0.181799 0.317219 0.065286 0.057705 0.004070
3 0.639936 0.305188 0.029920 0.040402 0.622459
3 0.641344 0.305195 0.026937 0.040366 0.817575
3 0.661510 0.311927 0.013590 0.024721 0.002473
3 0.694325 0.318274 0.026600 0.040012 0.006693
3 0.694471 0.319130 0.026443 0.041702 0.004070
3 0.640732 0.304464 0.028510 0.041908 0.622459
3 0.640767 0.305120 0.028165 0.040598 0.731059
3 0.662026 0.313959 0.012743 0.021099 0.006693
3 0.663145 0.314191 0.013116 0.019441 0.002473
3 0.694255 0.318292 0.026745 0.039763 0.002473
3 0.694487 0.319144 0.026474 0.041650 0.001501
3 0.694426 0.319139 0.026639 0.041666 0.002473
4 0.004280 0.320156 0.008570 0.069159 0.004070
4 0.190558 0.323991 0.050261 0.055122 0.119203
4 0.190621 0.324009 0.049669 0.055156 0.500000
4 0.191338 0.321715 0.050334 0.055176 0.377541
4 0.498413 0.301822 0.020026 0.031321 0.001501
4 0.504046 0.303491 0.017308 0.034105 0.002473
4 0.003876 0.322423 0.007764 0.064442 0.004070
4 0.191097 0.324021 0.049314 0.050602 0.029312
4 0.191621 0.324679 0.049951 0.049342 0.500000
4 0.191088 0.323274 0.048682 0.048549 0.731059
4 0.190570 0.323997 0.049739 0.050669 0.731059
4 0.003875 0.324012 0.007756 0.066496 0.002473
4 0.191089 0.324564 0.049260 0.049643 0.075858
4 0.191682 0.324927 0.049815 0.048895 0.500000
4 0.191114 0.325390 0.048694 0.052482 0.622459
4 0.191635 0.324262 0.049708 0.050226 0.622459
5 0.004078 0.304585 0.011241 0.097455 0.001501
5 0.191609 0.311151 0.037560 0.071815 0.001501
5 0.197201 0.310136 0.037164 0.076474 0.004070
5 0.488854 0.296474 0.033461 0.041895 0.002473
5 0.503610 0.298436 0.017961 0.042084 0.001501
5 0.190558 0.323991 0.050261 0.055122 0.029312
5 0.190621 0.324009 0.049669 0.055156 0.010987
5 0.191338 0.321715 0.050334 0.055176 0.047426
5 0.470962 0.299564 0.023435 0.035638 0.001501
5 0.477331 0.299300 0.014582 0.036201 0.004070
5 0.498413 0.301822 0.020026 0.031321 0.006693
5 0.504046 0.303491 0.017308 0.034105 0.010987
5 0.510798 0.302789 0.025755 0.035831 0.001501
5 0.191097 0.324021 0.049314 0.050602 0.004070
5 0.191621 0.324679 0.049951 0.049342 0.017986
5 0.191088 0.323274 0.048682 0.048549 0.006693
5 0.190570 0.323997 0.049739 0.050669 0.010987
5 0.228975 0.300547 0.011334 0.065850 0.001501
5 0.191089 0.324564 0.049260 0.049643 0.002473
5 0.191682 0.324927 0.049815 0.048895 0.002473
5 0.191114 0.325390 0.048694 0.052482 0.002473
5 0.191635 0.324262 0.049708 0.050226 0.004070
