0 0.022945 0.296745 0.013139 0.052722 0.001501
0 0.026483 0.292814 0.011458 0.053912 0.004070
0 0.366279 0.301438 0.029535 0.045407 0.001501
0 0.026941 0.303801 0.011780 0.057944 0.001501
0 0.531270 0.303235 0.016279 0.028549 0.006693
0 0.539549 0.301358 0.013053 0.032829 0.006693
0 0.553076 0.307365 0.009408 0.031525 0.010987
0 0.567525 0.304973 0.007021 0.031746 0.010987
0 0.707249 0.329314 0.020458 0.077435 0.002473
0 0.714310 0.326954 0.013517 0.077067 0.002473
0 0.552795 0.306725 0.008846 0.040134 0.004070
0 0.674269 0.335614 0.020697 0.051479 0.001501
0 0.703570 0.329562 0.015149 0.080903 0.004070
0 0.714720 0.327649 0.012666 0.077669 0.004070
0 0.677780 0.337995 0.011520 0.051317 0.002473
0 0.702844 0.334085 0.013693 0.076598 0.002473
0 0.714744 0.327721 0.012596 0.077565 0.002473
0 0.679749 0.337873 0.012735 0.061087 0.002473
0 0.697149 0.336412 0.018269 0.082590 0.001501
0 0.702811 0.333619 0.011505 0.077708 0.010987
0 0.714485 0.329076 0.013136 0.082275 0.004070
0 0.995337 0.403321 0.006287 0.100017 0.001501
1 0.204093 0.301770 0.033042 0.048878 0.004070
1 0.206533 0.299720 0.030780 0.053108 0.002473
1 0.211189 0.301284 0.022363 0.047965 0.002473
1 0.365360 0.300668 0.030637 0.046478 0.001501
1 0.366181 0.300627 0.032120 0.046620 0.001501
1 0.010168 0.304926 0.020678 0.033003 0.004070
1 0.011695 0.305204 0.023960 0.039418 0.001501
1 0.065741 0.317189 0.068525 0.064318 0.880797
1 0.065807 0.318085 0.068376 0.062522 0.817575
1 0.065989 0.318080 0.068033 0.062507 0.817575
1 0.197305 0.308540 0.047097 0.039494 0.017986
1 0.203909 0.309046 0.033766 0.035054 0.119203
1 0.205781 0.307840 0.030382 0.037577 0.075858
1 0.206236 0.307701 0.029753 0.037538 0.075858
1 0.216058 0.303845 0.038767 0.039112 0.004070
1 0.255366 0.310289 0.033566 0.032583 0.001501
1 0.258618 0.310853 0.036211 0.028822 0.001501
1 0.279540 0.309282 0.024074 0.025703 0.001501
1 0.366162 0.301103 0.029514 0.046389 0.006693
1 0.365511 0.300827 0.031050 0.044986 0.004070
1 0.590820 0.307866 0.024749 0.027531 0.001501
1 0.591566 0.309242 0.020096 0.025558 0.001501
1 0.009304 0.308996 0.018888 0.047284 0.001501
1 0.012411 0.307998 0.025703 0.042597 0.001501
1 0.065812 0.317177 0.068393 0.064357 0.880797
1 0.065745 0.318084 0.068532 0.062523 0.817575
1 0.065985 0.317188 0.068022 0.060736 0.880797
1 0.065733 0.317183 0.068521 0.064329 0.880797
1 0.197192 0.310038 0.048886 0.037092 0.017986
1 0.204596 0.311343 0.032368 0.034433 0.075858
1 0.205115 0.310044 0.031742 0.036991 0.047426
1 0.205938 0.307813 0.030243 0.037895 0.075858
1 0.219671 0.307638 0.043958 0.038681 0.001501
1 0.251247 0.313107 0.024750 0.027271 0.002473
1 0.257710 0.312675 0.035403 0.031755 0.001501
1 0.275129 0.311109 0.028941 0.028749 0.002473
1 0.365394 0.302551 0.031054 0.045717 0.002473
1 0.365473 0.302098 0.031124 0.044811 0.002473
1 0.663929 0.332304 0.039632 0.049392 0.017986
1 0.663901 0.334415 0.039139 0.049502 0.017986
1 0.674269 0.335614 0.020697 0.051479 0.002473
1 0.065983 0.318090 0.068024 0.062549 0.006693
1 0.065862 0.318089 0.068310 0.062536 0.880797
1 0.065812 0.318091 0.068384 0.062540 0.924142
1 0.065815 0.318086 0.068399 0.062563 0.924142
1 0.664276 0.334365 0.040617 0.049930 0.010987
1 0.663187 0.333268 0.038881 0.047658 0.010987
1 0.677780 0.337995 0.011520 0.051317 0.001501
2 0.678080 0.310987 0.058691 0.109033 0.001501
3 0.663929 0.332304 0.039632 0.049392 0.002473
3 0.663901 0.334415 0.039139 0.049502 0.002473
3 0.664276 0.334365 0.040617 0.049930 0.001501
3 0.663187 0.333268 0.038881 0.047658 0.001501
4 0.366279 0.301438 0.029535 0.045407 0.002473
4 0.365360 0.300668 0.030637 0.046478 0.002473
4 0.366181 0.300627 0.032120 0.046620 0.002473
4 0.366162 0.301103 0.029514 0.046389 0.006693
4 0.365511 0.300827 0.031050 0.044986 0.002473
4 0.365943 0.302318 0.031856 0.042523 0.004070
4 0.531270 0.303235 0.016279 0.028549 0.001501
4 0.205938 0.307813 0.030243 0.037895 0.002473
4 0.365394 0.302551 0.031054 0.045717 0.017986
4 0.365473 0.302098 0.031124 0.044811 0.006693
4 0.365129 0.302395 0.033472 0.044244 0.006693
4 0.677780 0.337995 0.011520 0.051317 0.002473
5 0.366279 0.301438 0.029535 0.045407 0.377541
5 0.365360 0.300668 0.030637 0.046478 0.500000
5 0.366181 0.300627 0.032120 0.046620 0.029312
5 0.205781 0.307840 0.030382 0.037577 0.002473
5 0.206236 0.307701 0.029753 0.037538 0.006693
5 0.366162 0.301103 0.029514 0.046389 0.622459
5 0.365511 0.300827 0.031050 0.044986 0.817575
5 0.365943 0.302318 0.031856 0.042523 0.075858
5 0.457133 0.303752 0.017870 0.039814 0.004070
5 0.527114 0.302293 0.021379 0.031574 0.001501
5 0.531270 0.303235 0.016279 0.028549 0.002473
5 0.118057 0.320030 0.024680 0.031966 0.001501
5 0.205115 0.310044 0.031742 0.036991 0.004070
5 0.205938 0.307813 0.030243 0.037895 0.004070
5 0.365394 0.302551 0.031054 0.045717 0.268941
5 0.365473 0.302098 0.031124 0.044811 0.377541
5 0.365129 0.302395 0.033472 0.044244 0.047426
5 0.459147 0.309303 0.015449 0.034920 0.002473
5 0.674269 0.335614 0.020697 0.051479 0.004070
5 0.677780 0.337995 0.011520 0.051317 0.010987
5 0.655592 0.340150 0.022541 0.069636 0.001501
5 0.664340 0.337736 0.036207 0.061724 0.002473
5 0.679749 0.337873 0.012735 0.061087 0.002473
