0 0.003494 0.287341 0.010189 0.084035 0.002473
0 0.003424 0.304334 0.006852 0.057509 0.377541
0 0.018069 0.305787 0.008115 0.064848 0.377541
0 0.034105 0.307379 0.010305 0.059917 0.047426
0 0.040942 0.312637 0.010229 0.067759 0.182426
0 0.053354 0.312977 0.012561 0.068464 0.500000
0 0.144551 0.304406 0.011054 0.067932 0.006693
0 0.729459 0.298846 0.022305 0.051191 0.001501
0 0.772548 0.337693 0.017637 0.126088 0.006693
0 0.003427 0.304584 0.006866 0.057861 0.377541
0 0.018075 0.307984 0.008118 0.060647 0.500000
0 0.032814 0.309370 0.010094 0.060535 0.029312
0 0.042207 0.312295 0.009863 0.069425 0.377541
0 0.053338 0.313702 0.012706 0.075729 0.500000
0 0.145777 0.316460 0.013580 0.063296 0.001501
0 0.243752 0.319375 0.006746 0.042242 0.017986
0 0.268205 0.314432 0.005658 0.032361 0.004070
0 0.331930 0.316884 0.008100 0.032781 0.017986
0 0.725733 0.306163 0.020878 0.033724 0.010987
0 0.729032 0.309603 0.013902 0.030905 0.119203
0 0.737143 0.313491 0.030550 0.040907 0.001501
0 0.772630 0.352090 0.017329 0.112067 0.119203
0 0.773664 0.349045 0.019784 0.106724 0.029312
0 0.817941 0.326969 0.011131 0.071068 0.001501
0 0.003424 0.304590 0.006857 0.058010 0.268941
0 0.019431 0.308535 0.008094 0.059365 0.500000
0 0.033777 0.310885 0.008098 0.066532 0.017986
0 0.042249 0.313238 0.009742 0.068267 0.500000
0 0.053346 0.313518 0.012594 0.071641 0.622459
0 0.244979 0.320889 0.007031 0.041590 0.029312
0 0.268734 0.315612 0.006791 0.030456 0.002473
0 0.331792 0.317698 0.005652 0.031349 0.029312
0 0.730204 0.312080 0.018521 0.029318 0.017986
0 0.759945 0.342577 0.017268 0.073726 0.001501
0 0.772174 0.354013 0.016412 0.115472 0.268941
0 0.773657 0.351679 0.019790 0.115489 0.047426
0 0.818746 0.330292 0.009508 0.055007 0.004070
0 0.831112 0.337810 0.016153 0.056576 0.001501
0 0.004652 0.310616 0.006254 0.082607 0.004070
0 0.035917 0.312956 0.012365 0.073089 0.017986
0 0.042282 0.313699 0.009697 0.071331 0.268941
0 0.052770 0.313301 0.011601 0.072128 0.500000
0 0.244420 0.322651 0.008162 0.044210 0.002473
0 0.759579 0.356413 0.016547 0.090505 0.002473
0 0.771924 0.352942 0.016005 0.117488 0.182426
0 0.773927 0.351915 0.017677 0.115646 0.047426
0 0.818714 0.332293 0.009563 0.053787 0.004070
0 0.829166 0.347482 0.021831 0.069948 0.001501
0 0.978596 0.323618 0.042745 0.212817 0.017986
0 0.978882 0.322389 0.042198 0.222090 0.010987
0 0.990495 0.326611 0.019022 0.206786 0.001501
0 0.766362 0.358474 0.024959 0.099688 0.010987
0 0.771956 0.352900 0.015940 0.117561 0.268941
0 0.774320 0.351675 0.018469 0.120126 0.075858
0 0.827159 0.357257 0.024504 0.084821 0.001501
0 0.979190 0.340664 0.038638 0.188277 0.029312
0 0.980814 0.329900 0.038226 0.219269 0.029312
0 0.985844 0.338772 0.028328 0.249405 0.017986
0 0.766824 0.356347 0.024415 0.103112 0.006693
0 0.772187 0.352960 0.016366 0.117204 0.182426
0 0.774018 0.351649 0.017475 0.115807 0.047426
0 0.965001 0.371808 0.044708 0.136787 0.004070
0 0.979546 0.362046 0.034905 0.142660 0.017986
0 0.981205 0.348205 0.037438 0.186829 0.010987
0 0.987220 0.340597 0.025575 0.245302 0.047426
0 0.772053 0.351031 0.016177 0.118098 0.119203
0 0.773391 0.351486 0.018829 0.120895 0.017986
0 0.959702 0.367722 0.037927 0.146180 0.004070
0 0.977046 0.363925 0.033515 0.136955 0.010987
0 0.982465 0.348359 0.034999 0.210256 0.017986
0 0.988226 0.339391 0.023571 0.249204 0.047426
0 0.962743 0.369132 0.047123 0.152224 0.002473
0 0.969529 0.364055 0.044254 0.159043 0.004070
0 0.987326 0.351289 0.025367 0.224128 0.029312
0 0.988963 0.354256 0.022112 0.219371 0.029312
0 0.989435 0.346515 0.021153 0.241057 0.017986
0 0.988989 0.360854 0.022079 0.216751 0.017986
0 0.989491 0.373386 0.021087 0.226527 0.004070
1 0.414537 0.312771 0.015155 0.026372 0.002473
1 0.509007 0.311415 0.014973 0.026359 0.002473
1 0.387985 0.321640 0.018055 0.018342 0.500000
1 0.388108 0.321649 0.018046 0.018359 0.377541
1 0.403452 0.322893 0.010267 0.015839 0.017986
1 0.413636 0.317007 0.014803 0.028046 0.010987
1 0.456207 0.342474 0.102680 0.143297 0.817575
1 0.455813 0.343723 0.103454 0.145836 0.817575
1 0.509173 0.315362 0.012587 0.026854 0.001501
1 0.530672 0.328493 0.030578 0.041671 0.880797
1 0.530033 0.327579 0.031965 0.039905 0.731059
1 0.530747 0.327594 0.030586 0.039901 0.731059
1 0.669620 0.350454 0.185905 0.164437 0.817575
1 0.670215 0.351569 0.184559 0.166648 0.817575
1 0.455779 0.342468 0.103484 0.143311 0.880797
1 0.455767 0.343751 0.103530 0.145855 0.924142
1 0.455811 0.343753 0.103604 0.145860 0.924142
1 0.455752 0.343761 0.103325 0.145903 0.924142
1 0.531215 0.329621 0.031658 0.039489 0.817575
1 0.530723 0.329600 0.030590 0.039531 0.817575
1 0.530584 0.327561 0.033073 0.040028 0.817575
1 0.669506 0.350428 0.185906 0.168867 0.880797
1 0.669567 0.350461 0.185920 0.164405 0.880797
1 0.668767 0.350470 0.184376 0.164418 0.924142
1 0.670202 0.351577 0.184597 0.166663 0.924142
1 0.456549 0.343739 0.103541 0.145869 0.924142
1 0.454994 0.346297 0.104154 0.145857 0.880797
1 0.455581 0.346283 0.103081 0.145873 0.952574
1 0.455790 0.345031 0.103494 0.148452 0.952574
1 0.669511 0.351596 0.185977 0.166705 0.924142
1 0.669556 0.351741 0.185920 0.161879 0.924142
1 0.669528 0.351736 0.185912 0.161872 0.952574
1 0.668778 0.350466 0.184355 0.164419 0.970688
2 0.509007 0.311415 0.014973 0.026359 0.017986
2 0.509173 0.315362 0.012587 0.026854 0.006693
3 0.980858 0.264491 0.035225 0.108100 0.004070
3 0.990169 0.261095 0.019761 0.105711 0.001501
3 0.970316 0.277205 0.056293 0.128448 0.001501
3 0.981488 0.277377 0.037061 0.128666 0.004070
3 0.985395 0.275784 0.026397 0.132320 0.001501
3 0.969003 0.309331 0.062054 0.192522 0.004070
3 0.980341 0.302084 0.039340 0.182405 0.004070
3 0.980122 0.301008 0.039858 0.181089 0.006693
3 0.911982 0.323809 0.179303 0.232624 0.817575
3 0.910277 0.322761 0.179517 0.229512 0.880797
3 0.978317 0.319396 0.043380 0.216993 0.002473
3 0.978843 0.310658 0.042375 0.199401 0.004070
3 0.509007 0.311415 0.014973 0.026359 0.017986
3 0.912784 0.319929 0.177590 0.240653 0.004070
3 0.912756 0.322177 0.177703 0.235990 0.817575
3 0.911576 0.322410 0.176902 0.230342 0.880797
3 0.910424 0.323947 0.179173 0.227259 0.817575
3 0.909558 0.324271 0.180900 0.227075 0.622459
3 0.387985 0.321640 0.018055 0.018342 0.010987
3 0.388108 0.321649 0.018046 0.018359 0.006693
3 0.509173 0.315362 0.012587 0.026854 0.002473
3 0.912095 0.320579 0.178972 0.239231 0.731059
3 0.911402 0.321955 0.177252 0.236328 0.731059
3 0.910651 0.322947 0.178703 0.229237 0.817575
3 0.909544 0.321752 0.180965 0.226446 0.268941
3 0.911314 0.322251 0.177624 0.230586 0.010987
3 0.912841 0.324866 0.177434 0.233818 0.001927
3 0.913020 0.325689 0.177112 0.234733 0.148047
4 0.144748 0.330610 0.014733 0.047257 0.001501
4 0.152893 0.330005 0.016297 0.043336 0.001501
5 0.144748 0.330610 0.014733 0.047257 0.001501
