0 0.089733 0.301879 0.024709 0.109619 0.004070
0 0.093139 0.288878 0.017241 0.077938 0.047426
0 0.096830 0.300357 0.026428 0.106468 0.006693
0 0.089871 0.315559 0.032042 0.131603 0.004070
0 0.095491 0.315445 0.022109 0.136415 0.047426
0 0.098354 0.316889 0.029074 0.133866 0.017986
0 0.035343 0.348878 0.020727 0.109751 0.119203
0 0.036766 0.350248 0.020728 0.109876 0.182426
0 0.091236 0.316888 0.039211 0.127629 0.006693
0 0.098329 0.316828 0.028313 0.127844 0.075858
0 0.099164 0.322218 0.030051 0.120509 0.047426
0 0.279971 0.312259 0.007172 0.031759 0.001501
0 0.319709 0.309767 0.004911 0.031508 0.002473
0 0.603862 0.317751 0.007933 0.036411 0.001501
0 0.618209 0.320050 0.005658 0.040918 0.047426
0 0.036200 0.352335 0.019450 0.111677 0.500000
0 0.036256 0.351131 0.019595 0.114101 0.500000
0 0.093357 0.318800 0.038856 0.124075 0.006693
0 0.097630 0.320560 0.029798 0.123377 0.047426
0 0.098196 0.327972 0.028876 0.111183 0.047426
0 0.283263 0.319185 0.008593 0.023317 0.004070
0 0.603596 0.321762 0.007215 0.028336 0.017986
0 0.617530 0.321724 0.007012 0.036973 0.182426
0 0.705602 0.338173 0.023762 0.041777 0.002473
0 0.036763 0.352588 0.020603 0.111866 0.500000
0 0.036812 0.352017 0.020631 0.115341 0.622459
0 0.092184 0.321584 0.040955 0.118606 0.006693
0 0.097620 0.322128 0.029901 0.115861 0.047426
0 0.099172 0.326192 0.029827 0.107731 0.047426
0 0.618074 0.324160 0.008094 0.041199 0.002473
0 0.704687 0.339979 0.022609 0.038102 0.001501
0 0.037452 0.353283 0.019224 0.112847 0.622459
0 0.036822 0.353238 0.020605 0.113208 0.622459
0 0.092633 0.328858 0.040240 0.104323 0.006693
0 0.098026 0.326742 0.028966 0.106993 0.075858
0 0.099000 0.328234 0.030122 0.107438 0.047426
0 0.219484 0.345148 0.070999 0.091015 0.001501
0 0.231948 0.340106 0.047471 0.073041 0.002473
0 0.793690 0.335605 0.016566 0.072366 0.004070
0 0.037452 0.352552 0.021930 0.111667 0.622459
0 0.036823 0.353516 0.020591 0.110028 0.622459
0 0.092934 0.342589 0.043084 0.105345 0.001501
0 0.098186 0.340067 0.031838 0.113123 0.001501
0 0.099034 0.343230 0.030762 0.124058 0.001501
0 0.796340 0.352358 0.019043 0.083298 0.001501
0 0.036254 0.351942 0.019511 0.116285 0.182426
0 0.036825 0.351259 0.020628 0.115035 0.182426
0 0.099941 0.351663 0.031835 0.138302 0.001501
1 0.004638 0.303213 0.009526 0.121281 0.001501
1 0.022565 0.317233 0.048667 0.138316 0.001501
1 0.220802 0.340393 0.067445 0.084332 0.006693
1 0.223876 0.330475 0.061197 0.064486 0.017986
1 0.228750 0.313608 0.050108 0.030723 0.017986
1 0.236203 0.315203 0.038746 0.031291 0.017986
1 0.240417 0.314869 0.038718 0.037083 0.004070
1 0.483265 0.327764 0.033512 0.052609 0.001501
1 0.482758 0.327704 0.034550 0.052546 0.006693
1 0.574565 0.321806 0.038384 0.042670 0.002473
1 0.575193 0.321819 0.036380 0.041453 0.001501
1 0.776790 0.328156 0.034395 0.057133 0.622459
1 0.776775 0.326883 0.034414 0.054580 0.731059
1 0.778444 0.328117 0.035218 0.057151 0.075858
1 0.207965 0.344425 0.094030 0.092680 0.004070
1 0.211586 0.344436 0.087079 0.092369 0.017986
1 0.216747 0.344049 0.076769 0.091453 0.047426
1 0.225891 0.325428 0.058477 0.051159 0.017986
1 0.235777 0.316749 0.042750 0.030750 0.006693
1 0.247068 0.321635 0.027951 0.028772 0.006693
1 0.292980 0.321631 0.024007 0.023587 0.001501
1 0.299747 0.322913 0.017691 0.021142 0.001501
1 0.482687 0.328867 0.034609 0.050637 0.817575
1 0.482702 0.328843 0.034597 0.050653 0.731059
1 0.482718 0.327314 0.034628 0.048625 0.817575
1 0.517321 0.321979 0.009729 0.009561 0.047426
1 0.535563 0.322925 0.018139 0.020898 0.268941
1 0.539635 0.324198 0.015003 0.018316 0.377541
1 0.556753 0.322272 0.019755 0.035482 0.268941
1 0.574914 0.323015 0.037394 0.040740 0.017986
1 0.575245 0.322655 0.036557 0.040689 0.010987
1 0.575662 0.323042 0.037375 0.040753 0.006693
1 0.647166 0.325395 0.014084 0.026183 0.001501
1 0.776680 0.326926 0.034146 0.054522 0.817575
1 0.776971 0.327357 0.034746 0.053630 0.880797
1 0.777770 0.327432 0.036552 0.053528 0.268941
1 0.209926 0.346206 0.088794 0.099175 0.010987
1 0.211814 0.345755 0.084747 0.094818 0.017986
1 0.221004 0.344232 0.067975 0.091696 0.006693
1 0.233425 0.336257 0.043148 0.070694 0.001501
1 0.483462 0.328554 0.036161 0.051246 0.817575
1 0.483242 0.328850 0.033529 0.050651 0.731059
1 0.483478 0.328806 0.036145 0.050746 0.817575
1 0.574319 0.323534 0.038132 0.042438 0.002473
1 0.575474 0.323917 0.038468 0.041748 0.001501
1 0.776789 0.328640 0.034379 0.056183 0.817575
1 0.776967 0.327380 0.034754 0.053594 0.817575
1 0.776835 0.327076 0.036832 0.054253 0.268941
1 0.212693 0.345815 0.082949 0.094963 0.001501
1 0.210871 0.344969 0.086857 0.096557 0.004070
1 0.211724 0.345041 0.084902 0.096464 0.006693
1 0.211833 0.347206 0.082917 0.092247 0.002473
2 0.412921 0.313816 0.017916 0.028514 0.002473
2 0.413302 0.313174 0.020557 0.025365 0.004070
2 0.516608 0.311190 0.014515 0.030147 0.004070
2 0.415277 0.314649 0.023983 0.024285 0.001501
2 0.504259 0.321794 0.008608 0.013635 0.001501
2 0.556753 0.322272 0.019755 0.035482 0.006693
3 0.188312 0.336806 0.132801 0.112213 0.001501
3 0.212020 0.342709 0.085074 0.089523 0.010987
3 0.220802 0.340393 0.067445 0.084332 0.029312
3 0.223876 0.330475 0.061197 0.064486 0.017986
3 0.228750 0.313608 0.050108 0.030723 0.004070
3 0.412921 0.313816 0.017916 0.028514 0.001501
3 0.482607 0.327762 0.034474 0.052691 0.002473
3 0.483265 0.327764 0.033512 0.052609 0.006693
3 0.482758 0.327704 0.034550 0.052546 0.004070
3 0.560138 0.320763 0.026165 0.038635 0.004070
3 0.574565 0.321806 0.038384 0.042670 0.182426
3 0.575193 0.321819 0.036380 0.041453 0.182426
3 0.577168 0.321459 0.034372 0.040781 0.017986
3 0.195890 0.338195 0.116583 0.105572 0.006693
3 0.207965 0.344425 0.094030 0.092680 0.500000
3 0.211586 0.344436 0.087079 0.092369 0.182426
3 0.216747 0.344049 0.076769 0.091453 0.119203
3 0.225891 0.325428 0.058477 0.051159 0.006693
3 0.482687 0.328867 0.034609 0.050637 0.010987
3 0.482702 0.328843 0.034597 0.050653 0.010987
3 0.482718 0.327314 0.034628 0.048625 0.010987
3 0.517321 0.321979 0.009729 0.009561 0.004070
3 0.539635 0.324198 0.015003 0.018316 0.002473
3 0.556753 0.322272 0.019755 0.035482 0.500000
3 0.574914 0.323015 0.037394 0.040740 0.731059
3 0.575245 0.322655 0.036557 0.040689 0.731059
3 0.575662 0.323042 0.037375 0.040753 0.075858
3 0.209176 0.342667 0.087785 0.101437 0.029312
3 0.210625 0.344903 0.087118 0.096794 0.268941
3 0.209926 0.346206 0.088794 0.099175 0.182426
3 0.211814 0.345755 0.084747 0.094818 0.182426
3 0.221004 0.344232 0.067975 0.091696 0.006693
3 0.483462 0.328554 0.036161 0.051246 0.004070
3 0.483242 0.328850 0.033529 0.050651 0.010987
3 0.483478 0.328806 0.036145 0.050746 0.010987
3 0.575156 0.323615 0.036749 0.042327 0.075858
3 0.574319 0.323534 0.038132 0.042438 0.075858
3 0.575474 0.323917 0.038468 0.041748 0.075858
3 0.211438 0.343853 0.079935 0.098942 0.006693
3 0.212693 0.345815 0.082949 0.094963 0.182426
3 0.210871 0.344969 0.086857 0.096557 0.182426
3 0.211724 0.345041 0.084902 0.096464 0.119203
3 0.212185 0.347074 0.081324 0.092544 0.004070
3 0.211833 0.347206 0.082917 0.092247 0.047426
3 0.214157 0.346563 0.078331 0.093613 0.002473
4 0.036766 0.350248 0.020728 0.109876 0.001501
4 0.098329 0.316828 0.028313 0.127844 0.001501
4 0.099164 0.322218 0.030051 0.120509 0.001501
4 0.036200 0.352335 0.019450 0.111677 0.004070
4 0.036256 0.351131 0.019595 0.114101 0.002473
4 0.098196 0.327972 0.028876 0.111183 0.001501
4 0.703481 0.336916 0.022489 0.040061 0.010987
4 0.705602 0.338173 0.023762 0.041777 0.017986
4 0.707608 0.337004 0.027003 0.039705 0.010987
4 0.036763 0.352588 0.020603 0.111866 0.002473
4 0.702606 0.339272 0.020720 0.039558 0.017986
4 0.704687 0.339979 0.022609 0.038102 0.075858
4 0.707345 0.338306 0.027425 0.041490 0.017986
4 0.963811 0.382154 0.030868 0.055977 0.001501
5 0.036766 0.350248 0.020728 0.109876 0.002473
5 0.091236 0.316888 0.039211 0.127629 0.002473
5 0.098329 0.316828 0.028313 0.127844 0.010987
5 0.099164 0.322218 0.030051 0.120509 0.010987
5 0.036200 0.352335 0.019450 0.111677 0.002473
5 0.036256 0.351131 0.019595 0.114101 0.002473
5 0.073322 0.322776 0.078977 0.118702 0.002473
5 0.093357 0.318800 0.038856 0.124075 0.004070
5 0.097630 0.320560 0.029798 0.123377 0.017986
5 0.098196 0.327972 0.028876 0.111183 0.029312
5 0.703481 0.336916 0.022489 0.040061 0.047426
5 0.705602 0.338173 0.023762 0.041777 0.047426
5 0.707608 0.337004 0.027003 0.039705 0.047426
5 0.077648 0.326810 0.064227 0.107849 0.002473
5 0.092184 0.321584 0.040955 0.118606 0.002473
5 0.097620 0.322128 0.029901 0.115861 0.010987
5 0.099172 0.326192 0.029827 0.107731 0.010987
5 0.211814 0.345755 0.084747 0.094818 0.002473
5 0.221004 0.344232 0.067975 0.091696 0.001501
5 0.702606 0.339272 0.020720 0.039558 0.029312
5 0.704687 0.339979 0.022609 0.038102 0.075858
5 0.707345 0.338306 0.027425 0.041490 0.029312
5 0.092633 0.328858 0.040240 0.104323 0.001501
5 0.098026 0.326742 0.028966 0.106993 0.010987
5 0.099000 0.328234 0.030122 0.107438 0.017986
5 0.211724 0.345041 0.084902 0.096464 0.004070
5 0.219484 0.345148 0.070999 0.091015 0.002473
5 0.211833 0.347206 0.082917 0.092247 0.001501
5 0.214157 0.346563 0.078331 0.093613 0.001501
