0 0.630762 0.297914 0.025441 0.056950 0.004070
0 0.642306 0.303429 0.024964 0.068927 0.004070
0 0.516828 0.311671 0.008723 0.030632 0.004070
0 0.529685 0.317107 0.012599 0.056332 0.002473
0 0.517865 0.316914 0.004994 0.033716 0.010987
0 0.529710 0.323126 0.012548 0.045564 0.017986
0 0.592229 0.327236 0.012629 0.029554 0.002473
0 0.420597 0.328695 0.016244 0.043094 0.001501
0 0.524445 0.320478 0.014397 0.052139 0.001501
0 0.529718 0.323044 0.012593 0.049066 0.119203
0 0.593804 0.333577 0.015783 0.036322 0.006693
0 0.557913 0.324891 0.044020 0.082743 0.002473
0 0.840745 0.475168 0.073116 0.383015 0.001501
0 0.843935 0.479339 0.079070 0.369621 0.002473
0 0.840308 0.532166 0.069503 0.269023 0.001501
0 0.844265 0.408168 0.095033 0.490958 0.001170
1 0.472044 0.315591 0.016223 0.030201 0.001501
1 0.529685 0.317107 0.012599 0.056332 0.010987
1 0.634539 0.314190 0.036351 0.035752 0.006693
1 0.633284 0.320103 0.031977 0.047420 0.004070
1 0.328696 0.342352 0.167608 0.168682 0.817575
1 0.328498 0.342994 0.168016 0.168157 0.924142
1 0.328778 0.343016 0.167467 0.168100 0.880797
1 0.425106 0.318094 0.022181 0.020924 0.119203
1 0.426758 0.317188 0.025363 0.022700 0.119203
1 0.438247 0.317198 0.015953 0.019087 0.010987
1 0.458416 0.319608 0.014722 0.027537 0.075858
1 0.469416 0.317076 0.014446 0.022922 0.029312
1 0.473330 0.315303 0.017873 0.022872 0.002473
1 0.529710 0.323126 0.012548 0.045564 0.075858
1 0.558998 0.322012 0.054296 0.082208 0.006693
1 0.592229 0.327236 0.012629 0.029554 0.029312
1 0.599855 0.325170 0.022979 0.031976 0.001501
1 0.328685 0.342544 0.167619 0.167155 0.880797
1 0.328689 0.343112 0.167621 0.167204 0.880797
1 0.327726 0.343490 0.166490 0.167964 0.952574
1 0.327999 0.343326 0.165934 0.167534 0.924142
1 0.529718 0.323044 0.012593 0.049066 0.029312
1 0.593804 0.333577 0.015783 0.036322 0.010987
1 0.328479 0.342492 0.168012 0.168727 0.017986
1 0.328759 0.343143 0.167481 0.167893 0.924142
1 0.328692 0.343071 0.167617 0.168039 0.970688
1 0.327943 0.342870 0.166062 0.169192 0.982014
1 0.650566 0.348831 0.067838 0.099306 0.001501
2 0.427457 0.314938 0.023964 0.026979 0.001501
2 0.472044 0.315591 0.016223 0.030201 0.119203
2 0.474135 0.313046 0.017525 0.026945 0.010987
2 0.529685 0.317107 0.012599 0.056332 0.004070
2 0.425106 0.318094 0.022181 0.020924 0.010987
2 0.426758 0.317188 0.025363 0.022700 0.075858
2 0.438247 0.317198 0.015953 0.019087 0.002473
2 0.458416 0.319608 0.014722 0.027537 0.010987
2 0.469416 0.317076 0.014446 0.022922 0.010987
2 0.473330 0.315303 0.017873 0.022872 0.004070
2 0.529710 0.323126 0.012548 0.045564 0.001501
3 0.530465 0.311666 0.014279 0.065917 0.002473
3 0.558057 0.319914 0.052338 0.082461 0.047426
3 0.472044 0.315591 0.016223 0.030201 0.047426
3 0.474135 0.313046 0.017525 0.026945 0.002473
3 0.529685 0.317107 0.012599 0.056332 0.182426
3 0.558346 0.321361 0.052481 0.081979 0.622459
3 0.557196 0.321833 0.052134 0.082634 0.622459
3 0.558246 0.321211 0.052190 0.082056 0.731059
3 0.425106 0.318094 0.022181 0.020924 0.006693
3 0.426758 0.317188 0.025363 0.022700 0.006693
3 0.458416 0.319608 0.014722 0.027537 0.047426
3 0.469416 0.317076 0.014446 0.022922 0.017986
3 0.473330 0.315303 0.017873 0.022872 0.004070
3 0.529710 0.323126 0.012548 0.045564 0.075858
3 0.558454 0.321525 0.051860 0.081443 0.731059
3 0.558230 0.321775 0.052233 0.081127 0.731059
3 0.558646 0.321693 0.051384 0.082903 0.817575
3 0.558998 0.322012 0.054296 0.082208 0.182426
3 0.592229 0.327236 0.012629 0.029554 0.004070
3 0.529718 0.323044 0.012593 0.049066 0.017986
3 0.558181 0.322034 0.052536 0.080631 0.731059
3 0.558157 0.322172 0.050450 0.081959 0.731059
3 0.558262 0.321724 0.051771 0.081046 0.817575
3 0.835540 0.346384 0.335290 0.494791 0.880797
3 0.834603 0.346960 0.331041 0.493293 0.924142
3 0.834583 0.346796 0.334254 0.493174 0.904651
3 0.837606 0.346775 0.334415 0.498492 0.377541
3 0.836144 0.346499 0.333951 0.498016 0.880797
3 0.834609 0.349195 0.330860 0.498668 0.904651
3 0.834677 0.349400 0.333961 0.498202 0.904651
3 0.834710 0.349952 0.330831 0.494851 0.017986
3 0.836774 0.348843 0.332718 0.496345 0.904651
3 0.836035 0.348425 0.331127 0.497047 0.904651
3 0.835441 0.350184 0.335461 0.493713 0.904651
4 0.592229 0.327236 0.012629 0.029554 0.006693
4 0.028445 0.350374 0.010226 0.044049 0.001501
4 0.529718 0.323044 0.012593 0.049066 0.001501
4 0.593804 0.333577 0.015783 0.036322 0.017986
4 0.094734 0.366479 0.017632 0.045571 0.001501
5 0.529710 0.323126 0.012548 0.045564 0.006693
5 0.592229 0.327236 0.012629 0.029554 0.029312
5 0.529718 0.323044 0.012593 0.049066 0.017986
5 0.593804 0.333577 0.015783 0.036322 0.029312
5 0.600374 0.335090 0.028235 0.039377 0.001501
5 0.650430 0.348466 0.067830 0.100223 0.004070
5 0.651053 0.349564 0.069129 0.102267 0.731059
5 0.650990 0.349633 0.068910 0.102105 0.880797
5 0.651062 0.350635 0.069048 0.100262 0.817575
5 0.100980 0.365416 0.023285 0.040088 0.002473
5 0.650420 0.348513 0.067649 0.099886 0.731059
5 0.650446 0.348504 0.067875 0.099868 0.817575
5 0.651560 0.347606 0.068347 0.101674 0.817575
5 0.650449 0.348851 0.067828 0.099331 0.817575
5 0.650413 0.348760 0.067197 0.104096 0.006693
5 0.650517 0.348519 0.067856 0.099847 0.880797
5 0.650907 0.348630 0.066880 0.099603 0.817575
5 0.650566 0.348831 0.067838 0.099306 0.817575
