0 0.097853 0.292510 0.015041 0.075524 0.004070
0 0.264733 0.298468 0.017532 0.093057 0.001501
0 0.097281 0.298019 0.013866 0.086457 0.004070
0 0.307472 0.295658 0.007025 0.040159 0.002473
0 0.371432 0.299031 0.007324 0.043288 0.001501
0 0.097746 0.300843 0.014782 0.088437 0.010987
0 0.100064 0.301327 0.017052 0.091570 0.006693
0 0.227841 0.319928 0.011477 0.093078 0.002473
0 0.307694 0.297741 0.009629 0.036963 0.006693
0 0.333243 0.304009 0.008561 0.043990 0.002473
0 0.371124 0.302192 0.007864 0.040424 0.002473
0 0.405719 0.300517 0.005691 0.029676 0.001501
0 0.618133 0.313360 0.014394 0.038911 0.004070
0 0.097869 0.301785 0.014986 0.093574 0.017986
0 0.099108 0.302428 0.017309 0.092435 0.010987
0 0.227827 0.323478 0.011448 0.092445 0.002473
0 0.334401 0.306829 0.009305 0.048417 0.002473
0 0.616566 0.320552 0.014018 0.027236 0.002473
0 0.097778 0.302650 0.017695 0.093526 0.017986
0 0.099604 0.306114 0.017982 0.091135 0.002473
0 0.228496 0.324761 0.010094 0.090296 0.002473
0 0.263047 0.309040 0.020384 0.085657 0.001501
1 0.570290 0.328640 0.037581 0.056339 0.119203
1 0.569531 0.328616 0.039057 0.056249 0.182426
1 0.570301 0.328622 0.037520 0.056257 0.377541
1 0.482221 0.325413 0.021426 0.021145 0.002473
1 0.498858 0.322893 0.014816 0.020900 0.010987
1 0.499096 0.321571 0.017305 0.023574 0.001501
1 0.570961 0.327689 0.038877 0.053031 0.377541
1 0.570969 0.328721 0.036157 0.056020 0.182426
1 0.570983 0.326914 0.038882 0.054526 0.268941
1 0.570302 0.328680 0.037579 0.056133 0.377541
1 0.570966 0.328982 0.038862 0.055506 0.268941
1 0.570974 0.326953 0.038896 0.054456 0.377541
2 0.666436 0.290746 0.145501 0.099427 0.002473
2 0.570290 0.328640 0.037581 0.056339 0.006693
2 0.569531 0.328616 0.039057 0.056249 0.001501
2 0.570301 0.328622 0.037520 0.056257 0.002473
2 0.498858 0.322893 0.014816 0.020900 0.006693
2 0.499096 0.321571 0.017305 0.023574 0.006693
2 0.570961 0.327689 0.038877 0.053031 0.001501
2 0.589954 0.319067 0.017280 0.031682 0.001501
2 0.570302 0.328680 0.037579 0.056133 0.002473
2 0.570974 0.326953 0.038896 0.054456 0.001501
3 0.482184 0.317111 0.018734 0.038166 0.004070
3 0.498113 0.316847 0.015617 0.032898 0.002473
3 0.570290 0.328640 0.037581 0.056339 0.268941
3 0.569531 0.328616 0.039057 0.056249 0.268941
3 0.570301 0.328622 0.037520 0.056257 0.268941
3 0.482221 0.325413 0.021426 0.021145 0.004070
3 0.498858 0.322893 0.014816 0.020900 0.010987
3 0.499096 0.321571 0.017305 0.023574 0.010987
3 0.570961 0.327689 0.038877 0.053031 0.500000
3 0.570969 0.328721 0.036157 0.056020 0.377541
3 0.570983 0.326914 0.038882 0.054526 0.377541
3 0.570302 0.328680 0.037579 0.056133 0.377541
3 0.570966 0.328982 0.038862 0.055506 0.377541
3 0.570974 0.326953 0.038896 0.054456 0.377541
5 0.482221 0.325413 0.021426 0.021145 0.002473
