0 0.867282 0.344636 0.016409 0.152975 0.010987
0 0.992547 0.322236 0.015088 0.183231 0.001501
0 0.542989 0.312931 0.014078 0.042797 0.004070
0 0.792497 0.345050 0.035433 0.127794 0.004070
0 0.849841 0.348268 0.028518 0.125982 0.119203
0 0.850025 0.349098 0.031031 0.129550 0.268941
0 0.866927 0.343008 0.016478 0.150059 0.017986
0 0.991641 0.333757 0.017244 0.204579 0.001501
0 0.518811 0.333085 0.012687 0.042707 0.004070
0 0.534434 0.331033 0.011259 0.052978 0.001501
0 0.542984 0.317349 0.014096 0.051199 0.004070
0 0.793734 0.344980 0.037550 0.129464 0.268941
0 0.846896 0.350155 0.031324 0.127805 0.731059
0 0.847705 0.350542 0.032959 0.132250 0.731059
0 0.864619 0.344093 0.017848 0.146512 0.029312
0 0.542187 0.326985 0.012626 0.070063 0.006693
0 0.792965 0.345164 0.036028 0.129650 0.731059
0 0.793766 0.345288 0.037508 0.129266 0.731059
0 0.792979 0.345294 0.036013 0.129285 0.817575
0 0.847562 0.350571 0.033085 0.132208 0.731059
0 0.847589 0.350577 0.033148 0.132188 0.731059
0 0.859985 0.346263 0.024416 0.150599 0.029312
0 0.541439 0.333230 0.014171 0.074975 0.001501
0 0.793732 0.345314 0.037530 0.129326 0.731059
0 0.794528 0.346001 0.035957 0.131458 0.731059
0 0.793739 0.345435 0.037556 0.129153 0.817575
0 0.847491 0.349292 0.033222 0.129620 0.731059
0 0.847405 0.349279 0.033504 0.129644 0.817575
0 0.855396 0.347307 0.033544 0.148187 0.001501
0 0.190892 0.362018 0.032055 0.322101 0.010987
0 0.200022 0.343398 0.047649 0.365636 0.010987
0 0.315870 0.341021 0.058158 0.431617 0.010987
0 0.420939 0.343980 0.102025 0.486059 0.017986
0 0.420514 0.342847 0.103918 0.483054 0.029312
0 0.457659 0.405419 0.031580 0.284651 0.001501
0 0.792960 0.345178 0.036016 0.129663 0.622459
0 0.792996 0.344857 0.035951 0.130243 0.731059
0 0.794535 0.344691 0.035982 0.130693 0.817575
0 0.847488 0.349311 0.033217 0.129589 0.622459
0 0.847561 0.349288 0.033087 0.129624 0.817575
0 0.857532 0.348865 0.029568 0.150254 0.004070
0 0.190993 0.359141 0.032076 0.317908 0.029312
0 0.197261 0.341670 0.045089 0.364185 0.017986
0 0.317450 0.342607 0.068329 0.436137 0.006693
0 0.320329 0.341805 0.067409 0.437369 0.017986
0 0.326626 0.343334 0.076507 0.409899 0.004070
0 0.337215 0.394298 0.064839 0.238595 0.001501
0 0.388375 0.388003 0.037158 0.292569 0.002473
0 0.419611 0.342014 0.101897 0.483578 0.377541
0 0.419613 0.341815 0.103639 0.483762 0.029312
0 0.455353 0.403640 0.036268 0.317811 0.001501
0 0.460165 0.389928 0.029939 0.225936 0.001501
0 0.794517 0.344207 0.035973 0.135362 0.119203
0 0.847313 0.352434 0.033582 0.133656 0.622459
0 0.848227 0.351511 0.034418 0.130377 0.622459
0 0.862473 0.354628 0.023412 0.159076 0.004070
0 0.191063 0.351181 0.032304 0.329205 0.017986
0 0.195390 0.337522 0.038386 0.357031 0.010987
0 0.321812 0.338420 0.073986 0.424843 0.017986
0 0.325044 0.340256 0.077098 0.424481 0.119203
0 0.328593 0.343134 0.083080 0.416923 0.268941
0 0.332071 0.358670 0.076923 0.309782 0.006693
0 0.387170 0.386849 0.035738 0.352668 0.004070
0 0.451063 0.378156 0.044442 0.391461 0.002473
0 0.459706 0.387713 0.030859 0.223745 0.002473
0 0.864457 0.354593 0.021861 0.171994 0.006693
0 0.189959 0.358363 0.030310 0.314917 0.017986
0 0.195077 0.353428 0.037537 0.324268 0.017986
0 0.328646 0.348783 0.082417 0.406935 0.047426
0 0.328133 0.349847 0.082616 0.408367 0.268941
0 0.328463 0.352907 0.082933 0.401691 0.377541
0 0.330526 0.365801 0.078354 0.350236 0.010987
0 0.339139 0.373228 0.059968 0.284269 0.001501
0 0.448005 0.367149 0.048001 0.405114 0.001501
0 0.458866 0.386918 0.029335 0.252590 0.004070
0 0.191292 0.358562 0.029691 0.311302 0.010987
0 0.193734 0.369063 0.034668 0.293759 0.010987
0 0.328682 0.358838 0.084602 0.378857 0.029312
0 0.328044 0.358548 0.083222 0.382820 0.075858
0 0.328347 0.360689 0.082697 0.378227 0.047426
0 0.190018 0.420777 0.027042 0.186714 0.004070
0 0.191615 0.446664 0.033504 0.135007 0.002473
0 0.227014 0.355119 0.100756 0.602678 0.060087
0 0.331641 0.331689 0.098471 0.468081 0.001170
0 0.420852 0.339185 0.101445 0.483012 0.777300
0 0.420959 0.337239 0.098869 0.481759 0.817575
0 0.226572 0.351477 0.100257 0.600952 0.622459
0 0.227447 0.352413 0.098665 0.602706 0.622459
0 0.228063 0.355030 0.102976 0.600598 0.500000
0 0.328459 0.334795 0.089265 0.447256 0.014064
0 0.421150 0.337829 0.104200 0.480685 0.679179
0 0.420365 0.338601 0.100140 0.479275 0.679179
0 0.422160 0.338948 0.103484 0.483858 0.148047
0 0.226455 0.352642 0.100063 0.593235 0.622459
0 0.225843 0.350959 0.098448 0.595093 0.562177
0 0.226090 0.353870 0.105080 0.592400 0.679179
0 0.329143 0.334878 0.088063 0.455971 0.008577
0 0.421173 0.339091 0.104233 0.478294 0.731059
0 0.420408 0.339500 0.100052 0.477480 0.679179
0 0.422869 0.343342 0.105033 0.480716 0.377541
0 0.227129 0.349024 0.098746 0.594498 0.679179
0 0.226534 0.348338 0.096917 0.596269 0.562177
0 0.226958 0.351764 0.100488 0.591765 0.622459
0 0.420204 0.339773 0.102788 0.476913 0.731059
0 0.421011 0.340870 0.098750 0.479868 0.777300
0 0.227705 0.342463 0.101623 0.608970 0.003173
0 0.228253 0.346860 0.096852 0.600631 0.562177
0 0.228183 0.347601 0.099483 0.601019 0.075858
1 0.493173 0.337002 0.014475 0.021126 0.010987
1 0.506235 0.342465 0.025964 0.018488 0.002473
1 0.517002 0.347341 0.019840 0.023660 0.004070
2 0.493914 0.334799 0.012992 0.028814 0.002473
3 0.493173 0.337002 0.014475 0.021126 0.001501
5 0.517002 0.347341 0.019840 0.023660 0.002473
