0 0.019447 0.344144 0.013268 0.102634 0.001501
0 0.018905 0.348943 0.016329 0.082439 0.002473
0 0.995720 0.355319 0.008668 0.083910 0.004070
0 0.995722 0.361868 0.008584 0.071194 0.029312
0 0.995723 0.358097 0.008571 0.071292 0.047426
0 0.995732 0.358004 0.008550 0.071305 0.075858
1 0.499979 0.317192 0.042034 0.060706 0.880797
1 0.500000 0.318090 0.042013 0.062524 0.880797
1 0.499997 0.316293 0.042012 0.062503 0.817575
1 0.500039 0.317161 0.040410 0.060662 0.119203
1 0.269464 0.334321 0.035975 0.025012 0.002473
1 0.272390 0.333345 0.030299 0.022091 0.006693
1 0.272811 0.333758 0.029604 0.022447 0.002473
1 0.360123 0.325139 0.017544 0.012113 0.001501
1 0.499978 0.317172 0.042032 0.064303 0.817575
1 0.499991 0.316284 0.041987 0.062526 0.817575
1 0.499610 0.317182 0.041227 0.060715 0.817575
1 0.499627 0.318057 0.041231 0.062571 0.880797
1 0.763997 0.324436 0.016280 0.029051 0.001501
1 0.995720 0.355319 0.008668 0.083910 0.017986
1 0.004286 0.350442 0.008579 0.024648 0.119203
1 0.037771 0.364905 0.048767 0.047743 0.047426
1 0.041266 0.365876 0.045846 0.049277 0.075858
1 0.040395 0.365882 0.044291 0.046306 0.075858
1 0.041334 0.364942 0.045505 0.047473 0.075858
1 0.268159 0.336916 0.036724 0.025106 0.002473
1 0.270847 0.335323 0.033418 0.021854 0.006693
1 0.273606 0.334888 0.030962 0.020903 0.004070
1 0.499941 0.318067 0.041954 0.062597 0.182426
1 0.500388 0.317190 0.041197 0.060735 0.817575
1 0.499618 0.317178 0.041210 0.060750 0.880797
1 0.807133 0.325850 0.082210 0.093162 0.002473
1 0.806975 0.325494 0.080095 0.093878 0.002473
1 0.806333 0.323734 0.081130 0.092922 0.001501
1 0.945429 0.351750 0.021649 0.036849 0.817575
1 0.945721 0.353027 0.022259 0.034314 0.268941
1 0.974562 0.351941 0.016266 0.024248 0.010987
1 0.978102 0.351382 0.013179 0.022922 0.029312
1 0.995722 0.361868 0.008584 0.071194 0.047426
1 0.005776 0.359745 0.011571 0.042698 0.017986
1 0.036648 0.366571 0.049295 0.048201 0.075858
1 0.041679 0.366365 0.044830 0.045412 0.182426
1 0.041889 0.366999 0.044388 0.044253 0.182426
1 0.043550 0.366986 0.041072 0.044151 0.268941
1 0.151674 0.357169 0.022684 0.022460 0.004070
1 0.153165 0.356621 0.025273 0.020909 0.006693
1 0.160348 0.357194 0.038456 0.022469 0.004070
1 0.945502 0.352890 0.021786 0.039153 0.817575
1 0.945720 0.351752 0.022256 0.036908 0.268941
1 0.973632 0.354101 0.016658 0.024196 0.002473
1 0.978173 0.356106 0.016311 0.028395 0.004070
1 0.995723 0.358097 0.008571 0.071292 0.010987
1 0.012041 0.380450 0.024144 0.038279 0.006693
1 0.023224 0.373377 0.042967 0.050232 0.010987
1 0.040477 0.368830 0.044372 0.049025 0.119203
1 0.042327 0.368323 0.043520 0.045437 0.119203
1 0.043453 0.368353 0.041340 0.045477 0.268941
1 0.050987 0.372385 0.048410 0.044700 0.001501
1 0.995732 0.358004 0.008550 0.071305 0.004070
1 0.012324 0.393416 0.024759 0.043165 0.001501
2 0.405220 0.312626 0.025936 0.023085 0.119203
2 0.404496 0.313335 0.025807 0.023726 0.182426
2 0.405673 0.312528 0.027395 0.022137 0.006693
2 0.404670 0.313726 0.024833 0.023412 0.268941
2 0.404540 0.313166 0.024144 0.022673 0.377541
2 0.405931 0.314799 0.027609 0.021307 0.006693
2 0.004286 0.350442 0.008579 0.024648 0.001501
2 0.995722 0.361868 0.008584 0.071194 0.004070
3 0.499979 0.317192 0.042034 0.060706 0.002473
3 0.500000 0.318090 0.042013 0.062524 0.001501
3 0.499997 0.316293 0.042012 0.062503 0.004070
3 0.500039 0.317161 0.040410 0.060662 0.002473
3 0.807712 0.325482 0.081074 0.089332 0.182426
3 0.806964 0.326449 0.080190 0.087464 0.268941
3 0.807012 0.326146 0.082811 0.088067 0.377541
3 0.499627 0.318057 0.041231 0.062571 0.006693
3 0.806514 0.325105 0.081157 0.090185 0.500000
3 0.807018 0.326158 0.080143 0.092557 0.500000
3 0.807010 0.325991 0.079794 0.092920 0.500000
3 0.806616 0.324143 0.080813 0.092065 0.500000
3 0.995720 0.355319 0.008668 0.083910 0.002473
3 0.004286 0.350442 0.008579 0.024648 0.004070
3 0.499618 0.317178 0.041210 0.060750 0.001501
3 0.807133 0.325850 0.082210 0.093162 0.622459
3 0.806975 0.325494 0.080095 0.093878 0.500000
3 0.806333 0.323734 0.081130 0.092922 0.622459
3 0.807128 0.326306 0.079412 0.087730 0.047426
3 0.995722 0.361868 0.008584 0.071194 0.004070
3 0.043550 0.366986 0.041072 0.044151 0.001501
4 0.995723 0.358097 0.008571 0.071292 0.002473
4 0.995732 0.358004 0.008550 0.071305 0.004070
5 0.807712 0.325482 0.081074 0.089332 0.001501
5 0.806964 0.326449 0.080190 0.087464 0.001501
5 0.652381 0.318527 0.010820 0.040364 0.002473
5 0.806616 0.324143 0.080813 0.092065 0.001501
5 0.806333 0.323734 0.081130 0.092922 0.001501
5 0.978102 0.351382 0.013179 0.022922 0.001501
5 0.995722 0.361868 0.008584 0.071194 0.004070
5 0.041889 0.366999 0.044388 0.044253 0.001501
5 0.995723 0.358097 0.008571 0.071292 0.002473
5 0.042327 0.368323 0.043520 0.045437 0.001501
5 0.995732 0.358004 0.008550 0.071305 0.004070
