0 0.025913 0.338030 0.013759 0.068929 0.001501
0 0.028293 0.337212 0.012916 0.076211 0.006693
0 0.995733 0.351514 0.008613 0.115782 0.001501
0 0.995796 0.361034 0.008716 0.160516 0.002473
0 0.995749 0.367865 0.008696 0.145127 0.001501
1 0.009428 0.348588 0.021932 0.144541 0.029312
1 0.012780 0.333322 0.024271 0.116917 0.002473
1 0.012482 0.346219 0.024995 0.146323 0.500000
1 0.019416 0.339715 0.021150 0.109521 0.075858
1 0.023757 0.331676 0.019696 0.071033 0.017986
1 0.247907 0.329319 0.089841 0.075333 0.006693
1 0.247317 0.329343 0.088751 0.075390 0.817575
1 0.247386 0.329316 0.088843 0.075344 0.817575
1 0.275953 0.321779 0.040216 0.047739 0.004070
1 0.282102 0.317977 0.030366 0.037425 0.001501
1 0.320475 0.322843 0.038072 0.046661 0.047426
1 0.320616 0.323106 0.041586 0.047053 0.075858
1 0.352835 0.326510 0.105571 0.060169 0.001501
1 0.355374 0.328604 0.107592 0.060727 0.182426
1 0.354996 0.326504 0.105194 0.060114 0.268941
1 0.357126 0.324722 0.100220 0.056542 0.029312
1 0.375327 0.314474 0.073279 0.045669 0.075858
1 0.410183 0.321737 0.051447 0.041327 0.377541
1 0.410277 0.321448 0.051456 0.041910 0.500000
1 0.411007 0.321701 0.053005 0.041218 0.622459
1 0.411675 0.321292 0.051750 0.040405 0.377541
1 0.757612 0.308134 0.046044 0.027900 0.010987
1 0.757138 0.309763 0.042561 0.026614 0.004070
1 0.757424 0.308672 0.048205 0.029166 0.004070
1 0.817877 0.323269 0.014297 0.050024 0.017986
1 0.853880 0.326195 0.073343 0.085132 0.010987
1 0.855234 0.329182 0.073631 0.091057 0.010987
1 0.855613 0.332279 0.074026 0.097246 0.017986
1 0.855046 0.336731 0.073314 0.106259 0.004070
1 0.994403 0.324855 0.011239 0.079621 0.006693
1 0.012500 0.348987 0.025028 0.151500 0.731059
1 0.014209 0.351270 0.027628 0.143865 0.119203
1 0.023233 0.339067 0.019061 0.072089 0.047426
1 0.080645 0.345790 0.092121 0.128340 0.880797
1 0.081976 0.345928 0.092066 0.128137 0.817575
1 0.081964 0.345906 0.092087 0.128111 0.880797
1 0.125056 0.338530 0.022311 0.043108 0.004070
1 0.135810 0.338168 0.018609 0.041726 0.622459
1 0.135860 0.339058 0.018770 0.043513 0.377541
1 0.181931 0.340825 0.083052 0.088714 0.880797
1 0.182479 0.341013 0.081968 0.089096 0.817575
1 0.182193 0.340861 0.079794 0.088818 0.924142
1 0.247463 0.331271 0.091831 0.074177 0.880797
1 0.247321 0.330009 0.088756 0.076733 0.880797
1 0.247881 0.329996 0.087624 0.076750 0.880797
1 0.246828 0.329970 0.087530 0.076688 0.880797
1 0.285641 0.325006 0.029257 0.033463 0.075858
1 0.288021 0.326983 0.024125 0.029098 0.182426
1 0.317517 0.323945 0.035257 0.046287 0.047426
1 0.319011 0.324950 0.038268 0.052822 0.047426
1 0.355166 0.328193 0.110320 0.057162 0.731059
1 0.355551 0.328210 0.107829 0.057085 0.817575
1 0.355547 0.329309 0.107829 0.059389 0.880797
1 0.356953 0.328180 0.107555 0.057142 0.731059
1 0.356325 0.326594 0.106617 0.060293 0.377541
1 0.410139 0.322394 0.051164 0.041968 0.731059
1 0.411686 0.321852 0.051507 0.040822 0.817575
1 0.411010 0.321927 0.052910 0.040664 0.817575
1 0.411657 0.321032 0.051722 0.040654 0.817575
1 0.443038 0.322893 0.017759 0.020931 0.268941
1 0.454000 0.322920 0.014088 0.011270 0.047426
1 0.506311 0.323830 0.012656 0.009445 0.075858
1 0.517421 0.325338 0.016232 0.016129 0.010987
1 0.529051 0.326235 0.014051 0.014279 0.182426
1 0.543027 0.327535 0.014377 0.016853 0.377541
1 0.566225 0.326248 0.026731 0.027529 0.500000
1 0.566794 0.326246 0.027857 0.027520 0.622459
1 0.599088 0.330918 0.057989 0.036853 0.731059
1 0.599116 0.329639 0.057907 0.039416 0.817575
1 0.600019 0.330011 0.055946 0.035050 0.817575
1 0.600135 0.330916 0.056247 0.036846 0.731059
1 0.652356 0.334470 0.051678 0.049078 0.731059
1 0.652260 0.335750 0.051450 0.046523 0.817575
1 0.651531 0.335744 0.053067 0.046514 0.731059
1 0.652331 0.334472 0.051570 0.049054 0.731059
1 0.702417 0.336659 0.077553 0.053582 0.006693
1 0.704896 0.340055 0.078990 0.064765 0.268941
1 0.705176 0.340053 0.079540 0.064762 0.817575
1 0.706034 0.340058 0.079075 0.064781 0.817575
1 0.705692 0.340033 0.078241 0.064798 0.001501
1 0.777131 0.352856 0.087465 0.085936 0.500000
1 0.776940 0.354122 0.087243 0.083404 0.731059
1 0.818576 0.326564 0.015955 0.049072 0.029312
1 0.853237 0.338914 0.077143 0.111204 0.010987
1 0.995188 0.333160 0.009650 0.064940 0.010987
1 0.013261 0.346466 0.026576 0.150705 0.731059
1 0.013967 0.349096 0.027903 0.145489 0.731059
1 0.025913 0.338030 0.013759 0.068929 0.047426
1 0.081917 0.345918 0.091911 0.128154 0.817575
1 0.081942 0.345802 0.091974 0.128353 0.880797
1 0.081946 0.345944 0.091965 0.128160 0.924142
1 0.081944 0.345825 0.091982 0.128403 0.924142
1 0.127642 0.338338 0.024704 0.045332 0.004070
1 0.136455 0.338181 0.017147 0.041641 0.622459
1 0.136269 0.338156 0.019545 0.041697 0.377541
1 0.181237 0.341088 0.081648 0.089217 0.047426
1 0.181793 0.340955 0.080620 0.088928 0.817575
1 0.182869 0.339940 0.081184 0.091428 0.880797
1 0.182870 0.341074 0.081167 0.089163 0.924142
1 0.181850 0.340968 0.080542 0.088900 0.017986
1 0.247881 0.331272 0.089882 0.074145 0.817575
1 0.247344 0.329359 0.088684 0.075397 0.880797
1 0.247880 0.329352 0.087612 0.075388 0.924142
1 0.246789 0.330607 0.087447 0.072851 0.817575
1 0.283483 0.330192 0.030584 0.050939 0.001501
1 0.288679 0.329248 0.023672 0.034191 0.017986
1 0.313580 0.326369 0.027274 0.050649 0.010987
1 0.323214 0.327044 0.046422 0.054383 0.010987
1 0.355541 0.329358 0.107565 0.059423 0.731059
1 0.356251 0.328234 0.108876 0.057022 0.817575
1 0.356246 0.328232 0.106431 0.057006 0.817575
1 0.356950 0.329412 0.107820 0.059204 0.817575
1 0.356298 0.327692 0.108722 0.058235 0.268941
1 0.402787 0.324642 0.034378 0.045966 0.047426
1 0.409886 0.322914 0.052929 0.042921 0.029312
1 0.410126 0.323223 0.051670 0.042292 0.006693
1 0.600040 0.330927 0.058300 0.036924 0.817575
1 0.600107 0.330907 0.058397 0.036960 0.817575
1 0.599997 0.330012 0.056178 0.035122 0.817575
1 0.600131 0.330013 0.053508 0.035104 0.817575
1 0.652296 0.335732 0.051579 0.046547 0.731059
1 0.650906 0.335736 0.051798 0.046539 0.817575
1 0.651613 0.335726 0.053235 0.046531 0.817575
1 0.652401 0.336627 0.051735 0.048330 0.731059
1 0.705473 0.341174 0.080148 0.062550 0.817575
1 0.705703 0.341330 0.078421 0.067353 0.817575
1 0.705069 0.340429 0.079301 0.069158 0.924142
1 0.705686 0.340043 0.078292 0.064820 0.880797
1 0.777132 0.354108 0.087635 0.083444 0.880797
1 0.777734 0.354143 0.088596 0.088489 0.880797
1 0.776750 0.354145 0.088284 0.083394 0.924142
1 0.778129 0.355403 0.087409 0.086032 0.817575
1 0.818710 0.331320 0.015681 0.051426 0.006693
1 0.854501 0.355667 0.078220 0.131994 0.817575
1 0.854508 0.366669 0.078205 0.109767 0.731059
1 0.854692 0.368956 0.078583 0.105189 0.817575
1 0.935724 0.370923 0.068385 0.133010 0.817575
1 0.935725 0.370242 0.068403 0.129188 0.817575
1 0.995188 0.338694 0.009669 0.073476 0.006693
1 0.013238 0.346267 0.026612 0.151626 0.731059
1 0.013278 0.346272 0.026560 0.150954 0.817575
1 0.028293 0.337212 0.012916 0.076211 0.029312
1 0.081257 0.345746 0.090620 0.128528 0.880797
1 0.082028 0.346845 0.089083 0.129970 0.924142
1 0.081925 0.347971 0.091981 0.132222 0.952574
1 0.181788 0.340841 0.080608 0.088697 0.880797
1 0.182468 0.340765 0.081964 0.088552 0.924142
1 0.182872 0.340770 0.081134 0.088542 0.924142
1 0.705479 0.341338 0.080114 0.067386 0.817575
1 0.706004 0.340063 0.079018 0.064797 0.880797
1 0.705625 0.340062 0.078256 0.064798 0.924142
1 0.706100 0.340046 0.079024 0.064832 0.182426
1 0.776823 0.354160 0.088313 0.083363 0.924142
1 0.776821 0.354167 0.088325 0.083351 0.880797
1 0.777288 0.354161 0.089362 0.083368 0.924142
1 0.777635 0.354133 0.086442 0.083416 0.880797
1 0.853710 0.369686 0.079351 0.107250 0.731059
1 0.854504 0.371874 0.078212 0.102869 0.817575
1 0.854464 0.372296 0.078132 0.102022 0.880797
1 0.854585 0.370978 0.078341 0.101119 0.880797
1 0.935717 0.370936 0.068360 0.133073 0.880797
1 0.935510 0.370961 0.067962 0.133084 0.880797
1 0.935725 0.371643 0.068375 0.131806 0.880797
1 0.935716 0.369654 0.068361 0.130658 0.924142
1 0.013264 0.347322 0.026604 0.152794 0.817575
1 0.013963 0.347768 0.027888 0.148114 0.817575
1 0.777689 0.354153 0.088576 0.083403 0.500000
1 0.777284 0.351597 0.089515 0.083426 0.002473
1 0.853900 0.374664 0.079712 0.097302 0.880797
1 0.854575 0.374146 0.078357 0.098339 0.880797
1 0.854586 0.374019 0.078340 0.098598 0.880797
1 0.935728 0.369579 0.068373 0.130881 0.880797
1 0.935015 0.370910 0.070034 0.133165 0.817575
1 0.935717 0.372175 0.068385 0.135680 0.880797
1 0.935715 0.371483 0.068366 0.131953 0.924142
1 0.013289 0.348122 0.026628 0.147690 0.731059
1 0.013300 0.349277 0.026562 0.148562 0.622459
2 0.375327 0.314474 0.073279 0.045669 0.017986
2 0.757612 0.308134 0.046044 0.027900 0.029312
2 0.757138 0.309763 0.042561 0.026614 0.010987
2 0.757424 0.308672 0.048205 0.029166 0.029312
2 0.853880 0.326195 0.073343 0.085132 0.002473
2 0.855234 0.329182 0.073631 0.091057 0.004070
2 0.855613 0.332279 0.074026 0.097246 0.004070
2 0.855046 0.336731 0.073314 0.106259 0.002473
2 0.994403 0.324855 0.011239 0.079621 0.001501
2 0.757618 0.319292 0.050200 0.048381 0.004070
2 0.764097 0.317038 0.061317 0.037826 0.006693
2 0.853237 0.338914 0.077143 0.111204 0.002473
3 0.009428 0.348588 0.021932 0.144541 0.002473
3 0.361727 0.312759 0.082195 0.070802 0.001501
3 0.365041 0.306664 0.071040 0.058578 0.001501
3 0.376538 0.300697 0.072860 0.040963 0.001501
3 0.994360 0.314339 0.011326 0.105678 0.002473
3 0.012482 0.346219 0.024995 0.146323 0.002473
3 0.282102 0.317977 0.030366 0.037425 0.001501
3 0.320475 0.322843 0.038072 0.046661 0.002473
3 0.320616 0.323106 0.041586 0.047053 0.002473
3 0.375327 0.314474 0.073279 0.045669 0.029312
3 0.757612 0.308134 0.046044 0.027900 0.119203
3 0.757138 0.309763 0.042561 0.026614 0.075858
3 0.757424 0.308672 0.048205 0.029166 0.029312
3 0.808579 0.319461 0.026437 0.046628 0.002473
3 0.817877 0.323269 0.014297 0.050024 0.006693
3 0.853880 0.326195 0.073343 0.085132 0.001501
3 0.855613 0.332279 0.074026 0.097246 0.002473
3 0.855046 0.336731 0.073314 0.106259 0.001501
3 0.994403 0.324855 0.011239 0.079621 0.004070
3 0.288021 0.326983 0.024125 0.029098 0.002473
3 0.319011 0.324950 0.038268 0.052822 0.001501
3 0.443038 0.322893 0.017759 0.020931 0.004070
3 0.529051 0.326235 0.014051 0.014279 0.002473
3 0.543027 0.327535 0.014377 0.016853 0.001501
3 0.566225 0.326248 0.026731 0.027529 0.001501
3 0.566794 0.326246 0.027857 0.027520 0.002473
3 0.757618 0.319292 0.050200 0.048381 0.001501
3 0.764097 0.317038 0.061317 0.037826 0.010987
3 0.818576 0.326564 0.015955 0.049072 0.006693
3 0.853237 0.338914 0.077143 0.111204 0.001501
3 0.995188 0.333160 0.009650 0.064940 0.004070
3 0.995188 0.338694 0.009669 0.073476 0.002473
3 0.013289 0.348122 0.026628 0.147690 0.004070
3 0.013300 0.349277 0.026562 0.148562 0.002473
5 0.402787 0.324642 0.034378 0.045966 0.001501
5 0.409886 0.322914 0.052929 0.042921 0.006693
5 0.028293 0.337212 0.012916 0.076211 0.001501
