0 0.532009 0.324211 0.011074 0.049420 0.004070
0 0.582875 0.313824 0.006252 0.039964 0.004070
0 0.614717 0.314883 0.012671 0.036943 0.001501
0 0.269975 0.330896 0.007027 0.036811 0.182426
0 0.360169 0.322671 0.017430 0.021430 0.002473
0 0.530411 0.327189 0.011219 0.044080 0.004070
0 0.539136 0.321633 0.010471 0.036519 0.001501
0 0.582859 0.316639 0.006286 0.038842 0.004070
0 0.270369 0.333347 0.006222 0.036594 0.119203
0 0.528983 0.327807 0.011286 0.043217 0.002473
1 0.426265 0.288627 0.094414 0.147334 0.004070
1 0.005504 0.324182 0.011067 0.068775 0.002473
1 0.614717 0.314883 0.012671 0.036943 0.001501
1 0.005521 0.333966 0.011128 0.063314 0.002473
1 0.104390 0.337822 0.032398 0.051830 0.001501
1 0.110967 0.339806 0.022118 0.049617 0.029312
1 0.112622 0.339326 0.019016 0.048596 0.029312
1 0.277620 0.330673 0.021567 0.031470 0.001501
1 0.299861 0.326604 0.024834 0.023236 0.047426
1 0.305168 0.325482 0.035314 0.020927 0.047426
1 0.318606 0.325329 0.015960 0.016057 0.075858
1 0.360169 0.322671 0.017430 0.021430 0.006693
1 0.365836 0.318307 0.024618 0.030201 0.004070
1 0.482037 0.321678 0.014098 0.023609 0.622459
1 0.495968 0.320512 0.011191 0.016036 0.377541
1 0.506015 0.320868 0.010430 0.011776 0.006693
1 0.520581 0.323194 0.010618 0.027134 0.001501
1 0.530411 0.327189 0.011219 0.044080 0.002473
1 0.614741 0.318958 0.012593 0.023850 0.002473
1 0.006355 0.339054 0.012805 0.056703 0.004070
1 0.104145 0.339420 0.030284 0.048542 0.002473
1 0.110320 0.340195 0.020805 0.050056 0.017986
1 0.111309 0.339644 0.019491 0.049218 0.047426
1 0.482045 0.326762 0.017285 0.038647 0.001501
1 0.110145 0.341129 0.017431 0.050090 0.006693
1 0.113573 0.341900 0.017537 0.053170 0.010987
2 0.426245 0.288587 0.094422 0.147262 0.880797
2 0.426282 0.288597 0.094416 0.147259 0.880797
2 0.426265 0.288627 0.094414 0.147334 0.924142
2 0.426446 0.287779 0.096998 0.149088 0.880797
2 0.426253 0.287768 0.094424 0.149115 0.880797
2 0.427008 0.287723 0.095990 0.149026 0.924142
2 0.425725 0.287100 0.095467 0.147803 0.952574
2 0.339131 0.314787 0.067747 0.036988 0.006693
2 0.337433 0.313577 0.071720 0.034314 0.017986
2 0.339123 0.313588 0.067621 0.034287 0.017986
2 0.355144 0.315798 0.043968 0.035091 0.010987
2 0.364467 0.314903 0.027126 0.036874 0.010987
2 0.426515 0.288205 0.096908 0.150067 0.010987
2 0.426251 0.287702 0.094423 0.149071 0.880797
2 0.427009 0.287675 0.095986 0.149013 0.924142
2 0.426246 0.288160 0.094448 0.149968 0.924142
2 0.325955 0.319523 0.031517 0.022627 0.001501
2 0.343474 0.318709 0.044300 0.029393 0.004070
2 0.365836 0.318307 0.024618 0.030201 0.004070
3 0.184968 0.303214 0.104583 0.097462 0.001501
3 0.194420 0.308395 0.089633 0.108357 0.001501
3 0.426265 0.288627 0.094414 0.147334 0.002473
3 0.194413 0.309751 0.090685 0.103638 0.001501
3 0.200558 0.310513 0.074165 0.098387 0.004070
3 0.205230 0.311225 0.064731 0.096528 0.002473
3 0.208547 0.312911 0.055093 0.099058 0.002473
3 0.005504 0.324182 0.011067 0.068775 0.004070
3 0.207538 0.316444 0.060728 0.094514 0.001501
3 0.210443 0.314467 0.054420 0.100444 0.001501
3 0.364467 0.314903 0.027126 0.036874 0.002473
3 0.005521 0.333966 0.011128 0.063314 0.002473
3 0.160350 0.331862 0.087475 0.102614 0.924142
3 0.160216 0.332411 0.085504 0.103126 0.817575
3 0.159847 0.332142 0.088414 0.103855 0.817575
3 0.160220 0.331614 0.085491 0.104900 0.880797
3 0.210510 0.332208 0.054215 0.058385 0.006693
3 0.212446 0.331614 0.050447 0.055927 0.004070
3 0.213824 0.331836 0.050728 0.057168 0.004070
3 0.299861 0.326604 0.024834 0.023236 0.002473
3 0.305168 0.325482 0.035314 0.020927 0.004070
3 0.318606 0.325329 0.015960 0.016057 0.001501
3 0.360169 0.322671 0.017430 0.021430 0.001501
3 0.365836 0.318307 0.024618 0.030201 0.004070
3 0.482037 0.321678 0.014098 0.023609 0.002473
3 0.495968 0.320512 0.011191 0.016036 0.004070
3 0.111309 0.339644 0.019491 0.049218 0.002473
3 0.159298 0.331649 0.087560 0.102855 0.817575
3 0.159776 0.332111 0.086480 0.103735 0.817575
3 0.159798 0.331825 0.088503 0.104306 0.817575
3 0.159791 0.331423 0.088448 0.103481 0.880797
3 0.208499 0.329491 0.044905 0.054967 0.004070
3 0.214374 0.329967 0.045663 0.054098 0.004070
3 0.158599 0.332125 0.088973 0.101797 0.817575
3 0.159103 0.331816 0.090006 0.102418 0.880797
4 0.270369 0.333347 0.006222 0.036594 0.001501
4 0.528983 0.327807 0.011286 0.043217 0.002473
5 0.532009 0.324211 0.011074 0.049420 0.029312
5 0.110967 0.339806 0.022118 0.049617 0.004070
5 0.112622 0.339326 0.019016 0.048596 0.002473
5 0.269975 0.330896 0.007027 0.036811 0.002473
5 0.277620 0.330673 0.021567 0.031470 0.001501
5 0.360169 0.322671 0.017430 0.021430 0.001501
5 0.520581 0.323194 0.010618 0.027134 0.006693
5 0.530411 0.327189 0.011219 0.044080 0.377541
5 0.110320 0.340195 0.020805 0.050056 0.006693
5 0.111309 0.339644 0.019491 0.049218 0.002473
5 0.270369 0.333347 0.006222 0.036594 0.004070
5 0.276337 0.332528 0.019691 0.034060 0.002473
5 0.526696 0.328749 0.018914 0.042491 0.017986
5 0.528983 0.327807 0.011286 0.043217 0.377541
5 0.535231 0.327841 0.020203 0.044563 0.001501
5 0.110145 0.341129 0.017431 0.050090 0.004070
5 0.113573 0.341900 0.017537 0.053170 0.002473
5 0.727434 0.370580 0.148399 0.295712 0.817575
5 0.726389 0.370712 0.147283 0.295041 0.880797
5 0.724922 0.370459 0.150238 0.295423 0.500000
5 0.728780 0.375609 0.150794 0.291714 0.817575
5 0.728671 0.376102 0.150749 0.290198 0.817575
5 0.727191 0.374583 0.151472 0.293145 0.817575
5 0.726530 0.373686 0.152862 0.294754 0.817575
5 0.728967 0.375674 0.152018 0.290715 0.029312
5 0.728158 0.369719 0.151877 0.297351 0.731059
5 0.727205 0.369519 0.151504 0.297543 0.817575
5 0.727274 0.368299 0.151322 0.299887 0.817575
5 0.728851 0.366287 0.148490 0.311141 0.010987
