0 0.779887 0.261958 0.019033 0.061169 0.002473
0 0.015210 0.315419 0.030437 0.107459 0.001501
0 0.015378 0.316274 0.030707 0.102565 0.004070
0 0.067982 0.312073 0.011062 0.077693 0.004070
0 0.082722 0.307514 0.020345 0.064011 0.001501
0 0.086249 0.307825 0.016967 0.064699 0.006693
0 0.647380 0.319689 0.016745 0.088638 0.047426
0 0.649698 0.320584 0.016093 0.086693 0.047426
0 0.780488 0.267461 0.017536 0.058532 0.001501
0 0.014978 0.318421 0.030006 0.107361 0.004070
0 0.015966 0.318528 0.028793 0.107034 0.006693
0 0.068022 0.314619 0.011083 0.073625 0.006693
0 0.307206 0.313523 0.004914 0.034317 0.001501
0 0.318759 0.315139 0.006766 0.031123 0.006693
0 0.329631 0.314483 0.006233 0.032444 0.004070
0 0.381285 0.313858 0.006842 0.028715 0.001501
0 0.419440 0.313440 0.008144 0.025971 0.001501
0 0.602242 0.324644 0.011058 0.056960 0.002473
0 0.621689 0.308910 0.012700 0.035868 0.004070
0 0.627087 0.310449 0.013261 0.041073 0.001501
0 0.649043 0.324303 0.015158 0.080615 0.268941
0 0.649837 0.323820 0.014732 0.081530 0.182426
0 0.014234 0.321011 0.028499 0.113292 0.017986
0 0.014706 0.319857 0.029255 0.109391 0.010987
0 0.318754 0.316101 0.004585 0.029416 0.010987
0 0.330716 0.316406 0.005672 0.028859 0.010987
0 0.358660 0.318278 0.007862 0.025113 0.004070
0 0.382211 0.317922 0.004916 0.021342 0.004070
0 0.418767 0.316520 0.006769 0.017788 0.010987
0 0.602036 0.327114 0.010379 0.048770 0.006693
0 0.648971 0.324289 0.015029 0.082566 0.182426
0 0.650112 0.324073 0.014185 0.081051 0.119203
0 0.014095 0.320076 0.028220 0.110122 0.017986
0 0.014613 0.319237 0.028996 0.111474 0.017986
0 0.603008 0.328233 0.009642 0.052260 0.006693
0 0.649429 0.325091 0.014372 0.080226 0.182426
0 0.650114 0.324160 0.014191 0.080941 0.119203
0 0.678405 0.336687 0.024151 0.048548 0.002473
0 0.014755 0.324517 0.026495 0.101293 0.010987
0 0.014000 0.321908 0.027940 0.106372 0.004070
0 0.648859 0.327305 0.014805 0.077734 0.075858
0 0.649711 0.326772 0.016091 0.078841 0.047426
1 0.015033 0.278513 0.030115 0.179416 0.001501
1 0.015687 0.282385 0.031301 0.164599 0.001501
1 0.015210 0.315419 0.030437 0.107459 0.006693
1 0.015378 0.316274 0.030707 0.102565 0.010987
1 0.017684 0.313596 0.032045 0.096183 0.004070
1 0.014978 0.318421 0.030006 0.107361 0.017986
1 0.015966 0.318528 0.028793 0.107034 0.017986
1 0.017905 0.314422 0.031908 0.098011 0.004070
1 0.014234 0.321011 0.028499 0.113292 0.002473
1 0.014706 0.319857 0.029255 0.109391 0.006693
1 0.396442 0.319552 0.015183 0.014415 0.017986
1 0.418767 0.316520 0.006769 0.017788 0.004070
1 0.431240 0.320376 0.009490 0.020930 0.075858
1 0.442559 0.325751 0.019305 0.051733 0.006693
1 0.508245 0.325254 0.008618 0.026728 0.006693
1 0.518753 0.322905 0.012734 0.015812 0.010987
1 0.529581 0.320438 0.010140 0.016200 0.004070
1 0.623496 0.324472 0.019255 0.026265 0.001501
1 0.625031 0.326405 0.019294 0.028890 0.002473
1 0.677227 0.332443 0.027192 0.050021 0.002473
1 0.678428 0.332009 0.023993 0.044247 0.001501
1 0.014095 0.320076 0.028220 0.110122 0.002473
1 0.014613 0.319237 0.028996 0.111474 0.002473
1 0.447691 0.328836 0.023872 0.060527 0.001501
1 0.471294 0.324527 0.071780 0.077140 0.001501
2 0.010908 0.261374 0.022271 0.230724 0.004070
2 0.012868 0.262330 0.025829 0.219695 0.002473
2 0.012715 0.264742 0.025584 0.207696 0.010987
2 0.013873 0.268678 0.027749 0.190522 0.010987
2 0.468694 0.282249 0.081382 0.143430 0.001501
2 0.469292 0.279732 0.080391 0.143370 0.002473
2 0.015033 0.278513 0.030115 0.179416 0.006693
2 0.015687 0.282385 0.031301 0.164599 0.010987
2 0.468800 0.282556 0.079300 0.148547 0.622459
2 0.469207 0.283667 0.078491 0.150754 0.622459
2 0.468743 0.284968 0.081501 0.148323 0.500000
2 0.470641 0.283878 0.079976 0.146121 0.001501
2 0.469188 0.283756 0.078488 0.151105 0.622459
2 0.469196 0.284721 0.078468 0.152810 0.731059
2 0.468211 0.285950 0.080439 0.150102 0.622459
2 0.429801 0.313926 0.009661 0.028886 0.001501
2 0.469260 0.286607 0.076758 0.148814 0.500000
2 0.468929 0.286146 0.077225 0.152355 0.622459
2 0.468952 0.290522 0.078530 0.143427 0.268941
2 0.468703 0.321769 0.077657 0.078620 0.075858
2 0.498659 0.317719 0.024642 0.043361 0.002473
2 0.431240 0.320376 0.009490 0.020930 0.004070
2 0.469795 0.321345 0.075239 0.079318 0.017986
2 0.471294 0.324527 0.071780 0.077140 0.017986
2 0.470622 0.323565 0.071388 0.079084 0.001501
3 0.012715 0.264742 0.025584 0.207696 0.001501
3 0.013873 0.268678 0.027749 0.190522 0.001501
3 0.469292 0.279732 0.080391 0.143370 0.004070
3 0.015033 0.278513 0.030115 0.179416 0.010987
3 0.015687 0.282385 0.031301 0.164599 0.010987
3 0.468800 0.282556 0.079300 0.148547 0.017986
3 0.469207 0.283667 0.078491 0.150754 0.029312
3 0.468743 0.284968 0.081501 0.148323 0.047426
3 0.015210 0.315419 0.030437 0.107459 0.017986
3 0.015378 0.316274 0.030707 0.102565 0.010987
3 0.469188 0.283756 0.078488 0.151105 0.002473
3 0.469196 0.284721 0.078468 0.152810 0.004070
3 0.468211 0.285950 0.080439 0.150102 0.004070
3 0.014978 0.318421 0.030006 0.107361 0.017986
3 0.015966 0.318528 0.028793 0.107034 0.010987
3 0.017905 0.314422 0.031908 0.098011 0.001501
3 0.429801 0.313926 0.009661 0.028886 0.002473
3 0.573453 0.321836 0.050067 0.078184 0.004070
3 0.574228 0.322439 0.051545 0.079423 0.817575
3 0.574996 0.322891 0.050016 0.078513 0.817575
3 0.014234 0.321011 0.028499 0.113292 0.004070
3 0.014706 0.319857 0.029255 0.109391 0.004070
3 0.418767 0.316520 0.006769 0.017788 0.001501
3 0.431240 0.320376 0.009490 0.020930 0.004070
3 0.442559 0.325751 0.019305 0.051733 0.001501
3 0.508245 0.325254 0.008618 0.026728 0.001501
3 0.518753 0.322905 0.012734 0.015812 0.002473
3 0.529581 0.320438 0.010140 0.016200 0.001501
3 0.574237 0.321778 0.048498 0.078182 0.817575
3 0.574230 0.322449 0.051540 0.079408 0.817575
3 0.574996 0.322204 0.050016 0.077221 0.817575
3 0.573487 0.322391 0.050052 0.079594 0.880797
3 0.471294 0.324527 0.071780 0.077140 0.001501
3 0.574995 0.322418 0.050048 0.079476 0.817575
3 0.574999 0.322205 0.050010 0.077223 0.817575
3 0.574231 0.322413 0.048485 0.079440 0.817575
3 0.575023 0.322371 0.050051 0.079525 0.817575
4 0.678428 0.332009 0.023993 0.044247 0.002473
4 0.678405 0.336687 0.024151 0.048548 0.002473
4 0.014755 0.324517 0.026495 0.101293 0.001501
4 0.014000 0.321908 0.027940 0.106372 0.001501
5 0.014978 0.318421 0.030006 0.107361 0.010987
5 0.015966 0.318528 0.028793 0.107034 0.010987
5 0.014234 0.321011 0.028499 0.113292 0.006693
5 0.014706 0.319857 0.029255 0.109391 0.010987
5 0.014095 0.320076 0.028220 0.110122 0.006693
5 0.014613 0.319237 0.028996 0.111474 0.017986
5 0.447691 0.328836 0.023872 0.060527 0.001501
5 0.014755 0.324517 0.026495 0.101293 0.006693
5 0.014000 0.321908 0.027940 0.106372 0.006693
