0 0.907736 0.283907 0.018725 0.099986 0.002473
0 0.909524 0.283219 0.023232 0.104129 0.001501
0 0.907718 0.293384 0.018808 0.115057 0.002473
0 0.909661 0.295073 0.023003 0.121644 0.002473
0 0.148568 0.303308 0.012688 0.065447 0.006693
0 0.151246 0.300700 0.015109 0.054906 0.004070
0 0.188655 0.296516 0.019550 0.057099 0.010987
0 0.189860 0.297631 0.014532 0.053777 0.029312
0 0.194650 0.296566 0.032959 0.052718 0.001501
0 0.634744 0.314571 0.011559 0.071704 0.004070
0 0.716514 0.312092 0.011261 0.066746 0.004070
0 0.907662 0.300467 0.021189 0.133060 0.004070
0 0.909649 0.302733 0.022918 0.138870 0.004070
0 0.123215 0.309276 0.018458 0.049051 0.006693
0 0.126812 0.308206 0.013480 0.050327 0.001501
0 0.148143 0.307203 0.013417 0.052280 0.006693
0 0.150181 0.304521 0.014105 0.052668 0.006693
0 0.188008 0.296842 0.018368 0.057243 0.006693
0 0.190962 0.297756 0.015036 0.053802 0.017986
0 0.196308 0.303408 0.032834 0.039902 0.001501
0 0.634865 0.319323 0.011810 0.069892 0.017986
0 0.639906 0.322902 0.010691 0.062584 0.377541
0 0.708250 0.316390 0.008595 0.054853 0.029312
0 0.714587 0.317740 0.012921 0.062328 0.017986
0 0.755578 0.320718 0.014284 0.072262 0.002473
0 0.807924 0.320603 0.016183 0.082386 0.002473
0 0.812623 0.324404 0.022419 0.087202 0.001501
0 0.908334 0.305032 0.019843 0.142078 0.004070
0 0.910412 0.307230 0.021368 0.145805 0.004070
0 0.148145 0.307441 0.013524 0.051931 0.002473
0 0.150121 0.306247 0.017013 0.054716 0.004070
0 0.188459 0.301987 0.017505 0.062414 0.001501
0 0.190258 0.299992 0.013732 0.058066 0.006693
0 0.635996 0.319334 0.014128 0.069710 0.010987
0 0.639921 0.322911 0.010680 0.062550 0.500000
0 0.708647 0.316383 0.007793 0.054892 0.047426
0 0.715559 0.316786 0.013152 0.061099 0.010987
0 0.755873 0.320460 0.014920 0.072689 0.002473
0 0.808128 0.321525 0.016473 0.078227 0.004070
0 0.907738 0.312675 0.021378 0.157521 0.006693
0 0.909754 0.316040 0.022883 0.164271 0.002473
0 0.189762 0.324062 0.014885 0.107528 0.002473
0 0.636769 0.320077 0.014034 0.068325 0.017986
0 0.639365 0.325451 0.011772 0.062568 0.500000
0 0.708267 0.318284 0.008610 0.058596 0.006693
0 0.720195 0.320275 0.009668 0.062750 0.004070
0 0.756393 0.320211 0.012839 0.073224 0.002473
0 0.806144 0.322504 0.016184 0.074354 0.001501
0 0.908902 0.315431 0.020911 0.165631 0.004070
1 0.289090 0.276917 0.150493 0.090944 0.001501
1 0.274945 0.281199 0.122201 0.099819 0.001501
1 0.288163 0.280639 0.155427 0.103595 0.002473
1 0.003499 0.298954 0.010166 0.109216 0.002473
1 0.004259 0.307835 0.008664 0.094978 0.002473
1 0.314524 0.327698 0.185313 0.172657 0.731059
1 0.316117 0.327870 0.184436 0.167889 0.731059
1 0.317529 0.327008 0.181339 0.169334 0.817575
1 0.313521 0.327763 0.180349 0.172468 0.010987
1 0.315547 0.328793 0.182157 0.170496 0.817575
1 0.316977 0.328403 0.181279 0.171347 0.817575
1 0.317838 0.330431 0.180700 0.172494 0.817575
1 0.319226 0.328812 0.178211 0.170440 0.817575
1 0.443790 0.329616 0.037690 0.039463 0.622459
1 0.445304 0.330759 0.037460 0.041691 0.500000
1 0.444569 0.332036 0.039032 0.039131 0.622459
1 0.469533 0.325587 0.011054 0.021098 0.119203
1 0.490394 0.328728 0.025027 0.037598 0.817575
1 0.489038 0.328737 0.025023 0.037622 0.817575
1 0.508378 0.328653 0.008833 0.019106 0.029312
1 0.515843 0.330207 0.012559 0.022196 0.622459
1 0.528121 0.330554 0.013303 0.037070 0.006693
1 0.317098 0.327944 0.178340 0.172224 0.817575
1 0.318382 0.329261 0.179888 0.169725 0.731059
1 0.319284 0.331422 0.178081 0.170435 0.817575
1 0.443748 0.332035 0.037626 0.039257 0.500000
1 0.443762 0.332044 0.037508 0.039197 0.622459
1 0.445282 0.332063 0.037607 0.039212 0.622459
1 0.489718 0.328739 0.026391 0.037671 0.817575
1 0.489034 0.328742 0.025007 0.037664 0.817575
2 0.273467 0.278168 0.122163 0.093537 0.002473
2 0.276650 0.272668 0.132356 0.087416 0.004070
2 0.289090 0.276917 0.150493 0.090944 0.004070
2 0.303319 0.274510 0.171516 0.091509 0.002473
2 0.274945 0.281199 0.122201 0.099819 0.002473
2 0.288163 0.280639 0.155427 0.103595 0.006693
2 0.301719 0.288283 0.179699 0.113752 0.006693
2 0.309698 0.296734 0.186276 0.124589 0.010987
2 0.313838 0.305657 0.192848 0.134556 0.006693
2 0.318708 0.312761 0.178215 0.142310 0.004070
2 0.322831 0.301608 0.164396 0.117756 0.002473
2 0.333913 0.289524 0.133912 0.089362 0.001501
2 0.346332 0.282655 0.106585 0.076534 0.001501
2 0.577239 0.288164 0.104593 0.159730 0.880797
2 0.576358 0.288173 0.105949 0.159720 0.817575
2 0.576737 0.288242 0.106823 0.159861 0.924142
2 0.277105 0.283812 0.126680 0.100224 0.002473
2 0.297838 0.294209 0.172079 0.121580 0.002473
2 0.304573 0.316847 0.188616 0.161946 0.001501
2 0.346444 0.297167 0.118332 0.112318 0.001501
2 0.577046 0.288235 0.107195 0.159912 0.002473
2 0.577540 0.289206 0.105152 0.161781 0.880797
2 0.577519 0.289212 0.105220 0.161768 0.817575
2 0.576377 0.290457 0.105922 0.159162 0.880797
2 0.576443 0.289018 0.103352 0.161403 0.817575
2 0.314524 0.327698 0.185313 0.172657 0.002473
2 0.316117 0.327870 0.184436 0.167889 0.002473
2 0.317529 0.327008 0.181339 0.169334 0.004070
2 0.577441 0.289207 0.104912 0.161906 0.817575
2 0.576769 0.290483 0.106732 0.159293 0.817575
2 0.577138 0.290471 0.104377 0.159309 0.880797
2 0.317838 0.330431 0.180700 0.172494 0.001501
2 0.319226 0.328812 0.178211 0.170440 0.001501
2 0.528121 0.330554 0.013303 0.037070 0.001501
3 0.264194 0.279342 0.100818 0.095688 0.010987
3 0.267037 0.278159 0.109590 0.093263 0.017986
3 0.273467 0.278168 0.122163 0.093537 0.017986
3 0.276650 0.272668 0.132356 0.087416 0.006693
3 0.289090 0.276917 0.150493 0.090944 0.006693
3 0.303319 0.274510 0.171516 0.091509 0.002473
3 0.258274 0.280168 0.091579 0.097609 0.002473
3 0.265222 0.281783 0.105699 0.100464 0.010987
3 0.268227 0.282839 0.111686 0.098003 0.017986
3 0.274945 0.281199 0.122201 0.099819 0.029312
3 0.288163 0.280639 0.155427 0.103595 0.017986
3 0.301719 0.288283 0.179699 0.113752 0.006693
3 0.309698 0.296734 0.186276 0.124589 0.002473
3 0.313838 0.305657 0.192848 0.134556 0.002473
3 0.318708 0.312761 0.178215 0.142310 0.001501
3 0.260888 0.281117 0.096929 0.098881 0.004070
3 0.266577 0.280897 0.108464 0.098760 0.017986
3 0.277105 0.283812 0.126680 0.100224 0.017986
3 0.297838 0.294209 0.172079 0.121580 0.006693
3 0.304573 0.316847 0.188616 0.161946 0.002473
3 0.256813 0.298668 0.089257 0.065356 0.002473
3 0.274965 0.303702 0.121672 0.080428 0.002473
3 0.469533 0.325587 0.011054 0.021098 0.001501
3 0.515843 0.330207 0.012559 0.022196 0.001501
4 0.786045 0.326357 0.024020 0.065410 0.002473
4 0.788207 0.325840 0.026555 0.064928 0.001501
4 0.786546 0.331883 0.023713 0.070039 0.006693
4 0.788634 0.332805 0.024571 0.071922 0.004070
4 0.787505 0.337245 0.025377 0.085180 0.004070
4 0.788682 0.333933 0.027666 0.077614 0.001501
4 0.941588 0.392147 0.083241 0.138302 0.017986
4 0.945837 0.383044 0.088729 0.161005 0.004070
4 0.947944 0.374563 0.096087 0.173586 0.004070
4 0.942031 0.397352 0.084103 0.128028 0.075858
4 0.944271 0.389149 0.085495 0.149063 0.029312
4 0.946314 0.373984 0.092794 0.174844 0.017986
4 0.950155 0.369130 0.100306 0.184650 0.006693
4 0.941772 0.400723 0.083635 0.120842 0.047426
4 0.942051 0.391966 0.084093 0.139166 0.047426
4 0.943717 0.377804 0.084426 0.172031 0.029312
4 0.938037 0.407689 0.076139 0.101964 0.006693
4 0.942385 0.399787 0.081729 0.123354 0.006693
5 0.761970 0.321395 0.024661 0.075956 0.001501
5 0.761857 0.322424 0.023878 0.074116 0.001501
5 0.785336 0.348906 0.029975 0.116414 0.002473
5 0.784697 0.353620 0.035824 0.133641 0.004070
5 0.786255 0.354944 0.034133 0.135202 0.001501
5 0.946314 0.373984 0.092794 0.174844 0.001501
5 0.950155 0.369130 0.100306 0.184650 0.001501
