0 0.673216 0.308983 0.013537 0.063515 0.002473
0 0.678927 0.307748 0.011397 0.060868 0.004070
0 0.570230 0.307895 0.009935 0.022965 0.001501
0 0.576957 0.307868 0.010499 0.019228 0.001501
0 0.634721 0.310857 0.011892 0.039324 0.001501
0 0.639633 0.309573 0.010153 0.042294 0.004070
0 0.671744 0.317996 0.015517 0.048602 0.006693
0 0.678092 0.318463 0.009303 0.044088 0.075858
0 0.938843 0.333666 0.019785 0.117437 0.004070
0 0.938277 0.336104 0.020698 0.118828 0.004070
0 0.006324 0.349396 0.009605 0.060860 0.004070
0 0.639478 0.313898 0.010465 0.039021 0.001501
0 0.675696 0.320540 0.015696 0.041993 0.006693
0 0.937506 0.337761 0.019258 0.116361 0.001501
0 0.007902 0.354237 0.012768 0.059996 0.006693
1 0.430025 0.315172 0.045757 0.056692 0.880797
1 0.430031 0.315099 0.045724 0.056543 0.880797
1 0.429978 0.315177 0.045829 0.056682 0.880797
1 0.461490 0.314784 0.017249 0.027431 0.119203
1 0.462005 0.314771 0.018096 0.027447 0.119203
1 0.493693 0.313776 0.029454 0.039165 0.817575
1 0.493751 0.316181 0.029506 0.039429 0.731059
1 0.493786 0.315059 0.029504 0.041718 0.731059
1 0.616076 0.303393 0.015208 0.014006 0.001501
1 0.691579 0.308647 0.020665 0.028940 0.004070
1 0.430031 0.315102 0.045729 0.056555 0.880797
1 0.430031 0.316233 0.045725 0.054281 0.880797
1 0.430004 0.314901 0.045775 0.056195 0.880797
1 0.461540 0.315613 0.017323 0.025864 0.731059
1 0.461966 0.315415 0.018137 0.026233 0.731059
1 0.493713 0.316194 0.029494 0.039407 0.731059
1 0.493751 0.315064 0.029529 0.041685 0.817575
1 0.493762 0.315047 0.029545 0.041718 0.731059
1 0.430299 0.316622 0.045287 0.055067 0.075858
1 0.430023 0.316614 0.045748 0.055034 0.075858
1 0.429979 0.316727 0.045828 0.055302 0.075858
2 0.286002 0.298048 0.147203 0.132934 0.817575
2 0.287162 0.297245 0.152698 0.136424 0.817575
2 0.286723 0.298081 0.148752 0.132963 0.731059
2 0.288676 0.297492 0.147752 0.132121 0.010987
2 0.313561 0.298006 0.097980 0.119546 0.010987
2 0.276452 0.297831 0.127995 0.132332 0.017986
2 0.286028 0.297387 0.147143 0.131380 0.817575
2 0.287617 0.297188 0.153632 0.131038 0.731059
2 0.285928 0.296282 0.150040 0.129432 0.017986
2 0.292059 0.298088 0.144015 0.125648 0.017986
2 0.311404 0.308600 0.105368 0.104517 0.006693
2 0.283830 0.297665 0.142861 0.131880 0.377541
2 0.287372 0.297116 0.153358 0.130713 0.500000
2 0.292144 0.297724 0.140697 0.129224 0.017986
2 0.317947 0.307492 0.094922 0.106755 0.004070
2 0.318402 0.313299 0.094044 0.095135 0.001501
2 0.319356 0.313816 0.092158 0.096846 0.004070
2 0.385354 0.307856 0.020851 0.022835 0.017986
2 0.386062 0.307838 0.025372 0.022871 0.006693
2 0.515965 0.306529 0.015061 0.029800 0.817575
2 0.261366 0.297266 0.098046 0.130928 0.001501
2 0.316027 0.307964 0.089834 0.105923 0.006693
2 0.318678 0.313090 0.093467 0.098129 0.006693
2 0.318708 0.315139 0.095615 0.091459 0.006693
2 0.318739 0.315930 0.093461 0.092514 0.006693
2 0.515938 0.306029 0.015115 0.034635 0.002473
3 0.311404 0.308600 0.105368 0.104517 0.047426
3 0.317947 0.307492 0.094922 0.106755 0.182426
3 0.318402 0.313299 0.094044 0.095135 0.622459
3 0.319356 0.313816 0.092158 0.096846 0.817575
3 0.515965 0.306529 0.015061 0.029800 0.047426
3 0.316027 0.307964 0.089834 0.105923 0.268941
3 0.318678 0.313090 0.093467 0.098129 0.500000
3 0.318708 0.315139 0.095615 0.091459 0.622459
3 0.318739 0.315930 0.093461 0.092514 0.731059
3 0.318083 0.315365 0.094705 0.093583 0.029312
3 0.318682 0.312983 0.093648 0.095784 0.377541
3 0.318725 0.315756 0.093590 0.092814 0.017986
4 0.671744 0.317996 0.015517 0.048602 0.002473
4 0.635371 0.315519 0.012991 0.030719 0.001501
4 0.672497 0.323790 0.020153 0.035774 0.182426
4 0.675696 0.320540 0.015696 0.041993 0.075858
4 0.951368 0.355460 0.043613 0.086215 0.006693
4 0.963366 0.356923 0.062864 0.087927 0.002473
4 0.170231 0.351910 0.016168 0.027855 0.002473
4 0.672967 0.324548 0.020990 0.040402 0.029312
4 0.673908 0.324382 0.019264 0.041958 0.017986
4 0.954268 0.361720 0.042175 0.079227 0.017986
4 0.957077 0.362875 0.044163 0.077401 0.010987
4 0.172267 0.354588 0.013910 0.024978 0.002473
4 0.957238 0.360766 0.040568 0.076234 0.004070
4 0.958507 0.363617 0.039353 0.077152 0.004070
4 0.959593 0.360730 0.040118 0.076780 0.002473
5 0.671744 0.317996 0.015517 0.048602 0.001501
5 0.672497 0.323790 0.020153 0.035774 0.006693
5 0.675696 0.320540 0.015696 0.041993 0.010987
5 0.957238 0.360766 0.040568 0.076234 0.001501
5 0.982315 0.365766 0.034275 0.095474 0.001501
5 0.985709 0.361563 0.028712 0.127624 0.001501
5 0.959593 0.360730 0.040118 0.076780 0.002473
5 0.985515 0.371872 0.029184 0.102254 0.002473
5 0.986589 0.367404 0.027006 0.121647 0.002473
5 0.988200 0.378069 0.027057 0.099046 0.001501
5 0.988162 0.378905 0.026957 0.104647 0.002473
