0 0.984169 0.321996 0.024992 0.181996 0.002473
0 0.992813 0.324398 0.014482 0.196002 0.010987
0 0.981357 0.333482 0.021438 0.186127 0.029312
0 0.994508 0.333662 0.011094 0.214507 0.029312
0 0.089919 0.309845 0.014844 0.062320 0.002473
0 0.125715 0.300805 0.020847 0.070531 0.004070
0 0.128307 0.298510 0.015389 0.065488 0.010987
0 0.978712 0.329904 0.024717 0.177695 0.001501
0 0.980397 0.336301 0.021869 0.187780 0.075858
0 0.995964 0.338086 0.011256 0.215622 0.075858
0 0.087837 0.315289 0.016320 0.061100 0.010987
0 0.088925 0.313946 0.012651 0.058319 0.119203
0 0.108442 0.307404 0.011228 0.041906 0.006693
0 0.127665 0.303271 0.023430 0.068591 0.004070
0 0.130676 0.302271 0.019474 0.058427 0.010987
0 0.170946 0.314314 0.020546 0.035999 0.002473
0 0.327135 0.320912 0.010150 0.045273 0.004070
0 0.978064 0.330630 0.023320 0.178595 0.002473
0 0.980382 0.336537 0.020750 0.188310 0.119203
0 0.993714 0.338205 0.012680 0.208151 0.075858
0 0.087973 0.317599 0.016597 0.066059 0.010987
0 0.089328 0.320802 0.011880 0.072740 0.075858
0 0.108500 0.313728 0.011445 0.030330 0.004070
0 0.126977 0.322492 0.021242 0.054556 0.002473
0 0.129930 0.320271 0.020943 0.048243 0.006693
0 0.169586 0.340303 0.022685 0.083752 0.006693
0 0.230031 0.319803 0.007014 0.027959 0.010987
0 0.328100 0.323450 0.009362 0.050194 0.006693
0 0.978603 0.331375 0.021672 0.190625 0.006693
0 0.980857 0.333653 0.021977 0.195298 0.182426
0 0.992713 0.333512 0.014613 0.207368 0.182426
0 0.089823 0.329776 0.020409 0.092033 0.002473
0 0.089375 0.331528 0.011976 0.096910 0.029312
0 0.109187 0.346488 0.052166 0.100295 0.001501
0 0.126938 0.349955 0.024250 0.101927 0.006693
0 0.128860 0.347838 0.020369 0.106205 0.047426
0 0.164755 0.355589 0.024709 0.069768 0.001501
0 0.168828 0.348752 0.024163 0.080666 0.017986
0 0.170089 0.345589 0.023546 0.090758 0.004070
0 0.207117 0.341086 0.011390 0.062469 0.001501
0 0.328099 0.325125 0.009317 0.053053 0.004070
0 0.979558 0.332987 0.024661 0.190242 0.017986
0 0.982395 0.333573 0.025065 0.196647 0.182426
0 0.992115 0.336185 0.012725 0.204356 0.268941
0 0.088759 0.336219 0.023390 0.107667 0.002473
0 0.090260 0.334033 0.013929 0.100989 0.029312
0 0.126801 0.349141 0.024534 0.099803 0.004070
0 0.129834 0.348775 0.018420 0.104244 0.075858
0 0.161882 0.354924 0.014269 0.064847 0.006693
0 0.168840 0.347362 0.024125 0.083464 0.017986
0 0.170069 0.345580 0.024312 0.090467 0.010987
0 0.208264 0.343443 0.008675 0.053512 0.001501
0 0.979096 0.332418 0.023722 0.192426 0.017986
0 0.982225 0.335793 0.024725 0.197101 0.182426
0 0.992881 0.338875 0.014253 0.215289 0.268941
0 0.093420 0.348942 0.015216 0.132571 0.002473
0 0.126929 0.354048 0.021211 0.094246 0.002473
0 0.130509 0.355158 0.017067 0.086822 0.047426
0 0.164786 0.352790 0.020073 0.076526 0.010987
0 0.169085 0.346061 0.023893 0.086358 0.029312
0 0.170093 0.343624 0.024251 0.094964 0.010987
0 0.979675 0.333595 0.024857 0.191131 0.010987
0 0.982623 0.334448 0.023927 0.194901 0.182426
0 0.992706 0.342528 0.014612 0.213657 0.268941
0 0.096814 0.362205 0.019336 0.166694 0.001501
0 0.982789 0.333976 0.024266 0.196789 0.119203
0 0.992929 0.342368 0.014181 0.217265 0.268941
0 0.985862 0.336989 0.024959 0.215230 0.119203
0 0.993703 0.344901 0.012635 0.211298 0.119203
0 0.987455 0.325978 0.025250 0.268203 0.001501
0 0.993735 0.327173 0.012559 0.247024 0.047426
0 0.478248 0.986239 0.013058 0.027703 0.006693
0 0.506530 0.985417 0.016455 0.029432 0.001501
1 0.015013 0.294906 0.030002 0.301261 0.002473
1 0.014223 0.305773 0.028611 0.282127 0.006693
1 0.015200 0.309521 0.030379 0.274118 0.006693
1 0.015605 0.304389 0.031486 0.289563 0.010987
1 0.015813 0.304685 0.031651 0.278503 0.006693
1 0.993714 0.338205 0.012680 0.208151 0.004070
1 0.015906 0.305499 0.031966 0.273155 0.017986
1 0.016205 0.307158 0.032408 0.267664 0.006693
1 0.062497 0.325377 0.028595 0.021282 0.001501
1 0.068482 0.323967 0.037034 0.024119 0.001501
1 0.462504 0.342850 0.075028 0.115662 0.817575
1 0.462498 0.342610 0.071958 0.111614 0.880797
1 0.461733 0.341722 0.073507 0.113452 0.006693
1 0.498947 0.320330 0.012328 0.033740 0.006693
1 0.510161 0.328629 0.017329 0.032292 0.119203
1 0.517673 0.330003 0.022877 0.035051 0.500000
1 0.522846 0.332007 0.019833 0.039327 0.017986
1 0.992713 0.333512 0.014613 0.207368 0.006693
1 0.016660 0.306992 0.033409 0.268543 0.017986
1 0.016273 0.307194 0.032512 0.262581 0.010987
1 0.462509 0.343746 0.078073 0.113898 0.924142
1 0.462500 0.342842 0.075014 0.115621 0.880797
1 0.462501 0.342608 0.075003 0.111568 0.924142
1 0.461734 0.342830 0.073482 0.115659 0.924142
1 0.514770 0.330956 0.023779 0.037022 0.182426
1 0.517586 0.330951 0.020885 0.036874 0.500000
1 0.522478 0.331956 0.020572 0.039682 0.017986
1 0.992115 0.336185 0.012725 0.204356 0.004070
1 0.016663 0.312222 0.033414 0.252481 0.029312
1 0.016666 0.314255 0.033311 0.252793 0.017986
1 0.462508 0.341713 0.075012 0.113432 0.880797
1 0.461732 0.342603 0.076538 0.111598 0.880797
1 0.461733 0.341708 0.076535 0.113413 0.924142
1 0.462493 0.342602 0.074999 0.111595 0.952574
1 0.016696 0.317478 0.033440 0.248298 0.075858
1 0.016314 0.317030 0.032606 0.248544 0.047426
1 0.016505 0.340909 0.033057 0.204101 0.010987
1 0.016680 0.341140 0.033326 0.199143 0.029312
1 0.016521 0.367450 0.033037 0.152721 0.001501
1 0.993735 0.327173 0.012559 0.247024 0.004070
2 0.015803 0.259963 0.028567 0.295628 0.002473
2 0.015317 0.252952 0.030638 0.279878 0.001501
2 0.015210 0.274236 0.027399 0.322758 0.010987
2 0.015051 0.270110 0.030103 0.307714 0.017986
2 0.014445 0.282176 0.028980 0.329758 0.010987
2 0.015056 0.284969 0.030107 0.312771 0.047426
2 0.014429 0.292386 0.029026 0.310278 0.017986
2 0.015013 0.294906 0.030002 0.301261 0.119203
2 0.014223 0.305773 0.028611 0.282127 0.075858
2 0.015200 0.309521 0.030379 0.274118 0.268941
2 0.015605 0.304389 0.031486 0.289563 0.182426
2 0.015813 0.304685 0.031651 0.278503 0.268941
2 0.015906 0.305499 0.031966 0.273155 0.377541
2 0.016205 0.307158 0.032408 0.267664 0.500000
2 0.016660 0.306992 0.033409 0.268543 0.377541
2 0.016273 0.307194 0.032512 0.262581 0.377541
2 0.016339 0.335092 0.032821 0.206994 0.002473
2 0.016663 0.312222 0.033414 0.252481 0.182426
2 0.016666 0.314255 0.033311 0.252793 0.182426
2 0.016696 0.317478 0.033440 0.248298 0.029312
2 0.016314 0.317030 0.032606 0.248544 0.017986
2 0.016505 0.340909 0.033057 0.204101 0.001501
2 0.016680 0.341140 0.033326 0.199143 0.001501
2 0.675886 0.230377 0.301832 0.455497 0.010987
2 0.680968 0.231665 0.305697 0.458091 0.119203
2 0.673520 0.231959 0.297367 0.453177 0.817575
2 0.679371 0.230632 0.308785 0.455528 0.817575
2 0.678499 0.233167 0.309774 0.455741 0.817575
2 0.678824 0.233068 0.310294 0.450655 0.851953
2 0.672903 0.230621 0.292898 0.455357 0.777300
2 0.677346 0.231839 0.304713 0.452943 0.731059
2 0.677965 0.233187 0.305907 0.455463 0.679179
2 0.678025 0.231963 0.309182 0.452757 0.731059
2 0.674156 0.231933 0.295181 0.453007 0.320821
2 0.675420 0.232022 0.297656 0.452812 0.679179
3 0.015056 0.284969 0.030107 0.312771 0.001501
3 0.014429 0.292386 0.029026 0.310278 0.004070
3 0.015013 0.294906 0.030002 0.301261 0.010987
3 0.014223 0.305773 0.028611 0.282127 0.047426
3 0.015200 0.309521 0.030379 0.274118 0.047426
3 0.015605 0.304389 0.031486 0.289563 0.119203
3 0.015813 0.304685 0.031651 0.278503 0.119203
3 0.498151 0.317620 0.011815 0.043014 0.001501
3 0.993714 0.338205 0.012680 0.208151 0.002473
3 0.015906 0.305499 0.031966 0.273155 0.119203
3 0.016205 0.307158 0.032408 0.267664 0.075858
3 0.510161 0.328629 0.017329 0.032292 0.002473
3 0.992713 0.333512 0.014613 0.207368 0.001501
3 0.016660 0.306992 0.033409 0.268543 0.119203
3 0.016273 0.307194 0.032512 0.262581 0.075858
3 0.016663 0.312222 0.033414 0.252481 0.047426
3 0.016666 0.314255 0.033311 0.252793 0.029312
3 0.016696 0.317478 0.033440 0.248298 0.047426
3 0.016314 0.317030 0.032606 0.248544 0.017986
3 0.016505 0.340909 0.033057 0.204101 0.004070
3 0.016680 0.341140 0.033326 0.199143 0.006693
3 0.678499 0.233167 0.309774 0.455741 0.001170
3 0.678824 0.233068 0.310294 0.450655 0.003173
4 0.126938 0.349955 0.024250 0.101927 0.002473
4 0.126801 0.349141 0.024534 0.099803 0.001501
4 0.129834 0.348775 0.018420 0.104244 0.001501
4 0.130509 0.355158 0.017067 0.086822 0.004070
4 0.993735 0.327173 0.012559 0.247024 0.001501
5 0.126977 0.322492 0.021242 0.054556 0.002473
5 0.126938 0.349955 0.024250 0.101927 0.004070
5 0.128860 0.347838 0.020369 0.106205 0.002473
5 0.992115 0.336185 0.012725 0.204356 0.001501
5 0.126801 0.349141 0.024534 0.099803 0.002473
5 0.129834 0.348775 0.018420 0.104244 0.004070
5 0.145849 0.351960 0.046897 0.074192 0.001501
5 0.016696 0.317478 0.033440 0.248298 0.001501
5 0.993735 0.327173 0.012559 0.247024 0.006693
