0 0.580002 0.309869 0.007087 0.023350 0.002473
0 0.636166 0.314446 0.022598 0.032541 0.004070
0 0.638510 0.313529 0.020167 0.034199 0.004070
0 0.857467 0.327620 0.007043 0.053062 0.010987
0 0.897614 0.322759 0.010827 0.068876 0.001501
0 0.007435 0.325033 0.015218 0.149866 0.001501
0 0.306937 0.318944 0.008246 0.034500 0.002473
0 0.632749 0.319113 0.015590 0.023434 0.004070
0 0.636231 0.319269 0.021935 0.028258 0.001501
0 0.656791 0.316882 0.005681 0.023404 0.001501
0 0.785096 0.324966 0.010692 0.030840 0.001501
0 0.789340 0.325202 0.009561 0.030843 0.002473
0 0.858236 0.328044 0.008549 0.047140 0.500000
0 0.897186 0.331548 0.008789 0.050438 0.004070
0 0.858234 0.327984 0.008541 0.047283 0.377541
0 0.896914 0.329269 0.009328 0.049931 0.002473
1 0.983316 0.320756 0.033427 0.128626 0.004070
1 0.405804 0.329303 0.053581 0.059429 0.622459
1 0.405541 0.329740 0.053060 0.058494 0.622459
1 0.405810 0.328167 0.053595 0.057152 0.075858
1 0.638510 0.313529 0.020167 0.034199 0.002473
1 0.981317 0.330222 0.034315 0.104788 0.002473
1 0.982018 0.330027 0.035998 0.106572 0.004070
1 0.406140 0.329818 0.052781 0.058446 0.880797
1 0.405522 0.329769 0.053084 0.058461 0.880797
1 0.405564 0.329780 0.053173 0.058447 0.880797
1 0.405564 0.329760 0.053173 0.058480 0.880797
1 0.405891 0.329940 0.053712 0.058457 0.004070
1 0.441219 0.318321 0.017719 0.024952 0.500000
1 0.453886 0.319216 0.011577 0.018751 0.002473
1 0.463881 0.317221 0.012800 0.014591 0.004070
1 0.481269 0.319774 0.009557 0.009482 0.004070
1 0.498611 0.324204 0.016462 0.023430 0.817575
1 0.497934 0.321657 0.017823 0.023436 0.268941
1 0.514623 0.320510 0.010162 0.016059 0.029312
1 0.528541 0.318952 0.012369 0.012949 0.002473
1 0.539988 0.317674 0.014430 0.015506 0.001501
1 0.560639 0.316496 0.018304 0.017867 0.006693
1 0.562567 0.315574 0.019267 0.019747 0.004070
1 0.632749 0.319113 0.015590 0.023434 0.004070
1 0.636231 0.319269 0.021935 0.028258 0.010987
1 0.670582 0.318213 0.032452 0.017167 0.001501
1 0.982038 0.335106 0.035936 0.098944 0.002473
1 0.981253 0.334124 0.037555 0.098466 0.002473
1 0.405513 0.329824 0.053106 0.058379 0.622459
1 0.405797 0.329788 0.053622 0.058410 0.880797
1 0.405567 0.329770 0.053167 0.058438 0.817575
1 0.405567 0.328645 0.053168 0.056187 0.880797
1 0.980504 0.333879 0.035950 0.098786 0.004070
1 0.982012 0.333875 0.036013 0.097648 0.006693
1 0.981295 0.338253 0.037723 0.090763 0.002473
1 0.981271 0.334614 0.037514 0.097406 0.004070
1 0.982022 0.334033 0.039074 0.097650 0.006693
1 0.981267 0.340412 0.034484 0.099886 0.002473
2 0.985354 0.313546 0.032423 0.128291 0.001501
2 0.983316 0.320756 0.033427 0.128626 0.001501
2 0.335491 0.310918 0.064531 0.029011 0.004070
2 0.337439 0.312083 0.065840 0.027643 0.010987
2 0.344173 0.312516 0.056584 0.025871 0.006693
2 0.349523 0.313046 0.048038 0.029585 0.004070
2 0.340268 0.315915 0.047796 0.030040 0.004070
2 0.348702 0.316171 0.042545 0.029715 0.006693
2 0.352788 0.317719 0.040282 0.031599 0.001501
2 0.441219 0.318321 0.017719 0.024952 0.002473
2 0.463881 0.317221 0.012800 0.014591 0.002473
3 0.949461 0.304203 0.099588 0.106458 0.002473
3 0.949246 0.311509 0.102053 0.117104 0.017986
3 0.963857 0.315397 0.072398 0.123707 0.017986
3 0.985354 0.313546 0.032423 0.128291 0.006693
3 0.949453 0.306394 0.099329 0.102895 0.004070
3 0.948121 0.313184 0.104127 0.123463 0.075858
3 0.980638 0.319651 0.038761 0.127604 0.182426
3 0.983316 0.320756 0.033427 0.128626 0.119203
3 0.441167 0.314467 0.019047 0.028049 0.002473
3 0.563468 0.312332 0.020436 0.022624 0.001501
3 0.949873 0.307778 0.101589 0.103863 0.002473
3 0.979892 0.322629 0.037285 0.116377 0.119203
3 0.981317 0.330222 0.034315 0.104788 0.500000
3 0.982018 0.330027 0.035998 0.106572 0.500000
3 0.441219 0.318321 0.017719 0.024952 0.047426
3 0.980483 0.335589 0.036107 0.095121 0.377541
3 0.982038 0.335106 0.035936 0.098944 0.500000
3 0.981253 0.334124 0.037555 0.098466 0.622459
3 0.980489 0.337046 0.036116 0.094344 0.268941
3 0.980504 0.333879 0.035950 0.098786 0.500000
3 0.982012 0.333875 0.036013 0.097648 0.622459
3 0.981295 0.338253 0.037723 0.090763 0.268941
3 0.981271 0.334614 0.037514 0.097406 0.622459
3 0.982022 0.334033 0.039074 0.097650 0.500000
3 0.981148 0.343763 0.037868 0.100619 0.001501
3 0.981458 0.339679 0.037239 0.100793 0.017986
3 0.981267 0.340412 0.034484 0.099886 0.006693
4 0.632749 0.319113 0.015590 0.023434 0.001501
4 0.729340 0.328706 0.016414 0.032591 0.002473
5 0.636166 0.314446 0.022598 0.032541 0.004070
5 0.638510 0.313529 0.020167 0.034199 0.006693
5 0.730975 0.321198 0.016487 0.047001 0.006693
5 0.632749 0.319113 0.015590 0.023434 0.075858
5 0.636231 0.319269 0.021935 0.028258 0.182426
5 0.725666 0.327550 0.023416 0.035683 0.017986
5 0.729340 0.328706 0.016414 0.032591 0.182426
5 0.724166 0.327938 0.023770 0.036695 0.006693
5 0.728774 0.328879 0.017519 0.032940 0.047426
