0 0.399433 0.018282 0.065274 0.041686 0.002473
0 0.422358 0.019533 0.021992 0.039103 0.002473
0 0.424113 0.018232 0.023957 0.041645 0.006693
0 0.614959 0.019398 0.030102 0.039606 0.001501
0 0.616885 0.019457 0.033536 0.039381 0.001501
0 0.596918 0.314501 0.009406 0.032719 0.002473
0 0.602658 0.314273 0.011955 0.032411 0.001501
0 0.920958 0.336357 0.011191 0.070575 0.017986
0 0.003871 0.352167 0.007774 0.079089 0.004070
0 0.279267 0.336559 0.008632 0.035146 0.001501
0 0.597886 0.319135 0.010189 0.023413 0.004070
0 0.696703 0.321680 0.006641 0.023489 0.029312
0 0.705708 0.321679 0.005654 0.023475 0.182426
0 0.879272 0.332229 0.016681 0.049321 0.001501
0 0.921502 0.337942 0.010088 0.068865 0.377541
0 0.003873 0.361499 0.007752 0.058602 0.010987
0 0.092530 0.351349 0.007077 0.036221 0.001501
0 0.278861 0.339481 0.007775 0.034633 0.004070
0 0.921502 0.337835 0.010091 0.069105 0.268941
0 0.003868 0.363006 0.007755 0.060617 0.017986
0 0.091376 0.353083 0.007851 0.034350 0.001501
0 0.920736 0.337103 0.008542 0.066259 0.268941
0 0.004265 0.362425 0.008543 0.062327 0.010987
1 0.403538 0.330243 0.053959 0.061305 0.731059
1 0.403496 0.330203 0.053888 0.061237 0.731059
1 0.527120 0.311285 0.015080 0.020395 0.001501
1 0.003871 0.352167 0.007774 0.079089 0.002473
1 0.116810 0.342958 0.024368 0.053005 0.001501
1 0.402561 0.330229 0.055131 0.061223 0.817575
1 0.403487 0.330215 0.053903 0.061177 0.817575
1 0.402868 0.330234 0.055747 0.061168 0.880797
1 0.403708 0.328662 0.054354 0.060698 0.880797
1 0.428281 0.317681 0.010638 0.034453 0.001501
1 0.450710 0.316976 0.027076 0.023214 0.017986
1 0.454503 0.318061 0.021892 0.020957 0.047426
1 0.469481 0.318943 0.008288 0.012964 0.001501
1 0.498954 0.321648 0.017144 0.023430 0.731059
1 0.498805 0.321653 0.016814 0.023433 0.377541
1 0.514896 0.322904 0.012322 0.015811 0.047426
1 0.526419 0.315577 0.014697 0.019747 0.004070
1 0.545384 0.315790 0.012760 0.016242 0.047426
1 0.550797 0.317180 0.020535 0.019227 0.006693
1 0.597886 0.319135 0.010189 0.023413 0.001501
1 0.601811 0.317098 0.013600 0.022975 0.002473
1 0.003873 0.361499 0.007752 0.058602 0.017986
1 0.011086 0.360643 0.022502 0.045732 0.006693
1 0.112436 0.355032 0.016988 0.030246 0.017986
1 0.112006 0.355264 0.018104 0.034342 0.010987
1 0.177436 0.361337 0.095125 0.078618 0.731059
1 0.177057 0.359925 0.096042 0.076939 0.880797
1 0.178133 0.361551 0.097975 0.078169 0.817575
1 0.403524 0.330242 0.054009 0.061149 0.817575
1 0.403531 0.330219 0.053990 0.061155 0.880797
1 0.403483 0.329339 0.053909 0.059326 0.880797
1 0.403668 0.329776 0.054258 0.058454 0.924142
1 0.003868 0.363006 0.007755 0.060617 0.017986
1 0.011836 0.362817 0.023865 0.043971 0.002473
1 0.112998 0.355263 0.018133 0.029887 0.017986
1 0.112555 0.356399 0.019194 0.032151 0.017986
1 0.176496 0.359266 0.097007 0.073191 0.817575
1 0.177022 0.360274 0.095957 0.076243 0.817575
1 0.177028 0.360276 0.095980 0.076246 0.880797
1 0.177038 0.359005 0.096005 0.073714 0.880797
1 0.004265 0.362425 0.008543 0.062327 0.017986
1 0.177021 0.359979 0.095956 0.076847 0.880797
1 0.177020 0.360277 0.095964 0.076256 0.924142
1 0.177059 0.359075 0.095941 0.073575 0.924142
2 0.179800 0.328186 0.089343 0.078791 0.029312
2 0.186890 0.320211 0.088517 0.062335 0.075858
2 0.192773 0.321419 0.101205 0.064644 0.119203
2 0.194838 0.332164 0.104094 0.086156 0.377541
2 0.195256 0.328168 0.105892 0.082739 0.622459
2 0.194879 0.326484 0.104238 0.079409 0.731059
2 0.193677 0.325384 0.105694 0.077244 0.731059
2 0.196410 0.325349 0.099875 0.077230 0.500000
2 0.349075 0.321198 0.049476 0.043269 0.002473
2 0.352932 0.320226 0.056453 0.041384 0.004070
2 0.357316 0.315835 0.044511 0.029501 0.010987
2 0.360571 0.315865 0.039157 0.029587 0.006693
2 0.527120 0.311285 0.015080 0.020395 0.010987
2 0.176790 0.334953 0.093323 0.071915 0.002473
2 0.180323 0.340487 0.094503 0.067396 0.006693
2 0.190778 0.330248 0.114236 0.087202 0.119203
2 0.192950 0.325576 0.110886 0.078101 0.622459
2 0.192994 0.326236 0.107050 0.074925 0.731059
2 0.196398 0.325552 0.100532 0.078131 0.731059
2 0.204258 0.326973 0.092923 0.077222 0.001501
2 0.323990 0.327466 0.063590 0.036407 0.002473
2 0.352199 0.324379 0.051787 0.037542 0.029312
2 0.352727 0.324002 0.055748 0.037127 0.029312
2 0.353692 0.319391 0.054146 0.033495 0.047426
2 0.355434 0.316946 0.050864 0.027921 0.010987
2 0.526419 0.315577 0.014697 0.019747 0.006693
2 0.194720 0.324818 0.102223 0.076605 0.731059
2 0.219791 0.333893 0.048790 0.073785 0.002473
3 0.179800 0.328186 0.089343 0.078791 0.002473
3 0.186890 0.320211 0.088517 0.062335 0.002473
3 0.426430 0.314912 0.014687 0.037118 0.004070
3 0.450760 0.313972 0.029471 0.028985 0.017986
3 0.451574 0.313083 0.025192 0.027163 0.017986
3 0.527120 0.311285 0.015080 0.020395 0.001501
3 0.781095 0.327714 0.073057 0.062617 0.182426
3 0.781529 0.327704 0.073002 0.062578 0.817575
3 0.781474 0.327689 0.072933 0.062627 0.817575
3 0.116810 0.342958 0.024368 0.053005 0.002473
3 0.176790 0.334953 0.093323 0.071915 0.001501
3 0.180323 0.340487 0.094503 0.067396 0.004070
3 0.450710 0.316976 0.027076 0.023214 0.029312
3 0.454503 0.318061 0.021892 0.020957 0.017986
3 0.781324 0.327729 0.073703 0.062543 0.880797
3 0.781479 0.328638 0.072921 0.060726 0.880797
3 0.781248 0.328655 0.072475 0.060696 0.880797
3 0.781575 0.327516 0.072926 0.058461 0.924142
3 0.863028 0.331048 0.044399 0.040833 0.004070
3 0.974218 0.334106 0.047353 0.054810 0.001501
3 0.112436 0.355032 0.016988 0.030246 0.010987
3 0.112006 0.355264 0.018104 0.034342 0.010987
3 0.781146 0.328646 0.074055 0.060712 0.817575
3 0.781252 0.328646 0.073551 0.060699 0.731059
3 0.781093 0.328642 0.073066 0.060707 0.880797
3 0.781466 0.328677 0.073133 0.060647 0.500000
3 0.971927 0.339702 0.048114 0.045395 0.001501
3 0.112998 0.355263 0.018133 0.029887 0.006693
3 0.112555 0.356399 0.019194 0.032151 0.006693
4 0.004265 0.362425 0.008543 0.062327 0.001501
4 0.018145 0.366456 0.020728 0.055336 0.001501
5 0.003873 0.361499 0.007752 0.058602 0.002473
5 0.992201 0.344029 0.012555 0.034838 0.001501
5 0.003868 0.363006 0.007755 0.060617 0.002473
5 0.004265 0.362425 0.008543 0.062327 0.004070
