0 0.447221 0.330332 0.022638 0.061558 0.001501
0 0.822591 0.317145 0.010693 0.033311 0.004070
0 0.535082 0.325471 0.010650 0.020902 0.002473
0 0.723062 0.339660 0.009817 0.054432 0.047426
0 0.726776 0.339636 0.013554 0.054314 0.047426
0 0.823835 0.322246 0.013213 0.029599 0.010987
0 0.825884 0.323868 0.013722 0.033247 0.001501
0 0.722908 0.340306 0.010231 0.055806 0.047426
0 0.725879 0.339613 0.015357 0.054335 0.029312
0 0.722884 0.339063 0.010172 0.058674 0.047426
0 0.725935 0.340890 0.015317 0.055244 0.017986
1 0.974971 0.249170 0.050097 0.147706 0.010987
1 0.975773 0.248792 0.048557 0.150193 0.002473
1 0.975063 0.248754 0.049984 0.146003 0.004070
1 0.975753 0.249256 0.048517 0.144964 0.006693
1 0.974975 0.249948 0.050112 0.147034 0.029312
1 0.975781 0.249883 0.048550 0.147224 0.010987
1 0.974995 0.249942 0.050080 0.146739 0.010987
1 0.975724 0.251260 0.048659 0.146217 0.029312
1 0.975082 0.250053 0.050022 0.138962 0.017986
1 0.975732 0.247922 0.048662 0.141125 0.017986
1 0.975776 0.249472 0.048631 0.140439 0.017986
1 0.666470 0.327164 0.066688 0.053530 0.002473
1 0.669613 0.326767 0.060965 0.054673 0.004070
1 0.679460 0.328061 0.040742 0.057287 0.002473
1 0.976547 0.255367 0.050477 0.128288 0.004070
1 0.161675 0.337250 0.056722 0.034071 0.002473
1 0.326464 0.329647 0.047182 0.039430 0.880797
1 0.327905 0.329647 0.049992 0.043958 0.817575
1 0.327902 0.332054 0.049992 0.044234 0.817575
1 0.328444 0.328514 0.048915 0.041681 0.880797
1 0.415702 0.319250 0.021905 0.018674 0.268941
1 0.415854 0.320529 0.021528 0.016103 0.377541
1 0.468773 0.321773 0.009604 0.013622 0.017986
1 0.478978 0.319229 0.011430 0.018616 0.075858
1 0.492632 0.311788 0.010355 0.048319 0.001501
1 0.535082 0.325471 0.010650 0.020902 0.119203
1 0.562150 0.319160 0.023063 0.019470 0.002473
1 0.631611 0.317690 0.049200 0.026890 0.001501
1 0.654879 0.324777 0.087807 0.038823 0.006693
1 0.666265 0.329762 0.064914 0.048791 0.017986
1 0.670441 0.329792 0.058921 0.048831 0.029312
1 0.686546 0.333169 0.026941 0.042067 0.075858
1 0.686722 0.333056 0.026715 0.042335 0.047426
1 0.698388 0.332790 0.028054 0.035670 0.006693
1 0.782727 0.351729 0.109536 0.078550 0.817575
1 0.782737 0.351722 0.109522 0.078513 0.880797
1 0.012816 0.347413 0.025696 0.023528 0.010987
1 0.014708 0.346223 0.021969 0.025839 0.010987
1 0.032847 0.341587 0.052559 0.038969 0.002473
1 0.078946 0.351511 0.041988 0.018754 0.002473
1 0.078837 0.351038 0.045503 0.019839 0.001501
1 0.138059 0.340029 0.023415 0.023243 0.029312
1 0.164762 0.340079 0.051779 0.023178 0.377541
1 0.164212 0.340079 0.049740 0.023167 0.500000
1 0.164099 0.341348 0.050036 0.025704 0.377541
1 0.164204 0.340067 0.049822 0.023129 0.622459
1 0.327234 0.330772 0.048730 0.041726 0.817575
1 0.327911 0.330768 0.050003 0.041727 0.817575
1 0.327224 0.330775 0.048657 0.041712 0.817575
1 0.328453 0.329640 0.048901 0.044009 0.924142
1 0.660398 0.328470 0.077572 0.047541 0.004070
1 0.671542 0.329737 0.057535 0.049007 0.029312
1 0.673653 0.330678 0.052676 0.047067 0.047426
1 0.686723 0.338602 0.023527 0.036292 0.182426
1 0.687421 0.338253 0.025205 0.037115 0.377541
1 0.703007 0.336562 0.026255 0.036630 0.001501
1 0.783493 0.352846 0.111098 0.080870 0.880797
1 0.782723 0.352858 0.109585 0.080855 0.880797
1 0.782500 0.352859 0.106997 0.080846 0.924142
1 0.783807 0.352861 0.107382 0.080857 0.880797
1 0.079025 0.355388 0.045500 0.021654 0.001501
1 0.784039 0.351748 0.110004 0.078524 0.924142
1 0.782720 0.352887 0.109561 0.080796 0.880797
1 0.783249 0.351754 0.108479 0.078537 0.924142
1 0.783157 0.352871 0.105638 0.080870 0.924142
2 0.974971 0.249170 0.050097 0.147706 0.001501
2 0.975773 0.248792 0.048557 0.150193 0.001501
2 0.974975 0.249948 0.050112 0.147034 0.002473
2 0.510479 0.308072 0.035362 0.064974 0.182426
2 0.510850 0.307853 0.034221 0.064464 0.880797
2 0.510858 0.308562 0.034232 0.065855 0.880797
2 0.030476 0.322684 0.060164 0.069766 0.002473
2 0.035796 0.324002 0.047658 0.070585 0.002473
2 0.039806 0.324062 0.039444 0.070492 0.001501
2 0.510165 0.308034 0.035814 0.064277 0.119203
2 0.510839 0.307432 0.034185 0.067958 0.880797
2 0.510034 0.308946 0.033033 0.066623 0.924142
2 0.556538 0.310335 0.018925 0.021551 0.001501
2 0.582732 0.306873 0.022395 0.017394 0.001501
2 0.035971 0.322703 0.050045 0.073020 0.002473
2 0.039395 0.323735 0.043374 0.074275 0.001501
2 0.478978 0.319229 0.011430 0.018616 0.004070
2 0.492632 0.311788 0.010355 0.048319 0.029312
2 0.510044 0.308481 0.033050 0.065682 0.880797
2 0.510155 0.309387 0.032810 0.063877 0.924142
2 0.535082 0.325471 0.010650 0.020902 0.002473
2 0.558220 0.316347 0.016554 0.018200 0.001501
2 0.654879 0.324777 0.087807 0.038823 0.001501
2 0.510467 0.307424 0.032288 0.073477 0.001501
3 0.974971 0.249170 0.050097 0.147706 0.075858
3 0.975773 0.248792 0.048557 0.150193 0.017986
3 0.975063 0.248754 0.049984 0.146003 0.029312
3 0.975753 0.249256 0.048517 0.144964 0.047426
3 0.974975 0.249948 0.050112 0.147034 0.119203
3 0.975614 0.256992 0.048477 0.134442 0.001501
3 0.975781 0.249883 0.048550 0.147224 0.017986
3 0.974995 0.249942 0.050080 0.146739 0.017986
3 0.975724 0.251260 0.048659 0.146217 0.047426
3 0.510850 0.307853 0.034221 0.064464 0.002473
3 0.510858 0.308562 0.034232 0.065855 0.002473
3 0.975082 0.250053 0.050022 0.138962 0.029312
3 0.975732 0.247922 0.048662 0.141125 0.017986
3 0.975776 0.249472 0.048631 0.140439 0.017986
3 0.039806 0.324062 0.039444 0.070492 0.002473
3 0.510034 0.308946 0.033033 0.066623 0.001501
3 0.556538 0.310335 0.018925 0.021551 0.004070
3 0.976547 0.255367 0.050477 0.128288 0.001501
3 0.035971 0.322703 0.050045 0.073020 0.002473
3 0.039395 0.323735 0.043374 0.074275 0.002473
3 0.040207 0.323608 0.043302 0.074634 0.002473
3 0.415702 0.319250 0.021905 0.018674 0.001501
3 0.468773 0.321773 0.009604 0.013622 0.001501
3 0.478978 0.319229 0.011430 0.018616 0.029312
3 0.535082 0.325471 0.010650 0.020902 0.017986
3 0.686546 0.333169 0.026941 0.042067 0.001501
3 0.686722 0.333056 0.026715 0.042335 0.001501
3 0.032847 0.341587 0.052559 0.038969 0.002473
3 0.040071 0.326383 0.041959 0.069097 0.004070
3 0.164099 0.341348 0.050036 0.025704 0.001501
3 0.686723 0.338602 0.023527 0.036292 0.001501
3 0.687421 0.338253 0.025205 0.037115 0.001501
4 0.535082 0.325471 0.010650 0.020902 0.001501
5 0.446500 0.330932 0.023816 0.062732 0.268941
5 0.447221 0.330332 0.022638 0.061558 0.268941
5 0.442852 0.332444 0.025113 0.054160 0.001501
5 0.446495 0.331808 0.023829 0.060756 0.731059
5 0.447096 0.331595 0.025052 0.061188 0.622459
5 0.535082 0.325471 0.010650 0.020902 0.002473
5 0.686722 0.333056 0.026715 0.042335 0.006693
5 0.444428 0.331987 0.027547 0.058124 0.004070
5 0.446493 0.331807 0.023924 0.060650 0.817575
5 0.446539 0.331603 0.023999 0.061036 0.731059
5 0.686723 0.338602 0.023527 0.036292 0.002473
5 0.687421 0.338253 0.025205 0.037115 0.004070
