0 0.009472 0.277981 0.018976 0.226379 0.001501
0 0.009865 0.298743 0.019845 0.219013 0.004070
0 0.008918 0.314975 0.021031 0.213695 0.002473
0 0.010690 0.309546 0.021587 0.212527 0.001501
0 0.157208 0.335062 0.017539 0.154392 0.004070
0 0.165379 0.340316 0.027244 0.172246 0.001501
0 0.009700 0.320952 0.019466 0.221227 0.002473
0 0.010607 0.314576 0.021352 0.209864 0.001501
0 0.157594 0.344564 0.018736 0.168799 0.010987
0 0.167715 0.348247 0.024895 0.174436 0.010987
0 0.257016 0.332668 0.017263 0.118700 0.500000
0 0.274029 0.331518 0.017377 0.105661 0.047426
0 0.276489 0.332580 0.022219 0.110497 0.017986
0 0.299270 0.333971 0.017919 0.123498 0.001501
0 0.301317 0.334100 0.019392 0.123494 0.006693
0 0.009908 0.328098 0.019870 0.236766 0.010987
0 0.011079 0.317022 0.019234 0.218537 0.006693
0 0.102574 0.319271 0.033725 0.263925 0.001501
0 0.159314 0.349281 0.022014 0.176848 0.010987
0 0.168844 0.353679 0.023249 0.178404 0.010987
0 0.257049 0.333195 0.017272 0.119681 0.500000
0 0.273907 0.333200 0.017065 0.097675 0.182426
0 0.275012 0.332505 0.017131 0.102757 0.119203
0 0.299966 0.340755 0.019168 0.115392 0.622459
0 0.300008 0.339580 0.017065 0.117743 0.500000
0 0.735910 0.323132 0.019115 0.050356 0.001501
0 0.741914 0.327233 0.010571 0.055588 0.004070
0 0.754241 0.330468 0.008604 0.058824 0.002473
0 0.010995 0.342029 0.022048 0.262544 0.017986
0 0.011404 0.336988 0.022848 0.247365 0.010987
0 0.102215 0.319166 0.035708 0.264817 0.002473
0 0.101926 0.323451 0.034870 0.271997 0.075858
0 0.162423 0.349326 0.025010 0.176333 0.268941
0 0.164330 0.350064 0.028587 0.175062 0.182426
0 0.192856 0.333664 0.036079 0.212947 0.006693
0 0.256982 0.333278 0.017127 0.119969 0.622459
0 0.273867 0.344187 0.014814 0.076805 0.268941
0 0.274780 0.338905 0.014845 0.090008 0.182426
0 0.299042 0.339834 0.017323 0.117177 0.500000
0 0.300010 0.340911 0.017061 0.119565 0.622459
0 0.684848 0.339164 0.008387 0.040121 0.075858
0 0.688385 0.336607 0.012670 0.035061 0.006693
0 0.733979 0.330700 0.018206 0.036573 0.010987
0 0.740805 0.333590 0.012787 0.052482 0.017986
0 0.753084 0.334511 0.009332 0.053792 0.075858
0 0.011139 0.356091 0.022326 0.283803 0.029312
0 0.012238 0.350919 0.024486 0.270760 0.029312
0 0.103303 0.322509 0.035176 0.264527 0.182426
0 0.102674 0.322739 0.036335 0.265628 0.500000
0 0.103449 0.323159 0.035351 0.265597 0.001501
0 0.163296 0.349481 0.026657 0.176395 0.731059
0 0.163352 0.350713 0.026868 0.178892 0.622459
0 0.192195 0.335857 0.037629 0.203048 0.268941
0 0.191463 0.333547 0.036178 0.213181 0.622459
0 0.256932 0.333392 0.017083 0.119796 0.500000
0 0.274049 0.342796 0.015166 0.082228 0.268941
0 0.275173 0.343561 0.014057 0.079993 0.182426
0 0.299972 0.341426 0.017055 0.118469 0.500000
0 0.299497 0.340884 0.018103 0.119556 0.622459
0 0.683905 0.338087 0.007212 0.037615 0.119203
0 0.731433 0.334742 0.016428 0.034074 0.006693
0 0.742169 0.334139 0.010014 0.054736 0.017986
0 0.753863 0.334461 0.007765 0.057881 0.119203
0 0.011026 0.354741 0.022098 0.283076 0.075858
0 0.011909 0.356925 0.023821 0.276296 0.075858
0 0.102689 0.322884 0.036496 0.259103 0.377541
0 0.102699 0.323109 0.036424 0.259521 0.622459
0 0.103422 0.324814 0.035285 0.261161 0.500000
0 0.162513 0.348508 0.025091 0.178147 0.622459
0 0.163271 0.348986 0.026685 0.177186 0.622459
0 0.192285 0.334717 0.034674 0.210783 0.731059
0 0.191728 0.333424 0.033561 0.213348 0.622459
0 0.191494 0.335674 0.036270 0.213628 0.817575
0 0.257488 0.334431 0.018137 0.117670 0.622459
0 0.274529 0.342277 0.013455 0.085142 0.182426
0 0.275173 0.343082 0.014054 0.082824 0.268941
0 0.299413 0.340292 0.018117 0.116238 0.500000
0 0.299521 0.340487 0.018048 0.120362 0.731059
0 0.421453 0.341457 0.018632 0.058901 0.004070
0 0.436747 0.341694 0.026830 0.054278 0.004070
0 0.441614 0.341227 0.023108 0.052922 0.001501
0 0.684849 0.342738 0.008387 0.047011 0.017986
0 0.734347 0.340991 0.015681 0.055429 0.002473
0 0.742962 0.335405 0.011156 0.061650 0.004070
0 0.753467 0.335783 0.010169 0.060805 0.010987
0 0.011011 0.352091 0.022049 0.285016 0.119203
0 0.011760 0.354645 0.023564 0.283986 0.119203
0 0.102334 0.323576 0.035752 0.258511 0.500000
0 0.102686 0.322811 0.036294 0.256722 0.622459
0 0.103441 0.322739 0.035266 0.256943 0.500000
0 0.163270 0.349781 0.023514 0.180662 0.500000
0 0.162525 0.350237 0.025090 0.179683 0.731059
0 0.191743 0.335919 0.033573 0.208506 0.622459
0 0.192279 0.337013 0.034585 0.210714 0.731059
0 0.192292 0.337003 0.034669 0.210776 0.817575
0 0.254788 0.338554 0.023995 0.115328 0.001501
0 0.256807 0.333436 0.019494 0.119861 0.622459
0 0.273207 0.343387 0.013571 0.091811 0.029312
0 0.275954 0.340128 0.015203 0.095656 0.029312
0 0.299967 0.339815 0.017030 0.117201 0.500000
0 0.299502 0.340937 0.018100 0.119450 0.622459
0 0.010978 0.351153 0.021992 0.290729 0.119203
0 0.011826 0.354542 0.020659 0.279650 0.119203
0 0.102685 0.320484 0.036709 0.265638 0.029312
0 0.103239 0.320282 0.034931 0.265568 0.500000
0 0.104206 0.322741 0.033725 0.257331 0.001501
0 0.161716 0.349426 0.026538 0.176299 0.622459
0 0.162509 0.349620 0.025118 0.175817 0.731059
0 0.190915 0.338736 0.034998 0.207455 0.622459
0 0.191726 0.337291 0.033473 0.210197 0.731059
0 0.192309 0.338687 0.034637 0.207426 0.010987
0 0.010829 0.341340 0.024771 0.307564 0.075858
0 0.011058 0.342634 0.022189 0.299847 0.047426
0 0.104174 0.323225 0.033503 0.253351 0.075858
0 0.160949 0.345948 0.025128 0.183249 0.500000
0 0.162598 0.347579 0.028331 0.185005 0.377541
0 0.010922 0.350433 0.021885 0.289492 0.029312
0 0.011086 0.350112 0.022104 0.286074 0.010987
0 0.010238 0.360463 0.020545 0.269015 0.004070
0 0.012950 0.371275 0.018405 0.238109 0.001501
1 0.369907 0.330258 0.029217 0.019698 0.075858
1 0.371520 0.328658 0.031719 0.022710 0.119203
1 0.372272 0.329323 0.033931 0.024080 0.182426
1 0.423629 0.333279 0.061703 0.036777 0.500000
1 0.422970 0.333317 0.060076 0.041718 0.731059
1 0.423214 0.332037 0.061651 0.039175 0.817575
1 0.422712 0.332027 0.060477 0.039188 0.731059
1 0.422775 0.333305 0.060330 0.041737 0.622459
1 0.478599 0.331517 0.026556 0.028782 0.004070
1 0.481733 0.331126 0.029938 0.027709 0.002473
1 0.487133 0.327826 0.035355 0.030734 0.002473
1 0.551876 0.318629 0.025574 0.039096 0.001501
1 0.567620 0.328650 0.021152 0.022787 0.075858
1 0.589178 0.333323 0.031431 0.028460 0.731059
1 0.589150 0.334223 0.031389 0.030231 0.817575
1 0.607080 0.325550 0.017883 0.021179 0.017986
1 0.621044 0.327505 0.011684 0.016833 0.006693
1 0.628291 0.326588 0.012809 0.023163 0.006693
1 0.640066 0.322872 0.018204 0.026067 0.001501
1 0.651981 0.328667 0.021296 0.019194 0.006693
1 0.674348 0.333309 0.026464 0.025859 0.002473
1 0.688385 0.336607 0.012670 0.035061 0.002473
1 0.714662 0.335322 0.017568 0.028028 0.075858
1 0.714917 0.334429 0.017344 0.026211 0.119203
1 0.733979 0.330700 0.018206 0.036573 0.047426
1 0.243775 0.337677 0.009607 0.020692 0.006693
1 0.422900 0.333289 0.061319 0.041817 0.377541
1 0.423008 0.333309 0.060147 0.041761 0.731059
1 0.422743 0.334593 0.060545 0.039191 0.817575
1 0.422714 0.334580 0.060504 0.039216 0.817575
1 0.422882 0.334597 0.060136 0.039190 0.731059
1 0.478186 0.335928 0.023589 0.020662 0.029312
1 0.479036 0.335492 0.024841 0.021499 0.010987
1 0.484654 0.333050 0.032219 0.026400 0.002473
1 0.523462 0.332466 0.031880 0.030255 0.004070
1 0.525893 0.331764 0.026451 0.029037 0.002473
1 0.589150 0.334259 0.031377 0.030256 0.731059
1 0.589125 0.334246 0.031334 0.030252 0.817575
1 0.674969 0.337272 0.026033 0.029018 0.001501
1 0.689140 0.336384 0.012706 0.031043 0.002473
1 0.714005 0.335695 0.016253 0.023738 0.182426
1 0.714132 0.335696 0.016051 0.023735 0.500000
1 0.731433 0.334742 0.016428 0.034074 0.010987
2 0.552051 0.318270 0.026087 0.040032 0.182426
2 0.552446 0.316216 0.026857 0.039493 0.182426
2 0.563987 0.318183 0.048659 0.040306 0.029312
2 0.629462 0.317745 0.019293 0.036339 0.002473
2 0.250713 0.327589 0.026596 0.038683 0.006693
2 0.371520 0.328658 0.031719 0.022710 0.002473
2 0.372272 0.329323 0.033931 0.024080 0.010987
2 0.422775 0.333305 0.060330 0.041737 0.001501
2 0.487133 0.327826 0.035355 0.030734 0.002473
2 0.521352 0.328576 0.037827 0.032375 0.010987
2 0.522989 0.328616 0.032492 0.032292 0.182426
2 0.522915 0.327042 0.032463 0.034257 0.182426
2 0.549263 0.319233 0.020927 0.037973 0.119203
2 0.551876 0.318629 0.025574 0.039096 0.075858
2 0.567620 0.328650 0.021152 0.022787 0.017986
2 0.607080 0.325550 0.017883 0.021179 0.010987
2 0.628291 0.326588 0.012809 0.023163 0.010987
2 0.640066 0.322872 0.018204 0.026067 0.006693
2 0.651981 0.328667 0.021296 0.019194 0.002473
2 0.243775 0.337677 0.009607 0.020692 0.010987
2 0.422882 0.334597 0.060136 0.039190 0.002473
2 0.521155 0.331150 0.038004 0.030274 0.002473
2 0.523462 0.332466 0.031880 0.030255 0.029312
2 0.525893 0.331764 0.026451 0.029037 0.017986
2 0.546202 0.326746 0.017665 0.037571 0.001501
3 0.276489 0.332580 0.022219 0.110497 0.002473
3 0.273907 0.333200 0.017065 0.097675 0.004070
3 0.275012 0.332505 0.017131 0.102757 0.004070
3 0.422477 0.326049 0.061379 0.056226 0.004070
3 0.422376 0.327162 0.061455 0.053776 0.001501
3 0.422944 0.327992 0.060250 0.057288 0.001501
3 0.552051 0.318270 0.026087 0.040032 0.002473
3 0.552446 0.316216 0.026857 0.039493 0.017986
3 0.563987 0.318183 0.048659 0.040306 0.002473
3 0.227768 0.327860 0.017143 0.021487 0.004070
3 0.250713 0.327589 0.026596 0.038683 0.004070
3 0.369907 0.330258 0.029217 0.019698 0.004070
3 0.371520 0.328658 0.031719 0.022710 0.017986
3 0.372272 0.329323 0.033931 0.024080 0.017986
3 0.423629 0.333279 0.061703 0.036777 0.010987
3 0.422712 0.332027 0.060477 0.039188 0.002473
3 0.422775 0.333305 0.060330 0.041737 0.010987
3 0.478599 0.331517 0.026556 0.028782 0.017986
3 0.481733 0.331126 0.029938 0.027709 0.010987
3 0.487133 0.327826 0.035355 0.030734 0.006693
3 0.522989 0.328616 0.032492 0.032292 0.001501
3 0.549263 0.319233 0.020927 0.037973 0.002473
3 0.551876 0.318629 0.025574 0.039096 0.010987
3 0.567620 0.328650 0.021152 0.022787 0.029312
3 0.607080 0.325550 0.017883 0.021179 0.029312
3 0.621044 0.327505 0.011684 0.016833 0.001501
3 0.628291 0.326588 0.012809 0.023163 0.004070
3 0.640066 0.322872 0.018204 0.026067 0.002473
3 0.714917 0.334429 0.017344 0.026211 0.001501
3 0.733979 0.330700 0.018206 0.036573 0.004070
3 0.243775 0.337677 0.009607 0.020692 0.004070
3 0.422900 0.333289 0.061319 0.041817 0.004070
3 0.422882 0.334597 0.060136 0.039190 0.002473
3 0.478186 0.335928 0.023589 0.020662 0.004070
3 0.479036 0.335492 0.024841 0.021499 0.001501
3 0.484654 0.333050 0.032219 0.026400 0.001501
3 0.523462 0.332466 0.031880 0.030255 0.004070
3 0.525893 0.331764 0.026451 0.029037 0.001501
3 0.034580 0.352865 0.075379 0.256433 0.001501
5 0.733979 0.330700 0.018206 0.036573 0.006693
5 0.658591 0.336658 0.014198 0.025759 0.001501
5 0.731433 0.334742 0.016428 0.034074 0.006693
5 0.742169 0.334139 0.010014 0.054736 0.001501
