0 0.882726 0.259863 0.012792 0.048341 0.001501
0 0.780149 0.277534 0.015205 0.050337 0.002473
0 0.813409 0.281057 0.023973 0.073401 0.002473
0 0.813794 0.272515 0.023150 0.055230 0.004070
0 0.768136 0.296393 0.017219 0.046166 0.029312
0 0.780100 0.290416 0.011824 0.050155 0.006693
0 0.793280 0.292929 0.021490 0.050288 0.001501
0 0.810980 0.285060 0.022624 0.077644 0.004070
0 0.814457 0.282610 0.027735 0.076682 0.001501
0 0.858005 0.278471 0.021988 0.062728 0.001501
0 0.004280 0.325277 0.008615 0.077826 0.002473
0 0.181427 0.320505 0.016430 0.048485 0.002473
0 0.767456 0.295538 0.016122 0.043851 0.029312
0 0.781124 0.298521 0.010023 0.041399 0.002473
0 0.791497 0.306186 0.011496 0.029850 0.004070
0 0.806259 0.307937 0.016262 0.033803 0.004070
0 0.004248 0.334175 0.011570 0.058374 0.002473
0 0.016508 0.334059 0.011230 0.052954 0.006693
0 0.049112 0.336235 0.020613 0.061298 0.004070
0 0.056221 0.339474 0.009510 0.054058 0.017986
0 0.142532 0.330918 0.007057 0.046700 0.029312
0 0.158321 0.333098 0.005335 0.031613 0.029312
0 0.175216 0.331763 0.017861 0.029186 0.001501
0 0.179712 0.331129 0.012579 0.032262 0.047426
0 0.196132 0.329716 0.007752 0.034614 0.075858
0 0.004860 0.342854 0.009731 0.043396 0.001501
0 0.020204 0.342259 0.009685 0.059110 0.004070
0 0.049102 0.336501 0.017570 0.062326 0.010987
0 0.056924 0.340362 0.008112 0.055686 0.047426
0 0.142532 0.333273 0.007022 0.047013 0.029312
0 0.158319 0.333358 0.005328 0.032139 0.029312
0 0.179718 0.333395 0.012652 0.031987 0.017986
0 0.196403 0.328682 0.007211 0.037788 0.029312
0 0.006553 0.350455 0.013144 0.052330 0.001501
0 0.020208 0.351840 0.009671 0.053903 0.001501
0 0.048630 0.339979 0.014369 0.060937 0.006693
0 0.056211 0.341802 0.009547 0.053215 0.017986
1 0.853504 0.280301 0.033656 0.071147 0.004070
1 0.859865 0.277364 0.025713 0.064529 0.075858
1 0.863853 0.276913 0.031239 0.063851 0.047426
1 0.868602 0.269328 0.037977 0.050526 0.006693
1 0.852695 0.279997 0.033417 0.066142 0.004070
1 0.858005 0.278471 0.021988 0.062728 0.047426
1 0.863166 0.278440 0.032605 0.062669 0.029312
1 0.868020 0.271559 0.039143 0.053845 0.006693
1 0.335970 0.318178 0.022053 0.035513 0.029312
1 0.355509 0.318201 0.033033 0.035431 0.500000
1 0.356235 0.318207 0.034376 0.035419 0.500000
1 0.356303 0.318506 0.034429 0.034856 0.500000
1 0.393602 0.312406 0.034297 0.028329 0.182426
1 0.393909 0.311560 0.037274 0.030241 0.182426
1 0.399801 0.311491 0.031663 0.030083 0.182426
1 0.425695 0.311452 0.020653 0.023738 0.377541
1 0.426486 0.311387 0.022129 0.023584 0.377541
1 0.448891 0.308824 0.017041 0.021100 0.119203
1 0.450040 0.309487 0.019240 0.022423 0.047426
1 0.466385 0.304519 0.014512 0.016176 0.004070
1 0.487392 0.308707 0.014186 0.020864 0.500000
1 0.487885 0.308702 0.014737 0.020859 0.377541
1 0.503860 0.309401 0.014260 0.019619 0.182426
1 0.527793 0.313634 0.033656 0.049092 0.731059
1 0.528530 0.313614 0.032069 0.049107 0.622459
1 0.527807 0.313645 0.033794 0.049158 0.377541
1 0.552234 0.306893 0.014844 0.020903 0.047426
1 0.565568 0.306818 0.013120 0.021190 0.010987
1 0.767456 0.295538 0.016122 0.043851 0.001501
1 0.825773 0.291898 0.058823 0.068205 0.001501
1 0.847194 0.282474 0.038472 0.075474 0.002473
1 0.857926 0.278536 0.022153 0.063003 0.029312
1 0.862106 0.279844 0.028535 0.065724 0.010987
1 0.041892 0.334675 0.037147 0.059825 0.001501
1 0.049112 0.336235 0.020613 0.061298 0.001501
1 0.179712 0.331129 0.012579 0.032262 0.001501
1 0.259845 0.333191 0.083659 0.061589 0.924142
1 0.258700 0.333065 0.082629 0.061522 0.880797
1 0.258968 0.333281 0.082068 0.061842 0.880797
1 0.258962 0.333443 0.082061 0.061811 0.880797
1 0.258958 0.333399 0.082064 0.061147 0.817575
1 0.308329 0.321635 0.011593 0.014215 0.002473
1 0.316576 0.324038 0.015262 0.013689 0.001501
1 0.332117 0.320815 0.017463 0.030180 0.622459
1 0.355531 0.318594 0.033047 0.034650 0.622459
1 0.356250 0.319742 0.031706 0.036871 0.731059
1 0.356252 0.319422 0.034481 0.037496 0.731059
1 0.391380 0.311684 0.036157 0.030231 0.268941
1 0.393610 0.312526 0.034685 0.028427 0.182426
1 0.400426 0.311661 0.032932 0.030161 0.268941
1 0.425677 0.311795 0.020627 0.024245 0.268941
1 0.426463 0.311807 0.022146 0.024215 0.182426
1 0.449244 0.311516 0.017771 0.026082 0.010987
1 0.450745 0.311835 0.020640 0.024255 0.010987
1 0.527587 0.314505 0.033241 0.050921 0.622459
1 0.527609 0.312492 0.033304 0.051353 0.731059
1 0.527148 0.313583 0.035105 0.049176 0.500000
1 0.719930 0.357569 0.200506 0.173507 0.880797
1 0.720480 0.356662 0.202359 0.171684 0.817575
1 0.260155 0.333229 0.085531 0.061553 0.880797
1 0.258284 0.333102 0.083478 0.061277 0.817575
1 0.259020 0.333289 0.081991 0.060897 0.880797
1 0.258696 0.333291 0.082612 0.060900 0.880797
1 0.257933 0.332779 0.081097 0.060926 0.880797
1 0.720579 0.357508 0.202495 0.173359 0.924142
1 0.720179 0.356214 0.201043 0.175882 0.880797
1 0.720866 0.356605 0.202420 0.171546 0.924142
1 0.720680 0.357507 0.202676 0.173362 0.924142
1 0.720110 0.358808 0.201275 0.170893 0.924142
1 0.720125 0.357509 0.201579 0.173384 0.880797
1 0.720691 0.358765 0.202717 0.170804 0.924142
1 0.720591 0.358773 0.202960 0.170786 0.970688
2 0.863853 0.276913 0.031239 0.063851 0.002473
2 0.603306 0.296261 0.056622 0.079253 0.817575
2 0.603306 0.296277 0.056654 0.079230 0.817575
2 0.603322 0.296295 0.056621 0.079200 0.880797
2 0.448891 0.308824 0.017041 0.021100 0.006693
2 0.450040 0.309487 0.019240 0.022423 0.004070
2 0.466385 0.304519 0.014512 0.016176 0.017986
2 0.503860 0.309401 0.014260 0.019619 0.001501
2 0.552234 0.306893 0.014844 0.020903 0.004070
2 0.565568 0.306818 0.013120 0.021190 0.010987
2 0.603419 0.294993 0.056866 0.076707 0.817575
2 0.603303 0.295008 0.056609 0.076669 0.817575
2 0.603130 0.295007 0.056284 0.076670 0.817575
2 0.603409 0.295002 0.056821 0.076671 0.880797
2 0.604340 0.295057 0.055631 0.076576 0.817575
2 0.602531 0.295427 0.058181 0.080933 0.817575
2 0.603291 0.296393 0.056730 0.079019 0.924142
3 0.398188 0.300802 0.029280 0.051348 0.001501
3 0.533505 0.302064 0.027344 0.047401 0.001501
3 0.393602 0.312406 0.034297 0.028329 0.119203
3 0.393909 0.311560 0.037274 0.030241 0.119203
3 0.399801 0.311491 0.031663 0.030083 0.182426
3 0.448891 0.308824 0.017041 0.021100 0.001501
3 0.487392 0.308707 0.014186 0.020864 0.006693
3 0.487885 0.308702 0.014737 0.020859 0.004070
3 0.503860 0.309401 0.014260 0.019619 0.010987
3 0.527793 0.313634 0.033656 0.049092 0.017986
3 0.528530 0.313614 0.032069 0.049107 0.029312
3 0.527807 0.313645 0.033794 0.049158 0.075858
3 0.552234 0.306893 0.014844 0.020903 0.047426
3 0.565568 0.306818 0.013120 0.021190 0.006693
3 0.391380 0.311684 0.036157 0.030231 0.017986
3 0.393610 0.312526 0.034685 0.028427 0.075858
3 0.400426 0.311661 0.032932 0.030161 0.075858
3 0.527587 0.314505 0.033241 0.050921 0.004070
3 0.527609 0.312492 0.033304 0.051353 0.010987
3 0.527148 0.313583 0.035105 0.049176 0.010987
4 0.859865 0.277364 0.025713 0.064529 0.002473
4 0.858005 0.278471 0.021988 0.062728 0.002473
4 0.863166 0.278440 0.032605 0.062669 0.001501
4 0.791497 0.306186 0.011496 0.029850 0.001501
4 0.806259 0.307937 0.016262 0.033803 0.001501
4 0.176645 0.333578 0.018947 0.031783 0.001501
4 0.179718 0.333395 0.012652 0.031987 0.004070
5 0.767456 0.295538 0.016122 0.043851 0.002473
5 0.175216 0.331763 0.017861 0.029186 0.002473
5 0.179712 0.331129 0.012579 0.032262 0.029312
5 0.196132 0.329716 0.007752 0.034614 0.002473
5 0.176645 0.333578 0.018947 0.031783 0.002473
5 0.179718 0.333395 0.012652 0.031987 0.017986
5 0.196403 0.328682 0.007211 0.037788 0.002473
5 0.056211 0.341802 0.009547 0.053215 0.002473
