0 0.832725 0.258510 0.012792 0.026842 0.002473
0 0.870875 0.260334 0.011531 0.026326 0.001501
0 0.617997 0.308160 0.011159 0.061720 0.001501
0 0.233391 0.322623 0.008870 0.057248 0.002473
0 0.566685 0.313202 0.008849 0.030197 0.001501
0 0.592531 0.315098 0.007023 0.041825 0.119203
0 0.605527 0.317483 0.008351 0.042320 0.001501
0 0.616359 0.314694 0.007786 0.051712 0.010987
0 0.233761 0.324967 0.011784 0.053290 0.002473
0 0.566357 0.319116 0.007811 0.018876 0.001501
0 0.594974 0.316301 0.007020 0.039319 0.182426
0 0.615568 0.315699 0.009366 0.049024 0.010987
0 0.007061 0.331278 0.014152 0.118937 0.002473
0 0.007820 0.335849 0.015658 0.106639 0.004070
0 0.007771 0.335806 0.015552 0.125640 0.002473
0 0.397078 0.985149 0.016363 0.030015 0.001501
1 0.989434 0.253602 0.021178 0.061184 0.002473
1 0.879318 0.260099 0.035763 0.026939 0.001501
1 0.939175 0.261615 0.084074 0.034805 0.001501
1 0.947938 0.263694 0.084816 0.033935 0.001501
1 0.977104 0.262480 0.042764 0.040048 0.002473
1 0.979975 0.262173 0.040070 0.040196 0.010987
1 0.985339 0.261389 0.029344 0.041950 0.006693
1 0.978593 0.263035 0.042836 0.044345 0.001501
1 0.991886 0.264209 0.016266 0.042542 0.001501
1 0.435448 0.327282 0.045938 0.053624 0.047426
1 0.434789 0.326270 0.047404 0.050376 0.047426
1 0.538132 0.311928 0.015666 0.024751 0.004070
1 0.538279 0.311635 0.015524 0.024112 0.004070
1 0.627643 0.305917 0.014048 0.042662 0.001501
1 0.349471 0.321713 0.039840 0.024360 0.001501
1 0.353018 0.324192 0.031490 0.023443 0.182426
1 0.353991 0.322931 0.029554 0.020906 0.268941
1 0.354541 0.322928 0.030404 0.020963 0.075858
1 0.434327 0.328386 0.046738 0.051583 0.880797
1 0.435103 0.327146 0.045218 0.048956 0.817575
1 0.434337 0.327081 0.046751 0.049069 0.817575
1 0.434344 0.327037 0.046796 0.049205 0.880797
1 0.515607 0.319603 0.009286 0.014258 0.377541
1 0.537920 0.313203 0.014531 0.022654 0.010987
1 0.538240 0.314190 0.014020 0.020655 0.075858
1 0.434312 0.327159 0.046709 0.048937 0.880797
1 0.434329 0.327160 0.046731 0.048930 0.817575
1 0.434730 0.327230 0.047550 0.048777 0.880797
1 0.434345 0.328317 0.046795 0.051723 0.880797
1 0.994512 0.383821 0.011056 0.073911 0.001501
1 0.006314 0.348537 0.015713 0.256057 0.002473
1 0.007732 0.355638 0.015513 0.242660 0.002473
1 0.007047 0.368115 0.014150 0.218324 0.004070
1 0.007084 0.369592 0.014202 0.219276 0.004070
1 0.763789 0.372888 0.265997 0.273664 0.939913
1 0.762490 0.372172 0.265952 0.274970 0.952574
1 0.761821 0.373850 0.267439 0.275551 0.939913
1 0.764159 0.373956 0.264411 0.271811 0.119203
1 0.761777 0.374920 0.264596 0.269605 0.924142
1 0.762507 0.373954 0.265991 0.271550 0.939913
1 0.761169 0.374067 0.266123 0.275190 0.939913
1 0.761326 0.373276 0.265863 0.277253 0.037327
1 0.762430 0.375900 0.265893 0.271828 0.939913
1 0.763204 0.374872 0.267358 0.269993 0.952574
1 0.761908 0.373893 0.264654 0.272080 0.952574
2 0.538132 0.311928 0.015666 0.024751 0.119203
2 0.538279 0.311635 0.015524 0.024112 0.182426
2 0.627643 0.305917 0.014048 0.042662 0.002473
2 0.537920 0.313203 0.014531 0.022654 0.047426
2 0.538240 0.314190 0.014020 0.020655 0.075858
3 0.990979 0.227595 0.018099 0.137779 0.001501
3 0.911663 0.230070 0.173897 0.098683 0.002473
3 0.915687 0.227283 0.169890 0.104248 0.006693
3 0.919169 0.227966 0.159078 0.103641 0.047426
3 0.924061 0.228002 0.148862 0.105353 0.029312
3 0.945427 0.228715 0.106171 0.105132 0.004070
3 0.958684 0.228637 0.079528 0.103484 0.010987
3 0.960958 0.229097 0.078147 0.104633 0.075858
3 0.964773 0.229903 0.073557 0.114831 0.010987
3 0.913506 0.227927 0.170742 0.102954 0.004070
3 0.918154 0.228629 0.161545 0.104106 0.047426
3 0.929825 0.228584 0.137718 0.107311 0.047426
3 0.943393 0.228904 0.110247 0.107132 0.010987
3 0.957385 0.228839 0.082173 0.105572 0.010987
3 0.960163 0.229860 0.079735 0.105802 0.047426
3 0.967686 0.231468 0.064664 0.104584 0.002473
3 0.963028 0.236967 0.071019 0.090550 0.001501
3 0.538132 0.311928 0.015666 0.024751 0.047426
3 0.538279 0.311635 0.015524 0.024112 0.075858
3 0.353018 0.324192 0.031490 0.023443 0.002473
3 0.353991 0.322931 0.029554 0.020906 0.004070
3 0.537920 0.313203 0.014531 0.022654 0.017986
3 0.538240 0.314190 0.014020 0.020655 0.047426
