0 0.297368 0.325393 0.028416 0.037130 0.001501
0 0.898499 0.352794 0.014075 0.080697 0.622459
0 0.899324 0.352788 0.015756 0.075708 0.047426
0 0.913576 0.348422 0.013636 0.059469 0.001501
0 0.934006 0.347424 0.010089 0.054051 0.017986
0 0.897958 0.354064 0.015176 0.078152 0.500000
0 0.909337 0.356331 0.009453 0.064723 0.119203
0 0.912782 0.356699 0.013130 0.046844 0.006693
0 0.932471 0.349997 0.007019 0.050029 0.047426
0 0.972747 0.359095 0.011012 0.057267 0.001501
0 0.076891 0.357658 0.029334 0.059836 0.001501
0 0.898568 0.352800 0.014226 0.080679 0.500000
0 0.910910 0.357218 0.011226 0.062212 0.119203
0 0.912791 0.354261 0.013137 0.047023 0.017986
0 0.932681 0.351395 0.009662 0.047386 0.047426
0 0.973065 0.358956 0.009830 0.051034 0.002473
0 0.077810 0.360252 0.025223 0.055331 0.001501
0 0.898749 0.352923 0.014565 0.080809 0.377541
0 0.900844 0.356731 0.015383 0.073308 0.075858
0 0.912921 0.361532 0.013703 0.056364 0.004070
1 0.014056 0.330560 0.031490 0.133175 0.001501
1 0.074254 0.320181 0.036393 0.052447 0.002473
1 0.075386 0.306399 0.035758 0.034938 0.004070
1 0.439068 0.332069 0.075166 0.061960 0.119203
1 0.439750 0.332080 0.076563 0.062011 0.075858
1 0.007160 0.351482 0.014465 0.143171 0.004070
1 0.074861 0.339642 0.033942 0.095933 0.001501
1 0.074789 0.337476 0.033661 0.085992 0.004070
1 0.349832 0.329432 0.075071 0.033567 0.047426
1 0.365742 0.330606 0.046755 0.031229 0.182426
1 0.369617 0.329296 0.041676 0.033650 0.268941
1 0.374300 0.328840 0.032367 0.032759 0.268941
1 0.401923 0.323591 0.029038 0.033243 0.047426
1 0.406368 0.320573 0.031852 0.037268 0.010987
1 0.439767 0.332880 0.076450 0.061720 0.817575
1 0.439728 0.332774 0.073681 0.061925 0.817575
1 0.439042 0.332589 0.075007 0.061112 0.880797
1 0.439727 0.332480 0.073672 0.061327 0.817575
1 0.439066 0.332383 0.075162 0.056963 0.029312
1 0.500719 0.326897 0.048469 0.028808 0.731059
1 0.501501 0.328183 0.047159 0.026285 0.731059
1 0.502232 0.326899 0.048586 0.028806 0.817575
1 0.502334 0.327350 0.048580 0.029712 0.622459
1 0.523296 0.325637 0.045260 0.028665 0.119203
1 0.527284 0.325841 0.039727 0.028291 0.119203
1 0.707155 0.325445 0.029822 0.031824 0.002473
1 0.707525 0.327287 0.031864 0.029872 0.004070
1 0.707096 0.324384 0.032827 0.033842 0.004070
1 0.736159 0.332134 0.022472 0.020512 0.001501
1 0.756630 0.331167 0.036594 0.021573 0.002473
1 0.765763 0.334903 0.026072 0.028989 0.002473
1 0.790590 0.347330 0.031338 0.050061 0.119203
1 0.791369 0.345056 0.029774 0.046264 0.119203
1 0.793735 0.341784 0.030914 0.045487 0.006693
1 0.818208 0.337985 0.029960 0.037813 0.004070
1 0.821171 0.339459 0.027064 0.040912 0.001501
1 0.074138 0.349831 0.032966 0.078247 0.006693
1 0.075186 0.351824 0.032683 0.073698 0.017986
1 0.318857 0.334948 0.029072 0.022605 0.004070
1 0.353314 0.328638 0.063409 0.035226 0.010987
1 0.360567 0.331314 0.053687 0.032502 0.119203
1 0.365114 0.330045 0.048148 0.035064 0.377541
1 0.367029 0.329357 0.041268 0.033815 0.182426
1 0.371304 0.329364 0.040464 0.033865 0.182426
1 0.397930 0.329249 0.018600 0.034441 0.010987
1 0.439762 0.333514 0.073793 0.059851 0.047426
1 0.439088 0.332765 0.075079 0.061842 0.817575
1 0.439057 0.332865 0.075016 0.061569 0.817575
1 0.438287 0.332000 0.073450 0.060312 0.817575
1 0.439048 0.332568 0.075023 0.060979 0.880797
1 0.439702 0.332598 0.076402 0.061169 0.182426
1 0.736755 0.337357 0.023557 0.024138 0.029312
1 0.737730 0.338017 0.025692 0.022812 0.017986
1 0.758829 0.338944 0.027022 0.021185 0.006693
1 0.783410 0.345605 0.036508 0.038365 0.017986
1 0.790225 0.347671 0.030610 0.049567 0.731059
1 0.791276 0.347661 0.029507 0.049511 0.817575
1 0.791132 0.347610 0.032236 0.049517 0.075858
1 0.819909 0.343243 0.025836 0.035290 0.010987
1 0.821966 0.343176 0.028368 0.038727 0.004070
1 0.075749 0.354258 0.031721 0.064319 0.017986
1 0.076891 0.357658 0.029334 0.059836 0.017986
1 0.260556 0.354112 0.100790 0.125135 0.004070
1 0.784884 0.347174 0.037019 0.042621 0.010987
1 0.790539 0.347808 0.031143 0.049316 0.622459
1 0.791154 0.346863 0.029286 0.046672 0.731059
1 0.790940 0.347989 0.031826 0.048995 0.119203
1 0.822051 0.347987 0.025238 0.038283 0.001501
1 0.077810 0.360252 0.025223 0.055331 0.010987
1 0.260079 0.355442 0.101735 0.122482 0.002473
2 0.326177 0.308180 0.119964 0.075445 0.006693
2 0.326355 0.308369 0.118497 0.075484 0.622459
2 0.326431 0.308349 0.117927 0.075517 0.731059
2 0.327620 0.308222 0.118042 0.075761 0.731059
2 0.329124 0.307248 0.110275 0.076694 0.075858
2 0.335710 0.306118 0.112200 0.075349 0.002473
2 0.522496 0.308631 0.051760 0.066259 0.002473
2 0.523147 0.308014 0.053982 0.065349 0.010987
2 0.704977 0.309599 0.040193 0.064407 0.002473
2 0.706106 0.308932 0.037726 0.062994 0.002473
2 0.706192 0.308911 0.037701 0.062971 0.002473
2 0.328029 0.306555 0.116457 0.078733 0.622459
2 0.326350 0.308901 0.118447 0.077082 0.731059
2 0.326329 0.308981 0.118508 0.077068 0.731059
2 0.327878 0.307512 0.119165 0.079940 0.622459
2 0.329314 0.308075 0.113483 0.078743 0.017986
2 0.408184 0.317116 0.038412 0.037935 0.182426
2 0.407288 0.315822 0.036983 0.035096 0.182426
2 0.520784 0.308773 0.052567 0.062526 0.010987
2 0.522506 0.309559 0.052484 0.061067 0.017986
2 0.706077 0.310888 0.037894 0.061234 0.001501
2 0.327402 0.308808 0.112499 0.074610 0.500000
2 0.330287 0.309245 0.113753 0.076547 0.377541
2 0.349832 0.329432 0.075071 0.033567 0.006693
2 0.401923 0.323591 0.029038 0.033243 0.029312
2 0.406368 0.320573 0.031852 0.037268 0.119203
2 0.523296 0.325637 0.045260 0.028665 0.010987
2 0.527284 0.325841 0.039727 0.028291 0.004070
2 0.742946 0.332129 0.035896 0.021654 0.002473
2 0.756630 0.331167 0.036594 0.021573 0.006693
2 0.765763 0.334903 0.026072 0.028989 0.006693
2 0.791369 0.345056 0.029774 0.046264 0.001501
2 0.793735 0.341784 0.030914 0.045487 0.017986
2 0.818208 0.337985 0.029960 0.037813 0.006693
2 0.821171 0.339459 0.027064 0.040912 0.001501
2 0.737730 0.338017 0.025692 0.022812 0.002473
2 0.758829 0.338944 0.027022 0.021185 0.006693
2 0.783410 0.345605 0.036508 0.038365 0.002473
2 0.819909 0.343243 0.025836 0.035290 0.002473
2 0.821966 0.343176 0.028368 0.038727 0.002473
3 0.227611 0.309441 0.037508 0.072634 0.001501
3 0.523419 0.306951 0.050546 0.063393 0.017986
3 0.523999 0.307937 0.052157 0.065142 0.029312
3 0.522496 0.308631 0.051760 0.066259 0.029312
3 0.523147 0.308014 0.053982 0.065349 0.006693
3 0.704977 0.309599 0.040193 0.064407 0.029312
3 0.706106 0.308932 0.037726 0.062994 0.075858
3 0.706192 0.308911 0.037701 0.062971 0.075858
3 0.516433 0.308909 0.057791 0.058667 0.001501
3 0.520948 0.307499 0.055514 0.061582 0.010987
3 0.520784 0.308773 0.052567 0.062526 0.075858
3 0.522506 0.309559 0.052484 0.061067 0.017986
3 0.622679 0.324194 0.142121 0.143308 0.817575
3 0.622206 0.322927 0.141274 0.145831 0.817575
3 0.622278 0.324202 0.141504 0.143293 0.880797
3 0.706077 0.310888 0.037894 0.061234 0.119203
3 0.707000 0.308950 0.033045 0.062174 0.075858
3 0.705476 0.308461 0.036132 0.063159 0.119203
3 0.401923 0.323591 0.029038 0.033243 0.001501
3 0.523296 0.325637 0.045260 0.028665 0.017986
3 0.527284 0.325841 0.039727 0.028291 0.010987
3 0.622839 0.322941 0.142535 0.145812 0.817575
3 0.622480 0.322937 0.141820 0.145828 0.817575
3 0.622232 0.324213 0.141419 0.143282 0.880797
3 0.622331 0.324206 0.141400 0.148422 0.924142
3 0.707155 0.325445 0.029822 0.031824 0.500000
3 0.707525 0.327287 0.031864 0.029872 0.500000
3 0.707096 0.324384 0.032827 0.033842 0.622459
3 0.791369 0.345056 0.029774 0.046264 0.001501
3 0.793735 0.341784 0.030914 0.045487 0.001501
3 0.622662 0.324205 0.142181 0.143288 0.880797
3 0.622651 0.326605 0.142193 0.143575 0.817575
3 0.622277 0.325480 0.141509 0.145835 0.880797
3 0.706986 0.326764 0.029483 0.035441 0.001501
3 0.707729 0.328087 0.032059 0.032260 0.001501
3 0.737730 0.338017 0.025692 0.022812 0.001501
3 0.783410 0.345605 0.036508 0.038365 0.001501
3 0.791276 0.347661 0.029507 0.049511 0.004070
3 0.791132 0.347610 0.032236 0.049517 0.002473
3 0.819909 0.343243 0.025836 0.035290 0.001501
3 0.821966 0.343176 0.028368 0.038727 0.001501
3 0.791154 0.346863 0.029286 0.046672 0.001501
4 0.075186 0.351824 0.032683 0.073698 0.001501
4 0.075749 0.354258 0.031721 0.064319 0.001501
4 0.076891 0.357658 0.029334 0.059836 0.002473
4 0.077810 0.360252 0.025223 0.055331 0.002473
5 0.014056 0.330560 0.031490 0.133175 0.002473
5 0.222364 0.345512 0.054859 0.113605 0.001501
5 0.007160 0.351482 0.014465 0.143171 0.002473
5 0.074861 0.339642 0.033942 0.095933 0.010987
5 0.074789 0.337476 0.033661 0.085992 0.029312
5 0.163453 0.351206 0.071294 0.119995 0.001501
5 0.204549 0.350490 0.040552 0.085242 0.006693
5 0.218034 0.353306 0.059215 0.105927 0.001501
5 0.220095 0.353388 0.058658 0.107002 0.377541
5 0.220753 0.353064 0.059208 0.110273 0.001501
5 0.036735 0.356551 0.073393 0.147022 0.622459
5 0.036698 0.358790 0.073435 0.143160 0.622459
5 0.036720 0.358007 0.073500 0.141329 0.622459
5 0.074138 0.349831 0.032966 0.078247 0.047426
5 0.075186 0.351824 0.032683 0.073698 0.047426
5 0.156186 0.353346 0.065770 0.110537 0.731059
5 0.155522 0.352839 0.067199 0.111642 0.622459
5 0.156367 0.353538 0.065984 0.110247 0.622459
5 0.203284 0.355329 0.035622 0.088723 0.017986
5 0.219831 0.353848 0.060160 0.106795 0.731059
5 0.219775 0.353974 0.060284 0.108829 0.622459
5 0.220951 0.353509 0.060103 0.110044 0.377541
5 0.258567 0.354139 0.107776 0.124992 0.017986
5 0.261336 0.354130 0.099239 0.125088 0.622459
5 0.261849 0.354169 0.098259 0.125031 0.731059
5 0.036734 0.356855 0.073429 0.143585 0.731059
5 0.036667 0.358574 0.073443 0.140841 0.731059
5 0.035932 0.359676 0.074937 0.139091 0.731059
5 0.036807 0.359099 0.073679 0.139841 0.731059
5 0.075749 0.354258 0.031721 0.064319 0.029312
5 0.076891 0.357658 0.029334 0.059836 0.029312
5 0.155512 0.355481 0.067133 0.106487 0.182426
5 0.155555 0.352418 0.067121 0.112589 0.731059
5 0.155409 0.353632 0.064234 0.112756 0.817575
5 0.156287 0.354139 0.065867 0.109105 0.731059
5 0.156745 0.353094 0.066694 0.111138 0.047426
5 0.204007 0.356660 0.037054 0.096872 0.017986
5 0.219830 0.354037 0.057252 0.105969 0.731059
5 0.219400 0.353609 0.057236 0.109087 0.500000
5 0.219995 0.352381 0.056052 0.110184 0.119203
5 0.256236 0.354185 0.115559 0.125070 0.500000
5 0.258843 0.354156 0.104262 0.125071 0.731059
5 0.260127 0.355423 0.101677 0.127598 0.817575
5 0.260556 0.354112 0.100790 0.125135 0.731059
5 0.035275 0.358026 0.073552 0.140136 0.817575
5 0.036689 0.357873 0.073493 0.141512 0.731059
5 0.036677 0.360057 0.073442 0.139827 0.731059
5 0.076395 0.353645 0.030660 0.073286 0.010987
5 0.077810 0.360252 0.025223 0.055331 0.017986
5 0.155544 0.353678 0.067229 0.110004 0.817575
5 0.155518 0.352878 0.067188 0.111501 0.731059
5 0.156260 0.353834 0.066219 0.109574 0.817575
5 0.207428 0.354202 0.048378 0.104426 0.001501
5 0.219832 0.353009 0.057477 0.107751 0.731059
5 0.218512 0.351209 0.054919 0.112547 0.500000
5 0.220084 0.352898 0.056395 0.112509 0.029312
5 0.255312 0.354122 0.114365 0.125331 0.377541
5 0.258405 0.355436 0.105086 0.122492 0.622459
5 0.260079 0.355442 0.101735 0.122482 0.817575
5 0.262719 0.354152 0.099530 0.125132 0.377541
5 0.041290 0.366327 0.064412 0.124416 0.006693
5 0.155713 0.356036 0.067669 0.105476 0.004070
5 0.220691 0.353406 0.054328 0.110767 0.029312
5 0.229453 0.355899 0.049109 0.122098 0.010987
