0 0.833738 0.336397 0.021282 0.115322 0.001501
0 0.058236 0.331914 0.008566 0.067305 0.006693
0 0.261530 0.334244 0.020579 0.072408 0.001501
0 0.397861 0.334939 0.015049 0.073477 0.002473
0 0.779908 0.364147 0.018775 0.147450 0.001501
0 0.003424 0.332299 0.006859 0.049806 0.006693
0 0.057473 0.334517 0.007022 0.062012 0.006693
0 0.157733 0.344217 0.009803 0.058858 0.002473
0 0.234179 0.340227 0.012961 0.045880 0.001501
0 0.255427 0.344162 0.039813 0.047690 0.001501
0 0.260112 0.344223 0.026678 0.050674 0.017986
0 0.264994 0.343077 0.014251 0.048016 0.047426
0 0.321660 0.338238 0.012566 0.051820 0.001501
0 0.398237 0.339572 0.013592 0.077466 0.006693
0 0.414322 0.346664 0.009594 0.063391 0.006693
0 0.445732 0.342505 0.008545 0.044184 0.017986
0 0.781970 0.367866 0.017697 0.134183 0.002473
0 0.003597 0.333281 0.007216 0.052073 0.017986
0 0.057464 0.336257 0.007048 0.062792 0.006693
0 0.157706 0.353441 0.009748 0.059358 0.002473
0 0.257016 0.345600 0.032962 0.046906 0.001501
0 0.265476 0.345235 0.016017 0.049088 0.029312
0 0.397888 0.338484 0.015111 0.073646 0.004070
0 0.414454 0.350053 0.009795 0.070233 0.010987
0 0.444972 0.343530 0.007018 0.041404 0.029312
0 0.772724 0.374859 0.024475 0.144304 0.006693
0 0.782813 0.387184 0.020836 0.094763 0.017986
0 0.056900 0.338093 0.008191 0.064317 0.006693
0 0.158493 0.355634 0.011238 0.063049 0.004070
0 0.256122 0.348685 0.034658 0.053572 0.004070
0 0.265269 0.350013 0.016423 0.061246 0.029312
0 0.398407 0.340185 0.013943 0.069866 0.001501
0 0.414104 0.352690 0.011218 0.075311 0.006693
0 0.445366 0.343792 0.006220 0.043599 0.004070
0 0.755446 0.366047 0.042370 0.238743 0.029312
0 0.776564 0.396432 0.031615 0.109363 0.029312
0 0.781758 0.398319 0.023563 0.106403 0.075858
0 0.806171 0.379892 0.009657 0.053586 0.001501
0 0.160286 0.359183 0.012660 0.068730 0.001501
0 0.261442 0.357530 0.024005 0.077963 0.010987
0 0.263332 0.357122 0.020336 0.079078 0.006693
0 0.415297 0.354768 0.011543 0.077279 0.002473
0 0.754624 0.375360 0.048986 0.263131 0.047426
0 0.754832 0.368322 0.046236 0.248759 0.268941
0 0.776118 0.399585 0.030681 0.115998 0.029312
0 0.781612 0.402494 0.022053 0.114551 0.119203
0 0.805543 0.387408 0.008154 0.038572 0.001501
0 0.753397 0.385643 0.049424 0.284059 0.182426
0 0.753770 0.374704 0.045722 0.260840 0.377541
0 0.768964 0.374273 0.019800 0.161530 0.029312
0 0.780998 0.403770 0.023001 0.118745 0.268941
0 0.750136 0.405476 0.052988 0.324639 0.006693
0 0.751557 0.389943 0.050328 0.297676 0.182426
0 0.752663 0.381284 0.048078 0.273998 0.377541
0 0.766436 0.354949 0.023070 0.191014 0.029312
0 0.781089 0.402289 0.021056 0.122384 0.182426
0 0.782722 0.404142 0.029031 0.114707 0.001501
0 0.823499 0.402042 0.053040 0.247507 0.622459
0 0.822193 0.400897 0.052576 0.245202 0.817575
0 0.747730 0.412003 0.051571 0.347300 0.029312
0 0.749700 0.392980 0.050883 0.310088 0.119203
0 0.748705 0.389460 0.052636 0.300110 0.377541
0 0.771739 0.361793 0.026424 0.198496 0.017986
0 0.780976 0.404475 0.018928 0.121489 0.182426
0 0.784562 0.405983 0.025554 0.123036 0.001501
0 0.823498 0.398022 0.053078 0.240529 0.731059
0 0.823492 0.397663 0.053019 0.241231 0.731059
0 0.822957 0.400252 0.054109 0.241171 0.817575
0 0.823505 0.398789 0.053051 0.239278 0.004070
0 0.865283 0.418239 0.011518 0.070851 0.001501
0 0.746489 0.430855 0.053897 0.389189 0.004070
0 0.747893 0.396378 0.051136 0.316650 0.047426
0 0.746675 0.384477 0.050743 0.296500 0.268941
0 0.761513 0.369644 0.034049 0.252811 0.002473
0 0.781255 0.399763 0.019145 0.143556 0.001501
0 0.822979 0.399353 0.054079 0.242888 0.731059
0 0.823519 0.399565 0.052967 0.242372 0.731059
0 0.822970 0.399823 0.054035 0.241778 0.817575
0 0.822967 0.400169 0.054121 0.241060 0.001501
0 0.745486 0.404119 0.052684 0.334236 0.029312
0 0.744498 0.393705 0.052124 0.315428 0.047426
0 0.749421 0.385735 0.048448 0.289438 0.001501
0 0.822989 0.400974 0.054029 0.239658 0.004070
0 0.823527 0.397877 0.052980 0.236123 0.731059
0 0.822960 0.399207 0.054117 0.237837 0.817575
0 0.742751 0.410022 0.054293 0.349537 0.001501
0 0.660328 0.451213 0.222269 0.835839 0.222700
0 0.660760 0.448257 0.227213 0.837334 0.679179
0 0.661541 0.452544 0.225932 0.839671 0.679179
0 0.664407 0.456934 0.221842 0.832493 0.022977
0 0.654078 0.449334 0.212084 0.858289 0.029312
0 0.657957 0.450786 0.223287 0.847823 0.622459
0 0.659947 0.449529 0.224219 0.849415 0.679179
0 0.659031 0.447625 0.226625 0.854468 0.731059
0 0.661307 0.454245 0.224209 0.850955 0.562177
0 0.650991 0.463425 0.208845 0.842906 0.002473
0 0.656497 0.462090 0.222531 0.845706 0.562177
0 0.658094 0.455432 0.223099 0.854561 0.622459
0 0.658919 0.453002 0.225697 0.859874 0.731059
0 0.661207 0.457864 0.226777 0.869395 0.022977
1 0.222583 0.340113 0.048090 0.045985 0.001501
1 0.255427 0.344162 0.039813 0.047690 0.002473
1 0.260112 0.344223 0.026678 0.050674 0.001501
1 0.222647 0.344370 0.050789 0.037671 0.002473
1 0.255175 0.345532 0.036259 0.042498 0.006693
1 0.257016 0.345600 0.032962 0.046906 0.004070
1 0.254676 0.348003 0.034754 0.044480 0.001501
1 0.256122 0.348685 0.034658 0.053572 0.001501
1 0.594487 0.363256 0.011133 0.014104 0.002473
1 0.776564 0.396432 0.031615 0.109363 0.004070
1 0.781758 0.398319 0.023563 0.106403 0.004070
1 0.783090 0.381137 0.024405 0.071369 0.002473
1 0.806171 0.379892 0.009657 0.053586 0.006693
1 0.776118 0.399585 0.030681 0.115998 0.006693
1 0.781612 0.402494 0.022053 0.114551 0.006693
1 0.787214 0.380332 0.022921 0.070008 0.004070
1 0.805543 0.387408 0.008154 0.038572 0.047426
1 0.768964 0.374273 0.019800 0.161530 0.001501
1 0.780998 0.403770 0.023001 0.118745 0.002473
1 0.784329 0.397622 0.025937 0.093855 0.002473
1 0.804832 0.400471 0.013042 0.076139 0.002473
1 0.766436 0.354949 0.023070 0.191014 0.002473
1 0.771739 0.361793 0.026424 0.198496 0.001501
3 0.782813 0.387184 0.020836 0.094763 0.004070
3 0.784124 0.379361 0.024356 0.075095 0.004070
3 0.776564 0.396432 0.031615 0.109363 0.029312
3 0.781758 0.398319 0.023563 0.106403 0.268941
3 0.783090 0.381137 0.024405 0.071369 0.119203
3 0.806171 0.379892 0.009657 0.053586 0.002473
3 0.776118 0.399585 0.030681 0.115998 0.004070
3 0.781612 0.402494 0.022053 0.114551 0.047426
3 0.787214 0.380332 0.022921 0.070008 0.010987
3 0.805543 0.387408 0.008154 0.038572 0.004070
3 0.780998 0.403770 0.023001 0.118745 0.004070
3 0.784329 0.397622 0.025937 0.093855 0.002473
4 0.255175 0.345532 0.036259 0.042498 0.004070
4 0.254676 0.348003 0.034754 0.044480 0.004070
4 0.256122 0.348685 0.034658 0.053572 0.001501
4 0.261442 0.357530 0.024005 0.077963 0.001501
5 0.255427 0.344162 0.039813 0.047690 0.004070
5 0.260112 0.344223 0.026678 0.050674 0.006693
5 0.255175 0.345532 0.036259 0.042498 0.010987
5 0.257016 0.345600 0.032962 0.046906 0.017986
5 0.254676 0.348003 0.034754 0.044480 0.004070
5 0.256122 0.348685 0.034658 0.053572 0.006693
5 0.781758 0.398319 0.023563 0.106403 0.002473
5 0.776118 0.399585 0.030681 0.115998 0.004070
5 0.781612 0.402494 0.022053 0.114551 0.006693
5 0.805543 0.387408 0.008154 0.038572 0.001501
5 0.768964 0.374273 0.019800 0.161530 0.004070
5 0.780998 0.403770 0.023001 0.118745 0.004070
5 0.766436 0.354949 0.023070 0.191014 0.002473
5 0.771739 0.361793 0.026424 0.198496 0.002473
