0 0.994476 0.285275 0.011120 0.167653 0.004070
0 0.993732 0.293550 0.012563 0.156597 0.017986
0 0.021244 0.298678 0.014555 0.093537 0.001501
0 0.271871 0.294939 0.026676 0.084860 0.002473
0 0.965179 0.284523 0.016730 0.100580 0.001501
0 0.993732 0.295352 0.012562 0.163417 0.010987
0 0.270741 0.309980 0.069352 0.114680 0.002473
0 0.269667 0.312397 0.062628 0.119531 0.002473
0 0.273058 0.317132 0.063039 0.103628 0.002473
0 0.961711 0.301680 0.020631 0.134987 0.001501
0 0.964446 0.297805 0.015411 0.127386 0.001501
0 0.993728 0.288189 0.012570 0.163858 0.006693
0 0.022294 0.311622 0.017053 0.066355 0.002473
0 0.033894 0.319157 0.015637 0.064087 0.004070
0 0.037728 0.322373 0.016729 0.058378 0.001501
0 0.293466 0.324886 0.033827 0.085140 0.002473
0 0.302879 0.332354 0.019506 0.068572 0.001501
0 0.316421 0.327591 0.011492 0.058722 0.004070
0 0.557032 0.315144 0.011121 0.031136 0.029312
0 0.567515 0.315738 0.007048 0.035006 0.047426
0 0.961730 0.318848 0.020845 0.172270 0.002473
0 0.962729 0.315667 0.018902 0.168002 0.001501
0 0.993734 0.284841 0.012578 0.165863 0.006693
0 0.033374 0.320646 0.020002 0.056412 0.004070
0 0.040260 0.331502 0.011573 0.040133 0.010987
0 0.275525 0.321698 0.062174 0.118289 0.001501
0 0.305294 0.336722 0.017604 0.062216 0.002473
0 0.318759 0.332895 0.006765 0.047930 0.017986
0 0.556259 0.317370 0.009503 0.026915 0.047426
0 0.567523 0.315616 0.007032 0.030568 0.047426
0 0.960853 0.320771 0.022627 0.173149 0.002473
0 0.992195 0.293029 0.012584 0.166396 0.006693
0 0.040312 0.331539 0.011572 0.040500 0.010987
0 0.054478 0.335448 0.017811 0.045657 0.001501
0 0.301172 0.335265 0.019708 0.062969 0.004070
0 0.304117 0.336826 0.016925 0.060081 0.002473
0 0.319300 0.335609 0.005666 0.047046 0.029312
0 0.992965 0.292944 0.011095 0.185980 0.001501
0 0.213626 0.360583 0.019485 0.047809 0.002473
0 0.301606 0.335839 0.018850 0.065347 0.001501
0 0.302943 0.337436 0.019170 0.061925 0.002473
0 0.316949 0.337558 0.010563 0.059207 0.001501
0 0.169765 0.355815 0.019491 0.070497 0.002473
1 0.994476 0.285275 0.011120 0.167653 0.001501
1 0.152160 0.332430 0.066703 0.062813 0.001501
1 0.275525 0.321698 0.062174 0.118289 0.001501
1 0.301145 0.335416 0.019938 0.065672 0.004070
1 0.305294 0.336722 0.017604 0.062216 0.010987
1 0.366740 0.339078 0.091517 0.089791 0.880797
1 0.365984 0.338630 0.089985 0.088881 0.880797
1 0.366724 0.338634 0.091540 0.088877 0.880797
1 0.417162 0.328745 0.034342 0.045753 0.731059
1 0.418029 0.330920 0.032976 0.046516 0.622459
1 0.418085 0.330011 0.033117 0.048345 0.500000
1 0.438596 0.327569 0.017260 0.035569 0.029312
1 0.486544 0.337988 0.092241 0.105977 0.880797
1 0.486553 0.338899 0.092290 0.104192 0.880797
1 0.486545 0.337072 0.092236 0.104214 0.924142
1 0.529795 0.322069 0.009643 0.029540 0.017986
1 0.542783 0.321633 0.014055 0.018401 0.006693
1 0.556259 0.317370 0.009503 0.026915 0.006693
1 0.168580 0.353575 0.034239 0.072478 0.002473
1 0.173509 0.353979 0.034959 0.069601 0.001501
1 0.180437 0.353939 0.047657 0.073554 0.002473
1 0.184645 0.352239 0.056358 0.070098 0.004070
1 0.301172 0.335265 0.019708 0.062969 0.010987
1 0.304117 0.336826 0.016925 0.060081 0.010987
1 0.365937 0.338686 0.089849 0.088962 0.004070
1 0.365993 0.339068 0.089961 0.089709 0.880797
1 0.366523 0.338689 0.088881 0.088946 0.924142
1 0.365962 0.339818 0.090015 0.086692 0.924142
1 0.365218 0.339811 0.088784 0.086704 0.731059
1 0.417161 0.330909 0.034337 0.046537 0.622459
1 0.417233 0.330007 0.034448 0.048348 0.622459
1 0.417310 0.331284 0.034660 0.050902 0.622459
1 0.439416 0.332209 0.015662 0.034774 0.017986
1 0.486539 0.338892 0.092243 0.104190 0.880797
1 0.487077 0.338909 0.091171 0.104171 0.880797
1 0.485614 0.338915 0.093118 0.104181 0.924142
1 0.486554 0.338903 0.092283 0.104201 0.924142
1 0.170829 0.355279 0.029950 0.071026 0.001501
1 0.181814 0.353034 0.049641 0.070865 0.001501
1 0.188645 0.353897 0.061906 0.068338 0.001501
1 0.301606 0.335839 0.018850 0.065347 0.004070
1 0.302943 0.337436 0.019170 0.061925 0.029312
1 0.365972 0.337794 0.089967 0.092267 0.880797
1 0.365980 0.338645 0.089957 0.088864 0.924142
1 0.365966 0.338621 0.090025 0.088810 0.952574
1 0.486539 0.337997 0.092245 0.105992 0.924142
1 0.486263 0.338905 0.091711 0.104198 0.952574
1 0.486534 0.337985 0.092265 0.102423 0.952574
1 0.051309 0.431842 0.105704 0.327293 0.817575
1 0.051531 0.433951 0.103093 0.322669 0.817575
1 0.051515 0.439193 0.103147 0.309233 0.817575
1 0.052424 0.431232 0.101781 0.328723 0.010987
1 0.051271 0.436471 0.105625 0.319770 0.817575
1 0.052776 0.439151 0.102530 0.311240 0.880797
1 0.051466 0.441391 0.102981 0.307579 0.880797
1 0.051440 0.444155 0.103158 0.301794 0.731059
1 0.052036 0.437192 0.104091 0.322042 0.880797
1 0.052234 0.440514 0.101443 0.311250 0.880797
1 0.052012 0.442131 0.104062 0.308186 0.924142
3 0.268843 0.318278 0.078781 0.123193 0.002473
3 0.271413 0.316828 0.070924 0.118069 0.004070
3 0.293466 0.324886 0.033827 0.085140 0.001501
3 0.301145 0.335416 0.019938 0.065672 0.004070
3 0.305294 0.336722 0.017604 0.062216 0.006693
3 0.438596 0.327569 0.017260 0.035569 0.001501
3 0.301172 0.335265 0.019708 0.062969 0.006693
3 0.304117 0.336826 0.016925 0.060081 0.004070
3 0.302943 0.337436 0.019170 0.061925 0.004070
4 0.170513 0.353608 0.031797 0.069253 0.010987
4 0.175416 0.352041 0.037503 0.074516 0.010987
4 0.181244 0.349141 0.049071 0.072021 0.001501
4 0.854432 0.334465 0.051750 0.099919 0.001501
4 0.853861 0.337670 0.054228 0.095951 0.001501
4 0.855548 0.336328 0.053757 0.100427 0.002473
4 0.168580 0.353575 0.034239 0.072478 0.004070
4 0.173509 0.353979 0.034959 0.069601 0.017986
4 0.180437 0.353939 0.047657 0.073554 0.017986
4 0.184645 0.352239 0.056358 0.070098 0.006693
4 0.213164 0.359909 0.020760 0.054196 0.004070
4 0.855933 0.338258 0.052977 0.095016 0.002473
4 0.858215 0.335165 0.054085 0.106274 0.001501
4 0.169230 0.354470 0.035652 0.072458 0.006693
4 0.170829 0.355279 0.029950 0.071026 0.010987
4 0.181814 0.353034 0.049641 0.070865 0.002473
4 0.188645 0.353897 0.061906 0.068338 0.002473
4 0.213626 0.360583 0.019485 0.047809 0.010987
4 0.854994 0.341038 0.051106 0.089727 0.004070
4 0.855535 0.338324 0.052263 0.090688 0.002473
4 0.856352 0.338692 0.054358 0.091910 0.002473
4 0.859615 0.334815 0.057039 0.108466 0.002473
4 0.165963 0.355840 0.031091 0.080898 0.006693
4 0.169765 0.355815 0.019491 0.070497 0.010987
4 0.177345 0.353565 0.035938 0.071511 0.001501
4 0.213113 0.361649 0.020579 0.052602 0.004070
4 0.856662 0.341661 0.056999 0.108043 0.002473
5 0.268843 0.318278 0.078781 0.123193 0.001501
5 0.293466 0.324886 0.033827 0.085140 0.004070
5 0.302879 0.332354 0.019506 0.068572 0.006693
5 0.593776 0.330686 0.034409 0.088687 0.731059
5 0.594603 0.331093 0.035861 0.092970 0.119203
5 0.214685 0.339582 0.052634 0.096267 0.002473
5 0.223934 0.339484 0.047100 0.098080 0.006693
5 0.275525 0.321698 0.062174 0.118289 0.001501
5 0.301145 0.335416 0.019938 0.065672 0.017986
5 0.305294 0.336722 0.017604 0.062216 0.182426
5 0.556259 0.317370 0.009503 0.026915 0.001501
5 0.594493 0.333069 0.036108 0.089054 0.622459
5 0.594535 0.333122 0.035982 0.088847 0.622459
5 0.594606 0.330637 0.035896 0.088760 0.731059
5 0.213164 0.359909 0.020760 0.054196 0.029312
5 0.213828 0.361235 0.019617 0.051579 0.029312
5 0.301172 0.335265 0.019708 0.062969 0.075858
5 0.304117 0.336826 0.016925 0.060081 0.182426
5 0.576422 0.330369 0.022179 0.066892 0.001501
5 0.594474 0.333194 0.036101 0.083656 0.731059
5 0.594553 0.330766 0.035904 0.088488 0.731059
5 0.594552 0.330677 0.035990 0.088672 0.731059
5 0.213626 0.360583 0.019485 0.047809 0.017986
5 0.214155 0.360165 0.018786 0.047015 0.017986
5 0.254366 0.357446 0.094507 0.165441 0.731059
5 0.253915 0.355115 0.095462 0.174549 0.731059
5 0.255021 0.352690 0.095942 0.174958 0.622459
5 0.301606 0.335839 0.018850 0.065347 0.047426
5 0.302943 0.337436 0.019170 0.061925 0.182426
5 0.578226 0.335628 0.028981 0.074224 0.001501
5 0.594478 0.333061 0.036090 0.089061 0.731059
5 0.594534 0.332996 0.035998 0.089147 0.731059
5 0.594561 0.330701 0.035966 0.088649 0.731059
5 0.213113 0.361649 0.020579 0.052602 0.004070
5 0.254191 0.359850 0.094870 0.165222 0.500000
5 0.255029 0.358266 0.095899 0.168200 0.731059
5 0.254586 0.357525 0.096803 0.173295 0.622459
5 0.253918 0.355839 0.095449 0.176646 0.731059
5 0.253880 0.356928 0.095433 0.174617 0.017986
5 0.253597 0.359347 0.093017 0.166049 0.731059
5 0.253856 0.358124 0.095515 0.168495 0.817575
5 0.254575 0.356888 0.096752 0.171041 0.817575
