0 0.770945 0.268300 0.011270 0.090339 0.010987
0 0.343071 0.299160 0.008099 0.043517 0.006693
0 0.343073 0.300490 0.008095 0.048481 0.002473
0 0.460995 0.321280 0.014092 0.046233 0.047426
0 0.464819 0.320809 0.010862 0.045138 0.017986
0 0.478438 0.319005 0.010226 0.045270 0.029312
0 0.497698 0.318443 0.011146 0.040447 0.006693
0 0.504788 0.318486 0.009673 0.048590 0.268941
0 0.343072 0.304464 0.008126 0.053898 0.001501
0 0.460793 0.323830 0.013714 0.040687 0.075858
0 0.465456 0.322715 0.009644 0.039755 0.029312
0 0.479234 0.324443 0.008636 0.035657 0.182426
0 0.497208 0.324215 0.008920 0.034475 0.029312
0 0.504231 0.317180 0.008614 0.050777 0.268941
0 0.460719 0.323659 0.011962 0.043387 0.047426
0 0.464586 0.322947 0.010238 0.043624 0.017986
0 0.478103 0.325156 0.009296 0.037954 0.001501
0 0.507478 0.319624 0.007040 0.050254 0.029312
1 0.753682 0.308476 0.046010 0.104309 0.001501
1 0.752969 0.312601 0.047371 0.105846 0.731059
1 0.753272 0.312125 0.046618 0.104926 0.075858
1 0.393220 0.321306 0.094474 0.091364 0.880797
1 0.394977 0.321322 0.093080 0.091388 0.817575
1 0.393768 0.321326 0.093400 0.091384 0.880797
1 0.439328 0.318029 0.021844 0.061097 0.017986
1 0.442229 0.321107 0.018793 0.049569 0.075858
1 0.529712 0.320863 0.037509 0.053330 0.731059
1 0.529707 0.319584 0.037520 0.055883 0.817575
1 0.529016 0.318928 0.038928 0.054557 0.880797
1 0.753299 0.312779 0.046681 0.104883 0.731059
1 0.752846 0.312331 0.047521 0.105763 0.731059
1 0.753282 0.312180 0.046612 0.104819 0.731059
1 0.393759 0.321317 0.093347 0.091339 0.880797
1 0.393759 0.319768 0.093313 0.092757 0.880797
1 0.393752 0.322256 0.093366 0.089591 0.952574
1 0.392980 0.322223 0.092136 0.089536 0.817575
1 0.440309 0.321053 0.022786 0.049283 0.119203
1 0.442983 0.325621 0.014283 0.040819 0.377541
1 0.460793 0.323830 0.013714 0.040687 0.004070
1 0.465456 0.322715 0.009644 0.039755 0.002473
1 0.497208 0.324215 0.008920 0.034475 0.001501
1 0.529030 0.319589 0.038877 0.055914 0.731059
1 0.529032 0.319590 0.038872 0.055875 0.880797
1 0.529796 0.319585 0.040448 0.055918 0.817575
1 0.753258 0.311547 0.046742 0.104302 0.731059
1 0.754182 0.311735 0.047501 0.103921 0.731059
1 0.753228 0.311885 0.046672 0.104221 0.817575
1 0.394422 0.320876 0.091979 0.090432 0.880797
1 0.393756 0.321327 0.093313 0.091343 0.924142
1 0.393753 0.321346 0.093324 0.091371 0.952574
1 0.438779 0.323805 0.022657 0.056415 0.010987
1 0.443672 0.325577 0.015834 0.041332 0.268941
1 0.529030 0.319608 0.038876 0.055918 0.817575
1 0.529035 0.319608 0.038876 0.055895 0.817575
1 0.529013 0.318335 0.038944 0.058448 0.880797
1 0.752892 0.312225 0.047432 0.101833 0.377541
1 0.752472 0.311555 0.045171 0.104152 0.731059
1 0.753507 0.310594 0.046151 0.106862 0.731059
1 0.116088 0.392791 0.232317 0.507770 0.904651
1 0.116856 0.392528 0.230630 0.506368 0.880797
1 0.115621 0.391952 0.231245 0.502588 0.679179
1 0.115267 0.393540 0.233691 0.508981 0.904651
1 0.116010 0.393153 0.232082 0.509077 0.904651
1 0.115438 0.392843 0.230903 0.507774 0.904651
1 0.116285 0.392848 0.229411 0.507976 0.904651
1 0.115198 0.393826 0.233558 0.505887 0.006693
1 0.116491 0.394128 0.233038 0.508409 0.904651
1 0.115442 0.394468 0.230896 0.507672 0.904651
1 0.117568 0.394967 0.228945 0.504173 0.880797
3 0.436137 0.310014 0.027838 0.069298 0.002473
3 0.439328 0.318029 0.021844 0.061097 0.004070
3 0.442229 0.321107 0.018793 0.049569 0.004070
3 0.440309 0.321053 0.022786 0.049283 0.002473
3 0.442983 0.325621 0.014283 0.040819 0.004070
3 0.443672 0.325577 0.015834 0.041332 0.001501
4 0.191936 0.336893 0.063077 0.051842 0.001501
5 0.442229 0.321107 0.018793 0.049569 0.001501
5 0.460995 0.321280 0.014092 0.046233 0.002473
5 0.442983 0.325621 0.014283 0.040819 0.006693
5 0.460793 0.323830 0.013714 0.040687 0.047426
5 0.465456 0.322715 0.009644 0.039755 0.010987
5 0.479234 0.324443 0.008636 0.035657 0.010987
5 0.443672 0.325577 0.015834 0.041332 0.017986
5 0.460719 0.323659 0.011962 0.043387 0.006693
5 0.464586 0.322947 0.010238 0.043624 0.002473
