0 0.607764 0.300976 0.009780 0.071358 0.010987
0 0.419640 0.319028 0.017095 0.055634 0.010987
0 0.608812 0.298031 0.014615 0.059812 0.001501
0 0.420456 0.323804 0.019194 0.047364 0.010987
0 0.421505 0.324897 0.015776 0.045493 0.017986
0 0.985961 0.383368 0.028219 0.499169 0.004070
0 0.989468 0.382983 0.021177 0.502352 0.002473
0 0.985830 0.394865 0.028402 0.481717 0.006693
0 0.989540 0.399000 0.024032 0.486574 0.004070
0 0.987383 0.400808 0.025271 0.468007 0.006693
0 0.989979 0.402540 0.020084 0.473007 0.004070
0 0.987404 0.407403 0.025209 0.434252 0.004070
0 0.990550 0.409909 0.018914 0.432643 0.002473
0 0.992516 0.418775 0.014977 0.408265 0.002473
1 0.650876 0.284606 0.098040 0.075518 0.002473
1 0.659673 0.285930 0.111416 0.082465 0.001501
1 0.667082 0.285400 0.123493 0.084659 0.001501
1 0.670863 0.286324 0.131583 0.086551 0.002473
1 0.670161 0.285791 0.132331 0.087809 0.001501
1 0.677347 0.272768 0.131438 0.059125 0.001501
1 0.685048 0.266344 0.123184 0.042547 0.004070
1 0.691716 0.270675 0.111726 0.041948 0.004070
1 0.705287 0.281722 0.121500 0.058922 0.002473
1 0.652280 0.286113 0.091048 0.083031 0.001501
1 0.660293 0.286057 0.104422 0.088795 0.004070
1 0.667600 0.287455 0.121483 0.092133 0.004070
1 0.670125 0.287520 0.128412 0.092267 0.010987
1 0.672300 0.288089 0.131148 0.091401 0.010987
1 0.681111 0.277224 0.127124 0.060058 0.001501
1 0.396488 0.327304 0.023961 0.058272 0.006693
1 0.397778 0.326131 0.023865 0.056645 0.010987
1 0.419640 0.319028 0.017095 0.055634 0.004070
1 0.446511 0.317101 0.035108 0.037668 0.731059
1 0.446536 0.317089 0.034986 0.037633 0.731059
1 0.446606 0.317092 0.034887 0.037646 0.731059
1 0.467595 0.315881 0.014896 0.029700 0.006693
1 0.631116 0.307532 0.035521 0.035811 0.001501
1 0.654064 0.302805 0.079475 0.050578 0.002473
1 0.662393 0.293257 0.100365 0.080279 0.004070
1 0.668000 0.294425 0.110164 0.078166 0.006693
1 0.671935 0.301035 0.113395 0.070520 0.017986
1 0.678642 0.296674 0.117656 0.073244 0.010987
1 0.716536 0.343528 0.182998 0.177416 0.731059
1 0.716114 0.342608 0.182574 0.175533 0.817575
1 0.715418 0.341022 0.184008 0.176887 0.880797
1 0.297035 0.345041 0.184114 0.184991 0.880797
1 0.297007 0.343763 0.184066 0.187520 0.924142
1 0.297079 0.345037 0.183943 0.184967 0.952574
1 0.397754 0.330819 0.023596 0.046782 0.500000
1 0.397250 0.330870 0.022604 0.046771 0.500000
1 0.420456 0.323804 0.019194 0.047364 0.004070
1 0.446489 0.318258 0.035096 0.039806 0.622459
1 0.445780 0.317149 0.033473 0.037527 0.731059
1 0.446022 0.318241 0.036057 0.039857 0.817575
1 0.469525 0.319193 0.014111 0.023213 0.268941
1 0.478254 0.320281 0.009075 0.021055 0.001501
1 0.493788 0.322911 0.012691 0.015801 0.047426
1 0.505175 0.322880 0.011997 0.015974 0.002473
1 0.527273 0.324193 0.017601 0.024109 0.002473
1 0.624612 0.315409 0.030182 0.031205 0.002473
1 0.645332 0.312350 0.061646 0.037048 0.001501
1 0.652638 0.305605 0.077058 0.055840 0.001501
1 0.656144 0.307391 0.078363 0.062573 0.002473
1 0.717101 0.342777 0.187438 0.175809 0.880797
1 0.716667 0.342764 0.183280 0.175837 0.880797
1 0.716167 0.342822 0.182465 0.175901 0.924142
1 0.716283 0.341569 0.182559 0.177944 0.924142
1 0.296192 0.346146 0.182615 0.182659 0.006693
1 0.297024 0.346165 0.184088 0.182701 0.880797
1 0.296512 0.343757 0.181994 0.182415 0.924142
1 0.296243 0.346163 0.182543 0.182706 0.952574
1 0.295905 0.344882 0.183214 0.180160 0.970688
1 0.397992 0.331215 0.021041 0.051080 0.500000
1 0.397252 0.332055 0.022577 0.049444 0.500000
1 0.421505 0.324897 0.015776 0.045493 0.006693
1 0.717189 0.343670 0.184393 0.174046 0.880797
1 0.716603 0.343698 0.183257 0.174163 0.924142
1 0.716195 0.342088 0.182467 0.174572 0.952574
1 0.193761 0.378805 0.029046 0.065494 0.002473
1 0.194527 0.377858 0.030520 0.072217 0.001501
1 0.297019 0.345013 0.184075 0.185007 0.952574
1 0.297006 0.346302 0.184080 0.187517 0.952574
1 0.297076 0.346155 0.183923 0.182717 0.970688
1 0.193940 0.381825 0.028963 0.069460 0.004070
1 0.194884 0.379141 0.029723 0.074789 0.002473
1 0.194548 0.384413 0.027788 0.059711 0.002473
1 0.194735 0.381987 0.027701 0.069769 0.002473
1 0.091580 0.359033 0.183292 0.400685 0.022977
1 0.091516 0.359244 0.183200 0.401097 0.817575
1 0.091211 0.358402 0.182333 0.403576 0.001501
1 0.092338 0.358366 0.181657 0.402992 0.924142
1 0.090736 0.357528 0.184654 0.401298 0.904651
1 0.091929 0.358988 0.183942 0.399965 0.924142
1 0.091571 0.360137 0.183109 0.402355 0.904651
1 0.868916 0.382566 0.212062 0.302781 0.924142
1 0.866748 0.382749 0.207648 0.302658 0.924142
1 0.867368 0.384113 0.209217 0.304529 0.924142
1 0.091576 0.358246 0.183348 0.398223 0.562177
1 0.091011 0.357207 0.182094 0.400492 0.904651
1 0.091163 0.358264 0.185504 0.398464 0.904651
1 0.090800 0.357562 0.184643 0.401427 0.880797
1 0.867560 0.382603 0.208117 0.302695 0.880797
1 0.868327 0.383532 0.210189 0.301233 0.924142
1 0.867525 0.384117 0.208845 0.300141 0.939913
1 0.867448 0.384831 0.208973 0.303403 0.939913
1 0.091474 0.358313 0.183182 0.398811 0.222700
1 0.091902 0.357568 0.184073 0.401599 0.880797
1 0.091622 0.358553 0.183116 0.399838 0.001170
1 0.868296 0.385352 0.210178 0.307453 0.924142
1 0.867438 0.385367 0.209019 0.302428 0.939913
1 0.867083 0.384761 0.206826 0.303650 0.939913
2 0.668589 0.284063 0.136045 0.092470 0.010987
2 0.669133 0.283167 0.134695 0.090518 0.001501
2 0.650876 0.284606 0.098040 0.075518 0.001501
2 0.659673 0.285930 0.111416 0.082465 0.047426
2 0.667082 0.285400 0.123493 0.084659 0.182426
2 0.670863 0.286324 0.131583 0.086551 0.500000
2 0.670161 0.285791 0.132331 0.087809 0.377541
2 0.670572 0.282925 0.137834 0.079429 0.182426
2 0.677347 0.272768 0.131438 0.059125 0.119203
2 0.685048 0.266344 0.123184 0.042547 0.119203
2 0.691716 0.270675 0.111726 0.041948 0.029312
2 0.660293 0.286057 0.104422 0.088795 0.119203
2 0.667600 0.287455 0.121483 0.092133 0.182426
2 0.670125 0.287520 0.128412 0.092267 0.377541
2 0.672300 0.288089 0.131148 0.091401 0.268941
2 0.672898 0.286400 0.134255 0.078966 0.029312
2 0.681111 0.277224 0.127124 0.060058 0.017986
2 0.688371 0.290003 0.131978 0.075286 0.001501
2 0.654064 0.302805 0.079475 0.050578 0.002473
2 0.662393 0.293257 0.100365 0.080279 0.017986
2 0.668000 0.294425 0.110164 0.078166 0.029312
2 0.671935 0.301035 0.113395 0.070520 0.029312
2 0.678642 0.296674 0.117656 0.073244 0.002473
3 0.668589 0.284063 0.136045 0.092470 0.001501
3 0.650876 0.284606 0.098040 0.075518 0.002473
3 0.667082 0.285400 0.123493 0.084659 0.004070
3 0.670863 0.286324 0.131583 0.086551 0.004070
3 0.670161 0.285791 0.132331 0.087809 0.004070
3 0.685048 0.266344 0.123184 0.042547 0.001501
3 0.652280 0.286113 0.091048 0.083031 0.002473
3 0.660293 0.286057 0.104422 0.088795 0.004070
3 0.667600 0.287455 0.121483 0.092133 0.010987
3 0.670125 0.287520 0.128412 0.092267 0.017986
3 0.672300 0.288089 0.131148 0.091401 0.029312
3 0.672898 0.286400 0.134255 0.078966 0.002473
3 0.681111 0.277224 0.127124 0.060058 0.002473
3 0.396488 0.327304 0.023961 0.058272 0.010987
3 0.397778 0.326131 0.023865 0.056645 0.017986
3 0.419640 0.319028 0.017095 0.055634 0.017986
3 0.467595 0.315881 0.014896 0.029700 0.010987
3 0.654064 0.302805 0.079475 0.050578 0.001501
3 0.662393 0.293257 0.100365 0.080279 0.004070
3 0.668000 0.294425 0.110164 0.078166 0.010987
3 0.671935 0.301035 0.113395 0.070520 0.010987
3 0.678642 0.296674 0.117656 0.073244 0.002473
3 0.397754 0.330819 0.023596 0.046782 0.047426
3 0.397250 0.330870 0.022604 0.046771 0.017986
3 0.420456 0.323804 0.019194 0.047364 0.004070
3 0.469525 0.319193 0.014111 0.023213 0.029312
3 0.493788 0.322911 0.012691 0.015801 0.002473
3 0.397992 0.331215 0.021041 0.051080 0.047426
3 0.397252 0.332055 0.022577 0.049444 0.075858
3 0.421505 0.324897 0.015776 0.045493 0.002473
5 0.420456 0.323804 0.019194 0.047364 0.004070
5 0.421505 0.324897 0.015776 0.045493 0.010987
