0 0.016520 0.300593 0.013915 0.043624 0.002473
0 0.481262 0.304141 0.004612 0.011815 0.002473
0 0.556802 0.313859 0.005691 0.026807 0.002473
0 0.565796 0.316353 0.006645 0.033563 0.001501
0 0.986686 0.335652 0.020387 0.089109 0.010987
0 0.992816 0.336595 0.011322 0.085268 0.029312
0 0.555313 0.318011 0.004876 0.021162 0.004070
0 0.565916 0.316730 0.006867 0.028355 0.006693
0 0.581258 0.324165 0.006805 0.023901 0.001501
0 0.616778 0.330955 0.050750 0.042071 0.001501
0 0.752273 0.346337 0.020062 0.062999 0.047426
0 0.755412 0.345025 0.017338 0.065115 0.075858
0 0.781233 0.343635 0.009495 0.062384 0.029312
0 0.789444 0.343787 0.010532 0.058110 0.001501
0 0.808341 0.351488 0.019810 0.068623 0.500000
0 0.810919 0.350453 0.018651 0.071124 0.182426
0 0.893085 0.339289 0.008163 0.044191 0.002473
0 0.987336 0.335810 0.018942 0.089252 0.029312
0 0.995364 0.336802 0.006246 0.083907 0.047426
0 0.717110 0.341540 0.013065 0.035802 0.001501
0 0.751009 0.348067 0.016453 0.059175 0.029312
0 0.756787 0.345612 0.017311 0.058832 0.119203
0 0.768310 0.347664 0.019529 0.054638 0.001501
0 0.782061 0.343839 0.011314 0.062404 0.017986
0 0.790011 0.352945 0.012093 0.044149 0.004070
0 0.809394 0.351867 0.018868 0.069076 0.377541
0 0.811016 0.351870 0.018486 0.069097 0.182426
0 0.893786 0.338428 0.006834 0.041756 0.001501
0 0.986987 0.336882 0.020952 0.087905 0.029312
0 0.995360 0.337368 0.006231 0.083075 0.047426
0 0.750243 0.349176 0.015985 0.051757 0.029312
0 0.754776 0.348862 0.018668 0.052309 0.075858
0 0.782088 0.357690 0.011196 0.034648 0.010987
0 0.789166 0.358103 0.016059 0.033928 0.001501
0 0.809363 0.351723 0.018825 0.068646 0.268941
0 0.811347 0.350714 0.019400 0.070685 0.268941
0 0.985449 0.339107 0.015178 0.085898 0.010987
0 0.994774 0.338951 0.010469 0.084370 0.047426
0 0.808337 0.352844 0.019838 0.068329 0.075858
0 0.810136 0.351523 0.020260 0.070991 0.075858
0 0.986192 0.343647 0.019454 0.087013 0.001501
0 0.991396 0.342297 0.014209 0.097768 0.010987
1 0.011641 0.290575 0.020347 0.036521 0.001501
1 0.011019 0.298760 0.022232 0.044122 0.001501
1 0.370426 0.318859 0.068942 0.070626 0.002473
1 0.371164 0.318863 0.067358 0.070614 0.002473
1 0.481262 0.304141 0.004612 0.011815 0.001501
1 0.489295 0.302127 0.009651 0.011360 0.004070
1 0.521520 0.309483 0.010122 0.019794 0.047426
1 0.370727 0.318843 0.069589 0.070698 0.006693
1 0.370397 0.318842 0.068892 0.070684 0.001501
1 0.538062 0.320515 0.018191 0.025767 0.377541
1 0.539297 0.319238 0.018371 0.023140 0.731059
1 0.616778 0.330955 0.050750 0.042071 0.017986
1 0.620939 0.337945 0.055121 0.056026 0.924142
1 0.621693 0.337328 0.056630 0.059330 0.880797
1 0.621693 0.336541 0.056626 0.057792 0.880797
1 0.621116 0.336799 0.054745 0.058298 0.817575
1 0.740517 0.340216 0.047739 0.051221 0.001501
1 0.371237 0.317633 0.067487 0.068014 0.004070
1 0.370698 0.318881 0.069482 0.070608 0.001501
1 0.371151 0.318829 0.067385 0.070740 0.006693
1 0.621467 0.336082 0.056629 0.057209 0.017986
1 0.621699 0.337847 0.056639 0.055944 0.880797
1 0.620880 0.336544 0.055173 0.057819 0.817575
1 0.621806 0.336550 0.056396 0.057788 0.880797
1 0.621887 0.336823 0.056278 0.058440 0.817575
1 0.952022 0.339938 0.021159 0.023414 0.047426
1 0.952865 0.341134 0.019384 0.021017 0.119203
1 0.621766 0.338036 0.056491 0.056272 0.731059
1 0.620932 0.336907 0.055104 0.058527 0.817575
2 0.489295 0.302127 0.009651 0.011360 0.006693
2 0.521520 0.309483 0.010122 0.019794 0.006693
2 0.951560 0.320723 0.025305 0.060986 0.001501
2 0.951880 0.320920 0.024609 0.060769 0.001501
2 0.951454 0.335382 0.022268 0.037422 0.001501
2 0.953233 0.334118 0.021782 0.034980 0.004070
2 0.952865 0.341134 0.019384 0.021017 0.001501
3 0.371230 0.318447 0.067504 0.071469 0.880797
3 0.370426 0.318859 0.068942 0.070626 0.817575
3 0.371164 0.318863 0.067358 0.070614 0.880797
3 0.489295 0.302127 0.009651 0.011360 0.001501
3 0.521520 0.309483 0.010122 0.019794 0.010987
3 0.986686 0.335652 0.020387 0.089109 0.001501
3 0.370727 0.318843 0.069589 0.070698 0.731059
3 0.370670 0.318227 0.069429 0.066806 0.880797
3 0.370402 0.319542 0.068881 0.069268 0.817575
3 0.370397 0.318842 0.068892 0.070684 0.924142
3 0.370663 0.318761 0.069385 0.070851 0.004070
3 0.953233 0.334118 0.021782 0.034980 0.001501
3 0.371237 0.317633 0.067487 0.068014 0.880797
3 0.370698 0.318881 0.069482 0.070608 0.731059
3 0.371151 0.318829 0.067385 0.070740 0.880797
3 0.952022 0.339938 0.021159 0.023414 0.004070
3 0.952865 0.341134 0.019384 0.021017 0.010987
4 0.751009 0.348067 0.016453 0.059175 0.001501
4 0.743385 0.351946 0.028926 0.041467 0.001501
4 0.750243 0.349176 0.015985 0.051757 0.006693
4 0.754776 0.348862 0.018668 0.052309 0.004070
4 0.782088 0.357690 0.011196 0.034648 0.001501
4 0.985449 0.339107 0.015178 0.085898 0.001501
4 0.986192 0.343647 0.019454 0.087013 0.001501
5 0.752273 0.346337 0.020062 0.062999 0.010987
5 0.755412 0.345025 0.017338 0.065115 0.029312
5 0.765056 0.342306 0.018274 0.059940 0.001501
5 0.751009 0.348067 0.016453 0.059175 0.010987
5 0.756787 0.345612 0.017311 0.058832 0.075858
5 0.768310 0.347664 0.019529 0.054638 0.006693
5 0.750243 0.349176 0.015985 0.051757 0.006693
5 0.754776 0.348862 0.018668 0.052309 0.119203
5 0.767303 0.352887 0.017285 0.044312 0.006693
5 0.782088 0.357690 0.011196 0.034648 0.004070
