0 0.939231 0.331062 0.013804 0.115867 0.001501
0 0.541790 0.318825 0.008740 0.038939 0.001501
0 0.630479 0.325858 0.010998 0.050745 0.029312
0 0.824372 0.337706 0.018081 0.079274 0.006693
0 0.826114 0.339012 0.014878 0.077205 0.010987
0 0.842817 0.341611 0.014524 0.087370 0.017986
0 0.886558 0.342726 0.020658 0.089153 0.001501
0 0.892013 0.343377 0.016977 0.099058 0.010987
0 0.906240 0.346347 0.021471 0.104230 0.002473
0 0.942171 0.345241 0.012669 0.097897 0.119203
0 0.532483 0.324074 0.007033 0.023894 0.002473
0 0.541684 0.325268 0.005349 0.025996 0.010987
0 0.551853 0.320909 0.010003 0.030423 0.004070
0 0.571137 0.325081 0.007792 0.031172 0.004070
0 0.582466 0.325315 0.007070 0.031603 0.004070
0 0.604270 0.324195 0.008637 0.023962 0.001501
0 0.630562 0.327865 0.008128 0.047491 0.268941
0 0.790999 0.343282 0.010081 0.048353 0.119203
0 0.811069 0.343006 0.012892 0.047960 0.010987
0 0.820696 0.346309 0.013446 0.062794 0.119203
0 0.826034 0.343727 0.013420 0.067870 0.182426
0 0.843735 0.347770 0.012586 0.076541 0.377541
0 0.850931 0.340503 0.011849 0.051341 0.001501
0 0.886682 0.351232 0.015557 0.088206 0.029312
0 0.890318 0.352260 0.013771 0.081537 0.182426
0 0.904789 0.355429 0.015542 0.080818 0.500000
0 0.933446 0.346743 0.033904 0.056777 0.001501
0 0.940831 0.348687 0.012628 0.104431 0.268941
0 0.631248 0.329074 0.009453 0.050230 0.268941
0 0.786747 0.346517 0.014022 0.048143 0.004070
0 0.790616 0.344844 0.009330 0.054809 0.119203
0 0.811438 0.344721 0.012438 0.047002 0.029312
0 0.816074 0.346558 0.013766 0.062677 0.075858
0 0.825917 0.344863 0.013656 0.070088 0.377541
0 0.844477 0.348302 0.014153 0.077331 0.377541
0 0.850388 0.344810 0.013749 0.059958 0.001501
0 0.887997 0.356680 0.015433 0.078477 0.075858
0 0.889673 0.355982 0.012772 0.074087 0.182426
0 0.904750 0.355460 0.015615 0.080740 0.622459
0 0.941291 0.349997 0.014407 0.103293 0.377541
0 0.786264 0.348563 0.011222 0.053405 0.006693
0 0.790601 0.347130 0.009318 0.055799 0.182426
0 0.811921 0.346619 0.012078 0.057231 0.047426
0 0.824290 0.346160 0.017862 0.067856 0.119203
0 0.825682 0.344922 0.015706 0.069884 0.377541
0 0.842964 0.347397 0.014106 0.079891 0.500000
0 0.847294 0.347634 0.019376 0.077228 0.001501
0 0.887823 0.356257 0.016172 0.074091 0.029312
0 0.889205 0.358238 0.013691 0.075040 0.119203
0 0.905499 0.356574 0.017242 0.078547 0.500000
0 0.940645 0.349320 0.015678 0.107504 0.377541
0 0.995680 0.356579 0.008663 0.057827 0.001501
0 0.005157 0.376090 0.013563 0.298995 0.001501
0 0.823533 0.349340 0.019051 0.074253 0.004070
0 0.826989 0.346709 0.018288 0.080767 0.004070
0 0.844508 0.348065 0.014106 0.082344 0.182426
0 0.887816 0.355021 0.016164 0.076633 0.029312
0 0.889831 0.357183 0.014947 0.077408 0.119203
0 0.904997 0.358106 0.018221 0.080592 0.622459
0 0.935664 0.359591 0.020915 0.067902 0.010987
0 0.941242 0.351258 0.014482 0.103274 0.377541
0 0.995649 0.359863 0.008725 0.056502 0.004070
0 0.009553 0.344830 0.019140 0.449662 0.017986
0 0.011826 0.344298 0.023837 0.438933 0.006693
0 0.938269 0.357241 0.021028 0.103825 0.010987
0 0.941476 0.352677 0.017145 0.110537 0.047426
0 0.010356 0.340364 0.020726 0.419198 0.047426
0 0.011055 0.339084 0.022198 0.415657 0.010987
0 0.010409 0.351646 0.020827 0.399565 0.029312
0 0.011811 0.349252 0.020620 0.395502 0.029312
0 0.010009 0.357343 0.020034 0.375645 0.006693
0 0.011274 0.357371 0.019524 0.374179 0.006693
0 0.010410 0.375760 0.020831 0.335477 0.006693
0 0.010514 0.378995 0.021046 0.327027 0.006693
0 0.010519 0.392744 0.021045 0.293008 0.001501
1 0.217950 0.327436 0.060991 0.071575 0.817575
1 0.217275 0.327391 0.059621 0.071497 0.817575
1 0.378457 0.324012 0.060001 0.047029 0.622459
1 0.378484 0.324016 0.060057 0.047043 0.731059
1 0.009320 0.339325 0.021735 0.040774 0.017986
1 0.023815 0.337887 0.045798 0.037941 0.006693
1 0.034907 0.337297 0.040163 0.033791 0.010987
1 0.034573 0.337948 0.040766 0.037722 0.029312
1 0.037058 0.337040 0.045644 0.040019 0.010987
1 0.129473 0.334902 0.128094 0.108540 0.924142
1 0.129444 0.335030 0.127885 0.108323 0.924142
1 0.129919 0.335924 0.126515 0.110126 0.004070
1 0.217934 0.327435 0.060962 0.071609 0.817575
1 0.217972 0.326981 0.060967 0.070700 0.817575
1 0.216520 0.328257 0.061146 0.068151 0.880797
1 0.217263 0.327438 0.059631 0.071590 0.880797
1 0.377775 0.323367 0.061370 0.045743 0.880797
1 0.378458 0.323384 0.059994 0.045684 0.880797
1 0.378479 0.324040 0.060048 0.047008 0.880797
1 0.378471 0.322925 0.060032 0.046570 0.880797
1 0.429709 0.326697 0.037522 0.041666 0.817575
1 0.429713 0.327601 0.037509 0.039859 0.817575
1 0.429011 0.326945 0.038937 0.038568 0.817575
1 0.456188 0.324198 0.012669 0.018575 0.075858
1 0.811069 0.343006 0.012892 0.047960 0.002473
1 0.965219 0.349782 0.027912 0.063084 0.001501
1 0.972222 0.352456 0.036225 0.062514 0.002473
1 0.975012 0.351827 0.039878 0.063175 0.006693
1 0.995039 0.349947 0.013059 0.068116 0.017986
1 0.013856 0.342724 0.027733 0.033032 0.075858
1 0.017596 0.342541 0.035063 0.028608 0.047426
1 0.030039 0.343247 0.047874 0.031722 0.029312
1 0.036124 0.342029 0.040365 0.034201 0.047426
1 0.038019 0.342301 0.041248 0.033670 0.029312
1 0.129998 0.334852 0.127043 0.108735 0.880797
1 0.129472 0.335745 0.128101 0.110512 0.880797
1 0.129240 0.334913 0.127577 0.108559 0.924142
1 0.129449 0.335931 0.127911 0.110142 0.880797
1 0.217272 0.328789 0.059631 0.069204 0.817575
1 0.217975 0.327402 0.060959 0.071490 0.817575
1 0.216523 0.328682 0.061135 0.068942 0.880797
1 0.217263 0.328679 0.059676 0.068938 0.880797
1 0.379003 0.323399 0.061090 0.045701 0.817575
1 0.378459 0.323411 0.059992 0.045657 0.817575
1 0.378472 0.324055 0.060031 0.047006 0.880797
1 0.379238 0.324351 0.058546 0.046412 0.880797
1 0.380150 0.324222 0.056782 0.046734 0.001501
1 0.429024 0.326064 0.038851 0.040421 0.817575
1 0.429030 0.326941 0.036164 0.038606 0.817575
1 0.429789 0.326705 0.040438 0.041748 0.880797
1 0.811438 0.344721 0.012438 0.047002 0.006693
1 0.923361 0.355316 0.025616 0.049540 0.377541
1 0.925223 0.355353 0.025838 0.049216 0.500000
1 0.972546 0.355382 0.037266 0.060167 0.500000
1 0.973876 0.355548 0.038008 0.060527 0.622459
1 0.973580 0.355567 0.038892 0.060495 0.731059
1 0.995063 0.356296 0.009923 0.061407 0.182426
1 0.007098 0.350997 0.014251 0.050259 0.001501
1 0.129404 0.334723 0.127940 0.108922 0.924142
1 0.130142 0.334847 0.127217 0.108431 0.924142
1 0.129418 0.334359 0.127932 0.106985 0.924142
1 0.129620 0.334989 0.127817 0.108269 0.924142
1 0.924985 0.354962 0.025234 0.053520 0.500000
1 0.925057 0.355190 0.025913 0.049487 0.500000
1 0.973366 0.354710 0.037228 0.060715 0.500000
1 0.973214 0.354911 0.038356 0.061117 0.622459
1 0.973303 0.355087 0.038263 0.061467 0.622459
1 0.995680 0.356579 0.008663 0.057827 0.182426
1 0.924711 0.358065 0.029394 0.062776 0.006693
1 0.972746 0.356319 0.037582 0.063392 0.119203
1 0.973337 0.355995 0.037029 0.062029 0.268941
1 0.973027 0.355994 0.037745 0.062049 0.377541
1 0.995649 0.359863 0.008725 0.056502 0.047426
2 0.488754 0.288038 0.061003 0.104970 0.004070
2 0.151061 0.290094 0.071956 0.029178 0.004070
2 0.150891 0.288341 0.060113 0.021903 0.002473
2 0.490534 0.295588 0.065864 0.112047 0.817575
2 0.490250 0.296865 0.063703 0.114606 0.817575
2 0.490274 0.295609 0.063653 0.112089 0.924142
2 0.992860 0.312383 0.014411 0.099351 0.001501
2 0.490932 0.296371 0.065084 0.115629 0.817575
2 0.490559 0.296385 0.065803 0.115554 0.817575
2 0.490251 0.296677 0.063698 0.114959 0.880797
2 0.490242 0.296673 0.063694 0.114969 0.817575
2 0.769147 0.315322 0.073332 0.037863 0.001501
2 0.769360 0.323023 0.072943 0.049990 0.001501
2 0.958456 0.329126 0.034278 0.066026 0.002473
2 0.994120 0.332516 0.014980 0.095085 0.010987
2 0.456188 0.324198 0.012669 0.018575 0.002473
2 0.490480 0.296383 0.065914 0.115567 0.731059
2 0.490881 0.296386 0.065134 0.115576 0.817575
2 0.489845 0.296370 0.064497 0.115582 0.924142
2 0.779867 0.325917 0.051571 0.034360 0.004070
2 0.918172 0.348053 0.037852 0.059481 0.002473
2 0.965219 0.349782 0.027912 0.063084 0.002473
2 0.972222 0.352456 0.036225 0.062514 0.001501
2 0.995039 0.349947 0.013059 0.068116 0.017986
2 0.811438 0.344721 0.012438 0.047002 0.001501
2 0.925223 0.355353 0.025838 0.049216 0.001501
2 0.995063 0.356296 0.009923 0.061407 0.001501
3 0.994120 0.332516 0.014980 0.095085 0.002473
3 0.456188 0.324198 0.012669 0.018575 0.002473
3 0.811069 0.343006 0.012892 0.047960 0.006693
3 0.918172 0.348053 0.037852 0.059481 0.006693
3 0.995039 0.349947 0.013059 0.068116 0.006693
3 0.811438 0.344721 0.012438 0.047002 0.017986
3 0.923361 0.355316 0.025616 0.049540 0.002473
3 0.925223 0.355353 0.025838 0.049216 0.001501
3 0.995063 0.356296 0.009923 0.061407 0.004070
3 0.924985 0.354962 0.025234 0.053520 0.001501
3 0.995680 0.356579 0.008663 0.057827 0.001501
4 0.995649 0.359863 0.008725 0.056502 0.001501
5 0.790616 0.344844 0.009330 0.054809 0.002473
5 0.811438 0.344721 0.012438 0.047002 0.002473
5 0.995680 0.356579 0.008663 0.057827 0.002473
5 0.995649 0.359863 0.008725 0.056502 0.006693
