0 0.634700 0.316463 0.011479 0.075431 0.182426
0 0.636560 0.317633 0.015170 0.078039 0.004070
0 0.579262 0.318674 0.008550 0.044470 0.182426
0 0.590316 0.317818 0.008796 0.047518 0.006693
0 0.605494 0.315943 0.011057 0.053710 0.182426
0 0.617717 0.315096 0.011568 0.052610 0.002473
0 0.634681 0.319270 0.011480 0.074961 0.622459
0 0.636465 0.319613 0.015063 0.078962 0.010987
0 0.578098 0.319436 0.009306 0.045868 0.182426
0 0.591346 0.318375 0.007854 0.048227 0.002473
0 0.604813 0.317370 0.009736 0.051593 0.182426
0 0.619190 0.315386 0.011780 0.048061 0.001501
0 0.634681 0.319296 0.013641 0.074926 0.622459
0 0.636613 0.318532 0.015041 0.076630 0.006693
0 0.958630 0.314913 0.014289 0.063839 0.001501
0 0.578814 0.321074 0.011674 0.053133 0.029312
0 0.606258 0.318588 0.009474 0.053526 0.029312
0 0.635230 0.319006 0.012541 0.075500 0.500000
0 0.637151 0.319813 0.014410 0.078517 0.010987
1 0.323552 0.327751 0.077958 0.062582 0.817575
1 0.324245 0.327738 0.076638 0.062579 0.817575
1 0.457947 0.313868 0.016135 0.028825 0.001501
1 0.494982 0.320890 0.052022 0.076350 0.880797
1 0.495418 0.320845 0.053344 0.076366 0.731059
1 0.494882 0.319463 0.052268 0.074636 0.817575
1 0.557013 0.324475 0.036011 0.046045 0.017986
1 0.556253 0.323790 0.037519 0.044647 0.029312
1 0.556261 0.323903 0.037556 0.044432 0.029312
1 0.323562 0.327768 0.077924 0.062601 0.880797
1 0.323545 0.327749 0.077923 0.062568 0.880797
1 0.323549 0.328650 0.077931 0.064383 0.924142
1 0.323548 0.327746 0.077941 0.062573 0.880797
1 0.363720 0.325465 0.020124 0.026718 0.001501
1 0.399142 0.321655 0.027048 0.018444 0.004070
1 0.400690 0.322936 0.027140 0.021056 0.006693
1 0.454653 0.316231 0.012780 0.021019 0.006693
1 0.495305 0.319766 0.053575 0.074160 0.817575
1 0.494811 0.319700 0.052410 0.074207 0.817575
1 0.495537 0.319740 0.053121 0.074099 0.880797
1 0.495546 0.319387 0.053139 0.075069 0.880797
1 0.532698 0.321653 0.015463 0.023488 0.268941
1 0.556246 0.325028 0.037505 0.045008 0.817575
1 0.556250 0.324382 0.037502 0.043664 0.817575
1 0.556250 0.325058 0.037539 0.044932 0.731059
1 0.323547 0.327803 0.077904 0.062655 0.880797
1 0.323537 0.328652 0.077937 0.064338 0.880797
1 0.324230 0.327763 0.076562 0.062561 0.880797
1 0.323435 0.327763 0.075114 0.062562 0.924142
1 0.494868 0.320878 0.052240 0.076391 0.731059
1 0.494877 0.319687 0.052254 0.074177 0.817575
1 0.494957 0.321318 0.052129 0.075440 0.880797
1 0.556250 0.324543 0.037510 0.043418 0.817575
1 0.556254 0.325201 0.037512 0.044718 0.817575
1 0.555486 0.324545 0.039067 0.043412 0.817575
1 0.833948 0.423483 0.332220 0.341904 0.904651
1 0.834803 0.423738 0.333694 0.342324 0.924142
1 0.834846 0.422604 0.336560 0.340059 0.904651
1 0.834226 0.424037 0.334613 0.337938 0.880797
1 0.833974 0.423656 0.332145 0.342243 0.904651
1 0.834007 0.422614 0.332169 0.340051 0.904651
1 0.834778 0.423901 0.336729 0.337628 0.904651
1 0.832661 0.423618 0.331642 0.341570 0.880797
1 0.833993 0.425893 0.332152 0.341090 0.924142
1 0.834492 0.425245 0.334347 0.339517 0.880797
3 0.532698 0.321653 0.015463 0.023488 0.004070
