0 0.662370 0.308741 0.022445 0.151331 0.002473
0 0.992920 0.298079 0.011175 0.135276 0.004070
0 0.732779 0.313292 0.012526 0.071741 0.182426
0 0.992951 0.305600 0.011098 0.119763 0.004070
0 0.664300 0.321563 0.013659 0.085147 0.001501
0 0.732015 0.313371 0.010993 0.068135 0.377541
0 0.994499 0.307212 0.011049 0.119078 0.002473
0 0.005512 0.354626 0.011090 0.088854 0.001501
0 0.647176 0.326031 0.034171 0.240975 0.047426
0 0.648660 0.323351 0.036084 0.235631 0.001501
0 0.733456 0.314176 0.011166 0.070180 0.377541
0 0.994503 0.310854 0.011033 0.115476 0.001501
0 0.005543 0.360709 0.011153 0.083713 0.001501
0 0.022198 0.363509 0.011490 0.070008 0.377541
0 0.025242 0.365786 0.013942 0.070194 0.006693
0 0.041092 0.364576 0.007225 0.067620 0.182426
0 0.058287 0.367119 0.008662 0.062536 0.017986
0 0.064902 0.365877 0.010684 0.065156 0.119203
0 0.647976 0.327100 0.035099 0.243536 0.500000
0 0.647745 0.326313 0.035567 0.241982 0.817575
0 0.664015 0.319871 0.011395 0.084593 0.002473
0 0.732014 0.314157 0.010994 0.070433 0.377541
0 0.022216 0.363465 0.011513 0.069972 0.377541
0 0.025226 0.365721 0.015096 0.070320 0.006693
0 0.040598 0.365878 0.009318 0.065226 0.268941
0 0.057696 0.367154 0.009701 0.062585 0.029312
0 0.064591 0.365861 0.010230 0.065141 0.182426
0 0.648284 0.326036 0.037075 0.241819 0.268941
0 0.648018 0.327639 0.035175 0.239342 0.622459
0 0.647752 0.326141 0.035566 0.241630 0.731059
0 0.022759 0.364534 0.012588 0.067885 0.268941
0 0.025051 0.365743 0.015398 0.070148 0.017986
0 0.040995 0.365864 0.010094 0.065198 0.268941
0 0.060180 0.367128 0.010859 0.062638 0.029312
0 0.064048 0.367136 0.011315 0.062588 0.119203
0 0.647854 0.326412 0.036202 0.242276 0.119203
0 0.647171 0.326603 0.034394 0.241869 0.622459
0 0.647789 0.325361 0.035648 0.244649 0.817575
0 0.022639 0.368297 0.014533 0.080063 0.001501
0 0.647806 0.327447 0.035836 0.239426 0.731059
0 0.647858 0.325847 0.035805 0.241443 0.817575
1 0.687108 0.314438 0.023209 0.032986 0.001501
1 0.706506 0.315166 0.049759 0.031256 0.017986
1 0.708829 0.316434 0.049823 0.033774 0.075858
1 0.721797 0.312465 0.051675 0.032131 0.006693
1 0.791175 0.316909 0.019151 0.032865 0.002473
1 0.313743 0.336938 0.041886 0.029352 0.002473
1 0.687831 0.317972 0.016399 0.025762 0.006693
1 0.705197 0.317468 0.045699 0.026730 0.047426
1 0.706364 0.317475 0.046519 0.026723 0.182426
1 0.711053 0.317566 0.045858 0.026609 0.047426
1 0.789729 0.319279 0.017703 0.028212 0.002473
1 0.790849 0.317560 0.018475 0.026500 0.017986
1 0.799027 0.316947 0.034968 0.027872 0.002473
1 0.231652 0.350582 0.018329 0.017028 0.002473
1 0.254356 0.347438 0.028122 0.018631 0.119203
1 0.254987 0.346177 0.026489 0.016076 0.119203
1 0.258152 0.347457 0.031003 0.018724 0.029312
1 0.284025 0.344991 0.021433 0.018524 0.075858
1 0.312210 0.338505 0.044269 0.026334 0.182426
1 0.313513 0.338510 0.039800 0.026262 0.731059
1 0.313313 0.338508 0.040328 0.026248 0.622459
1 0.313360 0.338044 0.040374 0.027175 0.622459
1 0.374976 0.337747 0.019374 0.014104 0.004070
1 0.136096 0.362003 0.019500 0.020958 0.004070
1 0.137065 0.361922 0.018348 0.021140 0.002473
1 0.196932 0.357432 0.032321 0.016347 0.001501
1 0.007133 0.381635 0.014312 0.039932 0.001501
2 0.467129 0.326685 0.025064 0.023573 0.001501
2 0.161777 0.354068 0.026807 0.025636 0.002473
2 0.153814 0.356029 0.029044 0.024757 0.001501
