0 0.566193 0.306691 0.021142 0.137444 0.002473
0 0.565795 0.314328 0.021668 0.149670 0.002473
0 0.584322 0.307995 0.016319 0.112556 0.004070
0 0.642287 0.302037 0.015466 0.086626 0.006693
0 0.564877 0.314582 0.020299 0.150949 0.029312
0 0.565008 0.316137 0.020097 0.153943 0.622459
0 0.584745 0.311155 0.013720 0.080702 0.268941
0 0.586522 0.312359 0.015198 0.083561 0.047426
0 0.638442 0.300839 0.024081 0.065700 0.002473
0 0.642217 0.306451 0.012509 0.076451 0.268941
0 0.565268 0.317355 0.022618 0.156918 0.500000
0 0.564566 0.316362 0.020967 0.153713 0.500000
0 0.584717 0.312579 0.011507 0.078106 0.377541
0 0.586559 0.311277 0.015142 0.080681 0.017986
0 0.642197 0.305878 0.012555 0.075793 0.377541
0 0.005010 0.359883 0.010055 0.106985 0.004070
0 0.017101 0.363992 0.012946 0.094366 0.002473
0 0.045981 0.361394 0.014125 0.099888 0.002473
0 0.178561 0.353503 0.024220 0.066533 0.029312
0 0.180921 0.353933 0.024510 0.067135 0.047426
0 0.180754 0.352122 0.027963 0.067667 0.004070
0 0.564501 0.317381 0.021078 0.156845 0.377541
0 0.564954 0.317375 0.020146 0.156827 0.622459
0 0.584743 0.311197 0.013728 0.080839 0.500000
0 0.587077 0.311293 0.015274 0.080566 0.010987
0 0.641526 0.305595 0.013895 0.080150 0.377541
0 0.004323 0.368297 0.008664 0.085059 0.010987
0 0.017309 0.370549 0.009670 0.080857 0.029312
0 0.032780 0.370050 0.012611 0.079338 0.047426
0 0.044510 0.373547 0.011036 0.075990 0.047426
0 0.053823 0.374343 0.011975 0.069505 0.001501
0 0.067199 0.374016 0.012573 0.065629 0.004070
0 0.104757 0.363663 0.012670 0.053363 0.001501
0 0.178215 0.357014 0.021927 0.061520 0.268941
0 0.180774 0.357369 0.024804 0.058998 0.119203
0 0.181309 0.358540 0.026084 0.056202 0.017986
0 0.564902 0.316919 0.020313 0.157835 0.268941
0 0.565719 0.315936 0.021659 0.154706 0.622459
0 0.584702 0.313582 0.011469 0.081220 0.500000
0 0.586992 0.310959 0.015468 0.081602 0.006693
0 0.642212 0.306316 0.012543 0.082531 0.182426
0 0.003923 0.371564 0.007866 0.085491 0.006693
0 0.016557 0.370721 0.011216 0.080657 0.017986
0 0.033441 0.371053 0.011305 0.081287 0.075858
0 0.045962 0.375224 0.011213 0.072943 0.075858
0 0.058388 0.378025 0.008882 0.059685 0.004070
0 0.066531 0.376854 0.011190 0.058821 0.377541
0 0.178264 0.358277 0.022047 0.057057 0.119203
0 0.180857 0.360011 0.025344 0.053547 0.029312
0 0.181418 0.360976 0.025858 0.050158 0.010987
0 0.266237 0.347899 0.035570 0.034642 0.001501
0 0.266407 0.347294 0.036124 0.037804 0.001501
0 0.565650 0.317691 0.021808 0.156255 0.268941
0 0.565768 0.316442 0.021585 0.153697 0.731059
0 0.004317 0.372461 0.008641 0.087930 0.006693
0 0.016534 0.370040 0.011221 0.079580 0.017986
0 0.033457 0.373477 0.011249 0.080991 0.119203
0 0.045993 0.375083 0.011244 0.073437 0.075858
0 0.059970 0.376938 0.012027 0.060917 0.002473
0 0.067204 0.376015 0.012570 0.060031 0.377541
0 0.103840 0.376187 0.011614 0.039587 0.001501
0 0.177675 0.358457 0.019756 0.058930 0.119203
0 0.180504 0.359380 0.025338 0.057054 0.119203
0 0.181622 0.359977 0.026167 0.052880 0.010987
0 0.565698 0.317201 0.021897 0.152278 0.075858
0 0.565975 0.318080 0.021274 0.150473 0.500000
0 0.004310 0.371345 0.008624 0.091972 0.006693
0 0.016482 0.372225 0.014169 0.083922 0.010987
0 0.032768 0.372528 0.012686 0.078702 0.119203
0 0.046013 0.375257 0.011301 0.073242 0.075858
0 0.057092 0.375835 0.011428 0.066082 0.002473
0 0.067213 0.377131 0.012545 0.060229 0.119203
0 0.005564 0.376410 0.011157 0.126237 0.001501
1 0.608047 0.305862 0.040576 0.028972 0.001501
1 0.630915 0.305115 0.056337 0.032922 0.010987
1 0.638566 0.303383 0.030609 0.050324 0.001501
1 0.667559 0.307284 0.068232 0.031418 0.268941
1 0.670413 0.306814 0.059290 0.030393 0.500000
1 0.671772 0.307104 0.059567 0.030954 0.377541
1 0.672233 0.307114 0.058662 0.030941 0.377541
1 0.741815 0.304495 0.027890 0.025719 0.500000
1 0.742107 0.304516 0.028443 0.025732 0.268941
1 0.743241 0.305428 0.033203 0.027585 0.047426
1 0.379798 0.330090 0.015649 0.016350 0.006693
1 0.668650 0.307772 0.066355 0.038056 0.047426
1 0.670567 0.308461 0.062254 0.033971 0.047426
1 0.671020 0.308503 0.058205 0.033893 0.047426
1 0.672207 0.306795 0.058750 0.035613 0.029312
1 0.180774 0.357369 0.024804 0.058998 0.004070
1 0.181309 0.358540 0.026084 0.056202 0.010987
1 0.266449 0.346498 0.036036 0.031526 0.377541
1 0.267107 0.346543 0.037398 0.031611 0.268941
1 0.267152 0.345836 0.037669 0.030203 0.268941
1 0.302268 0.346169 0.029649 0.016104 0.075858
1 0.303855 0.347443 0.026001 0.018608 0.119203
1 0.306940 0.346331 0.028400 0.020963 0.017986
1 0.094658 0.373276 0.030329 0.033622 0.006693
1 0.127068 0.371060 0.024298 0.024245 0.075858
1 0.127411 0.370369 0.023526 0.022805 0.182426
1 0.134115 0.370433 0.030397 0.019914 0.001501
1 0.157920 0.367874 0.021116 0.024178 0.001501
1 0.178264 0.358277 0.022047 0.057057 0.010987
1 0.180857 0.360011 0.025344 0.053547 0.119203
1 0.181418 0.360976 0.025858 0.050158 0.029312
1 0.206322 0.357740 0.023676 0.016925 0.001501
1 0.218916 0.357710 0.028673 0.016974 0.001501
1 0.266237 0.347899 0.035570 0.034642 0.001501
1 0.266407 0.347294 0.036124 0.037804 0.004070
1 0.266116 0.348106 0.039749 0.035055 0.006693
1 0.180504 0.359380 0.025338 0.057054 0.002473
1 0.181622 0.359977 0.026167 0.052880 0.004070
2 0.445389 0.317757 0.020019 0.036393 0.001501
2 0.444139 0.324017 0.023258 0.028491 0.002473
5 0.180774 0.357369 0.024804 0.058998 0.017986
5 0.181309 0.358540 0.026084 0.056202 0.004070
5 0.901580 0.338664 0.069187 0.125840 0.001501
5 0.178264 0.358277 0.022047 0.057057 0.017986
5 0.180857 0.360011 0.025344 0.053547 0.029312
5 0.181418 0.360976 0.025858 0.050158 0.029312
5 0.901362 0.338362 0.069395 0.131249 0.002473
5 0.899770 0.337646 0.072355 0.128584 0.004070
5 0.902204 0.337458 0.067319 0.127780 0.002473
5 0.177675 0.358457 0.019756 0.058930 0.017986
5 0.180504 0.359380 0.025338 0.057054 0.010987
5 0.181622 0.359977 0.026167 0.052880 0.010987
5 0.900188 0.339596 0.068885 0.124036 0.001501
