1 0.574302 0.314653 0.020804 0.037308 0.001501
1 0.347448 0.334906 0.130115 0.112160 0.880797
1 0.347159 0.336071 0.130700 0.114360 0.880797
1 0.346694 0.336050 0.131633 0.114419 0.924142
1 0.425394 0.320321 0.022237 0.021103 0.004070
1 0.447564 0.320508 0.017681 0.016096 0.004070
1 0.461499 0.321632 0.017625 0.018401 0.006693
1 0.466454 0.320495 0.020626 0.016122 0.004070
1 0.482920 0.318321 0.016248 0.016838 0.002473
1 0.567715 0.318123 0.025937 0.025683 0.004070
1 0.572932 0.322853 0.021101 0.021035 0.047426
1 0.574544 0.321633 0.020172 0.018398 0.029312
1 0.347577 0.335489 0.129982 0.115625 0.924142
1 0.347518 0.335399 0.129973 0.115777 0.880797
1 0.347161 0.335399 0.130695 0.115755 0.880797
1 0.346599 0.336700 0.131818 0.118257 0.924142
1 0.347844 0.336065 0.129306 0.114392 0.924142
1 0.347159 0.336079 0.130682 0.114389 0.924142
1 0.346588 0.336077 0.131832 0.114391 0.952574
5 0.574544 0.321633 0.020172 0.018398 0.001501
