0 0.771212 0.264050 0.021291 0.143765 0.002473
0 0.743967 0.299482 0.025784 0.185704 0.004070
0 0.744802 0.294174 0.032699 0.174664 0.001501
0 0.770302 0.285243 0.023998 0.196540 0.006693
0 0.611888 0.304236 0.027382 0.164074 0.002473
0 0.615012 0.303284 0.026609 0.162629 0.010987
0 0.739151 0.304989 0.025611 0.176805 0.001501
0 0.744589 0.304765 0.024080 0.171076 0.004070
0 0.747400 0.298566 0.027169 0.147898 0.004070
0 0.769290 0.292782 0.025301 0.207148 0.002473
0 0.780655 0.283658 0.022862 0.181043 0.001501
0 0.593755 0.307531 0.012659 0.097461 0.010987
0 0.609480 0.308503 0.031783 0.164442 0.047426
0 0.613369 0.309990 0.026884 0.175698 0.029312
0 0.632800 0.306850 0.012745 0.104396 0.002473
0 0.745894 0.313653 0.023011 0.185555 0.006693
0 0.750149 0.299261 0.018965 0.141518 0.004070
0 0.768464 0.295027 0.024941 0.208038 0.004070
0 0.925579 0.289937 0.036467 0.235214 0.001501
0 0.549310 0.311565 0.014137 0.068396 0.004070
0 0.557025 0.314849 0.014103 0.078453 0.377541
0 0.587345 0.307269 0.016809 0.078577 0.047426
0 0.592195 0.307113 0.012609 0.089755 0.047426
0 0.605452 0.310431 0.027491 0.156025 0.075858
0 0.612529 0.311073 0.028797 0.169846 0.268941
0 0.631250 0.306234 0.009469 0.076236 0.119203
0 0.745882 0.317811 0.023035 0.196162 0.002473
0 0.752645 0.294136 0.016778 0.114806 0.001501
0 0.767503 0.292328 0.025820 0.202225 0.004070
0 0.924406 0.297611 0.033989 0.255116 0.004070
0 0.925178 0.298632 0.034568 0.253812 0.004070
0 0.272638 0.328515 0.010769 0.074228 0.017986
0 0.275664 0.323427 0.013083 0.069308 0.004070
0 0.368030 0.318598 0.014190 0.044789 0.006693
0 0.532182 0.317443 0.011392 0.059309 0.001501
0 0.545739 0.314758 0.008556 0.064251 0.006693
0 0.557682 0.314972 0.015457 0.078446 0.377541
0 0.586751 0.309517 0.015672 0.069261 0.029312
0 0.591375 0.314842 0.014296 0.107172 0.029312
0 0.609544 0.312526 0.033376 0.171630 0.182426
0 0.612592 0.311146 0.028982 0.174762 0.500000
0 0.632692 0.306455 0.009682 0.079226 0.119203
0 0.675020 0.312501 0.028289 0.198460 0.817575
0 0.675680 0.313567 0.029707 0.200831 0.731059
0 0.694590 0.306566 0.014338 0.065325 0.002473
0 0.736496 0.318589 0.038585 0.210006 0.002473
0 0.755432 0.297147 0.014193 0.100721 0.002473
0 0.766537 0.298360 0.027278 0.211324 0.006693
0 0.783248 0.301789 0.017199 0.210339 0.002473
0 0.892428 0.323242 0.019066 0.143855 0.001501
0 0.899073 0.312409 0.039504 0.154650 0.002473
0 0.924304 0.298462 0.035613 0.256259 0.004070
0 0.924425 0.295788 0.034063 0.251081 0.006693
0 0.946771 0.324542 0.015660 0.097322 0.001501
0 0.271929 0.330667 0.009357 0.076146 0.017986
0 0.277322 0.321225 0.012481 0.063129 0.001501
0 0.368671 0.321613 0.015943 0.035657 0.001501
0 0.546489 0.313476 0.010144 0.069151 0.006693
0 0.558229 0.315840 0.016546 0.076719 0.500000
0 0.585165 0.309028 0.014665 0.068159 0.017986
0 0.598448 0.315195 0.019045 0.124496 0.075858
0 0.611262 0.312359 0.033549 0.172303 0.182426
0 0.612559 0.312311 0.028592 0.177055 0.500000
0 0.631269 0.305734 0.009534 0.081771 0.075858
0 0.675047 0.313743 0.028212 0.205764 0.731059
0 0.675001 0.313743 0.028216 0.205763 0.817575
0 0.736127 0.317648 0.040553 0.218788 0.622459
0 0.737030 0.317649 0.039659 0.218786 0.622459
0 0.756308 0.331074 0.016135 0.195315 0.010987
0 0.764910 0.315984 0.029488 0.242335 0.017986
0 0.785051 0.307078 0.014705 0.208090 0.002473
0 0.889095 0.327744 0.027048 0.157047 0.001501
0 0.907076 0.310683 0.056540 0.223852 0.004070
0 0.923496 0.308032 0.031815 0.266645 0.002473
0 0.924793 0.296699 0.032606 0.245642 0.017986
0 0.946549 0.326875 0.015331 0.100356 0.002473
0 0.004880 0.360767 0.012859 0.155683 0.001501
0 0.272587 0.328001 0.010664 0.073625 0.010987
0 0.367984 0.324864 0.011008 0.049438 0.004070
0 0.547745 0.315473 0.011010 0.072436 0.006693
0 0.557697 0.315075 0.015444 0.078266 0.500000
0 0.585703 0.314659 0.015647 0.074996 0.002473
0 0.599180 0.313697 0.017744 0.137532 0.182426
0 0.613226 0.310869 0.027056 0.179708 0.377541
0 0.614036 0.310460 0.028133 0.180403 0.622459
0 0.628927 0.312920 0.011427 0.114291 0.017986
0 0.674377 0.311134 0.029580 0.205961 0.500000
0 0.675025 0.309929 0.028162 0.208364 0.731059
0 0.735409 0.315443 0.037977 0.216843 0.268941
0 0.736088 0.315113 0.038648 0.219726 0.500000
0 0.735628 0.315171 0.039131 0.220109 0.731059
0 0.763090 0.321089 0.023349 0.232683 0.119203
0 0.765000 0.314476 0.027060 0.251371 0.182426
0 0.783719 0.308941 0.015678 0.227345 0.004070
0 0.923118 0.313251 0.035635 0.275414 0.006693
0 0.947289 0.322689 0.014162 0.110222 0.001501
0 0.008775 0.382557 0.020647 0.189295 0.002473
0 0.270969 0.327841 0.011223 0.078600 0.004070
0 0.599944 0.311937 0.019146 0.144095 0.182426
0 0.614001 0.311469 0.028225 0.178536 0.377541
0 0.615352 0.311334 0.027683 0.178733 0.500000
0 0.673559 0.313762 0.028017 0.205800 0.622459
0 0.674347 0.313738 0.029619 0.205847 0.731059
0 0.734886 0.316173 0.039043 0.219928 0.268941
0 0.734704 0.314444 0.037617 0.221549 0.500000
0 0.735021 0.313832 0.036264 0.222796 0.622459
0 0.762574 0.317899 0.025234 0.244576 0.268941
0 0.763647 0.316920 0.024301 0.246636 0.377541
0 0.780234 0.311373 0.017843 0.224253 0.004070
0 0.920848 0.328391 0.040526 0.305576 0.010987
0 0.012388 0.377770 0.024806 0.207267 0.004070
0 0.601638 0.315745 0.025332 0.155713 0.010987
0 0.615416 0.311788 0.027881 0.177841 0.377541
0 0.614663 0.310870 0.029362 0.179744 0.500000
0 0.616487 0.314218 0.032574 0.173220 0.010987
0 0.673497 0.309917 0.028225 0.208386 0.622459
0 0.675116 0.309864 0.028532 0.208537 0.731059
0 0.734101 0.314040 0.037508 0.222366 0.004070
0 0.734317 0.313142 0.035065 0.223686 0.622459
0 0.735012 0.312501 0.036275 0.225446 0.622459
0 0.763291 0.320854 0.023727 0.243203 0.268941
0 0.763409 0.320636 0.023817 0.247378 0.500000
0 0.782467 0.304572 0.016109 0.218209 0.004070
0 0.911854 0.342664 0.064061 0.329296 0.001501
0 0.013234 0.382707 0.026552 0.188186 0.001501
0 0.733518 0.312368 0.033510 0.225270 0.017986
0 0.762115 0.313581 0.025874 0.261570 0.268941
0 0.763277 0.313536 0.023683 0.261628 0.377541
0 0.909567 0.343535 0.070880 0.319625 0.010987
0 0.909113 0.344155 0.075301 0.334084 0.075858
0 0.909186 0.341130 0.070577 0.332675 0.119203
0 0.014012 0.391830 0.025067 0.170222 0.002473
0 0.014024 0.393216 0.025108 0.166932 0.001501
0 0.762825 0.328053 0.024337 0.232745 0.010987
0 0.763281 0.333274 0.023589 0.224545 0.075858
0 0.904541 0.343799 0.080857 0.330693 0.017986
0 0.905019 0.340912 0.082355 0.329548 0.029312
0 0.907747 0.341653 0.075043 0.332254 0.047426
0 0.911203 0.339775 0.067453 0.331295 0.075858
0 0.014045 0.398040 0.025007 0.157058 0.001501
0 0.897589 0.345413 0.091157 0.331507 0.010987
0 0.900411 0.342970 0.090481 0.331980 0.010987
0 0.903637 0.342623 0.080425 0.335533 0.029312
1 0.434208 0.322879 0.056692 0.057459 0.622459
1 0.433586 0.321637 0.054712 0.060022 0.500000
1 0.433545 0.320481 0.054617 0.057684 0.622459
1 0.647945 0.313854 0.025626 0.042562 0.001501
1 0.254254 0.328745 0.033941 0.019458 0.001501
1 0.254578 0.328800 0.033887 0.019563 0.001501
1 0.355488 0.319317 0.034748 0.023769 0.002473
1 0.382965 0.318824 0.030258 0.024268 0.001501
1 0.388371 0.317789 0.027614 0.021714 0.002473
1 0.432696 0.322768 0.055922 0.057000 0.002473
1 0.434114 0.321590 0.056478 0.060035 0.622459
1 0.433512 0.320487 0.054558 0.057799 0.622459
1 0.433545 0.320456 0.054608 0.057720 0.731059
1 0.433379 0.321542 0.054308 0.060164 0.622459
1 0.460082 0.323242 0.030104 0.043106 0.002473
1 0.488452 0.322870 0.024060 0.026463 0.004070
1 0.501529 0.322926 0.025127 0.030582 0.268941
1 0.501539 0.322936 0.025051 0.030559 0.268941
1 0.647453 0.319514 0.024656 0.042753 0.002473
1 0.433649 0.321653 0.054823 0.060030 0.622459
1 0.433713 0.321629 0.054484 0.060030 0.622459
1 0.433853 0.321636 0.054511 0.060023 0.731059
1 0.445581 0.322699 0.056196 0.050057 0.002473
2 0.007490 0.325332 0.018159 0.157085 0.006693
2 0.016110 0.319904 0.032427 0.148866 0.002473
2 0.008252 0.336286 0.016589 0.121678 0.010987
2 0.016925 0.331566 0.029474 0.096078 0.004070
2 0.022001 0.336207 0.035082 0.093891 0.001501
2 0.006305 0.348117 0.012697 0.149424 0.004070
2 0.015251 0.338248 0.026353 0.102200 0.001501
4 0.651043 0.311491 0.017232 0.035510 0.001501
4 0.647453 0.319514 0.024656 0.042753 0.002473
4 0.649213 0.320760 0.020964 0.041123 0.002473
4 0.074652 0.367487 0.040054 0.110938 0.004070
4 0.072902 0.364763 0.043961 0.112070 0.002473
