0 0.612450 0.296430 0.022054 0.148345 0.029312
0 0.614116 0.302453 0.025158 0.163462 0.047426
0 0.743193 0.293152 0.026861 0.142680 0.002473
0 0.746799 0.274860 0.023512 0.098920 0.001501
0 0.768669 0.286445 0.031424 0.194627 0.001501
0 0.594950 0.314277 0.020964 0.128679 0.622459
0 0.613233 0.303935 0.023600 0.163396 0.010987
0 0.613977 0.307860 0.022320 0.171421 0.002473
0 0.631223 0.307513 0.012715 0.110571 0.004070
0 0.748653 0.280962 0.019792 0.111458 0.001501
0 0.922524 0.289562 0.033816 0.219107 0.001501
0 0.925026 0.292493 0.034869 0.236065 0.001501
0 0.548876 0.312668 0.014947 0.070710 0.010987
0 0.557008 0.315722 0.014105 0.076589 0.268941
0 0.563122 0.310384 0.015907 0.066086 0.001501
0 0.595489 0.318098 0.021866 0.136434 0.731059
0 0.615405 0.306990 0.025122 0.162350 0.047426
0 0.614909 0.309800 0.023969 0.172139 0.268941
0 0.630486 0.304544 0.010986 0.077579 0.182426
0 0.922788 0.294615 0.033612 0.246394 0.004070
0 0.273182 0.329633 0.011858 0.076836 0.017986
0 0.275112 0.325388 0.014186 0.069019 0.002473
0 0.536086 0.321319 0.014280 0.050873 0.001501
0 0.545194 0.317851 0.009669 0.058761 0.017986
0 0.556983 0.316016 0.014153 0.076291 0.377541
0 0.581071 0.312648 0.012924 0.055894 0.002473
0 0.595501 0.318119 0.021964 0.136603 0.622459
0 0.613976 0.310321 0.028101 0.176189 0.377541
0 0.615523 0.310012 0.028083 0.176824 0.622459
0 0.630491 0.306960 0.011020 0.083697 0.119203
0 0.674978 0.313290 0.025115 0.196593 0.731059
0 0.674972 0.312423 0.025209 0.198527 0.622459
0 0.694539 0.302458 0.014443 0.062776 0.001501
0 0.737479 0.320951 0.038801 0.204584 0.002473
0 0.752186 0.293873 0.015563 0.129375 0.001501
0 0.785666 0.282754 0.013475 0.117738 0.001501
0 0.921609 0.300065 0.039034 0.249457 0.001501
0 0.925604 0.303943 0.035112 0.253404 0.002473
0 0.944948 0.329011 0.018843 0.159766 0.002473
0 0.004192 0.358735 0.011487 0.108852 0.002473
0 0.272606 0.330845 0.010734 0.077875 0.017986
0 0.276028 0.325177 0.013509 0.067586 0.001501
0 0.534124 0.323798 0.010329 0.044837 0.001501
0 0.545962 0.318381 0.011237 0.061485 0.029312
0 0.556249 0.315846 0.012609 0.076728 0.500000
0 0.583241 0.313353 0.008591 0.053524 0.004070
0 0.595940 0.317742 0.022837 0.141133 0.622459
0 0.614563 0.311121 0.029262 0.174625 0.500000
0 0.614649 0.310007 0.029358 0.176822 0.622459
0 0.629813 0.307144 0.009657 0.088754 0.119203
0 0.674212 0.313777 0.026615 0.205830 0.500000
0 0.672767 0.312479 0.026475 0.208376 0.731059
0 0.737682 0.321142 0.041329 0.210592 0.731059
0 0.737656 0.322113 0.039763 0.209839 0.731059
0 0.757815 0.328397 0.022087 0.200653 0.029312
0 0.762500 0.320827 0.025271 0.225646 0.010987
0 0.786041 0.295850 0.012614 0.120062 0.002473
0 0.913304 0.307432 0.055361 0.227297 0.001501
0 0.924433 0.305185 0.040345 0.253286 0.010987
0 0.944374 0.325842 0.020430 0.220746 0.006693
0 0.004817 0.366700 0.012719 0.113621 0.004070
0 0.272587 0.328677 0.010668 0.075103 0.029312
0 0.545978 0.317753 0.011200 0.063247 0.029312
0 0.557008 0.316111 0.014069 0.076215 0.500000
0 0.596547 0.315806 0.021336 0.142286 0.500000
0 0.614973 0.307298 0.030031 0.177093 0.622459
0 0.614974 0.309696 0.030019 0.181900 0.731059
0 0.628877 0.321268 0.011494 0.124290 0.029312
0 0.674234 0.311235 0.026575 0.205806 0.500000
0 0.674235 0.311228 0.026580 0.205790 0.817575
0 0.738069 0.319869 0.042522 0.208024 0.622459
0 0.738471 0.321392 0.041353 0.208377 0.731059
0 0.760827 0.322737 0.024956 0.224349 0.119203
0 0.762483 0.316540 0.022050 0.242054 0.268941
0 0.785221 0.322074 0.012667 0.183453 0.001501
0 0.912943 0.308262 0.062562 0.237233 0.002473
0 0.919547 0.312330 0.049921 0.261862 0.001501
0 0.923034 0.308390 0.049422 0.259790 0.017986
0 0.939784 0.309535 0.029727 0.246093 0.010987
0 0.010260 0.392806 0.017481 0.169809 0.006693
0 0.272592 0.329189 0.010696 0.075819 0.010987
0 0.593272 0.316770 0.026034 0.131909 0.001501
0 0.597174 0.315928 0.022508 0.143265 0.622459
0 0.614972 0.311108 0.030023 0.174583 0.500000
0 0.615253 0.310203 0.030550 0.176418 0.731059
0 0.673539 0.313761 0.027965 0.205826 0.500000
0 0.672770 0.312492 0.026472 0.203263 0.817575
0 0.739116 0.318891 0.045351 0.206137 0.001501
0 0.739217 0.319510 0.043229 0.211438 0.622459
0 0.738381 0.318035 0.042100 0.214438 0.622459
0 0.761648 0.321811 0.020749 0.241666 0.182426
0 0.761802 0.320609 0.020678 0.239514 0.377541
0 0.917402 0.329917 0.061120 0.297035 0.002473
0 0.923524 0.311118 0.053450 0.265196 0.017986
0 0.933654 0.309350 0.039792 0.245169 0.010987
0 0.012447 0.390935 0.024924 0.185395 0.010987
0 0.597079 0.317431 0.024997 0.147246 0.268941
0 0.615307 0.311783 0.030742 0.177781 0.500000
0 0.615034 0.309257 0.030192 0.178326 0.622459
0 0.672727 0.312503 0.026505 0.208349 0.500000
0 0.673576 0.311250 0.028080 0.210878 0.731059
0 0.739496 0.318825 0.043341 0.213544 0.622459
0 0.739348 0.316964 0.043125 0.217305 0.731059
0 0.760217 0.323246 0.026225 0.238768 0.182426
0 0.762451 0.321197 0.022086 0.246243 0.377541
0 0.910665 0.337729 0.071038 0.314424 0.006693
0 0.911304 0.339860 0.074237 0.322831 0.017986
0 0.924476 0.313630 0.055178 0.273509 0.017986
0 0.930962 0.306092 0.044668 0.249815 0.010987
0 0.012488 0.393668 0.028096 0.171910 0.010987
0 0.013294 0.397590 0.026625 0.168714 0.002473
0 0.739608 0.319158 0.043587 0.209538 0.500000
0 0.739580 0.316998 0.043677 0.217379 0.500000
0 0.756684 0.324312 0.029946 0.240789 0.075858
0 0.763150 0.319882 0.023960 0.251893 0.268941
0 0.909290 0.336897 0.074058 0.297999 0.001501
0 0.908619 0.345158 0.083140 0.329544 0.017986
0 0.909617 0.342422 0.081250 0.330745 0.075858
0 0.926035 0.319961 0.052094 0.289876 0.006693
0 0.933451 0.309477 0.039348 0.242332 0.017986
0 0.013262 0.399134 0.026662 0.166005 0.017986
0 0.013272 0.397927 0.026613 0.167988 0.010987
0 0.756843 0.316316 0.030401 0.256533 0.010987
0 0.763149 0.320974 0.023968 0.249835 0.017986
0 0.904517 0.346691 0.082939 0.325002 0.004070
0 0.905711 0.343286 0.087150 0.329673 0.010987
0 0.908242 0.341622 0.086883 0.329175 0.029312
0 0.921562 0.337446 0.057577 0.323773 0.029312
0 0.939100 0.305741 0.028054 0.251532 0.006693
0 0.013254 0.401519 0.026673 0.161082 0.006693
0 0.014715 0.401114 0.026384 0.161605 0.010987
0 0.899481 0.348834 0.090472 0.325962 0.002473
0 0.901263 0.344393 0.091852 0.330774 0.004070
0 0.902570 0.344244 0.090346 0.334669 0.017986
0 0.916044 0.342737 0.059078 0.331939 0.010987
0 0.013276 0.405484 0.026638 0.148313 0.002473
0 0.014719 0.401352 0.026398 0.161252 0.002473
0 0.898184 0.343070 0.098774 0.353188 0.004070
0 0.901626 0.338191 0.090456 0.349870 0.004070
1 0.374252 0.317403 0.020549 0.046909 0.010987
1 0.388115 0.316848 0.039801 0.052029 0.001501
1 0.415858 0.317821 0.075868 0.072720 0.817575
1 0.415873 0.319263 0.075911 0.074959 0.731059
1 0.415899 0.319278 0.075960 0.074988 0.731059
1 0.648372 0.311290 0.023721 0.036223 0.002473
1 0.652908 0.309079 0.016156 0.030126 0.001501
1 0.255043 0.328852 0.035522 0.019672 0.002473
1 0.255701 0.327975 0.032362 0.021462 0.004070
1 0.374951 0.319796 0.025090 0.041639 0.029312
1 0.414136 0.317708 0.072389 0.072968 0.622459
1 0.415840 0.317918 0.075888 0.072623 0.731059
1 0.415729 0.317927 0.075474 0.072624 0.817575
1 0.415922 0.319204 0.075907 0.075177 0.817575
1 0.464095 0.322797 0.022131 0.035289 0.004070
1 0.501530 0.322951 0.025050 0.030591 0.622459
1 0.500016 0.323839 0.025025 0.032366 0.622459
1 0.645401 0.316636 0.023747 0.040037 0.002473
1 0.415142 0.317915 0.077124 0.072642 0.731059
1 0.416255 0.319190 0.076540 0.075156 0.817575
1 0.415897 0.317740 0.075869 0.073000 0.817575
2 0.374252 0.317403 0.020549 0.046909 0.006693
2 0.374951 0.319796 0.025090 0.041639 0.001501
4 0.645401 0.316636 0.023747 0.040037 0.001501
4 0.651908 0.316048 0.015554 0.030452 0.002473
4 0.017266 0.365947 0.033339 0.086530 0.002473
4 0.026721 0.372872 0.013747 0.063833 0.001501
4 0.017138 0.393224 0.031011 0.133405 0.006693
4 0.027404 0.373536 0.014462 0.062818 0.001501
4 0.072561 0.365757 0.043911 0.109858 0.001501
5 0.013272 0.397927 0.026613 0.167988 0.001501
