0 0.684162 0.306424 0.012576 0.086644 0.010987
0 0.579245 0.314398 0.008660 0.032537 0.001501
0 0.617125 0.317679 0.006265 0.036255 0.002473
0 0.683477 0.307544 0.011292 0.094484 0.006693
0 0.682817 0.307701 0.012703 0.093435 0.002473
1 0.435324 0.313638 0.017596 0.049121 0.268941
1 0.435614 0.314929 0.018199 0.046713 0.075858
1 0.487053 0.310050 0.091147 0.161810 0.001501
1 0.486413 0.309076 0.092005 0.159896 0.010987
1 0.543806 0.312205 0.015731 0.022229 0.002473
1 0.434739 0.315798 0.019484 0.048330 0.268941
1 0.435614 0.314892 0.018179 0.046649 0.119203
1 0.487461 0.310392 0.094053 0.157532 0.001501
1 0.486526 0.310424 0.092203 0.157506 0.001501
1 0.486503 0.309158 0.092233 0.160069 0.002473
1 0.486701 0.309145 0.092611 0.160101 0.002473
1 0.543803 0.313881 0.015703 0.021252 0.010987
1 0.486485 0.311639 0.092152 0.155110 0.010987
1 0.104526 0.361920 0.212219 0.445299 0.880797
1 0.104479 0.363839 0.212138 0.446801 0.924142
1 0.105410 0.363918 0.210872 0.446516 0.924142
1 0.105678 0.363624 0.211236 0.446522 0.904651
1 0.105245 0.360424 0.210530 0.441323 0.880797
1 0.105220 0.361100 0.210478 0.441088 0.924142
1 0.106372 0.362875 0.209664 0.444173 0.904651
1 0.105483 0.362562 0.210837 0.445014 0.880797
1 0.105220 0.360259 0.210487 0.443123 0.777300
1 0.105412 0.361662 0.210872 0.445963 0.904651
2 0.350847 0.278644 0.151491 0.207868 0.377541
2 0.350866 0.278688 0.151540 0.210439 0.622459
2 0.352989 0.278592 0.150175 0.207799 0.880797
2 0.351468 0.278340 0.152945 0.207257 0.817575
2 0.352241 0.278332 0.151382 0.207278 0.817575
2 0.352296 0.278358 0.151275 0.207208 0.924142
2 0.352996 0.278348 0.150169 0.209850 0.924142
2 0.351549 0.278780 0.150026 0.210366 0.817575
2 0.351554 0.278994 0.150026 0.208116 0.817575
2 0.352239 0.279106 0.151330 0.207892 0.924142
2 0.486934 0.310038 0.092997 0.161814 0.006693
2 0.351546 0.278244 0.149986 0.207025 0.006693
2 0.351557 0.278248 0.150018 0.207026 0.268941
2 0.486774 0.308687 0.095421 0.164320 0.001501
2 0.487053 0.310050 0.091147 0.161810 0.004070
2 0.486859 0.309147 0.092946 0.159997 0.004070
2 0.486413 0.309076 0.092005 0.159896 0.017986
2 0.543806 0.312205 0.015731 0.022229 0.010987
2 0.434739 0.315798 0.019484 0.048330 0.001501
2 0.487461 0.310392 0.094053 0.157532 0.001501
2 0.486526 0.310424 0.092203 0.157506 0.001501
2 0.486503 0.309158 0.092233 0.160069 0.004070
2 0.486701 0.309145 0.092611 0.160101 0.010987
2 0.543803 0.313881 0.015703 0.021252 0.006693
2 0.486485 0.311639 0.092152 0.155110 0.002473
3 0.434714 0.305565 0.016452 0.060436 0.004070
3 0.438573 0.305586 0.019244 0.066020 0.002473
3 0.486478 0.310019 0.092120 0.161746 0.017986
3 0.486934 0.310038 0.092997 0.161814 0.119203
3 0.435324 0.313638 0.017596 0.049121 0.377541
3 0.435614 0.314929 0.018199 0.046713 0.075858
3 0.486774 0.308687 0.095421 0.164320 0.817575
3 0.487053 0.310050 0.091147 0.161810 0.731059
3 0.486859 0.309147 0.092946 0.159997 0.731059
3 0.486413 0.309076 0.092005 0.159896 0.731059
3 0.543806 0.312205 0.015731 0.022229 0.010987
3 0.434739 0.315798 0.019484 0.048330 0.377541
3 0.435614 0.314892 0.018179 0.046649 0.119203
3 0.487461 0.310392 0.094053 0.157532 0.817575
3 0.486526 0.310424 0.092203 0.157506 0.731059
3 0.486503 0.309158 0.092233 0.160069 0.817575
3 0.486701 0.309145 0.092611 0.160101 0.731059
3 0.543803 0.313881 0.015703 0.021252 0.010987
3 0.486957 0.311710 0.090935 0.154967 0.268941
3 0.486485 0.311639 0.092152 0.155110 0.731059
