0 0.584780 0.304081 0.019975 0.173944 0.002473
0 0.450605 0.318176 0.020848 0.165058 0.002473
0 0.454225 0.315067 0.020326 0.162269 0.047426
0 0.517200 0.318790 0.025933 0.192335 0.001501
0 0.584532 0.306660 0.019230 0.172334 0.075858
0 0.585351 0.301657 0.021486 0.166765 0.017986
0 0.867416 0.312706 0.020136 0.179352 0.010987
0 0.871919 0.307820 0.025806 0.184602 0.001501
0 0.907096 0.249013 0.039629 0.254158 0.001501
0 0.906364 0.236002 0.041014 0.227879 0.010987
0 0.994522 0.315620 0.011140 0.235858 0.002473
0 0.306217 0.331746 0.020938 0.182466 0.004070
0 0.321280 0.326514 0.022380 0.195683 0.006693
0 0.329830 0.325447 0.015752 0.165622 0.006693
0 0.427017 0.318040 0.021179 0.146199 0.001501
0 0.430007 0.319385 0.024388 0.148962 0.119203
0 0.451540 0.317959 0.022476 0.160408 0.029312
0 0.454780 0.318643 0.022118 0.168942 0.268941
0 0.490021 0.310412 0.020293 0.145691 0.001501
0 0.517045 0.320567 0.023097 0.179722 0.017986
0 0.560801 0.303300 0.026512 0.245419 0.001501
0 0.569907 0.317126 0.023997 0.184429 0.002473
0 0.583584 0.311671 0.020424 0.183976 0.182426
0 0.585322 0.305223 0.024030 0.173473 0.047426
0 0.602143 0.311247 0.015013 0.120643 0.001501
0 0.866637 0.319379 0.018552 0.192181 0.010987
0 0.905990 0.248154 0.040555 0.247161 0.001501
0 0.906987 0.233024 0.042506 0.217315 0.002473
0 0.908168 0.238650 0.041705 0.223552 0.002473
0 0.984508 0.343290 0.019797 0.194852 0.001501
0 0.994502 0.331029 0.011077 0.240405 0.002473
0 0.169444 0.330832 0.017485 0.117831 0.002473
0 0.303055 0.338224 0.015923 0.135787 0.075858
0 0.349426 0.315051 0.015975 0.088754 0.006693
0 0.351659 0.314959 0.015940 0.088567 0.029312
0 0.429978 0.318125 0.028831 0.149944 0.029312
0 0.452008 0.314169 0.029567 0.149430 0.047426
0 0.455406 0.315905 0.025663 0.160110 0.377541
0 0.488141 0.307117 0.023858 0.139749 0.119203
0 0.489046 0.306261 0.022180 0.135866 0.182426
0 0.517196 0.327359 0.019429 0.188757 0.017986
0 0.525128 0.325038 0.030665 0.227800 0.002473
0 0.556500 0.308776 0.031380 0.255878 0.006693
0 0.570438 0.318945 0.022968 0.177608 0.004070
0 0.582911 0.311804 0.021791 0.182660 0.500000
0 0.595399 0.310107 0.018384 0.145610 0.017986
0 0.601298 0.314287 0.012906 0.088325 0.006693
0 0.748018 0.318170 0.015382 0.081732 0.010987
0 0.761656 0.316125 0.015415 0.085994 0.010987
0 0.762992 0.317028 0.016090 0.088607 0.017986
0 0.868297 0.316950 0.023417 0.182120 0.029312
0 0.874016 0.309356 0.030284 0.175127 0.001501
0 0.906574 0.255574 0.043083 0.262153 0.002473
0 0.906415 0.242418 0.042087 0.240908 0.001501
0 0.907313 0.252671 0.043575 0.257430 0.006693
0 0.960614 0.334006 0.022252 0.137925 0.004070
0 0.966483 0.339234 0.017200 0.132393 0.002473
0 0.993484 0.336342 0.013107 0.239344 0.002473
0 0.169518 0.338157 0.010985 0.083814 0.047426
0 0.255481 0.329039 0.010996 0.069806 0.047426
0 0.270286 0.328770 0.012590 0.065134 0.002473
0 0.278240 0.327735 0.012778 0.063113 0.001501
0 0.304223 0.332290 0.016856 0.131011 0.017986
0 0.349187 0.315768 0.017689 0.083154 0.010987
0 0.352711 0.316761 0.013852 0.081024 0.075858
0 0.429577 0.316367 0.028469 0.143938 0.500000
0 0.430085 0.316827 0.029292 0.147373 0.622459
0 0.452339 0.316026 0.034335 0.149029 0.047426
0 0.455520 0.314422 0.030320 0.157370 0.622459
0 0.489050 0.321147 0.025672 0.167561 0.047426
0 0.489117 0.322731 0.025291 0.170683 0.119203
0 0.517058 0.329678 0.019735 0.191021 0.004070
0 0.526547 0.317333 0.036864 0.250136 0.002473
0 0.551492 0.312638 0.043997 0.265682 0.010987
0 0.571893 0.316733 0.026772 0.173416 0.004070
0 0.583405 0.311586 0.020042 0.181157 0.500000
0 0.594367 0.317640 0.021205 0.158599 0.029312
0 0.601768 0.310686 0.011979 0.079519 0.010987
0 0.670753 0.319325 0.008580 0.055664 0.001501
0 0.697361 0.320810 0.011817 0.077456 0.004070
0 0.701368 0.319534 0.010959 0.069531 0.006693
0 0.721621 0.321438 0.012739 0.059851 0.002473
0 0.748184 0.320513 0.013456 0.073041 0.119203
0 0.758531 0.321553 0.014891 0.079193 0.010987
0 0.763056 0.318849 0.014373 0.084318 0.075858
0 0.867766 0.315744 0.026124 0.181435 0.006693
0 0.868894 0.316040 0.026482 0.180667 0.119203
0 0.875978 0.307546 0.034141 0.193866 0.001501
0 0.906111 0.263433 0.048662 0.284309 0.004070
0 0.906304 0.263550 0.046878 0.288275 0.002473
0 0.907646 0.267772 0.049000 0.297658 0.002473
0 0.946931 0.329020 0.019101 0.124416 0.001501
0 0.963146 0.336400 0.020785 0.132940 0.002473
0 0.966125 0.339547 0.018063 0.138008 0.010987
0 0.992518 0.334636 0.015039 0.190985 0.001501
0 0.170281 0.339462 0.012528 0.080874 0.075858
0 0.255495 0.330870 0.011012 0.063712 0.047426
0 0.271686 0.331124 0.012707 0.060574 0.002473
0 0.278464 0.331672 0.010177 0.055339 0.004070
0 0.318045 0.325374 0.042020 0.187751 0.500000
0 0.318634 0.325408 0.037797 0.187566 0.029312
0 0.348717 0.317179 0.016948 0.088517 0.006693
0 0.352215 0.316622 0.012670 0.080616 0.119203
0 0.429560 0.315263 0.028459 0.144182 0.500000
0 0.430178 0.317848 0.029521 0.145990 0.731059
0 0.453504 0.314789 0.033256 0.152311 0.119203
0 0.455210 0.315171 0.029799 0.156012 0.622459
0 0.487228 0.325270 0.028860 0.175691 0.377541
0 0.488182 0.325532 0.027131 0.176203 0.500000
0 0.513988 0.335572 0.032257 0.205288 0.002473
0 0.549764 0.313718 0.050380 0.276994 0.004070
0 0.571553 0.310799 0.027395 0.183742 0.006693
0 0.583297 0.309369 0.019768 0.179399 0.500000
0 0.590552 0.315519 0.029941 0.174907 0.047426
0 0.603248 0.310517 0.012765 0.080793 0.010987
0 0.671507 0.317572 0.010084 0.053148 0.002473
0 0.697900 0.322847 0.012897 0.071824 0.002473
0 0.701503 0.320659 0.011410 0.069486 0.006693
0 0.748175 0.321621 0.013473 0.075116 0.075858
0 0.760112 0.321041 0.014711 0.082886 0.017986
0 0.763128 0.319978 0.014229 0.082357 0.047426
0 0.821238 0.286510 0.023603 0.188466 0.001501
0 0.821435 0.282507 0.024322 0.201264 0.001501
0 0.869195 0.315638 0.030496 0.179664 0.047426
0 0.869636 0.315645 0.029332 0.179412 0.119203
0 0.874796 0.316227 0.039731 0.179918 0.001501
0 0.904240 0.262253 0.057218 0.288037 0.001501
0 0.906512 0.277377 0.053661 0.319233 0.006693
0 0.907843 0.281292 0.051490 0.326680 0.001501
0 0.948495 0.330114 0.022646 0.130161 0.001501
0 0.962275 0.336797 0.025561 0.134146 0.002473
0 0.966085 0.339134 0.017989 0.137495 0.017986
0 0.993712 0.353129 0.012620 0.153184 0.006693
0 0.170962 0.338347 0.011205 0.078761 0.075858
0 0.254723 0.332213 0.012545 0.062379 0.075858
0 0.271740 0.331009 0.012762 0.063004 0.002473
0 0.279794 0.332154 0.009674 0.057607 0.002473
0 0.316490 0.323505 0.041689 0.186347 0.377541
0 0.317919 0.322740 0.039205 0.193024 0.622459
0 0.317862 0.323985 0.039310 0.185426 0.817575
0 0.349183 0.318085 0.017639 0.082642 0.006693
0 0.352755 0.318222 0.013726 0.081748 0.119203
0 0.429569 0.317958 0.028444 0.141952 0.377541
0 0.430160 0.316942 0.029505 0.143898 0.731059
0 0.454139 0.314921 0.030873 0.156564 0.377541
0 0.454572 0.314870 0.030914 0.156532 0.622459
0 0.455479 0.320402 0.029628 0.142097 0.017986
0 0.488136 0.324958 0.026943 0.177420 0.268941
0 0.488684 0.324959 0.025851 0.177319 0.500000
0 0.506194 0.343321 0.037432 0.168590 0.002473
0 0.515228 0.329888 0.042980 0.235798 0.006693
0 0.563874 0.304955 0.030071 0.218069 0.010987
0 0.582462 0.310004 0.020845 0.182371 0.377541
0 0.590403 0.311872 0.033393 0.188284 0.075858
0 0.597986 0.319506 0.023288 0.120662 0.017986
0 0.654052 0.330197 0.011230 0.067222 0.001501
0 0.672202 0.322724 0.011475 0.070173 0.004070
0 0.698410 0.323596 0.013924 0.078083 0.004070
0 0.701384 0.325708 0.012775 0.083262 0.006693
0 0.748180 0.321276 0.013453 0.075709 0.075858
0 0.761948 0.320617 0.014386 0.083464 0.029312
0 0.763059 0.319613 0.014367 0.079066 0.029312
0 0.820705 0.289450 0.024668 0.177514 0.002473
0 0.821294 0.291376 0.024555 0.180273 0.001501
0 0.869183 0.319042 0.030503 0.175675 0.119203
0 0.869695 0.318026 0.029452 0.177663 0.268941
0 0.870745 0.319495 0.031057 0.173772 0.029312
0 0.906543 0.295910 0.055700 0.353155 0.017986
0 0.909617 0.301599 0.055552 0.365127 0.006693
0 0.965623 0.338630 0.018899 0.141793 0.010987
0 0.995184 0.358804 0.009677 0.128887 0.006693
0 0.170959 0.339432 0.013925 0.081100 0.119203
0 0.254730 0.333165 0.012556 0.064839 0.006693
0 0.317306 0.324243 0.040568 0.190058 0.622459
0 0.317945 0.322926 0.039128 0.187519 0.622459
0 0.318714 0.324163 0.040657 0.185014 0.731059
0 0.428425 0.320239 0.028876 0.141048 0.500000
0 0.430043 0.320334 0.029244 0.141022 0.731059
0 0.454027 0.314954 0.030383 0.156394 0.500000
0 0.454964 0.314643 0.029036 0.156840 0.622459
0 0.455027 0.313775 0.028709 0.159041 0.006693
0 0.487106 0.325645 0.026149 0.181807 0.268941
0 0.488512 0.325976 0.026193 0.181182 0.268941
0 0.514111 0.327800 0.043626 0.224903 0.010987
0 0.583822 0.314969 0.021330 0.182899 0.377541
0 0.589848 0.316320 0.032900 0.184768 0.075858
0 0.592497 0.320745 0.032113 0.173937 0.075858
0 0.673674 0.326746 0.012961 0.087776 0.001501
0 0.701987 0.332594 0.013148 0.090699 0.002473
0 0.819887 0.287880 0.023928 0.172402 0.001501
0 0.869918 0.316704 0.031978 0.181174 0.268941
0 0.869802 0.317759 0.029403 0.177118 0.500000
0 0.870249 0.318439 0.031660 0.174044 0.119203
0 0.903000 0.315085 0.069806 0.391598 0.047426
0 0.905712 0.314615 0.064135 0.394177 0.010987
0 0.967370 0.339843 0.018489 0.139362 0.004070
0 0.995171 0.356071 0.009685 0.130914 0.010987
0 0.012247 0.386570 0.024526 0.197308 0.004070
0 0.170243 0.340481 0.015575 0.093243 0.006693
0 0.316736 0.324460 0.041706 0.184530 0.622459
0 0.317287 0.322834 0.040447 0.187708 0.622459
0 0.317239 0.322624 0.040590 0.188118 0.731059
0 0.429316 0.320388 0.027921 0.141514 0.182426
0 0.429549 0.320386 0.029612 0.141344 0.377541
0 0.452768 0.313786 0.032268 0.159114 0.268941
0 0.454799 0.314314 0.028662 0.158011 0.268941
0 0.456149 0.312725 0.030166 0.167228 0.001501
0 0.486222 0.324648 0.031026 0.184306 0.075858
0 0.488172 0.328776 0.032383 0.185748 0.182426
0 0.523285 0.332707 0.060950 0.244832 0.004070
0 0.537323 0.315330 0.087884 0.291303 0.731059
0 0.536935 0.315121 0.087583 0.291652 0.731059
0 0.537800 0.316551 0.087002 0.293409 0.817575
0 0.588885 0.315507 0.031597 0.186274 0.268941
0 0.590074 0.317037 0.036326 0.184484 0.119203
0 0.591179 0.321491 0.036982 0.172944 0.182426
0 0.869640 0.319402 0.029856 0.177123 0.119203
0 0.869336 0.319229 0.030357 0.174269 0.377541
0 0.870249 0.319882 0.031576 0.171971 0.075858
0 0.901284 0.318274 0.065346 0.383859 0.047426
0 0.900977 0.316674 0.067530 0.390542 0.047426
0 0.901482 0.316968 0.069921 0.390784 0.075858
0 0.968750 0.338529 0.018748 0.142518 0.004070
0 0.994495 0.350911 0.011049 0.140807 0.010987
0 0.013259 0.381370 0.026686 0.199632 0.004070
0 0.013126 0.385585 0.026977 0.186102 0.002473
0 0.485626 0.321330 0.035360 0.196280 0.002473
0 0.537268 0.318156 0.087782 0.286198 0.377541
0 0.537621 0.315259 0.088454 0.291510 0.622459
0 0.537052 0.315013 0.087394 0.296494 0.817575
0 0.537254 0.317636 0.087023 0.291517 0.817575
0 0.538495 0.319488 0.084511 0.288565 0.047426
0 0.589311 0.311916 0.036416 0.201337 0.017986
0 0.591306 0.322590 0.039139 0.178829 0.017986
0 0.591875 0.320607 0.038438 0.187370 0.006693
0 0.869316 0.321796 0.030547 0.177500 0.029312
0 0.899370 0.317431 0.070090 0.390709 0.075858
0 0.900894 0.314867 0.070486 0.392255 0.047426
0 0.900791 0.315643 0.074145 0.391092 0.075858
0 0.968228 0.338212 0.017422 0.143852 0.001501
0 0.994481 0.346309 0.011076 0.152849 0.006693
0 0.013243 0.383733 0.026631 0.198669 0.006693
0 0.013794 0.383906 0.025515 0.192286 0.006693
0 0.538112 0.317899 0.088011 0.291290 0.731059
0 0.538200 0.318626 0.088926 0.289752 0.817575
0 0.537805 0.317834 0.087015 0.291046 0.880797
0 0.563665 0.323215 0.046095 0.280878 0.004070
0 0.897974 0.317039 0.073626 0.385953 0.075858
0 0.900694 0.315472 0.070739 0.379035 0.029312
0 0.900774 0.315283 0.070651 0.383133 0.075858
0 0.013216 0.385920 0.026714 0.188999 0.004070
0 0.013239 0.385624 0.026644 0.188472 0.006693
0 0.560792 0.340024 0.052581 0.246697 0.006693
0 0.012491 0.395943 0.028161 0.163217 0.002473
0 0.014651 0.394480 0.026538 0.176615 0.001501
1 0.462190 0.311178 0.023503 0.058336 0.029312
1 0.499432 0.324210 0.030540 0.046747 0.004070
1 0.009850 0.344772 0.019789 0.093831 0.001501
1 0.040669 0.338059 0.081779 0.089228 0.001501
1 0.044003 0.347810 0.089455 0.078564 0.002473
1 0.047137 0.354491 0.085480 0.066916 0.002473
1 0.049087 0.358600 0.084047 0.064068 0.002473
1 0.455479 0.320402 0.029628 0.142097 0.001501
1 0.013555 0.351744 0.029376 0.062103 0.001501
1 0.045892 0.355248 0.087382 0.068553 0.004070
1 0.049737 0.355960 0.081326 0.064685 0.002473
1 0.052216 0.359588 0.079241 0.062463 0.002473
2 0.012957 0.326392 0.029178 0.153453 0.002473
2 0.020256 0.324830 0.038210 0.136968 0.002473
2 0.015156 0.335883 0.033555 0.113687 0.006693
2 0.022323 0.333782 0.045155 0.107538 0.004070
2 0.033665 0.334776 0.072414 0.103993 0.001501
2 0.395836 0.312379 0.022755 0.036570 0.029312
2 0.398546 0.312262 0.028345 0.036827 0.001501
2 0.014283 0.336752 0.031936 0.112822 0.002473
2 0.038178 0.333070 0.077080 0.107895 0.004070
2 0.043250 0.334103 0.094849 0.104285 0.002473
2 0.395908 0.320315 0.022775 0.026208 0.047426
2 0.399393 0.318920 0.026701 0.029352 0.006693
2 0.040669 0.338059 0.081779 0.089228 0.004070
2 0.044003 0.347810 0.089455 0.078564 0.002473
