0 0.480010 0.309774 0.018069 0.064817 0.029312
0 0.439646 0.317068 0.010109 0.037845 0.029312
0 0.477957 0.312170 0.019618 0.047443 0.002473
0 0.480031 0.312936 0.018026 0.057136 0.377541
0 0.439918 0.318197 0.010679 0.035642 0.029312
0 0.480565 0.310575 0.016970 0.055695 0.377541
0 0.480022 0.313787 0.018045 0.063234 0.010987
1 0.178302 0.299490 0.043601 0.047659 0.001501
1 0.177216 0.299491 0.042656 0.052056 0.001501
1 0.287818 0.336608 0.157458 0.159943 0.817575
1 0.288467 0.335335 0.156156 0.157396 0.817575
1 0.385249 0.320882 0.048670 0.071703 0.817575
1 0.385248 0.319602 0.048676 0.069156 0.731059
1 0.385191 0.320878 0.048770 0.071686 0.817575
1 0.287459 0.336661 0.158279 0.159879 0.817575
1 0.288316 0.335409 0.156398 0.157440 0.817575
1 0.288688 0.334530 0.153490 0.159199 0.880797
1 0.289108 0.336663 0.152642 0.159872 0.880797
1 0.385258 0.319578 0.048687 0.069223 0.817575
1 0.385264 0.319595 0.048655 0.069196 0.880797
1 0.385925 0.320861 0.050033 0.071725 0.880797
1 0.385258 0.321712 0.048723 0.070165 0.731059
1 0.452789 0.318077 0.020102 0.020923 0.119203
1 0.471288 0.319049 0.012290 0.028741 0.002473
1 0.496646 0.314891 0.016543 0.024687 0.001501
1 0.512958 0.320478 0.018069 0.016207 0.075858
1 0.513531 0.320507 0.017245 0.016146 0.075858
1 0.528313 0.319491 0.022867 0.014925 0.001501
1 0.285910 0.336718 0.161371 0.159975 0.880797
1 0.287738 0.336073 0.155445 0.156137 0.731059
1 0.287862 0.337316 0.152468 0.158689 0.880797
1 0.289626 0.336060 0.153770 0.156159 0.880797
1 0.385239 0.319575 0.048711 0.069266 0.731059
1 0.385282 0.319578 0.048628 0.069233 0.817575
1 0.385234 0.319575 0.048714 0.069220 0.880797
1 0.835931 0.426184 0.328184 0.367835 0.817575
1 0.835255 0.425808 0.329595 0.367044 0.880797
1 0.836623 0.425909 0.333034 0.367208 0.851953
1 0.834411 0.426372 0.330697 0.363887 0.777300
1 0.835218 0.425514 0.329611 0.366448 0.817575
1 0.834606 0.426088 0.330910 0.367416 0.817575
1 0.835204 0.425488 0.332853 0.366265 0.880797
1 0.835144 0.424490 0.329748 0.368216 0.851953
1 0.833992 0.426918 0.332110 0.368701 0.851953
1 0.835158 0.428360 0.332956 0.371495 0.817575
