0 0.757297 0.305931 0.022568 0.182369 0.004070
0 0.717408 0.299563 0.018532 0.127766 0.182426
0 0.733145 0.302409 0.021472 0.141962 0.006693
0 0.744301 0.301779 0.021401 0.156416 0.029312
0 0.755657 0.298084 0.024048 0.159468 0.119203
0 0.663649 0.297904 0.016719 0.096335 0.017986
0 0.664901 0.299747 0.014434 0.094639 0.119203
0 0.714391 0.302659 0.018190 0.124919 0.047426
0 0.715806 0.302215 0.018436 0.125450 0.500000
0 0.735591 0.303356 0.021506 0.133021 0.017986
0 0.740561 0.299330 0.023892 0.145824 0.029312
0 0.755171 0.296736 0.023371 0.156301 0.377541
0 0.579826 0.301355 0.015504 0.062187 0.002473
0 0.642240 0.304687 0.015567 0.062874 0.004070
0 0.663164 0.300469 0.015765 0.100857 0.006693
0 0.664904 0.300561 0.014438 0.101243 0.119203
0 0.715170 0.302389 0.019742 0.124399 0.047426
0 0.715154 0.302524 0.016662 0.124136 0.622459
0 0.736734 0.307915 0.020429 0.124033 0.182426
0 0.738295 0.304704 0.023519 0.140223 0.119203
0 0.754806 0.293194 0.021606 0.147075 0.377541
0 0.757205 0.293292 0.026135 0.144376 0.001501
0 0.306204 0.307830 0.012852 0.038809 0.004070
0 0.318658 0.321011 0.009882 0.045629 0.001501
0 0.553496 0.317551 0.010092 0.042344 0.017986
0 0.578376 0.310475 0.012653 0.045904 0.002473
0 0.643717 0.306074 0.012673 0.060610 0.002473
0 0.663682 0.300638 0.016921 0.096862 0.002473
0 0.665257 0.299571 0.013738 0.099264 0.075858
0 0.715153 0.302850 0.019747 0.124713 0.047426
0 0.715921 0.302390 0.018197 0.124409 0.731059
0 0.736732 0.307398 0.020466 0.129919 0.182426
0 0.737475 0.302882 0.019313 0.134617 0.182426
0 0.755054 0.294795 0.023107 0.150244 0.500000
0 0.757220 0.292157 0.024987 0.146933 0.006693
0 0.319436 0.329568 0.008100 0.034383 0.029312
0 0.554267 0.318435 0.008622 0.043889 0.017986
0 0.578253 0.317254 0.012824 0.037615 0.002473
0 0.642943 0.305729 0.014209 0.061698 0.002473
0 0.663382 0.300939 0.017388 0.100453 0.002473
0 0.665213 0.300683 0.013820 0.101626 0.075858
0 0.715152 0.302554 0.019768 0.124067 0.029312
0 0.716688 0.302836 0.019728 0.123499 0.731059
0 0.736725 0.307783 0.020452 0.129380 0.182426
0 0.736763 0.303456 0.020739 0.133441 0.268941
0 0.754393 0.295152 0.022259 0.149760 0.500000
0 0.756896 0.293060 0.026828 0.147970 0.006693
0 0.319438 0.332142 0.008137 0.039517 0.006693
0 0.663412 0.303221 0.017391 0.097152 0.001501
0 0.665500 0.302660 0.015986 0.097987 0.017986
0 0.715183 0.303420 0.019780 0.123106 0.029312
0 0.716093 0.302954 0.017901 0.123743 0.622459
0 0.737323 0.304459 0.018966 0.135976 0.268941
0 0.736687 0.301272 0.020900 0.142320 0.268941
0 0.754389 0.296501 0.022097 0.147044 0.377541
0 0.757309 0.292642 0.025970 0.146268 0.001501
0 0.716049 0.303563 0.018162 0.125228 0.075858
0 0.736781 0.301758 0.017839 0.141483 0.268941
0 0.736786 0.300859 0.020786 0.143271 0.182426
0 0.754553 0.295795 0.023943 0.148881 0.377541
1 0.518086 0.322896 0.041987 0.057426 0.880797
1 0.518064 0.322871 0.041956 0.057446 0.817575
1 0.518048 0.320487 0.042011 0.057690 0.817575
1 0.274825 0.346144 0.087151 0.057735 0.731059
1 0.274719 0.346119 0.088115 0.057802 0.731059
1 0.275054 0.346141 0.087518 0.057765 0.002473
1 0.347211 0.333331 0.052533 0.041681 0.817575
1 0.347228 0.333331 0.052479 0.041698 0.880797
1 0.347752 0.330779 0.051421 0.041685 0.817575
1 0.347201 0.332056 0.052552 0.039127 0.817575
1 0.391333 0.329963 0.035838 0.034987 0.622459
1 0.393055 0.329299 0.041944 0.033684 0.377541
1 0.397086 0.328242 0.036709 0.031518 0.500000
1 0.423178 0.327740 0.018459 0.020932 0.268941
1 0.424546 0.328651 0.017990 0.019089 0.182426
1 0.518077 0.322910 0.041969 0.057439 0.817575
1 0.518072 0.321781 0.041952 0.055146 0.817575
1 0.518067 0.321608 0.042003 0.059969 0.817575
1 0.013272 0.378072 0.026632 0.134923 0.500000
1 0.013298 0.378742 0.026633 0.136362 0.731059
1 0.147243 0.368557 0.130541 0.096258 0.817575
1 0.146289 0.369838 0.129371 0.098774 0.817575
1 0.274528 0.348322 0.086625 0.058520 0.817575
1 0.275063 0.346146 0.086934 0.057745 0.817575
1 0.274634 0.348330 0.087547 0.058497 0.880797
1 0.274564 0.346170 0.087716 0.057759 0.817575
1 0.347728 0.332037 0.051501 0.039189 0.880797
1 0.347219 0.333324 0.052523 0.041731 0.817575
1 0.347727 0.332047 0.051484 0.039173 0.880797
1 0.348510 0.333326 0.053021 0.041729 0.817575
1 0.390453 0.330643 0.036766 0.031242 0.622459
1 0.392018 0.330011 0.039922 0.035129 0.500000
1 0.395251 0.329874 0.040317 0.029771 0.268941
1 0.518077 0.322918 0.041971 0.057459 0.731059
1 0.518069 0.322919 0.041958 0.057430 0.731059
1 0.518052 0.321653 0.042023 0.059963 0.880797
1 0.013281 0.378500 0.026707 0.128767 0.622459
1 0.013966 0.377393 0.027957 0.130987 0.622459
1 0.148013 0.370336 0.132121 0.102354 0.924142
1 0.147242 0.370316 0.130532 0.102349 0.924142
1 0.146566 0.370981 0.128815 0.101006 0.924142
1 0.146860 0.370328 0.131259 0.102356 0.880797
1 0.274346 0.347454 0.086955 0.060311 0.817575
1 0.274829 0.347447 0.087144 0.060279 0.817575
1 0.274822 0.346188 0.087182 0.057738 0.817575
1 0.274485 0.347452 0.087546 0.060272 0.880797
1 0.013254 0.376905 0.026640 0.131644 0.500000
1 0.013280 0.378079 0.026564 0.129172 0.622459
1 0.147297 0.369243 0.130494 0.100013 0.924142
1 0.147244 0.369211 0.130537 0.100039 0.924142
1 0.146566 0.369878 0.128814 0.098736 0.952574
1 0.147148 0.369900 0.130719 0.098693 0.924142
1 0.013268 0.377955 0.026607 0.129231 0.500000
1 0.013292 0.380087 0.026573 0.125210 0.622459
1 0.013263 0.379718 0.026570 0.125874 0.500000
1 0.014071 0.378265 0.025080 0.124512 0.500000
