1 0.484162 0.329984 0.053618 0.071630 0.731059
1 0.484174 0.331251 0.053534 0.069613 0.731059
1 0.603056 0.309883 0.029633 0.018782 0.006693
1 0.609198 0.309480 0.021019 0.019810 0.002473
1 0.223534 0.346302 0.077986 0.062606 0.377541
1 0.224098 0.347415 0.076814 0.064861 0.731059
1 0.223998 0.347447 0.077081 0.064954 0.731059
1 0.267682 0.338605 0.036529 0.036377 0.622459
1 0.268479 0.339038 0.038032 0.035422 0.622459
1 0.267005 0.338576 0.037992 0.036378 0.622459
1 0.450577 0.321599 0.020513 0.029503 0.001501
1 0.484158 0.331120 0.053615 0.073910 0.817575
1 0.483559 0.330475 0.052104 0.072521 0.817575
1 0.484564 0.331014 0.052789 0.073646 0.731059
1 0.484645 0.330160 0.052678 0.072022 0.817575
1 0.567328 0.315118 0.015619 0.018791 0.004070
1 0.043740 0.368308 0.084474 0.075124 0.817575
1 0.042962 0.367175 0.089094 0.077389 0.731059
1 0.043726 0.368485 0.087689 0.075522 0.880797
1 0.169348 0.354101 0.053165 0.051902 0.119203
1 0.168984 0.353049 0.053190 0.049170 0.731059
1 0.168761 0.352124 0.052852 0.050922 0.731059
1 0.168813 0.352129 0.051860 0.050877 0.817575
1 0.202697 0.350835 0.118731 0.058018 0.017986
1 0.223215 0.347454 0.078565 0.060263 0.731059
1 0.224190 0.347436 0.076630 0.060299 0.731059
1 0.224152 0.347455 0.076753 0.060362 0.817575
1 0.224251 0.348585 0.073694 0.062598 0.731059
1 0.266908 0.337778 0.038059 0.032841 0.622459
1 0.267852 0.339103 0.036259 0.035322 0.622459
1 0.267040 0.339090 0.037922 0.035362 0.622459
1 0.483960 0.332178 0.054012 0.071376 0.622459
1 0.484239 0.331617 0.053447 0.070281 0.731059
1 0.484640 0.331622 0.052646 0.070265 0.817575
1 0.484638 0.332211 0.052692 0.071486 0.817575
1 0.945918 0.373913 0.105182 0.168354 0.500000
1 0.946723 0.371774 0.106701 0.175967 0.500000
1 0.946341 0.369323 0.107498 0.181745 0.377541
1 0.043746 0.366748 0.087493 0.076617 0.817575
1 0.042978 0.366759 0.085992 0.076583 0.880797
1 0.043738 0.367172 0.087538 0.077414 0.880797
1 0.043753 0.368290 0.087527 0.075179 0.880797
1 0.168846 0.354016 0.053221 0.051939 0.075858
1 0.168934 0.352120 0.053256 0.051071 0.817575
1 0.168765 0.352980 0.052920 0.049198 0.731059
1 0.168541 0.352070 0.052401 0.050980 0.731059
1 0.223828 0.348574 0.077389 0.062529 0.622459
1 0.223437 0.347450 0.075087 0.060259 0.731059
1 0.224937 0.347452 0.075153 0.064838 0.731059
1 0.224261 0.348613 0.073502 0.062554 0.119203
1 0.946219 0.374650 0.107276 0.161896 0.500000
1 0.945932 0.376078 0.105189 0.161174 0.500000
1 0.946447 0.372240 0.107219 0.169106 0.500000
1 0.945484 0.372524 0.106032 0.177995 0.500000
1 0.043718 0.368179 0.087425 0.074949 0.006693
1 0.043743 0.368073 0.087461 0.074675 0.817575
1 0.044510 0.367822 0.085987 0.074170 0.880797
1 0.043746 0.368107 0.087537 0.074810 0.880797
1 0.946692 0.377231 0.106703 0.164741 0.377541
1 0.945992 0.375596 0.105233 0.170461 0.377541
1 0.945954 0.374719 0.108296 0.177157 0.377541
2 0.693631 0.294897 0.148664 0.137364 0.622459
2 0.693245 0.294526 0.147210 0.136295 0.817575
2 0.692813 0.296348 0.146302 0.135217 0.924142
2 0.692950 0.295622 0.145860 0.134188 0.268941
2 0.694241 0.295216 0.150256 0.137591 0.880797
2 0.695047 0.295359 0.149197 0.137719 0.880797
2 0.693868 0.295548 0.147972 0.138118 0.924142
2 0.694400 0.296477 0.147759 0.135093 0.010987
2 0.694883 0.294994 0.151552 0.137304 0.880797
2 0.695406 0.294337 0.151067 0.140571 0.817575
2 0.694773 0.294684 0.149784 0.141063 0.880797
2 0.694972 0.297291 0.148866 0.136586 0.006693
2 0.695767 0.296333 0.150651 0.135391 0.017986
2 0.043746 0.366748 0.087493 0.076617 0.002473
2 0.043743 0.368073 0.087461 0.074675 0.001501
2 0.043746 0.368107 0.087537 0.074810 0.001501
