1 0.482860 0.323738 0.031238 0.046587 0.047426
1 0.482947 0.322425 0.031011 0.043884 0.075858
1 0.482706 0.322121 0.031588 0.043301 0.119203
1 0.297354 0.334885 0.038968 0.028934 0.500000
1 0.296569 0.334885 0.040043 0.028920 0.377541
1 0.296708 0.334888 0.037634 0.028925 0.500000
1 0.329802 0.330261 0.031566 0.019689 0.377541
1 0.330070 0.330893 0.031782 0.020931 0.377541
1 0.330826 0.330888 0.030460 0.020970 0.268941
1 0.377158 0.324173 0.015224 0.018558 0.004070
1 0.434884 0.318201 0.014027 0.011430 0.004070
1 0.449664 0.318212 0.016921 0.017175 0.004070
1 0.453403 0.319211 0.015275 0.018846 0.004070
1 0.482453 0.325614 0.032023 0.043584 0.500000
1 0.482525 0.325186 0.031888 0.044372 0.622459
1 0.482539 0.324152 0.031889 0.043688 0.622459
1 0.140520 0.356675 0.080997 0.056348 0.731059
1 0.139932 0.356965 0.079931 0.056941 0.817575
1 0.140317 0.356355 0.077577 0.059364 0.817575
1 0.139571 0.357260 0.079249 0.057606 0.817575
1 0.139747 0.356162 0.080228 0.055529 0.622459
1 0.223603 0.345451 0.061616 0.040404 0.017986
1 0.224930 0.345264 0.062645 0.041660 0.880797
1 0.224887 0.344976 0.062275 0.041040 0.880797
1 0.224929 0.344950 0.062359 0.040986 0.880797
1 0.224889 0.345392 0.062283 0.040099 0.880797
1 0.225010 0.345296 0.063714 0.040730 0.075858
1 0.296090 0.335017 0.039169 0.028747 0.500000
1 0.296070 0.336574 0.039028 0.030137 0.500000
1 0.296033 0.334312 0.038994 0.030121 0.622459
1 0.329632 0.332903 0.031347 0.023003 0.010987
1 0.329287 0.332422 0.033392 0.023418 0.001501
1 0.481900 0.326213 0.033090 0.046364 0.377541
1 0.482524 0.326212 0.031899 0.046328 0.377541
1 0.481371 0.325035 0.034232 0.045191 0.500000
1 0.140551 0.356871 0.081244 0.057365 0.002473
1 0.140513 0.356065 0.081014 0.058872 0.817575
1 0.139982 0.356375 0.080007 0.059434 0.731059
1 0.140681 0.357279 0.078327 0.057631 0.880797
1 0.139936 0.356990 0.079935 0.057057 0.880797
1 0.139798 0.356230 0.080121 0.055716 0.622459
1 0.223783 0.346538 0.061261 0.041567 0.047426
1 0.225002 0.345294 0.062509 0.041765 0.500000
1 0.224999 0.345716 0.062502 0.040913 0.731059
1 0.225002 0.345717 0.062507 0.040912 0.731059
1 0.224716 0.345376 0.061942 0.040408 0.731059
1 0.225535 0.345544 0.063458 0.043399 0.047426
1 0.959710 0.385503 0.077759 0.141454 0.182426
1 0.961004 0.385556 0.078064 0.141155 0.731059
1 0.959657 0.386761 0.077668 0.139178 0.622459
1 0.960923 0.387137 0.078259 0.146596 0.731059
1 0.140164 0.358196 0.080365 0.059591 0.010987
1 0.139263 0.357312 0.081677 0.061325 0.029312
1 0.960472 0.387504 0.079256 0.141047 0.731059
1 0.960459 0.385540 0.079146 0.141063 0.622459
1 0.960966 0.386392 0.078110 0.142715 0.622459
1 0.961683 0.384997 0.079828 0.141196 0.731059
1 0.960965 0.388476 0.078176 0.147272 0.622459
1 0.960900 0.386715 0.078243 0.143691 0.731059
1 0.960932 0.386116 0.078323 0.150286 0.268941
2 0.482947 0.322425 0.031011 0.043884 0.002473
2 0.482706 0.322121 0.031588 0.043301 0.004070
2 0.587469 0.315733 0.046963 0.035107 0.017986
2 0.589483 0.313580 0.053767 0.034283 0.017986
2 0.591987 0.312456 0.055859 0.032124 0.010987
2 0.592109 0.313437 0.059270 0.034580 0.017986
2 0.593602 0.312057 0.060072 0.032821 0.002473
2 0.584904 0.315562 0.044993 0.030630 0.004070
2 0.588736 0.314770 0.052374 0.032128 0.010987
2 0.592614 0.314782 0.060182 0.032101 0.010987
2 0.592704 0.316886 0.058524 0.027906 0.001501
