0 0.057059 0.364623 0.011143 0.072919 0.001501
0 0.042613 0.381789 0.007201 0.047749 0.002473
0 0.057711 0.374897 0.009670 0.052651 0.001501
0 0.064617 0.378895 0.011273 0.047871 0.001501
0 0.015160 0.389058 0.008421 0.041678 0.010987
0 0.041358 0.387160 0.007785 0.038989 0.006693
0 0.058313 0.378131 0.008766 0.049241 0.001501
0 0.015330 0.389874 0.008782 0.044029 0.004070
0 0.041863 0.386657 0.005723 0.042367 0.004070
1 0.289435 0.335965 0.039766 0.031205 0.001501
1 0.298499 0.333159 0.028271 0.025501 0.004070
1 0.311803 0.330393 0.024999 0.022736 0.001501
1 0.409426 0.324220 0.018908 0.018386 0.017986
1 0.416050 0.326665 0.018100 0.023291 0.047426
1 0.443140 0.329620 0.030585 0.039382 0.622459
1 0.443707 0.329604 0.029413 0.039388 0.731059
1 0.443270 0.328485 0.030546 0.041647 0.622459
1 0.167305 0.361591 0.065459 0.046921 0.817575
1 0.168740 0.360447 0.065579 0.049202 0.817575
1 0.167969 0.360626 0.064077 0.049594 0.880797
1 0.167970 0.360642 0.064072 0.049570 0.817575
1 0.167211 0.360634 0.062610 0.049589 0.817575
1 0.229731 0.350803 0.048865 0.034959 0.119203
1 0.229988 0.349570 0.048218 0.037601 0.817575
1 0.230473 0.350175 0.048732 0.033716 0.817575
1 0.229968 0.348901 0.048175 0.036261 0.880797
1 0.284211 0.342478 0.035526 0.023483 0.622459
1 0.284797 0.343761 0.036614 0.026011 0.622459
1 0.284464 0.342483 0.038059 0.023455 0.377541
1 0.292389 0.337921 0.037408 0.019312 0.010987
1 0.307521 0.336837 0.024420 0.021720 0.010987
1 0.428090 0.330926 0.028441 0.031414 0.001501
1 0.443143 0.329627 0.030556 0.039502 0.500000
1 0.442811 0.328723 0.029780 0.037683 0.622459
1 0.443247 0.327588 0.030578 0.039969 0.622459
1 0.890828 0.358103 0.115239 0.107776 0.268941
1 0.890295 0.355504 0.116300 0.111596 0.377541
1 0.889332 0.356084 0.115095 0.115822 0.377541
1 0.167960 0.360517 0.064080 0.049360 0.731059
1 0.167976 0.360465 0.064051 0.049197 0.817575
1 0.166523 0.360654 0.063872 0.049620 0.817575
1 0.167986 0.360950 0.064099 0.050197 0.880797
1 0.167991 0.361583 0.064074 0.047024 0.880797
1 0.229903 0.350884 0.048502 0.035170 0.119203
1 0.230054 0.350192 0.048067 0.033788 0.817575
1 0.229918 0.348917 0.048254 0.036322 0.817575
1 0.230024 0.350190 0.048008 0.033791 0.880797
1 0.232430 0.351042 0.052572 0.036031 0.001501
1 0.889999 0.360986 0.114986 0.102129 0.182426
1 0.890705 0.358426 0.114884 0.107631 0.182426
1 0.889957 0.359800 0.114017 0.104578 0.182426
1 0.889997 0.359588 0.116403 0.109521 0.377541
1 0.890036 0.362478 0.113510 0.101735 0.182426
1 0.889407 0.360709 0.114507 0.104015 0.182426
1 0.889831 0.357821 0.117172 0.110668 0.268941
2 0.527310 0.313777 0.044049 0.039168 0.268941
2 0.530365 0.313769 0.048973 0.039150 0.731059
2 0.530093 0.312499 0.048865 0.041692 0.622459
2 0.530692 0.312489 0.049345 0.036605 0.731059
2 0.531556 0.313585 0.052453 0.044958 0.029312
2 0.527483 0.313834 0.043684 0.039099 0.268941
2 0.529919 0.313772 0.048256 0.039208 0.817575
2 0.530195 0.313748 0.049361 0.039218 0.622459
2 0.530513 0.313767 0.049723 0.044295 0.731059
2 0.532091 0.315321 0.051381 0.041370 0.047426
2 0.284464 0.342483 0.038059 0.023455 0.001501
3 0.531556 0.313585 0.052453 0.044958 0.001501
3 0.530513 0.313767 0.049723 0.044295 0.001501
3 0.532091 0.315321 0.051381 0.041370 0.004070
