0 0.011802 0.277753 0.020581 0.316252 0.001501
0 0.010678 0.305337 0.021406 0.254199 0.002473
0 0.013150 0.306473 0.026311 0.253564 0.001501
0 0.674028 0.283654 0.018432 0.109311 0.002473
0 0.010731 0.323341 0.021512 0.256720 0.001501
0 0.670598 0.285793 0.031056 0.113719 0.002473
0 0.009860 0.338207 0.022851 0.304721 0.001501
0 0.010678 0.346515 0.021412 0.319252 0.002473
0 0.021464 0.349412 0.039903 0.313515 0.001501
0 0.011608 0.352512 0.023265 0.323757 0.004070
0 0.011985 0.363711 0.024020 0.320400 0.002473
0 0.011882 0.367485 0.023813 0.309527 0.006693
0 0.020166 0.373295 0.040334 0.291521 0.004070
0 0.016351 0.363625 0.032731 0.311419 0.006693
0 0.018742 0.366900 0.037496 0.300780 0.010987
0 0.022451 0.378472 0.044998 0.276032 0.001501
0 0.016857 0.351869 0.033747 0.335678 0.006693
0 0.017854 0.354529 0.035722 0.321369 0.010987
0 0.019680 0.367175 0.039467 0.292283 0.002473
0 0.017705 0.355950 0.035448 0.340281 0.010987
0 0.017748 0.352084 0.035536 0.334910 0.010987
0 0.019896 0.362304 0.040037 0.312152 0.001501
0 0.016951 0.359215 0.034008 0.338070 0.004070
0 0.017739 0.357828 0.032621 0.335875 0.004070
1 0.401034 0.322611 0.034123 0.042320 0.001501
1 0.410315 0.324140 0.046447 0.046219 0.010987
1 0.412718 0.323920 0.039956 0.046909 0.010987
1 0.417643 0.323395 0.037239 0.047992 0.006693
1 0.556502 0.310827 0.045037 0.062128 0.001501
1 0.394506 0.323658 0.036164 0.038829 0.010987
1 0.400835 0.324458 0.033276 0.041723 0.119203
1 0.408763 0.325264 0.046806 0.041766 0.075858
1 0.413760 0.325874 0.038982 0.043168 0.075858
1 0.417454 0.326426 0.034500 0.042126 0.075858
1 0.490303 0.345680 0.097562 0.149729 0.817575
1 0.490827 0.344423 0.096628 0.147197 0.731059
1 0.490478 0.345464 0.097359 0.144198 0.377541
1 0.540039 0.323109 0.020589 0.037160 0.004070
1 0.545109 0.324370 0.022164 0.037559 0.029312
1 0.560270 0.312770 0.035656 0.060100 0.002473
1 0.834013 0.330093 0.036744 0.077858 0.001501
1 0.021791 0.356648 0.043604 0.310749 0.002473
1 0.392520 0.328546 0.032978 0.044022 0.002473
1 0.404604 0.326827 0.041404 0.045285 0.047426
1 0.411604 0.326413 0.043242 0.042364 0.075858
1 0.416000 0.326441 0.034462 0.042247 0.017986
1 0.418110 0.326273 0.033051 0.042653 0.047426
1 0.490315 0.349297 0.097476 0.151893 0.817575
1 0.490335 0.348848 0.097510 0.156056 0.731059
1 0.490349 0.350267 0.097437 0.153801 0.817575
1 0.490769 0.348088 0.096605 0.154525 0.880797
1 0.546594 0.324585 0.018426 0.040390 0.004070
1 0.838447 0.329973 0.030920 0.078180 0.001501
1 0.011985 0.363711 0.024020 0.320400 0.001501
1 0.021711 0.369408 0.043426 0.307229 0.006693
1 0.028386 0.379578 0.056920 0.250427 0.002473
1 0.489794 0.353333 0.098636 0.155421 0.182426
1 0.490331 0.352794 0.097504 0.158839 0.731059
1 0.490294 0.354997 0.097546 0.163280 0.817575
1 0.491105 0.353141 0.098650 0.159543 0.880797
1 0.011882 0.367485 0.023813 0.309527 0.002473
1 0.020166 0.373295 0.040334 0.291521 0.006693
1 0.025095 0.385587 0.050241 0.255290 0.006693
1 0.016351 0.363625 0.032731 0.311419 0.001501
1 0.018742 0.366900 0.037496 0.300780 0.006693
1 0.022451 0.378472 0.044998 0.276032 0.006693
1 0.074813 0.387326 0.071634 0.186204 0.004070
1 0.078911 0.381154 0.079686 0.198143 0.004070
1 0.083251 0.376606 0.088206 0.208767 0.002473
1 0.017854 0.354529 0.035722 0.321369 0.002473
1 0.019680 0.367175 0.039467 0.292283 0.001501
1 0.073648 0.402772 0.068874 0.155509 0.004070
1 0.077529 0.398924 0.073982 0.161949 0.001501
1 0.072366 0.418743 0.062893 0.117744 0.001501
1 0.219544 0.399235 0.357746 0.362559 0.037327
1 0.219236 0.399874 0.358406 0.363728 0.851953
1 0.219271 0.398820 0.358353 0.361738 0.904651
1 0.219841 0.398794 0.357307 0.361574 0.904651
1 0.220509 0.397279 0.362258 0.354524 0.924142
1 0.219213 0.399964 0.358296 0.363178 0.851953
1 0.219586 0.399000 0.357711 0.365704 0.880797
1 0.220342 0.398646 0.356218 0.360564 0.904651
1 0.220799 0.397843 0.361689 0.358384 0.817575
1 0.219846 0.402655 0.357088 0.363578 0.924142
1 0.219771 0.400903 0.357307 0.355876 0.731059
3 0.983070 0.196573 0.034262 0.447322 0.001501
3 0.985162 0.198248 0.029871 0.448588 0.001501
3 0.555483 0.286607 0.054372 0.111503 0.017986
3 0.555322 0.285533 0.053411 0.114190 0.047426
3 0.556518 0.285694 0.051945 0.113868 0.075858
3 0.557810 0.287243 0.056661 0.112703 0.002473
3 0.577280 0.285075 0.103738 0.124139 0.001501
3 0.983393 0.254445 0.030331 0.278251 0.001501
3 0.985560 0.243233 0.029017 0.305513 0.001501
3 0.555521 0.287830 0.051623 0.106238 0.119203
3 0.555325 0.288848 0.050139 0.106801 0.047426
3 0.555780 0.289537 0.049244 0.105429 0.075858
3 0.558206 0.285988 0.052019 0.113759 0.004070
3 0.984835 0.276118 0.030449 0.207214 0.002473
3 0.986551 0.262338 0.027037 0.240005 0.004070
3 0.556619 0.294139 0.048359 0.096201 0.182426
3 0.555964 0.297753 0.046780 0.090104 0.047426
3 0.556676 0.299415 0.046478 0.087530 0.075858
3 0.988124 0.285567 0.024176 0.180457 0.002473
3 0.988354 0.280621 0.023481 0.196929 0.001501
3 0.556502 0.310827 0.045037 0.062128 0.029312
3 0.558928 0.303069 0.040538 0.077653 0.075858
3 0.560330 0.303393 0.037458 0.077000 0.047426
3 0.545109 0.324370 0.022164 0.037559 0.010987
3 0.560270 0.312770 0.035656 0.060100 0.017986
3 0.562572 0.306768 0.032904 0.070290 0.029312
4 0.653879 0.311809 0.071759 0.060439 0.002473
4 0.807013 0.339398 0.035968 0.067916 0.004070
4 0.807533 0.338504 0.038883 0.068060 0.006693
4 0.806158 0.340633 0.038025 0.069202 0.002473
4 0.808131 0.339964 0.040994 0.064612 0.004070
5 0.545109 0.324370 0.022164 0.037559 0.004070
