0 0.343701 0.318737 0.034588 0.054583 0.006693
0 0.339888 0.320077 0.042218 0.051664 0.002473
0 0.402831 0.316773 0.008793 0.044123 0.002473
0 0.350053 0.322172 0.019146 0.050869 0.004070
1 0.983117 0.299511 0.037259 0.120630 0.004070
1 0.983365 0.296689 0.038978 0.094483 0.002473
1 0.981540 0.301187 0.037878 0.100910 0.001501
1 0.981683 0.299084 0.036806 0.108573 0.002473
1 0.331690 0.318499 0.061493 0.054433 0.119203
1 0.331313 0.319226 0.059528 0.055542 0.075858
1 0.330585 0.318610 0.060795 0.054577 0.075858
1 0.332009 0.319946 0.057838 0.051871 0.075858
1 0.343701 0.318737 0.034588 0.054583 0.006693
1 0.496083 0.314466 0.023227 0.027977 0.001501
1 0.496452 0.313965 0.024372 0.028941 0.001501
1 0.541949 0.318482 0.026020 0.034910 0.002473
1 0.542840 0.317408 0.023945 0.031891 0.006693
1 0.609306 0.324461 0.071729 0.049755 0.731059
1 0.608964 0.326035 0.073759 0.051090 0.731059
1 0.983938 0.299002 0.040342 0.103152 0.002473
1 0.981612 0.302585 0.038001 0.110943 0.001501
1 0.984506 0.299638 0.028102 0.114257 0.001501
1 0.331052 0.322948 0.060021 0.047491 0.182426
1 0.330555 0.323384 0.058108 0.045101 0.047426
1 0.331276 0.321973 0.059239 0.046061 0.047426
1 0.331380 0.321822 0.056444 0.046329 0.119203
1 0.339888 0.320077 0.042218 0.051664 0.010987
1 0.494900 0.317005 0.022920 0.023067 0.006693
1 0.496999 0.315990 0.023285 0.025178 0.006693
1 0.541898 0.319709 0.025885 0.032425 0.182426
1 0.542565 0.319738 0.024497 0.032334 0.500000
1 0.556677 0.319216 0.012847 0.018905 0.002473
1 0.570384 0.319172 0.012835 0.018784 0.001501
1 0.610073 0.324929 0.070183 0.048847 0.817575
1 0.608631 0.324926 0.073068 0.048835 0.880797
1 0.609311 0.324936 0.071710 0.048839 0.880797
1 0.609316 0.324506 0.071712 0.049703 0.924142
1 0.981201 0.302896 0.039165 0.122467 0.001501
1 0.330287 0.325625 0.057882 0.047716 0.004070
1 0.330522 0.324750 0.060884 0.045695 0.010987
1 0.331243 0.324070 0.059333 0.047046 0.029312
1 0.332290 0.322649 0.057425 0.047235 0.029312
1 0.609683 0.324493 0.072463 0.049734 0.880797
1 0.609307 0.324939 0.071717 0.048841 0.880797
1 0.609686 0.324949 0.072454 0.048837 0.924142
1 0.610071 0.324074 0.070203 0.046990 0.817575
1 0.845003 0.447566 0.310162 0.426764 0.904651
1 0.846269 0.447094 0.310769 0.427803 0.924142
1 0.845800 0.447183 0.308578 0.426997 0.777300
1 0.845026 0.448648 0.309818 0.425469 0.904651
1 0.845039 0.448791 0.309926 0.425328 0.924142
1 0.846975 0.447413 0.312271 0.428114 0.924142
1 0.845844 0.447321 0.308472 0.428349 0.924142
1 0.844772 0.446825 0.310265 0.429160 0.029312
1 0.844992 0.446368 0.310013 0.425815 0.904651
1 0.845865 0.445803 0.311538 0.426596 0.904651
1 0.846216 0.445619 0.307680 0.427136 0.904651
4 0.330287 0.325625 0.057882 0.047716 0.002473
5 0.339888 0.320077 0.042218 0.051664 0.001501
