0 0.681295 0.293316 0.012647 0.073555 0.004070
0 0.687279 0.295182 0.015949 0.081296 0.002473
0 0.604006 0.304766 0.011391 0.063213 0.001501
0 0.619526 0.306728 0.011001 0.058591 0.119203
0 0.679040 0.295516 0.011208 0.070478 0.006693
0 0.687957 0.298852 0.012780 0.069132 0.006693
0 0.995733 0.336360 0.008562 0.157183 0.002473
0 0.404419 0.323634 0.024382 0.055541 0.004070
0 0.405702 0.324037 0.019409 0.055314 0.268941
0 0.567811 0.313337 0.004870 0.033853 0.002473
0 0.580023 0.313719 0.007072 0.039322 0.002473
0 0.604262 0.310671 0.008592 0.051127 0.006693
0 0.619506 0.307449 0.011016 0.057045 0.268941
0 0.684204 0.302045 0.012646 0.067730 0.006693
0 0.688157 0.308334 0.012377 0.055169 0.006693
0 0.995726 0.339036 0.008575 0.158382 0.006693
0 0.161096 0.351009 0.012694 0.068031 0.001501
0 0.403366 0.326065 0.023889 0.050680 0.002473
0 0.405699 0.326587 0.019445 0.055146 0.268941
0 0.568214 0.313930 0.005665 0.033909 0.001501
0 0.580559 0.318175 0.008185 0.030476 0.001501
0 0.605581 0.309345 0.008118 0.053293 0.010987
0 0.620279 0.307907 0.012525 0.060564 0.268941
0 0.685956 0.302921 0.013977 0.060905 0.004070
0 0.688337 0.307757 0.012731 0.056352 0.004070
0 0.995724 0.340282 0.008589 0.161527 0.004070
0 0.404105 0.326556 0.022620 0.055543 0.004070
0 0.405649 0.325196 0.019515 0.052958 0.268941
0 0.995709 0.335995 0.008620 0.166055 0.004070
1 0.311568 0.335607 0.082838 0.062358 0.010987
1 0.310100 0.335286 0.079818 0.061496 0.817575
1 0.310079 0.335762 0.079844 0.062449 0.924142
1 0.310492 0.336401 0.079026 0.063708 0.880797
1 0.310412 0.336351 0.079187 0.063658 0.880797
1 0.310717 0.334176 0.081680 0.059562 0.004070
1 0.457929 0.326617 0.021744 0.023195 0.182426
1 0.461146 0.325329 0.024989 0.025739 0.047426
1 0.483982 0.324175 0.018391 0.023511 0.075858
1 0.489283 0.321611 0.018704 0.023545 0.010987
1 0.508087 0.324177 0.017236 0.018354 0.006693
1 0.310880 0.335790 0.081390 0.064734 0.010987
1 0.310095 0.335693 0.079810 0.062537 0.880797
1 0.310475 0.336395 0.079051 0.063765 0.880797
1 0.311262 0.336398 0.080563 0.063770 0.924142
1 0.310097 0.336311 0.079866 0.061137 0.924142
1 0.310103 0.336436 0.079875 0.063952 0.731059
1 0.310489 0.336439 0.079080 0.063951 0.817575
4 0.164194 0.355790 0.017804 0.055541 0.001501
4 0.165637 0.356728 0.018835 0.053187 0.006693
4 0.533711 0.339512 0.017691 0.035168 0.004070
4 0.538040 0.336403 0.021108 0.043402 0.001501
4 0.133497 0.360952 0.018025 0.028179 0.001501
4 0.138588 0.359103 0.021121 0.026900 0.001501
4 0.163005 0.358391 0.015422 0.046938 0.004070
4 0.165749 0.358373 0.018560 0.049445 0.017986
4 0.165390 0.358012 0.019487 0.058086 0.004070
5 0.405649 0.325196 0.019515 0.052958 0.002473
5 0.533711 0.339512 0.017691 0.035168 0.002473
5 0.538040 0.336403 0.021108 0.043402 0.004070
