0 0.674985 0.299278 0.021928 0.141121 0.377541
0 0.675027 0.299340 0.021996 0.141377 0.622459
0 0.602764 0.305913 0.011587 0.070987 0.006693
0 0.619535 0.307013 0.011016 0.062864 0.029312
0 0.629795 0.300712 0.009672 0.060240 0.001501
0 0.641518 0.297279 0.011215 0.058318 0.004070
0 0.675676 0.300742 0.020586 0.138538 0.622459
0 0.675008 0.300695 0.021978 0.138610 0.622459
0 0.484892 0.317144 0.017093 0.038211 0.004070
0 0.487899 0.316832 0.014786 0.038315 0.002473
0 0.566852 0.312402 0.005722 0.036628 0.001501
0 0.603100 0.309471 0.009330 0.064378 0.006693
0 0.620189 0.307046 0.009649 0.062487 0.047426
0 0.640538 0.298387 0.009427 0.056086 0.004070
0 0.675764 0.297488 0.023496 0.141680 0.500000
0 0.675680 0.299556 0.020621 0.141050 0.731059
0 0.161799 0.349085 0.014094 0.069481 0.004070
0 0.319446 0.325263 0.008134 0.042318 0.001501
0 0.334676 0.329843 0.008755 0.035135 0.006693
0 0.341727 0.330718 0.008855 0.036998 0.001501
0 0.352648 0.327357 0.008395 0.034893 0.006693
0 0.603492 0.308972 0.010103 0.062480 0.010987
0 0.619512 0.307034 0.011007 0.062348 0.075858
0 0.628954 0.302234 0.011371 0.062307 0.001501
0 0.640598 0.300521 0.009321 0.052457 0.004070
0 0.675663 0.299927 0.020613 0.136685 0.622459
0 0.675771 0.299957 0.023489 0.136720 0.731059
0 0.164090 0.353712 0.017591 0.059755 0.001501
0 0.319440 0.327388 0.008170 0.048669 0.001501
0 0.334849 0.330888 0.008386 0.036980 0.006693
0 0.352534 0.332007 0.008170 0.039489 0.017986
0 0.485836 0.327999 0.015938 0.036837 0.004070
0 0.487143 0.328535 0.017982 0.038591 0.001501
0 0.674982 0.296771 0.021938 0.142847 0.622459
0 0.675783 0.297101 0.023470 0.142439 0.731059
0 0.163321 0.355683 0.016068 0.055335 0.001501
0 0.675043 0.297412 0.021971 0.142004 0.004070
1 0.369231 0.326631 0.036370 0.023197 0.029312
1 0.371740 0.327571 0.035852 0.025178 0.006693
1 0.395300 0.326616 0.016447 0.018738 0.002473
1 0.464326 0.324184 0.018065 0.018378 0.029312
1 0.466754 0.324200 0.019853 0.023428 0.268941
1 0.486093 0.324198 0.016511 0.023585 0.119203
1 0.487584 0.324197 0.015351 0.023529 0.075858
1 0.508982 0.321776 0.015475 0.013559 0.006693
1 0.007091 0.356510 0.014238 0.062605 0.001501
1 0.007084 0.359940 0.014259 0.053703 0.001501
4 0.165166 0.354296 0.019763 0.055126 0.002473
4 0.163321 0.355683 0.016068 0.055335 0.001501
4 0.165443 0.355814 0.019147 0.052128 0.006693
5 0.486093 0.324198 0.016511 0.023585 0.004070
5 0.487584 0.324197 0.015351 0.023529 0.002473
