0 0.620287 0.306736 0.012524 0.058607 0.119203
0 0.995728 0.360705 0.008567 0.231060 0.001501
0 0.353590 0.321334 0.007247 0.041749 0.001501
0 0.566863 0.313460 0.005684 0.034098 0.001501
0 0.579262 0.313581 0.008591 0.039475 0.001501
0 0.605569 0.312433 0.008167 0.052623 0.004070
0 0.620276 0.307975 0.012543 0.060532 0.182426
0 0.996126 0.357397 0.007787 0.221256 0.002473
0 0.113307 0.349158 0.017185 0.073724 0.004070
0 0.115862 0.350697 0.012524 0.071390 0.182426
0 0.162389 0.349456 0.016926 0.064894 0.001501
0 0.318079 0.324967 0.008128 0.044794 0.001501
0 0.353597 0.325902 0.007207 0.032017 0.029312
0 0.567135 0.313846 0.006237 0.034121 0.001501
0 0.605495 0.311038 0.011024 0.055043 0.004070
0 0.619513 0.308563 0.010993 0.059251 0.182426
0 0.995714 0.363893 0.008609 0.247549 0.004070
0 0.065599 0.357592 0.009299 0.060391 0.002473
0 0.112419 0.351236 0.019196 0.071521 0.004070
0 0.116560 0.350422 0.011242 0.070760 0.268941
0 0.353598 0.327964 0.007217 0.036599 0.006693
0 0.995673 0.371819 0.008718 0.301040 0.004070
0 0.065599 0.356741 0.009300 0.061953 0.002473
0 0.113122 0.351657 0.020630 0.071437 0.002473
0 0.115869 0.351559 0.012551 0.068528 0.268941
0 0.987101 0.375579 0.026044 0.351011 0.002473
0 0.993106 0.376211 0.013898 0.341468 0.017986
0 0.066764 0.358567 0.008583 0.061331 0.001501
0 0.111749 0.352944 0.023586 0.072667 0.002473
0 0.116531 0.351702 0.014007 0.072437 0.047426
0 0.987307 0.374892 0.022395 0.352936 0.006693
0 0.991004 0.372031 0.018059 0.364894 0.029312
0 0.988895 0.372238 0.022265 0.362293 0.010987
0 0.990336 0.377279 0.019370 0.371368 0.029312
0 0.989005 0.378046 0.025083 0.378423 0.017986
0 0.990168 0.378227 0.019705 0.382548 0.075858
0 0.989002 0.384509 0.025064 0.382233 0.017986
0 0.989765 0.384810 0.020512 0.388200 0.047426
0 0.988238 0.392707 0.023548 0.368651 0.006693
0 0.990678 0.397645 0.021722 0.354599 0.029312
0 0.988907 0.405080 0.022211 0.346082 0.001501
0 0.991544 0.404425 0.016921 0.333421 0.006693
0 0.994262 0.421523 0.014554 0.305442 0.001501
1 0.364795 0.325606 0.029555 0.021349 0.001501
1 0.459689 0.320859 0.011522 0.011762 0.004070
1 0.486202 0.320499 0.012921 0.016077 0.017986
1 0.494998 0.320499 0.018733 0.016077 0.075858
1 0.509315 0.320493 0.016402 0.016119 0.017986
4 0.137023 0.353306 0.020930 0.043704 0.001501
4 0.165136 0.357262 0.019694 0.049176 0.017986
4 0.165824 0.357259 0.021479 0.049006 0.017986
4 0.137804 0.356617 0.019398 0.032073 0.002473
4 0.164817 0.359082 0.020133 0.045258 0.075858
4 0.165064 0.358815 0.019906 0.045812 0.119203
4 0.165807 0.358085 0.021729 0.056770 0.001501
4 0.990678 0.397645 0.021722 0.354599 0.001501
5 0.165136 0.357262 0.019694 0.049176 0.001501
5 0.165824 0.357259 0.021479 0.049006 0.006693
5 0.534007 0.335105 0.015042 0.044478 0.002473
5 0.539764 0.335913 0.017591 0.048781 0.002473
5 0.165064 0.358815 0.019906 0.045812 0.001501
