0 0.679015 0.291350 0.011261 0.073406 0.002473
0 0.538378 0.312057 0.017275 0.083968 0.006693
0 0.540284 0.312338 0.013689 0.083326 0.047426
0 0.604304 0.307932 0.008768 0.061204 0.002473
0 0.620284 0.308532 0.012517 0.059547 0.119203
0 0.678482 0.295386 0.010136 0.065962 0.002473
0 0.995726 0.325224 0.008575 0.177352 0.001501
0 0.519403 0.311992 0.014641 0.032060 0.001501
0 0.537774 0.313340 0.016089 0.079559 0.006693
0 0.539348 0.311076 0.013400 0.080696 0.047426
0 0.568210 0.313544 0.005672 0.034260 0.006693
0 0.580017 0.314882 0.007061 0.036995 0.004070
0 0.604271 0.311146 0.008610 0.054457 0.010987
0 0.619504 0.307974 0.011013 0.060532 0.182426
0 0.678503 0.300921 0.010129 0.059636 0.001501
0 0.996482 0.330123 0.010128 0.164568 0.002473
0 0.054016 0.352693 0.011207 0.070900 0.029312
0 0.069519 0.356713 0.010999 0.083428 0.268941
0 0.161654 0.348576 0.015403 0.067392 0.001501
0 0.537255 0.313288 0.016663 0.083937 0.004070
0 0.540213 0.312377 0.013819 0.078294 0.047426
0 0.569300 0.315190 0.005689 0.036429 0.004070
0 0.580538 0.316703 0.008210 0.038553 0.004070
0 0.604275 0.310914 0.008585 0.054795 0.017986
0 0.619511 0.306857 0.010989 0.058180 0.182426
0 0.995711 0.325693 0.008616 0.162490 0.002473
0 0.054794 0.352936 0.009653 0.066909 0.075858
0 0.068730 0.356802 0.012577 0.083411 0.268941
0 0.537903 0.316665 0.017912 0.081122 0.002473
0 0.539743 0.314272 0.014765 0.085968 0.017986
0 0.995182 0.323239 0.009673 0.168387 0.001501
0 0.054788 0.353017 0.009664 0.066150 0.047426
0 0.069508 0.356736 0.011007 0.083373 0.377541
0 0.539863 0.319746 0.017402 0.097611 0.002473
0 0.053471 0.352891 0.010164 0.070102 0.029312
0 0.070282 0.356858 0.012522 0.083180 0.377541
1 0.386184 0.326812 0.094352 0.080090 0.880797
1 0.386245 0.325907 0.094476 0.081891 0.817575
1 0.386224 0.326726 0.094405 0.079975 0.119203
1 0.424139 0.313890 0.020991 0.039455 0.001501
1 0.386690 0.327346 0.098436 0.081776 0.817575
1 0.385484 0.328350 0.095970 0.083459 0.817575
1 0.385483 0.327514 0.095973 0.085221 0.880797
1 0.386265 0.328356 0.094397 0.083303 0.880797
1 0.423624 0.314772 0.022004 0.040759 0.001501
1 0.474272 0.318205 0.023981 0.017172 0.001501
1 0.486111 0.320491 0.014352 0.016098 0.002473
1 0.494500 0.319594 0.020221 0.014271 0.029312
1 0.506408 0.321605 0.018810 0.018450 0.006693
1 0.007530 0.356790 0.018194 0.043746 0.002473
1 0.386005 0.326772 0.097028 0.080338 0.500000
1 0.386259 0.326613 0.094419 0.083416 0.880797
1 0.386256 0.327472 0.094412 0.081504 0.880797
1 0.386960 0.327553 0.093007 0.081573 0.924142
1 0.008369 0.363906 0.017064 0.043299 0.006693
1 0.008388 0.367448 0.017803 0.055605 0.001501
4 0.164296 0.351368 0.018004 0.060794 0.002473
4 0.165060 0.353808 0.019944 0.055910 0.006693
4 0.164245 0.353130 0.017896 0.057087 0.006693
4 0.164295 0.355637 0.018376 0.052034 0.010987
