0 0.420277 0.324236 0.012619 0.049741 0.002473
1 0.096313 0.356274 0.157509 0.142756 0.880797
1 0.096476 0.357171 0.157188 0.140951 0.817575
1 0.357781 0.345043 0.112516 0.143326 0.880797
1 0.357799 0.345027 0.112493 0.143278 0.817575
1 0.358475 0.345027 0.111147 0.143279 0.924142
1 0.413504 0.329463 0.019123 0.043977 0.004070
1 0.418619 0.329569 0.016010 0.039455 0.010987
1 0.097231 0.357891 0.158782 0.142238 0.880797
1 0.096680 0.357766 0.159753 0.145601 0.880797
1 0.095936 0.358643 0.158230 0.143847 0.924142
1 0.097082 0.357971 0.158932 0.142518 0.924142
1 0.357790 0.346313 0.112489 0.145831 0.880797
1 0.357795 0.345031 0.112489 0.143275 0.924142
1 0.357789 0.345036 0.112491 0.143274 0.924142
1 0.357063 0.345037 0.110891 0.143297 0.924142
1 0.414072 0.329602 0.018685 0.045612 0.001501
1 0.419503 0.329655 0.014244 0.039519 0.017986
1 0.096379 0.357170 0.157518 0.144403 0.880797
1 0.097019 0.357216 0.159106 0.144498 0.880797
1 0.096725 0.357889 0.159814 0.145777 0.952574
1 0.096808 0.357169 0.159538 0.144415 0.924142
1 0.358463 0.347440 0.111140 0.143581 0.924142
1 0.357699 0.347439 0.109620 0.143581 0.924142
1 0.357027 0.346302 0.110966 0.145821 0.952574
2 0.244909 0.324615 0.040538 0.034159 0.047426
2 0.245677 0.325261 0.041426 0.030780 0.047426
2 0.245453 0.324337 0.040647 0.033362 0.047426
2 0.241943 0.332247 0.034631 0.034650 0.004070
2 0.246004 0.329953 0.038948 0.035460 0.017986
2 0.246857 0.329938 0.040720 0.035513 0.029312
4 0.419503 0.329655 0.014244 0.039519 0.002473
5 0.420277 0.324236 0.012619 0.049741 0.001501
5 0.418619 0.329569 0.016010 0.039455 0.010987
5 0.425151 0.328059 0.022615 0.042332 0.002473
5 0.419503 0.329655 0.014244 0.039519 0.029312
5 0.425177 0.330412 0.022172 0.042596 0.006693
