0 0.217983 0.327018 0.014042 0.065640 0.075858
0 0.493693 0.325683 0.012637 0.063594 0.006693
0 0.217304 0.328216 0.015457 0.063450 0.119203
0 0.252864 0.326811 0.012087 0.054717 0.001501
0 0.269433 0.330373 0.008140 0.057827 0.004070
0 0.495220 0.330537 0.012701 0.053059 0.004070
0 0.217954 0.327865 0.014127 0.067282 0.119203
0 0.268712 0.330530 0.006828 0.052733 0.001501
0 0.494441 0.337109 0.014241 0.043880 0.001501
0 0.218070 0.332909 0.016980 0.071191 0.029312
1 0.300828 0.322394 0.029843 0.042645 0.002473
1 0.302101 0.320971 0.028916 0.039757 0.006693
1 0.005078 0.343147 0.010312 0.081570 0.001501
1 0.097241 0.364452 0.190757 0.166937 0.817575
1 0.097369 0.363975 0.188630 0.167906 0.817575
1 0.096787 0.364082 0.189781 0.167674 0.924142
1 0.207708 0.329236 0.042233 0.039186 0.001501
1 0.300763 0.323132 0.029695 0.041519 0.010987
1 0.301508 0.321662 0.027947 0.038740 0.029312
1 0.384156 0.364507 0.184933 0.219399 0.924142
1 0.382842 0.363367 0.184401 0.221629 0.880797
1 0.382959 0.362395 0.184139 0.219684 0.924142
1 0.467964 0.327483 0.014157 0.035259 0.001501
1 0.004371 0.354468 0.008825 0.071859 0.002473
1 0.096129 0.364366 0.189076 0.167071 0.500000
1 0.097417 0.364368 0.188814 0.167081 0.924142
1 0.096618 0.364572 0.189958 0.167428 0.924142
1 0.096075 0.364755 0.188866 0.168256 0.924142
1 0.096662 0.364545 0.189880 0.167865 0.002473
1 0.231654 0.339110 0.038803 0.030664 0.002473
1 0.236917 0.339062 0.029765 0.025342 0.004070
1 0.300078 0.325784 0.028329 0.047480 0.002473
1 0.300736 0.324708 0.029655 0.046506 0.006693
1 0.381948 0.363403 0.183002 0.221690 0.047426
1 0.384184 0.365706 0.187451 0.221782 0.924142
1 0.383329 0.364557 0.183360 0.219484 0.924142
1 0.382787 0.364533 0.184445 0.219462 0.952574
1 0.382875 0.363410 0.184257 0.217231 0.182426
1 0.004380 0.361024 0.008809 0.073147 0.002473
1 0.097127 0.364767 0.190996 0.167539 0.924142
1 0.097713 0.364767 0.189529 0.168282 0.924142
1 0.096597 0.364887 0.189999 0.168050 0.952574
1 0.384189 0.363284 0.187447 0.226573 0.880797
1 0.383296 0.363423 0.183415 0.221776 0.924142
1 0.382781 0.361247 0.184438 0.222493 0.952574
2 0.300828 0.322394 0.029843 0.042645 0.010987
2 0.302101 0.320971 0.028916 0.039757 0.010987
2 0.300763 0.323132 0.029695 0.041519 0.017986
2 0.301508 0.321662 0.027947 0.038740 0.047426
2 0.300078 0.325784 0.028329 0.047480 0.002473
2 0.300736 0.324708 0.029655 0.046506 0.006693
4 0.490404 0.336235 0.022960 0.041413 0.001501
4 0.494441 0.337109 0.014241 0.043880 0.006693
4 0.506413 0.335037 0.030027 0.045064 0.002473
5 0.494441 0.337109 0.014241 0.043880 0.004070
