0 0.583634 0.318360 0.014275 0.025209 0.001501
0 0.009703 0.391368 0.016383 0.228129 0.001501
1 0.006270 0.353585 0.012644 0.211168 0.004070
1 0.006353 0.374044 0.012736 0.203053 0.010987
1 0.457931 0.322896 0.013157 0.015870 0.002473
1 0.474301 0.324195 0.020604 0.023450 0.622459
1 0.474327 0.324209 0.020608 0.023453 0.500000
1 0.505571 0.319212 0.017234 0.018657 0.017986
1 0.514641 0.321774 0.011333 0.013557 0.001501
1 0.587510 0.319260 0.022538 0.023386 0.010987
1 0.007889 0.386461 0.015828 0.210837 0.029312
1 0.023901 0.371393 0.044665 0.176640 0.001501
1 0.160010 0.372515 0.217015 0.161780 0.817575
1 0.158937 0.371252 0.217834 0.164323 0.880797
1 0.158938 0.371246 0.218180 0.164346 0.924142
1 0.009703 0.391368 0.016383 0.228129 0.119203
1 0.013936 0.390848 0.024858 0.208438 0.004070
1 0.160460 0.371255 0.217854 0.164319 0.880797
1 0.159335 0.370125 0.218828 0.166581 0.880797
1 0.158927 0.372561 0.217852 0.161810 0.952574
1 0.158959 0.371260 0.218139 0.164344 0.924142
1 0.008715 0.386282 0.017459 0.232887 0.182426
1 0.010168 0.393556 0.020413 0.226426 0.047426
1 0.033050 0.365332 0.038247 0.061654 0.001501
1 0.160123 0.372397 0.217250 0.166690 0.924142
1 0.159087 0.372541 0.218165 0.161850 0.970688
1 0.158718 0.373830 0.217817 0.159277 0.952574
1 0.008982 0.381796 0.017993 0.241567 0.182426
1 0.010115 0.385214 0.020293 0.243278 0.075858
1 0.009388 0.382333 0.018805 0.239866 0.119203
1 0.010521 0.383288 0.021085 0.243117 0.047426
1 0.009404 0.376544 0.018860 0.262851 0.075858
1 0.011865 0.378313 0.020713 0.256991 0.029312
1 0.008759 0.371986 0.017614 0.277211 0.029312
1 0.011195 0.372631 0.022474 0.278209 0.004070
1 0.007821 0.379776 0.018832 0.294954 0.006693
2 0.006596 0.249547 0.013283 0.309822 0.001501
2 0.006345 0.280495 0.009748 0.260620 0.001501
2 0.224883 0.298187 0.160140 0.084334 0.001501
2 0.006270 0.325837 0.012687 0.209307 0.004070
2 0.229760 0.299924 0.152534 0.074380 0.004070
2 0.006270 0.353585 0.012644 0.211168 0.004070
3 0.006270 0.325837 0.012687 0.209307 0.001501
3 0.006270 0.353585 0.012644 0.211168 0.002473
3 0.505571 0.319212 0.017234 0.018657 0.001501
3 0.009703 0.391368 0.016383 0.228129 0.001501
3 0.008715 0.386282 0.017459 0.232887 0.001501
3 0.008982 0.381796 0.017993 0.241567 0.002473
3 0.009388 0.382333 0.018805 0.239866 0.002473
3 0.009404 0.376544 0.018860 0.262851 0.001501
5 0.009703 0.391368 0.016383 0.228129 0.001501
5 0.010168 0.393556 0.020413 0.226426 0.001501
5 0.008982 0.381796 0.017993 0.241567 0.001501
5 0.010115 0.385214 0.020293 0.243278 0.001501
