0 0.641542 0.267848 0.011207 0.026272 0.001501
0 0.716568 0.317428 0.017575 0.113543 0.001501
0 0.056268 0.323627 0.012620 0.086550 0.001501
0 0.519418 0.316259 0.008116 0.044197 0.017986
0 0.565582 0.314214 0.009339 0.068249 0.001501
0 0.519427 0.316214 0.008098 0.044005 0.017986
0 0.564807 0.317431 0.010913 0.072454 0.001501
0 0.717324 0.329369 0.015610 0.077848 0.001501
1 0.371646 0.330002 0.093294 0.131635 0.880797
1 0.371938 0.328736 0.090811 0.129074 0.952574
1 0.371922 0.328720 0.090777 0.129107 0.924142
1 0.370756 0.328702 0.091589 0.129149 0.952574
1 0.371468 0.329993 0.092939 0.131654 0.880797
1 0.371524 0.329996 0.089989 0.131657 0.924142
1 0.370758 0.329992 0.091521 0.131648 0.970688
1 0.370737 0.329975 0.091523 0.131687 0.952574
1 0.371560 0.329588 0.090085 0.127383 0.952574
1 0.371152 0.329589 0.092317 0.127386 0.952574
4 0.466508 0.331330 0.026124 0.068040 0.001501
4 0.470245 0.332846 0.028414 0.064943 0.002473
4 0.474617 0.334056 0.031962 0.071556 0.002473
4 0.473514 0.333142 0.033247 0.070648 0.004070
4 0.475049 0.334577 0.032818 0.071357 0.002473
