0 0.882375 0.290352 0.049094 0.337394 0.002473
0 0.882350 0.285303 0.051034 0.352929 0.006693
0 0.885812 0.282162 0.059222 0.358681 0.006693
0 0.881442 0.293753 0.047905 0.336052 0.004070
0 0.881312 0.286947 0.048975 0.343751 0.010987
0 0.881817 0.284329 0.051303 0.348990 0.010987
0 0.880080 0.292568 0.048124 0.337532 0.004070
0 0.880624 0.289453 0.049215 0.344099 0.001501
0 0.880064 0.303531 0.046680 0.305727 0.002473
0 0.917771 0.266872 0.123812 0.384321 0.001501
0 0.924142 0.268747 0.141419 0.385606 0.003173
0 0.929035 0.268349 0.148799 0.378622 0.001170
0 0.904290 0.274747 0.121026 0.375420 0.001501
0 0.914111 0.275232 0.123460 0.374287 0.006693
0 0.922870 0.275872 0.137362 0.373510 0.008577
0 0.913888 0.278544 0.127738 0.388368 0.002473
1 0.192184 0.237521 0.015799 0.030272 0.001501
1 0.212264 0.268202 0.034903 0.089180 0.001501
1 0.284219 0.293472 0.134961 0.175530 0.001501
1 0.284342 0.291907 0.134440 0.176855 0.731059
1 0.283854 0.291801 0.135393 0.176610 0.817575
1 0.284641 0.292926 0.133804 0.174366 0.880797
1 0.364312 0.279193 0.036651 0.040546 0.002473
1 0.365745 0.281182 0.035986 0.036365 0.004070
1 0.371057 0.280676 0.034113 0.036649 0.001501
1 0.284512 0.292918 0.134241 0.174471 0.817575
1 0.284860 0.291721 0.133368 0.172007 0.731059
1 0.283121 0.292996 0.133787 0.169430 0.817575
1 0.283602 0.291725 0.132811 0.172017 0.924142
1 0.428102 0.309213 0.030224 0.036033 0.001501
1 0.430694 0.304514 0.029876 0.031078 0.004070
1 0.433999 0.304029 0.029366 0.030533 0.001501
1 0.981279 0.339399 0.034481 0.123028 0.001501
1 0.981323 0.333535 0.037431 0.116466 0.001501
1 0.283894 0.290560 0.135367 0.174705 0.880797
1 0.284090 0.292726 0.134911 0.174435 0.880797
1 0.283736 0.294025 0.132584 0.171829 0.924142
1 0.981033 0.343663 0.037968 0.123498 0.001501
3 0.911016 0.282017 0.114131 0.353795 0.001501
3 0.912591 0.283023 0.118842 0.349932 0.001501
3 0.911647 0.283905 0.118813 0.358979 0.004070
3 0.915721 0.285295 0.123616 0.352762 0.004070
