0 0.279727 0.324598 0.016067 0.085558 0.001501
0 0.279794 0.327672 0.015670 0.084725 0.002473
0 0.279178 0.328008 0.014417 0.080353 0.001501
1 0.460414 0.304432 0.043776 0.047445 0.001501
1 0.465538 0.307248 0.035000 0.042342 0.010987
1 0.465785 0.308259 0.034935 0.040429 0.006693
1 0.470288 0.310381 0.031618 0.030011 0.002473
1 0.983003 0.322730 0.034213 0.069746 0.002473
1 0.008011 0.355585 0.016112 0.134057 0.002473
1 0.084414 0.364580 0.138031 0.206491 0.817575
1 0.083685 0.364401 0.139053 0.206058 0.817575
1 0.084242 0.364354 0.140218 0.205963 0.880797
1 0.465434 0.309567 0.034693 0.042537 0.017986
1 0.466502 0.312010 0.033443 0.033134 0.017986
1 0.467537 0.316123 0.032057 0.025012 0.010987
1 0.919517 0.337884 0.050712 0.051961 0.001501
1 0.920396 0.339411 0.052102 0.049428 0.002473
1 0.920898 0.337840 0.050413 0.051928 0.001501
1 0.982165 0.326572 0.035685 0.061684 0.002473
1 0.982711 0.326351 0.034642 0.063038 0.001501
1 0.006527 0.364102 0.013140 0.119143 0.004070
1 0.084837 0.364734 0.136743 0.208022 0.880797
1 0.084807 0.364182 0.138726 0.206462 0.880797
1 0.084876 0.363915 0.138610 0.205137 0.880797
1 0.084142 0.363617 0.140094 0.205699 0.880797
1 0.831261 0.368563 0.143718 0.164573 0.731059
1 0.833044 0.368512 0.147191 0.164532 0.731059
1 0.833244 0.369098 0.147813 0.165931 0.880797
1 0.917292 0.340610 0.048947 0.046549 0.004070
1 0.919477 0.340986 0.050241 0.047725 0.004070
1 0.920953 0.340615 0.050420 0.046558 0.002473
1 0.924024 0.338369 0.050705 0.053907 0.001501
1 0.981414 0.330773 0.034175 0.053228 0.002473
1 0.988968 0.333131 0.022111 0.048470 0.002473
1 0.005670 0.367688 0.014505 0.109489 0.002473
1 0.084807 0.363428 0.138730 0.206094 0.880797
1 0.084834 0.364092 0.138527 0.206206 0.880797
1 0.084749 0.363406 0.141382 0.206052 0.880797
1 0.832120 0.367652 0.145155 0.166460 0.817575
1 0.831469 0.368688 0.146307 0.168024 0.880797
1 0.832090 0.368862 0.145350 0.164798 0.880797
1 0.832572 0.368733 0.148401 0.165105 0.817575
1 0.916640 0.342656 0.046186 0.053403 0.001501
1 0.918392 0.343800 0.049775 0.049694 0.002473
1 0.921209 0.342137 0.055704 0.053456 0.001501
1 0.005824 0.366715 0.014817 0.108011 0.001501
1 0.832313 0.367710 0.145815 0.166521 0.880797
1 0.832588 0.368628 0.146615 0.164707 0.880797
1 0.832457 0.368801 0.148489 0.165034 0.817575
2 0.983003 0.322730 0.034213 0.069746 0.001501
3 0.457721 0.287791 0.051848 0.083703 0.002473
3 0.459337 0.303499 0.046638 0.053271 0.004070
3 0.462684 0.302593 0.040965 0.055569 0.004070
3 0.465671 0.301461 0.034715 0.053878 0.006693
3 0.460414 0.304432 0.043776 0.047445 0.002473
3 0.465538 0.307248 0.035000 0.042342 0.004070
3 0.465785 0.308259 0.034935 0.040429 0.010987
3 0.465434 0.309567 0.034693 0.042537 0.010987
3 0.466502 0.312010 0.033443 0.033134 0.006693
