0 0.633963 0.320422 0.007342 0.026477 0.002473
0 0.121325 0.344360 0.026655 0.056555 0.001501
1 0.018457 0.314541 0.036998 0.153451 0.001501
1 0.023951 0.316212 0.047904 0.157613 0.001501
1 0.034988 0.319094 0.070084 0.139503 0.001501
1 0.041735 0.319421 0.080412 0.158511 0.017986
1 0.042845 0.326015 0.085771 0.145317 0.006693
1 0.033707 0.323898 0.067498 0.145144 0.006693
1 0.044533 0.327836 0.089066 0.145894 0.010987
1 0.043781 0.329075 0.087631 0.138964 0.004070
1 0.107436 0.341883 0.053838 0.058890 0.004070
1 0.109561 0.343252 0.049877 0.061615 0.004070
1 0.109267 0.342145 0.050329 0.059391 0.004070
1 0.110854 0.340333 0.047596 0.055798 0.004070
1 0.192983 0.337257 0.085864 0.054676 0.004070
1 0.193535 0.338542 0.086897 0.052105 0.002473
1 0.198099 0.336960 0.096588 0.054094 0.001501
1 0.214670 0.335965 0.095846 0.047181 0.006693
1 0.242868 0.333299 0.042360 0.041680 0.006693
1 0.243810 0.333287 0.040919 0.041709 0.006693
1 0.272699 0.329407 0.028023 0.028969 0.004070
1 0.292938 0.336760 0.032902 0.029682 0.268941
1 0.292433 0.335330 0.031835 0.027995 0.268941
1 0.292453 0.335628 0.034645 0.027432 0.182426
1 0.333868 0.330700 0.033602 0.023375 0.017986
1 0.338252 0.330389 0.026772 0.022571 0.500000
1 0.338941 0.330316 0.028094 0.022431 0.500000
1 0.363950 0.328647 0.022166 0.019081 0.500000
1 0.363996 0.328644 0.022029 0.019066 0.500000
1 0.401332 0.326245 0.016361 0.014356 0.017986
1 0.402718 0.325346 0.013829 0.016091 0.622459
1 0.422678 0.321800 0.014622 0.013513 0.377541
1 0.424051 0.321798 0.015140 0.013523 0.047426
1 0.452362 0.315909 0.014526 0.025337 0.004070
1 0.464410 0.317672 0.009874 0.015525 0.017986
1 0.478354 0.318952 0.012550 0.012927 0.377541
1 0.493752 0.318495 0.009471 0.012017 0.377541
1 0.503070 0.318201 0.009373 0.011431 0.006693
1 0.044574 0.332964 0.089130 0.131245 0.006693
1 0.044581 0.335754 0.089262 0.130034 0.002473
1 0.108134 0.343707 0.052845 0.057596 0.004070
1 0.109216 0.343598 0.050520 0.057377 0.006693
1 0.109254 0.343549 0.053381 0.057176 0.006693
1 0.110719 0.343655 0.050692 0.057265 0.006693
1 0.193091 0.337863 0.086082 0.055951 0.002473
1 0.193488 0.338499 0.086962 0.052220 0.002473
1 0.196875 0.337562 0.090815 0.055410 0.002473
1 0.197785 0.338019 0.098986 0.051284 0.004070
1 0.211412 0.336925 0.105950 0.049199 0.006693
1 0.241705 0.334726 0.045086 0.039527 0.017986
1 0.243799 0.333387 0.040987 0.041943 0.029312
1 0.272381 0.333934 0.024903 0.036131 0.002473
1 0.292822 0.335794 0.032635 0.027188 0.622459
1 0.292453 0.335822 0.031846 0.027099 0.622459
1 0.292332 0.335808 0.034637 0.027128 0.500000
1 0.327113 0.333604 0.030220 0.025495 0.004070
1 0.338220 0.332611 0.029810 0.024322 0.047426
1 0.338094 0.331972 0.029716 0.025598 0.047426
1 0.045151 0.339878 0.087216 0.117225 0.004070
1 0.042198 0.339128 0.087620 0.118638 0.001501
1 0.110142 0.345353 0.051658 0.060589 0.004070
1 0.110009 0.345123 0.051557 0.060113 0.004070
1 0.111006 0.344992 0.049719 0.055167 0.004070
1 0.121325 0.344360 0.026655 0.056555 0.002473
2 0.011884 0.310094 0.023813 0.136110 0.006693
2 0.018314 0.304808 0.036641 0.156874 0.006693
2 0.018457 0.314541 0.036998 0.153451 0.017986
2 0.023951 0.316212 0.047904 0.157613 0.010987
2 0.034988 0.319094 0.070084 0.139503 0.004070
2 0.023944 0.318844 0.047970 0.160656 0.004070
2 0.041735 0.319421 0.080412 0.158511 0.010987
2 0.042845 0.326015 0.085771 0.145317 0.004070
2 0.451393 0.313931 0.016484 0.028757 0.010987
2 0.452051 0.314759 0.015160 0.027334 0.268941
2 0.460019 0.311175 0.022408 0.025998 0.001501
2 0.033707 0.323898 0.067498 0.145144 0.017986
2 0.044533 0.327836 0.089066 0.145894 0.006693
2 0.043781 0.329075 0.087631 0.138964 0.004070
2 0.084599 0.341600 0.099929 0.064166 0.001501
2 0.107436 0.341883 0.053838 0.058890 0.006693
2 0.109561 0.343252 0.049877 0.061615 0.010987
2 0.109267 0.342145 0.050329 0.059391 0.006693
2 0.110854 0.340333 0.047596 0.055798 0.001501
2 0.192983 0.337257 0.085864 0.054676 0.029312
2 0.193535 0.338542 0.086897 0.052105 0.500000
2 0.195623 0.337270 0.088006 0.054661 0.500000
2 0.195903 0.337563 0.091851 0.055285 0.377541
2 0.198099 0.336960 0.096588 0.054094 0.377541
2 0.214670 0.335965 0.095846 0.047181 0.047426
2 0.242868 0.333299 0.042360 0.041680 0.004070
2 0.243810 0.333287 0.040919 0.041709 0.004070
2 0.272699 0.329407 0.028023 0.028969 0.010987
2 0.402718 0.325346 0.013829 0.016091 0.001501
2 0.422678 0.321800 0.014622 0.013513 0.002473
2 0.451316 0.317068 0.016323 0.023039 0.006693
2 0.452362 0.315909 0.014526 0.025337 0.622459
2 0.464410 0.317672 0.009874 0.015525 0.010987
2 0.493752 0.318495 0.009471 0.012017 0.004070
2 0.503070 0.318201 0.009373 0.011431 0.004070
2 0.527117 0.315771 0.010198 0.016296 0.001501
2 0.086721 0.344060 0.099460 0.064857 0.001501
2 0.108134 0.343707 0.052845 0.057596 0.006693
2 0.109216 0.343598 0.050520 0.057377 0.006693
2 0.109254 0.343549 0.053381 0.057176 0.004070
2 0.110719 0.343655 0.050692 0.057265 0.002473
2 0.193091 0.337863 0.086082 0.055951 0.006693
2 0.193488 0.338499 0.086962 0.052220 0.377541
2 0.195136 0.337252 0.087033 0.054756 0.377541
2 0.196875 0.337562 0.090815 0.055410 0.500000
2 0.197785 0.338019 0.098986 0.051284 0.377541
2 0.211412 0.336925 0.105950 0.049199 0.047426
2 0.241705 0.334726 0.045086 0.039527 0.010987
2 0.243799 0.333387 0.040987 0.041943 0.002473
2 0.110142 0.345353 0.051658 0.060589 0.001501
2 0.110009 0.345123 0.051557 0.060113 0.001501
2 0.195420 0.340413 0.090521 0.056092 0.029312
2 0.198272 0.339173 0.093208 0.058591 0.017986
3 0.011884 0.310094 0.023813 0.136110 0.001501
3 0.018314 0.304808 0.036641 0.156874 0.004070
3 0.023124 0.294172 0.046465 0.121825 0.002473
3 0.018457 0.314541 0.036998 0.153451 0.006693
3 0.023951 0.316212 0.047904 0.157613 0.017986
3 0.034988 0.319094 0.070084 0.139503 0.010987
3 0.023944 0.318844 0.047970 0.160656 0.004070
3 0.041735 0.319421 0.080412 0.158511 0.075858
3 0.042845 0.326015 0.085771 0.145317 0.119203
3 0.043808 0.330822 0.087893 0.136354 0.029312
3 0.033707 0.323898 0.067498 0.145144 0.029312
3 0.044533 0.327836 0.089066 0.145894 0.119203
3 0.043781 0.329075 0.087631 0.138964 0.377541
3 0.043860 0.335185 0.088102 0.126597 0.182426
3 0.109267 0.342145 0.050329 0.059391 0.001501
3 0.192983 0.337257 0.085864 0.054676 0.029312
3 0.193535 0.338542 0.086897 0.052105 0.010987
3 0.195623 0.337270 0.088006 0.054661 0.002473
3 0.198099 0.336960 0.096588 0.054094 0.002473
3 0.214670 0.335965 0.095846 0.047181 0.006693
3 0.242868 0.333299 0.042360 0.041680 0.006693
3 0.243810 0.333287 0.040919 0.041709 0.006693
3 0.272699 0.329407 0.028023 0.028969 0.002473
3 0.292938 0.336760 0.032902 0.029682 0.002473
3 0.292433 0.335330 0.031835 0.027995 0.001501
3 0.333868 0.330700 0.033602 0.023375 0.001501
3 0.338252 0.330389 0.026772 0.022571 0.001501
3 0.363996 0.328644 0.022029 0.019066 0.001501
3 0.402718 0.325346 0.013829 0.016091 0.004070
3 0.422678 0.321800 0.014622 0.013513 0.006693
3 0.452362 0.315909 0.014526 0.025337 0.004070
3 0.493752 0.318495 0.009471 0.012017 0.017986
3 0.032413 0.337247 0.064873 0.123326 0.006693
3 0.044574 0.332964 0.089130 0.131245 0.182426
3 0.044581 0.335754 0.089262 0.130034 0.268941
3 0.044509 0.338518 0.089388 0.124425 0.268941
3 0.043682 0.346788 0.088052 0.107848 0.119203
3 0.108134 0.343707 0.052845 0.057596 0.001501
3 0.109216 0.343598 0.050520 0.057377 0.004070
3 0.109254 0.343549 0.053381 0.057176 0.002473
3 0.110719 0.343655 0.050692 0.057265 0.002473
3 0.193091 0.337863 0.086082 0.055951 0.047426
3 0.193488 0.338499 0.086962 0.052220 0.029312
3 0.195136 0.337252 0.087033 0.054756 0.002473
3 0.196875 0.337562 0.090815 0.055410 0.002473
3 0.197785 0.338019 0.098986 0.051284 0.006693
3 0.211412 0.336925 0.105950 0.049199 0.017986
3 0.241705 0.334726 0.045086 0.039527 0.017986
3 0.243799 0.333387 0.040987 0.041943 0.010987
3 0.045151 0.339878 0.087216 0.117225 0.075858
3 0.042198 0.339128 0.087620 0.118638 0.268941
3 0.043699 0.340379 0.087892 0.116282 0.182426
3 0.042989 0.359667 0.086072 0.077605 0.002473
3 0.110142 0.345353 0.051658 0.060589 0.001501
3 0.110009 0.345123 0.051557 0.060113 0.002473
3 0.195420 0.340413 0.090521 0.056092 0.004070
3 0.034742 0.353738 0.069357 0.090049 0.001501
3 0.043134 0.353323 0.085701 0.090575 0.029312
3 0.043593 0.352374 0.088016 0.092490 0.004070
3 0.043586 0.361482 0.085238 0.074045 0.002473
3 0.044068 0.248897 0.090444 0.308434 0.001927
3 0.048262 0.252032 0.090165 0.296962 0.001501
3 0.048705 0.272149 0.093664 0.288195 0.001501
5 0.111006 0.344992 0.049719 0.055167 0.001501
5 0.121325 0.344360 0.026655 0.056555 0.004070
