1 0.383699 0.326951 0.082630 0.075746 0.880797
1 0.384437 0.325943 0.084207 0.078217 0.731059
1 0.384045 0.325901 0.085035 0.078131 0.817575
1 0.425457 0.318148 0.020295 0.048446 0.004070
1 0.428070 0.318660 0.025044 0.044530 0.002473
1 0.444158 0.316428 0.022077 0.033833 0.004070
1 0.460088 0.312207 0.033593 0.036910 0.001501
1 0.477127 0.315150 0.029413 0.031328 0.075858
1 0.477168 0.315629 0.029391 0.030320 0.119203
1 0.496020 0.315136 0.014201 0.031121 0.006693
1 0.498670 0.313091 0.019851 0.027066 0.001501
1 0.558881 0.312891 0.017829 0.032981 0.004070
1 0.005665 0.335975 0.011340 0.034382 0.002473
1 0.013645 0.335300 0.027282 0.033115 0.001501
1 0.302884 0.326132 0.064332 0.033000 0.001501
1 0.316383 0.330184 0.051940 0.041571 0.002473
1 0.335418 0.333306 0.017812 0.041678 0.017986
1 0.335774 0.331944 0.018970 0.039090 0.006693
1 0.383255 0.327191 0.083490 0.076311 0.817575
1 0.382905 0.327251 0.081137 0.076365 0.880797
1 0.383672 0.327260 0.082687 0.076349 0.924142
1 0.383695 0.327192 0.082616 0.076307 0.880797
1 0.426604 0.319959 0.022559 0.044787 0.006693
1 0.433109 0.322237 0.020362 0.036292 0.006693
1 0.444513 0.320196 0.020985 0.026333 0.017986
1 0.458402 0.316368 0.029826 0.034231 0.002473
1 0.477144 0.318278 0.029327 0.030156 0.622459
1 0.477095 0.318382 0.029221 0.029944 0.622459
1 0.495329 0.316998 0.012707 0.023064 0.029312
1 0.500332 0.316647 0.018783 0.023783 0.004070
1 0.577453 0.331515 0.055044 0.069932 0.006693
1 0.584513 0.335720 0.065943 0.078613 0.880797
1 0.583964 0.335726 0.067955 0.078574 0.817575
1 0.584416 0.333323 0.065794 0.078261 0.817575
1 0.005791 0.335836 0.011602 0.036321 0.004070
1 0.013627 0.338339 0.027329 0.033364 0.002473
1 0.157902 0.370012 0.234459 0.176796 0.924142
1 0.157008 0.371424 0.232952 0.179130 0.952574
1 0.156941 0.371228 0.232924 0.179503 0.924142
1 0.157125 0.371093 0.232680 0.179739 0.924142
1 0.334947 0.333351 0.016963 0.046825 0.006693
1 0.335665 0.333252 0.019259 0.042351 0.010987
1 0.383292 0.326092 0.083397 0.078524 0.880797
1 0.383662 0.327227 0.082709 0.076257 0.880797
1 0.383671 0.327030 0.082673 0.075886 0.924142
1 0.584512 0.333333 0.065946 0.078277 0.817575
1 0.583697 0.334612 0.067398 0.080789 0.880797
1 0.584437 0.334612 0.065813 0.080792 0.880797
1 0.584450 0.334607 0.065796 0.080797 0.880797
1 0.158380 0.369676 0.233502 0.177346 0.924142
1 0.157009 0.370763 0.233120 0.180269 0.924142
1 0.156970 0.369494 0.232826 0.177730 0.924142
1 0.157149 0.369617 0.232612 0.177519 0.880797
1 0.583826 0.332072 0.067585 0.080821 0.500000
1 0.583737 0.333349 0.067478 0.078235 0.880797
1 0.584430 0.334596 0.065825 0.080857 0.880797
1 0.157758 0.370785 0.231617 0.180281 0.002473
1 0.157058 0.370591 0.233062 0.180661 0.924142
1 0.156357 0.369305 0.231389 0.178104 0.924142
2 0.444158 0.316428 0.022077 0.033833 0.002473
2 0.460088 0.312207 0.033593 0.036910 0.001501
3 0.477317 0.305925 0.031101 0.055036 0.002473
3 0.476029 0.305220 0.031242 0.056216 0.002473
3 0.570525 0.297772 0.038296 0.050138 0.004070
3 0.571444 0.293498 0.034773 0.036074 0.004070
3 0.573884 0.296074 0.035713 0.045842 0.004070
3 0.425457 0.318148 0.020295 0.048446 0.001501
3 0.428070 0.318660 0.025044 0.044530 0.001501
3 0.444158 0.316428 0.022077 0.033833 0.006693
3 0.460088 0.312207 0.033593 0.036910 0.017986
3 0.477127 0.315150 0.029413 0.031328 0.010987
3 0.496020 0.315136 0.014201 0.031121 0.017986
3 0.498670 0.313091 0.019851 0.027066 0.002473
3 0.444513 0.320196 0.020985 0.026333 0.001501
3 0.458402 0.316368 0.029826 0.034231 0.002473
3 0.477144 0.318278 0.029327 0.030156 0.001501
3 0.495329 0.316998 0.012707 0.023064 0.002473
4 0.334947 0.333351 0.016963 0.046825 0.004070
5 0.335418 0.333306 0.017812 0.041678 0.010987
5 0.328162 0.334331 0.030543 0.049982 0.002473
5 0.334947 0.333351 0.016963 0.046825 0.006693
5 0.583826 0.332072 0.067585 0.080821 0.010987
5 0.583737 0.333349 0.067478 0.078235 0.001501
