0 0.681891 0.311886 0.017177 0.064666 0.002473
1 0.006412 0.280309 0.012853 0.093643 0.001501
1 0.276733 0.328233 0.025487 0.057670 0.017986
1 0.275943 0.327401 0.023798 0.058399 0.029312
1 0.333512 0.325778 0.101803 0.088696 0.880797
1 0.333032 0.326693 0.100766 0.091439 0.817575
1 0.333330 0.326687 0.100028 0.091462 0.880797
1 0.402448 0.311167 0.054899 0.044371 0.002473
1 0.403537 0.308678 0.056761 0.044054 0.002473
1 0.406011 0.307474 0.054807 0.041808 0.002473
1 0.445689 0.314467 0.033533 0.032638 0.119203
1 0.447451 0.315191 0.033156 0.031203 0.268941
1 0.446439 0.315188 0.032269 0.031207 0.377541
1 0.466517 0.313090 0.017582 0.027029 0.017986
1 0.472562 0.312293 0.020642 0.025629 0.001501
1 0.537653 0.322533 0.025343 0.062417 0.075858
1 0.538435 0.322053 0.024107 0.060905 0.119203
1 0.188745 0.327361 0.059099 0.030048 0.004070
1 0.194256 0.326065 0.067235 0.032843 0.002473
1 0.199260 0.325733 0.077359 0.038733 0.001501
1 0.223954 0.323033 0.043849 0.031583 0.002473
1 0.230292 0.321774 0.042287 0.029630 0.001501
1 0.275796 0.330134 0.023613 0.053618 0.119203
1 0.275794 0.330347 0.023568 0.052936 0.047426
1 0.333400 0.326721 0.100004 0.091430 0.817575
1 0.333427 0.326725 0.099962 0.091429 0.924142
1 0.333367 0.327925 0.100101 0.094126 0.924142
1 0.331899 0.326719 0.101292 0.091435 0.924142
1 0.399160 0.314995 0.048319 0.046588 0.002473
1 0.402111 0.312302 0.050189 0.042380 0.004070
1 0.418473 0.312807 0.019470 0.036057 0.004070
1 0.446125 0.316556 0.032791 0.033715 0.268941
1 0.446582 0.315818 0.031869 0.029983 0.622459
1 0.446698 0.315697 0.031700 0.030223 0.622459
1 0.467353 0.314570 0.015684 0.024309 0.029312
1 0.472957 0.313347 0.018558 0.024159 0.004070
1 0.535018 0.322909 0.023140 0.062469 0.047426
1 0.538852 0.324437 0.028014 0.065689 0.119203
1 0.570335 0.336949 0.087495 0.095774 0.880797
1 0.571576 0.337237 0.084990 0.096342 0.731059
1 0.571029 0.336112 0.086095 0.098627 0.817575
1 0.571962 0.337220 0.084160 0.096366 0.500000
1 0.639277 0.323306 0.039193 0.034096 0.004070
1 0.642774 0.321999 0.030917 0.029215 0.002473
1 0.646255 0.321827 0.024716 0.029194 0.004070
1 0.090049 0.357790 0.180135 0.232254 0.880797
1 0.089297 0.355701 0.181632 0.236465 0.880797
1 0.090033 0.356770 0.180158 0.232791 0.880797
1 0.190790 0.331048 0.063332 0.038448 0.001501
1 0.194618 0.330925 0.068114 0.037788 0.002473
1 0.196122 0.331929 0.074200 0.040668 0.002473
1 0.195667 0.331773 0.071155 0.040486 0.001501
1 0.205429 0.330493 0.082336 0.043017 0.001501
1 0.274983 0.331711 0.021991 0.054870 0.119203
1 0.275835 0.330620 0.023685 0.052548 0.119203
1 0.333549 0.325580 0.101875 0.089159 0.880797
1 0.333033 0.326724 0.100750 0.091434 0.924142
1 0.332969 0.326651 0.099298 0.091588 0.924142
1 0.534951 0.325422 0.019942 0.067617 0.047426
1 0.571039 0.336776 0.086103 0.095385 0.817575
1 0.571578 0.335192 0.084978 0.096714 0.817575
1 0.571013 0.337552 0.086082 0.096966 0.880797
1 0.571563 0.337551 0.084948 0.096959 0.924142
1 0.088465 0.358337 0.176958 0.230643 0.001501
1 0.089403 0.357653 0.181901 0.236640 0.880797
1 0.089294 0.355610 0.181650 0.235767 0.880797
1 0.089486 0.356077 0.182073 0.233683 0.880797
1 0.089941 0.357651 0.183336 0.227518 0.880797
1 0.571134 0.336645 0.085953 0.095203 0.119203
1 0.571627 0.335192 0.084923 0.096768 0.880797
1 0.571721 0.336770 0.087412 0.095452 0.924142
1 0.090162 0.358579 0.180394 0.229747 0.817575
1 0.089678 0.357536 0.182431 0.227834 0.880797
1 0.089479 0.359468 0.182084 0.227484 0.880797
2 0.685693 0.280009 0.134587 0.097834 0.004070
2 0.688075 0.275296 0.131364 0.093974 0.001501
2 0.684017 0.280938 0.135603 0.112080 0.002473
2 0.403537 0.308678 0.056761 0.044054 0.002473
2 0.406011 0.307474 0.054807 0.041808 0.004070
2 0.445689 0.314467 0.033533 0.032638 0.001501
3 0.445689 0.314467 0.033533 0.032638 0.004070
3 0.537653 0.322533 0.025343 0.062417 0.001501
3 0.538435 0.322053 0.024107 0.060905 0.001501
3 0.275835 0.330620 0.023685 0.052548 0.001501
4 0.700577 0.353158 0.064876 0.132711 0.004070
4 0.700846 0.349649 0.066481 0.133834 0.047426
4 0.700406 0.351917 0.065181 0.135103 0.010987
4 0.700016 0.351238 0.064408 0.136492 0.002473
4 0.701189 0.353266 0.066053 0.132951 0.001501
4 0.700408 0.350229 0.065231 0.138460 0.029312
4 0.700809 0.350215 0.066024 0.138540 0.010987
4 0.700515 0.351261 0.065452 0.141492 0.002473
5 0.274983 0.331711 0.021991 0.054870 0.006693
5 0.275835 0.330620 0.023685 0.052548 0.001501
5 0.699935 0.352161 0.064840 0.135505 0.047426
5 0.271506 0.333966 0.018203 0.064620 0.006693
5 0.677156 0.346805 0.027881 0.116851 0.001501
5 0.700577 0.353158 0.064876 0.132711 0.268941
5 0.699919 0.351816 0.064759 0.135243 0.182426
5 0.699592 0.351053 0.065283 0.142156 0.119203
5 0.700846 0.349649 0.066481 0.133834 0.182426
5 0.700406 0.351917 0.065181 0.135103 0.182426
5 0.700016 0.351238 0.064408 0.136492 0.119203
5 0.700486 0.350789 0.064717 0.137628 0.075858
5 0.700408 0.350229 0.065231 0.138460 0.119203
5 0.700809 0.350215 0.066024 0.138540 0.119203
5 0.700515 0.351261 0.065452 0.141492 0.029312
