0 0.716486 0.305078 0.011312 0.063056 0.001501
0 0.822270 0.302801 0.033988 0.192138 0.001501
0 0.820741 0.317002 0.033704 0.167638 0.001501
0 0.821254 0.308103 0.032757 0.185494 0.001501
0 0.820744 0.315369 0.033643 0.166278 0.004070
0 0.820861 0.313634 0.033444 0.169755 0.002473
0 0.853339 0.336622 0.015389 0.091321 0.001501
0 0.821592 0.315446 0.035059 0.166044 0.001501
1 0.103128 0.340508 0.206231 0.216695 0.880797
1 0.103727 0.340525 0.207620 0.216014 0.880797
1 0.103410 0.340510 0.210106 0.214902 0.880797
1 0.231808 0.320823 0.044330 0.052933 0.002473
1 0.499225 0.327510 0.048456 0.058537 0.622459
1 0.498522 0.327510 0.047052 0.058485 0.731059
1 0.103130 0.338769 0.206234 0.216479 0.924142
1 0.103398 0.339016 0.206893 0.216617 0.924142
1 0.103363 0.340636 0.209923 0.214586 0.924142
1 0.102893 0.340173 0.209447 0.213702 0.880797
1 0.232190 0.329920 0.042487 0.035257 0.377541
1 0.232562 0.331271 0.043189 0.032515 0.268941
1 0.233311 0.331262 0.041790 0.032529 0.377541
1 0.249219 0.326426 0.046258 0.028381 0.002473
1 0.262281 0.325992 0.033474 0.028269 0.001501
1 0.431336 0.314820 0.015774 0.018215 0.001501
1 0.498535 0.328199 0.047098 0.057158 0.731059
1 0.498544 0.327564 0.047089 0.058414 0.731059
1 0.498537 0.327522 0.047094 0.058428 0.817575
1 0.498557 0.327526 0.047131 0.058478 0.731059
1 0.103128 0.339462 0.206228 0.214930 0.924142
1 0.103274 0.339130 0.206687 0.215120 0.952574
1 0.103674 0.337824 0.207434 0.218211 0.952574
1 0.232733 0.331279 0.043602 0.032628 0.377541
1 0.232638 0.332457 0.043344 0.030233 0.268941
1 0.232518 0.332521 0.043201 0.030104 0.500000
1 0.236607 0.332616 0.046702 0.030217 0.002473
1 0.498536 0.326621 0.047095 0.060268 0.731059
1 0.498544 0.327544 0.047090 0.058407 0.817575
1 0.498548 0.327545 0.047108 0.058391 0.817575
1 0.498550 0.328737 0.047140 0.060551 0.817575
2 0.087867 0.252446 0.172544 0.138645 0.001501
2 0.074920 0.248004 0.147062 0.116771 0.004070
2 0.082659 0.253526 0.159604 0.127964 0.017986
2 0.091295 0.257783 0.179389 0.136988 0.029312
2 0.097158 0.255764 0.188606 0.127683 0.047426
2 0.103248 0.259203 0.203166 0.128627 0.047426
2 0.109198 0.263953 0.207909 0.141200 0.006693
2 0.052443 0.250261 0.105001 0.127071 0.001501
2 0.076987 0.257939 0.151228 0.136095 0.004070
2 0.081533 0.262027 0.159956 0.144029 0.017986
2 0.093129 0.264268 0.183581 0.144135 0.029312
2 0.102078 0.261859 0.201829 0.138974 0.047426
2 0.105381 0.264761 0.205224 0.142630 0.047426
2 0.107800 0.265252 0.209966 0.142360 0.004070
2 0.149929 0.274763 0.116885 0.111813 0.004070
2 0.156660 0.278399 0.103673 0.108590 0.029312
2 0.172234 0.282385 0.072420 0.099411 0.006693
2 0.183126 0.285602 0.052924 0.104173 0.002473
2 0.078244 0.269786 0.150735 0.165351 0.004070
2 0.090560 0.272720 0.178403 0.176049 0.002473
2 0.101209 0.273852 0.199743 0.173564 0.010987
2 0.103465 0.280422 0.207569 0.170545 0.004070
2 0.105481 0.286085 0.207887 0.190406 0.004070
2 0.105884 0.289673 0.206829 0.187288 0.010987
2 0.122229 0.285123 0.172098 0.164279 0.017986
2 0.148677 0.281520 0.119504 0.135648 0.017986
2 0.157737 0.284536 0.103671 0.130470 0.119203
2 0.169792 0.289110 0.077427 0.117910 0.029312
2 0.180319 0.291762 0.056411 0.115936 0.010987
2 0.188499 0.290586 0.042277 0.109506 0.002473
2 0.248572 0.289060 0.078579 0.110911 0.002473
2 0.248349 0.286774 0.078783 0.109831 0.002473
2 0.353364 0.278719 0.135101 0.141142 0.006693
2 0.353152 0.278628 0.137691 0.145891 0.817575
2 0.351155 0.278597 0.138031 0.145954 0.817575
2 0.141669 0.305746 0.133587 0.192154 0.010987
2 0.156637 0.294214 0.103735 0.142417 0.075858
2 0.170191 0.294328 0.078789 0.126887 0.047426
2 0.176695 0.293013 0.063658 0.118512 0.029312
2 0.184891 0.291733 0.047313 0.116124 0.017986
2 0.249007 0.289493 0.078999 0.111389 0.001501
2 0.353357 0.278660 0.135115 0.145928 0.880797
2 0.352733 0.278668 0.136450 0.145862 0.880797
2 0.351639 0.277543 0.138537 0.143608 0.880797
2 0.352070 0.278660 0.137788 0.145939 0.880797
2 0.103727 0.340525 0.207620 0.216014 0.001501
2 0.103410 0.340510 0.210106 0.214902 0.004070
2 0.158939 0.309482 0.099112 0.171796 0.010987
2 0.169697 0.293046 0.079779 0.120488 0.029312
2 0.173652 0.292209 0.071906 0.117114 0.029312
2 0.183322 0.292698 0.052619 0.115547 0.017986
2 0.251046 0.310216 0.070336 0.054075 0.001501
2 0.353854 0.279910 0.136141 0.148516 0.880797
2 0.353251 0.278664 0.137489 0.145913 0.817575
2 0.351135 0.281215 0.137980 0.145907 0.817575
2 0.351970 0.281151 0.138008 0.146047 0.817575
2 0.102893 0.340173 0.209447 0.213702 0.002473
2 0.173346 0.301919 0.068720 0.136836 0.004070
2 0.177497 0.295668 0.062059 0.122133 0.006693
2 0.186154 0.299814 0.044873 0.118516 0.002473
2 0.069981 0.266158 0.145586 0.367854 0.001170
2 0.100816 0.292660 0.199895 0.307174 0.004070
2 0.103374 0.303089 0.210179 0.281599 0.002473
3 0.074920 0.248004 0.147062 0.116771 0.001501
3 0.076987 0.257939 0.151228 0.136095 0.001501
3 0.081533 0.262027 0.159956 0.144029 0.002473
3 0.156660 0.278399 0.103673 0.108590 0.001501
3 0.172234 0.282385 0.072420 0.099411 0.002473
3 0.183126 0.285602 0.052924 0.104173 0.004070
3 0.157737 0.284536 0.103671 0.130470 0.002473
3 0.169792 0.289110 0.077427 0.117910 0.002473
3 0.180319 0.291762 0.056411 0.115936 0.002473
3 0.188499 0.290586 0.042277 0.109506 0.001501
3 0.156637 0.294214 0.103735 0.142417 0.001501
3 0.170191 0.294328 0.078789 0.126887 0.002473
3 0.176695 0.293013 0.063658 0.118512 0.002473
3 0.184891 0.291733 0.047313 0.116124 0.001501
4 0.554856 0.328452 0.015555 0.038280 0.004070
