0 0.330569 0.318545 0.008108 0.040587 0.002473
0 0.481258 0.313519 0.015858 0.034681 0.004070
0 0.332248 0.322236 0.006575 0.036310 0.001501
1 0.982387 0.311424 0.032209 0.130420 0.001501
1 0.975483 0.315486 0.049244 0.129421 0.001501
1 0.978043 0.314310 0.043963 0.129664 0.004070
1 0.980461 0.312665 0.039138 0.127846 0.006693
1 0.975083 0.312102 0.050031 0.126257 0.006693
1 0.976175 0.312589 0.047688 0.125797 0.004070
1 0.978084 0.312121 0.043867 0.126577 0.004070
1 0.140653 0.326506 0.063492 0.022997 0.002473
1 0.139283 0.325892 0.061435 0.021752 0.001501
1 0.139553 0.326365 0.059835 0.022752 0.002473
1 0.139992 0.327177 0.061977 0.024439 0.001501
1 0.353275 0.327369 0.037446 0.029788 0.500000
1 0.354593 0.328225 0.037478 0.026385 0.268941
1 0.354205 0.328214 0.039346 0.026408 0.268941
1 0.476927 0.324147 0.025941 0.018514 0.006693
1 0.480045 0.322889 0.021605 0.020967 0.017986
1 0.498698 0.322934 0.050290 0.021054 0.017986
1 0.503061 0.321643 0.044498 0.023509 0.017986
1 0.512320 0.324178 0.036862 0.018391 0.017986
1 0.526271 0.324197 0.014614 0.018361 0.119203
1 0.556711 0.334468 0.046367 0.049134 0.817575
1 0.557207 0.332198 0.045202 0.049106 0.817575
1 0.557191 0.332212 0.045245 0.049072 0.817575
1 0.559132 0.332803 0.046258 0.046329 0.001501
1 0.658797 0.331853 0.017703 0.033909 0.010987
1 0.660418 0.330555 0.017878 0.037184 0.002473
1 0.971740 0.324241 0.053436 0.105334 0.010987
1 0.975781 0.313999 0.048618 0.123072 0.006693
1 0.975891 0.312448 0.048253 0.120641 0.004070
1 0.976683 0.312615 0.046715 0.122530 0.004070
1 0.353905 0.330818 0.038791 0.027132 0.006693
1 0.354085 0.329696 0.039398 0.029351 0.010987
1 0.357316 0.330172 0.043192 0.030543 0.002473
1 0.556828 0.334461 0.044442 0.049178 0.817575
1 0.557206 0.334448 0.045205 0.049127 0.817575
1 0.557189 0.333322 0.045207 0.046836 0.880797
1 0.558169 0.334480 0.047512 0.049681 0.002473
1 0.659084 0.332245 0.018233 0.034359 0.006693
1 0.659888 0.329936 0.019666 0.035595 0.002473
1 0.975806 0.320529 0.048515 0.109582 0.006693
1 0.975858 0.317322 0.048318 0.111128 0.006693
1 0.976701 0.318165 0.046680 0.112745 0.004070
1 0.975731 0.327798 0.048829 0.096817 0.002473
1 0.975762 0.325232 0.048497 0.102273 0.006693
2 0.980538 0.296368 0.042193 0.208614 0.001501
2 0.990602 0.296072 0.018928 0.194316 0.004070
2 0.973272 0.313239 0.051067 0.130926 0.010987
2 0.980104 0.314508 0.039856 0.127320 0.075858
2 0.982387 0.311424 0.032209 0.130420 0.075858
2 0.975483 0.315486 0.049244 0.129421 0.017986
2 0.978043 0.314310 0.043963 0.129664 0.075858
2 0.980461 0.312665 0.039138 0.127846 0.182426
2 0.975083 0.312102 0.050031 0.126257 0.006693
2 0.976175 0.312589 0.047688 0.125797 0.017986
2 0.978084 0.312121 0.043867 0.126577 0.029312
2 0.975781 0.313999 0.048618 0.123072 0.002473
2 0.975891 0.312448 0.048253 0.120641 0.002473
2 0.976683 0.312615 0.046715 0.122530 0.004070
2 0.824773 0.235878 0.312483 0.467619 0.005220
2 0.843169 0.236744 0.351096 0.469734 0.001927
2 0.798944 0.236963 0.257425 0.474155 0.060087
2 0.809827 0.236756 0.279154 0.473016 0.320821
2 0.823084 0.233713 0.310651 0.466330 0.182426
2 0.834900 0.232919 0.334271 0.460449 0.222700
2 0.844851 0.237902 0.357702 0.464181 0.095349
2 0.798490 0.235947 0.256556 0.470446 0.148047
2 0.811381 0.234971 0.284717 0.469263 0.268941
2 0.822374 0.232981 0.306833 0.460113 0.182426
2 0.832751 0.234087 0.327498 0.456632 0.119203
2 0.838534 0.236424 0.342513 0.464773 0.060087
2 0.825879 0.233248 0.313786 0.465221 0.008577
2 0.833140 0.232987 0.328300 0.463489 0.008577
5 0.377249 0.337599 0.014806 0.045383 0.001501
5 0.123677 0.355495 0.035638 0.075568 0.001501
