0 0.171431 0.321061 0.014819 0.028190 0.002473
0 0.245741 0.333154 0.008557 0.042092 0.010987
0 0.259013 0.330701 0.010102 0.046950 0.002473
0 0.246132 0.333191 0.007758 0.042011 0.004070
0 0.259715 0.331558 0.011515 0.045269 0.001501
1 0.081433 0.336667 0.146605 0.076046 0.001501
1 0.091559 0.324642 0.118952 0.048984 0.006693
1 0.105687 0.321161 0.091687 0.040391 0.006693
1 0.108076 0.319409 0.078287 0.038128 0.004070
1 0.114627 0.319371 0.086397 0.037899 0.001501
1 0.494757 0.312686 0.050322 0.073159 0.010987
1 0.495791 0.294485 0.052338 0.109583 0.001501
1 0.074388 0.362709 0.151940 0.114401 0.004070
1 0.075584 0.360469 0.150128 0.112198 0.029312
1 0.078051 0.358127 0.143009 0.110680 0.075858
1 0.094599 0.350475 0.109380 0.095370 0.047426
1 0.100477 0.340521 0.096519 0.074275 0.029312
1 0.106514 0.331845 0.085036 0.058410 0.047426
1 0.120923 0.330004 0.090126 0.056103 0.010987
1 0.340665 0.332227 0.062468 0.049130 0.500000
1 0.342974 0.330932 0.060866 0.046521 0.731059
1 0.342092 0.330931 0.059933 0.046535 0.817575
1 0.341458 0.332202 0.061234 0.049067 0.731059
1 0.342374 0.333355 0.059579 0.046881 0.731059
1 0.449803 0.335118 0.019230 0.050947 0.006693
1 0.450600 0.330848 0.018131 0.046925 0.017986
1 0.483336 0.326603 0.050828 0.044362 0.002473
1 0.494616 0.325202 0.045514 0.052792 0.075858
1 0.494259 0.323420 0.047207 0.051797 0.268941
1 0.494173 0.318785 0.048192 0.065404 0.029312
1 0.611025 0.327671 0.020018 0.017203 0.002473
1 0.621612 0.327884 0.025260 0.021187 0.017986
1 0.622962 0.327925 0.026458 0.021295 0.017986
1 0.665780 0.329874 0.026693 0.021792 0.002473
1 0.665797 0.329851 0.025437 0.025216 0.004070
1 0.074682 0.366860 0.149506 0.125474 0.017986
1 0.076553 0.365584 0.153492 0.125140 0.029312
1 0.077244 0.365484 0.155910 0.124940 0.047426
1 0.082310 0.364710 0.148630 0.124597 0.029312
1 0.089160 0.365491 0.130950 0.124928 0.017986
1 0.113729 0.363884 0.110085 0.122913 0.010987
1 0.129992 0.363136 0.108572 0.123654 0.001501
1 0.340407 0.332143 0.060769 0.049299 0.377541
1 0.342033 0.333302 0.062764 0.046856 0.622459
1 0.340884 0.332186 0.060176 0.049107 0.731059
1 0.342226 0.332192 0.059766 0.049108 0.731059
1 0.342467 0.333306 0.059423 0.051402 0.731059
1 0.448512 0.334590 0.019439 0.050150 0.001501
1 0.450533 0.332081 0.018224 0.049890 0.006693
1 0.488318 0.327446 0.056743 0.048763 0.006693
1 0.494366 0.325291 0.045283 0.052711 0.377541
1 0.493761 0.325168 0.046145 0.052952 0.268941
1 0.494060 0.324300 0.047192 0.054737 0.182426
1 0.667261 0.333000 0.027507 0.029247 0.001501
1 0.071702 0.365612 0.143389 0.129584 0.002473
1 0.077459 0.365145 0.157997 0.127029 0.010987
1 0.083652 0.365527 0.166889 0.126216 0.017986
1 0.091423 0.365484 0.172150 0.126401 0.010987
1 0.096103 0.365750 0.154131 0.126528 0.006693
1 0.120772 0.365195 0.127160 0.126926 0.006693
1 0.099281 0.366027 0.159801 0.125306 0.002473
1 0.110538 0.365408 0.143861 0.127298 0.001501
1 0.122709 0.365677 0.125864 0.128781 0.002473
2 0.495368 0.291947 0.056292 0.106542 0.268941
2 0.495799 0.292042 0.055337 0.105441 0.622459
2 0.496391 0.291896 0.054231 0.103729 0.731059
2 0.497162 0.291189 0.055790 0.100513 0.500000
2 0.496089 0.292776 0.054856 0.107735 0.377541
2 0.496043 0.293263 0.054760 0.107486 0.622459
2 0.497156 0.293528 0.055727 0.106192 0.622459
2 0.497579 0.290464 0.055005 0.101877 0.731059
2 0.804849 0.316819 0.244683 0.194026 0.001501
2 0.804402 0.315699 0.242441 0.196614 0.731059
2 0.804285 0.313858 0.242245 0.200455 0.924142
2 0.144503 0.308349 0.095848 0.044125 0.006693
2 0.494757 0.312686 0.050322 0.073159 0.029312
2 0.495791 0.294485 0.052338 0.109583 0.075858
2 0.495385 0.293564 0.053294 0.107312 0.500000
2 0.497147 0.289901 0.055805 0.100698 0.377541
2 0.805021 0.315156 0.243707 0.193197 0.047426
2 0.803918 0.313109 0.242781 0.197400 0.817575
2 0.803595 0.315135 0.242903 0.197978 0.880797
2 0.807043 0.314857 0.245048 0.198439 0.182426
2 0.078051 0.358127 0.143009 0.110680 0.001501
2 0.094599 0.350475 0.109380 0.095370 0.004070
2 0.100477 0.340521 0.096519 0.074275 0.004070
2 0.106514 0.331845 0.085036 0.058410 0.004070
2 0.515453 0.314867 0.027580 0.042813 0.001501
2 0.805007 0.315256 0.244118 0.189379 0.010987
2 0.803173 0.312554 0.241544 0.194782 0.731059
2 0.803107 0.313304 0.241057 0.196925 0.731059
2 0.074682 0.366860 0.149506 0.125474 0.010987
2 0.076553 0.365584 0.153492 0.125140 0.010987
2 0.077244 0.365484 0.155910 0.124940 0.006693
2 0.082310 0.364710 0.148630 0.124597 0.004070
2 0.089160 0.365491 0.130950 0.124928 0.002473
2 0.113729 0.363884 0.110085 0.122913 0.001501
2 0.071702 0.365612 0.143389 0.129584 0.004070
2 0.077459 0.365145 0.157997 0.127029 0.017986
2 0.083652 0.365527 0.166889 0.126216 0.017986
2 0.091423 0.365484 0.172150 0.126401 0.006693
2 0.096103 0.365750 0.154131 0.126528 0.004070
2 0.120772 0.365195 0.127160 0.126926 0.001501
2 0.804880 0.314384 0.243715 0.198934 0.022977
2 0.805136 0.314776 0.246130 0.198331 0.777300
2 0.804399 0.314946 0.244504 0.203226 0.622459
2 0.804686 0.315911 0.244252 0.201076 0.017986
2 0.804360 0.313284 0.244740 0.197078 0.001501
2 0.806325 0.313996 0.246521 0.195378 0.777300
2 0.804402 0.314055 0.244529 0.200234 0.817575
2 0.804685 0.315283 0.244267 0.198036 0.148047
3 0.050980 0.272311 0.105207 0.371745 0.001501
3 0.039250 0.271989 0.080427 0.374025 0.001501
3 0.049512 0.272599 0.100168 0.363378 0.001501
3 0.051687 0.273986 0.104056 0.354665 0.002473
3 0.036672 0.330183 0.073314 0.240767 0.002473
3 0.041187 0.316741 0.082461 0.232654 0.001501
3 0.043207 0.336495 0.086497 0.183603 0.002473
3 0.074682 0.366860 0.149506 0.125474 0.004070
3 0.052897 0.261523 0.102220 0.366093 0.003173
3 0.051890 0.262579 0.100960 0.358263 0.001927
3 0.052936 0.265135 0.103767 0.347512 0.047426
3 0.052375 0.266888 0.101624 0.339404 0.017986
3 0.058531 0.259646 0.116847 0.352157 0.001170
3 0.052126 0.266900 0.102276 0.343538 0.060087
3 0.053896 0.267831 0.104772 0.332202 0.047426
3 0.065006 0.265797 0.129963 0.336853 0.008577
3 0.056257 0.275787 0.109661 0.313210 0.010987
3 0.080196 0.285319 0.163406 0.290764 0.004070
4 0.424178 0.346123 0.027206 0.074475 0.001501
4 0.448512 0.334590 0.019439 0.050150 0.004070
4 0.450533 0.332081 0.018224 0.049890 0.001501
4 0.091423 0.365484 0.172150 0.126401 0.001501
4 0.096103 0.365750 0.154131 0.126528 0.001501
4 0.120772 0.365195 0.127160 0.126926 0.001501
4 0.423568 0.344811 0.028324 0.076504 0.002473
4 0.441831 0.337577 0.023312 0.062185 0.001501
5 0.423274 0.341311 0.021945 0.058490 0.006693
5 0.425005 0.342337 0.025450 0.065850 0.010987
5 0.449803 0.335118 0.019230 0.050947 0.004070
5 0.392936 0.338044 0.034707 0.066174 0.001501
5 0.424208 0.344043 0.026786 0.069855 0.017986
5 0.424178 0.346123 0.027206 0.074475 0.029312
5 0.448512 0.334590 0.019439 0.050150 0.006693
5 0.450533 0.332081 0.018224 0.049890 0.004070
5 0.120772 0.365195 0.127160 0.126926 0.001501
5 0.382192 0.347748 0.014639 0.085445 0.001501
5 0.398399 0.349899 0.043968 0.099166 0.002473
5 0.407237 0.349042 0.043877 0.093349 0.002473
5 0.422783 0.344838 0.026648 0.072323 0.029312
5 0.423568 0.344811 0.028324 0.076504 0.047426
5 0.441831 0.337577 0.023312 0.062185 0.002473
5 0.122709 0.365677 0.125864 0.128781 0.002473
5 0.384994 0.356559 0.017245 0.109648 0.004070
5 0.398091 0.351458 0.043344 0.111293 0.002473
5 0.402852 0.349300 0.043642 0.102192 0.002473
5 0.422144 0.346742 0.030821 0.089340 0.006693
5 0.423477 0.346473 0.029414 0.090190 0.010987
5 0.384687 0.359671 0.013782 0.114678 0.002473
5 0.394917 0.353133 0.036928 0.128994 0.001501
