0 0.189708 0.350960 0.055601 0.102093 0.001501
0 0.200946 0.351119 0.024403 0.110896 0.029312
0 0.203818 0.351030 0.026067 0.102630 0.017986
0 0.199919 0.363538 0.022878 0.096967 0.006693
0 0.201898 0.360012 0.025418 0.100425 0.006693
1 0.171463 0.319618 0.098506 0.158361 0.002473
1 0.171691 0.331818 0.096092 0.134323 0.047426
1 0.172644 0.342315 0.095839 0.113335 0.006693
1 0.177044 0.347709 0.084719 0.096373 0.017986
1 0.202394 0.340947 0.036727 0.076496 0.001501
1 0.239981 0.327612 0.033240 0.025259 0.006693
1 0.242113 0.327566 0.033689 0.025112 0.002473
1 0.245319 0.327881 0.036122 0.021458 0.002473
1 0.820077 0.339130 0.056961 0.040185 0.004070
1 0.827511 0.339262 0.048722 0.035889 0.004070
1 0.827034 0.339157 0.046144 0.035677 0.004070
1 0.827386 0.338800 0.046354 0.036842 0.006693
1 0.032386 0.351583 0.029191 0.041734 0.268941
1 0.032303 0.351599 0.028979 0.041689 0.500000
1 0.033761 0.351613 0.030793 0.041718 0.377541
1 0.041539 0.350429 0.048135 0.039569 0.029312
1 0.075815 0.346347 0.023618 0.021098 0.002473
1 0.075106 0.346338 0.022124 0.020967 0.006693
1 0.096989 0.345094 0.024346 0.018529 0.002473
1 0.099170 0.345420 0.024188 0.024399 0.002473
1 0.165083 0.334576 0.095267 0.129874 0.001501
1 0.170475 0.338819 0.099467 0.120633 0.029312
1 0.170488 0.348098 0.097809 0.107654 0.017986
1 0.170640 0.350092 0.097612 0.103623 0.029312
1 0.176309 0.349184 0.085222 0.099286 0.047426
1 0.205735 0.342681 0.029599 0.076254 0.002473
1 0.209176 0.338663 0.025982 0.061872 0.002473
1 0.261713 0.340363 0.026858 0.014933 0.002473
1 0.261129 0.341862 0.029002 0.012265 0.006693
1 0.491233 0.354112 0.068345 0.041744 0.075858
1 0.492049 0.352934 0.069858 0.044428 0.047426
1 0.491105 0.354215 0.068588 0.046964 0.047426
1 0.490761 0.354204 0.068824 0.046965 0.047426
1 0.490780 0.355473 0.069672 0.044412 0.119203
1 0.765608 0.358593 0.093732 0.074455 0.880797
1 0.764968 0.358600 0.092023 0.074469 0.817575
1 0.765441 0.358596 0.094100 0.074480 0.880797
1 0.826731 0.341961 0.047925 0.038528 0.006693
1 0.826740 0.342315 0.047011 0.037913 0.010987
1 0.826114 0.341276 0.048221 0.035803 0.017986
1 0.828217 0.341035 0.049864 0.036436 0.017986
1 0.897363 0.362040 0.081071 0.114519 0.731059
1 0.897629 0.360473 0.080286 0.112510 0.731059
1 0.896459 0.361739 0.079240 0.115130 0.731059
1 0.032283 0.352863 0.028975 0.039240 0.268941
1 0.032473 0.352878 0.028650 0.039202 0.377541
1 0.032881 0.351597 0.029471 0.041799 0.268941
1 0.041989 0.352854 0.049183 0.039589 0.029312
1 0.109087 0.352535 0.022646 0.044707 0.001501
1 0.124806 0.353564 0.031999 0.058539 0.001501
1 0.140104 0.340708 0.051773 0.110538 0.002473
1 0.169551 0.343493 0.100509 0.116293 0.010987
1 0.170781 0.347107 0.097862 0.105480 0.075858
1 0.172661 0.348381 0.095218 0.101524 0.119203
1 0.189708 0.350960 0.055601 0.102093 0.006693
1 0.206276 0.344562 0.028443 0.080103 0.002473
1 0.208368 0.341084 0.025450 0.064779 0.002473
1 0.490942 0.352879 0.068448 0.044562 0.029312
1 0.491594 0.352857 0.070737 0.044580 0.029312
1 0.491697 0.352939 0.069823 0.044637 0.047426
1 0.491534 0.352927 0.070668 0.044536 0.047426
1 0.490930 0.352898 0.068676 0.044450 0.075858
1 0.764125 0.356517 0.090762 0.069019 0.880797
1 0.764862 0.357374 0.092223 0.071806 0.880797
1 0.765031 0.357353 0.091866 0.071873 0.880797
1 0.765623 0.357376 0.093740 0.071825 0.880797
1 0.826210 0.344996 0.052246 0.044328 0.001501
1 0.827107 0.344967 0.050119 0.044307 0.002473
1 0.827728 0.344989 0.052450 0.044505 0.002473
1 0.897094 0.361514 0.080960 0.110713 0.817575
1 0.897237 0.362096 0.080813 0.114441 0.817575
1 0.897465 0.361430 0.081017 0.115772 0.731059
1 0.897277 0.361436 0.080886 0.115703 0.731059
1 0.965409 0.387716 0.072296 0.233968 0.622459
1 0.964975 0.387962 0.070082 0.234230 0.622459
1 0.964671 0.388351 0.070772 0.237577 0.731059
1 0.141954 0.344265 0.055108 0.115322 0.001501
1 0.164658 0.344351 0.098554 0.117379 0.004070
1 0.169796 0.347807 0.095616 0.113434 0.017986
1 0.176247 0.347536 0.085089 0.110116 0.010987
1 0.765590 0.356967 0.093678 0.072658 0.880797
1 0.765029 0.357379 0.091851 0.071835 0.924142
1 0.764685 0.356969 0.092583 0.072686 0.924142
1 0.897594 0.361392 0.080440 0.115732 0.731059
1 0.897595 0.360684 0.080472 0.117269 0.731059
1 0.897305 0.360643 0.080932 0.117237 0.731059
1 0.965020 0.385038 0.070153 0.240272 0.731059
1 0.965711 0.385983 0.071682 0.241882 0.622459
1 0.964170 0.386534 0.068622 0.240257 0.622459
1 0.965835 0.387739 0.071469 0.240181 0.731059
1 0.964559 0.385273 0.070951 0.246525 0.622459
1 0.964542 0.385144 0.070938 0.247746 0.731059
1 0.965436 0.384803 0.072271 0.249221 0.731059
2 0.173848 0.298426 0.087989 0.187361 0.377541
2 0.173419 0.298277 0.088959 0.186736 0.500000
2 0.173432 0.296758 0.089668 0.187733 0.622459
2 0.171983 0.295107 0.092172 0.179759 0.377541
2 0.551901 0.311069 0.246854 0.142709 0.500000
2 0.552370 0.311282 0.238090 0.142494 0.817575
2 0.554037 0.311991 0.234611 0.143788 0.880797
2 0.950211 0.307194 0.099760 0.239613 0.001501
2 0.005722 0.321362 0.011475 0.099733 0.002473
2 0.173189 0.298430 0.092340 0.186585 0.622459
2 0.173459 0.296805 0.090709 0.188341 0.622459
2 0.172836 0.295225 0.092634 0.186384 0.731059
2 0.173512 0.294309 0.091721 0.178695 0.500000
2 0.554469 0.312108 0.246800 0.143561 0.622459
2 0.554935 0.312261 0.236936 0.142493 0.880797
2 0.555297 0.312245 0.233356 0.142529 0.924142
2 0.555019 0.313270 0.234084 0.141843 0.731059
2 0.005599 0.324465 0.011248 0.079737 0.002473
2 0.172167 0.303161 0.096736 0.186974 0.010987
2 0.171895 0.301104 0.095633 0.189990 0.622459
2 0.172305 0.300722 0.095268 0.191221 0.500000
2 0.175038 0.302963 0.091002 0.183647 0.001501
2 0.349338 0.321973 0.142771 0.092695 0.880797
2 0.349459 0.321977 0.142760 0.092724 0.880797
2 0.350498 0.321295 0.140834 0.091389 0.880797
2 0.558178 0.313604 0.240797 0.143674 0.377541
2 0.557205 0.312949 0.233007 0.144969 0.731059
2 0.556494 0.312627 0.233866 0.143674 0.817575
2 0.556331 0.312732 0.231467 0.144676 0.010987
2 0.004877 0.324845 0.012927 0.084366 0.001501
2 0.171463 0.319618 0.098506 0.158361 0.002473
2 0.171691 0.331818 0.096092 0.134323 0.002473
2 0.349683 0.322919 0.141174 0.090932 0.075858
2 0.349353 0.322027 0.142749 0.092703 0.880797
2 0.349518 0.322025 0.142621 0.092699 0.880797
2 0.349670 0.321995 0.141001 0.092700 0.880797
2 0.350164 0.320842 0.141621 0.095030 0.731059
2 0.559305 0.315186 0.232795 0.141764 0.001501
2 0.559248 0.313960 0.231642 0.142977 0.002473
2 0.349290 0.322049 0.142500 0.092636 0.880797
2 0.350011 0.320909 0.141417 0.094916 0.817575
2 0.350472 0.320899 0.140732 0.094868 0.880797
2 0.490942 0.352879 0.068448 0.044562 0.004070
2 0.553187 0.301239 0.240403 0.167828 0.320821
2 0.551936 0.300115 0.240012 0.169844 0.022977
2 0.962650 0.257967 0.074946 0.427635 0.001170
2 0.962609 0.297419 0.072751 0.395343 0.002473
3 0.552370 0.311282 0.238090 0.142494 0.001501
3 0.554037 0.311991 0.234611 0.143788 0.002473
3 0.555297 0.312245 0.233356 0.142529 0.001501
3 0.553187 0.301239 0.240403 0.167828 0.004070
