0 0.279710 0.238840 0.012582 0.040424 0.002473
0 0.314884 0.253334 0.021926 0.043974 0.002473
0 0.316575 0.250942 0.020719 0.044106 0.004070
0 0.336170 0.267423 0.014527 0.087566 0.001501
0 0.341330 0.307757 0.017717 0.157701 0.006693
0 0.354901 0.312822 0.018540 0.157912 0.017986
0 0.363432 0.312793 0.031891 0.158555 0.004070
0 0.319942 0.258151 0.032226 0.048016 0.001501
0 0.318279 0.256105 0.024837 0.048053 0.004070
0 0.334991 0.277149 0.014333 0.084827 0.001501
0 0.347947 0.304871 0.017964 0.139905 0.010987
0 0.354897 0.308240 0.020098 0.143580 0.047426
0 0.367272 0.311261 0.025264 0.137634 0.268941
0 0.336038 0.284775 0.016838 0.095145 0.002473
0 0.348862 0.301962 0.017108 0.131636 0.047426
0 0.357396 0.307287 0.023197 0.140475 0.119203
0 0.365341 0.310653 0.027366 0.133931 0.500000
0 0.395534 0.314041 0.013103 0.077332 0.004070
0 0.405320 0.313307 0.014423 0.075883 0.004070
0 0.445771 0.304528 0.008653 0.058396 0.001501
0 0.462581 0.300934 0.013853 0.055211 0.006693
0 0.464376 0.302070 0.011732 0.057404 0.268941
0 0.336740 0.295542 0.022077 0.084133 0.002473
0 0.348504 0.304210 0.016507 0.127448 0.029312
0 0.364019 0.307417 0.028396 0.140540 0.182426
0 0.364736 0.310954 0.026405 0.137949 0.622459
0 0.400146 0.321805 0.017407 0.079985 0.006693
0 0.406876 0.322630 0.014417 0.072980 0.006693
0 0.447221 0.307121 0.011538 0.052597 0.004070
0 0.460543 0.303467 0.011597 0.054464 0.004070
0 0.464103 0.302117 0.011210 0.057322 0.268941
0 0.348076 0.304188 0.015490 0.124361 0.017986
0 0.364043 0.308989 0.028444 0.141923 0.377541
0 0.364731 0.310176 0.026480 0.139362 0.622459
0 0.402022 0.323751 0.021145 0.076166 0.001501
0 0.403175 0.325030 0.021878 0.072779 0.001501
0 0.446536 0.307314 0.010157 0.052465 0.004070
0 0.462048 0.302163 0.013511 0.057360 0.004070
0 0.464907 0.302111 0.010689 0.052840 0.268941
0 0.348360 0.306312 0.016142 0.121396 0.047426
0 0.363959 0.310198 0.028284 0.139413 0.500000
0 0.363775 0.311147 0.030557 0.137402 0.622459
0 0.351990 0.310457 0.021393 0.136824 0.006693
0 0.363952 0.313046 0.028273 0.137368 0.500000
0 0.364542 0.313561 0.029025 0.132692 0.622459
0 0.993731 0.368914 0.012573 0.242607 0.010987
0 0.993739 0.376653 0.012537 0.223128 0.029312
0 0.994506 0.383069 0.011004 0.211081 0.047426
0 0.993738 0.387339 0.012541 0.205389 0.047426
0 0.994496 0.406561 0.014085 0.167532 0.029312
0 0.993730 0.408853 0.012557 0.184090 0.006693
1 0.596062 0.315049 0.054812 0.083430 0.817575
1 0.596095 0.316207 0.054739 0.081165 0.004070
1 0.991576 0.297378 0.016884 0.073088 0.002473
1 0.508913 0.315077 0.032252 0.041782 0.268941
1 0.510023 0.313769 0.033013 0.039151 0.817575
1 0.510147 0.312496 0.032807 0.041709 0.817575
1 0.533515 0.310660 0.014026 0.022146 0.119203
1 0.538156 0.310338 0.024359 0.021539 0.002473
1 0.560714 0.312251 0.012001 0.028234 0.002473
1 0.596094 0.317345 0.054745 0.083440 0.817575
1 0.596079 0.317087 0.054752 0.087446 0.880797
1 0.596287 0.315067 0.054379 0.083375 0.880797
1 0.991269 0.307050 0.014485 0.093880 0.001501
1 0.484314 0.314486 0.012948 0.032829 0.001501
1 0.509845 0.313792 0.033400 0.039186 0.268941
1 0.509082 0.312527 0.031841 0.041702 0.817575
1 0.509960 0.313774 0.033170 0.039192 0.817575
1 0.532869 0.312219 0.015819 0.024634 0.010987
1 0.541568 0.312871 0.030291 0.025235 0.006693
1 0.560730 0.314416 0.013568 0.028366 0.006693
1 0.597144 0.317328 0.055726 0.083368 0.817575
1 0.596273 0.317330 0.054356 0.083369 0.817575
1 0.597063 0.315074 0.052771 0.083377 0.880797
1 0.596563 0.316268 0.053867 0.085851 0.010987
1 0.596361 0.316231 0.054164 0.085610 0.731059
1 0.596668 0.317336 0.053580 0.083334 0.817575
1 0.596560 0.316220 0.053780 0.085589 0.880797
1 0.993731 0.368914 0.012573 0.242607 0.001501
1 0.173493 0.327869 0.350143 0.406006 0.004070
1 0.174226 0.327679 0.351900 0.405560 0.008577
1 0.173447 0.332039 0.346959 0.414192 0.924142
1 0.173452 0.328219 0.350029 0.411731 0.939913
1 0.173406 0.327116 0.353354 0.409461 0.924142
1 0.176654 0.326827 0.352998 0.408902 0.904651
1 0.174161 0.330734 0.348431 0.411354 0.924142
1 0.173484 0.329557 0.353114 0.409049 0.939913
1 0.174155 0.329747 0.354900 0.404214 0.924142
1 0.175875 0.328141 0.354503 0.406271 0.880797
1 0.731145 0.361318 0.262524 0.238382 0.679179
1 0.731362 0.361132 0.262788 0.237692 0.924142
1 0.731246 0.361400 0.262542 0.238061 0.924142
1 0.730720 0.361506 0.264408 0.238497 0.924142
1 0.175022 0.329671 0.353207 0.409036 0.777300
1 0.174135 0.327327 0.354923 0.409156 0.817575
1 0.731186 0.362840 0.262493 0.236072 0.924142
1 0.730451 0.362982 0.264103 0.236370 0.939913
1 0.731372 0.361934 0.262793 0.238955 0.939913
1 0.730593 0.361626 0.264211 0.238464 0.924142
1 0.731353 0.363179 0.262961 0.236703 0.924142
1 0.730653 0.363571 0.264435 0.237463 0.924142
1 0.730770 0.361425 0.264338 0.242600 0.777300
4 0.400146 0.321805 0.017407 0.079985 0.001501
4 0.406876 0.322630 0.014417 0.072980 0.001501
4 0.402022 0.323751 0.021145 0.076166 0.119203
4 0.403175 0.325030 0.021878 0.072779 0.075858
4 0.348360 0.306312 0.016142 0.121396 0.002473
4 0.402761 0.326545 0.022616 0.071616 0.182426
4 0.402909 0.326709 0.022339 0.068668 0.268941
4 0.408923 0.324810 0.024447 0.064965 0.004070
4 0.401520 0.328272 0.025287 0.077716 0.010987
4 0.403064 0.328399 0.025095 0.077421 0.010987
4 0.993739 0.376653 0.012537 0.223128 0.002473
4 0.994506 0.383069 0.011004 0.211081 0.004070
4 0.993738 0.387339 0.012541 0.205389 0.004070
4 0.994496 0.406561 0.014085 0.167532 0.006693
4 0.993730 0.408853 0.012557 0.184090 0.002473
5 0.400146 0.321805 0.017407 0.079985 0.004070
5 0.406876 0.322630 0.014417 0.072980 0.010987
5 0.402022 0.323751 0.021145 0.076166 0.010987
5 0.403175 0.325030 0.021878 0.072779 0.017986
5 0.348360 0.306312 0.016142 0.121396 0.002473
5 0.402761 0.326545 0.022616 0.071616 0.010987
5 0.402909 0.326709 0.022339 0.068668 0.029312
5 0.408923 0.324810 0.024447 0.064965 0.002473
5 0.993731 0.368914 0.012573 0.242607 0.001501
