0 0.314703 0.251542 0.026493 0.040399 0.002473
0 0.316826 0.252069 0.024064 0.046362 0.004070
0 0.348482 0.298873 0.022239 0.140484 0.029312
0 0.353366 0.304570 0.018325 0.146125 0.029312
0 0.363294 0.313628 0.033811 0.166138 0.001501
0 0.317804 0.253389 0.032800 0.038479 0.002473
0 0.317884 0.256051 0.029052 0.043738 0.004070
0 0.347875 0.298548 0.021021 0.132777 0.075858
0 0.351655 0.300023 0.018713 0.141702 0.075858
0 0.368183 0.316226 0.022337 0.127743 0.500000
0 0.371092 0.312878 0.025201 0.126719 0.002473
0 0.336092 0.289462 0.016538 0.085742 0.002473
0 0.348541 0.299819 0.019378 0.124951 0.119203
0 0.349369 0.300212 0.020642 0.142054 0.119203
0 0.367644 0.314879 0.022947 0.129996 0.622459
0 0.370235 0.312574 0.025327 0.114795 0.001501
0 0.394573 0.315624 0.014616 0.081242 0.002473
0 0.405981 0.315070 0.016207 0.075728 0.004070
0 0.465280 0.303988 0.011508 0.053111 0.017986
0 0.338933 0.298146 0.022386 0.094604 0.001501
0 0.348036 0.302565 0.018361 0.126864 0.119203
0 0.349498 0.302926 0.020641 0.137436 0.029312
0 0.367457 0.315105 0.023197 0.125104 0.622459
0 0.370894 0.313454 0.026580 0.115527 0.001501
0 0.400304 0.322768 0.019946 0.078021 0.006693
0 0.405805 0.324196 0.019347 0.075544 0.006693
0 0.447694 0.309596 0.010890 0.052881 0.004070
0 0.455027 0.307023 0.007038 0.042513 0.004070
0 0.467272 0.304737 0.009700 0.052079 0.017986
0 0.347613 0.301394 0.017381 0.125883 0.075858
0 0.364155 0.308582 0.032342 0.138277 0.017986
0 0.367672 0.314889 0.022874 0.129917 0.622459
0 0.369928 0.314368 0.026005 0.120699 0.004070
0 0.447642 0.309638 0.010796 0.047799 0.002473
0 0.455552 0.306044 0.008226 0.045085 0.004070
0 0.469441 0.307604 0.008145 0.046456 0.010987
0 0.348093 0.306377 0.018351 0.123973 0.119203
0 0.366965 0.310315 0.026093 0.134867 0.119203
0 0.367765 0.313744 0.024165 0.127712 0.622459
0 0.369878 0.315350 0.026219 0.124479 0.004070
0 0.349903 0.313657 0.022018 0.129789 0.010987
0 0.366955 0.314807 0.024434 0.130541 0.119203
0 0.367537 0.314852 0.023314 0.130050 0.622459
0 0.370012 0.316752 0.025685 0.126392 0.002473
1 0.994444 0.278149 0.014185 0.043612 0.001501
1 0.595135 0.316197 0.056705 0.085682 0.075858
1 0.991073 0.301209 0.017890 0.080680 0.001501
1 0.508682 0.312491 0.032905 0.041752 0.268941
1 0.509191 0.315048 0.031636 0.041698 0.817575
1 0.509500 0.313774 0.031064 0.039144 0.817575
1 0.533415 0.312391 0.016903 0.025594 0.182426
1 0.551446 0.314034 0.028263 0.028897 0.377541
1 0.551491 0.314052 0.028245 0.028923 0.500000
1 0.595475 0.316205 0.056007 0.085662 0.817575
1 0.595422 0.318216 0.056094 0.085190 0.817575
1 0.595544 0.317334 0.055866 0.083385 0.880797
1 0.508977 0.315078 0.035150 0.041747 0.075858
1 0.509195 0.315051 0.031650 0.041725 0.817575
1 0.509855 0.313772 0.033398 0.039167 0.817575
1 0.533765 0.312658 0.017639 0.025501 0.119203
1 0.550055 0.313199 0.025167 0.027062 0.377541
1 0.551524 0.314119 0.028208 0.028839 0.500000
1 0.595476 0.318231 0.056001 0.085166 0.731059
1 0.595738 0.317324 0.055439 0.083353 0.817575
1 0.596584 0.317341 0.056844 0.083377 0.880797
1 0.596121 0.316340 0.054774 0.085989 0.500000
1 0.595533 0.317126 0.055839 0.087383 0.817575
1 0.595725 0.317326 0.055416 0.083351 0.817575
1 0.596542 0.316206 0.056770 0.085618 0.880797
1 0.174209 0.330919 0.348489 0.406772 0.924142
1 0.174236 0.327113 0.351600 0.409510 0.924142
1 0.173406 0.327134 0.353354 0.409433 0.904651
1 0.176730 0.326891 0.352846 0.409031 0.880797
1 0.173396 0.329560 0.349966 0.409000 0.924142
1 0.174237 0.329791 0.351610 0.404284 0.939913
1 0.174169 0.329807 0.354914 0.404272 0.924142
1 0.175909 0.327117 0.354433 0.409390 0.880797
1 0.730693 0.362065 0.261613 0.235146 0.731059
1 0.731108 0.360744 0.262266 0.236939 0.939913
1 0.731902 0.360809 0.260722 0.236787 0.924142
1 0.731504 0.361108 0.262835 0.237686 0.924142
1 0.174247 0.328579 0.351646 0.406830 0.939913
1 0.174868 0.328615 0.356438 0.406732 0.904651
1 0.731588 0.361110 0.260225 0.237376 0.924142
1 0.730997 0.362488 0.262091 0.235381 0.939913
1 0.731252 0.361308 0.262526 0.237699 0.939913
1 0.731381 0.361087 0.262638 0.237384 0.939913
1 0.731373 0.362911 0.262887 0.236176 0.924142
1 0.731446 0.363257 0.262806 0.236830 0.924142
1 0.731531 0.362210 0.262817 0.239855 0.622459
4 0.348036 0.302565 0.018361 0.126864 0.001501
4 0.400304 0.322768 0.019946 0.078021 0.004070
4 0.405805 0.324196 0.019347 0.075544 0.004070
4 0.404029 0.327534 0.025151 0.071253 0.182426
4 0.404289 0.326067 0.024658 0.073347 0.182426
4 0.406430 0.325788 0.029652 0.063639 0.002473
4 0.348093 0.306377 0.018351 0.123973 0.004070
4 0.403483 0.328739 0.024052 0.067514 0.268941
4 0.403647 0.328512 0.025922 0.067676 0.377541
4 0.406415 0.328033 0.027889 0.067301 0.010987
4 0.403513 0.329775 0.026327 0.072853 0.017986
4 0.404065 0.330439 0.027135 0.071478 0.029312
5 0.400304 0.322768 0.019946 0.078021 0.010987
5 0.405805 0.324196 0.019347 0.075544 0.047426
5 0.347613 0.301394 0.017381 0.125883 0.001501
5 0.404029 0.327534 0.025151 0.071253 0.029312
5 0.404289 0.326067 0.024658 0.073347 0.029312
5 0.406430 0.325788 0.029652 0.063639 0.002473
5 0.348093 0.306377 0.018351 0.123973 0.006693
5 0.403483 0.328739 0.024052 0.067514 0.017986
5 0.403647 0.328512 0.025922 0.067676 0.047426
5 0.406415 0.328033 0.027889 0.067301 0.004070
5 0.403513 0.329775 0.026327 0.072853 0.001501
5 0.404065 0.330439 0.027135 0.071478 0.001501
