0 0.319354 0.243021 0.024937 0.044222 0.004070
0 0.332813 0.244000 0.012621 0.048400 0.006693
0 0.342188 0.250592 0.012916 0.043716 0.004070
0 0.353240 0.256187 0.012781 0.044550 0.006693
0 0.367747 0.274489 0.020582 0.081794 0.001501
0 0.333773 0.245246 0.014724 0.051839 0.004070
0 0.345637 0.252072 0.013343 0.045578 0.004070
0 0.356288 0.258918 0.012664 0.042180 0.010987
0 0.369478 0.272177 0.014204 0.050314 0.010987
0 0.359346 0.264189 0.021854 0.051956 0.001501
0 0.370168 0.273452 0.015483 0.052559 0.010987
0 0.405206 0.307342 0.014694 0.064115 0.001501
0 0.464739 0.302910 0.012597 0.051014 0.010987
0 0.370616 0.296780 0.016919 0.089415 0.002473
0 0.404954 0.322526 0.018342 0.072224 0.001501
0 0.447640 0.309678 0.010801 0.042779 0.002473
0 0.465583 0.307675 0.009323 0.046095 0.029312
0 0.994483 0.349701 0.011170 0.193941 0.004070
0 0.448181 0.311063 0.011898 0.044954 0.002473
0 0.468068 0.307233 0.008116 0.042614 0.029312
0 0.992930 0.351618 0.014206 0.223463 0.010987
0 0.994370 0.355538 0.014368 0.241320 0.017986
0 0.992129 0.362796 0.015771 0.263587 0.029312
0 0.988110 0.362919 0.020780 0.285205 0.006693
0 0.991773 0.371466 0.019544 0.290830 0.017986
0 0.988908 0.369001 0.022205 0.294520 0.017986
0 0.989336 0.373592 0.021351 0.304948 0.017986
0 0.986627 0.368949 0.026759 0.287245 0.010987
0 0.987745 0.370256 0.024528 0.291666 0.017986
0 0.985740 0.365719 0.028503 0.302105 0.006693
0 0.987361 0.361365 0.022240 0.301887 0.010987
0 0.984300 0.374771 0.031382 0.301852 0.002473
0 0.985082 0.370234 0.029865 0.298895 0.004070
0 0.984279 0.387654 0.031491 0.295815 0.001501
1 0.595738 0.316187 0.055459 0.081152 0.880797
1 0.993644 0.324211 0.012770 0.135171 0.001501
1 0.509619 0.312502 0.034799 0.036594 0.377541
1 0.510604 0.313769 0.037876 0.039139 0.500000
1 0.510321 0.312501 0.037035 0.036584 0.500000
1 0.527147 0.313608 0.038818 0.034334 0.047426
1 0.543275 0.315170 0.024191 0.031150 0.268941
1 0.551258 0.314503 0.029026 0.032534 0.029312
1 0.595690 0.317342 0.055517 0.083443 0.817575
1 0.595414 0.317325 0.056057 0.083406 0.817575
1 0.596511 0.317097 0.056985 0.087457 0.880797
1 0.994483 0.349701 0.011170 0.193941 0.001501
1 0.509559 0.312502 0.034706 0.036627 0.377541
1 0.510058 0.312499 0.036773 0.036623 0.500000
1 0.510229 0.313771 0.037300 0.039166 0.622459
1 0.533585 0.314656 0.021069 0.032282 0.029312
1 0.542727 0.314619 0.024838 0.032355 0.377541
1 0.553806 0.314629 0.027738 0.032406 0.047426
1 0.595700 0.317338 0.055527 0.083385 0.817575
1 0.595416 0.317328 0.056049 0.083370 0.880797
1 0.595736 0.317328 0.055426 0.083364 0.880797
1 0.595933 0.318308 0.055126 0.085390 0.029312
1 0.595726 0.317120 0.055408 0.087391 0.817575
1 0.595728 0.317326 0.055412 0.083351 0.880797
1 0.595704 0.317334 0.055373 0.083361 0.924142
1 0.989336 0.373592 0.021351 0.304948 0.001501
1 0.987745 0.370256 0.024528 0.291666 0.001501
1 0.987361 0.361365 0.022240 0.301887 0.001501
1 0.189204 0.336232 0.375384 0.412414 0.924142
1 0.187341 0.336251 0.381557 0.417451 0.924142
1 0.190769 0.338813 0.374918 0.412708 0.904651
1 0.188311 0.334842 0.376662 0.414163 0.904651
1 0.188292 0.334722 0.376629 0.409061 0.904651
1 0.187373 0.334790 0.381503 0.414167 0.924142
1 0.190798 0.336199 0.374731 0.411833 0.904651
1 0.730707 0.360064 0.261633 0.235709 0.851953
1 0.731113 0.360103 0.262273 0.235644 0.939913
1 0.731023 0.360272 0.262083 0.235804 0.924142
1 0.730541 0.359173 0.264048 0.238141 0.924142
1 0.188297 0.336230 0.376666 0.411631 0.924142
1 0.186593 0.337441 0.380146 0.414252 0.924142
1 0.191477 0.337706 0.376151 0.414362 0.904651
1 0.730820 0.360393 0.261793 0.235852 0.924142
1 0.730225 0.361550 0.263642 0.233441 0.939913
1 0.730335 0.360620 0.263847 0.236323 0.939913
1 0.730513 0.360228 0.264055 0.235644 0.939913
1 0.731203 0.362795 0.262605 0.235945 0.924142
1 0.730154 0.361788 0.263357 0.238724 0.924142
1 0.730766 0.362195 0.264443 0.239762 0.119203
2 0.509619 0.312502 0.034799 0.036594 0.017986
2 0.510604 0.313769 0.037876 0.039139 0.047426
2 0.510321 0.312501 0.037035 0.036584 0.047426
2 0.509559 0.312502 0.034706 0.036627 0.010987
2 0.510058 0.312499 0.036773 0.036623 0.017986
2 0.510229 0.313771 0.037300 0.039166 0.017986
3 0.509619 0.312502 0.034799 0.036594 0.004070
3 0.510604 0.313769 0.037876 0.039139 0.004070
3 0.509559 0.312502 0.034706 0.036627 0.001501
3 0.510058 0.312499 0.036773 0.036623 0.004070
4 0.404954 0.322526 0.018342 0.072224 0.001501
4 0.404030 0.330882 0.025175 0.063777 0.075858
4 0.404658 0.330444 0.021930 0.064594 0.075858
4 0.404004 0.332313 0.025089 0.060365 0.119203
4 0.404990 0.331590 0.023244 0.059198 0.182426
4 0.410217 0.329828 0.028268 0.061005 0.002473
4 0.403597 0.332092 0.026528 0.068316 0.010987
4 0.404345 0.332976 0.024721 0.066418 0.017986
5 0.400625 0.320131 0.020607 0.070620 0.004070
5 0.404954 0.322526 0.018342 0.072224 0.010987
5 0.404030 0.330882 0.025175 0.063777 0.010987
5 0.404658 0.330444 0.021930 0.064594 0.029312
5 0.404004 0.332313 0.025089 0.060365 0.004070
5 0.404990 0.331590 0.023244 0.059198 0.017986
