0 0.800517 0.318942 0.024370 0.152272 0.004070
0 0.804281 0.319128 0.023021 0.154731 0.182426
0 0.821262 0.330182 0.019093 0.148233 0.006693
0 0.826590 0.328820 0.023105 0.149173 0.002473
0 0.802861 0.319042 0.025272 0.152649 0.119203
0 0.804388 0.319278 0.022519 0.153096 0.268941
0 0.822359 0.329118 0.024045 0.133373 0.010987
0 0.824955 0.329737 0.025168 0.132054 0.017986
0 0.802371 0.321099 0.024048 0.155070 0.268941
0 0.804076 0.318750 0.022982 0.148762 0.377541
0 0.821863 0.328327 0.028001 0.129548 0.377541
0 0.821948 0.328600 0.028092 0.129263 0.622459
0 0.130506 0.349595 0.014150 0.074413 0.047426
0 0.244563 0.342067 0.014247 0.060118 0.001501
0 0.284177 0.339680 0.012593 0.064865 0.017986
0 0.287136 0.338342 0.019297 0.048266 0.001501
0 0.803204 0.320542 0.025717 0.155958 0.268941
0 0.803314 0.321354 0.025556 0.153811 0.377541
0 0.822072 0.329686 0.027900 0.132217 0.622459
0 0.821949 0.329709 0.028106 0.132157 0.622459
0 0.130485 0.354592 0.014247 0.077429 0.075858
0 0.194977 0.352927 0.007025 0.034332 0.004070
0 0.283445 0.341071 0.011282 0.067676 0.029312
0 0.803222 0.323763 0.025775 0.154185 0.182426
0 0.804108 0.321219 0.027407 0.154558 0.377541
0 0.821934 0.329447 0.028259 0.127512 0.500000
0 0.821913 0.329365 0.028144 0.127798 0.622459
0 0.152648 0.359610 0.055478 0.062992 0.017986
0 0.195368 0.356598 0.006229 0.036944 0.002473
0 0.245197 0.349425 0.009639 0.061337 0.004070
0 0.281249 0.343461 0.012553 0.068341 0.017986
0 0.803372 0.326698 0.026069 0.143754 0.268941
0 0.804244 0.324841 0.027607 0.142164 0.377541
0 0.822819 0.330654 0.029447 0.125008 0.500000
0 0.821959 0.329560 0.028100 0.127408 0.622459
0 0.148710 0.363304 0.047479 0.060024 0.006693
0 0.803388 0.331232 0.026066 0.134486 0.182426
0 0.805655 0.328796 0.030469 0.139318 0.377541
0 0.822843 0.331471 0.029410 0.128872 0.377541
0 0.822555 0.333036 0.029980 0.125707 0.500000
0 0.807099 0.335431 0.032845 0.149941 0.001501
1 0.932090 0.313695 0.040690 0.044629 0.001501
1 0.938295 0.326663 0.049143 0.061293 0.010987
1 0.945167 0.328113 0.056699 0.066185 0.004070
1 0.972512 0.331962 0.051948 0.141708 0.004070
1 0.399975 0.334228 0.067052 0.061546 0.001501
1 0.400521 0.333679 0.068073 0.061343 0.880797
1 0.399998 0.334103 0.067030 0.060964 0.880797
1 0.400529 0.333986 0.068092 0.060726 0.880797
1 0.401211 0.334557 0.069462 0.060056 0.880797
1 0.400010 0.334450 0.069251 0.060285 0.731059
1 0.461308 0.334255 0.038296 0.050090 0.004070
1 0.463318 0.334604 0.036629 0.044337 0.731059
1 0.463648 0.334607 0.037087 0.044290 0.622459
1 0.463854 0.333339 0.037949 0.046877 0.182426
1 0.512853 0.333366 0.041221 0.051396 0.377541
1 0.513304 0.334253 0.040304 0.053172 0.817575
1 0.513306 0.333354 0.040302 0.051355 0.817575
1 0.513529 0.333386 0.040028 0.051458 0.731059
1 0.931296 0.331223 0.034718 0.045015 0.017986
1 0.936296 0.331854 0.041311 0.045230 0.029312
1 0.938445 0.332051 0.044932 0.050309 0.017986
1 0.939683 0.330783 0.046729 0.054152 0.010987
1 0.974615 0.333676 0.050833 0.143541 0.377541
1 0.974052 0.333447 0.051918 0.143818 0.500000
1 0.973379 0.333386 0.053278 0.144018 0.731059
1 0.096780 0.345070 0.053243 0.103001 0.002473
1 0.098102 0.354536 0.046323 0.077496 0.002473
1 0.097216 0.356524 0.044462 0.072632 0.004070
1 0.154417 0.366100 0.054410 0.049724 0.622459
1 0.153896 0.365676 0.054435 0.047047 0.622459
1 0.154461 0.366107 0.052848 0.049709 0.731059
1 0.214462 0.352076 0.021294 0.032516 0.029312
1 0.213851 0.351403 0.019507 0.031140 0.010987
1 0.307667 0.345922 0.043246 0.033371 0.004070
1 0.308764 0.345779 0.043371 0.030355 0.004070
1 0.311072 0.344819 0.041081 0.028709 0.002473
1 0.340501 0.340232 0.044893 0.028049 0.002473
1 0.341707 0.341623 0.044786 0.030413 0.006693
1 0.342376 0.340769 0.046501 0.032158 0.004070
1 0.400208 0.334091 0.067582 0.060287 0.017986
1 0.399991 0.334059 0.069176 0.061071 0.880797
1 0.400526 0.334011 0.068096 0.060867 0.817575
1 0.400542 0.333893 0.068090 0.060630 0.880797
1 0.400679 0.333966 0.070543 0.060775 0.880797
1 0.400061 0.334395 0.069160 0.060416 0.880797
1 0.461753 0.333217 0.039184 0.047620 0.017986
1 0.463316 0.334449 0.036615 0.049124 0.731059
1 0.463333 0.335728 0.037716 0.046567 0.731059
1 0.464028 0.334540 0.039085 0.044411 0.268941
1 0.512718 0.334228 0.039899 0.053179 0.377541
1 0.513237 0.333321 0.040432 0.051368 0.731059
1 0.513754 0.333336 0.041638 0.051360 0.817575
1 0.513455 0.333314 0.040158 0.051416 0.817575
1 0.931519 0.333468 0.035082 0.042561 0.017986
1 0.933853 0.332015 0.039403 0.044820 0.017986
1 0.938054 0.331942 0.044750 0.050583 0.029312
1 0.939814 0.330667 0.049828 0.058626 0.017986
1 0.974933 0.334005 0.050154 0.144713 0.500000
1 0.974919 0.333765 0.050174 0.140499 0.622459
1 0.973252 0.333047 0.050496 0.142479 0.622459
1 0.097319 0.350210 0.051207 0.096188 0.002473
1 0.099030 0.362385 0.045280 0.060762 0.002473
1 0.098483 0.361611 0.043887 0.057686 0.006693
1 0.152648 0.359610 0.055478 0.062992 0.017986
1 0.154515 0.365244 0.053025 0.047924 0.817575
1 0.153753 0.365271 0.054261 0.047897 0.731059
1 0.154543 0.365688 0.053139 0.046997 0.817575
1 0.213723 0.352084 0.019691 0.032688 0.029312
1 0.213929 0.353264 0.019339 0.030286 0.017986
1 0.936061 0.340924 0.042809 0.064388 0.006693
1 0.938161 0.337780 0.041189 0.066917 0.004070
1 0.974897 0.332578 0.050237 0.141609 0.500000
1 0.974927 0.333298 0.047100 0.139631 0.500000
1 0.974006 0.335009 0.052052 0.142951 0.731059
1 0.099493 0.359566 0.049177 0.073779 0.002473
1 0.099085 0.362855 0.043966 0.062132 0.006693
1 0.148710 0.363304 0.047479 0.060024 0.047426
1 0.153898 0.366638 0.054251 0.048788 0.731059
1 0.154345 0.366641 0.052653 0.048785 0.817575
1 0.154417 0.365738 0.052941 0.046978 0.880797
1 0.975795 0.334692 0.048458 0.141781 0.500000
1 0.070445 0.459982 0.144079 0.501768 0.029312
1 0.072144 0.424172 0.141275 0.569472 0.731059
1 0.070828 0.425307 0.141959 0.566773 0.777300
1 0.071111 0.424704 0.141488 0.571161 0.001501
1 0.071153 0.422279 0.142674 0.572018 0.731059
1 0.071449 0.426797 0.142980 0.568319 0.817575
1 0.071447 0.424300 0.143013 0.573646 0.817575
1 0.070295 0.424820 0.143231 0.567717 0.731059
1 0.071166 0.429372 0.142569 0.558814 0.679179
1 0.071481 0.433624 0.142935 0.555146 0.817575
1 0.071448 0.431488 0.142926 0.554216 0.817575
1 0.070747 0.435378 0.144219 0.551469 0.777300
1 0.071427 0.440122 0.142862 0.536789 0.047426
1 0.071998 0.439069 0.143981 0.539108 0.562177
2 0.920084 0.308397 0.044750 0.039474 0.001501
2 0.923744 0.308885 0.041644 0.040215 0.004070
2 0.932090 0.313695 0.040690 0.044629 0.002473
3 0.070828 0.425307 0.141959 0.566773 0.001501
4 0.805655 0.328796 0.030469 0.139318 0.002473
