0 0.170414 0.279141 0.030934 0.112226 0.004070
0 0.170246 0.276258 0.032189 0.109507 0.006693
0 0.996124 0.299863 0.007798 0.206277 0.002473
0 0.169211 0.282508 0.030733 0.118140 0.001501
0 0.170450 0.282703 0.031149 0.117912 0.006693
0 0.171398 0.280031 0.032725 0.114737 0.004070
0 0.995732 0.300508 0.008563 0.181692 0.006693
0 0.134156 0.311195 0.015877 0.068849 0.002473
0 0.169255 0.282591 0.030650 0.119119 0.001501
0 0.170287 0.281875 0.030815 0.119851 0.002473
0 0.170259 0.280591 0.032032 0.118134 0.004070
0 0.431752 0.306658 0.022705 0.058715 0.002473
0 0.872548 0.294776 0.026986 0.063534 0.001501
0 0.872482 0.296936 0.024555 0.060778 0.001501
0 0.996094 0.300214 0.007839 0.179536 0.010987
0 0.013739 0.343147 0.027823 0.170819 0.001501
0 0.019554 0.348471 0.017428 0.137135 0.001501
0 0.135074 0.314193 0.017461 0.066462 0.002473
0 0.136714 0.314062 0.021126 0.066766 0.002473
0 0.169593 0.280469 0.029262 0.115146 0.002473
0 0.171433 0.281494 0.032813 0.117306 0.004070
0 0.432353 0.310865 0.018027 0.050159 0.006693
0 0.580553 0.317373 0.008141 0.051601 0.047426
0 0.872597 0.290394 0.028145 0.071029 0.001501
0 0.873150 0.295324 0.025891 0.064619 0.004070
0 0.996070 0.305433 0.007898 0.168644 0.010987
0 0.011657 0.348507 0.023515 0.159703 0.002473
0 0.018471 0.349798 0.019651 0.141498 0.002473
0 0.135876 0.314443 0.019345 0.066631 0.002473
0 0.137384 0.314302 0.022437 0.064454 0.001501
0 0.168548 0.281301 0.028567 0.116134 0.001501
0 0.432181 0.313940 0.014381 0.044015 0.017986
0 0.580573 0.318826 0.008108 0.047989 0.075858
0 0.996385 0.319594 0.007251 0.128383 0.006693
0 0.137155 0.317491 0.025477 0.073160 0.002473
0 0.139165 0.317769 0.025449 0.071834 0.001501
0 0.580570 0.322607 0.008091 0.045485 0.010987
0 0.996110 0.333264 0.007794 0.098850 0.004070
0 0.996111 0.341085 0.007795 0.095721 0.001501
1 0.996094 0.300214 0.007839 0.179536 0.001501
1 0.454314 0.313578 0.016535 0.039307 0.001501
1 0.499927 0.328677 0.091829 0.102493 0.880797
1 0.499935 0.328665 0.091857 0.102490 0.880797
1 0.996070 0.305433 0.007898 0.168644 0.002473
1 0.438824 0.317571 0.025068 0.032067 0.002473
1 0.453356 0.317745 0.018434 0.037359 0.004070
1 0.499911 0.328758 0.091813 0.102550 0.880797
1 0.500000 0.329580 0.091919 0.104216 0.880797
1 0.499998 0.329566 0.091940 0.104190 0.880797
1 0.499995 0.329602 0.091866 0.104271 0.924142
1 0.996385 0.319594 0.007251 0.128383 0.001501
1 0.499529 0.327811 0.090985 0.104111 0.880797
1 0.500381 0.328667 0.091156 0.102358 0.880797
1 0.499995 0.328676 0.091931 0.102375 0.924142
1 0.499997 0.327823 0.091834 0.104151 0.880797
1 0.500501 0.329382 0.092845 0.100981 0.004070
1 0.296030 0.339370 0.245701 0.257412 0.904651
1 0.296224 0.339407 0.245636 0.257246 0.924142
1 0.295729 0.340673 0.244597 0.254726 0.924142
1 0.296009 0.339310 0.244260 0.257432 0.014064
1 0.295607 0.338472 0.244491 0.254949 0.904651
1 0.296276 0.339506 0.245720 0.257086 0.924142
1 0.295996 0.338417 0.242034 0.254920 0.924142
1 0.295826 0.338486 0.244504 0.254889 0.939913
1 0.296332 0.339703 0.242840 0.257442 0.924142
1 0.296894 0.338532 0.246956 0.255070 0.924142
1 0.296507 0.337340 0.243025 0.252707 0.939913
1 0.296616 0.338575 0.242924 0.255228 0.095349
1 0.805904 0.451746 0.395615 0.487111 0.008577
1 0.805467 0.451768 0.396444 0.487082 0.924142
1 0.807266 0.450647 0.391808 0.490035 0.924142
1 0.806040 0.451950 0.388642 0.487439 0.904651
1 0.805464 0.453441 0.393207 0.485015 0.904651
1 0.804692 0.453231 0.397291 0.489811 0.924142
1 0.806580 0.454307 0.390073 0.492003 0.924142
1 0.805432 0.455554 0.389491 0.494510 0.904651
1 0.805362 0.451150 0.396105 0.490920 0.924142
1 0.805693 0.451187 0.388735 0.490987 0.924142
1 0.805594 0.450890 0.389111 0.495332 0.904651
3 0.428452 0.304282 0.032289 0.057987 0.002473
3 0.433897 0.306940 0.030384 0.057389 0.001501
3 0.428641 0.306995 0.032462 0.052643 0.002473
3 0.432353 0.310865 0.018027 0.050159 0.001501
3 0.435184 0.313474 0.024961 0.039818 0.002473
5 0.580573 0.318826 0.008108 0.047989 0.004070
