0 0.335243 0.295081 0.014723 0.085333 0.017986
0 0.336685 0.283720 0.021008 0.054334 0.006693
0 0.060105 0.313111 0.010738 0.075008 0.119203
0 0.072221 0.323219 0.011616 0.091658 0.119203
0 0.074322 0.323256 0.018511 0.092127 0.017986
0 0.136386 0.325418 0.017017 0.109266 0.500000
0 0.137159 0.327478 0.016183 0.108375 0.377541
0 0.156262 0.325465 0.015647 0.104240 0.622459
0 0.161655 0.324872 0.017461 0.099225 0.001501
0 0.326122 0.325041 0.096890 0.113899 0.010987
0 0.534710 0.304109 0.011538 0.053972 0.001501
0 0.724358 0.317661 0.023825 0.125770 0.004070
0 0.060411 0.313460 0.010239 0.071098 0.268941
0 0.071620 0.324645 0.012646 0.090113 0.377541
0 0.073760 0.324842 0.018135 0.089693 0.006693
0 0.136497 0.328425 0.017235 0.115220 0.500000
0 0.137495 0.328842 0.019260 0.116222 0.622459
0 0.155486 0.328813 0.014161 0.106301 0.500000
0 0.426147 0.317263 0.014822 0.042399 0.001501
0 0.444427 0.312333 0.008106 0.047221 0.017986
0 0.535083 0.307020 0.010654 0.042682 0.002473
0 0.752744 0.320131 0.041366 0.161515 0.006693
0 0.752203 0.319812 0.039663 0.161710 0.500000
0 0.060651 0.312401 0.011809 0.068155 0.182426
0 0.071653 0.325150 0.012643 0.089156 0.268941
0 0.076853 0.328176 0.019301 0.083732 0.001501
0 0.136918 0.330446 0.018073 0.114175 0.500000
0 0.137502 0.329055 0.019235 0.116478 0.500000
0 0.156238 0.329413 0.015661 0.107496 0.500000
0 0.442524 0.311098 0.007033 0.044524 0.017986
0 0.533243 0.314748 0.008571 0.027722 0.002473
0 0.751620 0.319869 0.040790 0.161803 0.731059
0 0.752046 0.320161 0.042788 0.161214 0.731059
0 0.752076 0.321056 0.042831 0.163033 0.075858
0 0.060677 0.318094 0.011872 0.075672 0.047426
0 0.071674 0.325934 0.012595 0.092548 0.268941
0 0.081188 0.328597 0.022904 0.083061 0.001501
0 0.136893 0.330343 0.018018 0.113938 0.500000
0 0.136965 0.330156 0.018134 0.113564 0.500000
0 0.156909 0.329435 0.017033 0.107282 0.622459
0 0.325385 0.333213 0.121753 0.100190 0.001501
0 0.725109 0.331981 0.025283 0.086102 0.001501
0 0.752194 0.319632 0.042361 0.165912 0.731059
0 0.751554 0.320287 0.041073 0.164456 0.817575
0 0.751392 0.320284 0.041461 0.164475 0.817575
0 0.072786 0.325787 0.012660 0.089071 0.119203
0 0.082482 0.329103 0.013993 0.078666 0.001501
0 0.136523 0.330148 0.017282 0.113618 0.622459
0 0.136300 0.329192 0.019475 0.116724 0.500000
0 0.156135 0.330405 0.015854 0.105350 0.622459
0 0.335753 0.332995 0.035539 0.102468 0.006693
0 0.348991 0.335401 0.077745 0.094768 0.002473
0 0.726072 0.329440 0.027847 0.096411 0.001501
0 0.751536 0.318537 0.041036 0.164394 0.622459
0 0.751561 0.317587 0.041080 0.166190 0.731059
0 0.751401 0.317616 0.041478 0.166238 0.500000
0 0.072477 0.334974 0.014368 0.115491 0.001501
0 0.135825 0.329863 0.018607 0.118746 0.268941
0 0.136380 0.329934 0.019339 0.118634 0.119203
0 0.156826 0.330116 0.017236 0.113856 0.017986
0 0.338355 0.331015 0.030795 0.113995 0.182426
0 0.338021 0.332174 0.032672 0.111600 0.182426
0 0.340458 0.336056 0.037975 0.111266 0.006693
0 0.751596 0.318655 0.040711 0.164206 0.047426
0 0.751664 0.318482 0.040837 0.164461 0.731059
0 0.009983 0.374368 0.020634 0.380978 0.001501
0 0.007897 0.382053 0.015930 0.401031 0.001501
1 0.884121 0.257556 0.057636 0.078055 0.001501
1 0.886578 0.263421 0.060431 0.057771 0.002473
1 0.926246 0.267316 0.143049 0.073782 0.006693
1 0.326655 0.332560 0.125250 0.098544 0.817575
1 0.327478 0.332149 0.126883 0.099203 0.817575
1 0.326526 0.333276 0.128058 0.099477 0.817575
1 0.397766 0.319559 0.051417 0.055853 0.817575
1 0.397219 0.319573 0.052471 0.055870 0.817575
1 0.396809 0.317643 0.053294 0.057088 0.817575
1 0.398691 0.319408 0.052676 0.055613 0.182426
1 0.426147 0.317263 0.014822 0.042399 0.017986
1 0.103654 0.337730 0.031219 0.055833 0.029312
1 0.105573 0.338842 0.026726 0.052812 0.017986
1 0.108669 0.338638 0.030853 0.057874 0.017986
1 0.327359 0.333139 0.126693 0.101866 0.817575
1 0.327479 0.332763 0.126910 0.100627 0.817575
1 0.325887 0.333183 0.126805 0.101480 0.880797
1 0.327803 0.333137 0.127370 0.100044 0.731059
1 0.397243 0.318255 0.052491 0.058370 0.731059
1 0.396537 0.317646 0.051112 0.057118 0.817575
1 0.397209 0.318299 0.052515 0.058424 0.817575
1 0.397216 0.319541 0.052583 0.055966 0.731059
1 0.426748 0.321995 0.013716 0.036264 0.047426
1 0.032045 0.356578 0.064170 0.126132 0.731059
1 0.032709 0.355510 0.065413 0.122588 0.817575
1 0.032012 0.355609 0.064108 0.122409 0.731059
1 0.104346 0.336804 0.031808 0.058840 0.017986
1 0.105906 0.338937 0.028081 0.053399 0.010987
1 0.108303 0.338492 0.031582 0.059107 0.004070
1 0.326631 0.332875 0.125221 0.100874 0.817575
1 0.326915 0.332629 0.125779 0.101070 0.817575
1 0.324650 0.333137 0.124348 0.100050 0.500000
1 0.325385 0.333213 0.121753 0.100190 0.119203
1 0.397180 0.317648 0.052407 0.057303 0.268941
1 0.397174 0.318321 0.052529 0.058492 0.731059
1 0.397733 0.318325 0.051474 0.058470 0.817575
1 0.425580 0.322800 0.014359 0.044041 0.004070
1 0.032031 0.355665 0.064107 0.123331 0.731059
1 0.032716 0.355488 0.065395 0.122724 0.731059
1 0.032000 0.355437 0.064088 0.122634 0.731059
1 0.031823 0.356646 0.064479 0.120411 0.622459
1 0.101723 0.339692 0.034658 0.061127 0.004070
1 0.105707 0.339533 0.029249 0.055132 0.004070
1 0.032022 0.354231 0.064137 0.125482 0.731059
1 0.032796 0.355511 0.062496 0.122379 0.731059
1 0.031995 0.355423 0.064128 0.122854 0.731059
1 0.890496 0.398575 0.222105 0.349257 0.904651
1 0.889770 0.399278 0.220528 0.348136 0.904651
1 0.889814 0.400036 0.220493 0.346302 0.904651
1 0.888901 0.396634 0.221619 0.353195 0.880797
1 0.889792 0.398081 0.223490 0.350728 0.904651
1 0.889011 0.398547 0.218981 0.349821 0.924142
1 0.889807 0.399245 0.220510 0.348456 0.924142
1 0.889040 0.398495 0.221926 0.350121 0.904651
1 0.889780 0.398359 0.220522 0.346659 0.924142
1 0.889843 0.398946 0.220445 0.345390 0.904651
2 0.103654 0.337730 0.031219 0.055833 0.001501
2 0.105573 0.338842 0.026726 0.052812 0.001501
3 0.426147 0.317263 0.014822 0.042399 0.001501
4 0.725171 0.321198 0.025458 0.107674 0.006693
4 0.727334 0.326891 0.026583 0.101566 0.010987
4 0.108669 0.338638 0.030853 0.057874 0.001501
4 0.725147 0.328672 0.025373 0.092818 0.010987
4 0.726374 0.331836 0.024817 0.091449 0.047426
4 0.105906 0.338937 0.028081 0.053399 0.001501
4 0.108303 0.338492 0.031582 0.059107 0.001501
4 0.725109 0.331981 0.025283 0.086102 0.006693
4 0.725674 0.331773 0.026607 0.091643 0.017986
4 0.101723 0.339692 0.034658 0.061127 0.001501
4 0.105707 0.339533 0.029249 0.055132 0.002473
4 0.725063 0.333216 0.022181 0.083676 0.010987
4 0.726072 0.329440 0.027847 0.096411 0.010987
5 0.724358 0.317661 0.023825 0.125770 0.004070
5 0.727907 0.318957 0.027579 0.127150 0.001501
5 0.725171 0.321198 0.025458 0.107674 0.010987
5 0.727334 0.326891 0.026583 0.101566 0.017986
5 0.516436 0.328263 0.020561 0.041850 0.001501
5 0.725147 0.328672 0.025373 0.092818 0.029312
5 0.726374 0.331836 0.024817 0.091449 0.047426
5 0.516430 0.329286 0.020479 0.045027 0.006693
5 0.556979 0.336885 0.017281 0.040098 0.002473
5 0.725109 0.331981 0.025283 0.086102 0.029312
5 0.725674 0.331773 0.026607 0.091643 0.075858
5 0.725063 0.333216 0.022181 0.083676 0.047426
5 0.726072 0.329440 0.027847 0.096411 0.075858
