0 0.010890 0.271433 0.021809 0.421761 0.002473
0 0.014172 0.278072 0.028327 0.388041 0.006693
0 0.009594 0.266124 0.019221 0.464124 0.006693
0 0.014526 0.286145 0.029065 0.421508 0.010987
0 0.417051 0.316084 0.019146 0.082413 0.010987
0 0.007790 0.270353 0.015615 0.464168 0.017986
0 0.014527 0.289776 0.029070 0.431268 0.017986
0 0.417470 0.317145 0.018433 0.080687 0.029312
0 0.532099 0.317786 0.011227 0.036565 0.001501
0 0.006715 0.279828 0.013450 0.415774 0.029312
0 0.015216 0.311214 0.027441 0.358409 0.010987
0 0.417523 0.318864 0.018476 0.077158 0.017986
0 0.007802 0.300604 0.015616 0.366093 0.017986
0 0.014549 0.325929 0.026076 0.320372 0.010987
0 0.416486 0.321223 0.017120 0.080335 0.029312
0 0.007036 0.309646 0.017141 0.338160 0.006693
0 0.012951 0.345468 0.025926 0.264920 0.006693
0 0.417272 0.321417 0.018674 0.094127 0.017986
0 0.008323 0.324384 0.013596 0.311707 0.006693
0 0.012176 0.337583 0.024391 0.291294 0.006693
0 0.008336 0.339329 0.013623 0.321653 0.010987
0 0.014297 0.351988 0.025557 0.302607 0.002473
0 0.006593 0.349142 0.013206 0.325505 0.002473
0 0.190000 0.417290 0.223214 0.379120 0.001501
0 0.190768 0.418749 0.218610 0.377350 0.001170
0 0.191508 0.418660 0.220244 0.377526 0.001501
0 0.193621 0.418318 0.219149 0.380623 0.001501
1 0.137270 0.264396 0.071815 0.044928 0.004070
1 0.137446 0.265505 0.069839 0.047244 0.017986
1 0.138707 0.266056 0.072699 0.046256 0.010987
1 0.138376 0.266027 0.070732 0.046493 0.002473
1 0.137997 0.266208 0.072831 0.046867 0.004070
1 0.552602 0.319584 0.028770 0.042971 0.004070
1 0.555356 0.321701 0.026991 0.044347 0.006693
1 0.558287 0.322109 0.027898 0.048380 0.006693
1 0.394258 0.325417 0.056927 0.041556 0.002473
1 0.436551 0.322934 0.022564 0.026256 0.119203
1 0.465852 0.322931 0.060194 0.030512 0.119203
1 0.469387 0.322018 0.054833 0.032292 0.731059
1 0.469358 0.322028 0.055180 0.032337 0.622459
1 0.469375 0.322026 0.055131 0.032322 0.731059
1 0.470256 0.322048 0.056473 0.032438 0.500000
1 0.504015 0.324193 0.017234 0.018322 0.075858
1 0.515702 0.322900 0.019860 0.015936 0.001501
1 0.554137 0.321949 0.028244 0.038703 0.029312
1 0.555958 0.323376 0.025690 0.041209 0.029312
1 0.557948 0.323767 0.028925 0.046373 0.017986
1 0.588247 0.320586 0.023696 0.025880 0.268941
1 0.589070 0.322966 0.025032 0.026089 0.182426
1 0.657194 0.337248 0.129605 0.142555 0.880797
1 0.658708 0.336274 0.132631 0.144214 0.924142
1 0.658919 0.337056 0.132169 0.142178 0.924142
1 0.554685 0.325657 0.028754 0.052671 0.004070
1 0.557016 0.326381 0.024790 0.050673 0.006693
1 0.558188 0.324307 0.028099 0.050526 0.002473
1 0.588025 0.328643 0.027388 0.042426 0.004070
1 0.588471 0.328967 0.026479 0.038385 0.001501
1 0.658316 0.336414 0.130236 0.144559 0.924142
1 0.658089 0.336397 0.130415 0.144521 0.924142
1 0.658810 0.336386 0.132379 0.144432 0.924142
1 0.659079 0.337274 0.131850 0.142666 0.924142
1 0.658172 0.337292 0.130479 0.142791 0.952574
1 0.658034 0.339049 0.130832 0.141752 0.924142
1 0.658923 0.337763 0.132183 0.143881 0.924142
1 0.185634 0.418836 0.231866 0.375407 0.095349
1 0.191796 0.418361 0.225448 0.379124 0.679179
1 0.189916 0.417470 0.220253 0.379481 0.377541
1 0.190000 0.417290 0.223214 0.379120 0.095349
1 0.188890 0.418168 0.222020 0.376475 0.622459
1 0.192187 0.417533 0.221831 0.379340 0.679179
1 0.190768 0.418749 0.218610 0.377350 0.320821
1 0.191508 0.418660 0.220244 0.377526 0.075858
1 0.847006 0.463174 0.312066 0.514945 0.904651
1 0.847257 0.465272 0.308700 0.513692 0.924142
1 0.847284 0.463933 0.308656 0.516336 0.924142
1 0.846937 0.463072 0.306223 0.514597 0.939913
1 0.193207 0.417964 0.219780 0.379595 0.562177
1 0.192722 0.418392 0.217767 0.380506 0.320821
1 0.193621 0.418318 0.219149 0.380623 0.119203
1 0.847413 0.461144 0.311365 0.516038 0.904651
1 0.847213 0.460855 0.308691 0.515268 0.924142
1 0.847268 0.462097 0.308692 0.512559 0.924142
1 0.846361 0.460741 0.307419 0.515187 0.924142
1 0.847140 0.460365 0.308871 0.520196 0.939913
1 0.847264 0.460622 0.308793 0.515511 0.924142
1 0.845560 0.461504 0.306096 0.517719 0.010987
2 0.192722 0.418392 0.217767 0.380506 0.001170
2 0.193621 0.418318 0.219149 0.380623 0.001501
3 0.436551 0.322934 0.022564 0.026256 0.002473
3 0.190000 0.417290 0.223214 0.379120 0.001170
3 0.190768 0.418749 0.218610 0.377350 0.001501
3 0.191508 0.418660 0.220244 0.377526 0.001927
3 0.192722 0.418392 0.217767 0.380506 0.001927
3 0.193621 0.418318 0.219149 0.380623 0.002473
4 0.190000 0.417290 0.223214 0.379120 0.001170
4 0.191508 0.418660 0.220244 0.377526 0.001170
4 0.193621 0.418318 0.219149 0.380623 0.001501
5 0.413256 0.319170 0.028299 0.064557 0.001501
5 0.417470 0.317145 0.018433 0.080687 0.001501
5 0.410654 0.323953 0.032966 0.050610 0.004070
5 0.417523 0.318864 0.018476 0.077158 0.006693
5 0.400794 0.326794 0.039494 0.049846 0.001501
5 0.414709 0.323216 0.023911 0.057003 0.006693
5 0.416486 0.321223 0.017120 0.080335 0.002473
5 0.426919 0.329642 0.029173 0.043068 0.001501
5 0.557016 0.326381 0.024790 0.050673 0.002473
5 0.558188 0.324307 0.028099 0.050526 0.004070
5 0.414432 0.327606 0.026159 0.086924 0.001501
5 0.422428 0.329952 0.031367 0.087901 0.001501
5 0.556114 0.331978 0.022199 0.078761 0.001501
5 0.191796 0.418361 0.225448 0.379124 0.001927
5 0.189916 0.417470 0.220253 0.379481 0.060087
5 0.190000 0.417290 0.223214 0.379120 0.268941
5 0.192187 0.417533 0.221831 0.379340 0.005220
5 0.190768 0.418749 0.218610 0.377350 0.119203
5 0.191508 0.418660 0.220244 0.377526 0.377541
5 0.193207 0.417964 0.219780 0.379595 0.005220
5 0.192722 0.418392 0.217767 0.380506 0.060087
5 0.193621 0.418318 0.219149 0.380623 0.222700
