0 0.006537 0.326240 0.013134 0.122166 0.001501
0 0.037928 0.335134 0.018071 0.074112 0.006693
0 0.040867 0.332256 0.019322 0.065337 0.017986
0 0.079035 0.323448 0.013958 0.050351 0.006693
0 0.096699 0.324253 0.012665 0.049334 0.017986
0 0.114895 0.331617 0.020321 0.074904 0.017986
0 0.116842 0.335318 0.019564 0.082307 0.119203
0 0.169202 0.342839 0.021559 0.098606 0.004070
0 0.172814 0.341689 0.023732 0.098878 0.004070
0 0.297840 0.325418 0.012760 0.088952 0.001501
0 0.341484 0.328641 0.011318 0.061558 0.001501
0 0.037883 0.337973 0.018003 0.076119 0.004070
0 0.040960 0.331922 0.019481 0.062487 0.029312
0 0.044925 0.333254 0.028018 0.064755 0.001501
0 0.079107 0.323958 0.014174 0.054882 0.006693
0 0.096567 0.326989 0.015139 0.054435 0.029312
0 0.114940 0.341853 0.020447 0.095450 0.017986
0 0.117208 0.343602 0.018806 0.098875 0.119203
0 0.169206 0.351264 0.019254 0.083172 0.029312
0 0.172192 0.348545 0.022708 0.083411 0.029312
0 0.341451 0.331220 0.011404 0.056585 0.001501
0 0.006364 0.358479 0.012784 0.095769 0.001501
0 0.039875 0.368002 0.022007 0.136188 0.006693
0 0.041678 0.354699 0.022068 0.109099 0.006693
0 0.046128 0.363444 0.031335 0.126225 0.001501
0 0.080839 0.324546 0.017932 0.055688 0.001501
0 0.097392 0.328737 0.016856 0.058083 0.029312
0 0.114890 0.349550 0.020453 0.110663 0.017986
0 0.117230 0.351453 0.018734 0.114503 0.075858
0 0.169771 0.351345 0.020357 0.083415 0.017986
0 0.172755 0.348014 0.023791 0.081903 0.010987
0 0.340975 0.334463 0.010164 0.052957 0.002473
0 0.042286 0.373144 0.026869 0.144022 0.006693
0 0.043398 0.371142 0.028507 0.143935 0.004070
0 0.046542 0.371145 0.034644 0.145123 0.006693
0 0.099255 0.358401 0.024542 0.122199 0.002473
0 0.114504 0.357714 0.024505 0.131401 0.004070
0 0.118024 0.355599 0.017299 0.122715 0.047426
0 0.122217 0.358701 0.026865 0.123848 0.002473
0 0.170029 0.351441 0.020934 0.083585 0.017986
0 0.172108 0.349242 0.025103 0.079369 0.006693
0 0.007261 0.372388 0.014616 0.159290 0.001501
0 0.042533 0.373859 0.029643 0.143626 0.006693
0 0.044717 0.373112 0.035891 0.144042 0.004070
0 0.045250 0.374236 0.037291 0.144782 0.006693
0 0.111643 0.362387 0.030169 0.136173 0.002473
0 0.118636 0.361817 0.018814 0.130649 0.047426
0 0.121550 0.362017 0.024865 0.130602 0.004070
0 0.169628 0.352727 0.022259 0.086297 0.010987
0 0.172813 0.351770 0.023883 0.078635 0.001501
0 0.006737 0.373848 0.013550 0.157988 0.001501
0 0.041302 0.373687 0.030387 0.140268 0.004070
0 0.045876 0.373873 0.035458 0.142502 0.004070
0 0.045466 0.375374 0.037726 0.136848 0.001501
0 0.119117 0.360159 0.021943 0.137189 0.029312
0 0.005516 0.379273 0.011049 0.141571 0.001501
0 0.116654 0.363204 0.021268 0.135811 0.001501
0 0.005735 0.405197 0.011534 0.381277 0.001501
0 0.007495 0.449007 0.015030 0.477360 0.002473
0 0.010087 0.477200 0.020187 0.503131 0.006693
0 0.011794 0.483376 0.023596 0.513698 0.004070
0 0.011001 0.490819 0.022015 0.480306 0.006693
0 0.011744 0.492839 0.023507 0.493304 0.010987
1 0.499802 0.332089 0.060656 0.067696 0.817575
1 0.499662 0.332588 0.060661 0.068667 0.731059
1 0.377577 0.340196 0.058264 0.079297 0.817575
1 0.376783 0.340213 0.059398 0.079246 0.817575
1 0.376964 0.340503 0.059754 0.078683 0.924142
1 0.408462 0.333225 0.011162 0.036563 0.182426
1 0.445038 0.328816 0.012389 0.023067 0.010987
1 0.453465 0.329306 0.015040 0.033628 0.377541
1 0.467758 0.330770 0.020773 0.041664 0.500000
1 0.499941 0.332095 0.061476 0.067761 0.817575
1 0.499823 0.332635 0.061415 0.068716 0.817575
1 0.499661 0.332633 0.060661 0.068711 0.817575
1 0.499559 0.332182 0.061166 0.067803 0.817575
1 0.620010 0.351358 0.181650 0.155969 0.817575
1 0.618672 0.351283 0.180933 0.155814 0.880797
1 0.377039 0.339172 0.059880 0.076910 0.880797
1 0.377581 0.339152 0.058253 0.076857 0.817575
1 0.376902 0.339166 0.059613 0.076884 0.880797
1 0.376854 0.339106 0.059535 0.076942 0.880797
1 0.409137 0.330916 0.012518 0.036918 0.268941
1 0.453484 0.328912 0.015010 0.032856 0.377541
1 0.468311 0.330763 0.023423 0.041726 0.500000
1 0.499939 0.332080 0.061471 0.067548 0.817575
1 0.499665 0.332132 0.060918 0.067656 0.817575
1 0.499665 0.332173 0.060917 0.067731 0.880797
1 0.499671 0.332178 0.060930 0.067720 0.880797
1 0.619938 0.352044 0.181698 0.157295 0.880797
1 0.619949 0.352088 0.181698 0.157383 0.924142
1 0.619276 0.350804 0.180359 0.159951 0.924142
1 0.618703 0.350761 0.181245 0.159865 0.952574
1 0.376904 0.340278 0.059605 0.079117 0.817575
1 0.377533 0.339150 0.058174 0.076856 0.924142
1 0.377514 0.340584 0.058218 0.078537 0.924142
1 0.619913 0.352104 0.181751 0.157447 0.880797
1 0.620007 0.352117 0.181828 0.157474 0.880797
1 0.619274 0.352098 0.180376 0.157460 0.952574
1 0.619247 0.353239 0.180372 0.155169 0.952574
1 0.854556 0.434499 0.290948 0.535569 0.817575
1 0.854528 0.431379 0.291007 0.534596 0.851953
1 0.855054 0.430241 0.290053 0.532534 0.817575
1 0.855536 0.432779 0.291772 0.537967 0.817575
1 0.854512 0.434348 0.290942 0.545505 0.817575
1 0.855354 0.434635 0.292469 0.540718 0.851953
1 0.855455 0.433405 0.292353 0.538952 0.851953
1 0.854600 0.433302 0.290771 0.538866 0.817575
1 0.855431 0.434949 0.292367 0.542243 0.851953
1 0.854333 0.439063 0.291480 0.545517 0.817575
3 0.408462 0.333225 0.011162 0.036563 0.001501
4 0.006364 0.358479 0.012784 0.095769 0.002473
4 0.238398 0.351524 0.030228 0.065435 0.004070
4 0.238280 0.349589 0.030422 0.067473 0.006693
4 0.237553 0.352226 0.031195 0.061918 0.004070
4 0.238835 0.351368 0.031497 0.063963 0.010987
4 0.241666 0.344728 0.037061 0.070600 0.001501
4 0.236908 0.352933 0.030116 0.068225 0.001501
4 0.238667 0.352890 0.031890 0.070322 0.002473
