0 0.784234 0.243903 0.012751 0.066630 0.001501
0 0.784198 0.246534 0.012659 0.071509 0.001501
0 0.783494 0.246916 0.013952 0.071829 0.001501
0 0.478504 0.308762 0.010106 0.060165 0.002473
0 0.491374 0.305422 0.009430 0.053688 0.001501
0 0.503080 0.305450 0.009338 0.050422 0.004070
0 0.023551 0.322377 0.019339 0.053478 0.001501
0 0.027160 0.322401 0.012755 0.057057 0.002473
0 0.074899 0.317434 0.013496 0.038395 0.017986
0 0.076380 0.317883 0.012737 0.036599 0.029312
0 0.090653 0.313495 0.010812 0.034676 0.004070
0 0.463730 0.312537 0.016991 0.052064 0.001501
0 0.464923 0.312583 0.010732 0.051779 0.010987
0 0.477830 0.315277 0.008743 0.052439 0.119203
0 0.489825 0.309533 0.010941 0.041455 0.006693
0 0.503088 0.311360 0.009339 0.049247 0.182426
0 0.518746 0.308595 0.006907 0.039334 0.010987
0 0.527299 0.313711 0.010903 0.039174 0.010987
0 0.565471 0.312546 0.028789 0.047019 0.006693
0 0.024319 0.324478 0.018082 0.049243 0.001501
0 0.027778 0.326237 0.011518 0.050628 0.004070
0 0.074713 0.319711 0.013831 0.037386 0.010987
0 0.076776 0.319125 0.013527 0.038439 0.075858
0 0.089460 0.318751 0.018172 0.035986 0.004070
0 0.469696 0.314938 0.014426 0.046753 0.006693
0 0.477824 0.314525 0.008767 0.051366 0.075858
0 0.503868 0.311242 0.007783 0.049491 0.119203
0 0.518718 0.314045 0.009740 0.039108 0.006693
0 0.527314 0.314833 0.010917 0.041335 0.006693
0 0.545536 0.315431 0.010491 0.035958 0.001501
0 0.555599 0.313711 0.008353 0.049537 0.029312
0 0.028866 0.327082 0.011538 0.054858 0.002473
0 0.077090 0.324275 0.015706 0.051463 0.001501
0 0.478101 0.317149 0.009286 0.056409 0.006693
0 0.506263 0.315786 0.006766 0.059340 0.001501
0 0.528260 0.323236 0.012809 0.063778 0.002473
0 0.555567 0.318079 0.008119 0.059267 0.017986
0 0.011951 0.411833 0.024055 0.256336 0.001501
1 0.489825 0.309533 0.010941 0.041455 0.001501
1 0.527299 0.313711 0.010903 0.039174 0.001501
1 0.561609 0.309827 0.045408 0.042022 0.004070
1 0.565471 0.312546 0.028789 0.047019 0.006693
1 0.568094 0.311209 0.042090 0.039144 0.119203
1 0.576936 0.311217 0.024301 0.039127 0.119203
1 0.587999 0.307559 0.036194 0.046548 0.002473
1 0.615241 0.309825 0.049776 0.036951 0.006693
1 0.624071 0.308966 0.027104 0.034824 0.006693
1 0.629022 0.308512 0.020186 0.033769 0.029312
1 0.340964 0.328115 0.064970 0.052138 0.817575
1 0.340958 0.328193 0.065010 0.051968 0.817575
1 0.340927 0.328244 0.065055 0.051889 0.880797
1 0.340924 0.326969 0.065056 0.049318 0.817575
1 0.342252 0.326629 0.065545 0.050051 0.880797
1 0.490503 0.315576 0.015110 0.035777 0.004070
1 0.545536 0.315431 0.010491 0.035958 0.001501
1 0.571885 0.311207 0.034574 0.039251 0.182426
1 0.576626 0.312522 0.024886 0.036620 0.119203
1 0.616109 0.312826 0.042146 0.031753 0.001501
1 0.620417 0.312779 0.037667 0.031851 0.006693
1 0.629065 0.311759 0.020251 0.034073 0.017986
1 0.633656 0.314034 0.031275 0.039490 0.002473
1 0.007600 0.373949 0.015260 0.129113 0.001501
1 0.340946 0.328135 0.065002 0.052110 0.817575
1 0.341731 0.328201 0.066542 0.051948 0.817575
1 0.340931 0.328203 0.065055 0.051953 0.880797
1 0.341489 0.328250 0.063984 0.051866 0.880797
1 0.340947 0.328141 0.065096 0.052137 0.817575
1 0.009457 0.397062 0.019184 0.165004 0.002473
1 0.011040 0.412462 0.022344 0.208093 0.002473
1 0.013161 0.416851 0.026475 0.232049 0.004070
1 0.011951 0.411833 0.024055 0.256336 0.002473
1 0.161748 0.403988 0.302938 0.307929 0.060087
1 0.161930 0.404637 0.305955 0.303994 0.924142
1 0.162042 0.404633 0.307793 0.303985 0.952574
1 0.161070 0.404631 0.309959 0.304010 0.939913
1 0.161416 0.405197 0.303424 0.305482 0.880797
1 0.162211 0.404644 0.306488 0.304114 0.939913
1 0.161612 0.404607 0.306988 0.304015 0.939913
1 0.161514 0.405275 0.310705 0.305292 0.939913
1 0.162397 0.404949 0.306751 0.304037 0.939913
1 0.161561 0.405522 0.306607 0.305242 0.952574
1 0.162073 0.405708 0.309062 0.305353 0.924142
3 0.561609 0.309827 0.045408 0.042022 0.002473
3 0.565471 0.312546 0.028789 0.047019 0.002473
3 0.568094 0.311209 0.042090 0.039144 0.010987
3 0.576936 0.311217 0.024301 0.039127 0.006693
3 0.587999 0.307559 0.036194 0.046548 0.001501
3 0.615241 0.309825 0.049776 0.036951 0.001501
3 0.629022 0.308512 0.020186 0.033769 0.001501
3 0.571885 0.311207 0.034574 0.039251 0.004070
3 0.576626 0.312522 0.024886 0.036620 0.002473
5 0.007600 0.373949 0.015260 0.129113 0.002473
5 0.016370 0.342825 0.027199 0.088386 0.001501
5 0.009457 0.397062 0.019184 0.165004 0.002473
5 0.015642 0.383119 0.031676 0.157618 0.004070
5 0.019739 0.356791 0.033339 0.119657 0.001501
5 0.011040 0.412462 0.022344 0.208093 0.002473
5 0.016661 0.400955 0.030686 0.185148 0.002473
5 0.023157 0.371018 0.048446 0.142402 0.002473
5 0.013161 0.416851 0.026475 0.232049 0.006693
5 0.016160 0.412785 0.029677 0.214928 0.006693
5 0.011951 0.411833 0.024055 0.256336 0.002473
