0 0.019470 0.276466 0.027627 0.261537 0.006693
0 0.019936 0.276875 0.028559 0.266577 0.004070
0 0.045987 0.270427 0.024914 0.235158 0.002473
0 0.007354 0.280921 0.012502 0.234334 0.002473
0 0.019462 0.277102 0.027173 0.255657 0.001501
0 0.047557 0.268236 0.024071 0.227395 0.001501
0 0.006396 0.288937 0.013394 0.228627 0.001501
0 0.047427 0.268547 0.027069 0.229355 0.001501
0 0.005497 0.295951 0.011346 0.214079 0.002473
0 0.047666 0.260969 0.026482 0.211214 0.006693
0 0.056865 0.303763 0.017493 0.108070 0.004070
0 0.091535 0.297647 0.013979 0.082603 0.002473
0 0.005544 0.302876 0.011144 0.183918 0.002473
0 0.044398 0.255538 0.030429 0.189687 0.006693
0 0.056982 0.305298 0.014356 0.096180 0.004070
0 0.068773 0.305066 0.015796 0.074065 0.002473
0 0.090856 0.305784 0.012532 0.070089 0.029312
0 0.106529 0.302518 0.011505 0.050557 0.001501
0 0.117305 0.304111 0.009634 0.053348 0.377541
0 0.005524 0.325067 0.011067 0.132832 0.001501
0 0.034571 0.263800 0.047477 0.183406 0.004070
0 0.056442 0.308671 0.013133 0.093416 0.010987
0 0.068680 0.309208 0.015884 0.082877 0.006693
0 0.091525 0.304740 0.011224 0.068003 0.047426
0 0.117310 0.303226 0.009660 0.055106 0.377541
0 0.233644 0.315137 0.007777 0.042102 0.017986
0 0.005501 0.334560 0.011021 0.108372 0.002473
0 0.055505 0.311705 0.011259 0.092380 0.006693
0 0.068627 0.315745 0.018822 0.100591 0.010987
0 0.090992 0.306767 0.010103 0.066890 0.047426
0 0.117311 0.304809 0.009634 0.051965 0.377541
0 0.235086 0.319574 0.010671 0.037288 0.006693
0 0.005499 0.342251 0.011027 0.089747 0.006693
0 0.052610 0.314644 0.011857 0.095131 0.004070
0 0.068494 0.318444 0.019253 0.109887 0.004070
0 0.005516 0.345120 0.011052 0.084544 0.017986
0 0.069084 0.324177 0.018372 0.120640 0.001501
0 0.005534 0.339069 0.011089 0.116890 0.010987
0 0.036268 0.356100 0.066364 0.421876 0.029312
0 0.035574 0.351475 0.067851 0.422495 0.002473
0 0.038272 0.361395 0.070272 0.444223 0.731059
0 0.036362 0.355958 0.069251 0.427186 0.622459
0 0.036806 0.354206 0.070257 0.423493 0.731059
0 0.036935 0.348310 0.067247 0.413510 0.006693
0 0.037564 0.367968 0.071895 0.475976 0.622459
0 0.036063 0.358685 0.072045 0.446122 0.622459
0 0.036721 0.356326 0.070302 0.438699 0.731059
0 0.036364 0.356681 0.069026 0.431416 0.731059
0 0.035976 0.383026 0.071882 0.491854 0.004070
0 0.036021 0.360494 0.072081 0.444985 0.500000
0 0.035383 0.359436 0.070966 0.436215 0.622459
0 0.015329 0.421249 0.030827 0.481665 0.010987
0 0.017493 0.429621 0.035229 0.452480 0.010987
0 0.020516 0.424990 0.038085 0.446445 0.001501
0 0.018849 0.442507 0.041068 0.421454 0.010987
0 0.019573 0.443348 0.039568 0.414180 0.004070
0 0.020640 0.454622 0.042085 0.401129 0.004070
0 0.020160 0.454090 0.040877 0.396303 0.001501
0 0.034567 0.362908 0.063390 0.465702 0.001927
0 0.032408 0.365898 0.061854 0.467394 0.002473
0 0.026027 0.347917 0.049848 0.595964 0.003173
0 0.025204 0.340174 0.049512 0.707894 0.001501
1 0.005497 0.295951 0.011346 0.214079 0.001501
1 0.005544 0.302876 0.011144 0.183918 0.006693
1 0.005524 0.325067 0.011067 0.132832 0.029312
1 0.151850 0.315020 0.026058 0.031027 0.010987
1 0.156841 0.313563 0.017445 0.034187 0.047426
1 0.187537 0.324096 0.058116 0.070034 0.010987
1 0.187526 0.322027 0.058047 0.073993 0.731059
1 0.187475 0.322927 0.058045 0.072184 0.817575
1 0.252669 0.314704 0.035419 0.033150 0.001501
1 0.272638 0.324924 0.017228 0.053296 0.500000
1 0.272921 0.324926 0.017850 0.053326 0.182426
1 0.379416 0.345348 0.202082 0.242315 0.817575
1 0.379042 0.345910 0.201826 0.239016 0.817575
1 0.519537 0.325588 0.110973 0.093663 0.880797
1 0.519527 0.325596 0.110978 0.093645 0.817575
1 0.520292 0.325580 0.112566 0.093630 0.880797
1 0.005501 0.334560 0.011021 0.108372 0.047426
1 0.150437 0.316701 0.023183 0.033786 0.006693
1 0.153961 0.313531 0.023078 0.030217 0.075858
1 0.187134 0.322903 0.058828 0.072266 0.817575
1 0.187532 0.322927 0.058036 0.072212 0.880797
1 0.188027 0.322016 0.056984 0.073995 0.880797
1 0.187477 0.322917 0.058053 0.075836 0.880797
1 0.239319 0.319625 0.019847 0.032779 0.002473
1 0.271871 0.323840 0.018764 0.050991 0.622459
1 0.272923 0.324954 0.017850 0.053280 0.182426
1 0.379511 0.343987 0.200672 0.235159 0.924142
1 0.380207 0.344024 0.202134 0.235234 0.880797
1 0.379752 0.344940 0.201222 0.237280 0.880797
1 0.380526 0.343683 0.200841 0.235814 0.880797
1 0.520214 0.325609 0.109572 0.093645 0.817575
1 0.520299 0.325625 0.112494 0.093626 0.880797
1 0.519524 0.326904 0.111006 0.096194 0.924142
1 0.518646 0.325642 0.115844 0.093633 0.880797
1 0.599319 0.324068 0.020790 0.013612 0.004070
1 0.600616 0.324200 0.025113 0.018550 0.002473
1 0.633464 0.331332 0.034092 0.021979 0.010987
1 0.638642 0.332592 0.037561 0.024332 0.622459
1 0.639609 0.332409 0.039478 0.023960 0.622459
1 0.660659 0.337239 0.013749 0.033675 0.075858
1 0.675757 0.337075 0.023598 0.044109 0.500000
1 0.676484 0.335917 0.025105 0.041742 0.622459
1 0.701567 0.346304 0.050050 0.062543 0.731059
1 0.702223 0.345016 0.048655 0.065081 0.731059
1 0.702270 0.345038 0.048706 0.065123 0.731059
1 0.005499 0.342251 0.011027 0.089747 0.047426
1 0.187567 0.324051 0.058244 0.070040 0.817575
1 0.187527 0.322911 0.058044 0.072183 0.817575
1 0.187492 0.322913 0.058014 0.072180 0.880797
1 0.187489 0.323798 0.058063 0.074041 0.880797
1 0.272748 0.323854 0.017468 0.051026 0.622459
1 0.273126 0.324544 0.018157 0.049668 0.182426
1 0.379727 0.341314 0.199508 0.235049 0.924142
1 0.380607 0.341626 0.201316 0.239322 0.880797
1 0.379432 0.341817 0.202479 0.239671 0.924142
1 0.380100 0.341606 0.201151 0.239898 0.924142
1 0.520219 0.326115 0.109557 0.092640 0.880797
1 0.519533 0.325001 0.110953 0.094857 0.880797
1 0.519540 0.325643 0.110943 0.093611 0.880797
1 0.636760 0.333023 0.040640 0.024841 0.017986
1 0.638958 0.333815 0.038194 0.024872 0.268941
1 0.640456 0.332899 0.041187 0.024875 0.182426
1 0.661395 0.336314 0.013378 0.030674 0.119203
1 0.676433 0.337095 0.022199 0.039600 0.622459
1 0.675678 0.337050 0.023683 0.043998 0.622459
1 0.700769 0.345031 0.048468 0.065105 0.817575
1 0.702229 0.347425 0.048669 0.064816 0.880797
1 0.702285 0.345020 0.048773 0.065118 0.817575
1 0.778993 0.368351 0.113837 0.127856 0.817575
1 0.777775 0.368431 0.111410 0.128016 0.817575
1 0.777192 0.369594 0.112579 0.130520 0.924142
1 0.005516 0.345120 0.011052 0.084544 0.029312
1 0.698976 0.343912 0.045191 0.057782 0.017986
1 0.702203 0.347440 0.048620 0.064801 0.817575
1 0.702234 0.347435 0.048667 0.064788 0.817575
1 0.702802 0.346298 0.047628 0.062539 0.880797
1 0.779768 0.368127 0.115369 0.124619 0.880797
1 0.779016 0.369661 0.113831 0.130364 0.817575
1 0.778448 0.369656 0.110038 0.130458 0.924142
1 0.777725 0.369655 0.111473 0.130455 0.880797
1 0.005534 0.339069 0.011089 0.116890 0.002473
1 0.779011 0.369187 0.111121 0.131335 0.880797
1 0.777385 0.369628 0.110634 0.130401 0.924142
1 0.777725 0.370867 0.111473 0.132881 0.952574
3 0.133288 0.285685 0.064653 0.079393 0.004070
3 0.142447 0.285832 0.042469 0.078495 0.001501
3 0.195687 0.281304 0.045392 0.049730 0.001501
3 0.198054 0.304709 0.047503 0.080874 0.001501
3 0.210275 0.292787 0.030727 0.058739 0.001501
3 0.005524 0.325067 0.011067 0.132832 0.001501
3 0.005501 0.334560 0.011021 0.108372 0.004070
3 0.005499 0.342251 0.011027 0.089747 0.004070
3 0.005516 0.345120 0.011052 0.084544 0.001501
4 0.005516 0.345120 0.011052 0.084544 0.001501
5 0.005544 0.302876 0.011144 0.183918 0.001501
5 0.005524 0.325067 0.011067 0.132832 0.002473
5 0.005501 0.334560 0.011021 0.108372 0.004070
5 0.235086 0.319574 0.010671 0.037288 0.029312
5 0.005499 0.342251 0.011027 0.089747 0.004070
5 0.005516 0.345120 0.011052 0.084544 0.004070
