0 0.245563 0.278726 0.016239 0.060910 0.001501
0 0.403603 0.328213 0.024617 0.115278 0.004070
0 0.406525 0.330629 0.023820 0.124887 0.268941
0 0.408617 0.328059 0.027049 0.109876 0.004070
0 0.348409 0.321046 0.016243 0.060074 0.001501
0 0.404838 0.326556 0.025171 0.111769 0.029312
0 0.406813 0.332013 0.025094 0.127557 0.622459
0 0.407602 0.336988 0.026894 0.121694 0.047426
0 0.445171 0.321176 0.018540 0.059970 0.001501
0 0.405401 0.323214 0.026627 0.090359 0.004070
0 0.406835 0.333325 0.025021 0.125050 0.731059
0 0.407554 0.335916 0.025381 0.125025 0.377541
0 0.404740 0.333292 0.026666 0.088909 0.004070
0 0.407461 0.333305 0.024037 0.130185 0.622459
0 0.407923 0.334586 0.024642 0.127647 0.500000
0 0.405722 0.336443 0.025136 0.118719 0.047426
0 0.407461 0.334580 0.024034 0.127630 0.622459
0 0.407554 0.333273 0.025379 0.125153 0.622459
0 0.510650 0.346633 0.054264 0.162797 0.004070
0 0.405525 0.333497 0.025480 0.124876 0.010987
0 0.407247 0.334568 0.024466 0.127681 0.622459
0 0.407677 0.334565 0.025144 0.127674 0.377541
0 0.506667 0.347224 0.044103 0.169656 0.010987
0 0.508291 0.346099 0.047964 0.166855 0.029312
0 0.505360 0.346733 0.041447 0.164818 0.004070
0 0.506249 0.347242 0.043674 0.163798 0.006693
1 0.258760 0.301493 0.038982 0.034646 0.004070
1 0.261145 0.302792 0.033791 0.035854 0.001501
1 0.307523 0.333448 0.058107 0.052841 0.001501
1 0.311752 0.335795 0.051675 0.046646 0.731059
1 0.311741 0.336700 0.051573 0.048453 0.731059
1 0.311003 0.336705 0.050165 0.048437 0.817575
1 0.312094 0.336700 0.052478 0.048447 0.622459
1 0.331665 0.334687 0.031296 0.049984 0.001501
1 0.371856 0.335738 0.043894 0.036932 0.731059
1 0.371610 0.333333 0.043272 0.036619 0.731059
1 0.371448 0.333330 0.042987 0.036568 0.622459
1 0.405401 0.323214 0.026627 0.090359 0.006693
1 0.552242 0.341341 0.142440 0.150734 0.817575
1 0.551787 0.341360 0.143375 0.150833 0.880797
1 0.626504 0.330474 0.022297 0.036490 0.017986
1 0.627446 0.328126 0.020446 0.036431 0.010987
1 0.654283 0.338903 0.044627 0.062538 0.817575
1 0.654987 0.340026 0.045848 0.064818 0.817575
1 0.654949 0.338913 0.045944 0.062513 0.817575
1 0.306424 0.336528 0.057414 0.052709 0.001501
1 0.311724 0.338600 0.051785 0.047196 0.731059
1 0.311778 0.336678 0.051723 0.048423 0.622459
1 0.311911 0.336653 0.052006 0.048387 0.817575
1 0.313221 0.337323 0.054576 0.049750 0.731059
1 0.323478 0.341373 0.047536 0.039865 0.017986
1 0.371836 0.334601 0.043855 0.039271 0.731059
1 0.370849 0.334477 0.044790 0.034362 0.622459
1 0.370952 0.335741 0.045088 0.036897 0.731059
1 0.404740 0.333292 0.026666 0.088909 0.001501
1 0.553779 0.341370 0.142523 0.150869 0.880797
1 0.553121 0.340453 0.143739 0.152529 0.880797
1 0.551105 0.340432 0.142008 0.152485 0.924142
1 0.551894 0.341334 0.143144 0.150793 0.880797
1 0.626632 0.332131 0.022597 0.045804 0.002473
1 0.629518 0.335080 0.018217 0.045728 0.002473
1 0.654807 0.338906 0.046208 0.062544 0.731059
1 0.654303 0.338007 0.044482 0.060742 0.817575
1 0.654943 0.338908 0.045931 0.062544 0.817575
1 0.553792 0.342656 0.142551 0.153498 0.924142
1 0.552848 0.342460 0.144302 0.148490 0.880797
1 0.551774 0.342447 0.143376 0.148456 0.952574
1 0.551668 0.342403 0.143597 0.148613 0.952574
1 0.654282 0.340048 0.044623 0.064824 0.817575
1 0.654309 0.338015 0.044490 0.060755 0.817575
1 0.654550 0.338896 0.044056 0.062622 0.880797
1 0.837798 0.403190 0.292256 0.359852 0.095349
1 0.837468 0.405147 0.294968 0.361232 0.851953
1 0.837898 0.402601 0.295703 0.355790 0.014064
1 0.150036 0.423431 0.303214 0.602078 0.904651
1 0.150789 0.426175 0.304703 0.596738 0.904651
1 0.149195 0.423689 0.304837 0.597858 0.001170
1 0.835387 0.402488 0.288766 0.361469 0.904651
1 0.836693 0.401963 0.291570 0.357437 0.924142
1 0.836717 0.401326 0.293528 0.358788 0.924142
1 0.837152 0.403538 0.293901 0.359491 0.904651
1 0.149964 0.424155 0.299984 0.603566 0.924142
1 0.150807 0.424311 0.301664 0.604636 0.924142
1 0.151486 0.422850 0.306090 0.606418 0.904651
1 0.149110 0.423049 0.304995 0.602841 0.880797
1 0.834533 0.402444 0.287253 0.356706 0.047426
1 0.836672 0.400494 0.291495 0.355564 0.924142
1 0.836208 0.401093 0.292502 0.354334 0.904651
1 0.836991 0.402461 0.293696 0.356620 0.880797
1 0.150743 0.427165 0.301601 0.599012 0.924142
1 0.150816 0.424381 0.301635 0.604602 0.924142
1 0.150746 0.422788 0.307579 0.607760 0.924142
1 0.149206 0.420497 0.304811 0.609952 0.880797
1 0.836932 0.404694 0.291294 0.357332 0.377541
1 0.836764 0.405273 0.292168 0.356540 0.182426
3 0.705888 0.302809 0.062124 0.154020 0.001501
