0 0.257787 0.247707 0.012534 0.042506 0.006693
0 0.210145 0.292004 0.017284 0.029195 0.002473
0 0.369603 0.293609 0.011449 0.032477 0.004070
0 0.378711 0.296393 0.008130 0.038147 0.004070
0 0.371040 0.295626 0.017323 0.029223 0.001501
0 0.379257 0.300838 0.008549 0.034739 0.017986
0 0.379794 0.313229 0.009685 0.060984 0.002473
0 0.381228 0.319823 0.012735 0.083899 0.004070
1 0.410197 0.289841 0.052665 0.059555 0.002473
1 0.411420 0.297621 0.053483 0.074957 0.001501
1 0.009530 0.330186 0.019358 0.163485 0.001501
1 0.406711 0.311293 0.057153 0.094234 0.006693
1 0.409578 0.311106 0.056693 0.092359 0.002473
1 0.513379 0.309548 0.026844 0.022596 0.004070
1 0.515395 0.310664 0.030691 0.022173 0.006693
1 0.518459 0.310217 0.032498 0.024109 0.002473
1 0.009784 0.344996 0.020061 0.157309 0.004070
1 0.016135 0.329520 0.029235 0.159292 0.001501
1 0.404191 0.313470 0.047442 0.090263 0.004070
1 0.406775 0.312978 0.050574 0.090072 0.002473
1 0.444614 0.331255 0.098985 0.134538 0.622459
1 0.445150 0.330624 0.096757 0.135729 0.731059
1 0.445980 0.331291 0.095562 0.134593 0.817575
1 0.516502 0.312725 0.033210 0.025447 0.001501
1 0.517355 0.312142 0.034748 0.027585 0.001501
1 0.581261 0.332016 0.090661 0.127497 0.880797
1 0.581954 0.333294 0.092004 0.124941 0.880797
1 0.581267 0.330751 0.090652 0.124985 0.924142
1 0.009560 0.351703 0.019615 0.136135 0.002473
1 0.401718 0.315206 0.043390 0.093901 0.002473
1 0.404666 0.315345 0.046722 0.089409 0.006693
1 0.444804 0.331430 0.098346 0.134887 0.622459
1 0.445944 0.331353 0.095616 0.134544 0.731059
1 0.445084 0.331409 0.096635 0.134656 0.880797
1 0.445823 0.331432 0.095165 0.134706 0.817575
1 0.581254 0.333372 0.090576 0.125147 0.002473
1 0.581247 0.333322 0.090630 0.125016 0.817575
1 0.581934 0.333267 0.091979 0.124907 0.880797
1 0.582005 0.332015 0.089115 0.122384 0.924142
1 0.581964 0.330648 0.089189 0.124757 0.924142
1 0.986179 0.394326 0.027841 0.171549 0.001501
1 0.990145 0.395044 0.019840 0.172862 0.006693
1 0.444782 0.332315 0.098645 0.133278 0.817575
1 0.445767 0.331399 0.095979 0.134796 0.817575
1 0.445646 0.331419 0.096227 0.134826 0.880797
1 0.581244 0.332032 0.090652 0.122431 0.924142
1 0.581271 0.333274 0.090703 0.119825 0.880797
1 0.581251 0.330800 0.090663 0.119966 0.924142
1 0.986414 0.397328 0.027365 0.174330 0.029312
1 0.988582 0.402655 0.022971 0.167846 0.029312
1 0.977415 0.388358 0.046640 0.198670 0.001501
1 0.987007 0.399826 0.026141 0.180304 0.047426
1 0.988989 0.403455 0.025179 0.175282 0.047426
1 0.979888 0.393482 0.041641 0.190242 0.001501
1 0.987002 0.401462 0.026118 0.182078 0.029312
1 0.987399 0.406172 0.025238 0.182714 0.047426
1 0.988002 0.401092 0.024099 0.180507 0.017986
1 0.988189 0.401362 0.023701 0.185344 0.029312
1 0.987353 0.404669 0.025439 0.176511 0.010987
1 0.988347 0.403996 0.023352 0.183137 0.010987
1 0.988226 0.433438 0.023616 0.116615 0.002473
1 0.989082 0.456425 0.021883 0.073367 0.002473
1 0.245679 0.369765 0.265432 0.220820 0.924142
1 0.247530 0.369631 0.269136 0.220010 0.924142
1 0.246557 0.370529 0.268824 0.218045 0.924142
1 0.247451 0.369594 0.269741 0.220322 0.500000
1 0.246481 0.369690 0.266536 0.223948 0.904651
1 0.246989 0.369381 0.267774 0.223524 0.939913
1 0.246586 0.370314 0.268668 0.221057 0.924142
1 0.247532 0.370173 0.269127 0.220643 0.924142
1 0.246562 0.370008 0.266387 0.224477 0.562177
1 0.248121 0.370663 0.270101 0.221635 0.924142
1 0.246839 0.369651 0.268562 0.224092 0.924142
2 0.104845 0.284107 0.065133 0.059267 0.001501
2 0.067398 0.281262 0.066634 0.053136 0.001501
2 0.105232 0.282912 0.064779 0.055859 0.002473
2 0.105804 0.284939 0.065775 0.060275 0.001501
3 0.104845 0.284107 0.065133 0.059267 0.001501
3 0.105232 0.282912 0.064779 0.055859 0.001501
3 0.410197 0.289841 0.052665 0.059555 0.001501
3 0.024693 0.316897 0.045279 0.143621 0.001501
4 0.009530 0.330186 0.019358 0.163485 0.001501
4 0.009784 0.344996 0.020061 0.157309 0.029312
4 0.016135 0.329520 0.029235 0.159292 0.004070
4 0.009560 0.351703 0.019615 0.136135 0.182426
4 0.013370 0.337969 0.026887 0.153560 0.010987
4 0.009681 0.369808 0.019624 0.101452 0.268941
4 0.010894 0.357282 0.018846 0.125470 0.029312
4 0.009685 0.371947 0.019610 0.092608 0.182426
4 0.011264 0.361533 0.019614 0.111937 0.047426
4 0.009669 0.367691 0.022514 0.103846 0.182426
4 0.010513 0.368589 0.021118 0.105243 0.047426
4 0.987399 0.406172 0.025238 0.182714 0.001501
4 0.009422 0.366960 0.021973 0.210444 0.004070
4 0.011416 0.364545 0.019975 0.207761 0.001501
5 0.009530 0.330186 0.019358 0.163485 0.002473
5 0.017117 0.321950 0.031062 0.157809 0.001501
5 0.009784 0.344996 0.020061 0.157309 0.002473
5 0.016135 0.329520 0.029235 0.159292 0.001501
