0 0.050878 0.214013 0.033235 0.131452 0.017986
0 0.050408 0.217548 0.033000 0.134044 0.029312
0 0.050307 0.217270 0.032184 0.137625 0.047426
0 0.083724 0.218098 0.039542 0.159831 0.002473
0 0.088801 0.238364 0.026840 0.123284 0.004070
0 0.050354 0.218853 0.034538 0.135649 0.029312
0 0.050612 0.219855 0.032864 0.137715 0.017986
0 0.059439 0.222469 0.054342 0.132853 0.001501
0 0.088065 0.238819 0.027821 0.132892 0.006693
0 0.089822 0.244294 0.024023 0.126141 0.004070
0 0.049804 0.220384 0.032395 0.135643 0.029312
0 0.050385 0.220428 0.032342 0.135507 0.075858
0 0.057794 0.221186 0.049906 0.141587 0.002473
0 0.089035 0.242846 0.025810 0.133420 0.001501
0 0.089968 0.245232 0.023661 0.128911 0.004070
0 0.987517 0.238911 0.022009 0.145387 0.001501
0 0.050526 0.219977 0.034055 0.137887 0.075858
0 0.050004 0.219912 0.033435 0.137724 0.182426
0 0.089599 0.244955 0.024318 0.130439 0.002473
0 0.089950 0.246869 0.023344 0.125964 0.001501
0 0.051330 0.225866 0.034222 0.136359 0.004070
0 0.089740 0.247673 0.024022 0.117959 0.002473
0 0.090451 0.247437 0.022473 0.124967 0.004070
0 0.090165 0.260450 0.023284 0.101406 0.004070
0 0.215947 0.321187 0.015131 0.076241 0.010987
0 0.379018 0.327303 0.011215 0.053742 0.004070
0 0.404804 0.325012 0.009800 0.058059 0.002473
0 0.215060 0.331208 0.026416 0.067640 0.001501
0 0.378099 0.333285 0.009306 0.046977 0.047426
0 0.405567 0.330523 0.008137 0.042067 0.006693
0 0.143264 0.331742 0.021710 0.112293 0.001501
0 0.379265 0.332077 0.008551 0.049377 0.047426
0 0.405580 0.331462 0.008130 0.045562 0.004070
0 0.218553 0.359505 0.019174 0.082140 0.001501
1 0.552787 0.317373 0.019532 0.081047 0.001501
1 0.551957 0.338412 0.021105 0.104942 0.017986
1 0.553961 0.335262 0.017116 0.097152 0.075858
1 0.561991 0.320108 0.020831 0.052515 0.001501
1 0.612896 0.326610 0.064466 0.064804 0.731059
1 0.612851 0.326590 0.064388 0.064798 0.731059
1 0.612883 0.326604 0.064017 0.060268 0.817575
1 0.649806 0.304416 0.055947 0.096635 0.001501
1 0.364987 0.326907 0.027446 0.024030 0.001501
1 0.389828 0.326513 0.026715 0.029152 0.001501
1 0.416816 0.331857 0.019615 0.045623 0.004070
1 0.485898 0.336808 0.149931 0.173624 0.817575
1 0.485237 0.337467 0.148734 0.174943 0.880797
1 0.485982 0.336290 0.150063 0.177732 0.924142
1 0.550534 0.339122 0.020892 0.107398 0.047426
1 0.553092 0.338341 0.018852 0.098889 0.119203
1 0.566011 0.327032 0.015507 0.037789 0.002473
1 0.595678 0.330231 0.033637 0.052988 0.006693
1 0.612985 0.325458 0.065746 0.062592 0.731059
1 0.612835 0.327729 0.065746 0.062550 0.817575
1 0.612777 0.324192 0.064239 0.065103 0.817575
1 0.612788 0.325463 0.063806 0.062532 0.731059
1 0.614602 0.325565 0.065218 0.062817 0.004070
1 0.651558 0.309568 0.058291 0.091094 0.002473
1 0.214049 0.344329 0.028886 0.039471 0.006693
1 0.215324 0.346794 0.028064 0.035736 0.006693
1 0.217407 0.344143 0.032628 0.042373 0.004070
1 0.417815 0.331665 0.014553 0.052822 0.001501
1 0.485970 0.336809 0.150082 0.173654 0.880797
1 0.485895 0.337592 0.149920 0.175236 0.880797
1 0.484574 0.338050 0.150053 0.176153 0.924142
1 0.486725 0.338228 0.151534 0.176561 0.924142
1 0.550390 0.337932 0.024221 0.115653 0.017986
1 0.553093 0.339434 0.018860 0.102368 0.119203
1 0.567363 0.330343 0.013264 0.039491 0.001501
1 0.598348 0.330066 0.036116 0.053524 0.010987
1 0.613737 0.326610 0.066426 0.064777 0.817575
1 0.612786 0.326604 0.064249 0.064771 0.817575
1 0.613008 0.326605 0.064257 0.060259 0.817575
1 0.214608 0.344444 0.030003 0.043633 0.001501
1 0.215028 0.345851 0.030244 0.042659 0.004070
1 0.485811 0.336482 0.149725 0.178244 0.880797
1 0.485210 0.338794 0.148605 0.177890 0.924142
1 0.486697 0.338973 0.151558 0.178219 0.924142
1 0.549812 0.336871 0.025371 0.111423 0.017986
1 0.551896 0.339492 0.018178 0.102823 0.182426
1 0.548145 0.341033 0.025651 0.100736 0.006693
1 0.551062 0.339686 0.019868 0.102860 0.047426
1 0.081517 0.491306 0.159915 0.652369 0.022977
1 0.080234 0.489579 0.163659 0.654582 0.851953
1 0.080959 0.489632 0.161883 0.652210 0.851953
1 0.081248 0.491578 0.162535 0.649999 0.851953
1 0.080391 0.491684 0.163882 0.647732 0.851953
1 0.809480 0.515937 0.375259 0.683356 0.731059
1 0.810715 0.514604 0.382509 0.680871 0.817575
1 0.811166 0.511200 0.378818 0.678146 0.851953
1 0.081022 0.488252 0.162461 0.657412 0.014064
1 0.081025 0.495250 0.161989 0.645141 0.880797
1 0.081167 0.494909 0.162370 0.644000 0.851953
1 0.080509 0.497067 0.164019 0.645028 0.777300
1 0.808500 0.512120 0.370969 0.678999 0.817575
1 0.810199 0.510548 0.377226 0.674946 0.817575
1 0.810701 0.510151 0.382526 0.675856 0.851953
1 0.810322 0.509095 0.380106 0.674050 0.851953
1 0.080969 0.505175 0.161811 0.625186 0.148047
1 0.080419 0.503856 0.163872 0.627789 0.817575
1 0.080279 0.502236 0.163580 0.631054 0.679179
1 0.811178 0.505844 0.378437 0.673576 0.817575
1 0.811099 0.505401 0.378411 0.672206 0.817575
1 0.810019 0.505289 0.377357 0.670005 0.817575
5 0.214948 0.337383 0.027394 0.055776 0.002473
5 0.215060 0.331208 0.026416 0.067640 0.002473
5 0.214049 0.344329 0.028886 0.039471 0.002473
5 0.215324 0.346794 0.028064 0.035736 0.002473
5 0.214608 0.344444 0.030003 0.043633 0.001501
5 0.215028 0.345851 0.030244 0.042659 0.001501
