0 0.071764 0.244209 0.022533 0.066963 0.002473
0 0.072360 0.242764 0.024655 0.064614 0.004070
0 0.242119 0.267160 0.028813 0.132559 0.004070
0 0.243315 0.280451 0.030315 0.161631 0.001501
0 0.261087 0.297332 0.019364 0.180373 0.006693
0 0.269998 0.296484 0.023979 0.198007 0.002473
0 0.322287 0.296775 0.027339 0.164742 0.001501
0 0.071907 0.245255 0.022734 0.068640 0.010987
0 0.072598 0.247255 0.024111 0.068445 0.006693
0 0.243303 0.265412 0.031167 0.131327 0.001501
0 0.243756 0.280197 0.031570 0.160899 0.006693
0 0.260722 0.290323 0.018567 0.154815 0.017986
0 0.270706 0.294430 0.027212 0.189114 0.001501
0 0.295280 0.297425 0.024797 0.163503 0.002473
0 0.305478 0.301745 0.017297 0.140670 0.029312
0 0.321126 0.304792 0.023901 0.158723 0.010987
0 0.321809 0.290074 0.028927 0.131000 0.004070
0 0.071319 0.249540 0.023923 0.072571 0.006693
0 0.072095 0.249824 0.023048 0.071137 0.006693
0 0.103984 0.250938 0.019027 0.057518 0.002473
0 0.112162 0.264480 0.023139 0.071334 0.002473
0 0.202267 0.265841 0.012581 0.031870 0.002473
0 0.244385 0.274022 0.033249 0.146785 0.017986
0 0.243771 0.291428 0.031728 0.180586 0.017986
0 0.260735 0.292037 0.022442 0.163020 0.010987
0 0.300728 0.301801 0.023500 0.132428 0.006693
0 0.304625 0.300111 0.015773 0.135171 0.075858
0 0.320107 0.302729 0.028066 0.159083 0.119203
0 0.321427 0.288648 0.029296 0.117653 0.004070
0 0.692277 0.275918 0.009735 0.042769 0.001501
0 0.071314 0.252200 0.026387 0.081866 0.010987
0 0.071883 0.256540 0.026250 0.081852 0.010987
0 0.114282 0.269870 0.044064 0.088515 0.001501
0 0.146063 0.252745 0.043772 0.236001 0.002473
0 0.202306 0.269967 0.012722 0.040276 0.001501
0 0.244464 0.298099 0.033054 0.194720 0.377541
0 0.254382 0.296331 0.025324 0.187954 0.001501
0 0.277958 0.296456 0.035252 0.195280 0.119203
0 0.278946 0.299385 0.033532 0.198414 0.500000
0 0.299998 0.301415 0.022039 0.123060 0.004070
0 0.303931 0.299164 0.014094 0.127865 0.047426
0 0.319564 0.302071 0.029637 0.157916 0.268941
0 0.323706 0.299330 0.028235 0.100088 0.002473
0 0.339034 0.306683 0.011341 0.058558 0.047426
0 0.352810 0.308960 0.011460 0.058595 0.182426
0 0.365298 0.307372 0.011484 0.057281 0.119203
0 0.695982 0.282146 0.011194 0.033094 0.006693
0 0.071802 0.268863 0.026974 0.111064 0.001501
0 0.071749 0.271527 0.030406 0.119374 0.001501
0 0.244948 0.297944 0.032096 0.194419 0.047426
0 0.244441 0.297350 0.033043 0.195849 0.731059
0 0.246068 0.298303 0.036136 0.195023 0.075858
0 0.278249 0.301229 0.035207 0.204866 0.622459
0 0.279004 0.301590 0.033384 0.204376 0.731059
0 0.298872 0.298669 0.020190 0.140171 0.002473
0 0.305508 0.298917 0.017104 0.126881 0.047426
0 0.319629 0.303995 0.029628 0.161047 0.377541
0 0.321793 0.301485 0.025702 0.108654 0.010987
0 0.339458 0.306489 0.009801 0.053727 0.075858
0 0.352821 0.309666 0.011444 0.057705 0.268941
0 0.366528 0.309273 0.011196 0.053389 0.268941
0 0.243751 0.298029 0.034469 0.189927 0.622459
0 0.244540 0.300551 0.035897 0.190421 0.731059
0 0.245239 0.301977 0.034576 0.187896 0.731059
0 0.279637 0.303686 0.034601 0.206960 0.622459
0 0.279105 0.302784 0.033432 0.209691 0.731059
0 0.280348 0.303445 0.033792 0.189234 0.004070
0 0.305495 0.298487 0.017279 0.129578 0.075858
0 0.318471 0.305015 0.029500 0.159569 0.377541
0 0.328305 0.294528 0.018476 0.102497 0.010987
0 0.339621 0.306997 0.010191 0.052732 0.075858
0 0.354040 0.310065 0.011154 0.060083 0.268941
0 0.366530 0.309991 0.011180 0.051841 0.268941
0 0.142049 0.312706 0.055479 0.380769 0.377541
0 0.245199 0.300722 0.034632 0.190608 0.622459
0 0.244548 0.302064 0.035911 0.192724 0.622459
0 0.246000 0.300769 0.036090 0.190267 0.731059
0 0.278943 0.304229 0.036173 0.212622 0.622459
0 0.279717 0.304471 0.034656 0.213273 0.622459
0 0.279733 0.304243 0.034854 0.200881 0.010987
0 0.305580 0.296373 0.014507 0.132411 0.075858
0 0.318060 0.305240 0.027138 0.158435 0.377541
0 0.319392 0.309379 0.028296 0.150253 0.119203
0 0.353501 0.311662 0.010086 0.067382 0.004070
0 0.889345 0.332686 0.013502 0.072100 0.002473
0 0.144020 0.315660 0.059415 0.386577 0.622459
0 0.142927 0.317067 0.057794 0.384379 0.622459
0 0.143834 0.316496 0.056088 0.388235 0.731059
0 0.245224 0.300288 0.034693 0.191393 0.001501
0 0.245233 0.301843 0.034573 0.187994 0.622459
0 0.245283 0.301993 0.034495 0.187922 0.017986
0 0.279675 0.306200 0.034681 0.210067 0.622459
0 0.279703 0.309769 0.034720 0.212210 0.500000
0 0.314932 0.301962 0.030032 0.159318 0.017986
0 0.318637 0.305250 0.025965 0.158452 0.268941
0 0.319820 0.309233 0.027452 0.152483 0.119203
0 0.144823 0.315163 0.061247 0.380585 0.622459
0 0.143975 0.316621 0.059868 0.383620 0.622459
0 0.144369 0.317730 0.057687 0.380638 0.622459
0 0.147984 0.317075 0.060948 0.385188 0.002473
0 0.244523 0.302715 0.032965 0.181594 0.017986
0 0.281067 0.308349 0.034713 0.216199 0.017986
0 0.319390 0.306241 0.023875 0.160448 0.029312
0 0.146744 0.313546 0.062551 0.383425 0.622459
0 0.147225 0.313871 0.063680 0.383426 0.500000
0 0.149473 0.315199 0.068002 0.385781 0.622459
0 0.153894 0.317006 0.073789 0.389598 0.002473
0 0.152131 0.313753 0.070838 0.386485 0.377541
0 0.155575 0.316153 0.076278 0.386877 0.006693
0 0.161874 0.324851 0.090949 0.387250 0.001501
1 0.398726 0.317184 0.044480 0.060703 0.817575
1 0.399452 0.318088 0.043108 0.062506 0.817575
1 0.399312 0.317185 0.045547 0.060685 0.817575
1 0.427238 0.315851 0.014804 0.035194 0.047426
1 0.494100 0.329477 0.125011 0.164104 0.817575
1 0.493857 0.329479 0.124127 0.164100 0.880797
1 0.634049 0.329609 0.178805 0.168951 0.817575
1 0.633384 0.329603 0.177409 0.168922 0.817575
1 0.398749 0.318301 0.044490 0.058479 0.817575
1 0.399438 0.317179 0.043094 0.060710 0.817575
1 0.398772 0.317175 0.044464 0.060703 0.880797
1 0.399464 0.317155 0.043137 0.060767 0.731059
1 0.427812 0.316642 0.016366 0.033512 0.119203
1 0.494266 0.330646 0.125148 0.166464 0.817575
1 0.493927 0.329612 0.124647 0.164352 0.880797
1 0.493567 0.329603 0.124636 0.164369 0.880797
1 0.493447 0.330655 0.124479 0.166563 0.880797
1 0.633350 0.330742 0.177446 0.166666 0.880797
1 0.633368 0.332036 0.177425 0.169263 0.880797
1 0.633771 0.329624 0.176603 0.168960 0.924142
1 0.632793 0.329595 0.176232 0.168961 0.924142
1 0.399421 0.317136 0.043080 0.060865 0.817575
1 0.399443 0.318313 0.043087 0.058487 0.817575
1 0.398781 0.319215 0.044469 0.060284 0.880797
1 0.494281 0.332013 0.124653 0.164199 0.817575
1 0.494311 0.330887 0.123874 0.161877 0.880797
1 0.493568 0.332019 0.124634 0.164124 0.924142
1 0.493165 0.331978 0.125028 0.164250 0.880797
1 0.633064 0.330749 0.177988 0.166729 0.924142
1 0.634264 0.330749 0.178348 0.166730 0.880797
1 0.633364 0.330745 0.177417 0.166728 0.952574
1 0.632796 0.330689 0.176222 0.166818 0.924142
