0 0.328750 0.301931 0.017781 0.129852 0.010987
0 0.327836 0.307711 0.022767 0.121577 0.004070
0 0.329043 0.306269 0.020145 0.122999 0.377541
0 0.720801 0.308830 0.020200 0.115547 0.010987
0 0.728412 0.312069 0.015223 0.111742 0.006693
0 0.328933 0.305851 0.023355 0.116263 0.075858
0 0.330133 0.305638 0.022779 0.116717 0.622459
0 0.687609 0.316199 0.014637 0.081422 0.075858
0 0.688532 0.317136 0.013437 0.079478 0.119203
0 0.705588 0.320047 0.014285 0.088849 0.377541
0 0.717094 0.318025 0.012958 0.101277 0.029312
0 0.730291 0.313181 0.011441 0.097876 0.010987
0 0.774427 0.322826 0.015937 0.086498 0.182426
0 0.775057 0.322535 0.015375 0.087879 0.119203
0 0.328931 0.306278 0.023354 0.116631 0.047426
0 0.330246 0.306849 0.022548 0.114235 0.622459
0 0.382697 0.306191 0.009623 0.054670 0.001501
0 0.406928 0.314033 0.008119 0.055227 0.004070
0 0.456263 0.311066 0.009554 0.044264 0.004070
0 0.465130 0.308481 0.008428 0.039218 0.006693
0 0.580029 0.315641 0.007015 0.030320 0.047426
0 0.687578 0.319532 0.013850 0.079957 0.075858
0 0.689005 0.319638 0.014082 0.078975 0.182426
0 0.704819 0.320152 0.012835 0.088904 0.377541
0 0.715765 0.331620 0.012755 0.071792 0.075858
0 0.729913 0.327645 0.015236 0.068214 0.006693
0 0.774490 0.323698 0.016077 0.084212 0.500000
0 0.775012 0.324005 0.015470 0.085704 0.377541
0 0.328889 0.306422 0.023265 0.115181 0.047426
0 0.330150 0.305295 0.022806 0.116173 0.731059
0 0.407699 0.315221 0.009658 0.052286 0.002473
0 0.455484 0.312616 0.011055 0.041662 0.004070
0 0.466049 0.312442 0.007330 0.037187 0.006693
0 0.581250 0.317515 0.006735 0.031687 0.182426
0 0.688181 0.319574 0.015069 0.079905 0.047426
0 0.688811 0.319672 0.012885 0.078882 0.182426
0 0.704115 0.321624 0.014057 0.087865 0.377541
0 0.714607 0.330497 0.012893 0.073950 0.119203
0 0.730443 0.330610 0.014161 0.064272 0.006693
0 0.774490 0.324270 0.016074 0.084876 0.500000
0 0.774619 0.324628 0.016253 0.086815 0.377541
0 0.329401 0.305658 0.024289 0.115971 0.029312
0 0.330328 0.306191 0.022449 0.112597 0.622459
0 0.332727 0.308218 0.025077 0.101860 0.004070
0 0.687722 0.319369 0.014847 0.080502 0.029312
0 0.688936 0.320659 0.014217 0.080461 0.182426
0 0.704085 0.322286 0.011293 0.087760 0.377541
0 0.715048 0.330253 0.014220 0.078955 0.119203
0 0.730985 0.329316 0.013069 0.060696 0.029312
0 0.774619 0.323983 0.014734 0.085459 0.268941
0 0.774620 0.323975 0.016244 0.085497 0.182426
0 0.330569 0.307610 0.023659 0.115980 0.029312
0 0.691450 0.323734 0.014412 0.086938 0.002473
0 0.707206 0.323387 0.017534 0.090059 0.075858
0 0.714201 0.330188 0.015969 0.080087 0.047426
0 0.728506 0.332728 0.015056 0.071520 0.004070
0 0.773682 0.324532 0.016615 0.087732 0.182426
0 0.774103 0.323727 0.017281 0.086747 0.075858
1 0.502359 0.319565 0.067228 0.097504 0.880797
1 0.502427 0.321992 0.067071 0.092738 0.880797
1 0.502534 0.321745 0.066867 0.096759 0.924142
1 0.549379 0.314773 0.026985 0.027404 0.010987
1 0.554177 0.315102 0.026646 0.026794 0.010987
1 0.557741 0.315521 0.025807 0.030254 0.001501
1 0.624230 0.328657 0.073465 0.068950 0.817575
1 0.624230 0.328633 0.073477 0.068889 0.880797
1 0.755793 0.323785 0.062433 0.065686 0.001501
1 0.764788 0.322680 0.048604 0.072611 0.004070
1 0.775012 0.324005 0.015470 0.085704 0.010987
1 0.502431 0.320875 0.067085 0.094993 0.880797
1 0.502428 0.320876 0.067075 0.094991 0.924142
1 0.502649 0.321771 0.066632 0.096787 0.924142
1 0.502467 0.321766 0.067001 0.096772 0.924142
1 0.552254 0.315912 0.029543 0.025346 0.119203
1 0.554716 0.316503 0.025377 0.024069 0.622459
1 0.556463 0.318265 0.025852 0.025122 0.029312
1 0.623543 0.329793 0.072090 0.066707 0.880797
1 0.623553 0.329349 0.072116 0.065785 0.880797
1 0.624227 0.329398 0.073448 0.065864 0.880797
1 0.624321 0.328673 0.070588 0.068943 0.880797
1 0.754720 0.328415 0.061929 0.057108 0.002473
1 0.761578 0.325358 0.049744 0.067957 0.006693
1 0.774490 0.324270 0.016074 0.084876 0.004070
1 0.774619 0.324628 0.016253 0.086815 0.029312
1 0.502542 0.321767 0.066847 0.096774 0.880797
1 0.502467 0.319597 0.066981 0.097549 0.924142
1 0.502467 0.321769 0.066989 0.096781 0.952574
1 0.624232 0.329812 0.073449 0.066676 0.880797
1 0.623549 0.329769 0.072099 0.066577 0.817575
1 0.624316 0.328188 0.070566 0.067939 0.880797
1 0.623554 0.329769 0.072109 0.066578 0.924142
1 0.758330 0.326031 0.033634 0.066829 0.001501
1 0.774619 0.323983 0.014734 0.085459 0.006693
1 0.774620 0.323975 0.016244 0.085497 0.047426
1 0.773682 0.324532 0.016615 0.087732 0.001501
1 0.774103 0.323727 0.017281 0.086747 0.017986
1 0.889737 0.352846 0.220463 0.377864 0.924142
1 0.890260 0.352943 0.216580 0.377940 0.924142
1 0.890493 0.351446 0.219212 0.380088 0.904651
1 0.890182 0.351634 0.218770 0.380390 0.904651
1 0.890506 0.353276 0.222045 0.378482 0.924142
1 0.890431 0.353662 0.219272 0.379255 0.904651
1 0.890442 0.353600 0.219219 0.379135 0.904651
1 0.889737 0.351903 0.220482 0.375465 0.904651
1 0.889762 0.350918 0.220520 0.378583 0.924142
1 0.889812 0.353547 0.220522 0.378782 0.904651
4 0.687722 0.319369 0.014847 0.080502 0.001501
