0 0.097805 0.220749 0.026909 0.119816 0.001501
0 0.098128 0.238756 0.030454 0.106513 0.001501
0 0.342842 0.290362 0.025152 0.159371 0.001501
0 0.096988 0.276206 0.028571 0.230442 0.001501
0 0.342949 0.298579 0.024879 0.155443 0.001501
0 0.341027 0.296276 0.024163 0.152110 0.182426
0 0.342068 0.297645 0.024567 0.154828 0.731059
0 0.370432 0.307079 0.022841 0.119414 0.622459
0 0.370862 0.306957 0.023805 0.114545 0.268941
0 0.788165 0.295461 0.020692 0.078181 0.017986
0 0.788173 0.297615 0.017923 0.082166 0.017986
0 0.341036 0.297866 0.024148 0.148985 0.500000
0 0.341050 0.296960 0.024108 0.150800 0.731059
0 0.370209 0.311160 0.023551 0.127668 0.817575
0 0.370517 0.309724 0.024483 0.125069 0.500000
0 0.787449 0.304258 0.019169 0.083676 0.182426
0 0.787585 0.304747 0.019082 0.087777 0.268941
0 0.810981 0.331556 0.019097 0.127275 0.047426
0 0.812567 0.333721 0.019171 0.131141 0.010987
0 0.341575 0.295415 0.025242 0.149484 0.500000
0 0.342386 0.295404 0.025199 0.149501 0.731059
0 0.370077 0.312471 0.023267 0.130145 0.731059
0 0.370519 0.312407 0.024455 0.130159 0.377541
0 0.734778 0.309853 0.014023 0.036878 0.001501
0 0.788145 0.314001 0.020645 0.104245 0.182426
0 0.786818 0.318356 0.020601 0.114234 0.377541
0 0.811842 0.333834 0.018055 0.136147 0.377541
0 0.811862 0.333913 0.020649 0.136254 0.500000
0 0.865009 0.354332 0.020526 0.124138 0.002473
0 0.341529 0.297195 0.025156 0.150463 0.500000
0 0.341534 0.297320 0.025037 0.150201 0.731059
0 0.353130 0.309813 0.013615 0.115840 0.001501
0 0.370183 0.312454 0.023591 0.130207 0.731059
0 0.370323 0.311184 0.023762 0.127667 0.377541
0 0.787449 0.325108 0.022051 0.127720 0.182426
0 0.788165 0.324988 0.020621 0.129118 0.377541
0 0.811720 0.334453 0.020470 0.132759 0.500000
0 0.812507 0.333237 0.019275 0.135185 0.500000
0 0.865080 0.355587 0.020029 0.115337 0.006693
0 0.091447 0.305377 0.047734 0.288125 0.047426
0 0.091063 0.304428 0.050393 0.286951 0.622459
0 0.341027 0.297734 0.024147 0.149372 0.500000
0 0.341581 0.297976 0.025065 0.148937 0.817575
0 0.370184 0.311142 0.023591 0.127728 0.731059
0 0.370172 0.312400 0.025147 0.125256 0.500000
0 0.786640 0.326864 0.023674 0.133005 0.182426
0 0.786708 0.327323 0.023533 0.136925 0.268941
0 0.811716 0.333411 0.020451 0.135150 0.500000
0 0.811811 0.333345 0.020636 0.135243 0.377541
0 0.849936 0.357259 0.025343 0.104757 0.001501
0 0.863680 0.355362 0.016976 0.111478 0.010987
0 0.092038 0.303219 0.048455 0.287483 0.731059
0 0.091517 0.303410 0.049455 0.287866 0.731059
0 0.092765 0.303721 0.052294 0.288505 0.880797
0 0.341043 0.302005 0.024153 0.140915 0.006693
0 0.341163 0.299674 0.023963 0.145571 0.622459
0 0.370214 0.309844 0.023539 0.130365 0.622459
0 0.370602 0.310885 0.024293 0.128369 0.119203
0 0.786726 0.327025 0.023559 0.132784 0.182426
0 0.786762 0.328730 0.023429 0.139286 0.268941
0 0.811757 0.334475 0.020496 0.132775 0.622459
0 0.812500 0.335422 0.021982 0.134778 0.377541
0 0.845390 0.360243 0.015894 0.096756 0.002473
0 0.864672 0.355840 0.017640 0.106821 0.010987
0 0.092205 0.303111 0.049216 0.289198 0.622459
0 0.092196 0.302744 0.050431 0.289914 0.731059
0 0.091838 0.304251 0.052352 0.287371 0.817575
0 0.786691 0.332609 0.023621 0.128326 0.075858
0 0.787732 0.330238 0.021508 0.126428 0.075858
0 0.811756 0.332811 0.020519 0.136190 0.622459
0 0.813271 0.334081 0.023509 0.137571 0.500000
0 0.845254 0.360034 0.015566 0.097238 0.002473
0 0.865627 0.359525 0.018799 0.099484 0.004070
0 0.091572 0.303741 0.047543 0.288425 0.731059
0 0.092003 0.303363 0.050056 0.288424 0.817575
0 0.091506 0.302731 0.051841 0.289680 0.731059
0 0.859810 0.357804 0.022093 0.113113 0.002473
0 0.865348 0.359147 0.019449 0.110402 0.006693
1 0.098420 0.288705 0.048554 0.102655 0.002473
1 0.101367 0.291004 0.051609 0.096816 0.002473
1 0.583526 0.315317 0.014022 0.046518 0.001501
1 0.691902 0.349358 0.145139 0.120746 0.880797
1 0.692062 0.348771 0.144850 0.119572 0.817575
1 0.821995 0.342913 0.042453 0.087227 0.006693
1 0.692289 0.347673 0.144368 0.121699 0.924142
1 0.692520 0.348842 0.146086 0.119535 0.924142
1 0.692789 0.350391 0.145546 0.122680 0.924142
1 0.692029 0.348356 0.144292 0.123150 0.924142
1 0.692907 0.348324 0.145604 0.123113 0.924142
1 0.692789 0.349512 0.145818 0.120873 0.880797
1 0.692106 0.349515 0.144177 0.120843 0.924142
1 0.692070 0.349509 0.144097 0.120877 0.924142
1 0.482794 0.338909 0.199287 0.271993 0.924142
1 0.484445 0.339323 0.200797 0.272835 0.924142
1 0.484861 0.339446 0.199368 0.273299 0.924142
1 0.484040 0.339972 0.199928 0.273585 0.924142
1 0.483912 0.342447 0.198528 0.268303 0.924142
1 0.484341 0.341093 0.200740 0.270766 0.924142
1 0.484840 0.341154 0.200037 0.270900 0.939913
1 0.483629 0.340643 0.199233 0.269804 0.924142
1 0.484707 0.342693 0.200138 0.268738 0.939913
1 0.484241 0.342367 0.198480 0.268259 0.939913
3 0.601045 0.277215 0.059865 0.139581 0.075858
3 0.601340 0.276820 0.056626 0.137613 0.047426
3 0.602084 0.277192 0.054876 0.138843 0.047426
3 0.189171 0.291270 0.119947 0.202381 0.002473
3 0.188745 0.293185 0.121588 0.206497 0.001501
3 0.188667 0.293341 0.123463 0.206625 0.002473
3 0.602186 0.279103 0.055152 0.127524 0.010987
3 0.602346 0.276232 0.057966 0.136265 0.047426
3 0.601759 0.276969 0.057307 0.132417 0.017986
3 0.601628 0.276208 0.056766 0.136321 0.029312
3 0.187780 0.297550 0.119900 0.215251 0.002473
3 0.603352 0.276306 0.055931 0.136144 0.017986
3 0.601794 0.277561 0.057166 0.133613 0.010987
3 0.603288 0.276294 0.053742 0.136735 0.017986
3 0.185143 0.297982 0.114197 0.216119 0.001501
3 0.186194 0.296632 0.119557 0.213459 0.004070
3 0.583440 0.316008 0.016946 0.048976 0.001501
3 0.583526 0.315317 0.014022 0.046518 0.004070
4 0.787732 0.330238 0.021508 0.126428 0.002473
