0 0.374445 0.284707 0.014384 0.064502 0.006693
0 0.376033 0.282547 0.013443 0.060147 0.017986
0 0.401484 0.296337 0.016205 0.087623 0.182426
0 0.401142 0.296342 0.014793 0.087610 0.817575
0 0.345959 0.276887 0.013974 0.036940 0.001501
0 0.373821 0.286781 0.013144 0.061777 0.001501
0 0.376381 0.288116 0.012789 0.070812 0.004070
0 0.400836 0.296969 0.015364 0.088858 0.182426
0 0.401571 0.296335 0.016102 0.087602 0.731059
0 0.485943 0.293006 0.012388 0.050374 0.002473
0 0.491536 0.293883 0.011169 0.051393 0.017986
0 0.401188 0.296306 0.016789 0.087547 0.182426
0 0.401614 0.296315 0.016012 0.087545 0.731059
0 0.491511 0.294391 0.011240 0.052406 0.006693
0 0.400662 0.295046 0.015723 0.090086 0.182426
0 0.401391 0.295680 0.016453 0.091361 0.622459
0 0.401512 0.298655 0.016275 0.092242 0.004070
1 0.173447 0.333788 0.022055 0.027173 0.004070
1 0.173685 0.330892 0.022288 0.029605 0.001501
1 0.232539 0.328648 0.016143 0.022810 0.001501
1 0.302745 0.334629 0.116407 0.169247 0.880797
1 0.302119 0.334632 0.114947 0.164152 0.924142
1 0.301310 0.333365 0.114418 0.166739 0.924142
1 0.168037 0.335798 0.032374 0.023807 0.004070
1 0.172896 0.336397 0.020903 0.019691 0.075858
1 0.172955 0.336264 0.021192 0.022622 0.029312
1 0.302653 0.335912 0.116641 0.166779 0.880797
1 0.302343 0.334648 0.114508 0.164226 0.817575
1 0.302235 0.335753 0.114714 0.161892 0.924142
1 0.301316 0.334615 0.114416 0.164160 0.924142
1 0.303355 0.335873 0.115196 0.166837 0.924142
1 0.301686 0.334576 0.113612 0.164246 0.952574
1 0.301136 0.335696 0.114769 0.171608 0.924142
2 0.175961 0.314832 0.026969 0.052934 0.006693
2 0.177471 0.309577 0.026348 0.036339 0.006693
4 0.005376 0.348319 0.013918 0.063767 0.001501
