0 0.624397 0.286955 0.018022 0.102413 0.500000
0 0.624075 0.285838 0.017340 0.100148 0.500000
0 0.549011 0.271489 0.023180 0.052850 0.001501
0 0.623744 0.286142 0.019436 0.104145 0.622459
0 0.625005 0.284973 0.017065 0.101907 0.622459
0 0.816838 0.291424 0.051115 0.252022 0.002473
0 0.546822 0.275658 0.021982 0.056620 0.002473
0 0.576617 0.296037 0.011191 0.055595 0.001501
0 0.624018 0.287895 0.017290 0.104154 0.622459
0 0.624606 0.287006 0.016280 0.105935 0.622459
0 0.654254 0.291553 0.008567 0.053284 0.002473
0 0.813898 0.302428 0.048664 0.256270 0.006693
0 0.819380 0.302450 0.048663 0.250166 0.002473
0 0.876582 0.297794 0.027013 0.216377 0.002473
0 0.576615 0.296818 0.011185 0.052302 0.004070
0 0.623739 0.286135 0.019435 0.104078 0.622459
0 0.624465 0.286116 0.018143 0.104160 0.622459
0 0.815645 0.294518 0.041528 0.245249 0.006693
0 0.822834 0.295151 0.049723 0.249089 0.006693
0 0.872599 0.299442 0.024048 0.228670 0.001501
0 0.876345 0.299801 0.027487 0.222626 0.002473
0 0.577427 0.298061 0.010653 0.054762 0.001501
0 0.624421 0.287703 0.018079 0.100953 0.500000
0 0.624468 0.287712 0.018133 0.100986 0.622459
0 0.821901 0.294858 0.047258 0.249036 0.001501
0 0.870240 0.288288 0.025318 0.243582 0.002473
0 0.877134 0.293015 0.025718 0.213526 0.001501
0 0.836625 0.293550 0.073463 0.263990 0.006693
0 0.835910 0.287348 0.075146 0.279521 0.731059
0 0.836671 0.280296 0.073534 0.295583 0.731059
0 0.866541 0.284642 0.030208 0.247144 0.006693
0 0.878404 0.291982 0.022441 0.214279 0.002473
0 0.800543 0.293436 0.059519 0.284729 0.001501
0 0.835937 0.293867 0.074975 0.263649 0.622459
0 0.835214 0.289888 0.073752 0.277679 0.731059
0 0.836662 0.280107 0.073521 0.297281 0.622459
0 0.835166 0.273458 0.073831 0.316466 0.731059
0 0.858076 0.275985 0.034878 0.271262 0.002473
0 0.879818 0.290694 0.021622 0.216133 0.001501
0 0.798516 0.293345 0.056364 0.299483 0.004070
0 0.836646 0.294116 0.073552 0.269756 0.622459
0 0.835869 0.293745 0.075120 0.277763 0.817575
0 0.836597 0.286347 0.073565 0.292774 0.817575
0 0.836652 0.280081 0.073593 0.310618 0.119203
0 0.842433 0.283886 0.062115 0.299505 0.001501
1 0.549011 0.271489 0.023180 0.052850 0.004070
1 0.550948 0.273061 0.020134 0.062187 0.001501
1 0.546822 0.275658 0.021982 0.056620 0.004070
1 0.549967 0.284771 0.028779 0.079311 0.004070
1 0.311015 0.321641 0.019074 0.023764 0.001501
1 0.312458 0.324333 0.022076 0.023896 0.002473
1 0.445523 0.348155 0.244365 0.280197 0.182426
1 0.444726 0.349048 0.242738 0.282119 0.022977
1 0.445096 0.349295 0.243454 0.281921 0.924142
1 0.445681 0.349335 0.244517 0.281964 0.952574
1 0.445984 0.350412 0.242008 0.284154 0.939913
1 0.444115 0.348342 0.244093 0.280002 0.939913
1 0.444633 0.350597 0.242497 0.279380 0.939913
1 0.445680 0.350414 0.244532 0.284155 0.952574
1 0.445556 0.350412 0.241159 0.284163 0.952574
1 0.443728 0.350374 0.243377 0.284150 0.952574
1 0.445586 0.348259 0.244417 0.284497 0.904651
1 0.444756 0.348315 0.242713 0.284406 0.731059
