0 0.638398 0.248701 0.017405 0.062000 0.010987
0 0.638883 0.249115 0.016509 0.062752 0.029312
0 0.656318 0.261174 0.023586 0.089908 0.119203
0 0.657611 0.261389 0.027319 0.093314 0.010987
0 0.638285 0.250699 0.017068 0.061250 0.182426
0 0.638728 0.250618 0.016776 0.061389 0.268941
0 0.656539 0.264713 0.026536 0.096174 0.182426
0 0.657607 0.268478 0.029313 0.102152 0.029312
0 0.637896 0.250490 0.015199 0.059266 0.119203
0 0.638714 0.252235 0.016819 0.063233 0.268941
0 0.655771 0.265576 0.026123 0.097603 0.119203
0 0.656715 0.267751 0.028920 0.100282 0.029312
0 0.638080 0.256939 0.018296 0.072709 0.075858
0 0.639223 0.258036 0.018862 0.076201 0.182426
0 0.655799 0.265155 0.026000 0.095956 0.119203
0 0.656668 0.270241 0.028820 0.104962 0.017986
0 0.645984 0.269360 0.044102 0.101370 0.006693
0 0.648564 0.269895 0.035238 0.100308 0.010987
0 0.655972 0.268351 0.023816 0.103687 0.047426
0 0.657558 0.272973 0.029210 0.105436 0.004070
0 0.656729 0.272480 0.024790 0.115566 0.001501
1 0.096912 0.372783 0.197023 0.361078 0.904651
1 0.095733 0.373617 0.194641 0.362784 0.924142
1 0.097093 0.372388 0.194213 0.361994 0.904651
1 0.488081 0.395752 0.362036 0.419273 0.851953
1 0.488845 0.396189 0.363244 0.423111 0.904651
1 0.490366 0.398108 0.360328 0.422232 0.880797
1 0.096906 0.373006 0.191009 0.362858 0.880797
1 0.097718 0.372063 0.195493 0.356856 0.904651
1 0.097086 0.373341 0.194231 0.358789 0.904651
1 0.097085 0.372427 0.194221 0.356961 0.904651
1 0.489903 0.394717 0.360422 0.416146 0.731059
1 0.488037 0.395548 0.359882 0.415607 0.880797
1 0.488804 0.394806 0.363322 0.415073 0.924142
1 0.490742 0.396304 0.359524 0.415692 0.924142
1 0.097666 0.373064 0.195507 0.360431 0.904651
1 0.096295 0.373776 0.195791 0.362055 0.904651
1 0.097069 0.373778 0.194225 0.358872 0.904651
1 0.489006 0.394685 0.360137 0.413122 0.924142
1 0.488938 0.394698 0.363096 0.413019 0.939913
1 0.490305 0.395205 0.357790 0.413126 0.904651
