1 0.332972 0.312023 0.033701 0.023063 0.002473
1 0.334141 0.311729 0.034920 0.022463 0.002473
1 0.334392 0.311911 0.034600 0.022853 0.001501
1 0.471135 0.306781 0.014287 0.017154 0.002473
1 0.512500 0.330641 0.071929 0.098881 0.817575
1 0.512484 0.330575 0.071931 0.098807 0.817575
1 0.553213 0.311094 0.015593 0.025680 0.006693
1 0.018122 0.355044 0.036706 0.097017 0.004070
1 0.020153 0.357470 0.037816 0.093203 0.010987
1 0.333355 0.313909 0.034000 0.023019 0.002473
1 0.334232 0.313751 0.035051 0.021513 0.002473
1 0.334257 0.313256 0.034864 0.022544 0.004070
1 0.512503 0.330812 0.071894 0.099921 0.817575
1 0.512498 0.331602 0.071930 0.100730 0.731059
1 0.512487 0.331421 0.069192 0.101130 0.731059
1 0.511814 0.330801 0.070523 0.099131 0.880797
1 0.553944 0.314411 0.014116 0.024744 0.010987
1 0.602744 0.333347 0.091375 0.093097 0.001501
1 0.603033 0.333328 0.090857 0.093013 0.880797
1 0.603824 0.334448 0.092354 0.090761 0.880797
1 0.603811 0.334204 0.092395 0.094873 0.924142
1 0.652352 0.315440 0.023587 0.020049 0.001501
1 0.020143 0.363102 0.040746 0.075957 0.622459
1 0.019496 0.365676 0.039270 0.074303 0.731059
1 0.019358 0.366551 0.039625 0.069463 0.268941
1 0.131467 0.352411 0.038015 0.055146 0.047426
1 0.156484 0.351740 0.083412 0.056258 0.500000
1 0.159249 0.352501 0.075649 0.058271 0.731059
1 0.161041 0.351632 0.072103 0.056402 0.817575
1 0.161718 0.351819 0.073463 0.056032 0.880797
1 0.161784 0.351675 0.070627 0.056381 0.880797
1 0.512502 0.330785 0.071854 0.099138 0.731059
1 0.512483 0.330819 0.071900 0.099175 0.731059
1 0.512502 0.330637 0.071885 0.099547 0.817575
1 0.512497 0.330441 0.069176 0.099165 0.880797
1 0.602747 0.332215 0.091374 0.090765 0.880797
1 0.603803 0.334466 0.092394 0.090737 0.880797
1 0.603060 0.334467 0.090805 0.090756 0.924142
1 0.604600 0.333334 0.093865 0.093064 0.924142
1 0.969954 0.342676 0.060134 0.256002 0.182426
1 0.970658 0.345026 0.058697 0.271229 0.268941
1 0.972257 0.346410 0.055547 0.269296 0.377541
1 0.020113 0.366176 0.040643 0.069798 0.731059
1 0.020300 0.366600 0.037581 0.068870 0.731059
1 0.020208 0.367932 0.040642 0.066171 0.500000
1 0.128106 0.353750 0.031325 0.052366 0.029312
1 0.155619 0.352762 0.082680 0.057799 0.622459
1 0.158528 0.352652 0.077149 0.057957 0.622459
1 0.161708 0.351793 0.073494 0.056059 0.622459
1 0.162463 0.351799 0.071944 0.056070 0.817575
1 0.161855 0.351682 0.070485 0.056316 0.924142
1 0.163190 0.351558 0.067860 0.057489 0.001501
1 0.603484 0.332190 0.092996 0.090766 0.924142
1 0.603790 0.332176 0.092372 0.090795 0.924142
1 0.604099 0.333312 0.091785 0.093066 0.952574
1 0.968770 0.344158 0.059501 0.204547 0.268941
1 0.969739 0.345484 0.060582 0.250101 0.268941
1 0.970579 0.348889 0.058855 0.258906 0.268941
1 0.971164 0.351628 0.057734 0.264227 0.377541
1 0.019514 0.366010 0.039296 0.069959 0.622459
1 0.020212 0.366782 0.040475 0.068689 0.622459
1 0.019584 0.366975 0.039322 0.068303 0.500000
1 0.970752 0.346861 0.058593 0.259580 0.268941
1 0.970180 0.349669 0.059654 0.258387 0.268941
1 0.970583 0.348649 0.058873 0.267835 0.377541
1 0.014622 0.370521 0.029269 0.090127 0.004070
1 0.020272 0.370412 0.040538 0.086294 0.006693
1 0.846047 0.293039 0.292267 0.280791 0.500000
1 0.848309 0.293164 0.296754 0.279773 0.731059
1 0.847641 0.293123 0.298508 0.279621 0.817575
1 0.847630 0.291650 0.298777 0.283156 0.679179
1 0.845543 0.293191 0.291157 0.279629 0.377541
1 0.847587 0.293333 0.295253 0.278938 0.731059
1 0.848419 0.292487 0.296906 0.278412 0.817575
1 0.847630 0.292228 0.298549 0.279469 0.851953
1 0.847443 0.295061 0.294931 0.273947 0.777300
1 0.847619 0.293933 0.298199 0.276070 0.777300
2 0.846047 0.293039 0.292267 0.280791 0.119203
2 0.848309 0.293164 0.296754 0.279773 0.010987
2 0.847641 0.293123 0.298508 0.279621 0.001927
2 0.845543 0.293191 0.291157 0.279629 0.119203
2 0.847587 0.293333 0.295253 0.278938 0.017986
2 0.848419 0.292487 0.296906 0.278412 0.001927
2 0.847443 0.295061 0.294931 0.273947 0.003173
5 0.020153 0.357470 0.037816 0.093203 0.002473
5 0.020143 0.363102 0.040746 0.075957 0.002473
5 0.019496 0.365676 0.039270 0.074303 0.001501
5 0.020300 0.366600 0.037581 0.068870 0.002473
5 0.020212 0.366782 0.040475 0.068689 0.001501
