1 0.642226 0.286587 0.051952 0.031571 0.002473
1 0.333229 0.311576 0.041921 0.024016 0.002473
1 0.337397 0.312221 0.037885 0.027952 0.001501
1 0.493768 0.309821 0.009546 0.018667 0.001501
1 0.281224 0.324800 0.031860 0.031108 0.002473
1 0.284786 0.328219 0.030329 0.026397 0.010987
1 0.286166 0.326932 0.031611 0.028992 0.017986
1 0.332536 0.316209 0.040937 0.024711 0.001501
1 0.346585 0.317983 0.021759 0.021117 0.010987
1 0.349361 0.317087 0.027016 0.019313 0.010987
1 0.465317 0.314886 0.013596 0.018050 0.622459
1 0.286556 0.332088 0.031367 0.025369 0.001501
1 0.287384 0.331474 0.033838 0.027822 0.001501
1 0.136685 0.389749 0.273436 0.378367 0.880797
1 0.137488 0.390338 0.275012 0.379333 0.924142
1 0.136750 0.389833 0.273462 0.373657 0.880797
1 0.137337 0.391251 0.274760 0.381326 0.817575
1 0.136667 0.392165 0.273397 0.382872 0.880797
1 0.138281 0.393971 0.276570 0.381693 0.880797
1 0.136739 0.390488 0.273456 0.379537 0.880797
1 0.136655 0.389531 0.273361 0.381536 0.880797
1 0.137518 0.389630 0.275005 0.381838 0.904651
1 0.135975 0.390716 0.274996 0.379711 0.880797
2 0.395552 0.305377 0.050906 0.069176 0.817575
2 0.396139 0.304479 0.051898 0.067357 0.880797
2 0.395560 0.304490 0.050908 0.067334 0.880797
2 0.641196 0.296007 0.052552 0.050485 0.010987
2 0.642226 0.286587 0.051952 0.031571 0.017986
2 0.643761 0.287613 0.048930 0.033658 0.006693
2 0.643321 0.289113 0.051069 0.036666 0.004070
2 0.644678 0.290580 0.055186 0.040184 0.001501
2 0.332757 0.312656 0.043811 0.024358 0.006693
2 0.333229 0.311576 0.041921 0.024016 0.010987
2 0.337397 0.312221 0.037885 0.027952 0.010987
2 0.351054 0.309949 0.031651 0.027198 0.010987
2 0.367625 0.310446 0.007648 0.035202 0.001501
2 0.395310 0.305368 0.051395 0.069190 0.817575
2 0.396143 0.306665 0.051907 0.066600 0.880797
2 0.396127 0.305765 0.051939 0.064804 0.880797
2 0.395324 0.305767 0.051420 0.064927 0.924142
2 0.493768 0.309821 0.009546 0.018667 0.006693
2 0.511178 0.309427 0.016614 0.022303 0.377541
2 0.511300 0.309432 0.016807 0.022321 0.047426
2 0.641905 0.298445 0.051864 0.055545 0.006693
2 0.643435 0.292633 0.050840 0.043902 0.010987
2 0.642650 0.292815 0.053523 0.044219 0.004070
2 0.281224 0.324800 0.031860 0.031108 0.001501
2 0.284786 0.328219 0.030329 0.026397 0.002473
2 0.286166 0.326932 0.031611 0.028992 0.006693
2 0.296586 0.323561 0.046678 0.034207 0.004070
2 0.325905 0.316415 0.033542 0.024268 0.006693
2 0.332536 0.316209 0.040937 0.024711 0.017986
2 0.346585 0.317983 0.021759 0.021117 0.010987
2 0.349361 0.317087 0.027016 0.019313 0.006693
2 0.365315 0.317001 0.010027 0.023090 0.001501
2 0.395509 0.305759 0.050996 0.064794 0.731059
2 0.395587 0.305768 0.050857 0.064789 0.817575
2 0.395830 0.305770 0.052534 0.064799 0.924142
2 0.731707 0.341237 0.052086 0.067551 0.002473
3 0.641196 0.296007 0.052552 0.050485 0.001501
3 0.493768 0.309821 0.009546 0.018667 0.006693
3 0.511178 0.309427 0.016614 0.022303 0.047426
3 0.511300 0.309432 0.016807 0.022321 0.075858
3 0.284786 0.328219 0.030329 0.026397 0.002473
3 0.286166 0.326932 0.031611 0.028992 0.002473
4 0.679951 0.319255 0.035580 0.070488 0.010987
4 0.680111 0.327434 0.031997 0.067124 0.029312
4 0.684194 0.327333 0.039434 0.067217 0.029312
4 0.597038 0.322534 0.022445 0.032154 0.001501
4 0.683916 0.331428 0.039916 0.064897 0.075858
4 0.684823 0.331843 0.041529 0.063915 0.047426
4 0.684511 0.333276 0.044051 0.061592 0.029312
4 0.692214 0.335756 0.039343 0.057672 0.010987
4 0.731837 0.341319 0.051652 0.067379 0.817575
4 0.731500 0.342423 0.051250 0.065158 0.731059
4 0.731593 0.342457 0.052145 0.065092 0.731059
4 0.683879 0.331129 0.042917 0.064220 0.119203
4 0.684924 0.331821 0.041592 0.064491 0.119203
4 0.685841 0.333182 0.043069 0.060043 0.047426
4 0.699454 0.335685 0.053944 0.062803 0.010987
4 0.731499 0.341307 0.051242 0.067401 0.880797
4 0.731591 0.340030 0.052141 0.064857 0.880797
4 0.731746 0.341305 0.051733 0.067401 0.817575
4 0.731707 0.341237 0.052086 0.067551 0.622459
4 0.685246 0.332688 0.045757 0.072603 0.010987
4 0.687667 0.333870 0.046820 0.072785 0.010987
4 0.691346 0.334441 0.054256 0.068095 0.004070
4 0.731814 0.341291 0.051589 0.067452 0.817575
4 0.731728 0.341312 0.051870 0.067404 0.731059
4 0.731593 0.341154 0.052138 0.062604 0.817575
5 0.597038 0.322534 0.022445 0.032154 0.002473
5 0.608685 0.321609 0.014859 0.041537 0.002473
5 0.617866 0.322844 0.027314 0.038201 0.004070
5 0.622743 0.323049 0.028421 0.044682 0.010987
5 0.621575 0.323580 0.019995 0.043612 0.001501
5 0.629180 0.324856 0.013768 0.045471 0.006693
