0 0.581542 0.284241 0.013182 0.059415 0.002473
0 0.580676 0.291476 0.014524 0.053438 0.001501
1 0.616961 0.287850 0.084385 0.067080 0.004070
1 0.618484 0.288058 0.086524 0.068523 0.010987
1 0.617584 0.286838 0.086619 0.070238 0.002473
1 0.615348 0.293941 0.080962 0.053855 0.010987
1 0.616980 0.294168 0.084159 0.053317 0.075858
1 0.617115 0.294044 0.083581 0.054044 0.047426
1 0.617238 0.294492 0.084531 0.054942 0.029312
1 0.618456 0.293661 0.084507 0.054313 0.017986
1 0.636303 0.294433 0.052832 0.054029 0.001501
1 0.988106 0.318769 0.024076 0.133754 0.004070
1 0.990964 0.318442 0.018130 0.128198 0.002473
1 0.389188 0.309936 0.022767 0.023599 0.002473
1 0.395371 0.310506 0.027112 0.021847 0.004070
1 0.407913 0.310781 0.017569 0.019376 0.002473
1 0.479605 0.315800 0.031553 0.035313 0.029312
1 0.479343 0.313573 0.030744 0.034241 0.017986
1 0.481370 0.313302 0.029613 0.030257 0.010987
1 0.607779 0.295686 0.065342 0.050401 0.017986
1 0.616999 0.295426 0.080420 0.050510 0.047426
1 0.617946 0.294229 0.080732 0.054724 0.047426
1 0.617487 0.294502 0.082199 0.054184 0.047426
1 0.620010 0.297037 0.075631 0.047297 0.017986
1 0.639512 0.295648 0.046418 0.050947 0.004070
1 0.989626 0.318711 0.024164 0.135222 0.002473
1 0.989543 0.323883 0.021011 0.141860 0.001501
1 0.351315 0.324391 0.019454 0.030735 0.001501
1 0.471716 0.315389 0.032912 0.031508 0.001501
1 0.478836 0.314726 0.033066 0.032288 0.017986
1 0.479855 0.315451 0.031757 0.030722 0.017986
1 0.480294 0.313607 0.031545 0.029893 0.017986
1 0.988970 0.326904 0.025416 0.119377 0.004070
1 0.988443 0.332484 0.023244 0.120032 0.004070
1 0.040474 0.336834 0.069798 0.051468 0.001501
1 0.988261 0.346092 0.023772 0.086607 0.002473
1 0.987521 0.351235 0.025095 0.083044 0.004070
1 0.988218 0.356194 0.023689 0.107216 0.002473
1 0.987521 0.364214 0.025091 0.111959 0.002473
2 0.229791 0.287790 0.228642 0.190690 0.001501
2 0.231112 0.286801 0.230605 0.193452 0.817575
2 0.228746 0.286809 0.228554 0.193444 0.880797
2 0.226937 0.287130 0.229789 0.194150 0.817575
2 0.227066 0.286703 0.226797 0.193669 0.817575
2 0.231647 0.286682 0.229800 0.193186 0.817575
2 0.228863 0.286012 0.228320 0.191849 0.817575
2 0.226888 0.286295 0.229607 0.187669 0.817575
2 0.228538 0.285139 0.225961 0.189950 0.731059
2 0.229063 0.285254 0.226809 0.197427 0.817575
2 0.227013 0.285037 0.229357 0.197075 0.622459
2 0.989626 0.318711 0.024164 0.135222 0.001501
2 0.989543 0.323883 0.021011 0.141860 0.001501
2 0.988970 0.326904 0.025416 0.119377 0.001501
2 0.227959 0.285003 0.228067 0.191135 0.001170
3 0.618484 0.288058 0.086524 0.068523 0.002473
3 0.617584 0.286838 0.086619 0.070238 0.001501
3 0.617487 0.294502 0.082199 0.054184 0.001501
4 0.988970 0.326904 0.025416 0.119377 0.004070
4 0.988443 0.332484 0.023244 0.120032 0.002473
4 0.579213 0.318134 0.022856 0.078244 0.001501
4 0.988261 0.346092 0.023772 0.086607 0.001501
4 0.987521 0.351235 0.025095 0.083044 0.001501
5 0.572328 0.315442 0.016811 0.078578 0.006693
5 0.582077 0.317387 0.017475 0.064021 0.002473
5 0.571881 0.317365 0.019004 0.079332 0.006693
5 0.579213 0.318134 0.022856 0.078244 0.006693
5 0.580753 0.316497 0.020935 0.104821 0.001501
