0 0.795906 0.323226 0.023689 0.084699 0.001501
0 0.605033 0.316648 0.007052 0.023819 0.002473
0 0.798624 0.326235 0.019825 0.075557 0.001501
0 0.902953 0.349555 0.027776 0.061292 0.001501
0 0.902480 0.356087 0.030037 0.047651 0.004070
0 0.902525 0.355000 0.030213 0.049737 0.004070
0 0.159076 0.335166 0.049806 0.062624 0.001501
0 0.179701 0.334582 0.037554 0.063311 0.017986
0 0.901772 0.357569 0.031715 0.048184 0.002473
0 0.902647 0.358338 0.030422 0.043089 0.004070
1 0.007087 0.314790 0.014192 0.083762 0.029312
1 0.006297 0.318109 0.012642 0.094893 0.047426
1 0.230871 0.325801 0.057519 0.050651 0.001501
1 0.006406 0.324406 0.012829 0.107694 0.010987
1 0.061031 0.343432 0.122084 0.166060 0.029312
1 0.061795 0.343441 0.120556 0.166064 0.880797
1 0.061030 0.343742 0.122123 0.166665 0.924142
1 0.136304 0.342795 0.038116 0.047448 0.119203
1 0.136297 0.342152 0.035153 0.046115 0.268941
1 0.159659 0.336386 0.077825 0.055288 0.017986
1 0.163881 0.332307 0.072238 0.059883 0.001501
1 0.165028 0.331779 0.066921 0.058754 0.010987
1 0.212281 0.334454 0.027929 0.039417 0.029312
1 0.229160 0.330575 0.057644 0.047163 0.017986
1 0.232854 0.333213 0.049131 0.036722 0.017986
1 0.236673 0.332358 0.041039 0.030165 0.047426
1 0.237504 0.327720 0.044498 0.042364 0.002473
1 0.276560 0.322968 0.031256 0.036899 0.017986
1 0.278009 0.323601 0.034214 0.035513 0.029312
1 0.299333 0.322930 0.038121 0.034115 0.377541
1 0.299754 0.323857 0.037299 0.032375 0.500000
1 0.299667 0.322952 0.040094 0.034355 0.075858
1 0.335838 0.321669 0.025056 0.023510 0.119203
1 0.337690 0.320527 0.025743 0.025763 0.182426
1 0.355474 0.319207 0.014396 0.018644 0.029312
1 0.373217 0.316197 0.018648 0.021196 0.001501
1 0.377254 0.316228 0.012736 0.021014 0.001501
1 0.467218 0.317667 0.012511 0.015483 0.622459
1 0.639598 0.320370 0.024056 0.021058 0.001501
1 0.007391 0.328195 0.014791 0.115324 0.010987
1 0.061048 0.342951 0.122110 0.165863 0.880797
1 0.061041 0.342693 0.122100 0.164565 0.880797
1 0.061033 0.342691 0.122117 0.165034 0.924142
1 0.061028 0.343147 0.122122 0.166713 0.880797
1 0.135761 0.342864 0.037023 0.044719 0.182426
1 0.137096 0.343988 0.036729 0.045098 0.500000
1 0.137413 0.344156 0.036701 0.044133 0.377541
1 0.162824 0.331784 0.071310 0.058292 0.001501
1 0.164578 0.331660 0.070793 0.058437 0.001501
1 0.164951 0.331473 0.070085 0.058815 0.004070
1 0.166303 0.332280 0.064400 0.060477 0.029312
1 0.211673 0.335898 0.023657 0.036574 0.119203
1 0.212866 0.336836 0.022728 0.034706 0.075858
1 0.239174 0.335035 0.034935 0.028677 0.182426
1 0.239286 0.336119 0.034711 0.031050 0.182426
1 0.240066 0.332084 0.037093 0.034690 0.047426
1 0.273990 0.326125 0.026266 0.037302 0.004070
1 0.283751 0.326051 0.048076 0.037503 0.001501
1 0.300088 0.326170 0.038093 0.037237 0.001501
1 0.299392 0.326161 0.039486 0.037220 0.001501
1 0.300626 0.326460 0.039302 0.038306 0.006693
1 0.061691 0.342769 0.123410 0.166716 0.952574
1 0.061029 0.343147 0.122099 0.165477 0.952574
1 0.061021 0.343072 0.122142 0.166093 0.952574
1 0.060245 0.343152 0.123696 0.166732 0.377541
1 0.135630 0.344287 0.038391 0.045662 0.075858
1 0.136967 0.345053 0.037188 0.046723 0.119203
1 0.136134 0.346323 0.037626 0.048095 0.268941
2 0.007087 0.314790 0.014192 0.083762 0.006693
2 0.405701 0.305758 0.044406 0.060274 0.817575
2 0.404994 0.305754 0.043085 0.060267 0.817575
2 0.405648 0.306663 0.044490 0.058443 0.817575
2 0.006297 0.318109 0.012642 0.094893 0.004070
2 0.150272 0.328131 0.056738 0.063939 0.004070
2 0.161376 0.327863 0.072505 0.062927 0.047426
2 0.163230 0.331347 0.073314 0.061731 0.182426
2 0.163314 0.331338 0.073339 0.061771 0.268941
2 0.164468 0.331833 0.068006 0.062770 0.075858
2 0.228807 0.325434 0.059403 0.051905 0.017986
2 0.230871 0.325801 0.057519 0.050651 0.268941
2 0.229592 0.323546 0.059794 0.046132 0.268941
2 0.229837 0.322771 0.059536 0.044569 0.182426
2 0.233192 0.322765 0.052890 0.044579 0.119203
2 0.277942 0.321515 0.034193 0.040268 0.004070
2 0.278807 0.320267 0.035743 0.039638 0.002473
2 0.378531 0.312716 0.010184 0.026969 0.001501
2 0.405309 0.305784 0.045176 0.060227 0.817575
2 0.405020 0.306699 0.043034 0.058401 0.880797
2 0.405672 0.306665 0.044443 0.058462 0.880797
2 0.432723 0.310596 0.009699 0.022272 0.001501
2 0.442965 0.308920 0.011151 0.016907 0.001501
2 0.490904 0.310930 0.012693 0.020920 0.001501
2 0.504033 0.309386 0.011219 0.019587 0.075858
2 0.617020 0.304412 0.038229 0.031221 0.002473
2 0.159659 0.336386 0.077825 0.055288 0.047426
2 0.163431 0.332080 0.073173 0.060330 0.731059
2 0.163881 0.332307 0.072238 0.059883 0.817575
2 0.164201 0.331667 0.068484 0.058520 0.817575
2 0.165028 0.331779 0.066921 0.058754 0.268941
2 0.212281 0.334454 0.027929 0.039417 0.010987
2 0.229160 0.330575 0.057644 0.047163 0.119203
2 0.232854 0.333213 0.049131 0.036722 0.182426
2 0.236673 0.332358 0.041039 0.030165 0.182426
2 0.237504 0.327720 0.044498 0.042364 0.268941
2 0.276560 0.322968 0.031256 0.036899 0.377541
2 0.278009 0.323601 0.034214 0.035513 0.268941
2 0.299333 0.322930 0.038121 0.034115 0.002473
2 0.299754 0.323857 0.037299 0.032375 0.001501
2 0.337690 0.320527 0.025743 0.025763 0.004070
2 0.355474 0.319207 0.014396 0.018644 0.002473
2 0.373217 0.316197 0.018648 0.021196 0.001501
2 0.377254 0.316228 0.012736 0.021014 0.017986
2 0.404998 0.306663 0.043108 0.058469 0.731059
2 0.404997 0.305411 0.043081 0.055883 0.817575
2 0.405255 0.306705 0.045292 0.058431 0.880797
2 0.162824 0.331784 0.071310 0.058292 0.622459
2 0.164578 0.331660 0.070793 0.058437 0.817575
2 0.164951 0.331473 0.070085 0.058815 0.880797
2 0.166303 0.332280 0.064400 0.060477 0.268941
2 0.211673 0.335898 0.023657 0.036574 0.001501
2 0.212866 0.336836 0.022728 0.034706 0.006693
2 0.239174 0.335035 0.034935 0.028677 0.047426
2 0.239286 0.336119 0.034711 0.031050 0.029312
2 0.240066 0.332084 0.037093 0.034690 0.029312
2 0.273990 0.326125 0.026266 0.037302 0.004070
2 0.164598 0.334586 0.070401 0.065227 0.002473
3 0.007087 0.314790 0.014192 0.083762 0.004070
3 0.006297 0.318109 0.012642 0.094893 0.002473
3 0.150272 0.328131 0.056738 0.063939 0.002473
3 0.228807 0.325434 0.059403 0.051905 0.004070
3 0.230871 0.325801 0.057519 0.050651 0.001501
3 0.504033 0.309386 0.011219 0.019587 0.002473
3 0.136297 0.342152 0.035153 0.046115 0.004070
3 0.159659 0.336386 0.077825 0.055288 0.001501
3 0.165028 0.331779 0.066921 0.058754 0.004070
3 0.212281 0.334454 0.027929 0.039417 0.010987
3 0.229160 0.330575 0.057644 0.047163 0.004070
3 0.276560 0.322968 0.031256 0.036899 0.010987
3 0.278009 0.323601 0.034214 0.035513 0.006693
3 0.299333 0.322930 0.038121 0.034115 0.001501
3 0.299754 0.323857 0.037299 0.032375 0.001501
3 0.335838 0.321669 0.025056 0.023510 0.006693
3 0.337690 0.320527 0.025743 0.025763 0.010987
3 0.355474 0.319207 0.014396 0.018644 0.006693
3 0.137096 0.343988 0.036729 0.045098 0.004070
3 0.166303 0.332280 0.064400 0.060477 0.006693
3 0.211673 0.335898 0.023657 0.036574 0.017986
3 0.212866 0.336836 0.022728 0.034706 0.010987
3 0.239174 0.335035 0.034935 0.028677 0.001501
3 0.239286 0.336119 0.034711 0.031050 0.001501
3 0.273990 0.326125 0.026266 0.037302 0.001501
3 0.135630 0.344287 0.038391 0.045662 0.001501
3 0.136967 0.345053 0.037188 0.046723 0.002473
3 0.136134 0.346323 0.037626 0.048095 0.002473
4 0.335838 0.321669 0.025056 0.023510 0.001501
4 0.902647 0.358338 0.030422 0.043089 0.004070
5 0.780974 0.322707 0.034291 0.073163 0.001501
5 0.795127 0.323998 0.024563 0.079988 0.002473
5 0.335838 0.321669 0.025056 0.023510 0.029312
5 0.715346 0.328611 0.016501 0.045998 0.001501
5 0.783970 0.326318 0.039808 0.069108 0.001501
5 0.795962 0.326241 0.023172 0.074294 0.004070
5 0.778567 0.330709 0.028695 0.056661 0.004070
5 0.797851 0.344790 0.020960 0.037197 0.006693
5 0.799093 0.348111 0.018887 0.033028 0.001501
5 0.943920 0.368623 0.016003 0.037976 0.002473
