0 0.031280 0.346253 0.013295 0.109560 0.001501
0 0.977035 0.339210 0.021442 0.107178 0.004070
0 0.004829 0.357040 0.009676 0.094082 0.004070
0 0.032802 0.356484 0.012552 0.078553 0.119203
0 0.039676 0.347509 0.020742 0.060583 0.001501
0 0.975207 0.343895 0.025237 0.113067 0.002473
0 0.004279 0.364001 0.008564 0.074059 0.010987
0 0.032800 0.356626 0.012570 0.078468 0.075858
0 0.004813 0.368618 0.009642 0.073582 0.010987
0 0.031223 0.355416 0.012648 0.075744 0.119203
0 0.217524 0.348919 0.041107 0.042617 0.004070
0 0.235882 0.338205 0.030440 0.067151 0.001501
0 0.005581 0.369896 0.008145 0.082912 0.010987
0 0.032051 0.356696 0.011136 0.078358 0.075858
0 0.005488 0.372169 0.011012 0.093827 0.004070
1 0.203024 0.321344 0.034564 0.049780 0.001501
1 0.204379 0.326520 0.039199 0.056708 0.001501
1 0.004829 0.357040 0.009676 0.094082 0.004070
1 0.126397 0.349265 0.139187 0.125098 0.817575
1 0.126574 0.348359 0.138875 0.126908 0.880797
1 0.204339 0.326187 0.034079 0.055546 0.004070
1 0.207124 0.325969 0.039950 0.057814 0.006693
1 0.211985 0.332337 0.046258 0.058831 0.006693
1 0.253494 0.330991 0.046483 0.046800 0.006693
1 0.254100 0.330017 0.045009 0.048284 0.002473
1 0.255181 0.328743 0.045619 0.045735 0.006693
1 0.255164 0.328734 0.045556 0.045723 0.001501
1 0.291729 0.330923 0.041578 0.036894 0.731059
1 0.291728 0.332047 0.041660 0.039126 0.731059
1 0.291658 0.332035 0.041932 0.039096 0.622459
1 0.330727 0.322930 0.031925 0.026118 0.017986
1 0.334783 0.324197 0.027338 0.023427 0.047426
1 0.337855 0.324220 0.029158 0.023475 0.047426
1 0.350492 0.324234 0.018435 0.018412 0.010987
1 0.373340 0.321615 0.022081 0.018462 0.075858
1 0.376322 0.321606 0.019383 0.023536 0.119203
1 0.475498 0.319235 0.014230 0.018619 0.268941
1 0.475955 0.319237 0.015154 0.018602 0.622459
1 0.492312 0.315478 0.009691 0.015635 0.001501
1 0.587446 0.316253 0.019227 0.021094 0.001501
1 0.589284 0.316268 0.013552 0.020982 0.002473
1 0.685920 0.321766 0.025722 0.023760 0.001501
1 0.004279 0.364001 0.008564 0.074059 0.010987
1 0.127289 0.348404 0.139538 0.126871 0.924142
1 0.127115 0.349306 0.139914 0.125058 0.924142
1 0.126585 0.348401 0.138867 0.126859 0.952574
1 0.127239 0.348395 0.139708 0.126857 0.924142
1 0.212504 0.338979 0.047037 0.049714 0.017986
1 0.218522 0.346773 0.043266 0.036956 0.268941
1 0.218859 0.345236 0.044724 0.037646 0.182426
1 0.220544 0.342883 0.049904 0.042379 0.182426
1 0.254392 0.330906 0.044547 0.046607 0.002473
1 0.254218 0.329624 0.045243 0.044043 0.004070
1 0.255095 0.330871 0.045878 0.046636 0.017986
1 0.291658 0.332067 0.041726 0.039192 0.731059
1 0.291698 0.332056 0.041772 0.039174 0.731059
1 0.291998 0.333327 0.044234 0.041719 0.731059
1 0.004813 0.368618 0.009642 0.073582 0.017986
1 0.127288 0.349313 0.139539 0.125084 0.924142
1 0.126965 0.349535 0.140254 0.129128 0.880797
1 0.127113 0.349527 0.139922 0.129112 0.924142
1 0.126703 0.350403 0.138611 0.127375 0.924142
1 0.217524 0.348919 0.041107 0.042617 0.029312
1 0.219755 0.348663 0.048848 0.036902 0.047426
1 0.219852 0.347744 0.049651 0.041948 0.047426
1 0.235882 0.338205 0.030440 0.067151 0.001501
1 0.005581 0.369896 0.008145 0.082912 0.006693
1 0.005488 0.372169 0.011012 0.093827 0.004070
2 0.410577 0.308901 0.043085 0.058507 0.182426
2 0.411271 0.308062 0.041756 0.055617 0.119203
2 0.200666 0.319909 0.029612 0.046886 0.047426
2 0.203024 0.321344 0.034564 0.049780 0.047426
2 0.204379 0.326520 0.039199 0.056708 0.075858
2 0.411070 0.309225 0.041384 0.053360 0.817575
2 0.411270 0.309162 0.041758 0.053472 0.880797
2 0.411270 0.309736 0.041758 0.052310 0.880797
2 0.411571 0.309152 0.042343 0.053486 0.731059
2 0.492270 0.311574 0.012766 0.021003 0.001501
2 0.504017 0.309823 0.011349 0.018713 0.004070
2 0.204339 0.326187 0.034079 0.055546 0.047426
2 0.207124 0.325969 0.039950 0.057814 0.047426
2 0.211985 0.332337 0.046258 0.058831 0.017986
2 0.253494 0.330991 0.046483 0.046800 0.047426
2 0.254100 0.330017 0.045009 0.048284 0.731059
2 0.255181 0.328743 0.045619 0.045735 0.731059
2 0.255164 0.328734 0.045556 0.045723 0.817575
2 0.291658 0.332035 0.041932 0.039096 0.002473
2 0.330727 0.322930 0.031925 0.026118 0.047426
2 0.334783 0.324197 0.027338 0.023427 0.029312
2 0.337855 0.324220 0.029158 0.023475 0.029312
2 0.373340 0.321615 0.022081 0.018462 0.001501
2 0.376322 0.321606 0.019383 0.023536 0.002473
2 0.410348 0.309179 0.042724 0.053445 0.817575
2 0.410593 0.309248 0.043111 0.053288 0.817575
2 0.410603 0.309626 0.043133 0.052530 0.817575
2 0.411574 0.309054 0.042336 0.053688 0.817575
2 0.212504 0.338979 0.047037 0.049714 0.004070
2 0.254392 0.330906 0.044547 0.046607 0.731059
2 0.254218 0.329624 0.045243 0.044043 0.731059
2 0.255095 0.330871 0.045878 0.046636 0.817575
3 0.372566 0.315655 0.024060 0.035400 0.002473
3 0.207124 0.325969 0.039950 0.057814 0.001501
3 0.211985 0.332337 0.046258 0.058831 0.002473
3 0.253494 0.330991 0.046483 0.046800 0.002473
3 0.330727 0.322930 0.031925 0.026118 0.002473
3 0.334783 0.324197 0.027338 0.023427 0.002473
3 0.337855 0.324220 0.029158 0.023475 0.001501
3 0.373340 0.321615 0.022081 0.018462 0.004070
3 0.376322 0.321606 0.019383 0.023536 0.010987
3 0.212504 0.338979 0.047037 0.049714 0.001501
3 0.218522 0.346773 0.043266 0.036956 0.006693
3 0.218859 0.345236 0.044724 0.037646 0.006693
3 0.220544 0.342883 0.049904 0.042379 0.006693
3 0.217524 0.348919 0.041107 0.042617 0.001501
3 0.219755 0.348663 0.048848 0.036902 0.002473
3 0.219852 0.347744 0.049651 0.041948 0.002473
4 0.004829 0.357040 0.009676 0.094082 0.002473
4 0.589284 0.316268 0.013552 0.020982 0.004070
4 0.004279 0.364001 0.008564 0.074059 0.075858
4 0.004813 0.368618 0.009642 0.073582 0.119203
4 0.017491 0.362438 0.029592 0.067270 0.002473
4 0.005581 0.369896 0.008145 0.082912 0.119203
4 0.018582 0.360082 0.028791 0.072686 0.001501
4 0.005488 0.372169 0.011012 0.093827 0.047426
5 0.004829 0.357040 0.009676 0.094082 0.010987
5 0.017365 0.352609 0.029388 0.087062 0.004070
5 0.004279 0.364001 0.008564 0.074059 0.119203
5 0.016962 0.360755 0.032711 0.071256 0.010987
5 0.032800 0.356626 0.012570 0.078468 0.002473
5 0.041111 0.353701 0.023857 0.067096 0.006693
5 0.004813 0.368618 0.009642 0.073582 0.075858
5 0.017491 0.362438 0.029592 0.067270 0.010987
5 0.031223 0.355416 0.012648 0.075744 0.002473
5 0.039502 0.356465 0.024521 0.068100 0.017986
5 0.217524 0.348919 0.041107 0.042617 0.010987
5 0.005581 0.369896 0.008145 0.082912 0.075858
5 0.018582 0.360082 0.028791 0.072686 0.010987
5 0.032051 0.356696 0.011136 0.078358 0.010987
5 0.038430 0.360901 0.024165 0.070215 0.047426
5 0.005488 0.372169 0.011012 0.093827 0.010987
