0 0.101198 0.357958 0.013260 0.056076 0.001501
0 0.879256 0.348230 0.021929 0.040602 0.002473
0 0.052325 0.355420 0.026653 0.065007 0.001501
0 0.068361 0.356353 0.061013 0.065783 0.017986
0 0.101499 0.362487 0.014222 0.057703 0.001501
1 0.010252 0.343720 0.020535 0.106522 0.001501
1 0.294542 0.330206 0.072255 0.061241 0.029312
1 0.294727 0.329294 0.072598 0.059417 0.817575
1 0.294029 0.330866 0.072997 0.062556 0.817575
1 0.009665 0.345663 0.019412 0.094105 0.017986
1 0.010654 0.343500 0.018298 0.098871 0.004070
1 0.069540 0.354020 0.061053 0.064316 0.010987
1 0.233774 0.331089 0.064729 0.051447 0.010987
1 0.235230 0.331268 0.063695 0.050977 0.001501
1 0.294317 0.329424 0.074303 0.059310 0.004070
1 0.294287 0.330661 0.073192 0.060309 0.880797
1 0.294227 0.330205 0.073137 0.061218 0.880797
1 0.294091 0.330211 0.072873 0.061211 0.880797
1 0.294209 0.330239 0.073179 0.061241 0.817575
1 0.343154 0.323006 0.030545 0.037001 0.047426
1 0.344296 0.323603 0.030599 0.035509 0.017986
1 0.344480 0.322960 0.033002 0.034190 0.017986
1 0.372055 0.324058 0.022303 0.028312 0.075858
1 0.373004 0.325361 0.021134 0.025853 0.047426
1 0.396523 0.322889 0.021314 0.020972 0.017986
1 0.405170 0.322886 0.018025 0.015853 0.017986
1 0.477433 0.318200 0.010688 0.011481 0.002473
1 0.504810 0.322918 0.015407 0.020872 0.817575
1 0.520232 0.320225 0.009717 0.010384 0.004070
1 0.703837 0.328489 0.027813 0.022604 0.001501
1 0.707434 0.327562 0.018368 0.016902 0.010987
1 0.709635 0.328123 0.023847 0.021703 0.001501
1 0.736051 0.330771 0.027999 0.018880 0.029312
1 0.735264 0.329878 0.026542 0.017092 0.029312
1 0.756699 0.332067 0.039723 0.021717 0.001501
1 0.776580 0.332483 0.034762 0.021139 0.017986
1 0.776455 0.331850 0.034805 0.021037 0.047426
1 0.777848 0.332754 0.036633 0.022956 0.010987
1 0.964535 0.335258 0.068199 0.028226 0.001501
1 0.008926 0.353611 0.017930 0.074899 0.075858
1 0.010269 0.352551 0.020576 0.076895 0.010987
1 0.032789 0.358320 0.058995 0.057188 0.004070
1 0.069490 0.355390 0.061166 0.064324 0.622459
1 0.069523 0.355325 0.064055 0.064427 0.817575
1 0.068750 0.355204 0.062481 0.064217 0.817575
1 0.069496 0.354938 0.061045 0.063393 0.817575
1 0.068980 0.355268 0.059192 0.064139 0.119203
1 0.121091 0.345254 0.030234 0.024402 0.004070
1 0.149991 0.352883 0.050049 0.039117 0.731059
1 0.150008 0.352882 0.050023 0.039155 0.817575
1 0.149997 0.352885 0.050016 0.039138 0.731059
1 0.150031 0.351610 0.050037 0.041687 0.622459
1 0.176351 0.345823 0.026055 0.030405 0.047426
1 0.231668 0.332257 0.064104 0.049133 0.017986
1 0.235220 0.331204 0.063729 0.051087 0.002473
1 0.294356 0.330214 0.073331 0.061179 0.817575
1 0.294270 0.330205 0.073224 0.061181 0.880797
1 0.294358 0.329309 0.073335 0.059387 0.880797
1 0.294253 0.328692 0.073267 0.060701 0.622459
1 0.344168 0.324611 0.030447 0.040369 0.001501
1 0.736221 0.333396 0.028420 0.023989 0.004070
1 0.736257 0.332973 0.028815 0.024818 0.004070
1 0.772094 0.336192 0.040038 0.027122 0.002473
1 0.775871 0.334917 0.038349 0.025425 0.017986
1 0.777210 0.334923 0.038689 0.025343 0.017986
1 0.778100 0.335706 0.041257 0.027722 0.010987
1 0.834415 0.339212 0.048142 0.030213 0.004070
1 0.833994 0.340253 0.046696 0.028081 0.006693
1 0.834621 0.340327 0.047627 0.027822 0.006693
1 0.836452 0.340581 0.047093 0.027582 0.004070
1 0.889147 0.342930 0.062151 0.032644 0.010987
1 0.888434 0.342254 0.060495 0.033781 0.017986
1 0.890253 0.339813 0.063035 0.028922 0.029312
1 0.891956 0.339160 0.063033 0.025150 0.017986
1 0.892353 0.339085 0.063389 0.026279 0.004070
1 0.961682 0.343290 0.082052 0.034783 0.002473
1 0.964427 0.340552 0.076709 0.030692 0.006693
1 0.963346 0.339661 0.073231 0.030559 0.006693
1 0.962039 0.337567 0.072667 0.024558 0.004070
1 0.964560 0.338198 0.071009 0.027630 0.006693
1 0.964582 0.340265 0.071000 0.030802 0.010987
1 0.008748 0.358892 0.017523 0.068503 0.268941
1 0.010296 0.356575 0.020632 0.068707 0.017986
1 0.033461 0.359742 0.061854 0.054853 0.006693
1 0.069481 0.355233 0.061352 0.064689 0.622459
1 0.069547 0.354970 0.060967 0.062891 0.622459
1 0.067994 0.354981 0.060937 0.062916 0.731059
1 0.070283 0.354893 0.062562 0.063496 0.817575
1 0.069933 0.354872 0.060400 0.063219 0.500000
1 0.149236 0.351605 0.048519 0.041721 0.817575
1 0.150765 0.352888 0.048484 0.039176 0.731059
1 0.149243 0.352883 0.051563 0.039183 0.817575
1 0.150010 0.352875 0.046951 0.044274 0.817575
1 0.008701 0.359368 0.017422 0.068156 0.119203
1 0.009905 0.356390 0.019880 0.069617 0.017986
1 0.030270 0.360322 0.054152 0.061941 0.001501
1 0.068361 0.356353 0.061013 0.065783 0.017986
1 0.069512 0.355589 0.061173 0.064661 0.182426
1 0.008041 0.370723 0.016092 0.147194 0.002473
2 0.009755 0.320987 0.019561 0.162865 0.001501
2 0.010252 0.343720 0.020535 0.106522 0.006693
2 0.010225 0.341040 0.020463 0.106133 0.004070
2 0.234350 0.328561 0.065350 0.056319 0.002473
2 0.344151 0.320986 0.033608 0.038654 0.004070
2 0.344357 0.319990 0.030658 0.036573 0.004070
2 0.344723 0.319860 0.033148 0.036829 0.004070
2 0.366758 0.315830 0.027277 0.035242 0.002473
2 0.435083 0.313639 0.035654 0.049078 0.817575
2 0.435251 0.313630 0.037467 0.049075 0.880797
2 0.434719 0.313633 0.036353 0.049067 0.880797
2 0.009665 0.345663 0.019412 0.094105 0.010987
2 0.010654 0.343500 0.018298 0.098871 0.006693
2 0.233774 0.331089 0.064729 0.051447 0.119203
2 0.234354 0.329984 0.065413 0.048424 0.817575
2 0.234243 0.331276 0.065133 0.050933 0.817575
2 0.234513 0.331302 0.065017 0.050901 0.817575
2 0.235230 0.331268 0.063695 0.050977 0.817575
2 0.343154 0.323006 0.030545 0.037001 0.500000
2 0.344296 0.323603 0.030599 0.035509 0.622459
2 0.344480 0.322960 0.033002 0.034190 0.622459
2 0.372055 0.324058 0.022303 0.028312 0.075858
2 0.373004 0.325361 0.021134 0.025853 0.029312
2 0.396523 0.322889 0.021314 0.020972 0.006693
2 0.405170 0.322886 0.018025 0.015853 0.002473
2 0.434693 0.312492 0.036473 0.051353 0.731059
2 0.435102 0.313609 0.035625 0.049106 0.817575
2 0.434707 0.313602 0.036385 0.049118 0.880797
2 0.455564 0.318725 0.008160 0.019689 0.002473
2 0.008926 0.353611 0.017930 0.074899 0.006693
2 0.010269 0.352551 0.020576 0.076895 0.001501
2 0.069490 0.355390 0.061166 0.064324 0.002473
2 0.069523 0.355325 0.064055 0.064427 0.006693
2 0.068750 0.355204 0.062481 0.064217 0.004070
2 0.069496 0.354938 0.061045 0.063393 0.004070
2 0.176351 0.345823 0.026055 0.030405 0.001501
2 0.231668 0.332257 0.064104 0.049133 0.047426
2 0.233797 0.330471 0.067359 0.052547 0.817575
2 0.234296 0.331202 0.065475 0.051104 0.731059
2 0.234042 0.332332 0.064592 0.053347 0.817575
2 0.235220 0.331204 0.063729 0.051087 0.817575
2 0.344168 0.324611 0.030447 0.040369 0.029312
2 0.344262 0.325209 0.030467 0.039098 0.004070
2 0.343791 0.325264 0.031694 0.039232 0.001501
2 0.008748 0.358892 0.017523 0.068503 0.004070
2 0.069481 0.355233 0.061352 0.064689 0.002473
2 0.067994 0.354981 0.060937 0.062916 0.006693
2 0.070283 0.354893 0.062562 0.063496 0.006693
2 0.069933 0.354872 0.060400 0.063219 0.004070
2 0.008701 0.359368 0.017422 0.068156 0.001501
2 0.069512 0.355589 0.061173 0.064661 0.002473
3 0.009755 0.320987 0.019561 0.162865 0.001501
3 0.010252 0.343720 0.020535 0.106522 0.017986
3 0.010225 0.341040 0.020463 0.106133 0.006693
3 0.191247 0.326065 0.062256 0.064673 0.001501
3 0.009665 0.345663 0.019412 0.094105 0.075858
3 0.010654 0.343500 0.018298 0.098871 0.047426
3 0.233774 0.331089 0.064729 0.051447 0.047426
3 0.234354 0.329984 0.065413 0.048424 0.001501
3 0.396523 0.322889 0.021314 0.020972 0.001501
3 0.008926 0.353611 0.017930 0.074899 0.075858
3 0.010269 0.352551 0.020576 0.076895 0.017986
3 0.032789 0.358320 0.058995 0.057188 0.002473
3 0.069490 0.355390 0.061166 0.064324 0.006693
3 0.069523 0.355325 0.064055 0.064427 0.002473
3 0.068750 0.355204 0.062481 0.064217 0.001501
3 0.069496 0.354938 0.061045 0.063393 0.001501
3 0.068980 0.355268 0.059192 0.064139 0.002473
3 0.176351 0.345823 0.026055 0.030405 0.004070
3 0.231668 0.332257 0.064104 0.049133 0.029312
3 0.233797 0.330471 0.067359 0.052547 0.001501
3 0.235220 0.331204 0.063729 0.051087 0.001501
3 0.008748 0.358892 0.017523 0.068503 0.075858
3 0.010296 0.356575 0.020632 0.068707 0.010987
3 0.033461 0.359742 0.061854 0.054853 0.004070
3 0.069481 0.355233 0.061352 0.064689 0.006693
3 0.069547 0.354970 0.060967 0.062891 0.001501
3 0.067994 0.354981 0.060937 0.062916 0.004070
3 0.070283 0.354893 0.062562 0.063496 0.002473
3 0.069933 0.354872 0.060400 0.063219 0.006693
3 0.008701 0.359368 0.017422 0.068156 0.029312
3 0.009905 0.356390 0.019880 0.069617 0.004070
4 0.068361 0.356353 0.061013 0.065783 0.004070
4 0.069512 0.355589 0.061173 0.064661 0.001501
5 0.008748 0.358892 0.017523 0.068503 0.004070
5 0.008701 0.359368 0.017422 0.068156 0.004070
5 0.009905 0.356390 0.019880 0.069617 0.001501
5 0.068361 0.356353 0.061013 0.065783 0.017986
5 0.069512 0.355589 0.061173 0.064661 0.004070
