0 0.118124 0.328545 0.014392 0.068928 0.002473
0 0.122386 0.337875 0.019839 0.063832 0.001501
0 0.409980 0.316917 0.014207 0.055698 0.001501
0 0.409255 0.317579 0.012756 0.057388 0.006693
1 0.058632 0.289665 0.114275 0.146600 0.001501
1 0.057887 0.307540 0.116108 0.184696 0.075858
1 0.058014 0.308174 0.116027 0.189379 0.500000
1 0.057796 0.308973 0.115650 0.192111 0.377541
1 0.489123 0.310375 0.153442 0.157285 0.006693
1 0.490101 0.311292 0.151637 0.159098 0.017986
1 0.058390 0.306729 0.116948 0.188141 0.004070
1 0.058370 0.307569 0.116895 0.186147 0.622459
1 0.058315 0.308954 0.116635 0.187982 0.622459
1 0.058102 0.309797 0.116905 0.193144 0.500000
1 0.060742 0.309736 0.109606 0.193674 0.377541
1 0.297320 0.315764 0.036260 0.053575 0.004070
1 0.411616 0.315745 0.020256 0.058021 0.075858
1 0.413983 0.316049 0.022194 0.058477 0.119203
1 0.420847 0.320562 0.030869 0.067449 0.002473
1 0.487681 0.311268 0.153646 0.158936 0.006693
1 0.489768 0.309154 0.151536 0.159779 0.001501
1 0.490651 0.309949 0.150091 0.161585 0.004070
1 0.490049 0.311155 0.148327 0.158816 0.004070
1 0.555207 0.322074 0.022817 0.069880 0.001501
1 0.683388 0.312830 0.024685 0.023482 0.004070
1 0.057971 0.311823 0.115462 0.196332 0.622459
1 0.059163 0.314684 0.114939 0.202305 0.500000
1 0.058080 0.313832 0.116964 0.205059 0.500000
1 0.060083 0.316595 0.110794 0.205708 0.268941
1 0.122386 0.337875 0.019839 0.063832 0.017986
1 0.129980 0.344106 0.031453 0.047453 0.047426
1 0.135261 0.345217 0.021852 0.049649 0.075858
1 0.262073 0.335280 0.107700 0.092735 0.817575
1 0.260533 0.335314 0.107397 0.092666 0.880797
1 0.261568 0.334197 0.107903 0.094983 0.880797
1 0.345748 0.333333 0.116528 0.102652 0.880797
1 0.345203 0.333064 0.115458 0.101822 0.924142
1 0.344968 0.333673 0.118061 0.101966 0.952574
1 0.344446 0.333448 0.117039 0.102703 0.924142
1 0.402234 0.319550 0.021572 0.046271 0.002473
1 0.409980 0.316917 0.014207 0.055698 0.029312
1 0.415044 0.317094 0.020056 0.056567 0.182426
1 0.422350 0.320904 0.030582 0.067079 0.004070
1 0.488656 0.309107 0.152330 0.159922 0.010987
1 0.489875 0.311299 0.151489 0.159117 0.002473
1 0.490612 0.312430 0.150155 0.156887 0.004070
1 0.490679 0.311530 0.149644 0.155077 0.010987
1 0.556464 0.326165 0.017921 0.062433 0.006693
1 0.683148 0.315128 0.027840 0.026966 0.001501
1 0.059671 0.317750 0.111985 0.205175 0.075858
1 0.057861 0.317519 0.115354 0.204815 0.002473
1 0.126085 0.346186 0.027233 0.041592 0.182426
1 0.129890 0.345551 0.031192 0.042631 0.182426
1 0.138245 0.348680 0.015649 0.047403 0.182426
1 0.261006 0.334459 0.105675 0.090811 0.731059
1 0.261587 0.335355 0.107973 0.092562 0.817575
1 0.261515 0.334459 0.107983 0.090773 0.924142
1 0.261606 0.334455 0.109991 0.090818 0.924142
1 0.345211 0.332954 0.115427 0.100421 0.880797
1 0.345199 0.333334 0.115429 0.101286 0.924142
1 0.345734 0.333109 0.116526 0.101913 0.952574
1 0.345730 0.333081 0.116539 0.101970 0.880797
1 0.409255 0.317579 0.012756 0.057388 0.010987
1 0.416131 0.318044 0.018360 0.062934 0.047426
1 0.423553 0.324328 0.028357 0.068731 0.001501
1 0.556144 0.330857 0.018516 0.057090 0.010987
1 0.091103 0.335338 0.048623 0.165988 0.002473
1 0.125870 0.346866 0.026853 0.043089 0.268941
1 0.130166 0.346422 0.029051 0.043970 0.182426
1 0.139870 0.347514 0.014571 0.045416 0.182426
1 0.184961 0.340094 0.078861 0.069901 0.001501
1 0.188989 0.338492 0.087061 0.073108 0.002473
1 0.190454 0.339452 0.090213 0.071192 0.001501
1 0.196632 0.339518 0.083163 0.071115 0.002473
1 0.261702 0.335355 0.108366 0.092552 0.924142
1 0.260911 0.335357 0.106779 0.092537 0.924142
1 0.261544 0.334435 0.110593 0.090831 0.924142
1 0.344453 0.332560 0.117008 0.100924 0.952574
1 0.344448 0.332839 0.117022 0.100475 0.952574
1 0.087384 0.339831 0.056162 0.165933 0.001501
1 0.094965 0.354266 0.040919 0.130809 0.001501
1 0.047438 0.408094 0.091901 0.439753 0.010987
1 0.046752 0.415103 0.093542 0.426380 0.817575
1 0.046462 0.415894 0.092957 0.424092 0.880797
1 0.046950 0.413983 0.090900 0.423078 0.880797
1 0.045742 0.417330 0.094564 0.420672 0.817575
1 0.047205 0.417607 0.091361 0.419744 0.924142
1 0.046448 0.418250 0.092987 0.413943 0.880797
1 0.046134 0.416626 0.092537 0.411045 0.002473
1 0.046684 0.419072 0.093391 0.417567 0.622459
1 0.047004 0.419678 0.090956 0.416282 0.817575
1 0.046448 0.419662 0.092985 0.416122 0.880797
1 0.051985 0.353455 0.104301 0.409431 0.008577
1 0.048022 0.389701 0.096749 0.474360 0.006693
1 0.048442 0.393197 0.096852 0.464351 0.037327
2 0.057716 0.275708 0.115293 0.118610 0.001501
2 0.058632 0.289665 0.114275 0.146600 0.004070
2 0.219047 0.307103 0.147159 0.136069 0.817575
2 0.217883 0.308953 0.147607 0.137353 0.731059
2 0.218286 0.304858 0.146813 0.129174 0.817575
2 0.057887 0.307540 0.116108 0.184696 0.010987
2 0.058014 0.308174 0.116027 0.189379 0.006693
2 0.057796 0.308973 0.115650 0.192111 0.002473
2 0.220045 0.308034 0.150360 0.139141 0.817575
2 0.218757 0.307565 0.149302 0.134866 0.880797
2 0.218291 0.307507 0.149149 0.134747 0.817575
2 0.218570 0.307083 0.147834 0.135359 0.731059
2 0.489123 0.310375 0.153442 0.157285 0.817575
2 0.490101 0.311292 0.151637 0.159098 0.817575
2 0.058390 0.306729 0.116948 0.188141 0.001501
2 0.058370 0.307569 0.116895 0.186147 0.002473
2 0.058315 0.308954 0.116635 0.187982 0.001501
2 0.218796 0.308029 0.150105 0.133975 0.817575
2 0.218414 0.308970 0.149409 0.137178 0.731059
2 0.220252 0.309045 0.151808 0.136970 0.268941
2 0.411616 0.315745 0.020256 0.058021 0.004070
2 0.413983 0.316049 0.022194 0.058477 0.004070
2 0.487681 0.311268 0.153646 0.158936 0.880797
2 0.489768 0.309154 0.151536 0.159779 0.880797
2 0.490651 0.309949 0.150091 0.161585 0.880797
2 0.490049 0.311155 0.148327 0.158816 0.880797
2 0.555207 0.322074 0.022817 0.069880 0.002473
2 0.415044 0.317094 0.020056 0.056567 0.001501
2 0.488656 0.309107 0.152330 0.159922 0.880797
2 0.489875 0.311299 0.151489 0.159117 0.817575
2 0.490612 0.312430 0.150155 0.156887 0.731059
2 0.490679 0.311530 0.149644 0.155077 0.880797
2 0.973854 0.338999 0.049782 0.087824 0.001501
2 0.977005 0.344695 0.046058 0.103409 0.001501
2 0.978062 0.343732 0.044419 0.096670 0.001501
2 0.492455 0.229946 0.169544 0.319633 0.005220
2 0.492737 0.228894 0.171895 0.317551 0.010987
2 0.493297 0.227312 0.170037 0.320314 0.008577
2 0.489926 0.227832 0.171277 0.315425 0.003173
2 0.491303 0.229692 0.167666 0.317616 0.010987
2 0.491080 0.227950 0.168315 0.317087 0.022977
2 0.491532 0.227791 0.165333 0.314069 0.047426
2 0.489801 0.226832 0.167232 0.317780 0.022977
2 0.488826 0.227672 0.166464 0.316541 0.047426
2 0.489832 0.227588 0.165387 0.313688 0.075858
3 0.056547 0.287510 0.109405 0.153182 0.001501
3 0.063568 0.306424 0.095833 0.186776 0.001501
3 0.057887 0.307540 0.116108 0.184696 0.006693
3 0.058014 0.308174 0.116027 0.189379 0.047426
3 0.057796 0.308973 0.115650 0.192111 0.182426
3 0.489123 0.310375 0.153442 0.157285 0.002473
3 0.490101 0.311292 0.151637 0.159098 0.002473
3 0.058370 0.307569 0.116895 0.186147 0.017986
3 0.058315 0.308954 0.116635 0.187982 0.047426
3 0.058102 0.309797 0.116905 0.193144 0.047426
3 0.060742 0.309736 0.109606 0.193674 0.119203
3 0.411616 0.315745 0.020256 0.058021 0.010987
3 0.413983 0.316049 0.022194 0.058477 0.010987
3 0.057971 0.311823 0.115462 0.196332 0.010987
3 0.059163 0.314684 0.114939 0.202305 0.029312
3 0.058080 0.313832 0.116964 0.205059 0.029312
3 0.060083 0.316595 0.110794 0.205708 0.029312
3 0.122386 0.337875 0.019839 0.063832 0.002473
3 0.409980 0.316917 0.014207 0.055698 0.001501
3 0.415044 0.317094 0.020056 0.056567 0.006693
3 0.422350 0.320904 0.030582 0.067079 0.001501
3 0.059671 0.317750 0.111985 0.205175 0.001501
3 0.416131 0.318044 0.018360 0.062934 0.001501
3 0.492455 0.229946 0.169544 0.319633 0.003173
3 0.492737 0.228894 0.171895 0.317551 0.003173
3 0.493297 0.227312 0.170037 0.320314 0.001501
3 0.489926 0.227832 0.171277 0.315425 0.003173
3 0.491303 0.229692 0.167666 0.317616 0.003173
3 0.491080 0.227950 0.168315 0.317087 0.004070
3 0.491532 0.227791 0.165333 0.314069 0.006693
3 0.489801 0.226832 0.167232 0.317780 0.001170
3 0.488826 0.227672 0.166464 0.316541 0.001170
3 0.489832 0.227588 0.165387 0.313688 0.004070
4 0.409255 0.317579 0.012756 0.057388 0.004070
4 0.830248 0.360127 0.060377 0.108618 0.006693
4 0.830329 0.363158 0.057649 0.101622 0.047426
4 0.830988 0.359622 0.059013 0.103982 0.010987
4 0.978421 0.359471 0.043254 0.136593 0.001501
4 0.829407 0.365517 0.055801 0.093117 0.006693
4 0.830311 0.362704 0.060599 0.102809 0.268941
4 0.831246 0.362650 0.059451 0.107867 0.268941
4 0.829663 0.360825 0.059342 0.106315 0.268941
4 0.977807 0.357206 0.045064 0.120469 0.001501
4 0.978548 0.368054 0.042972 0.147201 0.002473
4 0.985157 0.368984 0.026673 0.145939 0.001501
4 0.830195 0.369149 0.057366 0.084716 0.075858
4 0.830459 0.362989 0.057843 0.107141 0.377541
4 0.830307 0.360266 0.060642 0.103121 0.268941
4 0.830375 0.360207 0.060783 0.103078 0.377541
4 0.978049 0.373940 0.043938 0.150904 0.001501
4 0.990857 0.374562 0.018332 0.138639 0.001501
4 0.829629 0.363241 0.059199 0.102014 0.268941
4 0.829245 0.361557 0.058515 0.105294 0.268941
4 0.830004 0.361600 0.057016 0.105338 0.047426
5 0.122386 0.337875 0.019839 0.063832 0.002473
5 0.409980 0.316917 0.014207 0.055698 0.002473
5 0.409255 0.317579 0.012756 0.057388 0.010987
5 0.139870 0.347514 0.014571 0.045416 0.001501
