0 0.004756 0.361734 0.012651 0.108940 0.002473
0 0.004724 0.360081 0.012642 0.146803 0.006693
0 0.006252 0.360583 0.012600 0.224776 0.006693
0 0.006236 0.348799 0.012640 0.284894 0.004070
1 0.135587 0.302799 0.071174 0.051418 0.004070
1 0.449349 0.299280 0.018398 0.044263 0.004070
1 0.125737 0.331493 0.104661 0.105428 0.731059
1 0.124273 0.331483 0.095505 0.105456 0.817575
1 0.122952 0.331326 0.095953 0.105160 0.817575
1 0.344426 0.293973 0.050021 0.073402 0.004070
1 0.389466 0.312495 0.034810 0.036621 0.731059
1 0.389208 0.311362 0.036400 0.034315 0.731059
1 0.389743 0.312489 0.037795 0.036559 0.377541
1 0.426558 0.313772 0.041085 0.044268 0.817575
1 0.426492 0.311220 0.041226 0.044240 0.817575
1 0.426999 0.311225 0.042954 0.044251 0.731059
1 0.451158 0.307471 0.016927 0.031694 0.622459
1 0.532047 0.305713 0.011065 0.023406 0.001501
1 0.558168 0.308530 0.024242 0.017900 0.002473
1 0.572226 0.310157 0.027688 0.018129 0.047426
1 0.574149 0.309893 0.030200 0.018789 0.029312
1 0.636792 0.308950 0.023688 0.018996 0.001501
1 0.126525 0.330983 0.103087 0.106462 0.731059
1 0.123487 0.331177 0.096972 0.107257 0.817575
1 0.123376 0.331275 0.096866 0.107533 0.880797
1 0.122732 0.332085 0.096033 0.106483 0.731059
1 0.347881 0.295537 0.044246 0.070619 0.001501
1 0.345230 0.295484 0.049472 0.066120 0.004070
1 0.351582 0.300977 0.041370 0.059687 0.006693
1 0.388783 0.313755 0.035683 0.039231 0.731059
1 0.389730 0.312499 0.035383 0.036596 0.731059
1 0.389835 0.312492 0.037833 0.036623 0.377541
1 0.425837 0.311219 0.040364 0.044281 0.817575
1 0.426492 0.312500 0.041228 0.046812 0.817575
1 0.426501 0.312489 0.041243 0.041732 0.817575
1 0.451360 0.309333 0.014366 0.030450 0.182426
1 0.573768 0.312373 0.028497 0.023107 0.002473
1 0.574217 0.312372 0.030505 0.023103 0.001501
1 0.638714 0.314991 0.024886 0.024044 0.001501
1 0.045172 0.349563 0.059590 0.045762 0.817575
1 0.043762 0.349575 0.059429 0.045748 0.817575
1 0.044430 0.347785 0.058071 0.044809 0.817575
1 0.044526 0.349569 0.060958 0.045755 0.817575
1 0.044543 0.349533 0.060981 0.045820 0.817575
1 0.125854 0.330903 0.101744 0.106332 0.731059
1 0.123498 0.330570 0.096949 0.105948 0.880797
1 0.124217 0.330561 0.095332 0.105933 0.880797
1 0.225058 0.359611 0.250129 0.229269 0.029312
1 0.044404 0.348893 0.058055 0.047152 0.817575
1 0.045295 0.350448 0.062506 0.044018 0.880797
1 0.043756 0.349560 0.059426 0.045795 0.880797
1 0.045228 0.349562 0.059616 0.045792 0.880797
1 0.044557 0.349549 0.060956 0.045842 0.817575
1 0.006236 0.348799 0.012640 0.284894 0.001501
1 0.006291 0.354684 0.012684 0.285880 0.001501
1 0.007117 0.359916 0.014289 0.281480 0.001501
1 0.008010 0.382047 0.016076 0.262036 0.002473
1 0.224954 0.358292 0.246967 0.227549 0.939913
1 0.228032 0.358267 0.252979 0.227053 0.939913
1 0.225008 0.358286 0.250068 0.227019 0.939913
1 0.225925 0.358276 0.251431 0.227590 0.939913
1 0.225002 0.359324 0.246968 0.228928 0.924142
1 0.227237 0.359775 0.254522 0.224778 0.939913
1 0.225789 0.358879 0.251623 0.222945 0.939913
1 0.225861 0.357422 0.251545 0.229907 0.939913
1 0.227257 0.363615 0.254562 0.232472 0.924142
1 0.225863 0.362952 0.248587 0.236470 0.622459
2 0.492715 0.267087 0.077108 0.149464 0.622459
2 0.493400 0.267575 0.075775 0.150368 0.500000
2 0.492707 0.268031 0.077181 0.151386 0.377541
2 0.341403 0.288405 0.055188 0.067337 0.017986
2 0.342861 0.292568 0.054367 0.075553 0.500000
2 0.343261 0.291588 0.055160 0.073637 0.500000
2 0.342836 0.292504 0.054574 0.071890 0.377541
2 0.492988 0.269691 0.075413 0.154680 0.119203
2 0.492957 0.269810 0.076152 0.154839 0.817575
2 0.493011 0.269807 0.074697 0.154815 0.817575
2 0.492505 0.269700 0.075278 0.154604 0.731059
2 0.492272 0.270229 0.076234 0.151654 0.010987
2 0.135587 0.302799 0.071174 0.051418 0.004070
2 0.338821 0.285679 0.049728 0.060770 0.010987
2 0.343582 0.292624 0.053162 0.071888 0.817575
2 0.343219 0.294209 0.055258 0.073009 0.817575
2 0.343440 0.295447 0.053376 0.070558 0.817575
2 0.343370 0.294220 0.055370 0.068245 0.622459
2 0.447987 0.297516 0.021477 0.045675 0.029312
2 0.449349 0.299280 0.018398 0.044263 0.047426
2 0.492821 0.270838 0.075707 0.153205 0.731059
2 0.492750 0.270814 0.074466 0.153349 0.731059
2 0.491584 0.271659 0.073308 0.155031 0.731059
2 0.344426 0.293973 0.050021 0.073402 0.500000
2 0.344043 0.294369 0.053778 0.068242 0.817575
2 0.343324 0.294400 0.055078 0.068175 0.880797
2 0.344234 0.295013 0.055924 0.071484 0.182426
2 0.451158 0.307471 0.016927 0.031694 0.010987
2 0.532047 0.305713 0.011065 0.023406 0.006693
2 0.122732 0.332085 0.096033 0.106483 0.002473
2 0.347881 0.295537 0.044246 0.070619 0.182426
2 0.345230 0.295484 0.049472 0.066120 0.075858
2 0.351582 0.300977 0.041370 0.059687 0.001501
2 0.451360 0.309333 0.014366 0.030450 0.002473
3 0.492715 0.267087 0.077108 0.149464 0.010987
3 0.493400 0.267575 0.075775 0.150368 0.017986
3 0.492707 0.268031 0.077181 0.151386 0.119203
3 0.492957 0.269810 0.076152 0.154839 0.004070
3 0.493011 0.269807 0.074697 0.154815 0.006693
3 0.492505 0.269700 0.075278 0.154604 0.047426
3 0.492272 0.270229 0.076234 0.151654 0.006693
3 0.447987 0.297516 0.021477 0.045675 0.004070
3 0.449349 0.299280 0.018398 0.044263 0.010987
3 0.492821 0.270838 0.075707 0.153205 0.010987
3 0.492750 0.270814 0.074466 0.153349 0.029312
3 0.491584 0.271659 0.073308 0.155031 0.047426
3 0.451158 0.307471 0.016927 0.031694 0.029312
3 0.122732 0.332085 0.096033 0.106483 0.001501
3 0.347881 0.295537 0.044246 0.070619 0.002473
3 0.345230 0.295484 0.049472 0.066120 0.001501
3 0.451360 0.309333 0.014366 0.030450 0.004070
5 0.006252 0.360583 0.012600 0.224776 0.001501
