0 0.641713 0.309641 0.008670 0.041368 0.001501
0 0.603818 0.316306 0.007905 0.029260 0.001501
0 0.641713 0.311186 0.008669 0.044672 0.002473
1 0.848137 0.258586 0.025798 0.031026 0.001501
1 0.289711 0.302161 0.035437 0.026632 0.002473
1 0.469430 0.314785 0.016983 0.027411 0.002473
1 0.449144 0.319611 0.015391 0.014267 0.377541
1 0.449694 0.317203 0.016114 0.019056 0.377541
1 0.469434 0.317188 0.016958 0.022736 0.817575
1 0.483256 0.315792 0.008581 0.016262 0.047426
1 0.500807 0.318059 0.015303 0.020962 0.500000
1 0.500734 0.318068 0.015598 0.020964 0.731059
2 0.214105 0.315605 0.056402 0.030249 0.029312
2 0.228071 0.315916 0.080984 0.035283 0.119203
2 0.227875 0.317216 0.080650 0.037882 0.377541
2 0.228143 0.316022 0.081222 0.035503 0.500000
2 0.233945 0.315827 0.070355 0.035112 0.500000
2 0.245157 0.313206 0.047207 0.029852 0.268941
2 0.246957 0.314378 0.046723 0.032260 0.047426
2 0.500641 0.313272 0.015689 0.030235 0.029312
2 0.501295 0.312421 0.016728 0.032009 0.075858
2 0.223045 0.320921 0.074283 0.040064 0.017986
2 0.227898 0.319675 0.083763 0.042734 0.182426
2 0.227781 0.317304 0.080854 0.038007 0.268941
2 0.228230 0.315966 0.081049 0.035422 0.500000
2 0.231398 0.314644 0.074752 0.032647 0.377541
2 0.242046 0.312619 0.053482 0.031985 0.377541
2 0.245764 0.312841 0.049093 0.031976 0.047426
2 0.483256 0.315792 0.008581 0.016262 0.004070
2 0.226099 0.327375 0.077949 0.053985 0.006693
2 0.227853 0.325098 0.080653 0.053577 0.029312
2 0.228223 0.325168 0.082274 0.053702 0.047426
2 0.230012 0.325302 0.078099 0.053935 0.029312
2 0.235598 0.324506 0.066894 0.052767 0.004070
3 0.288687 0.303429 0.035966 0.030123 0.002473
3 0.289711 0.302161 0.035437 0.026632 0.006693
3 0.289508 0.302277 0.038119 0.027705 0.002473
3 0.469430 0.314785 0.016983 0.027411 0.001501
3 0.500641 0.313272 0.015689 0.030235 0.006693
3 0.501295 0.312421 0.016728 0.032009 0.010987
3 0.291009 0.316954 0.031479 0.028045 0.001501
3 0.469434 0.317188 0.016958 0.022736 0.002473
3 0.483256 0.315792 0.008581 0.016262 0.004070
