0 0.368753 0.314251 0.004587 0.032440 0.002473
0 0.083483 0.352659 0.011206 0.067478 0.001501
0 0.368774 0.316747 0.006788 0.024366 0.002473
0 0.657868 0.326413 0.006230 0.039592 0.001501
0 0.003875 0.346983 0.007844 0.059343 0.004070
0 0.003876 0.348815 0.007808 0.064925 0.002473
1 0.490849 0.324445 0.037482 0.045985 0.119203
1 0.490836 0.323815 0.037482 0.044692 0.182426
1 0.491505 0.324413 0.036235 0.045902 0.268941
1 0.223454 0.334625 0.050009 0.044287 0.622459
1 0.224978 0.335743 0.049971 0.046544 0.731059
1 0.223537 0.334471 0.052895 0.049085 0.622459
1 0.223452 0.333354 0.050086 0.046878 0.622459
1 0.380563 0.318085 0.017013 0.020939 0.377541
1 0.425896 0.320183 0.017444 0.021903 0.002473
1 0.431926 0.324150 0.008173 0.023815 0.001501
1 0.491529 0.324800 0.036133 0.045467 0.880797
1 0.491533 0.324133 0.036144 0.044120 0.817575
1 0.491510 0.324113 0.036214 0.044127 0.880797
1 0.526470 0.320569 0.016176 0.016218 0.075858
1 0.526252 0.321656 0.014563 0.018349 0.622459
1 0.549314 0.324059 0.015726 0.013549 0.268941
1 0.549734 0.322927 0.016037 0.015802 0.268941
1 0.600562 0.328725 0.031906 0.027372 0.817575
1 0.600012 0.329812 0.032978 0.025008 0.880797
1 0.601944 0.329277 0.034842 0.024352 0.001501
1 0.735912 0.352133 0.125013 0.092559 0.880797
1 0.735918 0.353022 0.125100 0.090755 0.880797
1 0.224226 0.334603 0.051580 0.044319 0.500000
1 0.224207 0.334616 0.051514 0.044296 0.500000
1 0.224207 0.333319 0.051555 0.046890 0.622459
1 0.224218 0.335730 0.051631 0.046677 0.622459
1 0.490841 0.324166 0.037476 0.044172 0.817575
1 0.490856 0.324278 0.037508 0.043921 0.817575
1 0.490829 0.324828 0.037572 0.045504 0.880797
1 0.600604 0.329573 0.031994 0.029169 0.004070
1 0.600007 0.330723 0.030802 0.026831 0.004070
1 0.735924 0.354138 0.124959 0.096805 0.924142
1 0.735954 0.353238 0.125015 0.094881 0.924142
1 0.735951 0.354134 0.125042 0.093056 0.952574
1 0.735961 0.354149 0.125005 0.093086 0.880797
1 0.735952 0.353035 0.124991 0.090879 0.924142
1 0.736717 0.353025 0.123472 0.090778 0.924142
1 0.736717 0.354153 0.123500 0.093027 0.952574
1 0.737488 0.353251 0.125009 0.094896 0.952574
1 0.883634 0.377465 0.126887 0.101669 0.924142
1 0.883472 0.377212 0.125038 0.101264 0.924142
1 0.884536 0.377435 0.125092 0.101714 0.924142
1 0.883960 0.378002 0.125930 0.102774 0.880797
1 0.884028 0.377257 0.126088 0.101184 0.924142
1 0.883483 0.377242 0.125055 0.101207 0.952574
1 0.883998 0.376880 0.124020 0.103124 0.924142
1 0.883367 0.376740 0.125081 0.103149 0.880797
1 0.883939 0.377219 0.124042 0.101275 0.952574
1 0.883995 0.376525 0.123999 0.102709 0.924142
2 0.223454 0.334625 0.050009 0.044287 0.004070
2 0.224978 0.335743 0.049971 0.046544 0.002473
2 0.223537 0.334471 0.052895 0.049085 0.002473
2 0.223452 0.333354 0.050086 0.046878 0.002473
2 0.380563 0.318085 0.017013 0.020939 0.004070
2 0.224226 0.334603 0.051580 0.044319 0.002473
2 0.224207 0.334616 0.051514 0.044296 0.001501
2 0.224207 0.333319 0.051555 0.046890 0.006693
2 0.224218 0.335730 0.051631 0.046677 0.004070
3 0.223454 0.334625 0.050009 0.044287 0.029312
3 0.224978 0.335743 0.049971 0.046544 0.017986
3 0.223537 0.334471 0.052895 0.049085 0.010987
3 0.223452 0.333354 0.050086 0.046878 0.017986
3 0.380563 0.318085 0.017013 0.020939 0.047426
3 0.526252 0.321656 0.014563 0.018349 0.002473
3 0.549314 0.324059 0.015726 0.013549 0.001501
3 0.549734 0.322927 0.016037 0.015802 0.002473
3 0.224226 0.334603 0.051580 0.044319 0.029312
3 0.224207 0.334616 0.051514 0.044296 0.029312
3 0.224207 0.333319 0.051555 0.046890 0.029312
3 0.224218 0.335730 0.051631 0.046677 0.010987
5 0.549734 0.322927 0.016037 0.015802 0.002473
5 0.331288 0.342883 0.012739 0.042379 0.004070
5 0.331172 0.344745 0.012800 0.042894 0.001501
