0 0.217489 0.316630 0.007139 0.040556 0.001501
0 0.234033 0.317223 0.015769 0.038387 0.001501
0 0.042123 0.341222 0.006335 0.049887 0.001501
0 0.003899 0.353964 0.007816 0.044182 0.002473
0 0.041099 0.348473 0.007221 0.032279 0.004070
0 0.042541 0.352128 0.007033 0.026909 0.001501
1 0.317618 0.323994 0.043284 0.047043 0.500000
1 0.317523 0.324907 0.043139 0.048825 0.500000
1 0.317623 0.324914 0.043577 0.048841 0.500000
1 0.361255 0.320504 0.055631 0.057705 0.817575
1 0.361926 0.319221 0.056953 0.060253 0.817575
1 0.360822 0.319221 0.056431 0.060253 0.817575
1 0.420155 0.315588 0.046147 0.063910 0.817575
1 0.419854 0.316500 0.045566 0.065665 0.731059
1 0.419173 0.316075 0.046655 0.066538 0.880797
1 0.241009 0.321836 0.026514 0.028697 0.006693
1 0.242664 0.320382 0.024954 0.020978 0.029312
1 0.275091 0.327051 0.042814 0.038905 0.002473
1 0.277336 0.327609 0.039474 0.039881 0.880797
1 0.277368 0.326707 0.039417 0.041677 0.817575
1 0.276509 0.327599 0.039060 0.043463 0.817575
1 0.316765 0.325269 0.041539 0.048194 0.817575
1 0.316779 0.325284 0.041594 0.048136 0.817575
1 0.316791 0.325252 0.041779 0.048186 0.817575
1 0.360888 0.320490 0.056337 0.057726 0.731059
1 0.361553 0.319216 0.057687 0.060259 0.880797
1 0.361246 0.318318 0.055590 0.058458 0.924142
1 0.360828 0.319190 0.056446 0.060303 0.924142
1 0.419033 0.315564 0.046044 0.063960 0.817575
1 0.419566 0.315565 0.044995 0.063951 0.817575
1 0.419276 0.316493 0.046732 0.065691 0.817575
1 0.422930 0.317424 0.046246 0.068603 0.029312
1 0.491007 0.345821 0.148826 0.173702 0.817575
1 0.490475 0.346951 0.149967 0.175960 0.817575
1 0.491044 0.345814 0.148840 0.173532 0.924142
1 0.574993 0.317674 0.021943 0.026247 0.622459
1 0.575003 0.316540 0.021945 0.023979 0.731059
1 0.827159 0.353243 0.087358 0.063847 0.377541
1 0.276072 0.327872 0.041576 0.040881 0.010987
1 0.277052 0.327596 0.039999 0.043594 0.817575
1 0.277344 0.326695 0.039471 0.041720 0.817575
1 0.277095 0.327582 0.040062 0.039950 0.817575
1 0.316391 0.325296 0.042415 0.048156 0.731059
1 0.315586 0.325040 0.040856 0.048640 0.731059
1 0.316779 0.324996 0.041757 0.048722 0.817575
1 0.361284 0.319224 0.055576 0.060274 0.731059
1 0.361253 0.319229 0.055599 0.060263 0.817575
1 0.360482 0.320502 0.054061 0.057717 0.924142
1 0.419721 0.316372 0.045327 0.066034 0.817575
1 0.419737 0.315530 0.045375 0.064068 0.817575
1 0.419006 0.316430 0.046182 0.065893 0.817575
1 0.491008 0.345784 0.148990 0.173458 0.924142
1 0.490962 0.345820 0.148892 0.173522 0.880797
1 0.490301 0.346098 0.147538 0.173068 0.924142
1 0.491015 0.346123 0.148833 0.172950 0.924142
1 0.684042 0.306973 0.035085 0.084824 0.006693
1 0.684931 0.309656 0.033276 0.075894 0.002473
1 0.827174 0.353519 0.087306 0.064289 0.880797
1 0.827168 0.353408 0.087310 0.064021 0.924142
1 0.827316 0.353850 0.085432 0.063609 0.880797
1 0.827344 0.353774 0.085550 0.063291 0.924142
1 0.827264 0.354155 0.085534 0.062531 0.500000
1 0.973476 0.372346 0.050052 0.083465 0.817575
1 0.973551 0.372399 0.052905 0.083391 0.817575
1 0.974240 0.372334 0.051604 0.083689 0.817575
1 0.490963 0.345855 0.148933 0.173606 0.880797
1 0.490976 0.346987 0.148872 0.175872 0.924142
1 0.491005 0.346983 0.148816 0.175882 0.952574
1 0.827710 0.353722 0.086222 0.063433 0.880797
1 0.827350 0.353599 0.085531 0.063175 0.880797
1 0.827385 0.353745 0.085559 0.063360 0.880797
1 0.827351 0.353861 0.085525 0.062837 0.924142
1 0.827990 0.353861 0.084244 0.062668 0.924142
1 0.974235 0.371155 0.051606 0.081488 0.817575
1 0.974229 0.373668 0.051528 0.086023 0.880797
1 0.974235 0.373682 0.051550 0.085947 0.880797
1 0.973476 0.373652 0.050037 0.086014 0.880797
1 0.974236 0.373697 0.051540 0.080848 0.817575
1 0.974232 0.373703 0.051543 0.080809 0.880797
1 0.973473 0.373686 0.050029 0.085949 0.924142
2 0.679501 0.299170 0.041184 0.098824 0.001501
2 0.682772 0.307389 0.037545 0.079282 0.622459
2 0.681935 0.308309 0.039258 0.081104 0.731059
2 0.681474 0.304375 0.040244 0.088123 0.268941
2 0.682808 0.308128 0.037493 0.081473 0.500000
2 0.681289 0.308090 0.037500 0.081517 0.731059
2 0.681325 0.307318 0.037388 0.079859 0.622459
2 0.682838 0.307231 0.037460 0.080065 0.622459
2 0.684042 0.306973 0.035085 0.084824 0.182426
2 0.684931 0.309656 0.033276 0.075894 0.119203
3 0.175588 0.292108 0.049106 0.089679 0.017986
3 0.175171 0.293053 0.046656 0.086477 0.006693
3 0.177714 0.290377 0.044815 0.086207 0.002473
3 0.174200 0.296588 0.052131 0.099388 0.004070
3 0.175726 0.295531 0.048801 0.091781 0.029312
3 0.175065 0.292307 0.049983 0.090130 0.010987
3 0.176577 0.293278 0.046953 0.086956 0.010987
3 0.640648 0.291664 0.087103 0.141145 0.817575
3 0.642671 0.291667 0.088421 0.138501 0.817575
3 0.645996 0.291615 0.095125 0.138612 0.817575
3 0.172797 0.305290 0.055393 0.122473 0.001501
3 0.175580 0.297377 0.052055 0.104887 0.017986
3 0.175785 0.292441 0.048549 0.090196 0.006693
3 0.175817 0.292134 0.048505 0.084456 0.029312
3 0.639833 0.291998 0.082736 0.142298 0.817575
3 0.640234 0.290862 0.083562 0.140006 0.817575
3 0.640547 0.291577 0.084180 0.141140 0.817575
3 0.641035 0.290918 0.085213 0.139833 0.817575
3 0.681474 0.304375 0.040244 0.088123 0.001501
3 0.175725 0.296425 0.051787 0.091723 0.001501
3 0.639898 0.291414 0.082890 0.138910 0.817575
3 0.639896 0.291409 0.082874 0.141558 0.731059
3 0.638833 0.290729 0.083486 0.140213 0.817575
3 0.684042 0.306973 0.035085 0.084824 0.004070
3 0.684931 0.309656 0.033276 0.075894 0.002473
4 0.003899 0.353964 0.007816 0.044182 0.001501
4 0.004297 0.359078 0.008626 0.033537 0.017986
4 0.015120 0.356008 0.023688 0.029930 0.001501
4 0.009014 0.470938 0.018038 0.069724 0.001501
5 0.004297 0.359078 0.008626 0.033537 0.001501
5 0.123881 0.379248 0.162189 0.300275 0.817575
5 0.122649 0.379904 0.161742 0.295842 0.817575
5 0.120775 0.380290 0.159147 0.291862 0.880797
5 0.126577 0.380627 0.166374 0.297477 0.075858
5 0.123582 0.380500 0.161996 0.297747 0.731059
5 0.122586 0.380486 0.161853 0.297306 0.817575
5 0.121948 0.380682 0.159884 0.297377 0.880797
5 0.120747 0.381695 0.162148 0.293381 0.002473
5 0.123714 0.377532 0.162502 0.297361 0.817575
5 0.122242 0.378597 0.163334 0.298884 0.817575
5 0.121262 0.379948 0.158456 0.296183 0.817575
5 0.008520 0.371276 0.017146 0.286437 0.001501
5 0.123626 0.378770 0.159015 0.302482 0.047426
