0 0.133442 0.279037 0.029754 0.120558 0.001501
0 0.133887 0.278105 0.032829 0.110191 0.001501
0 0.134454 0.280921 0.025032 0.111185 0.006693
0 0.136374 0.282106 0.027220 0.099790 0.001501
0 0.131200 0.288287 0.031718 0.118472 0.002473
1 0.026397 0.336694 0.052881 0.112642 0.001501
1 0.062100 0.328415 0.125696 0.155537 0.001501
1 0.257959 0.332648 0.094021 0.068779 0.880797
1 0.258887 0.332633 0.092932 0.068768 0.880797
1 0.320642 0.322303 0.044776 0.041675 0.377541
1 0.320651 0.321819 0.044573 0.041460 0.268941
1 0.320834 0.321744 0.044817 0.041310 0.377541
1 0.379266 0.320951 0.041511 0.042721 0.817575
1 0.379798 0.320292 0.040427 0.044037 0.817575
1 0.379237 0.320337 0.041672 0.044126 0.731059
1 0.419746 0.316493 0.045312 0.065689 0.731059
1 0.419859 0.317172 0.045576 0.064333 0.731059
1 0.419204 0.316531 0.046595 0.065627 0.817575
1 0.549154 0.304597 0.015375 0.031266 0.001501
1 0.558424 0.310318 0.013966 0.024084 0.017986
1 0.029822 0.339753 0.059787 0.115792 0.001501
1 0.032091 0.346872 0.061071 0.115867 0.075858
1 0.031285 0.346552 0.062591 0.118241 0.119203
1 0.032111 0.348045 0.061199 0.115243 0.047426
1 0.058399 0.332590 0.123425 0.152708 0.004070
1 0.258488 0.333317 0.095067 0.070104 0.880797
1 0.259142 0.333327 0.093302 0.070094 0.924142
1 0.258242 0.333981 0.094578 0.068787 0.924142
1 0.258917 0.333296 0.092933 0.070027 0.880797
1 0.319633 0.322293 0.045519 0.041428 0.731059
1 0.320662 0.322417 0.044445 0.040978 0.731059
1 0.319997 0.322077 0.045891 0.040479 0.817575
1 0.327860 0.319379 0.038813 0.028334 0.004070
1 0.379257 0.320557 0.041493 0.044523 0.817575
1 0.380031 0.320290 0.043035 0.043937 0.817575
1 0.380029 0.320933 0.043155 0.042650 0.731059
1 0.419572 0.316212 0.044936 0.062621 0.731059
1 0.419855 0.316491 0.045539 0.065689 0.817575
1 0.419444 0.317153 0.044796 0.064375 0.817575
1 0.422218 0.318899 0.047701 0.070829 0.010987
1 0.490320 0.346951 0.147451 0.175960 0.817575
1 0.489779 0.346924 0.148578 0.176013 0.880797
1 0.490404 0.346089 0.147389 0.173064 0.952574
1 0.559682 0.312964 0.013619 0.025006 0.004070
1 0.576419 0.317213 0.016071 0.022790 0.010987
1 0.577386 0.316561 0.014460 0.024000 0.268941
1 0.646195 0.339751 0.142391 0.121878 0.817575
1 0.646964 0.341123 0.140860 0.122746 0.880797
1 0.646170 0.341165 0.142335 0.122727 0.500000
1 0.807042 0.346221 0.135994 0.122801 0.880797
1 0.808312 0.346147 0.133539 0.122934 0.817575
1 0.809238 0.346220 0.137502 0.122800 0.029312
1 0.030392 0.345027 0.060877 0.114758 0.002473
1 0.031319 0.346977 0.062579 0.117391 0.119203
1 0.031244 0.347194 0.062496 0.118142 0.182426
1 0.031302 0.346545 0.059552 0.120180 0.047426
1 0.031664 0.346935 0.063348 0.118648 0.010987
1 0.058549 0.334632 0.120347 0.151934 0.002473
1 0.258243 0.332667 0.094562 0.068755 0.924142
1 0.258968 0.332674 0.092940 0.068763 0.924142
1 0.258240 0.333329 0.094573 0.070067 0.952574
1 0.259000 0.332217 0.093048 0.067813 0.924142
1 0.319698 0.323273 0.045668 0.043161 0.047426
1 0.320378 0.322990 0.044211 0.042291 0.047426
1 0.320618 0.322804 0.044653 0.042682 0.029312
1 0.379805 0.321882 0.040411 0.044527 0.001501
1 0.379293 0.321145 0.041570 0.045680 0.002473
1 0.379298 0.321906 0.041783 0.044474 0.004070
1 0.419171 0.318026 0.044145 0.062734 0.731059
1 0.418908 0.316196 0.043667 0.062736 0.731059
1 0.418904 0.316193 0.043700 0.062753 0.817575
1 0.491965 0.345741 0.149259 0.173543 0.924142
1 0.490974 0.345775 0.148857 0.173611 0.880797
1 0.489752 0.346933 0.148603 0.175926 0.924142
1 0.491398 0.346097 0.148011 0.173070 0.924142
1 0.647868 0.340675 0.139961 0.123660 0.924142
1 0.646965 0.340664 0.140854 0.123633 0.924142
1 0.646169 0.340657 0.142341 0.123618 0.924142
1 0.646516 0.340698 0.140002 0.123598 0.924142
1 0.807738 0.346334 0.134665 0.122742 0.924142
1 0.807703 0.346306 0.134589 0.122778 0.924142
1 0.809039 0.346292 0.135047 0.122910 0.924142
1 0.809713 0.346311 0.136423 0.122940 0.924142
1 0.032088 0.348033 0.064077 0.115290 0.047426
1 0.030528 0.347123 0.061074 0.117109 0.119203
1 0.032073 0.346930 0.061122 0.116717 0.075858
1 0.490948 0.345399 0.148903 0.174501 0.880797
1 0.490291 0.345409 0.147503 0.174524 0.924142
1 0.491043 0.346531 0.148721 0.176785 0.952574
1 0.648140 0.340268 0.140513 0.120938 0.047426
1 0.647230 0.341126 0.141409 0.122754 0.924142
1 0.646169 0.340266 0.142344 0.120925 0.952574
1 0.646884 0.341508 0.140850 0.122054 0.952574
1 0.807732 0.346267 0.134669 0.122891 0.377541
1 0.807700 0.346333 0.134595 0.122833 0.924142
1 0.809039 0.346360 0.135048 0.122780 0.924142
1 0.809204 0.346787 0.137505 0.123739 0.924142
1 0.032099 0.350140 0.061120 0.110344 0.006693
1 0.893026 0.296510 0.213924 0.245547 0.002473
2 0.893847 0.295944 0.212956 0.228179 0.010987
2 0.892068 0.293671 0.212700 0.234751 0.047426
2 0.892820 0.291839 0.214487 0.239094 0.731059
2 0.892889 0.290086 0.214234 0.243792 0.182426
2 0.892896 0.298467 0.211229 0.244611 0.047426
2 0.893584 0.295800 0.216072 0.250802 0.731059
2 0.893604 0.294744 0.212832 0.256282 0.119203
2 0.316225 0.320048 0.048605 0.044636 0.001501
2 0.320642 0.322303 0.044776 0.041675 0.119203
2 0.320651 0.321819 0.044573 0.041460 0.029312
2 0.320834 0.321744 0.044817 0.041310 0.017986
2 0.558424 0.310318 0.013966 0.024084 0.004070
2 0.319633 0.322293 0.045519 0.041428 0.047426
2 0.320662 0.322417 0.044445 0.040978 0.006693
2 0.319997 0.322077 0.045891 0.040479 0.010987
2 0.319698 0.323273 0.045668 0.043161 0.002473
2 0.320378 0.322990 0.044211 0.042291 0.001501
2 0.320618 0.322804 0.044653 0.042682 0.001501
2 0.893026 0.296510 0.213924 0.245547 0.731059
2 0.893294 0.294159 0.213545 0.250392 0.817575
2 0.893454 0.293925 0.213345 0.255715 0.851953
2 0.883012 0.293206 0.232683 0.235722 0.014064
2 0.892555 0.291787 0.214854 0.244518 0.777300
2 0.892972 0.295584 0.214101 0.252539 0.731059
2 0.893277 0.294290 0.213511 0.255185 0.731059
2 0.890628 0.291710 0.218652 0.245926 0.622459
2 0.892366 0.293022 0.215356 0.253452 0.731059
2 0.892551 0.294305 0.212052 0.256162 0.679179
3 0.170434 0.296597 0.062871 0.089039 0.002473
3 0.174872 0.295476 0.053831 0.096407 0.010987
3 0.176753 0.295138 0.049707 0.090669 0.002473
3 0.010647 0.327620 0.021345 0.122253 0.001501
3 0.035782 0.328687 0.071790 0.116715 0.004070
3 0.045013 0.328497 0.088096 0.125892 0.002473
3 0.062911 0.327169 0.126418 0.134462 0.002473
3 0.171034 0.299141 0.061900 0.105392 0.010987
3 0.174422 0.299346 0.054888 0.099411 0.017986
3 0.174882 0.296999 0.050631 0.094322 0.004070
3 0.176554 0.294040 0.050250 0.093782 0.004070
3 0.026397 0.336694 0.052881 0.112642 0.006693
3 0.035640 0.342860 0.068231 0.124707 0.004070
3 0.062100 0.328415 0.125696 0.155537 0.002473
3 0.169881 0.304920 0.063789 0.120943 0.004070
3 0.174467 0.300719 0.057102 0.111529 0.010987
3 0.175790 0.297480 0.051734 0.095201 0.002473
3 0.174982 0.294903 0.050227 0.090074 0.010987
3 0.558424 0.310318 0.013966 0.024084 0.001501
3 0.029822 0.339753 0.059787 0.115792 0.010987
3 0.032091 0.346872 0.061071 0.115867 0.622459
3 0.031285 0.346552 0.062591 0.118241 0.500000
3 0.032111 0.348045 0.061199 0.115243 0.377541
3 0.058399 0.332590 0.123425 0.152708 0.002473
3 0.176169 0.299146 0.053785 0.093373 0.002473
3 0.030392 0.345027 0.060877 0.114758 0.017986
3 0.031319 0.346977 0.062579 0.117391 0.622459
3 0.031244 0.347194 0.062496 0.118142 0.500000
3 0.031302 0.346545 0.059552 0.120180 0.268941
3 0.031664 0.346935 0.063348 0.118648 0.182426
3 0.058549 0.334632 0.120347 0.151934 0.001501
3 0.032088 0.348033 0.064077 0.115290 0.500000
3 0.030528 0.347123 0.061074 0.117109 0.268941
3 0.032073 0.346930 0.061122 0.116717 0.268941
3 0.032099 0.350140 0.061120 0.110344 0.010987
3 0.893026 0.296510 0.213924 0.245547 0.001927
3 0.890628 0.291710 0.218652 0.245926 0.001170
5 0.062100 0.328415 0.125696 0.155537 0.006693
5 0.072750 0.325402 0.109677 0.150098 0.004070
5 0.032091 0.346872 0.061071 0.115867 0.004070
5 0.032111 0.348045 0.061199 0.115243 0.001501
5 0.058399 0.332590 0.123425 0.152708 0.029312
5 0.066616 0.328094 0.114345 0.164588 0.029312
5 0.080433 0.330095 0.084489 0.156723 0.004070
5 0.031319 0.346977 0.062579 0.117391 0.006693
5 0.031244 0.347194 0.062496 0.118142 0.001501
5 0.031302 0.346545 0.059552 0.120180 0.002473
5 0.031664 0.346935 0.063348 0.118648 0.017986
5 0.058549 0.334632 0.120347 0.151934 0.075858
5 0.064495 0.329862 0.113660 0.167789 0.029312
5 0.078807 0.329895 0.090905 0.170597 0.010987
5 0.032088 0.348033 0.064077 0.115290 0.006693
5 0.030528 0.347123 0.061074 0.117109 0.002473
5 0.032073 0.346930 0.061122 0.116717 0.006693
5 0.032552 0.347982 0.065132 0.115361 0.004070
5 0.058508 0.332806 0.117341 0.151661 0.047426
5 0.074592 0.329857 0.097863 0.170115 0.010987
5 0.087893 0.366111 0.104019 0.246324 0.002473
5 0.123767 0.379379 0.156604 0.299998 0.817575
5 0.123688 0.379997 0.156340 0.295648 0.817575
5 0.122817 0.381319 0.158136 0.293444 0.817575
5 0.032099 0.350140 0.061120 0.110344 0.017986
5 0.031435 0.350340 0.059824 0.110633 0.001501
5 0.069053 0.333246 0.093341 0.149265 0.010987
5 0.083220 0.346221 0.086309 0.200591 0.001501
5 0.125471 0.379215 0.168644 0.300317 0.731059
5 0.122861 0.380251 0.158374 0.297776 0.731059
5 0.123783 0.380361 0.158604 0.297557 0.817575
5 0.122391 0.379963 0.155771 0.296157 0.817575
5 0.031227 0.355763 0.058803 0.104753 0.004070
5 0.031153 0.358752 0.059057 0.098416 0.006693
5 0.122855 0.378439 0.158373 0.299202 0.731059
5 0.122873 0.378781 0.158337 0.299267 0.731059
5 0.122276 0.379310 0.155999 0.299383 0.817575
5 0.122319 0.379546 0.161601 0.300926 0.004070
