0 0.993723 0.341944 0.012775 0.140769 0.002473
0 0.004833 0.344713 0.009695 0.064716 0.001501
0 0.041750 0.339183 0.008652 0.050890 0.001501
0 0.992957 0.361938 0.014163 0.116600 0.004070
0 0.004857 0.352293 0.009732 0.047408 0.002473
0 0.041370 0.346638 0.007753 0.035186 0.004070
0 0.004831 0.356136 0.009695 0.039395 0.001501
1 0.173774 0.308324 0.057656 0.123350 0.001501
1 0.356239 0.320746 0.045521 0.038580 0.017986
1 0.355700 0.320750 0.044465 0.038575 0.029312
1 0.356126 0.319859 0.045771 0.036846 0.029312
1 0.383697 0.313365 0.026622 0.030261 0.075858
1 0.383903 0.313384 0.024284 0.030237 0.075858
1 0.420161 0.316499 0.046117 0.065712 0.731059
1 0.420139 0.316500 0.046077 0.065665 0.817575
1 0.419842 0.315628 0.045595 0.063836 0.817575
1 0.182830 0.309804 0.073368 0.120087 0.001501
1 0.197560 0.340711 0.049103 0.058857 0.075858
1 0.202886 0.344310 0.041134 0.048055 0.377541
1 0.202929 0.344309 0.038412 0.051518 0.268941
1 0.243623 0.318104 0.023060 0.020920 0.004070
1 0.355842 0.321944 0.046308 0.038693 0.880797
1 0.355699 0.321455 0.044431 0.037064 0.880797
1 0.356190 0.321452 0.045574 0.037069 0.817575
1 0.383377 0.312522 0.025207 0.032039 0.075858
1 0.383909 0.313455 0.024279 0.030170 0.182426
1 0.419582 0.316219 0.044954 0.062631 0.731059
1 0.419973 0.315593 0.045754 0.063894 0.880797
1 0.419851 0.316490 0.045565 0.065685 0.817575
1 0.422963 0.317401 0.046162 0.068555 0.017986
1 0.490324 0.346995 0.147461 0.175871 0.817575
1 0.489771 0.346951 0.148559 0.175959 0.817575
1 0.491066 0.347241 0.148883 0.175203 0.924142
1 0.723624 0.332082 0.061653 0.048879 0.622459
1 0.723467 0.332207 0.061165 0.049054 0.817575
1 0.722891 0.331303 0.060082 0.050855 0.817575
1 0.723439 0.330924 0.061112 0.046508 0.880797
1 0.722894 0.330024 0.060029 0.048317 0.817575
1 0.992957 0.361938 0.014163 0.116600 0.010987
1 0.188702 0.329702 0.066530 0.080823 0.119203
1 0.202519 0.346478 0.041880 0.047417 0.622459
1 0.201911 0.345090 0.040372 0.046483 0.622459
1 0.202140 0.344754 0.039980 0.047258 0.731059
1 0.420831 0.317105 0.044751 0.064571 0.731059
1 0.419582 0.315537 0.044985 0.064058 0.817575
1 0.419566 0.315575 0.045023 0.063988 0.880797
1 0.491394 0.345820 0.148117 0.173522 0.924142
1 0.490278 0.347229 0.147524 0.175333 0.880797
1 0.490293 0.347236 0.147521 0.175344 0.924142
1 0.491006 0.345844 0.148815 0.173578 0.924142
1 0.723499 0.332195 0.061404 0.049290 0.622459
1 0.722908 0.332044 0.060112 0.044278 0.880797
1 0.722626 0.330918 0.060675 0.046527 0.880797
1 0.722892 0.332196 0.060082 0.049082 0.880797
1 0.723073 0.332187 0.059675 0.049100 0.880797
1 0.842298 0.356286 0.090404 0.065836 0.924142
1 0.842988 0.357704 0.089061 0.066616 0.924142
1 0.842201 0.357700 0.087511 0.066628 0.880797
1 0.992290 0.369135 0.015465 0.095382 0.500000
1 0.004831 0.356136 0.009695 0.039395 0.002473
1 0.191055 0.343921 0.061451 0.057560 0.010987
1 0.201751 0.345948 0.043406 0.044970 0.731059
1 0.202314 0.346547 0.042297 0.047320 0.377541
1 0.201865 0.346074 0.040541 0.048308 0.622459
1 0.490948 0.345860 0.148903 0.173616 0.880797
1 0.490976 0.345861 0.148872 0.173620 0.924142
1 0.491397 0.346532 0.148014 0.176784 0.952574
1 0.842302 0.356296 0.090396 0.065820 0.880797
1 0.843748 0.356483 0.087507 0.065438 0.880797
1 0.842209 0.356447 0.087519 0.065549 0.952574
1 0.842961 0.356436 0.089058 0.065528 0.880797
1 0.991770 0.373788 0.016505 0.086220 0.622459
1 0.842211 0.356372 0.087470 0.065707 0.924142
1 0.842995 0.356260 0.089069 0.065933 0.880797
1 0.842971 0.356380 0.089095 0.065722 0.924142
1 0.992306 0.374978 0.015428 0.084024 0.622459
1 0.991759 0.374374 0.016522 0.086200 0.500000
1 0.992323 0.381156 0.015495 0.112981 0.029312
2 0.597800 0.304011 0.042609 0.048848 0.010987
2 0.598408 0.305482 0.040973 0.050516 0.075858
2 0.597852 0.305471 0.042540 0.050433 0.047426
2 0.127689 0.302362 0.068914 0.145219 0.001501
2 0.383697 0.313365 0.026622 0.030261 0.047426
2 0.383903 0.313384 0.024284 0.030237 0.075858
2 0.597639 0.305967 0.042227 0.045105 0.817575
2 0.598510 0.307134 0.041218 0.047305 0.817575
2 0.598435 0.307203 0.041092 0.047134 0.817575
2 0.598126 0.305452 0.043159 0.046100 0.377541
2 0.664520 0.315296 0.054063 0.052409 0.731059
2 0.664525 0.316569 0.054046 0.049855 0.817575
2 0.664519 0.315252 0.054052 0.052314 0.817575
2 0.664510 0.315257 0.054027 0.052302 0.880797
2 0.383377 0.312522 0.025207 0.032039 0.017986
2 0.383909 0.313455 0.024279 0.030170 0.047426
2 0.597750 0.306612 0.042467 0.048373 0.880797
2 0.597759 0.307078 0.042443 0.047440 0.880797
2 0.597717 0.305944 0.042362 0.045175 0.817575
2 0.597917 0.306315 0.042868 0.049002 0.377541
2 0.632050 0.320049 0.011325 0.017267 0.001501
2 0.664539 0.315212 0.054142 0.052412 0.817575
2 0.664920 0.316513 0.054844 0.049807 0.817575
2 0.664504 0.316468 0.054022 0.049715 0.880797
2 0.665296 0.316938 0.052520 0.050651 0.924142
2 0.723624 0.332082 0.061653 0.048879 0.002473
2 0.723499 0.332195 0.061404 0.049290 0.002473
2 0.281681 0.975440 0.085618 0.049274 0.001501
3 0.173000 0.302619 0.055115 0.100951 0.002473
3 0.174724 0.300315 0.050999 0.100928 0.029312
3 0.174857 0.301710 0.050391 0.103717 0.029312
3 0.176004 0.299848 0.048707 0.100174 0.010987
3 0.174129 0.307082 0.055553 0.115376 0.029312
3 0.175715 0.307151 0.052149 0.114740 0.119203
3 0.174389 0.306579 0.052407 0.113418 0.075858
3 0.175886 0.306375 0.052269 0.113195 0.075858
3 0.173774 0.308324 0.057656 0.123350 0.047426
3 0.175438 0.307151 0.054735 0.119850 0.119203
3 0.176956 0.307062 0.057591 0.119463 0.075858
3 0.177158 0.308567 0.058062 0.117303 0.075858
3 0.383697 0.313365 0.026622 0.030261 0.268941
3 0.383903 0.313384 0.024284 0.030237 0.182426
3 0.163082 0.330163 0.083439 0.175747 0.004070
3 0.176782 0.306575 0.063160 0.124564 0.029312
3 0.182830 0.309804 0.073368 0.120087 0.029312
3 0.243623 0.318104 0.023060 0.020920 0.001501
3 0.383377 0.312522 0.025207 0.032039 0.268941
3 0.383909 0.313455 0.024279 0.030170 0.268941
3 0.992290 0.369135 0.015465 0.095382 0.001501
3 0.991770 0.373788 0.016505 0.086220 0.001501
3 0.992306 0.374978 0.015428 0.084024 0.002473
3 0.991759 0.374374 0.016522 0.086200 0.002473
4 0.004857 0.352293 0.009732 0.047408 0.001501
4 0.004831 0.356136 0.009695 0.039395 0.010987
5 0.004833 0.344713 0.009695 0.064716 0.001501
5 0.163082 0.330163 0.083439 0.175747 0.002473
5 0.992957 0.361938 0.014163 0.116600 0.006693
5 0.004857 0.352293 0.009732 0.047408 0.004070
5 0.992290 0.369135 0.015465 0.095382 0.006693
5 0.004831 0.356136 0.009695 0.039395 0.006693
5 0.123413 0.379510 0.162991 0.301755 0.817575
5 0.122691 0.379154 0.163630 0.300462 0.817575
5 0.122595 0.380149 0.162745 0.296606 0.500000
5 0.991770 0.373788 0.016505 0.086220 0.001501
5 0.124920 0.378755 0.164166 0.301246 0.817575
5 0.122805 0.377826 0.162051 0.303103 0.880797
5 0.121899 0.379160 0.162655 0.300429 0.817575
5 0.121655 0.380125 0.159353 0.296575 0.817575
5 0.124771 0.376234 0.164314 0.306268 0.010987
5 0.122727 0.377399 0.162133 0.303949 0.817575
5 0.121794 0.377842 0.162444 0.303068 0.817575
5 0.121252 0.380015 0.158925 0.296801 0.817575
5 0.124541 0.378296 0.163160 0.303429 0.014064
