0 0.931219 0.339392 0.009510 0.060531 0.001501
1 0.420247 0.317147 0.046280 0.064394 0.817575
1 0.420820 0.315616 0.044716 0.063843 0.731059
1 0.419297 0.316531 0.046684 0.065627 0.817575
1 0.030465 0.347988 0.060926 0.123023 0.622459
1 0.029702 0.347792 0.062538 0.122666 0.002473
1 0.047565 0.352254 0.030039 0.077442 0.002473
1 0.049165 0.333685 0.026827 0.026730 0.002473
1 0.243397 0.318119 0.025807 0.020950 0.006693
1 0.244323 0.320343 0.028540 0.021311 0.002473
1 0.324992 0.324967 0.046946 0.034582 0.880797
1 0.325677 0.324969 0.045568 0.034578 0.817575
1 0.325000 0.324515 0.046922 0.033678 0.731059
1 0.325692 0.324950 0.045574 0.034552 0.817575
1 0.419979 0.317151 0.045744 0.064372 0.817575
1 0.420812 0.316511 0.044712 0.065663 0.817575
1 0.419972 0.316485 0.045789 0.065674 0.817575
1 0.422226 0.316285 0.047635 0.066326 0.029312
1 0.491042 0.346951 0.148720 0.175959 0.817575
1 0.489780 0.346951 0.148575 0.175960 0.880797
1 0.491112 0.346945 0.148805 0.175795 0.924142
1 0.722609 0.329537 0.060995 0.048488 0.119203
1 0.722636 0.332060 0.060655 0.044243 0.731059
1 0.723161 0.330929 0.061708 0.046513 0.817575
1 0.723421 0.330924 0.061141 0.046509 0.817575
1 0.722623 0.330926 0.060571 0.046513 0.817575
1 0.030456 0.349093 0.060958 0.121044 0.817575
1 0.031244 0.349377 0.059419 0.120945 0.817575
1 0.030475 0.349329 0.060983 0.121075 0.817575
1 0.031276 0.351230 0.062452 0.113848 0.047426
1 0.048900 0.360113 0.028420 0.080936 0.004070
1 0.325764 0.325836 0.048497 0.036403 0.001501
1 0.420147 0.316198 0.046110 0.062764 0.817575
1 0.420664 0.315581 0.044424 0.063971 0.817575
1 0.420823 0.316482 0.044821 0.065798 0.880797
1 0.491964 0.346082 0.149258 0.172862 0.924142
1 0.490691 0.346072 0.146703 0.173019 0.924142
1 0.490319 0.347230 0.147469 0.175331 0.924142
1 0.490369 0.346122 0.147371 0.172950 0.924142
1 0.723465 0.332130 0.061333 0.049409 0.622459
1 0.723176 0.333317 0.061735 0.046825 0.880797
1 0.722611 0.330917 0.060645 0.046527 0.817575
1 0.723433 0.330919 0.061165 0.046527 0.880797
1 0.722884 0.332186 0.060075 0.049101 0.880797
1 0.861907 0.360582 0.093003 0.070502 0.880797
1 0.862083 0.361857 0.091193 0.073070 0.880797
1 0.862065 0.361244 0.091128 0.069201 0.880797
1 0.030487 0.349289 0.060999 0.121327 0.817575
1 0.030460 0.348136 0.060888 0.123149 0.817575
1 0.030446 0.349270 0.060947 0.120890 0.880797
1 0.031162 0.351261 0.059615 0.113823 0.731059
1 0.490954 0.345860 0.148914 0.173616 0.880797
1 0.490295 0.345861 0.147510 0.173620 0.924142
1 0.490767 0.346983 0.146576 0.175881 0.952574
1 0.861508 0.359270 0.092206 0.068033 0.880797
1 0.862478 0.360578 0.091965 0.070529 0.880797
1 0.861941 0.361210 0.093042 0.069265 0.924142
1 0.862055 0.360558 0.091131 0.070609 0.880797
1 0.030442 0.350451 0.060935 0.118300 0.006693
1 0.031223 0.348717 0.062422 0.119467 0.880797
1 0.031225 0.350521 0.062489 0.118116 0.622459
1 0.861917 0.360575 0.092982 0.070538 0.880797
1 0.862476 0.360555 0.091889 0.070595 0.924142
1 0.861956 0.360561 0.093028 0.070625 0.924142
2 0.626830 0.308450 0.065450 0.059424 0.182426
2 0.626332 0.308440 0.064290 0.059444 0.268941
2 0.626740 0.309693 0.065249 0.057096 0.731059
2 0.626203 0.309375 0.064628 0.057617 0.817575
2 0.626398 0.309067 0.064134 0.058235 0.817575
2 0.626211 0.309078 0.064476 0.058186 0.817575
2 0.626534 0.309629 0.064823 0.057199 0.377541
2 0.675912 0.315247 0.036422 0.052324 0.817575
2 0.676154 0.314593 0.035652 0.050988 0.817575
2 0.675923 0.316464 0.037598 0.049909 0.182426
2 0.599355 0.309872 0.011953 0.042178 0.002473
2 0.626921 0.309531 0.064898 0.057374 0.817575
2 0.626754 0.309515 0.065559 0.057313 0.817575
2 0.626398 0.309394 0.064128 0.057543 0.817575
2 0.627001 0.309094 0.065056 0.058138 0.817575
2 0.626962 0.310050 0.064078 0.056318 0.622459
2 0.675813 0.316425 0.036334 0.049802 0.817575
2 0.676378 0.316500 0.035928 0.049717 0.817575
2 0.722609 0.329537 0.060995 0.048488 0.017986
3 0.175179 0.295130 0.049858 0.085555 0.006693
3 0.175186 0.294650 0.049698 0.084594 0.004070
3 0.173765 0.299580 0.053135 0.100178 0.002473
3 0.175527 0.298874 0.052258 0.092985 0.029312
3 0.175724 0.295408 0.051708 0.085857 0.006693
3 0.175819 0.294767 0.048476 0.080117 0.002473
3 0.173875 0.309492 0.053238 0.119915 0.001501
3 0.175505 0.300712 0.052202 0.101587 0.010987
3 0.174929 0.294533 0.050260 0.089008 0.004070
3 0.175803 0.295026 0.048475 0.084751 0.006693
3 0.174821 0.298410 0.050500 0.090184 0.001501
5 0.096040 0.339421 0.109512 0.210267 0.001501
5 0.125056 0.379102 0.162765 0.300566 0.817575
5 0.124802 0.379831 0.163278 0.295980 0.817575
5 0.122410 0.381269 0.159024 0.293090 0.880797
5 0.125465 0.379157 0.163475 0.300432 0.622459
5 0.125176 0.379140 0.163583 0.300000 0.880797
5 0.123163 0.380018 0.160683 0.296049 0.817575
5 0.123168 0.380862 0.160447 0.291346 0.731059
5 0.124523 0.378776 0.162298 0.301188 0.731059
5 0.124958 0.377840 0.163146 0.303077 0.731059
5 0.123113 0.378793 0.158736 0.299276 0.817575
5 0.123081 0.378911 0.160192 0.302201 0.047426
