0 0.366768 0.306857 0.008550 0.025387 0.001501
0 0.618211 0.320186 0.005715 0.021397 0.001501
0 0.740232 0.323896 0.008965 0.032629 0.004070
1 0.482751 0.316924 0.009761 0.014006 0.010987
1 0.495731 0.316918 0.008551 0.013985 0.377541
1 0.544620 0.317674 0.014274 0.015484 0.268941
1 0.548248 0.317212 0.017213 0.014604 0.029312
1 0.584309 0.317140 0.012939 0.019242 0.010987
1 0.593754 0.318337 0.015831 0.016807 0.182426
1 0.601609 0.321807 0.013959 0.013647 0.001501
1 0.646193 0.316294 0.020548 0.020873 0.622459
1 0.667373 0.319278 0.033801 0.023246 0.029312
1 0.673845 0.321794 0.035669 0.028251 0.731059
1 0.673932 0.320515 0.035831 0.025693 0.731059
1 0.698867 0.321643 0.023741 0.023482 0.047426
1 0.703037 0.321649 0.027863 0.023456 0.047426
1 0.710679 0.321670 0.026195 0.023496 0.029312
1 0.733850 0.322909 0.016488 0.030699 0.004070
1 0.789291 0.330014 0.059381 0.048317 0.817575
1 0.789248 0.329358 0.059290 0.049640 0.817575
1 0.788698 0.329357 0.060392 0.049635 0.880797
1 0.789284 0.329359 0.059398 0.049630 0.880797
1 0.789479 0.329301 0.059778 0.049849 0.182426
1 0.789287 0.329329 0.059388 0.049696 0.880797
1 0.788703 0.329344 0.060380 0.049659 0.880797
1 0.789168 0.329347 0.059169 0.049667 0.880797
1 0.789171 0.328071 0.059171 0.047112 0.924142
1 0.789475 0.329280 0.059764 0.049886 0.268941
2 0.495181 0.312833 0.009687 0.024783 0.001501
2 0.495731 0.316918 0.008551 0.013985 0.010987
3 0.495181 0.312833 0.009687 0.024783 0.002473
3 0.583441 0.313656 0.014368 0.025177 0.001501
3 0.495731 0.316918 0.008551 0.013985 0.075858
3 0.593754 0.318337 0.015831 0.016807 0.002473
3 0.646193 0.316294 0.020548 0.020873 0.004070
4 0.733850 0.322909 0.016488 0.030699 0.004070
4 0.740232 0.323896 0.008965 0.032629 0.002473
5 0.740232 0.323896 0.008965 0.032629 0.004070
